XAO,19910102,1279.599976,1286.199951,1279.599976,1285.699951,0
XAO,19910103,1284.800049,1284.800049,1273,1273,0
XAO,19910104,1264.699951,1264.800049,1241.5,1241.5,0
XAO,19910107,1242,1248.5,1239.5,1239.5,0
XAO,19910108,1239.300049,1239.300049,1231,1236.900024,0
XAO,19910109,1236.400024,1242,1229.300049,1232.5,0
XAO,19910110,1225.800049,1234.300049,1222.699951,1233.699951,0
XAO,19910111,1237.099976,1244.300049,1237.099976,1243.800049,0
XAO,19910114,1241.699951,1241.699951,1227.599976,1231.300049,0
XAO,19910115,1230.099976,1230.099976,1219.400024,1219.400024,0
XAO,19910116,1219.5,1222.199951,1204.300049,1204.5,0
XAO,19910117,1205,1237.5,1199.599976,1237.5,0
XAO,19910118,1238.300049,1267.5,1238.300049,1266.5,0
XAO,19910121,1259.5,1271.300049,1253.699951,1269.800049,0
XAO,19910122,1266.800049,1275.099976,1262.199951,1270.099976,0
XAO,19910123,1268.199951,1269,1263.5,1263.800049,0
XAO,19910124,1265.300049,1268.800049,1261,1268.599976,0
XAO,19910125,1269.5,1296.199951,1269.5,1295.599976,0
XAO,19910129,1295.800049,1309.099976,1295.699951,1304.099976,0
XAO,19910130,1302.599976,1316.400024,1301.800049,1314,0
XAO,19910131,1332.900024,1343.199951,1319.300049,1321.5,0
XAO,19910201,1319.599976,1319.599976,1301.599976,1302.5,0
XAO,19910204,1303.099976,1320.199951,1300.099976,1319.400024,0
XAO,19910205,1330.599976,1355,1330.599976,1354.400024,0
XAO,19910206,1354.800049,1364.699951,1347.800049,1348.599976,0
XAO,19910207,1347.800049,1354.699951,1344.099976,1344.400024,0
XAO,19910208,1340.5,1344.900024,1338.199951,1340.400024,0
XAO,19910211,1342.199951,1367.5,1341.300049,1365.400024,0
XAO,19910212,1368.400024,1398.699951,1368.400024,1384.900024,0
XAO,19910213,1378.699951,1390.099976,1375.599976,1378.199951,0
XAO,19910214,1380.300049,1381.099976,1367.5,1372.099976,0
XAO,19910215,1371.800049,1378.099976,1361.599976,1376.599976,0
XAO,19910218,1383.599976,1401.099976,1383.300049,1399.300049,0
XAO,19910219,1400.199951,1404.400024,1391.699951,1398.599976,0
XAO,19910220,1395.199951,1395.199951,1371.800049,1372.199951,0
XAO,19910221,1364.5,1367.699951,1355.599976,1367.699951,0
XAO,19910222,1367.199951,1387.300049,1366.800049,1387.300049,0
XAO,19910225,1389.699951,1415.300049,1389.699951,1412.5,0
XAO,19910226,1412.900024,1413.5,1397.099976,1413.5,0
XAO,19910227,1403.800049,1403.800049,1387.800049,1390.199951,0
XAO,19910228,1394.800049,1405.599976,1394.800049,1405.599976,0
XAO,19910301,1395.900024,1397.900024,1390.300049,1395.199951,0
XAO,19910304,1395.5,1395.5,1384.099976,1387.199951,0
XAO,19910305,1384.5,1384.5,1372.199951,1375,0
XAO,19910306,1383,1414.400024,1383,1413.400024,0
XAO,19910307,1414.300049,1423.400024,1410.599976,1411.5,0
XAO,19910308,1409.800049,1417.099976,1409.800049,1415.199951,0
XAO,19910311,1414.800049,1427.199951,1414.699951,1423.900024,0
XAO,19910312,1423.5,1434.699951,1421.900024,1429.400024,0
XAO,19910313,1423.900024,1433.400024,1420.400024,1432.199951,0
XAO,19910314,1433.400024,1443.400024,1433.400024,1435.900024,0
XAO,19910315,1437.900024,1445.699951,1432.199951,1445.699951,0
XAO,19910318,1448.099976,1461.400024,1447.900024,1456.800049,0
XAO,19910319,1457.800049,1459.099976,1453.699951,1456.5,0
XAO,19910320,1454.400024,1454.400024,1428.599976,1429.300049,0
XAO,19910321,1430,1436.099976,1421.900024,1424.599976,0
XAO,19910322,1423.5,1427.5,1422.300049,1427.5,0
XAO,19910325,1425.5,1429.699951,1413.199951,1425.599976,0
XAO,19910326,1432.400024,1447.199951,1432.400024,1437.199951,0
XAO,19910327,1443.900024,1447.599976,1435.400024,1437.099976,0
XAO,19910328,1437,1444.099976,1431.099976,1444.099976,0
XAO,19910402,1438.099976,1438.099976,1430.599976,1434.800049,0
XAO,19910403,1435.599976,1457.099976,1435.599976,1457,0
XAO,19910404,1457.599976,1462.099976,1456,1459.800049,0
XAO,19910405,1457.699951,1459.699951,1453.199951,1456.5,0
XAO,19910408,1455.199951,1455.199951,1442,1444.599976,0
XAO,19910409,1445.699951,1450.699951,1445,1449.099976,0
XAO,19910410,1445.099976,1445.099976,1439.699951,1442,0
XAO,19910411,1443.400024,1456.599976,1443.400024,1454.300049,0
XAO,19910412,1459.5,1462.199951,1455,1455.800049,0
XAO,19910415,1457.599976,1463.400024,1454.5,1462.699951,0
XAO,19910416,1463.300049,1474.699951,1461.800049,1471.699951,0
XAO,19910417,1471.800049,1495.800049,1471.800049,1490.599976,0
XAO,19910418,1504.300049,1513.400024,1504.300049,1513.099976,0
XAO,19910419,1513.900024,1526.199951,1513.699951,1520.400024,0
XAO,19910422,1517.900024,1517.900024,1504.300049,1512.900024,0
XAO,19910423,1508.5,1515.099976,1505.400024,1510.5,0
XAO,19910424,1512.900024,1518.699951,1512.199951,1518.5,0
XAO,19910426,1518.400024,1538.699951,1518.400024,1537.800049,0
XAO,19910429,1535.199951,1562.199951,1533.5,1558.300049,0
XAO,19910430,1557.800049,1557.800049,1528.599976,1534.199951,0
XAO,19910501,1534.599976,1538,1521.699951,1532.400024,0
XAO,19910502,1537.5,1537.699951,1519.599976,1519.900024,0
XAO,19910503,1520.400024,1522.599976,1513.900024,1517.800049,0
XAO,19910506,1520.199951,1525.800049,1518.199951,1522.400024,0
XAO,19910507,1524.900024,1538.099976,1522.400024,1537.800049,0
XAO,19910508,1537.199951,1547.400024,1537.199951,1545.699951,0
XAO,19910509,1545.800049,1555.400024,1543.199951,1546.300049,0
XAO,19910510,1553.400024,1555,1546.800049,1548.300049,0
XAO,19910513,1529.800049,1532,1517.800049,1523.099976,0
XAO,19910514,1522.5,1524,1518,1518.900024,0
XAO,19910515,1507.900024,1519.199951,1503.599976,1519.199951,0
XAO,19910516,1529.099976,1545.300049,1529.099976,1540.300049,0
XAO,19910517,1543.400024,1544,1529.699951,1531.699951,0
XAO,19910520,1529.800049,1533.5,1526,1531.599976,0
XAO,19910521,1533.699951,1538.400024,1529.199951,1536.099976,0
XAO,19910522,1540.099976,1551.300049,1539.099976,1541.400024,0
XAO,19910523,1540.400024,1540.400024,1529.699951,1532,0
XAO,19910524,1530.800049,1541,1528.800049,1536.800049,0
XAO,19910527,1537.199951,1540.199951,1534.900024,1535.099976,0
XAO,19910528,1535,1535,1518.199951,1518.199951,0
XAO,19910529,1518.699951,1519.400024,1496.699951,1504.400024,0
XAO,19910530,1503.599976,1505.900024,1498.599976,1500.5,0
XAO,19910531,1498.400024,1510.099976,1497.199951,1510,0
XAO,19910603,1510.900024,1524.099976,1510.900024,1523.900024,0
XAO,19910604,1524,1524,1509.199951,1509.199951,0
XAO,19910605,1509.099976,1509.099976,1495.699951,1501.900024,0
XAO,19910606,1500.199951,1500.199951,1492.800049,1495.300049,0
XAO,19910607,1494.099976,1494.099976,1475.5,1478,0
XAO,19910611,1480.300049,1486,1480.300049,1486,0
XAO,19910612,1488.300049,1501.800049,1488.300049,1500,0
XAO,19910613,1505.400024,1511.900024,1489.900024,1493.300049,0
XAO,19910614,1493.300049,1508.900024,1493.300049,1506.800049,0
XAO,19910617,1512.199951,1524.400024,1512.199951,1523.300049,0
XAO,19910618,1523,1533.699951,1521.099976,1523.099976,0
XAO,19910619,1523,1523,1517.699951,1519,0
XAO,19910620,1515,1515,1500.800049,1503.400024,0
XAO,19910621,1506.599976,1512.099976,1506.599976,1512.099976,0
XAO,19910624,1511.5,1512.199951,1501.900024,1503.199951,0
XAO,19910625,1502.5,1502.5,1483.900024,1499.800049,0
XAO,19910626,1501.900024,1510.300049,1501.800049,1506.900024,0
XAO,19910627,1507,1507,1500.699951,1500.800049,0
XAO,19910628,1500.5,1507.699951,1500.5,1506.199951,0
XAO,19910701,1496.699951,1522.5,1495.300049,1522,0
XAO,19910702,1538.699951,1547.5,1537.400024,1543.199951,0
XAO,19910703,1535.800049,1538.5,1526.599976,1528.699951,0
XAO,19910704,1520.300049,1525.5,1516.800049,1523.900024,0
XAO,19910705,1526.900024,1536.199951,1526.900024,1536.099976,0
XAO,19910708,1536.5,1536.900024,1525.5,1525.699951,0
XAO,19910709,1530.099976,1538.800049,1527,1538.800049,0
XAO,19910710,1536.5,1545.699951,1533.599976,1542.800049,0
XAO,19910711,1541.199951,1541.199951,1529.400024,1534.199951,0
XAO,19910712,1532.5,1534.099976,1527.099976,1531.900024,0
XAO,19910715,1536.099976,1539.199951,1534.099976,1539.199951,0
XAO,19910716,1540.199951,1541.599976,1536.699951,1541.199951,0
XAO,19910717,1540.199951,1543.199951,1539.099976,1542.199951,0
XAO,19910718,1537.099976,1540.699951,1535.699951,1540.699951,0
XAO,19910719,1544.599976,1550.5,1543.699951,1550.5,0
XAO,19910722,1553.599976,1570.699951,1553.599976,1570.300049,0
XAO,19910723,1570,1574.099976,1567.099976,1570.599976,0
XAO,19910724,1568.800049,1574.5,1566.300049,1572.599976,0
XAO,19910725,1572.900024,1572.900024,1558.599976,1559,0
XAO,19910726,1560.099976,1564.800049,1557.5,1563.099976,0
XAO,19910729,1565,1571,1564.599976,1567.5,0
XAO,19910730,1568.199951,1574.900024,1566.199951,1574.199951,0
XAO,19910731,1577.400024,1577.599976,1566.599976,1572.400024,0
XAO,19910801,1570.699951,1578.300049,1569.5,1577.699951,0
XAO,19910802,1577,1584.699951,1576.099976,1582.900024,0
XAO,19910805,1578,1578,1573.300049,1574.900024,0
XAO,19910806,1571.099976,1579.5,1567.400024,1579.300049,0
XAO,19910807,1583.199951,1596.199951,1583.199951,1591.300049,0
XAO,19910808,1594.400024,1598.400024,1588.5,1588.599976,0
XAO,19910809,1585.699951,1586.400024,1582.5,1584.099976,0
XAO,19910812,1580,1580.199951,1564.5,1565.699951,0
XAO,19910813,1565.599976,1565.599976,1550,1553.900024,0
XAO,19910814,1554.599976,1558.400024,1550.699951,1552.099976,0
XAO,19910815,1554.5,1561.5,1554.099976,1557,0
XAO,19910816,1555.800049,1567.400024,1555.300049,1566.900024,0
XAO,19910819,1564.300049,1571.199951,1497.5,1502.099976,0
XAO,19910820,1520.900024,1530,1513.199951,1524.400024,0
XAO,19910821,1524.400024,1539.300049,1523.300049,1535.900024,0
XAO,19910822,1559.699951,1562.199951,1551.400024,1552,0
XAO,19910823,1548.099976,1548.099976,1538.5,1540.800049,0
XAO,19910826,1542.800049,1543,1530.699951,1533.099976,0
XAO,19910827,1530.699951,1541.5,1530.400024,1540.099976,0
XAO,19910828,1537,1542.199951,1534.300049,1541.199951,0
XAO,19910829,1546.099976,1546.099976,1537.5,1540.5,0
XAO,19910830,1533.599976,1542.400024,1530,1540.400024,0
XAO,19910902,1539.300049,1539.599976,1534.5,1538.900024,0
XAO,19910903,1554.5,1569.900024,1554.5,1568.400024,0
XAO,19910904,1569.400024,1571.800049,1565,1567.900024,0
XAO,19910905,1564.900024,1578.300049,1564.900024,1571.699951,0
XAO,19910906,1568,1572.599976,1567.199951,1572.099976,0
XAO,19910909,1569.800049,1569.800049,1562,1564.5,0
XAO,19910910,1560.800049,1560.800049,1555.099976,1558.099976,0
XAO,19910911,1551.699951,1561,1550.199951,1561,0
XAO,19910912,1561.699951,1569.099976,1561.300049,1569.099976,0
XAO,19910913,1572.599976,1572.599976,1567.400024,1567.800049,0
XAO,19910916,1564.199951,1564.199951,1556.099976,1557.099976,0
XAO,19910917,1556.800049,1562.199951,1555.400024,1555.800049,0
XAO,19910918,1554.900024,1557.599976,1552,1553,0
XAO,19910919,1555,1559.099976,1553.800049,1557.699951,0
XAO,19910920,1562.300049,1566.400024,1561.300049,1562.599976,0
XAO,19910923,1562.599976,1566.199951,1561.599976,1562.900024,0
XAO,19910924,1562.900024,1562.900024,1552,1555.400024,0
XAO,19910925,1555.400024,1562,1548.800049,1562,0
XAO,19910926,1562,1568.699951,1560.699951,1568.400024,0
XAO,19910927,1568.400024,1568.400024,1554.199951,1558.800049,0
XAO,19910930,1558.800049,1564.400024,1555.099976,1562.099976,0
XAO,19911001,1562.099976,1586.5,1562.099976,1586.400024,0
XAO,19911002,1586.400024,1588.099976,1581.099976,1581.800049,0
XAO,19911003,1581.800049,1585,1575.800049,1585,0
XAO,19911004,1585,1590.5,1582,1587,0
XAO,19911007,1584.900024,1585.300049,1579.199951,1579.199951,0
XAO,19911008,1579.199951,1579.199951,1565.5,1567,0
XAO,19911009,1567,1571.599976,1565.400024,1571.199951,0
XAO,19911010,1571.199951,1571.199951,1554.300049,1556.099976,0
XAO,19911011,1556.099976,1558.199951,1551.800049,1555.300049,0
XAO,19911014,1555.300049,1565,1550.800049,1563.800049,0
XAO,19911015,1563.800049,1586.800049,1563.800049,1586.5,0
XAO,19911016,1586.5,1592.5,1586.5,1591.400024,0
XAO,19911017,1591.400024,1616.599976,1591.400024,1612.5,0
XAO,19911018,1612.5,1618.800049,1608.5,1617.599976,0
XAO,19911021,1617.599976,1639.5,1617.599976,1633.099976,0
XAO,19911022,1633.099976,1644.599976,1629,1643.699951,0
XAO,19911023,1643.699951,1643.699951,1633,1637.5,0
XAO,19911024,1637.5,1651,1637.5,1645.300049,0
XAO,19911025,1645.300049,1647.300049,1639.300049,1641.599976,0
XAO,19911028,1641.599976,1644.199951,1638.699951,1642.800049,0
XAO,19911029,1647.599976,1653.300049,1647.599976,1651.699951,0
XAO,19911030,1651.5,1665.199951,1651.5,1663.699951,0
XAO,19911031,1663.699951,1683.400024,1663.699951,1683,0
XAO,19911101,1683,1697.199951,1682,1684.099976,0
XAO,19911104,1684.099976,1684.099976,1675.800049,1681.699951,0
XAO,19911105,1681.699951,1693.699951,1681.400024,1692.699951,0
XAO,19911106,1692.699951,1692.699951,1675.199951,1679,0
XAO,19911107,1679,1683.5,1674.800049,1683.5,0
XAO,19911108,1683.5,1696.400024,1683.5,1696.300049,0
XAO,19911111,1696.300049,1697.699951,1689.199951,1693.400024,0
XAO,19911112,1693.400024,1693.400024,1676.099976,1677,0
XAO,19911113,1677,1679.199951,1667.599976,1669,0
XAO,19911114,1669,1676,1659.900024,1670.5,0
XAO,19911115,1670.5,1678.800049,1670.5,1676.900024,0
XAO,19911118,1676.900024,1676.900024,1628.599976,1646.5,0
XAO,19911119,1646.5,1665.199951,1646.5,1656.800049,0
XAO,19911120,1656.800049,1656.800049,1628.099976,1632.699951,0
XAO,19911121,1632.699951,1653.300049,1632.699951,1646.5,0
XAO,19911122,1646.5,1653.400024,1639.699951,1642.900024,0
XAO,19911125,1642.900024,1642.900024,1615.599976,1616.199951,0
XAO,19911126,1615,1623.300049,1610.699951,1620.199951,0
XAO,19911127,1620.199951,1628.900024,1618.099976,1618.5,0
XAO,19911128,1618.5,1618.5,1601.199951,1604.699951,0
XAO,19911129,1604.699951,1605.699951,1597,1605.699951,0
XAO,19911202,1605.699951,1605.699951,1588.599976,1591.099976,0
XAO,19911203,1591.099976,1608.199951,1591.099976,1607.900024,0
XAO,19911204,1607.900024,1614.800049,1607.900024,1614.800049,0
XAO,19911205,1614.800049,1616.300049,1606.800049,1608.199951,0
XAO,19911206,1608.199951,1608.199951,1581.800049,1583.800049,0
XAO,19911209,1583.800049,1583.800049,1574.599976,1580.800049,0
XAO,19911210,1580.800049,1580.800049,1570.5,1571.5,0
XAO,19911211,1572.599976,1574.300049,1562.199951,1564.599976,0
XAO,19911212,1564.599976,1598.900024,1564.599976,1591.900024,0
XAO,19911213,1591.900024,1600.099976,1587.099976,1598.099976,0
XAO,19911216,1598.099976,1607.900024,1598.099976,1605.199951,0
XAO,19911217,1605.199951,1605.199951,1595,1599.800049,0
XAO,19911218,1599.800049,1599.800049,1576.800049,1578.5,0
XAO,19911219,1578.5,1586.900024,1574,1581.400024,0
XAO,19911220,1581.400024,1581.5,1571.099976,1573.5,0
XAO,19911223,1573.5,1575.599976,1567.300049,1568.800049,0
XAO,19911224,1568.800049,1578.599976,1568.800049,1575.099976,0
XAO,19911227,1575.099976,1608.800049,1575.099976,1594.900024,0
XAO,19911230,1594.900024,1615.5,1594.900024,1612.5,0
XAO,19911231,1612.5,1653.599976,1612.5,1651.400024,0