XAO,19930104,1549.900024,1560.5,1545.900024,1560.5,0
XAO,19930105,1560.5,1574.900024,1560.5,1564.800049,0
XAO,19930106,1564.800049,1564.800049,1536.099976,1542.099976,0
XAO,19930107,1542.099976,1542.099976,1526.5,1530.900024,0
XAO,19930108,1530.900024,1530.900024,1500.800049,1502.300049,0
XAO,19930111,1502.300049,1514.099976,1487.400024,1514.099976,0
XAO,19930112,1514.099976,1523.099976,1507.199951,1509.400024,0
XAO,19930113,1509.400024,1509.400024,1491.699951,1495,0
XAO,19930114,1495,1508,1495,1507.400024,0
XAO,19930115,1507.400024,1524.5,1507.400024,1524.5,0
XAO,19930118,1524.5,1529.400024,1523.599976,1528.800049,0
XAO,19930119,1528.800049,1528.800049,1515,1519.099976,0
XAO,19930120,1518.099976,1523.099976,1511.699951,1521.800049,0
XAO,19930121,1521.800049,1523.900024,1514.300049,1519.099976,0
XAO,19930122,1519.900024,1523.5,1517.699951,1523,0
XAO,19930125,1523,1532,1522.199951,1523.400024,0
XAO,19930126,1523.400024,1529.300049,1523.400024,1529.199951,0
XAO,19930127,1533.300049,1541.800049,1533.300049,1534.800049,0
XAO,19930128,1534.800049,1534.800049,1526,1526.699951,0
XAO,19930129,1526.699951,1529.699951,1522.400024,1528.199951,0
XAO,19930201,1528.199951,1529.099976,1523.5,1529.099976,0
XAO,19930202,1530.5,1534.5,1527.800049,1530.199951,0
XAO,19930203,1530.199951,1531.099976,1525,1530.199951,0
XAO,19930204,1530.199951,1539,1529.400024,1530,0
XAO,19930205,1531.400024,1546.599976,1531.400024,1543.300049,0
XAO,19930208,1543.300049,1559.400024,1543.300049,1559.400024,0
XAO,19930209,1559.400024,1609.099976,1556.699951,1583.900024,0
XAO,19930210,1583.900024,1591.5,1580.400024,1590.599976,0
XAO,19930211,1590.599976,1604.800049,1590.599976,1599.099976,0
XAO,19930212,1599.099976,1606.199951,1599.099976,1603.5,0
XAO,19930215,1603.5,1603.5,1590.199951,1596.5,0
XAO,19930216,1596.5,1613.800049,1596.5,1612.099976,0
XAO,19930217,1612.099976,1612.099976,1593.300049,1601.300049,0
XAO,19930218,1601.300049,1609.199951,1600.300049,1607,0
XAO,19930219,1607,1610.599976,1592.199951,1594.699951,0
XAO,19930222,1594.699951,1606.300049,1594.699951,1604.900024,0
XAO,19930223,1604.900024,1614.699951,1604.900024,1608.300049,0
XAO,19930224,1608.300049,1608.300049,1603.800049,1604.800049,0
XAO,19930225,1605.400024,1608.800049,1596.5,1606.900024,0
XAO,19930226,1606.900024,1611.400024,1598.800049,1609.5,0
XAO,19930301,1609.5,1639.800049,1609.5,1639.300049,0
XAO,19930302,1639.300049,1645.5,1634,1645,0
XAO,19930303,1645,1649.199951,1624,1626.099976,0
XAO,19930304,1626.099976,1626.099976,1618,1622.900024,0
XAO,19930305,1622.900024,1622.900024,1610,1613.599976,0
XAO,19930308,1612.5,1620.5,1609.699951,1617.099976,0
XAO,19930309,1617.099976,1633.699951,1617.099976,1633.699951,0
XAO,19930310,1633.699951,1647.5,1633.699951,1647.5,0
XAO,19930311,1647.5,1661.400024,1647.099976,1661.099976,0
XAO,19930312,1661.099976,1671.099976,1653,1661.5,0
XAO,19930315,1661.5,1661.5,1613.800049,1626.400024,0
XAO,19930316,1626.400024,1659.300049,1626.400024,1659.300049,0
XAO,19930317,1659.300049,1676.900024,1659.300049,1675.599976,0
XAO,19930318,1675.599976,1680,1667.5,1670,0
XAO,19930319,1673.099976,1678.5,1671.400024,1677.099976,0
XAO,19930322,1677.199951,1679.199951,1661.699951,1664.300049,0
XAO,19930323,1664.300049,1664.300049,1648.5,1659.5,0
XAO,19930324,1659.5,1663.099976,1654.099976,1663.099976,0
XAO,19930325,1663.099976,1663.099976,1653.400024,1660.699951,0
XAO,19930326,1660.699951,1677.099976,1660.699951,1675.900024,0
XAO,19930329,1675.900024,1677.099976,1669.300049,1677,0
XAO,19930330,1677,1683,1675.699951,1678.199951,0
XAO,19930331,1678.199951,1682,1660.599976,1667.400024,0
XAO,19930401,1670.199951,1672.400024,1658.800049,1668.800049,0
XAO,19930402,1667.699951,1684.199951,1664,1683.099976,0
XAO,19930405,1678.599976,1678.599976,1668.300049,1670.5,0
XAO,19930406,1670.400024,1670.400024,1653.400024,1658.300049,0
XAO,19930407,1658.199951,1658.900024,1650.800049,1654.900024,0
XAO,19930408,1657,1668,1656.800049,1665.699951,0
XAO,19930413,1669.900024,1692.300049,1669.900024,1688.699951,0
XAO,19930414,1692,1705.400024,1692,1704.400024,0
XAO,19930415,1704.099976,1711.900024,1702.599976,1704.099976,0
XAO,19930416,1703.900024,1707,1701.199951,1703.199951,0
XAO,19930419,1705.400024,1710.099976,1695.400024,1696.400024,0
XAO,19930420,1696.099976,1703.699951,1690.099976,1703.599976,0
XAO,19930421,1702.699951,1704.099976,1690.400024,1693.900024,0
XAO,19930422,1695.400024,1707.5,1695.400024,1705.400024,0
XAO,19930423,1707,1707.5,1701,1702.599976,0
XAO,19930426,1704,1710.099976,1701,1710.099976,0
XAO,19930427,1710.400024,1715.099976,1700,1704.699951,0
XAO,19930428,1703.599976,1705.5,1698.099976,1703.5,0
XAO,19930429,1701.699951,1706.300049,1678.599976,1680.300049,0
XAO,19930430,1681,1681.800049,1676.5,1681.5,0
XAO,19930503,1682.199951,1684.699951,1662.300049,1664.5,0
XAO,19930504,1665.900024,1670.900024,1657,1664.300049,0
XAO,19930505,1665.199951,1674.900024,1661.300049,1674.699951,0
XAO,19930506,1675.300049,1694.199951,1675.300049,1691.900024,0
XAO,19930507,1691.900024,1697.300049,1685.300049,1685.300049,0
XAO,19930510,1682.699951,1682.699951,1670,1672,0
XAO,19930511,1674.5,1687.400024,1674.5,1687.400024,0
XAO,19930512,1692.599976,1701.400024,1692.599976,1695.699951,0
XAO,19930513,1698.5,1711.5,1691.400024,1694.400024,0
XAO,19930514,1693.099976,1698.5,1687.699951,1698.5,0
XAO,19930517,1695.300049,1695.300049,1681.699951,1686.900024,0
XAO,19930518,1685.099976,1685.099976,1669.900024,1677.900024,0
XAO,19930519,1680,1685.599976,1676.599976,1682.599976,0
XAO,19930520,1684.300049,1691.199951,1682.300049,1684.199951,0
XAO,19930521,1684.099976,1697.599976,1683.099976,1695.599976,0
XAO,19930524,1694.5,1700.199951,1683.900024,1685.5,0
XAO,19930525,1687.099976,1697.400024,1682.400024,1697.400024,0
XAO,19930526,1703.599976,1718.099976,1703.599976,1717.400024,0
XAO,19930527,1717.5,1751.099976,1717.5,1749.099976,0
XAO,19930528,1754.199951,1766.300049,1753.099976,1760.400024,0
XAO,19930531,1755.400024,1755.400024,1732.099976,1737.400024,0
XAO,19930601,1737.300049,1737.5,1728.400024,1733.900024,0
XAO,19930602,1735.800049,1742.099976,1727.599976,1741.900024,0
XAO,19930603,1741.800049,1748.900024,1738.599976,1741,0
XAO,19930604,1741.300049,1743.699951,1737.300049,1741,0
XAO,19930607,1739.900024,1742.5,1734.900024,1738.5,0
XAO,19930608,1733.599976,1733.599976,1721.699951,1723.099976,0
XAO,19930609,1715,1715,1703.400024,1709.099976,0
XAO,19930610,1709,1714.900024,1702.599976,1712.5,0
XAO,19930611,1710.900024,1714.300049,1706.900024,1714.300049,0
XAO,19930615,1716.699951,1726.300049,1716.300049,1724,0
XAO,19930616,1725,1730.800049,1724.300049,1724.699951,0
XAO,19930617,1726.699951,1729.699951,1723.800049,1727.199951,0
XAO,19930618,1727.699951,1731.800049,1727,1730.400024,0
XAO,19930621,1729.300049,1732.400024,1724.800049,1726.599976,0
XAO,19930622,1728.099976,1728.800049,1715.800049,1716.699951,0
XAO,19930623,1713.400024,1713.400024,1697.400024,1698.800049,0
XAO,19930624,1695.599976,1701.300049,1694.300049,1699.699951,0
XAO,19930625,1706,1707.300049,1700.400024,1700.400024,0
XAO,19930628,1702.5,1715.400024,1702.5,1715.099976,0
XAO,19930629,1720.099976,1727.199951,1717.099976,1718.5,0
XAO,19930630,1720,1738.800049,1719.800049,1738.099976,0
XAO,19930701,1739.199951,1757.099976,1738,1755.300049,0
XAO,19930702,1760.699951,1769.900024,1758.699951,1768.900024,0
XAO,19930705,1765.900024,1765.900024,1761.199951,1765.900024,0
XAO,19930706,1766,1766,1759.199951,1764.199951,0
XAO,19930707,1764.199951,1773.900024,1764.199951,1773,0
XAO,19930708,1779.400024,1786.800049,1778.5,1782.5,0
XAO,19930709,1784.300049,1786.599976,1779.5,1782.900024,0
XAO,19930712,1784.199951,1802.400024,1784.199951,1800.900024,0
XAO,19930713,1802.5,1807.599976,1798.599976,1804.199951,0
XAO,19930714,1803.900024,1806.699951,1801.599976,1804.5,0
XAO,19930715,1808.599976,1811.900024,1802.099976,1805.900024,0
XAO,19930716,1806.099976,1807.5,1799.099976,1799.800049,0
XAO,19930719,1798.5,1798.5,1789.199951,1796.199951,0
XAO,19930720,1796.900024,1806.800049,1793.900024,1806.099976,0
XAO,19930721,1809.5,1820.5,1809.5,1818.5,0
XAO,19930722,1817.199951,1817.199951,1795.699951,1802.599976,0
XAO,19930723,1800,1809.900024,1797.199951,1806.800049,0
XAO,19930726,1808.199951,1808.599976,1794,1795.699951,0
XAO,19930727,1801.300049,1818.800049,1801.300049,1814.900024,0
XAO,19930728,1818.599976,1822.800049,1812.300049,1818.400024,0
XAO,19930729,1820.400024,1833.400024,1820.400024,1828.5,0
XAO,19930730,1835.900024,1851.099976,1835.900024,1844,0
XAO,19930802,1845.599976,1854.800049,1845.599976,1854.800049,0
XAO,19930803,1854.800049,1855.599976,1849.699951,1855.400024,0
XAO,19930804,1853.800049,1862.099976,1850.400024,1861.199951,0
XAO,19930805,1860.599976,1867.400024,1860.099976,1865.300049,0
XAO,19930806,1864.900024,1864.900024,1828.699951,1842.199951,0
XAO,19930809,1840.599976,1845.099976,1833.5,1844.300049,0
XAO,19930810,1849.099976,1864.699951,1849.099976,1860.400024,0
XAO,19930811,1860.199951,1862.400024,1856.699951,1861,0
XAO,19930812,1861.900024,1876.400024,1861.5,1873.300049,0
XAO,19930813,1869.199951,1869.199951,1853,1855.900024,0
XAO,19930816,1855.699951,1870.699951,1855.699951,1870.699951,0
XAO,19930817,1873.900024,1889.599976,1873.900024,1885.099976,0
XAO,19930818,1883.800049,1898.300049,1882.400024,1894.699951,0
XAO,19930819,1902,1926.5,1902,1926.300049,0
XAO,19930820,1924.300049,1929.599976,1916.099976,1927.099976,0
XAO,19930823,1927.099976,1932.800049,1926.900024,1932.800049,0
XAO,19930824,1932.800049,1932.800049,1922.199951,1924.199951,0
XAO,19930825,1928.699951,1929.400024,1916,1922.599976,0
XAO,19930826,1924.699951,1942.300049,1924.699951,1941.5,0
XAO,19930827,1940.800049,1953.199951,1935.900024,1948.599976,0
XAO,19930830,1949.300049,1964.400024,1949.300049,1956,0
XAO,19930831,1956.300049,1962.199951,1951.800049,1962.199951,0
XAO,19930901,1964.800049,1977.599976,1964.800049,1977.099976,0
XAO,19930902,1977.900024,1991.5,1964.800049,1968.400024,0
XAO,19930903,1958.300049,1958.300049,1935.699951,1952,0
XAO,19930906,1951.800049,1962.5,1951.800049,1962.5,0
XAO,19930907,1960.800049,1970.400024,1958.800049,1967.800049,0
XAO,19930908,1957.099976,1957.099976,1937,1939.5,0
XAO,19930909,1936.300049,1936.300049,1921.699951,1931.400024,0
XAO,19930910,1932,1945.199951,1932,1941.5,0
XAO,19930913,1944.5,1950.599976,1936.699951,1938.300049,0
XAO,19930914,1934,1934,1912,1912.900024,0
XAO,19930915,1911.199951,1911.900024,1901.599976,1903.599976,0
XAO,19930916,1907.300049,1910.800049,1899.900024,1902.599976,0
XAO,19930917,1905.400024,1926.300049,1905.400024,1925.5,0
XAO,19930920,1922.699951,1926.300049,1920.199951,1924.099976,0
XAO,19930921,1919.900024,1925.199951,1916,1925.199951,0
XAO,19930922,1923.800049,1930,1918.699951,1919.300049,0
XAO,19930923,1922.199951,1929.900024,1920.699951,1928.599976,0
XAO,19930924,1941.900024,1960.199951,1941.099976,1946.5,0
XAO,19930927,1944.900024,1944.900024,1940.099976,1943,0
XAO,19930928,1945.099976,1949,1935.5,1942.300049,0
XAO,19930929,1941.599976,1951.900024,1940.599976,1951.400024,0
XAO,19930930,1952.199951,1964.699951,1952.199951,1963.900024,0
XAO,19931001,1964.400024,1973.900024,1956.699951,1972.699951,0
XAO,19931004,1973.199951,1979.199951,1972.599976,1977,0
XAO,19931005,1979.699951,1998.5,1979.699951,1998.5,0
XAO,19931006,1998.800049,2020.199951,1998.800049,2018.800049,0
XAO,19931007,2020.599976,2031.800049,2012.400024,2022.5,0
XAO,19931008,2019.199951,2026.199951,2013,2026.199951,0
XAO,19931011,2026,2041.900024,2026,2039.800049,0
XAO,19931012,2039.800049,2040.300049,2024.099976,2028,0
XAO,19931013,2031.900024,2038.599976,2031.199951,2038.599976,0
XAO,19931014,2040.400024,2066.399902,2040.400024,2062,0
XAO,19931015,2065.699951,2081.300049,2065.699951,2074.100098,0
XAO,19931018,2076.100098,2086.399902,2075.800049,2085.5,0
XAO,19931019,2087.800049,2092.100098,2072.399902,2075.5,0
XAO,19931020,2067.800049,2067.800049,2049.199951,2051.699951,0
XAO,19931021,2057.199951,2063.600098,2057.199951,2060.399902,0
XAO,19931022,2059.899902,2063,2052.899902,2061.399902,0
XAO,19931025,2061.5,2061.899902,2034.800049,2046.900024,0
XAO,19931026,2048.600098,2058.100098,2039.5,2055.699951,0
XAO,19931027,2052.100098,2068.300049,2047.900024,2068.300049,0
XAO,19931028,2068.800049,2076.300049,2067.699951,2076.300049,0
XAO,19931029,2085.100098,2112.399902,2085.100098,2112.199951,0
XAO,19931101,2109.399902,2138.5,2106.5,2132.399902,0
XAO,19931102,2130.300049,2130.300049,2117.300049,2125.300049,0
XAO,19931103,2122.699951,2122.699951,2099.899902,2108.399902,0
XAO,19931104,2096.199951,2102,2086.800049,2101.600098,0
XAO,19931105,2096.199951,2096.699951,2066.5,2079.899902,0
XAO,19931108,2076.300049,2076.300049,2053.100098,2054.199951,0
XAO,19931109,2058,2067,2050.699951,2050.800049,0
XAO,19931110,2054.100098,2055.300049,2034.599976,2042.900024,0
XAO,19931111,2042.800049,2056.300049,2030.400024,2052.399902,0
XAO,19931112,2058.600098,2075,2058.600098,2074,0
XAO,19931115,2078.300049,2096.800049,2078.300049,2082.899902,0
XAO,19931116,2081.600098,2085.399902,2075.899902,2083.800049,0
XAO,19931117,2094.899902,2110.800049,2094.899902,2104.300049,0
XAO,19931118,2104.399902,2113.399902,2104.399902,2108,0
XAO,19931119,2107.199951,2107.199951,2082.600098,2083.199951,0
XAO,19931122,2078.100098,2078.100098,2046.900024,2049.300049,0
XAO,19931123,2036.400024,2044.300049,2007.099976,2009.599976,0
XAO,19931124,2017.099976,2038.099976,2017.099976,2032.400024,0
XAO,19931125,2037.099976,2048.399902,2037.099976,2042,0
XAO,19931126,2042.099976,2055.100098,2041.699951,2043.099976,0
XAO,19931129,2040.800049,2040.800049,2002.099976,2010.300049,0
XAO,19931130,2006.199951,2009.400024,1994.800049,2009.400024,0
XAO,19931201,2016.199951,2016.199951,2003.900024,2005.400024,0
XAO,19931202,2012.800049,2047.300049,2012.800049,2047.300049,0
XAO,19931203,2045.5,2049.199951,2042.800049,2047.400024,0
XAO,19931206,2051.600098,2058.5,2051.600098,2053.699951,0
XAO,19931207,2052.800049,2075.699951,2052.800049,2073.899902,0
XAO,19931208,2079,2099,2079,2096.100098,0
XAO,19931209,2096,2107.199951,2092.5,2095.699951,0
XAO,19931210,2094.899902,2094.899902,2084.399902,2084.899902,0
XAO,19931213,2087,2095.699951,2086.300049,2094.5,0
XAO,19931214,2100.600098,2108.100098,2083.5,2086.600098,0
XAO,19931215,2081.699951,2081.699951,2059.600098,2069.899902,0
XAO,19931216,2070.800049,2076.600098,2069.600098,2074.800049,0
XAO,19931217,2079.300049,2088.5,2079.300049,2081.600098,0
XAO,19931220,2080.199951,2086.600098,2075.300049,2076,0
XAO,19931221,2075.800049,2075.800049,2064.399902,2067,0
XAO,19931222,2064.5,2064.5,2049.600098,2053.199951,0
XAO,19931223,2057.199951,2072.600098,2057.199951,2068.800049,0
XAO,19931224,2071.600098,2089.199951,2071.600098,2089.199951,0
XAO,19931229,2096.399902,2126.899902,2096.399902,2126.899902,0
XAO,19931230,2133.899902,2160.699951,2133.899902,2154.5,0
XAO,19931231,2155.600098,2173.600098,2155.600098,2173.600098,0