XAO,20160104,5344.600098,5379.600098,5316.5,5322.799805,486474200
XAO,20160105,5322.799805,5322.799805,5239.200195,5239.200195,624074200
XAO,20160106,5239.200195,5245.100098,5151.299805,5178,658714200
XAO,20160107,5178,5179.100098,5055.399902,5068.799805,799631900
XAO,20160108,5068.799805,5087.799805,5000.399902,5049.399902,757615100
XAO,20160111,5049.399902,5049.399902,4941.299805,4990.700195,707504600
XAO,20160112,4990.700195,5039.899902,4967.799805,4982.200195,741542900
XAO,20160113,4982.200195,5046.100098,4982.200195,5041.600098,730647500
XAO,20160114,5041.600098,5041.600098,4922,4964.100098,722795800
XAO,20160115,4982.899902,5048.899902,4927.100098,4948.5,665382600
XAO,20160118,4925.799805,4948.5,4857.899902,4911.799805,669510400
XAO,20160119,4910.5,4955.100098,4894.200195,4955.100098,735747300
XAO,20160120,4955.100098,4982.299805,4893.299805,4896.899902,848847800
XAO,20160121,4896.899902,4979.200195,4896.899902,4917.600098,888921400
XAO,20160122,4935.5,4984,4917.600098,4969.600098,759935300
XAO,20160125,4969.600098,5057.100098,4969.600098,5057.100098,651722900
XAO,20160127,5057.100098,5059.799805,4992.799805,5000.799805,836447600
XAO,20160128,5000.799805,5040,4964.100098,5028.100098,807692800
XAO,20160129,5028.100098,5059.5,5002.700195,5056.600098,1005261400
XAO,20160201,5056.600098,5122.100098,5056.600098,5094.299805,770865400
XAO,20160202,5094.299805,5096.200195,5033.5,5044,753951100
XAO,20160203,5044,5044,4927.799805,4930.799805,775678600
XAO,20160204,4930.799805,5037.899902,4930.799805,5029.299805,865810700
XAO,20160205,5029.299805,5031.700195,4982.100098,5025.600098,866075900
XAO,20160208,5025.600098,5026.5,4975.799805,5022.100098,0
XAO,20160209,5022.100098,5022.100098,4878,4882.600098,987120800
XAO,20160210,4882.600098,4901.299805,4762.100098,4826.5,1000056300
XAO,20160211,4826.5,4870.899902,4823.100098,4870.899902,764014300
XAO,20160212,4870.899902,4870.899902,4813.200195,4816.600098,878664600
XAO,20160215,4816.600098,4901.399902,4816.600098,4893.399902,771807900
XAO,20160216,4893.399902,4961.600098,4869.700195,4961.600098,1003829600
XAO,20160217,4961.600098,4979.700195,4926.299805,4938.399902,930129700
XAO,20160218,4938.600098,5047.100098,4938.600098,5047.100098,1303510300
XAO,20160219,5047.100098,5047.100098,4993.5,5008.299805,1160026100
XAO,20160222,5008.299805,5062.399902,5005.299805,5056.600098,1318662200
XAO,20160223,5056.600098,5090.100098,5029.700195,5039.100098,1208423200
XAO,20160224,5039.100098,5039.100098,4930.700195,4943.299805,1093787900
XAO,20160225,4943.299805,4969.200195,4914,4944.700195,1063823900
XAO,20160226,4944.700195,4961.299805,4905.5,4945.100098,918075800
XAO,20160229,4945.100098,4989,4945.100098,4947.899902,1008573900
XAO,20160301,4947.899902,4997.100098,4936.600098,4989.600098,1069990900
XAO,20160302,4989.600098,5107.200195,4989.600098,5083.5,1062909000
XAO,20160303,5083.5,5142.200195,5083.5,5142.200195,1139769400
XAO,20160304,5142.200195,5164.600098,5140.799805,5151.100098,1020952700
XAO,20160307,5151.100098,5211.299805,5151.100098,5204.700195,1173413300
XAO,20160308,5204.700195,5245,5165.799805,5169.5,1580905800
XAO,20160309,5169.5,5215.700195,5143.600098,5215.700195,1066232700
XAO,20160310,5215.700195,5235.700195,5210.700195,5210.899902,893541100
XAO,20160311,5210.899902,5239.299805,5180.899902,5224.799805,797959000
XAO,20160314,5224.799805,5269.5,5224.799805,5242.399902,774539300
XAO,20160315,5242.399902,5242.399902,5163.899902,5168.600098,780670000
XAO,20160316,5168.600098,5179.899902,5147.399902,5175.700195,824227400
XAO,20160317,5175.700195,5249.5,5175.700195,5226.399902,1112346600
XAO,20160318,5226.399902,5272.100098,5226.399902,5239.299805,1748117100
XAO,20160321,5239.299805,5253.399902,5208.200195,5224.899902,654391300
XAO,20160322,5220.700195,5242.399902,5215.299805,5230.799805,744784600
XAO,20160323,5230.799805,5230.799805,5190.200195,5204.299805,723094600
XAO,20160324,5197.899902,5197.899902,5137.299805,5151.600098,857651800
XAO,20160329,5151.600098,5163.700195,5070.399902,5076.200195,643637800
XAO,20160330,5076.200195,5127.899902,5062.200195,5081.5,718967000
XAO,20160331,5081.600098,5166.100098,5081.600098,5151.799805,725606800
XAO,20160401,5151.799805,5151.799805,5051.200195,5073.799805,692761000
XAO,20160404,5073.799805,5118.299805,5070.100098,5070.100098,537357700
XAO,20160405,5070.100098,5070.100098,4986.700195,5000.399902,710341200
XAO,20160406,5000.399902,5035.399902,4985.200195,5024.600098,705254500
XAO,20160407,5024.600098,5062,5024,5042.299805,673700700
XAO,20160408,5039.5,5039.5,4975.700195,5018,633756700
XAO,20160411,5018,5024.700195,4993.799805,5013.200195,665357800
XAO,20160412,5013.200195,5055.700195,5009.600098,5053.700195,650860600
XAO,20160413,5053.700195,5127.200195,5053.700195,5127.200195,796226600
XAO,20160414,5127.200195,5187.700195,5127.200195,5187.700195,794233200
XAO,20160415,5187.600098,5224.100098,5182.299805,5224.100098,728458000
XAO,20160418,5224.100098,5225,5188,5204.899902,768846300
XAO,20160419,5204.899902,5281.899902,5204.899902,5254.700195,827782900
XAO,20160420,5254.700195,5297.299805,5254.700195,5281.200195,870243800
XAO,20160421,5281.200195,5342.399902,5281.200195,5336.399902,948068000
XAO,20160422,5336.399902,5336.399902,5292.200195,5299.200195,724558800
XAO,20160426,5299.200195,5309.5,5275.399902,5283.600098,849953600
XAO,20160427,5283.600098,5342.899902,5246,5250.899902,887281500
XAO,20160428,5250.899902,5301.799805,5250.899902,5289.399902,844011200
XAO,20160429,5289.399902,5320.100098,5276.299805,5316,904061300
XAO,20160502,5316,5316,5253.200195,5312,842392800
XAO,20160503,5312,5418.299805,5289.100098,5415,947384100
XAO,20160504,5415,5415,5335.600098,5335.600098,914564600
XAO,20160505,5335.600098,5356.700195,5316.600098,5344.5,827890200
XAO,20160506,5344.5,5358.600098,5270.200195,5358.600098,884452200
XAO,20160509,5358.600098,5387.799805,5334.799805,5387.799805,712347500
XAO,20160510,5387.799805,5404.100098,5354.200195,5403.899902,929238000
XAO,20160511,5403.899902,5483.700195,5403.899902,5434.799805,881252700
XAO,20160512,5434.799805,5435.700195,5403.299805,5423.399902,803292600
XAO,20160513,5423.399902,5436.799805,5377.899902,5396.299805,781387300
XAO,20160516,5396.299805,5434.200195,5387.799805,5420.299805,658255500
XAO,20160517,5420.299805,5458.5,5420.299805,5458.5,828382700
XAO,20160518,5458.5,5458.5,5411.700195,5420.5,877931900
XAO,20160519,5420.5,5433.100098,5367.5,5385.600098,890588900
XAO,20160520,5385.600098,5428.399902,5383,5415.200195,712958000
XAO,20160523,5415.200195,5428.5,5364.100098,5384.899902,678417300
XAO,20160524,5384.899902,5388.899902,5361.899902,5361.899902,675865100
XAO,20160525,5361.899902,5457.299805,5361.899902,5436.799805,806996800
XAO,20160526,5436.799805,5466.200195,5420.100098,5451.899902,776657300
XAO,20160527,5451.899902,5489.799805,5451.899902,5469.700195,762260000
XAO,20160530,5469.700195,5479.200195,5456.700195,5473.600098,611764500
XAO,20160531,5473.600098,5473.600098,5433.399902,5447.799805,1173910200
XAO,20160601,5447.799805,5447.799805,5379.799805,5395.200195,749018500
XAO,20160602,5395.200195,5400.899902,5346.799805,5354.200195,719466300
XAO,20160603,5354.200195,5397.5,5354.200195,5392.5,664365100
XAO,20160606,5392.5,5445.200195,5391.600098,5431,715776300
XAO,20160607,5430.799805,5461,5430.600098,5441,836802600
XAO,20160608,5441,5446.299805,5409.299805,5441.100098,738298800
XAO,20160609,5441.100098,5459.600098,5412.600098,5437.399902,778780800
XAO,20160610,5437.399902,5437.399902,5374.399902,5391.600098,624932600
XAO,20160614,5391.600098,5391.600098,5277.799805,5282.5,899192400
XAO,20160615,5282.5,5282.5,5230.399902,5230.399902,843161400
XAO,20160616,5230.399902,5282.700195,5226.899902,5231.700195,1029379300
XAO,20160617,5231.700195,5261.700195,5231.700195,5248.299805,1307971600
XAO,20160620,5248.299805,5335.600098,5248.299805,5335.600098,726872000
XAO,20160621,5335.600098,5366.899902,5330.399902,5353.299805,772086100
XAO,20160622,5353.299805,5374.799805,5339.399902,5349.5,680091600
XAO,20160623,5349.600098,5369.600098,5347.5,5358.600098,673266600
XAO,20160624,5358.600098,5402.200195,5163.700195,5192.799805,1368870800
XAO,20160627,5192.799805,5233.700195,5132.799805,5216.200195,879729500
XAO,20160628,5216.200195,5216.200195,5131.899902,5179.700195,975461900
XAO,20160629,5179.700195,5232.899902,5179.700195,5221,981446500
XAO,20160630,5221,5324.399902,5221,5310.399902,956191200
XAO,20160701,5310.399902,5356.5,5310.399902,5327,809092000
XAO,20160704,5327.100098,5365.200195,5303.100098,5365.200195,684032100
XAO,20160705,5365.200195,5365.899902,5306.899902,5312.799805,688938600
XAO,20160706,5312.799805,5312.799805,5237.799805,5284.700195,821640600
XAO,20160707,5284.700195,5329.299805,5284.700195,5311,695534000
XAO,20160708,5311,5322.200195,5301.600098,5315.600098,556502300
XAO,20160711,5315.600098,5417.5,5315.600098,5417.5,669305700
XAO,20160712,5417.5,5469.799805,5417.5,5433.200195,745823900
XAO,20160713,5433.200195,5473.600098,5433.200195,5470.299805,751867100
XAO,20160714,5470.299805,5496.799805,5468.200195,5491.799805,662148500
XAO,20160715,5491.799805,5531.200195,5491.799805,5510.100098,743550100
XAO,20160718,5510.100098,5542.299805,5509.799805,5538.899902,615112400
XAO,20160719,5538.899902,5548.200195,5516.799805,5533.899902,765978900
XAO,20160720,5533.899902,5565.899902,5519.399902,5565.899902,728359700
XAO,20160721,5565.899902,5606.600098,5565.899902,5588.700195,907628600
XAO,20160722,5589,5589.100098,5555.100098,5574.299805,658949200
XAO,20160725,5574.299805,5623.100098,5574.299805,5607.5,622182300
XAO,20160726,5604.5,5612.600098,5574.299805,5612.600098,730289000
XAO,20160727,5612.600098,5639.799805,5606.299805,5615,660203900
XAO,20160728,5615,5643,5614.700195,5636.700195,739123300
XAO,20160729,5636.700195,5650.799805,5618.899902,5644,949094900
XAO,20160801,5644,5691.799805,5644,5670.100098,615237800
XAO,20160802,5670.100098,5673.299805,5621.200195,5622.100098,797619000
XAO,20160803,5621,5621,5551.399902,5551.399902,800917900
XAO,20160804,5551.399902,5593.899902,5551.399902,5563.399902,708102200
XAO,20160805,5563.399902,5599.600098,5563.399902,5585.600098,624805800
XAO,20160808,5585.600098,5635,5585.600098,5625.700195,623026500
XAO,20160809,5625.700195,5638.700195,5622.399902,5636.700195,692857300
XAO,20160810,5636.700195,5636.700195,5598.200195,5628.200195,730321300
XAO,20160811,5628.200195,5628.200195,5575.700195,5599.399902,681049200
XAO,20160812,5599.399902,5641.5,5599.399902,5626.299805,784363300
XAO,20160815,5626.299805,5638.700195,5607.700195,5633.799805,617531500
XAO,20160816,5633.799805,5642.299805,5624.200195,5625.700195,730617200
XAO,20160817,5625.700195,5630.799805,5602.399902,5628.100098,777724100
XAO,20160818,5628.100098,5639.600098,5596.299805,5607.299805,818886500
XAO,20160819,5607.299805,5631.200195,5604.899902,5625.399902,745602000
XAO,20160822,5625.399902,5634.600098,5606.200195,5612.299805,745905500
XAO,20160823,5612.299805,5666.5,5612.299805,5647.100098,837467300
XAO,20160824,5647.100098,5662.600098,5645.5,5653.600098,793636600
XAO,20160825,5653.600098,5653.600098,5625.700195,5631.399902,866331500
XAO,20160826,5631.399902,5633.5,5603.899902,5607.399902,782849200
XAO,20160829,5607.399902,5608.5,5545.399902,5561.5,746042200
XAO,20160830,5561.5,5596,5561.5,5573.5,827717500
XAO,20160831,5573.5,5573.5,5510.200195,5529.399902,964801000
XAO,20160901,5529.399902,5529.399902,5501.600098,5511.200195,780724200
XAO,20160902,5511.200195,5516.100098,5460.899902,5470.600098,900674000
XAO,20160905,5470.600098,5525.799805,5470.600098,5524.399902,711823800
XAO,20160906,5524.399902,5525.200195,5501.399902,5510.399902,669325700
XAO,20160907,5510.399902,5537.100098,5509.100098,5521.100098,945474000
XAO,20160908,5521.100098,5521.100098,5457.600098,5484.600098,798503100
XAO,20160909,5484.600098,5484.600098,5434.399902,5440.5,808189800
XAO,20160912,5440.5,5440.5,5315,5319.100098,846196000
XAO,20160913,5319.100098,5375,5309.700195,5310,855455400
XAO,20160914,5310,5329.799805,5294.100098,5326.600098,951322400
XAO,20160915,5326.600098,5339.200195,5303.399902,5337.100098,922323000
XAO,20160916,5337.100098,5403.399902,5337.100098,5396.700195,1484629200
XAO,20160919,5396.700195,5400.100098,5374.899902,5393.700195,187922800
XAO,20160920,5393.700195,5406.700195,5372.899902,5397.299805,841809100
XAO,20160921,5397.299805,5435.200195,5397.299805,5429.399902,794801100
XAO,20160922,5429.399902,5482.700195,5429.399902,5466.299805,729218700
XAO,20160923,5466.299805,5521.899902,5465.600098,5518.600098,921612100
XAO,20160926,5518.600098,5523.399902,5496.399902,5519.100098,616514900
XAO,20160927,5519.100098,5519.100098,5462.100098,5493.700195,770277500
XAO,20160928,5493.700195,5521,5487.5,5500.200195,708347000
XAO,20160929,5500.200195,5560.700195,5500.200195,5558.200195,773967700
XAO,20160930,5558.200195,5558.200195,5506.799805,5525.200195,784103400
XAO,20161003,5525.200195,5578.899902,5525.200195,5564.799805,402929600
XAO,20161004,5564.799805,5569.899902,5535.299805,5569.899902,697402200
XAO,20161005,5569.899902,5569.899902,5525.5,5537,803770200
XAO,20161006,5537,5567.600098,5537,5564.799805,752302200
XAO,20161007,5564.799805,5573.899902,5539.5,5548.5,772697100
XAO,20161010,5548.5,5574.600098,5548.5,5555.5,703684400
XAO,20161011,5555.5,5578.899902,5555.5,5562.200195,734872400
XAO,20161012,5562.200195,5562.200195,5516.600098,5555.200195,752297100
XAO,20161013,5555.200195,5555.200195,5505.399902,5518.299805,762614900
XAO,20161014,5518.299805,5531.5,5514.700195,5518.5,605120300
XAO,20161017,5518.5,5523.299805,5470.899902,5470.899902,722392400
XAO,20161018,5470.899902,5498.700195,5468.700195,5492,724246800
XAO,20161019,5492,5521.100098,5492,5518.399902,726803400
XAO,20161020,5518.399902,5540.200195,5517.100098,5526.200195,756514900
XAO,20161021,5526.200195,5530.399902,5496.399902,5513.899902,708369700
XAO,20161024,5513.899902,5514,5461.700195,5489.100098,678081300
XAO,20161025,5489.100098,5534.899902,5488.5,5523.299805,678037400
XAO,20161026,5523.299805,5523.299805,5424.799805,5442.100098,876065800
XAO,20161027,5442.100098,5455.299805,5378.399902,5378.399902,831355100
XAO,20161028,5378.399902,5394.899902,5347.299805,5370.899902,803733900
XAO,20161031,5370.899902,5412.700195,5364.399902,5402.399902,705189300
XAO,20161101,5402.399902,5402.399902,5357.899902,5375.200195,566486900
XAO,20161102,5375.200195,5375.200195,5291.200195,5311,842873200
XAO,20161103,5311,5320.899902,5283.299805,5306.600098,793579000
XAO,20161104,5306.600098,5306.600098,5260.899902,5263.100098,763762900
XAO,20161107,5263.100098,5331.600098,5263.100098,5330.899902,672512000
XAO,20161108,5330.899902,5364.600098,5330,5342.200195,784539000
XAO,20161109,5342.200195,5394.299805,5138.899902,5238.299805,1261264300
XAO,20161110,5238.299805,5408.899902,5238.299805,5408.899902,1077906400
XAO,20161111,5408.899902,5446.600098,5408.899902,5446.600098,1069780700
XAO,20161114,5446.600098,5446.600098,5391.799805,5420.299805,871352600
XAO,20161115,5420.299805,5420.299805,5379.600098,5399.799805,872490200
XAO,20161116,5399.799805,5419.200195,5392.299805,5399.600098,874564500
XAO,20161117,5399.600098,5415,5358.600098,5408.899902,920151900
XAO,20161118,5408.899902,5435.299805,5408.899902,5427.5,815696400
XAO,20161121,5427.5,5430.799805,5404.299805,5419.299805,665138800
XAO,20161122,5419.299805,5491.399902,5419.299805,5480.600098,784593900
XAO,20161123,5480.600098,5553.899902,5480.600098,5549.899902,791041200
XAO,20161124,5549.899902,5568.299805,5537.200195,5549,788950300
XAO,20161125,5549,5583.5,5544.100098,5570.5,914872200
XAO,20161128,5570.5,5570.5,5532.600098,5532.600098,617935600
XAO,20161129,5532.600098,5549.399902,5520.5,5520.5,855079100
XAO,20161130,5520.5,5520.5,5485.600098,5502.399902,1222486100
XAO,20161201,5502.399902,5560.399902,5502.399902,5560.399902,1141787700
XAO,20161202,5560.399902,5560.399902,5502.600098,5502.600098,889641100
XAO,20161205,5502.600098,5502.600098,5443.5,5458,755073400
XAO,20161206,5458,5507.5,5458,5486.600098,832166500
XAO,20161207,5486.600098,5535.399902,5486.600098,5535.399902,870806200
XAO,20161208,5535.399902,5605.5,5535.399902,5599,780947800
XAO,20161209,5599,5620.600098,5595.600098,5615.799805,771998400
XAO,20161212,5615.799805,5639.899902,5609.899902,5619.100098,832568600
XAO,20161213,5619.100098,5629.600098,5599.600098,5600.700195,851314200
XAO,20161214,5600.700195,5650.5,5600.700195,5639.700195,934095500
XAO,20161215,5639.700195,5639.700195,5575.700195,5595,1018780000
XAO,20161216,5595,5606,5568.899902,5589.700195,1519075700
XAO,20161219,5589.700195,5628.799805,5587.299805,5612.799805,754196800
XAO,20161220,5612.799805,5655,5608.399902,5640,807754200
XAO,20161221,5640,5676,5640,5662,734675900
XAO,20161222,5662,5691.899902,5652.700195,5691.799805,602862200
XAO,20161223,5691.799805,5697.100098,5667.299805,5675.100098,491671300
XAO,20161228,5675.100098,5739.299805,5675.100098,5732.399902,480062600
XAO,20161229,5732.399902,5746.700195,5709,5746.700195,433186100
XAO,20161230,5746.700195,5746.700195,5718.299805,5719.100098,360120400