360,20191011,3.59,3.62,3.56,3.62,1018165
14D,20191011,0.2,0.212,0.195,0.195,102670
1AD,20191011,0.145,0.145,0.13,0.14,322100
1ST,20191011,0.061,0.068,0.061,0.063,1189425
2BE,20191011,0.28,0.28,0.275,0.275,240006
3DP,20191011,0.051,0.051,0.05,0.051,397380
3PL,20191011,0.88,0.88,0.85,0.88,17878
4DS,20191011,0.068,0.07,0.068,0.07,3809679
5GN,20191011,0.74,0.82,0.74,0.8,742301
88E,20191011,0.012,0.012,0.011,0.012,667202
8CO,20191011,0.084,0.088,0.084,0.088,83258
8IH,20191011,0.095,0.095,0.095,0.095,78500
9SP,20191011,0.019,0.019,0.019,0.019,1298000
A1G,20191011,0.24,0.24,0.23,0.23,188490
A2B,20191011,1.505,1.505,1.465,1.47,17456
A2M,20191011,12.25,12.4,12.19,12.31,2161879
A3D,20191011,0.265,0.265,0.25,0.25,51523
A4N,20191011,0.17,0.17,0.16,0.16,722331
AAA,20191011,50.08,50.09,50.08,50.09,311884
AAC,20191011,1.015,1.02,1,1,452603
AAR,20191011,0.098,0.1,0.098,0.1,145529
ABA,20191011,5.3,5.33,5.27,5.3,22082
ABC,20191011,2.95,2.98,2.935,2.96,3326409
ABP,20191011,4.03,4.03,3.95,3.97,538627
ABR,20191011,0.28,0.285,0.275,0.285,176219
ABT,20191011,0.059,0.059,0.059,0.059,93989
ABV,20191011,0.026,0.026,0.026,0.026,300000
ABX,20191011,0.105,0.105,0.105,0.105,103869
AC8,20191011,0.33,0.33,0.325,0.325,42699370
ACB,20191011,0.027,0.027,0.027,0.027,1500
ACF,20191011,0.26,0.26,0.25,0.25,189040
ACP,20191011,0.007,0.007,0.007,0.007,73000
ACQ,20191011,1.11,1.175,1.11,1.12,200678
ACR,20191011,0.185,0.185,0.18,0.18,93287
ACS,20191011,0.005,0.005,0.005,0.005,7641
ACW,20191011,0.042,0.044,0.04,0.04,11903645
AD8,20191011,7.18,7.29,7.11,7.21,100903
ADA,20191011,0.44,0.465,0.44,0.465,46500
ADH,20191011,1.89,1.94,1.89,1.92,300025
ADI,20191011,3.04,3.05,3,3.01,254901
ADJ,20191011,0.026,0.026,0.026,0.026,200000
ADN,20191011,0.058,0.059,0.055,0.056,7188466
ADR,20191011,0.031,0.036,0.031,0.036,3940800
ADT,20191011,1.015,1.015,0.99,0.99,57495
AEE,20191011,0.008,0.008,0.008,0.008,3000000
AEF,20191011,2.5,2.53,2.45,2.46,67025
AEG,20191011,0.955,0.96,0.95,0.96,34453
AER,20191011,0.115,0.115,0.11,0.11,100000
AFG,20191011,2.27,2.4,2.27,2.4,190590
AFI,20191011,6.37,6.38,6.36,6.36,250252
AGG,20191011,6.31,6.32,6.2,6.28,7380
AGH,20191011,0.66,0.67,0.65,0.65,232479
AGI,20191011,0.785,0.805,0.785,0.805,37250
AGL,20191011,19.24,19.29,19.17,19.26,1168844
AGM,20191011,1.935,1.935,1.93,1.93,79977
AGR,20191011,0.185,0.185,0.185,0.185,6639
AGS,20191011,0.145,0.145,0.14,0.14,1265931
AGY,20191011,0.067,0.071,0.064,0.07,3732716
AHF,20191011,0.12,0.125,0.12,0.12,140627
AHL,20191011,0.01,0.011,0.01,0.01,1441389
AHQ,20191011,0.145,0.145,0.14,0.145,156502
AHX,20191011,0.495,0.495,0.48,0.48,5000
AHY,20191011,0.93,0.94,0.925,0.93,143166
AIA,20191011,8.24,8.4,8.22,8.37,125804
AIS,20191011,0.06,0.063,0.059,0.059,137189
AIZ,20191011,2.66,2.675,2.66,2.66,78927
AJC,20191011,0.001,0.001,0.001,0.001,500000
AJM,20191011,0.069,0.069,0.067,0.067,1257478
AJQ,20191011,0.05,0.052,0.05,0.05,343592
AJX,20191011,0.13,0.135,0.13,0.135,100835
AKG,20191011,0.66,0.66,0.62,0.62,13322
AKP,20191011,17.7,17.7,17.5,17.5,4312
ALC,20191011,0.265,0.28,0.265,0.275,3295916
ALF,20191011,0.95,0.96,0.95,0.96,54200
ALG,20191011,0.925,0.925,0.91,0.91,725362
ALI,20191011,2.41,2.42,2.4,2.41,129521
ALK,20191011,0.77,0.81,0.77,0.79,1355410
ALL,20191011,31.03,31.1,30.84,31.05,2692250
ALQ,20191011,8.1,8.25,8.1,8.21,1313140
ALU,20191011,32.05,32.37,31.67,32.1,443788
ALX,20191011,8.26,8.28,8.04,8.04,1844545
AMA,20191011,1.275,1.29,1.26,1.27,6043120
AMC,20191011,13.83,13.96,13.8,13.95,1781634
AMD,20191011,0.008,0.009,0.008,0.009,373140
AME,20191011,0.039,0.04,0.039,0.039,115000
AMG,20191011,0.105,0.105,0.096,0.1,2100141
AMH,20191011,0.875,0.88,0.875,0.875,73252
AMI,20191011,0.445,0.455,0.435,0.45,2060461
AMN,20191011,0.555,0.555,0.555,0.555,4000
AMP,20191011,1.6,1.615,1.59,1.61,15580595
AMS,20191011,1.63,1.65,1.555,1.58,3252965
ANL,20191011,0.004,0.004,0.003,0.004,3705610
ANN,20191011,26.71,26.73,26.38,26.57,337787
ANO,20191011,6.01,6.07,5.69,5.91,26913
ANP,20191011,0.1,0.102,0.093,0.094,2218654
ANR,20191011,0.19,0.2,0.19,0.2,31692
ANW,20191011,0.003,0.003,0.002,0.003,9065000
ANZ,20191011,27.37,27.53,27.31,27.49,4771853
AO1,20191011,0.008,0.008,0.008,0.008,195000
AOF,20191011,3.025,3.03,3.02,3.02,163813
AOG,20191011,2.14,2.14,2.13,2.14,1682940
AON,20191011,0.029,0.031,0.029,0.031,231500
APA,20191011,11.43,11.46,11.3,11.33,1754139
APD,20191011,0.53,0.53,0.53,0.53,156499
APE,20191011,13.54,13.76,13.5,13.65,190274
API,20191011,1.385,1.4,1.38,1.385,620214
APL,20191011,0.95,0.95,0.935,0.935,656596
APT,20191011,35.25,35.71,34.965,35.12,1519760
APV,20191011,0.13,0.14,0.12,0.125,92989
APW,20191011,1.44,1.44,1.43,1.435,8573
APX,20191011,21.53,22.05,21.3,21.49,638864
APZ,20191011,1.105,1.105,1.105,1.105,2249
AQD,20191011,0.018,0.018,0.018,0.018,787261
AQG,20191011,6.36,6.41,6.27,6.29,195978
AQI,20191011,0.061,0.061,0.06,0.06,143000
AQX,20191011,0.051,0.052,0.046,0.049,15905367
AQZ,20191011,2.25,2.27,2.24,2.24,210499
AR9,20191011,0.125,0.125,0.125,0.125,66282
ARB,20191011,18.29,18.36,18,18.08,171956
ARD,20191011,0.02,0.02,0.019,0.019,150000
ARE,20191011,0.005,0.005,0.005,0.005,2453251
ARF,20191011,2.86,2.89,2.84,2.84,409188
ARG,20191011,8.24,8.24,8.2,8.2,148011
ARL,20191011,0.495,0.5,0.49,0.495,67247
ARM,20191011,0.012,0.013,0.011,0.011,2730656
ARN,20191011,0.17,0.195,0.17,0.19,833880
ARO,20191011,0.003,0.003,0.003,0.003,1290000
ARQ,20191011,0.43,0.43,0.41,0.43,114883
ARS,20191011,0.021,0.021,0.02,0.021,9416487
ARU,20191011,0.087,0.089,0.086,0.088,4468611
AS1,20191011,0.21,0.21,0.2,0.2,25320
ASB,20191011,4.2,4.23,4.12,4.18,1429789
ASL,20191011,2.18,2.195,2.12,2.14,1662688
ASN,20191011,0.037,0.038,0.036,0.038,88861
AST,20191011,1.82,1.82,1.795,1.81,3884359
ASX,20191011,80.62,81.42,80.2,81.31,358011
ATC,20191011,0.115,0.122,0.115,0.115,105977
ATH,20191011,0.028,0.028,0.028,0.028,160000
ATL,20191011,0.465,0.48,0.465,0.48,115679
ATP,20191011,0.007,0.007,0.007,0.007,37000
ATS,20191011,0.16,0.16,0.155,0.155,216350
ATU,20191011,0.36,0.36,0.335,0.335,304618
ATX,20191011,0.082,0.083,0.082,0.083,4900
AU1,20191011,0.066,0.066,0.064,0.064,565697
AU8,20191011,0.12,0.12,0.115,0.115,407000
AUB,20191011,11.08,11.28,10.9,11.28,439183
AUH,20191011,0.005,0.005,0.005,0.005,250000
AUI,20191011,9.38,9.5,9.37,9.42,17262
AUL,20191011,0.002,0.002,0.002,0.002,2710046
AUP,20191011,2.95,2.95,2.82,2.95,19175
AUQ,20191011,0.023,0.023,0.022,0.022,251588
AUR,20191011,0.013,0.014,0.013,0.013,159401
AUT,20191011,0.007,0.007,0.007,0.007,15621
AUZ,20191011,0.025,0.025,0.023,0.023,10049888
AV1,20191011,0.15,0.15,0.145,0.15,251270
AVA,20191011,0.1,0.1,0.1,0.1,185000
AVC,20191011,0.22,0.245,0.22,0.245,50000
AVG,20191011,0.52,0.52,0.515,0.52,110099
AVH,20191011,0.585,0.605,0.575,0.575,7158042
AVJ,20191011,0.57,0.575,0.57,0.57,359168
AVL,20191011,0.011,0.011,0.011,0.011,1018964
AVN,20191011,2.67,2.72,2.64,2.69,550979
AVZ,20191011,0.044,0.047,0.044,0.045,11239404
AWC,20191011,2.26,2.27,2.225,2.25,8807642
AWN,20191011,0.18,0.18,0.18,0.18,111000
AX1,20191011,1.58,1.62,1.565,1.6,1071893
AXE,20191011,0.14,0.145,0.135,0.14,203611
AYS,20191011,0.35,0.357,0.335,0.34,952253
AZI,20191011,0.006,0.006,0.006,0.006,4209465
AZJ,20191011,5.89,5.91,5.815,5.84,8879453
AZM,20191011,0.028,0.028,0.028,0.028,331000
AZS,20191011,0.17,0.17,0.167,0.17,108875
AZY,20191011,0.017,0.017,0.016,0.016,1460764
BAF,20191011,0.79,0.8,0.79,0.795,165857
BAL,20191011,12.92,12.92,12.88,12.88,7520053
BAP,20191011,7.1,7.12,7.01,7.08,505188
BAR,20191011,0.021,0.021,0.021,0.021,437245
BAS,20191011,0.002,0.003,0.002,0.003,3045666
BAT,20191011,0.01,0.01,0.009,0.009,6959219
BAU,20191011,0.045,0.046,0.045,0.045,243021
BBC,20191011,0.66,0.67,0.66,0.67,153333
BBN,20191011,3.49,3.49,3.35,3.41,367775
BBX,20191011,0.2,0.2,0.2,0.2,6423
BC8,20191011,0.44,0.44,0.365,0.43,514262
BCB,20191011,0.06,0.062,0.06,0.061,398823
BCC,20191011,0.23,0.235,0.225,0.225,271400
BCI,20191011,0.165,0.165,0.165,0.165,177272
BCK,20191011,0.027,0.027,0.027,0.027,20091
BCN,20191011,0.044,0.044,0.043,0.043,1953943
BCT,20191011,0.16,0.16,0.145,0.155,2042215
BD1,20191011,0.043,0.046,0.043,0.045,7429621
BDA,20191011,0.425,0.445,0.425,0.43,84335
BDC,20191011,0.099,0.1,0.096,0.098,3732765
BDG,20191011,0.069,0.07,0.069,0.069,120000
BEE,20191011,0.018,0.018,0.017,0.017,1081375
BEL,20191011,0.054,0.054,0.053,0.053,8812
BEM,20191011,0.05,0.05,0.048,0.05,188616
BEN,20191011,11.18,11.34,11.18,11.24,1183041
BET,20191011,0.175,0.185,0.17,0.18,1045031
BFC,20191011,0.105,0.105,0.1,0.1,421073
BFG,20191011,0.925,0.93,0.925,0.93,17377
BGA,20191011,4.46,4.47,4.39,4.43,528542
BGL,20191011,0.56,0.575,0.555,0.56,2089718
BGP,20191011,3.41,3.46,3.41,3.46,10
BGT,20191011,0.165,0.165,0.165,0.165,36671
BHP,20191011,35.87,36.03,35.73,35.82,5226574
BID,20191011,0.59,0.59,0.58,0.58,105104
BIN,20191011,2.19,2.21,2.14,2.16,1352881
BIS,20191011,1.045,1.05,1.045,1.05,17152
BIT,20191011,0.075,0.076,0.074,0.074,789292
BKI,20191011,1.64,1.64,1.625,1.63,180675
BKL,20191011,82.79,83.92,82.08,82.69,43719
BKT,20191011,0.06,0.061,0.058,0.061,252195
BKW,20191011,17.52,17.62,17.47,17.6,1303074
BKY,20191011,0.26,0.26,0.26,0.26,202758
BLD,20191011,4.61,4.7,4.58,4.67,4190298
BLG,20191011,0.125,0.13,0.125,0.13,187752
BLK,20191011,0.01,0.01,0.01,0.01,8843175
BLT,20191011,0.052,0.052,0.051,0.051,481890
BLU,20191011,0.043,0.043,0.04,0.042,808780
BLX,20191011,1.175,1.185,1.16,1.17,212913
BLY,20191011,0.008,0.008,0.007,0.007,9974433
BMG,20191011,0.005,0.005,0.005,0.005,500000
BMN,20191011,0.044,0.044,0.043,0.044,667588
BNL,20191011,0.007,0.007,0.006,0.006,2279999
BNO,20191011,0.12,0.13,0.115,0.125,3886331
BOA,20191011,0.135,0.19,0.135,0.19,40306
BOC,20191011,0.096,0.096,0.096,0.096,10000
BOE,20191011,0.064,0.064,0.062,0.062,640901
BOL,20191011,0.165,0.165,0.165,0.165,92651
BOQ,20191011,9.61,9.66,9.56,9.63,1884108
BOT,20191011,0.24,0.247,0.24,0.245,2407225
BPH,20191011,0.002,0.002,0.002,0.002,1000000
BPL,20191011,0.025,0.026,0.025,0.026,235796
BPT,20191011,2.4,2.42,2.355,2.37,5297051
BRB,20191011,0.35,0.362,0.35,0.35,620921
BRG,20191011,16,16.18,15.63,15.88,188789
BRI,20191011,1.23,1.23,1.23,1.23,1400
BRK,20191011,0.009,0.009,0.009,0.009,91560
BRL,20191011,0.09,0.093,0.09,0.093,494299
BRN,20191011,0.054,0.058,0.053,0.058,9236387
BRU,20191011,0.275,0.275,0.26,0.275,134622
BRV,20191011,0.016,0.016,0.015,0.016,2668648
BSA,20191011,0.44,0.44,0.44,0.44,40995
BSE,20191011,0.24,0.242,0.24,0.24,10321122
BSL,20191011,11.7,11.93,11.66,11.86,2279011
BSM,20191011,0.008,0.008,0.008,0.008,111817
BSR,20191011,0.016,0.016,0.015,0.015,1473749
BSX,20191011,0.14,0.155,0.14,0.145,344005
BTH,20191011,0.545,0.545,0.535,0.54,255021
BTI,20191011,0.915,0.92,0.91,0.91,54000
BUB,20191011,1.23,1.26,1.22,1.225,1502884
BUD,20191011,0.022,0.027,0.022,0.025,34111058
BUX,20191011,0.088,0.088,0.08,0.08,567071
BUY,20191011,0.004,0.004,0.004,0.004,2100000
BVS,20191011,3.86,3.86,3.765,3.83,1336016
BWF,20191011,0.92,0.92,0.92,0.92,1026
BWP,20191011,4.08,4.12,4.05,4.12,1606784
BWR,20191011,1.29,1.29,1.29,1.29,50000
BWX,20191011,3.98,4.14,3.87,4.07,437431
BXB,20191011,11.6,11.675,11.54,11.6,4418544
BXN,20191011,0.019,0.019,0.019,0.019,165857
BYE,20191011,0.34,0.345,0.335,0.34,1779305
BYH,20191011,0.059,0.059,0.057,0.057,78978
C6C,20191011,0.69,0.69,0.69,0.69,10000
CA8,20191011,0.086,0.086,0.085,0.085,26624
CAD,20191011,0.001,0.001,0.001,0.001,800000
CAF,20191011,0.12,0.12,0.12,0.12,2807
CAG,20191011,0.75,0.825,0.75,0.76,28232
CAI,20191011,0.027,0.027,0.027,0.027,1972420
CAJ,20191011,0.235,0.235,0.23,0.235,1734444
CAM,20191011,0.915,0.92,0.9,0.91,516668
CAN,20191011,1.45,1.45,1.375,1.375,425038
CAP,20191011,0.042,0.042,0.042,0.042,2465
CAR,20191011,15.2,15.28,14.97,15,696298
CAT,20191011,1.385,1.39,1.345,1.37,199517
CAV,20191011,0.003,0.003,0.003,0.003,410000
CAY,20191011,0.15,0.155,0.15,0.15,195097
CAZ,20191011,0.044,0.044,0.044,0.044,332519
CBA,20191011,78.84,78.96,78.4,78.77,2361404
CBY,20191011,0.205,0.22,0.19,0.205,192176
CCA,20191011,0.23,0.3,0.225,0.27,6227277
CCG,20191011,0.066,0.069,0.066,0.068,414100
CCL,20191011,10.41,10.44,10.34,10.37,1764201
CCP,20191011,30.4,30.55,29.98,30.28,180388
CCV,20191011,0.15,0.155,0.15,0.152,177855
CCX,20191011,2.81,2.92,2.78,2.9,241263
CCZ,20191011,0.023,0.023,0.02,0.02,1842503
CD2,20191011,2,2,2,2,4000
CD3,20191011,1.445,1.445,1.42,1.42,39000
CDA,20191011,5.7,5.71,5.48,5.5,407082
CDD,20191011,0.96,1,0.91,0.95,418995
CDM,20191011,0.795,0.8,0.79,0.79,238862
CDP,20191011,6.29,6.4,6.15,6.2,2109980
CDT,20191011,0.009,0.009,0.009,0.009,70418
CDV,20191011,0.39,0.39,0.385,0.39,351826
CDX,20191011,0.026,0.027,0.026,0.026,66638
CE1,20191011,0.009,0.009,0.009,0.009,1760000
CEL,20191011,0.042,0.042,0.04,0.04,176210
CFE,20191011,0.005,0.006,0.005,0.005,7777006
CG1,20191011,0.325,0.325,0.325,0.325,30000
CGA,20191011,0.45,0.465,0.405,0.405,126284
CGB,20191011,0.024,0.025,0.024,0.024,1558494
CGC,20191011,3.44,3.505,3.43,3.49,4706416
CGF,20191011,6.93,6.97,6.85,6.86,2029259
CGL,20191011,3.4,3.5,3.4,3.5,72750
CGO,20191011,0.175,0.175,0.17,0.17,3600
CGR,20191011,0.465,0.465,0.465,0.465,60740
CGS,20191011,0.28,0.29,0.28,0.29,119071
CHC,20191011,11.64,11.695,11.34,11.49,1793104
CHK,20191011,0.014,0.014,0.014,0.014,70000
CHN,20191011,0.21,0.21,0.2,0.205,334558
CHZ,20191011,0.07,0.071,0.07,0.071,150000
CIA,20191011,2.18,2.21,2.16,2.2,265188
CIE,20191011,0.815,0.835,0.815,0.835,143525
CII,20191011,1.205,1.205,1.205,1.205,1000
CIM,20191011,31.82,32.44,31.72,32.44,816739
CIN,20191011,31.58,31.58,31.5,31.5,8227
CIO,20191011,0.004,0.004,0.004,0.004,4333333
CIP,20191011,3.27,3.3,3.24,3.25,133342
CKA,20191011,0.045,0.046,0.045,0.046,400058
CKF,20191011,10.3,10.44,10.19,10.25,295772
CL1,20191011,1.45,1.475,1.445,1.45,88325
CL8,20191011,0.01,0.01,0.01,0.01,141769
CLA,20191011,0.016,0.017,0.015,0.016,566640
CLF,20191011,1.29,1.29,1.29,1.29,4000
CLH,20191011,1.23,1.23,1.19,1.21,291081
CLI,20191011,0.057,0.059,0.056,0.058,2629799
CLQ,20191011,0.275,0.29,0.275,0.28,925632
CLV,20191011,3.23,3.31,3.18,3.2,470564
CLW,20191011,5.81,5.81,5.73,5.8,593312
CLX,20191011,0.76,0.76,0.76,0.76,2080
CLZ,20191011,0.004,0.004,0.003,0.003,23920200
CM8,20191011,0.026,0.027,0.026,0.027,595194
CMA,20191011,3.05,3.06,2.96,2.97,2009773
CML,20191011,0.022,0.022,0.022,0.022,100000
CMM,20191011,0.23,0.23,0.22,0.22,974532
CMP,20191011,0.62,0.62,0.61,0.61,28521
CMW,20191011,1.26,1.27,1.255,1.265,28304829
CNB,20191011,0.105,0.11,0.105,0.11,248099
CNI,20191011,2.15,2.15,2.11,2.12,428449
CNJ,20191011,0.009,0.009,0.009,0.009,82284
CNL,20191011,0.07,0.07,0.07,0.07,70258
CNU,20191011,4.86,4.97,4.82,4.95,731630
CNW,20191011,0.038,0.038,0.038,0.038,135501
COB,20191011,0.15,0.15,0.14,0.14,202637
COE,20191011,0.54,0.555,0.54,0.555,2919902
COG,20191011,0.09,0.09,0.09,0.09,8946
COH,20191011,208.74,209.49,206.54,207.16,124742
COI,20191011,0.255,0.255,0.25,0.255,414423
COL,20191011,15.3,15.37,15.23,15.37,1752633
COO,20191011,0.032,0.035,0.032,0.035,264353
COY,20191011,0.008,0.008,0.008,0.008,538676
CP1,20191011,0.14,0.14,0.14,0.14,7500
CPH,20191011,0.31,0.31,0.29,0.295,417400
CPU,20191011,15.68,15.72,15.54,15.66,820666
CPV,20191011,0.18,0.185,0.18,0.185,43301
CQE,20191011,3.7,3.75,3.68,3.72,170995
CQR,20191011,4.31,4.325,4.28,4.32,705860
CR1,20191011,0.22,0.23,0.22,0.23,22891
CRD,20191011,2.2,2.2,2.19,2.19,14897
CRN,20191011,2.31,2.38,2.31,2.36,311988
CRO,20191011,0.009,0.01,0.009,0.009,398455
CRS,20191011,0.13,0.13,0.13,0.13,5000
CSL,20191011,243.2,245.99,241.92,244.54,763016
CSR,20191011,4,4.01,3.94,3.97,1845364
CSS,20191011,0.815,0.835,0.81,0.82,50608
CSV,20191011,0.235,0.235,0.235,0.235,45187
CT1,20191011,0.012,0.012,0.012,0.012,1315682
CTD,20191011,17.93,18,17.34,17.6,630016
CTM,20191011,0.013,0.014,0.013,0.013,2085574
CTO,20191011,0.006,0.006,0.006,0.006,100000
CTP,20191011,0.17,0.18,0.17,0.18,819366
CTX,20191011,25.82,26.09,25.56,25.65,1201042
CUE,20191011,0.12,0.12,0.115,0.115,15600
CUL,20191011,0.012,0.014,0.012,0.014,396259
CUP,20191011,1.07,1.08,1.015,1.05,77043
CUV,20191011,37.99,39.33,36.3,36.8,731584
CV1,20191011,0.125,0.135,0.125,0.135,121698
CVC,20191011,2.16,2.18,2.16,2.18,6007
CVF,20191011,1.065,1.075,1.06,1.07,220087
CVN,20191011,0.4,0.41,0.395,0.41,5109251
CVW,20191011,0.605,0.605,0.605,0.605,15905
CWL,20191011,0.068,0.068,0.066,0.066,139117
CWN,20191011,12.06,12.1,11.975,12.06,822268
CWP,20191011,6.71,6.71,6.57,6.64,33845
CWX,20191011,0.22,0.24,0.22,0.235,259129
CWY,20191011,2.09,2.1,2.01,2.03,10022789
CXL,20191011,0.68,0.7,0.67,0.69,1233527
CXM,20191011,0.105,0.105,0.105,0.105,6316
CXO,20191011,0.038,0.039,0.037,0.037,1879371
CXX,20191011,0.06,0.06,0.06,0.06,5
CXZ,20191011,0.018,0.019,0.018,0.019,62376
CYB,20191011,2.05,2.18,2.04,2.15,7110208
CYC,20191011,1.27,1.27,1.27,1.27,5600
CYG,20191011,1.06,1.06,1.06,1.06,1876
CYL,20191011,2.5,2.5,2.46,2.46,4521
CYP,20191011,1.52,1.525,1.5,1.51,58892
CZL,20191011,0.01,0.01,0.01,0.01,535000
CZN,20191011,0.003,0.003,0.003,0.003,669288
CZR,20191011,0.009,0.01,0.009,0.01,1150000
D2O,20191011,1.395,1.395,1.38,1.395,43522
DBF,20191011,1.19,1.19,1.17,1.17,26000
DCC,20191011,0.028,0.029,0.027,0.027,690123
DCG,20191011,0.88,0.91,0.88,0.9,68119
DCL,20191011,0.078,0.085,0.078,0.081,78301
DCN,20191011,1.46,1.54,1.445,1.52,1395745
DDR,20191011,7.52,7.7,7.42,7.47,63195
DDT,20191011,0.006,0.006,0.006,0.006,50000
DEG,20191011,0.065,0.065,0.063,0.064,1055277
DEM,20191011,0.235,0.25,0.235,0.24,175898
DEV,20191011,0.091,0.091,0.091,0.091,118536
DGH,20191011,1.47,1.5,1.47,1.5,2709
DGR,20191011,0.079,0.08,0.075,0.079,1683982
DHG,20191011,3.35,3.38,3.25,3.33,1114426
DHR,20191011,0.003,0.003,0.003,0.003,1625011
DIV,20191011,22.1,22.1,22.1,22.1,6735
DJW,20191011,3.51,3.54,3.48,3.48,71255
DKM,20191011,0.19,0.19,0.19,0.19,81315
DMP,20191011,47.6,49.35,47.5,48.93,364257
DNA,20191011,0.067,0.067,0.064,0.066,1263151
DNK,20191011,0.635,0.635,0.625,0.625,33691
DOR,20191011,0.05,0.05,0.05,0.05,6000
DOW,20191011,7.89,7.995,7.88,7.93,1111094
DRE,20191011,0.009,0.01,0.008,0.01,13628268
DRO,20191011,0.34,0.345,0.335,0.34,419332
DRX,20191011,0.012,0.012,0.011,0.011,577303
DSE,20191011,0.041,0.046,0.041,0.042,3970580
DTL,20191011,3.14,3.15,3.02,3.09,274663
DTM,20191011,0.007,0.007,0.007,0.007,350000
DTR,20191011,0.002,0.002,0.002,0.002,5000000
DTS,20191011,0.16,0.165,0.155,0.155,55199
DUB,20191011,1.565,1.64,1.52,1.625,386860
DUI,20191011,4.68,4.7,4.66,4.66,89442
DW8,20191011,0.007,0.007,0.007,0.007,1026662
DWS,20191011,1.035,1.04,1.035,1.04,11589
DXB,20191011,0.115,0.12,0.105,0.11,966988
DXN,20191011,0.065,0.074,0.063,0.07,3582168
DXS,20191011,11.9,11.92,11.78,11.81,3052421
DYL,20191011,0.27,0.275,0.265,0.275,275218
E2M,20191011,0.19,0.19,0.19,0.19,21775
EAF,20191011,1.26,1.26,1.26,1.26,32373
EAI,20191011,0.93,0.935,0.93,0.93,137760
EAR,20191011,0.335,0.335,0.33,0.335,4117294
EAS,20191011,0.88,0.88,0.88,0.88,2000
EBG,20191011,1.035,1.035,1.03,1.03,1000
EBO,20191011,23.04,23.04,23.04,23.04,350
ECL,20191011,1.165,1.185,1.165,1.185,17713
ECS,20191011,0.044,0.05,0.043,0.05,5321883
ECT,20191011,0.002,0.002,0.002,0.002,1000000
ECX,20191011,1.62,1.63,1.565,1.575,1737490
ED1,20191011,0.8,0.84,0.8,0.83,572595
EDE,20191011,0.05,0.053,0.05,0.05,4243258
EEG,20191011,0.26,0.26,0.245,0.245,140996
EFF,20191011,1.65,1.655,1.65,1.65,19625
EGA,20191011,0.3,0.3,0.3,0.3,75092
EGD,20191011,2.1,2.14,2.1,2.14,149765
EGF,20191011,1.66,1.67,1.66,1.67,81162
EGG,20191011,2.27,2.28,2.25,2.27,2523586
EGH,20191011,0.285,0.285,0.285,0.285,444180
EGI,20191011,0.94,0.945,0.94,0.94,33739
EGN,20191011,0.52,0.52,0.52,0.52,11759
EHE,20191011,2.64,2.675,2.605,2.66,688751
EHH,20191011,0.15,0.15,0.14,0.14,189081
EHL,20191011,1.87,1.93,1.835,1.915,761952
ELD,20191011,6.06,6.17,6.04,6.12,308438
ELO,20191011,6.58,6.6,6.4,6.4,48197
ELS,20191011,0.47,0.485,0.4,0.445,240587
ELT,20191011,0.003,0.005,0.003,0.004,2769000
ELX,20191011,0.565,0.575,0.56,0.56,96464
EM1,20191011,0.017,0.018,0.017,0.017,1139927
EM2,20191011,0.19,0.21,0.19,0.21,62340
EML,20191011,4.28,4.28,4.15,4.18,548597
EMN,20191011,0.15,0.165,0.15,0.155,65535
EMR,20191011,0.04,0.04,0.038,0.038,2149386
EMV,20191011,0.85,0.9,0.81,0.845,233244
EN1,20191011,0.026,0.027,0.026,0.027,538752
ENE,20191011,0.145,0.145,0.145,0.145,3116
ENN,20191011,2.12,2.13,2.12,2.12,8415
ENR,20191011,0.15,0.15,0.15,0.15,70000
EOF,20191011,3.2,3.27,3.13,3.16,136707
EOS,20191011,7.38,7.4,7.28,7.31,347096
EPD,20191011,0.28,0.282,0.27,0.27,30645
EPM,20191011,0.005,0.005,0.004,0.004,19139832
EPW,20191011,2.41,2.42,2.41,2.41,407180
EQE,20191011,0.017,0.017,0.016,0.016,1173886
EQT,20191011,31.8,31.8,30.8,30.8,151194
EQX,20191011,0.275,0.275,0.275,0.275,28315
ERA,20191011,0.207,0.21,0.2,0.21,205280
ERM,20191011,0.135,0.135,0.135,0.135,21291
ERX,20191011,0.084,0.086,0.084,0.086,458190
ESH,20191011,0.011,0.011,0.011,0.011,1625228
ESK,20191011,0.26,0.26,0.26,0.26,7500
ESR,20191011,0.012,0.012,0.011,0.011,2926585
EVE,20191011,0.005,0.005,0.005,0.005,3300000
EVN,20191011,4.72,4.74,4.62,4.65,4122148
EVO,20191011,0.11,0.115,0.11,0.115,1916741
EVT,20191011,13.12,13.38,13.1,13.22,28258
EWC,20191011,0.083,0.085,0.081,0.084,205746
EX1,20191011,0.395,0.41,0.395,0.41,42270
EXL,20191011,2.1,2.14,2.04,2.06,325539
EXO,20191011,0.003,0.003,0.003,0.003,333333
EXP,20191011,0.24,0.24,0.235,0.235,348556
EXR,20191011,0.049,0.053,0.048,0.05,11996149
EZL,20191011,0.98,1.01,0.975,0.99,71860
FAR,20191011,0.054,0.054,0.052,0.053,10235794
FAU,20191011,0.017,0.017,0.016,0.016,80707
FBR,20191011,0.062,0.065,0.061,0.062,4606545
FBU,20191011,4.43,4.445,4.37,4.37,882371
FCL,20191011,3,3.04,2.93,3.04,158430
FCT,20191011,0.17,0.185,0.17,0.18,336276
FDV,20191011,0.75,0.765,0.745,0.745,317899
FEL,20191011,0.015,0.015,0.015,0.015,566000
FEX,20191011,0.054,0.054,0.053,0.053,84762
FFG,20191011,0.01,0.01,0.01,0.01,38615
FGG,20191011,1.265,1.28,1.255,1.275,120194
FGO,20191011,0.002,0.003,0.002,0.003,1250000
FGR,20191011,0.19,0.2,0.19,0.2,389603
FGX,20191011,1.12,1.135,1.12,1.135,127184
FHS,20191011,0.012,0.012,0.011,0.011,3176709
FID,20191011,5.65,5.65,5.42,5.58,5436
FIJ,20191011,0.1,0.1,0.098,0.1,75640
FLC,20191011,0.505,0.505,0.495,0.495,346048
FLN,20191011,0.77,0.77,0.76,0.76,56335
FLT,20191011,41.81,42.27,41.44,41.6,589623
FMG,20191011,8.62,8.87,8.59,8.81,14103554
FMS,20191011,0.069,0.072,0.069,0.07,353082
FNP,20191011,5.15,5.19,5.1,5.15,331550
FNT,20191011,0.012,0.012,0.012,0.012,499761
FOD,20191011,0.066,0.082,0.066,0.075,3145506
FOR,20191011,1.19,1.2,1.19,1.2,48468
FPC,20191011,0.93,0.93,0.93,0.93,15000
FPH,20191011,16,16.14,15.84,15.96,257289
FPL,20191011,0.008,0.008,0.007,0.007,7324684
FPP,20191011,0.99,1.02,0.985,0.985,4222
FRM,20191011,0.35,0.35,0.35,0.35,472
FSF,20191011,3.75,3.75,3.72,3.72,12160
FSG,20191011,0.02,0.02,0.019,0.019,525425
FSI,20191011,1.85,1.85,1.85,1.85,2655
FTT,20191011,0.003,0.003,0.003,0.003,285000
FTZ,20191011,0.105,0.105,0.105,0.105,75000
FWD,20191011,1.92,1.94,1.9,1.9,8151
FXL,20191011,2.28,2.28,2.18,2.22,713118
FYI,20191011,0.065,0.065,0.061,0.063,598907
FZO,20191011,0.195,0.2,0.195,0.195,543042
G1A,20191011,0.34,0.345,0.34,0.345,17061000
G88,20191011,0.07,0.07,0.07,0.07,9500
GAL,20191011,0.12,0.13,0.12,0.13,31321
GAP,20191011,0.295,0.3,0.295,0.295,99407
GBE,20191011,0.019,0.019,0.019,0.019,400127
GBR,20191011,0.046,0.046,0.046,0.046,12000
GBT,20191011,3.84,3.84,3.83,3.83,85487
GBZ,20191011,0.005,0.005,0.005,0.005,152245
GC1,20191011,0.84,0.84,0.84,0.84,19207
GCI,20191011,2.06,2.06,2.05,2.06,149514
GCM,20191011,2.33,2.33,2.33,2.33,2145
GDF,20191011,1.48,1.48,1.47,1.47,93742
GDG,20191011,0.72,0.72,0.71,0.71,18965
GDI,20191011,1.52,1.52,1.49,1.515,1340920
GED,20191011,0.025,0.026,0.025,0.026,236610
GEM,20191011,2.42,2.51,2.405,2.51,2127776
GEV,20191011,0.145,0.15,0.135,0.14,398775
GGG,20191011,0.12,0.12,0.12,0.12,367138
GID,20191011,0.05,0.05,0.05,0.05,103548
GLA,20191011,0.001,0.001,0.001,0.001,2315299
GLB,20191011,1.47,1.475,1.47,1.47,33509
GLL,20191011,1.1,1.1,1.03,1.04,197962
GLN,20191011,0.195,0.205,0.19,0.205,212485
GLV,20191011,0.002,0.002,0.002,0.002,8265648
GMA,20191011,3.51,3.545,3.43,3.46,326900
GMC,20191011,0.006,0.006,0.005,0.005,11930567
GMD,20191011,0.033,0.033,0.032,0.033,761143
GME,20191011,0.06,0.06,0.06,0.06,11311
GMG,20191011,14.23,14.26,14.06,14.18,3763369
GML,20191011,0.019,0.019,0.018,0.018,1299852
GMN,20191011,0.057,0.07,0.057,0.07,1052821
GMR,20191011,0.014,0.015,0.014,0.014,1530283
GNC,20191011,8,8.01,7.865,7.89,371448
GNE,20191011,3.3,3.32,3.29,3.29,6362
GNG,20191011,0.82,0.825,0.82,0.825,29027
GNX,20191011,0.235,0.24,0.235,0.24,138224
GO2,20191011,0.021,0.021,0.02,0.021,705299
GOR,20191011,1.165,1.185,1.155,1.16,2954784
GOW,20191011,2.24,2.24,2.24,2.24,8400
GOZ,20191011,4.34,4.36,4.32,4.35,894380
GPR,20191011,0.029,0.029,0.028,0.028,540463
GPT,20191011,6.18,6.215,6.115,6.14,3869560
GPX,20191011,0.185,0.19,0.18,0.19,142781
GRB,20191011,0.093,0.094,0.093,0.094,80400
GRR,20191011,0.22,0.225,0.215,0.225,898575
GSN,20191011,0.056,0.06,0.056,0.06,207852
GSS,20191011,1.1,1.1,1.1,1.1,7800
GSW,20191011,0.65,0.65,0.62,0.64,210413
GTE,20191011,0.004,0.004,0.004,0.004,745290
GTK,20191011,4.89,4.89,4.825,4.89,2567
GTN,20191011,0.825,0.825,0.81,0.825,9999
GTR,20191011,0.012,0.013,0.012,0.013,500000
GUD,20191011,10.42,10.49,10.25,10.3,204610
GVF,20191011,1.03,1.035,1.03,1.035,33585
GWA,20191011,3.5,3.5,3.25,3.26,572249
GWR,20191011,0.097,0.097,0.09,0.09,48265
GXY,20191011,0.925,0.95,0.92,0.94,2761827
HAS,20191011,0.17,0.175,0.17,0.175,617719
HAV,20191011,0.11,0.11,0.11,0.11,78102
HAW,20191011,0.059,0.059,0.056,0.056,121184
HCH,20191011,0.039,0.04,0.038,0.039,4150895
HCT,20191011,0.07,0.07,0.07,0.07,4700
HE8,20191011,0.195,0.225,0.195,0.225,4805258
HFR,20191011,0.58,0.595,0.535,0.585,119237
HGO,20191011,0.071,0.071,0.07,0.07,434037
HIL,20191011,0.215,0.225,0.215,0.225,367936
HIP,20191011,0.014,0.015,0.014,0.015,290312
HIT,20191011,1.085,1.085,1.085,1.085,1800
HLA,20191011,0.885,0.885,0.88,0.885,20000
HLO,20191011,4.62,4.65,4.56,4.64,73027
HLS,20191011,3.11,3.11,3.045,3.06,628057
HLX,20191011,0.018,0.018,0.018,0.018,79387
HM1,20191011,2.95,2.96,2.93,2.95,155588
HMD,20191011,0.16,0.16,0.16,0.16,30250
HMX,20191011,0.025,0.025,0.023,0.023,151194
HNR,20191011,0.009,0.01,0.009,0.01,360000
HOR,20191011,0.014,0.015,0.014,0.015,137545
HPI,20191011,3.27,3.29,3.22,3.26,526006
HRL,20191011,0.11,0.11,0.11,0.11,350000
HRN,20191011,0.325,0.325,0.3,0.3,23280
HRR,20191011,0.185,0.185,0.18,0.18,232042
HRZ,20191011,0.13,0.14,0.13,0.135,287548
HSC,20191011,0.016,0.016,0.007,0.008,3521834
HSN,20191011,3.56,3.58,3.495,3.53,2052955
HT1,20191011,1.88,1.88,1.845,1.875,44569
HT8,20191011,0.014,0.017,0.014,0.017,30000
HTA,20191011,0.12,0.125,0.12,0.125,1140
HUB,20191011,12.4,12.75,11.91,12.18,421979
HUO,20191011,4.42,4.49,4.4,4.42,508660
HVN,20191011,4.2,4.22,4.115,4.13,3747203
HWK,20191011,0.011,0.011,0.011,0.011,1125245
HXG,20191011,0.06,0.063,0.057,0.063,397389
HYD,20191011,0.029,0.029,0.029,0.029,254072
HZN,20191011,0.135,0.14,0.132,0.14,168387
HZR,20191011,0.475,0.52,0.475,0.49,1116111
IAA,20191011,87.59,88.18,87.18,88.18,4913
IAF,20191011,115.79,115.79,115.51,115.51,16179
IAG,20191011,7.73,7.73,7.65,7.73,4230052
IAM,20191011,0.002,0.002,0.001,0.001,900000
IAP,20191011,1.545,1.57,1.545,1.555,620980
IBX,20191011,0.037,0.037,0.036,0.036,660671
ICQ,20191011,0.275,0.285,0.272,0.275,2283168
ICT,20191011,0.059,0.059,0.055,0.055,176929
ID8,20191011,0.33,0.34,0.33,0.34,19000
IDA,20191011,0.025,0.025,0.025,0.025,294000
IDT,20191011,0.175,0.175,0.175,0.175,2863
IDX,20191011,3.14,3.16,3.08,3.14,142037
IDZ,20191011,0.009,0.009,0.009,0.009,270024
IEC,20191011,0.007,0.007,0.007,0.007,29000
IEL,20191011,15.79,15.99,15.48,15.84,1092113
IEM,20191011,60.86,61.39,60.65,61.39,8651
IEU,20191011,63.12,63.48,62.99,63.23,20752
IFL,20191011,6.1,6.26,6.06,6.26,1481187
IFM,20191011,2.21,2.23,2.185,2.19,198698
IFN,20191011,0.67,0.675,0.655,0.66,694202
IFT,20191011,4.73,4.74,4.65,4.65,2330
IGB,20191011,114.63,114.63,114.32,114.32,5013
IGE,20191011,0.11,0.112,0.11,0.112,61779
IGL,20191011,2.02,2.03,2,2,143077
IGO,20191011,6.24,6.34,6.18,6.25,2070770
IHD,20191011,13.66,13.69,13.65,13.69,13482
IHL,20191011,0.085,0.087,0.085,0.086,1870258
IHR,20191011,0.076,0.076,0.076,0.076,7000
IJH,20191011,278.4,278.82,277.41,278.82,6307
IJP,20191011,83.2,83.94,83.19,83.47,6960
IJR,20191011,111.93,111.93,111.7,111.7,1380
IKE,20191011,0.58,0.58,0.58,0.58,250
IKO,20191011,84.44,84.47,84.16,84.45,354
ILB,20191011,127.22,128.31,127.16,128.14,940
ILC,20191011,25.53,25.58,25.49,25.53,6883
ILU,20191011,7.76,8.05,7.72,8.02,2374985
IMA,20191011,0.26,0.265,0.26,0.265,391973
IMC,20191011,0.12,0.125,0.12,0.12,857018
IMD,20191011,1.48,1.485,1.382,1.425,1471218
IME,20191011,0.047,0.047,0.043,0.043,922628
IMF,20191011,3.8,3.86,3.78,3.8,378937
IMM,20191011,0.027,0.027,0.024,0.025,9375614
IMR,20191011,1.265,1.265,1.265,1.265,400
IMU,20191011,0.021,0.021,0.02,0.02,9695543
INA,20191011,4.01,4.1,4.01,4.08,139541
INF,20191011,0.069,0.069,0.068,0.068,216943
ING,20191011,3.01,3.03,2.98,3.03,929038
INK,20191011,0.091,0.092,0.087,0.087,110688
INR,20191011,0.17,0.18,0.17,0.175,8281524
IOD,20191011,0.18,0.2,0.18,0.2,1324967
IOO,20191011,72.47,72.58,72.34,72.54,14406
IOZ,20191011,26.92,26.94,26.85,26.91,170889
IPB,20191011,0.026,0.026,0.026,0.026,60000
IPD,20191011,0.175,0.175,0.165,0.165,203233
IPH,20191011,8.18,8.24,8.105,8.16,611637
IPL,20191011,3.29,3.31,3.28,3.3,2281203
IRD,20191011,0.055,0.055,0.055,0.055,30000
IRE,20191011,11.43,11.73,11.26,11.35,421402
IRI,20191011,3.02,3.1,2.9,3,117475
ISD,20191011,0.41,0.41,0.39,0.4,310769
ISO,20191011,4.96,4.96,4.93,4.93,806
ISU,20191011,0.565,0.57,0.565,0.565,20095
ITW,20191011,56.28,56.28,56.28,56.28,520
IVC,20191011,13.77,13.8,13.49,13.64,285781
IVE,20191011,95.34,95.41,94.92,95.41,3193
IVR,20191011,0.019,0.02,0.019,0.02,353144
IVV,20191011,437.88,437.88,436.3,437.26,9366
IVZ,20191011,0.034,0.034,0.034,0.034,184047
IXC,20191011,0.6,0.6,0.58,0.58,18131
IXI,20191011,80.98,80.98,80.35,80.51,1724
IXJ,20191011,89.11,89.55,89.11,89.37,4466
IZZ,20191011,60.39,60.8,60.39,60.8,3389
JAN,20191011,0.315,0.315,0.29,0.315,6496418
JAT,20191011,0.055,0.056,0.055,0.056,264253
JBH,20191011,34.66,35.1,34.59,34.77,545352
JCS,20191011,0.032,0.032,0.03,0.032,344000
JDR,20191011,0.011,0.011,0.011,0.011,425217
JHC,20191011,1.165,1.17,1.15,1.165,172158
JHG,20191011,30.31,30.49,30.23,30.44,170819
JHX,20191011,24.36,24.86,24.3,24.77,914879
JIN,20191011,26.3,27,25.68,25.9,364058
JLG,20191011,1.8,1.83,1.8,1.815,9455
JMS,20191011,0.38,0.38,0.37,0.37,6455495
JRV,20191011,0.22,0.225,0.215,0.22,589278
JXT,20191011,0.32,0.32,0.28,0.28,148129
JYC,20191011,1.64,1.64,1.615,1.615,10660
K2F,20191011,0.165,0.17,0.165,0.17,230000
KAI,20191011,0.014,0.014,0.014,0.014,91301
KAM,20191011,0.065,0.065,0.065,0.065,4761
KAR,20191011,1.16,1.175,1.115,1.135,829096
KAT,20191011,0.76,0.765,0.76,0.765,53250
KCN,20191011,0.43,0.43,0.42,0.425,279721
KEY,20191011,0.009,0.009,0.008,0.008,6286051
KFE,20191011,0.048,0.048,0.047,0.047,315728
KGD,20191011,0.019,0.019,0.019,0.019,20000
KGL,20191011,0.25,0.25,0.25,0.25,14000
KGN,20191011,6.2,6.21,5.95,6.06,737713
KIN,20191011,0.039,0.04,0.039,0.04,50574
KIS,20191011,0.07,0.07,0.07,0.07,20000
KKT,20191011,0.49,0.49,0.485,0.485,166432
KLA,20191011,69.99,69.99,68,68.01,3725
KLL,20191011,0.495,0.505,0.49,0.49,339785
KMD,20191011,2.86,2.87,2.82,2.83,182078
KME,20191011,0.995,1.01,0.995,1.01,24074
KNL,20191011,0.083,0.083,0.082,0.083,257399
KNM,20191011,0.033,0.033,0.03,0.03,1003356
KNO,20191011,0.1,0.1,0.1,0.1,50000
KOR,20191011,0.019,0.019,0.019,0.019,175000
KP2,20191011,0.021,0.021,0.021,0.021,1600
KPG,20191011,0.95,0.95,0.95,0.95,3200
KPO,20191011,0.031,0.041,0.031,0.039,2428164
KPT,20191011,2.5,2.5,2.5,2.5,1350345
KRM,20191011,0.028,0.028,0.028,0.028,170000
KRR,20191011,0.033,0.034,0.032,0.032,961692
KRX,20191011,0.16,0.16,0.16,0.16,10000
KSC,20191011,1.77,1.77,1.77,1.77,2000
KSL,20191011,1.45,1.46,1.42,1.43,280122
KSM,20191011,2.17,2.17,2.17,2.17,4608
KSN,20191011,0.021,0.022,0.021,0.022,1039336
KSS,20191011,0.245,0.275,0.245,0.26,459153
KTA,20191011,0.051,0.063,0.051,0.054,6633940
KTD,20191011,0.475,0.49,0.465,0.47,510098
KTE,20191011,0.005,0.005,0.005,0.005,1000000
KTG,20191011,0.485,0.525,0.425,0.45,8546303
KWR,20191011,0.27,0.27,0.245,0.26,451258
KYK,20191011,0.215,0.24,0.215,0.225,2763092
KZA,20191011,0.53,0.53,0.5,0.5,74880
KZR,20191011,0.27,0.27,0.265,0.27,174301
LAA,20191011,0.054,0.054,0.054,0.054,57000
LAU,20191011,0.365,0.37,0.345,0.345,125306
LBL,20191011,0.825,0.835,0.8,0.815,121395
LBT,20191011,0.115,0.115,0.11,0.11,238814
LCK,20191011,0.22,0.22,0.21,0.21,549174
LCM,20191011,0.215,0.215,0.215,0.215,22500
LCT,20191011,0.019,0.02,0.019,0.02,243228
LCY,20191011,0.004,0.005,0.004,0.005,1443032
LEG,20191011,0.042,0.042,0.04,0.04,1109733
LEP,20191011,5.32,5.33,5.3,5.3,31380
LER,20191011,0.034,0.034,0.034,0.034,20000
LI3,20191011,0.05,0.05,0.05,0.05,55000
LIC,20191011,7.51,7.75,7.5,7.7,257512
LIT,20191011,0.047,0.047,0.046,0.047,328354
LKE,20191011,0.041,0.044,0.04,0.04,1258859
LLC,20191011,17.31,17.48,17.04,17.11,920041
LLO,20191011,1,1,0.95,0.95,3165
LMG,20191011,0.016,0.016,0.016,0.016,65000
LML,20191011,0.006,0.006,0.006,0.006,185169
LNG,20191011,0.22,0.225,0.215,0.225,630379
LNK,20191011,5.67,5.73,5.66,5.73,1452965
LNU,20191011,0.038,0.039,0.038,0.039,946654
LOM,20191011,0.15,0.15,0.145,0.15,450457
LON,20191011,0.17,0.17,0.17,0.17,18200
LOT,20191011,0.051,0.055,0.051,0.055,291594
LOV,20191011,12.79,12.79,12.39,12.52,332837
LPD,20191011,0.017,0.019,0.017,0.019,9462302
LPI,20191011,0.28,0.285,0.265,0.27,4122933
LRS,20191011,0.007,0.009,0.007,0.009,1052339
LSF,20191011,1.5,1.515,1.48,1.5,746439
LSH,20191011,0.049,0.05,0.049,0.05,198490
LTR,20191011,0.094,0.095,0.092,0.092,3764165
LVE,20191011,0.07,0.07,0.07,0.07,4592
LVH,20191011,0.285,0.285,0.27,0.27,7685
LVT,20191011,0.365,0.375,0.34,0.34,11082961
LYC,20191011,2.65,2.71,2.635,2.68,3051422
LYL,20191011,5.3,5.36,5.3,5.35,42455
M7T,20191011,0.735,0.735,0.63,0.68,410167
MA1,20191011,0.955,0.965,0.955,0.955,50676
MAD,20191011,1.1,1.1,1.065,1.065,149846
MAG,20191011,0.068,0.075,0.068,0.075,110000
MAH,20191011,0.185,0.185,0.18,0.18,296304
MAI,20191011,0.49,0.5,0.47,0.47,49833
MAM,20191011,0.4,0.4,0.4,0.4,2500
MAN,20191011,0.017,0.019,0.017,0.019,1100000
MAT,20191011,0.15,0.15,0.14,0.14,632166
MAU,20191011,0.505,0.51,0.505,0.51,30513
MAY,20191011,0.009,0.009,0.009,0.009,364217
MBK,20191011,0.013,0.013,0.013,0.013,23160
MCA,20191011,0.165,0.17,0.155,0.155,189491
MCE,20191011,0.39,0.39,0.38,0.38,20301
MCP,20191011,2.34,2.34,2.18,2.26,210193
MCR,20191011,0.605,0.615,0.58,0.61,1245636
MCX,20191011,0.046,0.046,0.046,0.046,400
MCY,20191011,5.15,5.25,5.15,5.25,3287
MDC,20191011,0.455,0.455,0.445,0.455,58786
MDR,20191011,0.051,0.053,0.051,0.053,1072515
MEA,20191011,0.225,0.23,0.225,0.23,25000
MEB,20191011,0.013,0.013,0.013,0.013,1903229
MEC,20191011,0.86,0.86,0.85,0.85,35000
MEL,20191011,0.043,0.044,0.043,0.044,225572
MEM,20191011,0.085,0.095,0.084,0.09,4223754
MEP,20191011,0.06,0.06,0.058,0.058,42190
MEU,20191011,0.034,0.034,0.029,0.03,1195836
MEY,20191011,0.1,0.1,0.1,0.1,86929
MEZ,20191011,4.96,5.03,4.95,5.03,2740
MFF,20191011,3.18,3.23,3.15,3.18,90407
MFG,20191011,47.81,48.58,46.96,48.35,871372
MGE,20191011,3.83,3.83,3.81,3.82,1017748
MGG,20191011,1.785,1.815,1.78,1.8,773525
MGL,20191011,0.024,0.024,0.023,0.023,169303
MGR,20191011,3.03,3.04,3,3.04,4887234
MGT,20191011,0.005,0.005,0.004,0.004,1077000
MGV,20191011,0.078,0.08,0.078,0.078,624038
MGX,20191011,0.73,0.745,0.72,0.72,1186856
MHC,20191011,0.005,0.005,0.005,0.005,40000
MHG,20191011,3.35,3.35,3.35,3.35,39643
MHH,20191011,1.495,1.52,1.495,1.5,3694398
MHJ,20191011,0.66,0.68,0.645,0.68,1095298
MIL,20191011,0.3,0.3,0.295,0.295,6667
MIN,20191011,12.79,13.05,12.69,13.05,1292525
MIR,20191011,2.46,2.5,2.46,2.5,96839
MJC,20191011,0.017,0.017,0.017,0.017,19424
MKG,20191011,0.08,0.084,0.077,0.084,186537
MLD,20191011,0.94,0.94,0.92,0.94,146580
MLL,20191011,0.083,0.083,0.083,0.083,33916
MLS,20191011,0.002,0.002,0.002,0.002,4287000
MLT,20191011,4.79,4.79,4.77,4.78,67831
MLX,20191011,0.165,0.167,0.16,0.16,1081454
MMI,20191011,0.125,0.14,0.125,0.14,1286204
MMJ,20191011,0.225,0.225,0.225,0.225,234123
MML,20191011,0.8,0.81,0.795,0.795,171222
MMM,20191011,0.435,0.435,0.39,0.405,106650
MMR,20191011,0.006,0.006,0.006,0.006,6348
MMS,20191011,16.11,16.255,15.9,15.93,258101
MNC,20191011,0.079,0.08,0.076,0.08,602460
MND,20191011,14.93,14.97,14.745,14.8,267997
MNF,20191011,5.05,5.05,4.99,5.03,20744
MNS,20191011,0.175,0.175,0.175,0.175,44788
MNW,20191011,0.022,0.022,0.022,0.022,176190
MNY,20191011,2.22,2.23,2.2,2.21,72680
MOB,20191011,0.095,0.1,0.095,0.096,261566
MOC,20191011,1.195,1.265,1.195,1.25,691095
MOE,20191011,3.68,3.72,3.65,3.7,41600
MOQ,20191011,0.22,0.22,0.215,0.22,191650
MOT,20191011,2.06,2.06,2.05,2.06,120814
MOY,20191011,0.085,0.085,0.082,0.083,1303210
MP1,20191011,9.01,9.08,8.91,9.07,833911
MPH,20191011,0.3,0.3,0.3,0.3,55000
MPL,20191011,3.25,3.26,3.23,3.26,3230318
MPW,20191011,0.1,0.1,0.1,0.1,701090
MQG,20191011,127.51,129.44,127.29,129.39,1014269
MQR,20191011,0.072,0.072,0.07,0.071,314230
MRC,20191011,0.235,0.245,0.235,0.24,27466
MRG,20191011,0.084,0.084,0.083,0.083,30515
MRM,20191011,0.19,0.19,0.185,0.185,84481
MRQ,20191011,0.008,0.008,0.007,0.007,2772482
MRV,20191011,0.004,0.004,0.004,0.004,1797596
MRZ,20191011,0.235,0.235,0.235,0.235,25000
MSB,20191011,1.87,1.897,1.825,1.84,1435625
MSE,20191011,0.013,0.013,0.012,0.012,3553619
MSR,20191011,0.003,0.003,0.003,0.003,5085714
MSV,20191011,0.059,0.061,0.059,0.061,570022
MTB,20191011,0.004,0.004,0.004,0.004,135000
MTC,20191011,0.018,0.018,0.017,0.017,151617
MTH,20191011,0.005,0.005,0.005,0.005,149800
MTO,20191011,2.01,2.06,2.01,2.06,109667
MTS,20191011,2.8,2.81,2.78,2.79,2605286
MVA,20191011,25.36,25.36,25.25,25.26,1661
MVB,20191011,27.65,27.91,27.65,27.91,2540
MVE,20191011,28.56,28.6,28.53,28.57,4097
MVF,20191011,1.04,1.045,1.02,1.045,157673
MVP,20191011,4.89,4.91,4.81,4.81,1330437
MVR,20191011,28.97,28.97,28.88,28.89,1853
MVS,20191011,20.53,20.55,20.53,20.55,2064
MVW,20191011,30.67,30.72,30.58,30.67,40276
MWR,20191011,3.71,3.71,3.57,3.65,14259
MWY,20191011,2.4,2.42,2.4,2.41,63536
MX1,20191011,0.325,0.34,0.325,0.335,149763
MXC,20191011,0.035,0.036,0.034,0.036,3002415
MXI,20191011,0.235,0.235,0.235,0.235,19264
MXR,20191011,0.062,0.064,0.062,0.064,25131
MXT,20191011,2.07,2.07,2.06,2.06,1007085
MYE,20191011,1.08,1.095,1.06,1.09,86948
MYL,20191011,0.05,0.05,0.049,0.049,444115
MYQ,20191011,0.265,0.265,0.265,0.265,16334
MYR,20191011,0.57,0.585,0.565,0.575,777415
MYS,20191011,4.63,4.64,4.6,4.61,24633
MYX,20191011,0.595,0.6,0.58,0.585,3343398
MZN,20191011,0.072,0.073,0.069,0.073,180417
N27,20191011,0.038,0.038,0.038,0.038,27
NAB,20191011,28.24,28.29,28.065,28.2,3563605
NAC,20191011,0.925,0.93,0.925,0.93,34528
NAG,20191011,0.062,0.065,0.062,0.065,353366
NAN,20191011,6.46,6.64,6.375,6.46,1526075
NBI,20191011,2.08,2.09,2.07,2.08,788130
NBL,20191011,2.8,2.9,2.75,2.84,25556
NC6,20191011,0.075,0.078,0.075,0.078,41130
NCC,20191011,1.095,1.155,1.095,1.135,80409
NCK,20191011,6.82,6.96,6.71,6.94,167956
NCM,20191011,35.49,35.68,35.14,35.25,1864466
NCR,20191011,0.016,0.016,0.016,0.016,65125
NCZ,20191011,0.255,0.275,0.245,0.265,2158827
NDQ,20191011,19.5,19.51,19.45,19.51,38448
NEA,20191011,2.59,2.6,2.5,2.52,2199615
NEC,20191011,1.855,1.87,1.84,1.86,3581728
NES,20191011,0.07,0.073,0.07,0.073,55000
NET,20191011,0.165,0.17,0.16,0.17,529218
NEU,20191011,2.27,2.52,2.19,2.33,538090
NEW,20191011,1.26,1.26,1.255,1.26,92504
NGE,20191011,0.6,0.605,0.595,0.605,267332
NGI,20191011,3.05,3.09,3,3.04,540782
NHC,20191011,2.24,2.27,2.21,2.24,1645981
NHF,20191011,6.8,6.88,6.775,6.86,627467
NHL,20191011,0.01,0.01,0.01,0.01,498913
NIC,20191011,0.67,0.672,0.66,0.665,3853357
NML,20191011,0.125,0.13,0.12,0.13,1403683
NMT,20191011,0.2,0.202,0.2,0.2,190981
NOR,20191011,0.003,0.003,0.003,0.003,945935
NOV,20191011,0.185,0.185,0.185,0.185,10000
NOX,20191011,0.375,0.4,0.37,0.375,86643
NSB,20191011,0.25,0.25,0.235,0.24,236614
NSC,20191011,0.735,0.74,0.73,0.735,99798
NSR,20191011,1.835,1.84,1.815,1.84,3435775
NST,20191011,11.9,11.96,11.74,11.85,1577328
NTD,20191011,0.4,0.4,0.4,0.4,234874
NTI,20191011,0.018,0.02,0.017,0.017,545572
NTU,20191011,0.059,0.06,0.056,0.056,3410174
NUF,20191011,6.71,6.78,6.41,6.48,2330688
NUH,20191011,0.032,0.035,0.031,0.035,3590534
NUS,20191011,0.27,0.27,0.265,0.265,29212
NVA,20191011,0.038,0.041,0.038,0.039,1450172
NVL,20191011,2.32,2.35,2.29,2.35,47451
NVO,20191011,0.014,0.014,0.013,0.013,3219180
NVX,20191011,0.45,0.45,0.45,0.45,18999
NWC,20191011,0.021,0.021,0.02,0.02,1409879
NWE,20191011,0.006,0.007,0.006,0.007,122857
NWH,20191011,2.3,2.32,2.25,2.31,1434619
NWL,20191011,9.05,9.1,8.54,8.69,1027777
NWS,20191011,20,20.05,19.86,20,178971
NXE,20191011,0.019,0.019,0.019,0.019,119527
NXM,20191011,0.055,0.055,0.055,0.055,9090
NXS,20191011,2.67,2.74,2.67,2.7,222788
NXT,20191011,6.33,6.38,6.24,6.33,666856
NZC,20191011,0.315,0.315,0.315,0.315,155973
NZM,20191011,0.38,0.38,0.38,0.38,3634
NZS,20191011,0.017,0.017,0.017,0.017,450000
OAR,20191011,0.014,0.014,0.013,0.013,3095441
OAU,20191011,0.026,0.028,0.021,0.021,2275137
OBJ,20191011,0.016,0.016,0.016,0.016,1535001
OBM,20191011,0.18,0.18,0.175,0.175,155999
OCC,20191011,0.42,0.45,0.415,0.445,2490630
OCL,20191011,4.2,4.2,4.19,4.2,6081
ODA,20191011,0.23,0.23,0.23,0.23,18000
OEL,20191011,0.044,0.045,0.044,0.045,2065491
OFX,20191011,1.355,1.365,1.285,1.29,1370718
OGC,20191011,3.96,3.96,3.885,3.89,78306
OIL,20191011,0.045,0.045,0.045,0.045,81510
OKR,20191011,0.25,0.25,0.245,0.245,60427
OKU,20191011,0.115,0.115,0.115,0.115,15000
OMH,20191011,0.43,0.43,0.42,0.42,797150
OML,20191011,2.89,2.91,2.78,2.82,660794
OMN,20191011,0.92,0.93,0.92,0.92,325240
ONT,20191011,6.22,6.37,6.21,6.21,3970
ONX,20191011,0.115,0.115,0.115,0.115,72000
OOO,20191011,14.28,14.28,14.17,14.24,8067
OPC,20191011,3.98,3.99,3.87,3.88,178206
OPH,20191011,2.45,2.46,2.45,2.45,34000
OPN,20191011,0.041,0.042,0.038,0.039,2204753
OPT,20191011,3.56,3.59,3.28,3.33,849507
ORA,20191011,3.07,3.08,2.98,3.04,10934796
ORE,20191011,2.43,2.45,2.39,2.43,728439
ORG,20191011,7.86,7.91,7.84,7.87,3533602
ORI,20191011,23,23.05,22.77,22.84,719282
ORR,20191011,0.38,0.38,0.365,0.365,28277
OSH,20191011,7.03,7.07,6.925,6.95,2837973
OSL,20191011,0.066,0.089,0.066,0.076,6254402
OSP,20191011,0.05,0.05,0.05,0.05,267524
OSX,20191011,1,1,0.92,0.925,585186
OTW,20191011,4.72,4.76,4.72,4.76,7059
OVH,20191011,0.365,0.37,0.35,0.35,368226
OVL,20191011,0.009,0.009,0.008,0.009,14062977
OVN,20191011,0.78,0.78,0.7,0.7,267905
OZF,20191011,20.4,20.4,20.4,20.4,1529
OZG,20191011,0.165,0.165,0.16,0.16,100300
OZL,20191011,9.6,9.75,9.5,9.57,2332730
OZR,20191011,11.41,11.42,11.41,11.42,2200
PAA,20191011,0.13,0.132,0.125,0.125,1405161
PAB,20191011,0.021,0.022,0.02,0.021,340544
PAC,20191011,6.93,6.93,6.805,6.92,34004
PAF,20191011,0.785,0.79,0.78,0.79,61361
PAI,20191011,0.975,0.98,0.965,0.97,197203
PAK,20191011,0.04,0.04,0.04,0.04,20000
PAL,20191011,0.97,0.97,0.95,0.95,46872
PAN,20191011,0.305,0.32,0.3,0.315,559610
PAR,20191011,2.96,3.04,2.87,2.93,498736
PBH,20191011,4.02,4.435,4,4.23,671090
PBP,20191011,1.925,2,1.925,1.95,91674
PBX,20191011,0.005,0.005,0.005,0.005,86125
PCG,20191011,1.905,1.96,1.9,1.93,34205
PCH,20191011,0.003,0.003,0.003,0.003,1700000
PCI,20191011,1.135,1.14,1.13,1.13,245488
PCK,20191011,0.345,0.355,0.325,0.33,3301337
PDI,20191011,0.012,0.012,0.012,0.012,239376
PDL,20191011,6.8,6.89,6.7,6.89,717176
PDN,20191011,0.096,0.1,0.096,0.1,1184545
PDZ,20191011,0.25,0.25,0.25,0.25,15000
PE1,20191011,1.505,1.53,1.495,1.495,46847
PEA,20191011,1.08,1.085,1.075,1.08,562855
PEK,20191011,0.037,0.039,0.037,0.037,454561
PEN,20191011,0.19,0.2,0.19,0.2,41446
PET,20191011,1.245,1.29,1.24,1.26,2663503
PEX,20191011,0.285,0.29,0.275,0.285,41287
PFP,20191011,3.09,3.09,3.01,3.04,33259
PG1,20191011,0.1,0.105,0.095,0.1,808594
PGC,20191011,0.395,0.4,0.39,0.4,750675
PGF,20191011,1.065,1.085,1.06,1.085,228872
PGG,20191011,2.04,2.04,2.03,2.035,369275
PGH,20191011,2.32,2.44,2.31,2.44,556496
PGI,20191011,0.03,0.03,0.03,0.03,25000
PGL,20191011,4.04,4.11,4.04,4.06,65132
PGM,20191011,0.022,0.022,0.021,0.021,841297
PGY,20191011,0.043,0.045,0.043,0.045,162257
PIA,20191011,1.08,1.085,1.075,1.085,361474
PIC,20191011,1.015,1.025,1.015,1.025,138781
PIO,20191011,0.016,0.016,0.014,0.014,4047818
PIQ,20191011,0.36,0.36,0.36,0.36,55405
PKS,20191011,0.185,0.195,0.185,0.185,1097719
PL8,20191011,1.145,1.16,1.145,1.16,575524
PLL,20191011,0.094,0.094,0.09,0.093,328735
PLS,20191011,0.305,0.31,0.305,0.31,3054232
PM8,20191011,0.23,0.23,0.215,0.215,167007
PMC,20191011,1.525,1.53,1.515,1.515,20414
PME,20191011,30.17,30.44,28.86,29.52,301567
PMV,20191011,19.16,19.34,19.025,19.11,304496
PMY,20191011,0.009,0.009,0.009,0.009,580714
PNI,20191011,4.4,4.43,4.24,4.31,877843
PNL,20191011,0.066,0.066,0.065,0.065,523564
PNN,20191011,0.002,0.002,0.002,0.002,5556
PNR,20191011,0.185,0.19,0.185,0.185,646379
PNV,20191011,2.58,2.66,2.44,2.56,5422999
PNX,20191011,0.006,0.006,0.006,0.006,470000
PO3,20191011,5.03,5.25,5.03,5.2,18390
POS,20191011,0.053,0.054,0.053,0.053,2944774
POU,20191011,17.98,17.99,17.98,17.98,1347
POW,20191011,0.006,0.006,0.006,0.006,203867
PPC,20191011,1.16,1.165,1.15,1.15,5847
PPE,20191011,3.2,3.25,3.19,3.25,66185
PPG,20191011,0.135,0.135,0.135,0.135,232185
PPH,20191011,3,3,2.92,2.92,29401
PPK,20191011,4.59,4.7,4.5,4.5,114436
PPS,20191011,0.44,0.46,0.44,0.45,314367
PPT,20191011,34.73,35.32,34.4,35.24,316792
PPY,20191011,0.008,0.008,0.008,0.008,27674
PRO,20191011,0.44,0.44,0.43,0.44,12177
PRT,20191011,0.185,0.185,0.18,0.185,109653
PRU,20191011,0.73,0.75,0.717,0.75,4692158
PRX,20191011,0.12,0.12,0.115,0.115,273814
PSC,20191011,0.14,0.145,0.14,0.145,118139
PSI,20191011,2.76,2.8,2.76,2.76,2263
PSZ,20191011,0.054,0.054,0.054,0.054,18888
PTB,20191011,0.735,0.735,0.735,0.735,3553
PTM,20191011,3.98,4.025,3.93,3.98,1071432
PTR,20191011,0.035,0.04,0.035,0.04,101634
PTX,20191011,0.056,0.056,0.053,0.054,1855508
PUA,20191011,0.018,0.019,0.018,0.019,519813
PVD,20191011,0.024,0.025,0.024,0.025,4153244
PVS,20191011,1.4,1.4,1.4,1.4,12806
PWH,20191011,4.67,4.76,4.63,4.76,44772
PWL,20191011,0.21,0.21,0.2,0.21,341113
PWN,20191011,0.007,0.007,0.007,0.007,14878
PXS,20191011,0.205,0.205,0.2,0.2,58229
PXX,20191011,0.076,0.076,0.075,0.075,226770
PYC,20191011,0.058,0.058,0.055,0.055,1841813
PYG,20191011,0.755,0.76,0.755,0.76,14300
QAN,20191011,6.39,6.41,6.3,6.35,3568176
QAU,20191011,15.35,15.35,15.07,15.12,45640
QBE,20191011,12.19,12.28,12.16,12.26,2268294
QCB,20191011,7.63,7.84,7.62,7.84,3986
QEM,20191011,0.1,0.1,0.097,0.097,108350
QFE,20191011,0.495,0.495,0.46,0.485,453436
QFY,20191011,0.004,0.004,0.004,0.004,950000
QGL,20191011,0.002,0.002,0.001,0.001,969000
QHL,20191011,0.12,0.12,0.12,0.12,227851
QMS,20191011,0.895,0.9,0.895,0.895,59170
QOZ,20191011,13.79,13.79,13.75,13.76,24906
QRE,20191011,6.21,6.21,6.19,6.21,12900
QRI,20191011,1.61,1.615,1.605,1.615,270608
QTG,20191011,0.005,0.005,0.004,0.004,20825
QUB,20191011,3.27,3.28,3.215,3.26,3083015
QUS,20191011,36.74,36.74,36.64,36.69,2933
QVE,20191011,0.985,1,0.985,0.995,244857
RAC,20191011,0.14,0.14,0.14,0.14,47284
RAG,20191011,0.007,0.007,0.007,0.007,778100
RAN,20191011,0.02,0.022,0.02,0.022,472569
RAP,20191011,0.33,0.345,0.33,0.34,1918884
RBL,20191011,1.405,1.41,1.395,1.405,291485
RBR,20191011,0.013,0.013,0.013,0.013,319314
RCB,20191011,20.85,20.89,20.79,20.89,17985
RCE,20191011,0.295,0.3,0.275,0.275,961857
RCL,20191011,0.345,0.345,0.345,0.345,1391
RCT,20191011,2.35,2.39,2.32,2.32,9987
RCW,20191011,0.24,0.25,0.24,0.25,35000
RD1,20191011,0.012,0.012,0.011,0.011,248000
RDC,20191011,1.07,1.07,1.06,1.065,184181
RDF,20191011,0.45,0.46,0.45,0.46,39648
RDG,20191011,0.016,0.016,0.016,0.016,44536
RDM,20191011,0.12,0.12,0.115,0.12,116029
RDN,20191011,0.007,0.007,0.007,0.007,310800
RDV,20191011,29.85,29.91,29.8,29.87,9460
RDY,20191011,1.9,1.94,1.9,1.93,95465
REA,20191011,110.99,111.44,109.48,109.56,144320
RED,20191011,0.325,0.335,0.32,0.335,9373832
REF,20191011,0.008,0.008,0.008,0.008,118906
REG,20191011,3.27,3.345,3.27,3.34,309291
REH,20191011,10.36,10.56,10.36,10.55,288236
RES,20191011,0.095,0.098,0.094,0.098,200415
REX,20191011,1.34,1.35,1.33,1.34,30753
REZ,20191011,0.042,0.043,0.042,0.043,376629
RF1,20191011,2.71,2.71,2.68,2.7,82590
RFF,20191011,1.73,1.785,1.73,1.76,638190
RFN,20191011,0.005,0.006,0.005,0.006,92516
RFR,20191011,0.135,0.15,0.135,0.15,376871
RFT,20191011,0.055,0.056,0.055,0.055,151663
RFX,20191011,0.05,0.05,0.049,0.05,224919
RGB,20191011,23.33,23.33,23.25,23.27,2239
RGI,20191011,0.155,0.155,0.15,0.15,36193
RHC,20191011,66.9,66.95,66.37,66.65,448414
RHP,20191011,2.67,2.69,2.64,2.65,2114502
RHT,20191011,0.125,0.13,0.125,0.13,19445
RIC,20191011,1.04,1.06,1.04,1.05,77463
RIM,20191011,0.005,0.005,0.005,0.005,2618986
RIO,20191011,89.75,90.4,89.71,89.97,1759839
RLE,20191011,0.026,0.029,0.026,0.027,327007
RLT,20191011,0.83,0.845,0.825,0.845,21000
RMC,20191011,0.905,0.92,0.905,0.91,174918
RMD,20191011,19.32,19.39,19.22,19.3,1235334
RMS,20191011,1.385,1.387,1.31,1.32,3008270
RMX,20191011,0.005,0.005,0.005,0.005,2000000
RMY,20191011,0.23,0.23,0.22,0.22,251742
RND,20191011,2.99,3,2.99,3,2000
RNE,20191011,0.025,0.026,0.025,0.026,160548
RNO,20191011,0.27,0.275,0.27,0.27,61997
RNU,20191011,0.015,0.015,0.015,0.015,1335000
RNX,20191011,0.003,0.003,0.003,0.003,504000
ROO,20191011,0.046,0.047,0.046,0.047,114134
RPM,20191011,0.15,0.15,0.14,0.15,221306
RRL,20191011,5.02,5.05,4.95,4.99,1461939
RSG,20191011,1.255,1.285,1.23,1.255,15175463
RSH,20191011,0.062,0.069,0.062,0.068,148747
RSM,20191011,21.51,21.51,21.51,21.51,2463
RTE,20191011,0.4,0.42,0.4,0.42,90000
RTG,20191011,0.072,0.072,0.072,0.072,50000
RTR,20191011,0.07,0.074,0.07,0.074,431082
RUL,20191011,0.765,0.765,0.75,0.76,155282
RVR,20191011,0.15,0.15,0.15,0.15,58952
RVS,20191011,1.255,1.255,1.25,1.25,3765
RWC,20191011,3.92,4,3.89,3.95,2302021
RXH,20191011,0.004,0.004,0.004,0.004,249640
RXL,20191011,0.027,0.027,0.026,0.027,2913860
RXM,20191011,0.091,0.091,0.091,0.091,13099
RXP,20191011,0.5,0.5,0.495,0.495,3015793
RZI,20191011,0.915,0.92,0.9,0.91,47132
S2R,20191011,0.145,0.145,0.13,0.14,450916
S32,20191011,2.49,2.505,2.45,2.45,20322925
SAR,20191011,3.73,3.76,3.66,3.72,3913057
SAU,20191011,0.25,0.25,0.25,0.25,40965
SBM,20191011,2.77,2.78,2.69,2.72,4464045
SBR,20191011,0.003,0.003,0.003,0.003,335903
SBW,20191011,0.14,0.14,0.14,0.14,6000
SCG,20191011,3.97,3.97,3.945,3.97,5287766
SCI,20191011,0.01,0.011,0.01,0.01,334023
SCP,20191011,2.66,2.675,2.64,2.67,1520226
SCU,20191011,0.015,0.015,0.015,0.015,234071
SDA,20191011,1.01,1.04,0.995,1.02,2554745
SDF,20191011,3.35,3.4,3.33,3.38,1638835
SDG,20191011,1.62,1.63,1.62,1.62,37643
SDI,20191011,0.85,0.87,0.85,0.87,15927
SDV,20191011,0.505,0.505,0.47,0.485,553946
SDX,20191011,0.043,0.043,0.042,0.042,600000
SE1,20191011,0.077,0.078,0.077,0.078,182729
SEA,20191011,0.16,0.16,0.155,0.155,1768194
SEC,20191011,1.695,1.7,1.695,1.695,39171
SEI,20191011,0.059,0.059,0.053,0.058,1029422
SEK,20191011,20.94,20.99,20.84,20.97,689126
SEN,20191011,0.077,0.077,0.076,0.077,276687
SER,20191011,0.007,0.007,0.007,0.007,100000
SFC,20191011,14.15,14.23,14.15,14.2,3017
SFG,20191011,0.09,0.09,0.088,0.088,222767
SFM,20191011,0.099,0.1,0.099,0.1,10500
SFR,20191011,6.25,6.39,6.23,6.36,687487
SFX,20191011,0.4,0.4,0.37,0.37,364096
SFY,20191011,60.32,60.97,60.32,60.84,4926
SG1,20191011,0.055,0.055,0.055,0.055,42000
SGC,20191011,0.032,0.034,0.031,0.034,930152
SGF,20191011,2.4,2.4,2.33,2.4,74885
SGH,20191011,1.11,1.11,1.05,1.05,13135
SGM,20191011,9.9,10.04,9.77,9.84,565761
SGP,20191011,4.53,4.53,4.47,4.52,3865850
SGQ,20191011,0.18,0.185,0.17,0.18,1302869
SGR,20191011,4.3,4.365,4.26,4.33,3289870
SHH,20191011,0.006,0.006,0.006,0.006,4128761
SHJ,20191011,0.875,0.875,0.86,0.86,26773
SHL,20191011,28.74,28.88,28.455,28.63,762353
SHM,20191011,0.705,0.71,0.685,0.685,30864
SHO,20191011,0.057,0.057,0.057,0.057,8772
SHV,20191011,7.8,7.81,7.6,7.68,117605
SIG,20191011,0.58,0.6,0.575,0.585,1370872
SIH,20191011,0.022,0.022,0.022,0.022,126847
SIL,20191011,0.05,0.072,0.05,0.054,450972
SIQ,20191011,12.01,12.03,11.75,11.84,319357
SIS,20191011,0.048,0.052,0.048,0.052,279317
SIT,20191011,0.067,0.067,0.067,0.067,209500
SIV,20191011,0.7,0.715,0.7,0.71,27910
SKC,20191011,3.71,3.71,3.67,3.69,180044
SKF,20191011,0.15,0.15,0.15,0.15,30490
SKI,20191011,2.13,2.15,2.105,2.12,2577024
SKN,20191011,0.015,0.015,0.013,0.013,492864
SKO,20191011,3.6,3.62,3.56,3.56,26432
SKT,20191011,0.825,0.845,0.8,0.845,882946
SKY,20191011,0.086,0.086,0.086,0.086,35000
SLC,20191011,1.01,1.04,1.01,1.04,831569
SLF,20191011,14.12,14.12,14.03,14.09,26320
SLK,20191011,4.87,5.07,4.87,5,572080
SLM,20191011,0.5,0.5,0.46,0.46,22820
SLR,20191011,0.95,1.05,0.935,1.035,23734584
SLX,20191011,0.45,0.49,0.44,0.465,299672
SM1,20191011,8.54,8.54,8.42,8.46,13917
SM8,20191011,0.029,0.031,0.026,0.026,2268791
SMD,20191011,0.009,0.009,0.009,0.009,300000
SMI,20191011,0.003,0.003,0.003,0.003,200000
SMN,20191011,0.92,0.945,0.89,0.94,54850
SMP,20191011,0.18,0.18,0.18,0.18,46959
SMR,20191011,1.15,1.15,1.105,1.13,1434675
SMX,20191011,0.295,0.31,0.295,0.31,27300
SNC,20191011,0.835,0.85,0.835,0.85,222852
SND,20191011,0.27,0.27,0.27,0.27,5000
SNL,20191011,4.12,4.13,4.12,4.13,1191
SNS,20191011,0.1,0.1,0.1,0.1,338885
SNZ,20191011,6.16,6.16,6.16,6.16,2018
SO4,20191011,0.84,0.865,0.81,0.84,542065
SOL,20191011,21.77,21.91,21.43,21.49,392283
SOM,20191011,2.4,2.4,2.37,2.37,12671
SOR,20191011,0.065,0.07,0.064,0.07,1250751
SP3,20191011,0.086,0.087,0.084,0.087,350697
SPK,20191011,4.23,4.24,4.16,4.19,1136165
SPL,20191011,1.155,1.16,1.145,1.145,154287
SPQ,20191011,0.008,0.008,0.008,0.008,665000
SPT,20191011,0.625,0.625,0.6,0.6,1130245
SPX,20191011,0.07,0.085,0.068,0.084,35549966
SPY,20191011,434,435.71,434,435.71,62
SPZ,20191011,0.205,0.205,0.205,0.205,4000
SRG,20191011,0.385,0.39,0.372,0.385,256795
SRI,20191011,0.094,0.094,0.093,0.093,12500
SRK,20191011,0.044,0.044,0.041,0.041,310718
SRN,20191011,0.01,0.011,0.01,0.01,4353673
SRV,20191011,4.2,4.22,4.15,4.2,170687
SSG,20191011,0.61,0.625,0.61,0.62,190772
SSM,20191011,2.62,2.625,2.54,2.59,1169385
SSO,20191011,15.29,15.32,15.29,15.32,477
ST1,20191011,0.23,0.23,0.225,0.225,329421
STA,20191011,0.105,0.105,0.105,0.105,5368
STG,20191011,1.785,1.79,1.71,1.71,31323
STM,20191011,0.024,0.025,0.024,0.025,901882
STN,20191011,0.46,0.46,0.46,0.46,12477
STO,20191011,7.45,7.47,7.38,7.43,5963605
STW,20191011,61.24,61.3,61.03,61.19,140106
STX,20191011,0.265,0.28,0.265,0.28,2246107
SUL,20191011,9.2,9.345,9.2,9.34,710648
SUN,20191011,13.49,13.55,13.34,13.43,2238415
SUP,20191011,0.014,0.014,0.014,0.014,2184215
SUR,20191011,0.002,0.002,0.002,0.002,833333
SVA,20191011,0.009,0.009,0.008,0.008,40509
SVD,20191011,0.008,0.008,0.008,0.008,62500
SVL,20191011,0.097,0.098,0.091,0.095,5075432
SVM,20191011,0.09,0.09,0.09,0.09,56053
SVW,20191011,16.5,16.78,16.5,16.72,493164
SWF,20191011,0.275,0.275,0.255,0.26,924228
SWK,20191011,0.235,0.235,0.23,0.23,82902
SWM,20191011,0.37,0.37,0.365,0.365,1970880
SXE,20191011,0.57,0.575,0.565,0.565,25480
SXL,20191011,1.155,1.165,1.135,1.145,835392
SXY,20191011,0.385,0.387,0.365,0.38,8702656
SYA,20191011,0.01,0.01,0.009,0.01,3807727
SYD,20191011,8.29,8.29,8.15,8.21,2904039
SYI,20191011,29.32,29.35,29.29,29.35,3271
SYR,20191011,0.47,0.485,0.465,0.465,4087597
SZL,20191011,2.42,2.5,2.4,2.44,339455
TAH,20191011,4.86,4.885,4.825,4.86,4606155
TAM,20191011,0.045,0.047,0.045,0.047,152970
TAS,20191011,0.058,0.058,0.057,0.057,565075
TBR,20191011,8.3,8.3,8.2,8.25,7595
TCL,20191011,15,15.01,14.6,14.6,5787059
TCN,20191011,0.026,0.026,0.026,0.026,39233
TEG,20191011,0.072,0.072,0.072,0.072,40000
TEK,20191011,0.285,0.285,0.28,0.28,154344
TER,20191011,0.43,0.445,0.41,0.41,54182
TGA,20191011,0.265,0.27,0.26,0.27,5101847
TGF,20191011,1.91,1.97,1.91,1.97,103800
TGG,20191011,1.205,1.205,1.185,1.185,285877
TGN,20191011,0.18,0.18,0.18,0.18,9999
TGO,20191011,0.185,0.19,0.17,0.17,36102
TGP,20191011,1.14,1.14,1.115,1.135,11766
TGR,20191011,4.06,4.07,4.015,4.07,768968
THC,20191011,0.43,0.43,0.415,0.415,659133
TIE,20191011,0.25,0.265,0.25,0.265,487030
TIN,20191011,0.095,0.095,0.095,0.095,11919
TIP,20191011,0.8,0.8,0.8,0.8,1856
TLG,20191011,0.54,0.54,0.51,0.54,257683
TLM,20191011,0.11,0.11,0.11,0.11,270121
TLS,20191011,3.53,3.57,3.52,3.57,24299619
TLX,20191011,1.425,1.435,1.37,1.395,927823
TMG,20191011,0.115,0.115,0.115,0.115,4782
TMR,20191011,0.175,0.175,0.17,0.17,84362
TMT,20191011,0.18,0.18,0.175,0.175,35861
TNE,20191011,7.28,7.33,7.105,7.14,641223
TNG,20191011,0.086,0.09,0.086,0.09,499109
TNK,20191011,1.3,1.3,1.29,1.3,114664
TNR,20191011,0.012,0.015,0.012,0.015,2914638
TNT,20191011,0.047,0.048,0.046,0.046,1161819
TNY,20191011,1.955,1.99,1.9,1.93,69027
TOE,20191011,0.015,0.015,0.015,0.015,414640
TON,20191011,0.04,0.04,0.04,0.04,60008
TOT,20191011,1.18,1.18,1.18,1.18,10123
TOU,20191011,0.089,0.089,0.089,0.089,12508
TPD,20191011,0.002,0.002,0.002,0.002,5259080
TPM,20191011,6.97,7,6.88,6.95,469157
TPS,20191011,0.14,0.14,0.14,0.14,18070
TPW,20191011,1.76,1.76,1.72,1.73,24625
TRL,20191011,0.003,0.003,0.003,0.003,6300000
TRS,20191011,2,2.08,1.99,2.08,64726
TRT,20191011,0.034,0.034,0.033,0.033,621391
TRY,20191011,0.11,0.11,0.11,0.11,324375
TSC,20191011,0.005,0.005,0.004,0.004,682997
TSL,20191011,0.02,0.02,0.02,0.02,3702
TTB,20191011,0.053,0.054,0.052,0.054,1028040
TTM,20191011,0.17,0.175,0.17,0.175,366016
TTT,20191011,1.49,1.54,1.445,1.45,168032
TV2,20191011,0.009,0.009,0.008,0.009,3779377
TWD,20191011,3.35,3.46,3.35,3.4,22030
TWE,20191011,17.88,17.95,17.74,17.93,1490576
TWR,20191011,0.635,0.64,0.63,0.64,31563
TYM,20191011,0.055,0.055,0.055,0.055,19500
TYX,20191011,0.006,0.006,0.005,0.005,1424877
TZL,20191011,0.115,0.12,0.115,0.115,44000
TZN,20191011,0.051,0.051,0.051,0.051,4000
UBA,20191011,22.31,22.31,22.31,22.31,2905
UBI,20191011,0.185,0.185,0.185,0.185,38445
UBN,20191011,0.041,0.041,0.04,0.041,550953
UBP,20191011,26,26,26,26,77
UBW,20191011,28.38,28.43,28.36,28.43,2465
UCM,20191011,0.11,0.115,0.11,0.11,149215
UNV,20191011,0.235,0.245,0.235,0.245,26998
UOS,20191011,0.79,0.795,0.78,0.795,61212
URB,20191011,1.03,1.03,1.025,1.025,9493
URF,20191011,0.675,0.68,0.675,0.68,87648
URW,20191011,10.67,10.73,10.64,10.71,741791
USD,20191011,14.33,14.33,14.27,14.28,92718
UTR,20191011,0.002,0.002,0.002,0.002,300000
UUV,20191011,0.005,0.005,0.005,0.005,295000
UWL,20191011,1.325,1.44,1.31,1.425,655185
VAE,20191011,64.39,65.06,64.39,64.85,3047
VAF,20191011,52.74,52.74,52.61,52.62,37403
VAH,20191011,0.16,0.162,0.16,0.16,113160
VAL,20191011,0.005,0.005,0.005,0.005,650200
VAN,20191011,0.185,0.19,0.185,0.19,112748
VAP,20191011,91,91,89.9,90.32,59331
VAR,20191011,0.002,0.003,0.002,0.003,2065065
VAS,20191011,83.8,83.89,83.54,83.77,137793
VCF,20191011,50.43,50.43,50.25,50.35,7553
VCX,20191011,2.6,2.6,2.58,2.59,3520796
VEA,20191011,1.825,1.895,1.825,1.87,4360619
VEE,20191011,0.55,0.55,0.55,0.55,23018
VEQ,20191011,55.99,56.14,55.89,56.14,1990
VEU,20191011,73.56,73.56,73.04,73.39,30746
VG1,20191011,2.31,2.32,2.3,2.32,179854
VGB,20191011,53.85,53.85,53.72,53.74,14839
VGE,20191011,67.16,67.43,66.94,67.16,4333
VGI,20191011,17,17,16.5,16.9,5496
VGL,20191011,3.5,3.5,3.49,3.49,2200
VGS,20191011,77.09,77.09,76.87,77.04,32680
VHT,20191011,1.61,1.61,1.54,1.545,267207
VHY,20191011,59.79,59.95,59.65,59.9,34245
VIC,20191011,0.002,0.002,0.002,0.002,2950000
VIF,20191011,51.07,51.07,51,51,11568
VLC,20191011,67.82,67.82,67.59,67.64,1158
VLS,20191011,0.62,0.62,0.62,0.62,1810
VLT,20191011,0.28,0.285,0.28,0.28,95120
VLW,20191011,2.34,2.35,2.33,2.35,207020
VMC,20191011,0.215,0.215,0.185,0.185,687187
VML,20191011,0.011,0.012,0.011,0.012,18734078
VMS,20191011,0.018,0.019,0.018,0.019,253157
VMT,20191011,0.1,0.1,0.094,0.095,288786
VMX,20191011,0.31,0.32,0.305,0.32,111390
VMY,20191011,0.062,0.063,0.062,0.062,122631
VN8,20191011,0.094,0.094,0.09,0.09,262438
VOC,20191011,3.37,3.445,3.36,3.4,1348317
VOL,20191011,2.42,2.42,2.42,2.42,268
VOR,20191011,0.014,0.014,0.013,0.013,5028342
VR8,20191011,0.043,0.045,0.043,0.045,260000
VRC,20191011,0.012,0.013,0.012,0.012,1069857
VRI,20191011,0.04,0.04,0.04,0.04,220000
VRL,20191011,2.82,2.86,2.81,2.83,309264
VRS,20191011,0.051,0.052,0.051,0.052,285875
VRT,20191011,4.19,4.19,4.09,4.11,56671
VRX,20191011,0.14,0.14,0.135,0.14,428667
VSO,20191011,60,60,59.37,59.44,87443
VTG,20191011,1.195,1.2,1.175,1.195,116656
VTH,20191011,0.9,0.907,0.9,0.905,136343
VTS,20191011,221.05,221.22,220.5,221.1,8969
VVA,20191011,2.13,2.13,2.11,2.11,7067
VVR,20191011,3,3.01,2.96,2.98,1653825
VXR,20191011,0.17,0.17,0.16,0.165,584223
VYS,20191011,0.058,0.058,0.058,0.058,534783
WAA,20191011,1.075,1.075,1.075,1.075,9300
WAF,20191011,0.435,0.45,0.425,0.445,1398861
WAM,20191011,2.32,2.33,2.31,2.31,918851
WAX,20191011,1.39,1.415,1.39,1.41,212727
WBA,20191011,1.955,1.96,1.95,1.95,857059
WBC,20191011,28.88,28.9,28.66,28.75,4535867
WBE,20191011,0.007,0.008,0.007,0.008,7475299
WBT,20191011,0.38,0.38,0.37,0.37,20829
WCN,20191011,0.006,0.006,0.006,0.006,3040954
WEB,20191011,10.07,10.12,10.01,10.05,1137117
WEL,20191011,0.068,0.069,0.065,0.069,431633
WES,20191011,39.3,39.37,39.165,39.26,1282240
WGB,20191011,2.09,2.09,2.08,2.08,201799
WGN,20191011,1.6,1.665,1.6,1.66,261989
WGO,20191011,0.315,0.335,0.315,0.32,862197
WGX,20191011,2.45,2.45,2.32,2.38,695131
WHC,20191011,3.17,3.22,3.13,3.13,3617151
WHF,20191011,5.04,5.04,4.96,4.96,50474
WHK,20191011,0.07,0.07,0.069,0.069,15738
WIC,20191011,1.055,1.06,1.055,1.06,116371
WKT,20191011,0.275,0.275,0.265,0.265,570136
WLE,20191011,1.15,1.15,1.14,1.14,695077
WLL,20191011,6.82,6.87,6.81,6.82,3159
WMI,20191011,1.38,1.38,1.37,1.37,45997
WML,20191011,0.021,0.022,0.021,0.022,246500
WNB,20191011,0.015,0.024,0.015,0.021,5309081
WND,20191011,0.77,0.805,0.77,0.8,2607
WNR,20191011,0.29,0.29,0.29,0.29,28765
WOR,20191011,12.68,12.81,12.58,12.76,1837665
WOW,20191011,37.2,37.26,36.85,37.11,1853375
WPL,20191011,31.3,31.35,31.075,31.22,3588261
WPP,20191011,0.52,0.52,0.505,0.515,93349
WQG,20191011,1.085,1.1,1.085,1.09,328769
WRM,20191011,0.005,0.005,0.005,0.005,250000
WSA,20191011,3.16,3.26,2.995,3.06,5728054
WSI,20191011,0.027,0.027,0.026,0.026,6933249
WSP,20191011,1.54,1.55,1.52,1.54,22885
WTC,20191011,34.78,35.27,34.085,34.22,625677
WZR,20191011,0.125,0.135,0.125,0.13,2163902
XAM,20191011,0.048,0.05,0.047,0.047,786970
XCD,20191011,0.008,0.009,0.008,0.009,1046715
XF1,20191011,0.43,0.43,0.425,0.43,49400
XPE,20191011,0.001,0.001,0.001,0.001,3250000
XPL,20191011,0.072,0.072,0.07,0.07,243548
XRF,20191011,0.235,0.255,0.235,0.24,667391
XRO,20191011,65.82,66.91,65.63,66.91,660913
XTE,20191011,0.925,0.955,0.86,0.865,200489
YAL,20191011,3.07,3.1,3.04,3.04,12718
YOJ,20191011,0.08,0.08,0.073,0.077,1097686
YOW,20191011,0.075,0.075,0.075,0.075,300000
YPB,20191011,0.006,0.006,0.005,0.005,38280329
YRL,20191011,0.28,0.28,0.28,0.28,24194
Z1P,20191011,5.31,5.64,5.31,5.53,8044858
ZEL,20191011,5.34,5.36,5.25,5.32,40236
ZEN,20191011,0.635,0.645,0.605,0.645,65486
ZGL,20191011,0.081,0.081,0.081,0.081,6022
ZIP,20191011,0.012,0.014,0.012,0.013,3519266
ZLD,20191011,0.076,0.076,0.065,0.07,5542604
ZNO,20191011,0.082,0.082,0.081,0.081,334224
XAF,20191011,6456.6,6528.5,6456.6,6520.4,0
XAO,20191011,6662.9,6730,6662.9,6721.9,0
XAT,20191011,6510,6578.1,6510,6569.6,0
XDJ,20191011,2562.1,2583.6,2562.1,2581.4,0
XEC,20191011,1570.5,1579.3,1569.7,1576.4,0
XEJ,20191011,10364.6,10533.6,10364.6,10485.8,0
XFJ,20191011,6205.4,6271.7,6205.4,6271.7,0
XFL,20191011,6509.5,6581.7,6509.5,6573.4,0
XGD,20191011,7669,7669,7534.6,7574.7,0
XHJ,20191011,36501.2,37129.5,36501.2,36973,0
XIJ,20191011,1364.5,1387,1364.5,1378.9,0
XJO,20191011,6547.1,6614.6,6547.1,6606.8,0
XJR,20191011,4542.5,4628.2,4542.5,4607.1,0
XKO,20191011,6511.2,6576.9,6511.2,6568.7,0
XMD,20191011,6961.8,7027,6961.8,7016.8,0
XMJ,20191011,12898,13115.4,12898,13070.4,0
XMM,20191011,4190.8,4272.9,4190.8,4250.7,0
XNJ,20191011,6773.9,6841,6752.2,6765.3,0
XPJ,20191011,1611.6,1614.6,1602.8,1612.4,0
XSJ,20191011,12338.5,12415.2,12331.1,12405.1,0
XSO,20191011,2848.6,2866.1,2845.4,2857,0
XTJ,20191011,1253.4,1268.8,1253.4,1268.8,0
XTL,20191011,3616.9,3661.4,3616.9,3656.3,0
XTO,20191011,5425.7,5483.2,5425.7,5477.5,0
XUJ,20191011,8027.4,8116.2,8027.4,8077.2,0
XXJ,20191011,6921.1,6995,6921.1,6995,0
