360,20191008,3.5,3.51,3.47,3.5,9500
14D,20191008,0.205,0.21,0.195,0.2,84416
1AD,20191008,0.15,0.15,0.15,0.15,275691
1AG,20191008,0.04,0.04,0.04,0.04,5707
2BE,20191008,0.28,0.285,0.28,0.285,30895
3DP,20191008,0.046,0.048,0.046,0.047,150043
3PL,20191008,0.88,0.88,0.88,0.88,71050
4DS,20191008,0.066,0.069,0.063,0.063,5526516
5GN,20191008,0.74,0.74,0.67,0.68,858136
88E,20191008,0.012,0.012,0.012,0.012,5714303
8CO,20191008,0.093,0.093,0.089,0.091,149807
8EC,20191008,0.078,0.078,0.077,0.077,231277
9SP,20191008,0.02,0.02,0.019,0.019,1981344
A1G,20191008,0.24,0.24,0.24,0.24,2083
A1M,20191008,0.39,0.39,0.39,0.39,16692
A2B,20191008,1.46,1.51,1.455,1.505,24762
A2M,20191008,12.27,12.27,12.07,12.16,2652819
A3D,20191008,0.26,0.26,0.255,0.255,37671
A4N,20191008,0.18,0.18,0.18,0.18,256777
AAA,20191008,50.08,50.09,50.08,50.08,89267
AAC,20191008,1.01,1.015,1,1.01,439864
AAJ,20191008,0.005,0.006,0.005,0.006,507000
AAR,20191008,0.11,0.115,0.1,0.105,1738789
AAU,20191008,0.011,0.011,0.011,0.011,160000
ABA,20191008,5.39,5.39,5.38,5.38,3868
ABC,20191008,2.94,2.97,2.91,2.94,2287027
ABP,20191008,4.03,4.08,4.01,4.05,716175
ABR,20191008,0.275,0.29,0.27,0.275,182968
ABT,20191008,0.059,0.06,0.059,0.06,65000
ABX,20191008,0.105,0.105,0.1,0.1,60000
AC8,20191008,0.335,0.34,0.33,0.33,387348
ACF,20191008,0.255,0.255,0.25,0.255,18412
ACQ,20191008,1.1,1.11,1.1,1.11,47028
ACR,20191008,0.18,0.185,0.18,0.185,9352
ACW,20191008,0.044,0.047,0.042,0.042,29571282
AD8,20191008,7.69,7.69,7.21,7.29,244549
ADA,20191008,0.435,0.44,0.435,0.44,41283
ADH,20191008,1.92,1.95,1.915,1.95,403679
ADI,20191008,2.97,2.98,2.95,2.97,208253
ADJ,20191008,0.026,0.026,0.026,0.026,23186
ADN,20191008,0.051,0.053,0.05,0.05,10053123
ADO,20191008,0.013,0.014,0.012,0.014,1817440
ADT,20191008,1.035,1.04,0.99,0.99,276403
AEE,20191008,0.008,0.008,0.008,0.008,160000
AEF,20191008,2.38,2.4,2.35,2.4,31571
AEG,20191008,0.94,0.945,0.94,0.945,39409
AFG,20191008,2.25,2.34,2.2,2.24,102170
AFI,20191008,6.4,6.4,6.35,6.35,280521
AFP,20191008,2.8,2.8,2.8,2.8,2507
AFR,20191008,0.013,0.015,0.013,0.015,201000
AGG,20191008,6.01,6.06,6,6.06,6729
AGH,20191008,0.67,0.695,0.65,0.685,433753
AGI,20191008,0.735,0.77,0.735,0.77,32149
AGL,20191008,19.16,19.36,19.14,19.31,1599081
AGR,20191008,0.2,0.2,0.195,0.195,158150
AGS,20191008,0.14,0.14,0.14,0.14,32500
AGY,20191008,0.072,0.072,0.071,0.071,191537
AHF,20191008,0.125,0.125,0.125,0.125,560716
AHL,20191008,0.011,0.011,0.01,0.01,695365
AHQ,20191008,0.145,0.145,0.135,0.145,316855
AHX,20191008,0.48,0.495,0.47,0.495,35940
AHY,20191008,0.93,0.95,0.915,0.935,523670
AIA,20191008,8.59,8.59,8.46,8.53,7541948
AIS,20191008,0.06,0.064,0.06,0.063,165279
AIZ,20191008,2.65,2.68,2.65,2.68,76037
AJL,20191008,0.12,0.12,0.115,0.115,16551
AJM,20191008,0.067,0.072,0.067,0.07,2321650
AJQ,20191008,0.051,0.057,0.051,0.053,435215
AJX,20191008,0.13,0.13,0.125,0.125,107900
AKG,20191008,0.67,0.67,0.67,0.67,736
AKM,20191008,0.013,0.013,0.013,0.013,271278
AKP,20191008,18.61,18.61,17.5,17.7,3472
ALC,20191008,0.26,0.27,0.257,0.26,2522143
ALF,20191008,0.96,0.96,0.96,0.96,40114
ALG,20191008,0.965,0.975,0.955,0.965,600130
ALI,20191008,2.4,2.4,2.39,2.39,36146
ALK,20191008,0.78,0.8,0.745,0.755,2181273
ALL,20191008,31.17,31.29,31,31.23,1595518
ALQ,20191008,8.09,8.235,8.06,8.14,1639350
ALU,20191008,32.67,32.8,32.2,32.32,482938
ALX,20191008,8.1,8.16,8.03,8.09,1123072
AMA,20191008,1.325,1.33,1.3,1.31,1120165
AMC,20191008,14.01,14.02,13.83,13.86,4227055
AME,20191008,0.038,0.038,0.037,0.037,89053
AMG,20191008,0.097,0.097,0.094,0.094,792101
AMH,20191008,0.875,0.875,0.87,0.875,122840
AMI,20191008,0.445,0.457,0.442,0.455,2789930
AML,20191008,0.13,0.13,0.13,0.13,30652
AMN,20191008,0.545,0.565,0.545,0.545,32532
AMP,20191008,1.705,1.71,1.66,1.67,22114056
AMS,20191008,1.475,1.48,1.45,1.465,288707
ANG,20191008,0.175,0.175,0.175,0.175,11756
ANL,20191008,0.003,0.003,0.003,0.003,3703064
ANN,20191008,27.2,27.305,26.71,26.73,490315
ANO,20191008,6.4,6.57,6.34,6.44,33262
ANP,20191008,0.13,0.135,0.105,0.11,9241948
ANR,20191008,0.215,0.215,0.2,0.2,80911
ANW,20191008,0.002,0.002,0.002,0.002,3000000
ANZ,20191008,27.49,27.53,27.24,27.42,4485351
AOF,20191008,3.03,3.03,3.02,3.02,107023
AOG,20191008,2.13,2.14,2.13,2.13,803671
AON,20191008,0.027,0.027,0.027,0.027,275100
AOP,20191008,0.245,0.245,0.245,0.245,137812
AOU,20191008,0.086,0.086,0.085,0.085,83006
APA,20191008,11.35,11.45,11.23,11.34,1912340
APC,20191008,0.105,0.11,0.105,0.11,166340
APD,20191008,0.53,0.53,0.525,0.53,432039
APE,20191008,13.99,14.17,13.8,13.88,151249
APG,20191008,0.002,0.002,0.002,0.002,1714642
API,20191008,1.355,1.355,1.34,1.34,1055154
APL,20191008,0.945,0.96,0.945,0.96,328008
APT,20191008,34.68,34.82,33.43,34.65,1833909
APX,20191008,21.96,22.23,21.58,21.79,809247
APZ,20191008,1.18,1.18,1.17,1.17,238
AQC,20191008,0.155,0.18,0.155,0.18,13846
AQD,20191008,0.015,0.015,0.015,0.015,721126
AQG,20191008,6.26,6.26,6.16,6.19,58234
AQI,20191008,0.057,0.06,0.054,0.06,503698
AQR,20191008,3.53,3.54,3.47,3.47,35390
AQX,20191008,0.042,0.042,0.04,0.041,7036329
AQZ,20191008,2.34,2.37,2.33,2.37,72500
AR9,20191008,0.135,0.135,0.13,0.13,114993
ARA,20191008,0.625,0.625,0.62,0.62,16867
ARB,20191008,18.65,18.78,18.41,18.47,146661
ARD,20191008,0.02,0.02,0.019,0.019,476104
ARE,20191008,0.005,0.005,0.005,0.005,105000
ARF,20191008,2.94,2.94,2.86,2.88,215660
ARG,20191008,8.25,8.25,8.17,8.18,247145
ARL,20191008,0.51,0.52,0.51,0.51,27439
ARM,20191008,0.011,0.011,0.011,0.011,452604
ARN,20191008,0.155,0.18,0.155,0.18,184189
ARQ,20191008,0.47,0.47,0.425,0.45,371056
ARS,20191008,0.022,0.023,0.022,0.023,1736977
ARU,20191008,0.086,0.086,0.081,0.081,2564936
ARV,20191008,0.038,0.038,0.036,0.037,904281
AS1,20191008,0.2,0.2,0.2,0.2,1000
ASB,20191008,4.13,4.255,4.12,4.2,1578091
ASG,20191008,1.62,1.645,1.62,1.645,41961
ASL,20191008,2.15,2.19,2.12,2.18,2143606
ASN,20191008,0.037,0.038,0.036,0.037,743879
ASP,20191008,0.012,0.012,0.012,0.012,262482
AST,20191008,1.81,1.82,1.785,1.8,5151012
ASW,20191008,0.685,0.685,0.685,0.685,2400
ASX,20191008,81.42,82.09,80.97,80.99,289214
ATC,20191008,0.12,0.12,0.115,0.115,797144
ATL,20191008,0.465,0.47,0.465,0.47,103789
ATS,20191008,0.175,0.175,0.16,0.16,951692
ATU,20191008,0.36,0.36,0.355,0.355,310721
AU1,20191008,0.064,0.065,0.064,0.064,59009
AU8,20191008,0.11,0.12,0.11,0.12,1029837
AUB,20191008,11.05,11.49,10.95,11,53013
AUC,20191008,0.023,0.023,0.023,0.023,116364
AUI,20191008,9.37,9.38,9.35,9.35,29595
AUL,20191008,0.003,0.003,0.002,0.002,2043313
AUP,20191008,2.95,2.95,2.95,2.95,295
AUT,20191008,0.007,0.008,0.007,0.008,1849949
AUZ,20191008,0.024,0.024,0.023,0.023,3706766
AV1,20191008,0.13,0.135,0.13,0.135,400000
AVA,20191008,0.1,0.11,0.1,0.1,543037
AVC,20191008,0.2,0.22,0.2,0.22,67500
AVE,20191008,0.005,0.006,0.005,0.006,10545554
AVG,20191008,0.505,0.51,0.5,0.5,93250
AVH,20191008,0.55,0.57,0.545,0.555,5304945
AVJ,20191008,0.56,0.565,0.56,0.56,306971
AVL,20191008,0.011,0.012,0.011,0.011,1385534
AVN,20191008,2.75,2.75,2.72,2.74,276589
AVW,20191008,0.003,0.003,0.003,0.003,1075000
AVZ,20191008,0.044,0.045,0.044,0.045,2342200
AWC,20191008,2.3,2.34,2.29,2.32,21196959
AWN,20191008,0.17,0.17,0.17,0.17,16720
AWV,20191008,0.01,0.011,0.01,0.011,239673
AX1,20191008,1.675,1.715,1.66,1.69,1198353
AX8,20191008,0.04,0.04,0.04,0.04,20000
AXE,20191008,0.15,0.15,0.145,0.145,190673
AXT,20191008,0.012,0.012,0.012,0.012,7550
AYR,20191008,0.002,0.002,0.002,0.002,100000
AYS,20191008,0.33,0.33,0.327,0.33,801935
AZI,20191008,0.006,0.006,0.006,0.006,1500000
AZJ,20191008,5.92,5.92,5.85,5.87,4495251
AZM,20191008,0.028,0.029,0.028,0.028,2289832
AZS,20191008,0.185,0.2,0.175,0.175,1430315
AZY,20191008,0.015,0.016,0.015,0.016,4571523
BAF,20191008,0.795,0.8,0.79,0.8,52773
BAL,20191008,12.99,13,12.9,13,1144051
BAP,20191008,7.12,7.18,7.08,7.17,699154
BAR,20191008,0.02,0.02,0.02,0.02,69113
BAS,20191008,0.002,0.002,0.002,0.002,5158778
BAT,20191008,0.009,0.009,0.008,0.008,406111
BAU,20191008,0.039,0.04,0.039,0.039,87087
BBC,20191008,0.64,0.64,0.64,0.64,13438
BBN,20191008,3.69,3.7,3.3,3.5,1898099
BBX,20191008,0.2,0.22,0.2,0.215,122431
BC8,20191008,0.46,0.465,0.45,0.465,85845
BCB,20191008,0.062,0.064,0.061,0.064,966669
BCC,20191008,0.2,0.21,0.195,0.205,301832
BCI,20191008,0.18,0.18,0.175,0.175,194104
BCN,20191008,0.045,0.045,0.044,0.044,1400260
BCT,20191008,0.175,0.18,0.172,0.18,797606
BD1,20191008,0.051,0.054,0.041,0.042,34858014
BDA,20191008,0.45,0.45,0.44,0.45,96076
BDC,20191008,0.1,0.1,0.096,0.098,3506788
BEM,20191008,0.052,0.052,0.05,0.05,33121
BEN,20191008,11.15,11.2,11.08,11.14,634684
BET,20191008,0.14,0.175,0.13,0.175,4137074
BFC,20191008,0.12,0.12,0.11,0.12,115793
BFG,20191008,0.93,0.93,0.92,0.93,39696
BGA,20191008,4.47,4.53,4.45,4.49,549603
BGL,20191008,0.59,0.6,0.59,0.595,405969
BGT,20191008,0.165,0.165,0.162,0.165,126014
BHP,20191008,35.42,35.74,35.32,35.61,4502582
BID,20191008,0.575,0.58,0.57,0.57,80023
BIN,20191008,2.2,2.22,2.16,2.18,2047188
BIT,20191008,0.081,0.083,0.08,0.081,550590
BKI,20191008,1.62,1.625,1.615,1.625,243040
BKL,20191008,83.53,84.2,81.71,81.95,26679
BKT,20191008,0.059,0.059,0.055,0.055,269706
BKW,20191008,17.45,17.64,17.38,17.51,106496
BKY,20191008,0.25,0.255,0.25,0.25,9326
BLD,20191008,4.62,4.66,4.585,4.64,4003360
BLG,20191008,0.13,0.13,0.13,0.13,45000
BLK,20191008,0.011,0.011,0.01,0.01,6040306
BLT,20191008,0.055,0.055,0.053,0.053,1026534
BLU,20191008,0.038,0.045,0.038,0.04,3166747
BLX,20191008,1.2,1.24,1.2,1.22,138087
BLY,20191008,0.007,0.007,0.006,0.006,3508963
BMN,20191008,0.046,0.046,0.045,0.045,184072
BNL,20191008,0.006,0.006,0.006,0.006,3764400
BNO,20191008,0.125,0.13,0.115,0.115,2506715
BOC,20191008,0.1,0.1,0.096,0.098,50900
BOE,20191008,0.061,0.063,0.06,0.061,601154
BOL,20191008,0.165,0.165,0.16,0.16,603101
BOQ,20191008,9.71,9.72,9.62,9.65,1525432
BOT,20191008,0.24,0.25,0.24,0.245,2742538
BPH,20191008,0.001,0.001,0.001,0.001,495000
BPP,20191008,0.018,0.018,0.017,0.017,899856
BPT,20191008,2.44,2.5,2.43,2.46,5428955
BRB,20191008,0.305,0.31,0.305,0.31,224836
BRG,20191008,16.09,16.16,15.82,15.98,184229
BRI,20191008,1.21,1.21,1.21,1.21,176246
BRN,20191008,0.053,0.056,0.051,0.055,11151373
BRU,20191008,0.255,0.265,0.25,0.26,145466
BRV,20191008,0.018,0.018,0.018,0.018,319505
BSA,20191008,0.44,0.44,0.43,0.43,1174277
BSE,20191008,0.25,0.25,0.24,0.24,27502
BSL,20191008,11.75,11.78,11.64,11.66,1612253
BSM,20191008,0.008,0.008,0.008,0.008,1085583
BSR,20191008,0.017,0.017,0.016,0.017,3078911
BSX,20191008,0.14,0.14,0.135,0.135,555229
BTC,20191008,0.12,0.12,0.12,0.12,1929138
BTH,20191008,0.525,0.55,0.525,0.545,1898989
BTI,20191008,0.93,0.93,0.92,0.92,30219
BUB,20191008,1.22,1.26,1.205,1.25,1794978
BUD,20191008,0.019,0.02,0.019,0.02,4995904
BVS,20191008,3.83,3.89,3.76,3.85,1608982
BWP,20191008,4,4.04,3.97,4.01,1402734
BWR,20191008,1.28,1.305,1.28,1.3,60200
BWX,20191008,4.14,4.22,3.86,3.93,421820
BXB,20191008,11.05,11.05,10.93,11,5852965
BYE,20191008,0.315,0.315,0.3,0.305,1814005
BYH,20191008,0.059,0.061,0.058,0.06,799665
BYI,20191008,1.03,1.03,1.03,1.03,10080
C6C,20191008,0.715,0.72,0.715,0.72,9021
CAA,20191008,0.11,0.11,0.11,0.11,100000
CAD,20191008,0.001,0.001,0.001,0.001,50000
CAG,20191008,0.83,0.83,0.82,0.83,40336
CAI,20191008,0.028,0.028,0.028,0.028,391251
CAJ,20191008,0.23,0.23,0.23,0.23,1839042
CAM,20191008,0.93,0.93,0.92,0.92,84561
CAN,20191008,1.49,1.495,1.44,1.44,129740
CAP,20191008,0.042,0.042,0.04,0.04,177606
CAR,20191008,15.29,15.365,15.17,15.28,489878
CAT,20191008,1.45,1.465,1.395,1.435,470308
CAY,20191008,0.155,0.157,0.145,0.145,301384
CAZ,20191008,0.044,0.044,0.044,0.044,134901
CBA,20191008,78.39,78.67,78.13,78.6,1884181
CCA,20191008,0.275,0.275,0.225,0.23,1733467
CCL,20191008,10.55,10.57,10.39,10.41,1958417
CCP,20191008,30.2,30.24,29.74,29.93,163038
CCV,20191008,0.155,0.155,0.15,0.15,66452
CCX,20191008,2.82,2.86,2.6,2.74,248906
CCZ,20191008,0.022,0.022,0.022,0.022,75000
CD2,20191008,2,2,1.99,1.99,3250
CDA,20191008,5.88,5.94,5.66,5.7,843774
CDD,20191008,1.035,1.04,0.965,1,45922
CDM,20191008,0.805,0.815,0.8,0.805,226044
CDP,20191008,6.59,6.64,6.5,6.64,877
CDV,20191008,0.405,0.405,0.39,0.39,301029
CDX,20191008,0.026,0.027,0.026,0.026,574108
CE1,20191008,0.009,0.009,0.009,0.009,87949
CEL,20191008,0.042,0.042,0.039,0.039,1230206
CEN,20191008,7.99,8.35,7.99,8.35,3254
CFE,20191008,0.005,0.005,0.005,0.005,870000
CG1,20191008,0.37,0.37,0.355,0.355,169421
CGA,20191008,0.465,0.465,0.465,0.465,386740
CGB,20191008,0.027,0.027,0.026,0.026,3001381
CGC,20191008,3.48,3.53,3.435,3.45,1716466
CGF,20191008,7.01,7.07,6.9,6.93,1851225
CGL,20191008,3.5,3.55,3.49,3.49,49606
CGO,20191008,0.195,0.2,0.195,0.2,20078
CGR,20191008,0.47,0.47,0.47,0.47,791638
CGS,20191008,0.26,0.26,0.26,0.26,1800
CHC,20191008,11.82,12.075,11.82,11.91,1301893
CHK,20191008,0.014,0.014,0.014,0.014,1765102
CHN,20191008,0.215,0.22,0.21,0.22,677478
CHZ,20191008,0.067,0.067,0.066,0.066,174430
CIA,20191008,2.39,2.49,2.34,2.35,288394
CIE,20191008,0.83,0.84,0.83,0.83,109055
CII,20191008,1.45,1.45,1.45,1.45,5000
CIM,20191008,30.95,31.72,30.81,31.44,627291
CIN,20191008,31.58,31.58,31.58,31.58,500
CIO,20191008,0.004,0.004,0.004,0.004,2000000
CIP,20191008,3.3,3.35,3.28,3.32,176443
CKA,20191008,0.044,0.044,0.044,0.044,149999
CKF,20191008,9.96,10.47,9.96,10.44,566016
CL1,20191008,1.5,1.52,1.48,1.505,159135
CL8,20191008,0.01,0.01,0.01,0.01,10000
CLA,20191008,0.016,0.017,0.015,0.015,1320067
CLB,20191008,0.074,0.075,0.074,0.074,441261
CLF,20191008,1.29,1.29,1.29,1.29,23000
CLH,20191008,1.215,1.235,1.215,1.235,126679
CLI,20191008,0.062,0.062,0.058,0.058,2933487
CLQ,20191008,0.28,0.282,0.27,0.275,1029664
CLT,20191008,0.17,0.17,0.165,0.165,115390
CLV,20191008,3.24,3.28,3.14,3.14,557253
CLW,20191008,5.83,5.87,5.8,5.83,812001
CLX,20191008,0.765,0.765,0.765,0.765,2888
CLZ,20191008,0.003,0.003,0.003,0.003,3483055
CM8,20191008,0.024,0.027,0.024,0.027,1545069
CMA,20191008,3.04,3.14,3.02,3.04,754644
CMM,20191008,0.235,0.235,0.22,0.22,8809832
CMP,20191008,0.595,0.6,0.595,0.6,8036
CMW,20191008,1.3,1.3,1.27,1.275,4576892
CNB,20191008,0.11,0.11,0.11,0.11,5923
CNI,20191008,2.16,2.18,2.14,2.15,501994
CNU,20191008,4.79,4.82,4.73,4.76,635513
CNW,20191008,0.038,0.038,0.038,0.038,606422
COB,20191008,0.145,0.145,0.14,0.14,132149
COE,20191008,0.555,0.565,0.545,0.555,1546620
COG,20191008,0.088,0.088,0.088,0.088,2543726
COH,20191008,208.1,209.45,207.12,209.26,93353
COI,20191008,0.25,0.255,0.25,0.255,179827
COL,20191008,15.23,15.4,15.17,15.28,3979209
CP1,20191008,0.145,0.145,0.145,0.145,36451
CPH,20191008,0.34,0.35,0.33,0.33,208698
CPU,20191008,15.72,15.93,15.71,15.79,1574102
CPV,20191008,0.18,0.19,0.18,0.19,52526
CQE,20191008,3.72,3.73,3.67,3.73,601885
CQR,20191008,4.3,4.37,4.3,4.35,582795
CR1,20191008,0.22,0.22,0.22,0.22,74
CRD,20191008,2.19,2.2,2.19,2.19,92102
CRL,20191008,0.023,0.024,0.023,0.024,250000
CRN,20191008,2.36,2.38,2.33,2.38,1234185
CRO,20191008,0.009,0.009,0.009,0.009,38510
CRS,20191008,0.135,0.135,0.135,0.135,10000
CSL,20191008,239.42,240.5,239,240.5,566949
CSR,20191008,3.95,4.03,3.95,4.01,1734721
CSS,20191008,0.83,0.835,0.81,0.82,44678
CSV,20191008,0.235,0.24,0.235,0.24,220471
CTD,20191008,18.4,18.7,18.22,18.6,343796
CTM,20191008,0.014,0.014,0.013,0.014,4200000
CTP,20191008,0.165,0.17,0.165,0.17,1222287
CTX,20191008,25.4,25.73,25.255,25.69,996114
CUE,20191008,0.115,0.115,0.11,0.115,210160
CUL,20191008,0.013,0.014,0.013,0.014,58527
CUP,20191008,1.055,1.135,1.05,1.05,405893
CUV,20191008,27.49,28.48,27.25,28.09,263193
CUX,20191008,0.007,0.007,0.007,0.007,172028
CV1,20191008,0.145,0.15,0.13,0.135,1946743
CVF,20191008,1.08,1.09,1.07,1.07,116384
CVN,20191008,0.425,0.425,0.4,0.4,15084330
CVW,20191008,0.64,0.64,0.62,0.62,10186
CWL,20191008,0.066,0.066,0.066,0.066,20000
CWN,20191008,12.16,12.27,12.16,12.18,431616
CWP,20191008,6.69,6.78,6.68,6.78,90004
CWX,20191008,0.21,0.23,0.21,0.23,1080130
CWY,20191008,1.895,1.93,1.885,1.92,9505605
CXL,20191008,0.675,0.68,0.65,0.67,338250
CXO,20191008,0.037,0.038,0.037,0.037,184057
CXX,20191008,0.049,0.049,0.049,0.049,8436
CXZ,20191008,0.019,0.02,0.019,0.02,622302
CYB,20191008,1.96,1.985,1.95,1.965,4659522
CYG,20191008,1.035,1.035,1.035,1.035,18968
CYL,20191008,2.42,2.51,2.42,2.51,1210
CYP,20191008,1.58,1.605,1.565,1.585,66277
CYQ,20191008,0.001,0.001,0.001,0.001,61220435
CZL,20191008,0.012,0.012,0.012,0.012,2486211
CZN,20191008,0.003,0.003,0.003,0.003,316683
D2O,20191008,1.38,1.38,1.36,1.365,140680
DAF,20191008,0.019,0.019,0.019,0.019,316728
DCC,20191008,0.028,0.028,0.028,0.028,541602
DCG,20191008,0.91,0.91,0.885,0.905,81856
DCN,20191008,1.405,1.43,1.38,1.38,1067673
DDR,20191008,7.78,7.83,7.35,7.49,114385
DDT,20191008,0.006,0.006,0.006,0.006,600000
DEG,20191008,0.062,0.063,0.061,0.062,2210561
DEM,20191008,0.205,0.22,0.205,0.205,188849
DGR,20191008,0.085,0.085,0.085,0.085,346
DHG,20191008,3.37,3.42,3.32,3.41,1728187
DHR,20191008,0.004,0.004,0.004,0.004,250000
DIV,20191008,22.12,22.12,22.12,22.12,24
DJW,20191008,3.5,3.51,3.48,3.49,89675
DKM,20191008,0.195,0.195,0.19,0.19,332739
DLC,20191008,0.005,0.005,0.005,0.005,640000
DMP,20191008,48.49,49.97,48.2,49.97,424554
DNA,20191008,0.07,0.07,0.068,0.068,354762
DNK,20191008,0.62,0.62,0.595,0.62,73564
DOR,20191008,0.058,0.058,0.056,0.056,10619
DOW,20191008,7.64,7.74,7.6,7.73,1409215
DRE,20191008,0.008,0.008,0.008,0.008,1350000
DRO,20191008,0.37,0.37,0.345,0.345,834013
DRX,20191008,0.01,0.01,0.01,0.01,150000
DSE,20191008,0.037,0.037,0.032,0.034,263666
DTI,20191008,0.024,0.024,0.024,0.024,354
DTL,20191008,3.07,3.155,3.07,3.14,542628
DTM,20191008,0.007,0.007,0.007,0.007,71430
DTR,20191008,0.002,0.002,0.002,0.002,17307739
DTS,20191008,0.18,0.18,0.17,0.17,21204
DTZ,20191008,0.046,0.046,0.046,0.046,38000
DUB,20191008,1.73,1.75,1.642,1.69,527333
DUI,20191008,4.64,4.68,4.64,4.66,40527
DVN,20191008,0.15,0.155,0.15,0.155,35429
DW8,20191008,0.007,0.007,0.007,0.007,413000
DWS,20191008,1.035,1.035,1.025,1.03,36853
DXB,20191008,0.1,0.105,0.1,0.105,37210
DXS,20191008,12.34,12.34,12.12,12.18,2575230
DYL,20191008,0.28,0.28,0.265,0.27,242573
E2E,20191008,0.005,0.005,0.005,0.005,1120000
EAF,20191008,1.26,1.26,1.26,1.26,102287
EAI,20191008,0.915,0.925,0.91,0.925,38944
EAR,20191008,0.335,0.335,0.33,0.33,399665
EAS,20191008,0.88,0.88,0.88,0.88,40000
EAX,20191008,0.32,0.32,0.32,0.32,500
EBO,20191008,23.69,23.69,23.3,23.3,2447
ECG,20191008,0.052,0.052,0.052,0.052,16661
ECL,20191008,1.165,1.165,1.16,1.16,90302
ECS,20191008,0.044,0.045,0.043,0.043,314690
ECT,20191008,0.003,0.003,0.003,0.003,5978957
ECX,20191008,1.755,1.77,1.672,1.675,2164567
ED1,20191008,0.82,0.82,0.82,0.82,2310
EDE,20191008,0.051,0.051,0.048,0.048,2612399
EEG,20191008,0.215,0.215,0.215,0.215,263596
EGD,20191008,2.1,2.11,2.1,2.11,95694
EGF,20191008,1.66,1.66,1.66,1.66,162489
EGG,20191008,2.2,2.24,2.19,2.23,248301
EGH,20191008,0.295,0.3,0.29,0.3,529508
EGI,20191008,0.945,0.95,0.945,0.95,10875
EHE,20191008,2.64,2.72,2.64,2.65,895494
EHH,20191008,0.185,0.185,0.145,0.145,971879
EHL,20191008,1.845,1.905,1.835,1.895,647811
EHX,20191008,0.034,0.034,0.034,0.034,87689
ELD,20191008,6.18,6.25,6.13,6.18,208601
ELO,20191008,6.7,6.7,6.56,6.56,21595
ELS,20191008,0.485,0.495,0.47,0.495,178214
ELT,20191008,0.004,0.004,0.004,0.004,1995000
ELX,20191008,0.565,0.57,0.55,0.55,67648
EM1,20191008,0.018,0.018,0.017,0.018,1023208
EM2,20191008,0.185,0.185,0.17,0.17,110000
EML,20191008,4.3,4.32,4.16,4.27,1643274
EMN,20191008,0.175,0.175,0.175,0.175,25000
EMR,20191008,0.041,0.041,0.04,0.04,437125
EMU,20191008,0.043,0.043,0.043,0.043,11628
EMV,20191008,0.66,0.76,0.66,0.735,462320
EN1,20191008,0.025,0.025,0.024,0.024,1929624
ENN,20191008,2.1,2.12,2.1,2.12,39604
ENR,20191008,0.15,0.15,0.14,0.14,124535
ENT,20191008,0.009,0.009,0.009,0.009,35000
EOF,20191008,3.21,3.24,3.185,3.21,245212
EOL,20191008,1.9,1.9,1.9,1.9,504
EOS,20191008,7.39,7.39,7.16,7.3,589426
EPM,20191008,0.003,0.005,0.003,0.004,14614228
EPW,20191008,2.41,2.42,2.41,2.42,500175
EQE,20191008,0.016,0.018,0.016,0.016,10526203
EQT,20191008,32.97,32.97,32.2,32.2,1804
EQX,20191008,0.27,0.27,0.27,0.27,13738
ERF,20191008,1.25,1.28,1.25,1.28,58909
ERG,20191008,0.066,0.068,0.066,0.068,50000
ERL,20191008,0.011,0.011,0.011,0.011,40871
ERM,20191008,0.135,0.135,0.13,0.135,112126
ERX,20191008,0.084,0.085,0.084,0.084,1411361
ESE,20191008,0.019,0.019,0.019,0.019,532106
ESH,20191008,0.012,0.013,0.012,0.012,2454992
ESR,20191008,0.018,0.02,0.014,0.014,115792412
ETF,20191008,22.15,22.19,22.15,22.19,2611
EUR,20191008,0.085,0.087,0.082,0.085,2184726
EVE,20191008,0.006,0.006,0.005,0.006,28261239
EVN,20191008,4.61,4.705,4.6,4.66,6572255
EVO,20191008,0.105,0.115,0.105,0.105,4126753
EVS,20191008,0.33,0.33,0.305,0.33,1742562
EVT,20191008,12.99,13.15,12.97,13.02,14199
EVZ,20191008,0.19,0.19,0.19,0.19,200
EWC,20191008,0.082,0.084,0.082,0.084,106952
EX1,20191008,0.405,0.405,0.39,0.39,83078
EXL,20191008,2.09,2.2,2.09,2.18,291172
EXO,20191008,0.002,0.002,0.002,0.002,500000
EXP,20191008,0.25,0.25,0.25,0.25,147258
EXR,20191008,0.053,0.055,0.051,0.051,4351904
EZL,20191008,1,1,0.99,0.995,39140
FAR,20191008,0.055,0.056,0.054,0.055,3334940
FAU,20191008,0.015,0.015,0.015,0.015,822000
FBR,20191008,0.06,0.061,0.06,0.06,667607
FBU,20191008,4.48,4.54,4.44,4.53,759398
FCL,20191008,3,3.03,2.95,2.96,260789
FCT,20191008,0.165,0.165,0.145,0.15,1544912
FDV,20191008,0.74,0.75,0.74,0.745,973181
FEL,20191008,0.015,0.021,0.015,0.019,2307190
FEX,20191008,0.061,0.062,0.053,0.053,1147968
FFG,20191008,0.01,0.01,0.01,0.01,537954
FGG,20191008,1.26,1.265,1.26,1.265,87785
FGO,20191008,0.002,0.002,0.002,0.002,500000
FGR,20191008,0.19,0.2,0.19,0.195,161222
FGX,20191008,1.135,1.15,1.135,1.14,145980
FHS,20191008,0.011,0.011,0.011,0.011,3640653
FID,20191008,5.44,5.6,5.44,5.6,9660
FLC,20191008,0.51,0.525,0.495,0.505,274871
FLT,20191008,46.85,47.25,46.55,47.2,257952
FMG,20191008,8.95,8.98,8.725,8.74,11940768
FML,20191008,0.28,0.28,0.275,0.275,14718
FMS,20191008,0.06,0.069,0.06,0.068,785286
FNP,20191008,5.17,5.23,5.06,5.12,172852
FOD,20191008,0.061,0.07,0.061,0.066,2617408
FOR,20191008,1.21,1.21,1.2,1.2,58672
FPC,20191008,0.935,0.935,0.935,0.935,8000
FPH,20191008,16.29,16.43,16.29,16.43,132408
FPL,20191008,0.009,0.01,0.009,0.009,3515500
FRM,20191008,0.355,0.355,0.355,0.355,9766
FRN,20191008,0.024,0.024,0.024,0.024,1158980
FSA,20191008,1.04,1.06,1.04,1.06,24500
FSF,20191008,3.86,3.97,3.73,3.73,24005
FSG,20191008,0.023,0.023,0.023,0.023,50000
FSI,20191008,1.84,1.84,1.84,1.84,7466
FTC,20191008,0.16,0.165,0.14,0.165,58978
FTT,20191008,0.003,0.003,0.003,0.003,150000
FUN,20191008,0.035,0.035,0.033,0.034,271449
FWD,20191008,1.955,1.98,1.955,1.98,25809
FXL,20191008,2.38,2.44,2.26,2.32,1356155
FYI,20191008,0.068,0.069,0.062,0.062,887602
FZO,20191008,0.18,0.18,0.17,0.18,894163
G1A,20191008,0.34,0.35,0.34,0.35,306018
GAL,20191008,0.12,0.12,0.12,0.12,58326
GAS,20191008,0.795,0.8,0.77,0.77,16250
GBE,20191008,0.019,0.019,0.019,0.019,107081
GBP,20191008,0.027,0.027,0.027,0.027,100000
GBR,20191008,0.052,0.052,0.051,0.051,50000
GBT,20191008,3.83,3.83,3.83,3.83,20270
GC1,20191008,0.82,0.85,0.82,0.85,61037
GCI,20191008,2.08,2.08,2.07,2.07,140022
GCM,20191008,2.28,2.28,2.27,2.28,29300
GDF,20191008,1.48,1.48,1.48,1.48,8000
GDG,20191008,0.745,0.75,0.74,0.74,24666
GDI,20191008,1.545,1.55,1.535,1.55,189556
GDX,20191008,41.32,41.32,40.74,40.75,8159
GED,20191008,0.028,0.028,0.027,0.027,1126320
GEM,20191008,2.43,2.47,2.42,2.44,1257245
GEV,20191008,0.145,0.145,0.14,0.14,392730
GGE,20191008,0.003,0.003,0.003,0.003,32182
GGG,20191008,0.13,0.13,0.115,0.125,2949070
GLA,20191008,0.001,0.001,0.001,0.001,4700000
GLB,20191008,1.46,1.46,1.45,1.45,23076
GLL,20191008,0.94,0.95,0.92,0.95,132980
GLN,20191008,0.19,0.19,0.18,0.18,297859
GLV,20191008,0.003,0.003,0.002,0.002,12742500
GMA,20191008,3.38,3.48,3.37,3.47,566653
GMC,20191008,0.006,0.006,0.006,0.006,3598001
GMD,20191008,0.034,0.034,0.033,0.033,552910
GMG,20191008,14.39,14.395,14.24,14.3,3054472
GML,20191008,0.019,0.019,0.018,0.018,690357
GMN,20191008,0.056,0.056,0.051,0.054,485380
GMR,20191008,0.015,0.015,0.015,0.015,983140
GNC,20191008,8,8.07,7.86,7.9,301077
GNE,20191008,3.32,3.32,3.26,3.3,34404
GNG,20191008,0.845,0.845,0.805,0.805,45847
GNX,20191008,0.25,0.25,0.24,0.24,763885
GO2,20191008,0.025,0.025,0.023,0.024,542816
GOR,20191008,1.2,1.21,1.155,1.165,5399804
GOW,20191008,2.31,2.32,2.28,2.32,49155
GOZ,20191008,4.36,4.41,4.34,4.37,832385
GPP,20191008,0.001,0.001,0.001,0.001,3000000
GPR,20191008,0.032,0.032,0.029,0.031,789877
GPT,20191008,6.24,6.26,6.2,6.25,3437640
GPX,20191008,0.175,0.175,0.165,0.165,173734
GRB,20191008,0.093,0.093,0.092,0.092,540095
GRR,20191008,0.225,0.225,0.22,0.22,271902
GSM,20191008,0.09,0.09,0.09,0.09,27000
GSN,20191008,0.056,0.056,0.056,0.056,140000
GSW,20191008,0.665,0.67,0.605,0.63,311171
GTE,20191008,0.004,0.005,0.004,0.004,3461065
GTG,20191008,0.004,0.005,0.004,0.005,318000
GTK,20191008,4.67,4.89,4.67,4.89,23564
GTR,20191008,0.013,0.013,0.011,0.013,1775464
GUD,20191008,10.3,10.345,10.18,10.34,217152
GVF,20191008,1.025,1.025,1.02,1.025,53475
GWA,20191008,3.31,3.31,3.25,3.28,910837
GWR,20191008,0.091,0.091,0.091,0.091,6668
GXY,20191008,0.94,0.965,0.94,0.96,2910564
HAS,20191008,0.17,0.17,0.17,0.17,240999
HAV,20191008,0.12,0.12,0.115,0.115,58750
HAW,20191008,0.059,0.059,0.059,0.059,10000
HCH,20191008,0.039,0.041,0.037,0.038,5490199
HE8,20191008,0.22,0.22,0.205,0.215,458276
HFR,20191008,0.665,0.665,0.62,0.625,38295
HGO,20191008,0.062,0.062,0.062,0.062,1319
HHM,20191008,0.02,0.02,0.02,0.02,65012
HIL,20191008,0.235,0.235,0.23,0.23,206732
HIT,20191008,1.085,1.085,1.085,1.085,2322
HLA,20191008,0.875,0.875,0.875,0.875,9100
HLO,20191008,4.62,4.67,4.62,4.65,41371
HLS,20191008,3.12,3.165,3.09,3.13,615935
HLX,20191008,0.019,0.019,0.017,0.018,373052
HM1,20191008,2.96,3.01,2.95,2.95,282601
HMD,20191008,0.15,0.15,0.15,0.15,25000
HMX,20191008,0.025,0.025,0.025,0.025,1045322
HNR,20191008,0.009,0.009,0.009,0.009,2271451
HOR,20191008,0.015,0.015,0.014,0.014,154276
HPI,20191008,3.25,3.275,3.225,3.26,208482
HPR,20191008,0.11,0.11,0.11,0.11,14279
HRL,20191008,0.105,0.105,0.105,0.105,106056
HRN,20191008,0.32,0.32,0.32,0.32,31002
HRR,20191008,0.24,0.24,0.18,0.195,2494023
HRZ,20191008,0.14,0.14,0.13,0.14,203578
HSN,20191008,3.56,3.61,3.55,3.6,172088
HT1,20191008,1.9,1.935,1.895,1.935,145458
HTA,20191008,0.12,0.12,0.115,0.115,133650
HUB,20191008,11.39,11.82,11.31,11.61,241271
HUO,20191008,4.44,4.45,4.4,4.4,34135
HVN,20191008,4.5,4.525,4.47,4.49,3836993
HWK,20191008,0.011,0.011,0.01,0.01,3024332
HYD,20191008,0.029,0.029,0.029,0.029,78230
HZN,20191008,0.14,0.142,0.135,0.135,328661
HZR,20191008,0.39,0.41,0.39,0.41,191540
IAA,20191008,87.05,87.86,86.66,87.39,18149
IAF,20191008,116.95,116.96,116.8,116.84,17607
IAG,20191008,7.74,7.83,7.7,7.73,2877990
IAM,20191008,0.002,0.002,0.001,0.001,3320000
IAP,20191008,1.57,1.57,1.55,1.56,2024702
IBG,20191008,0.018,0.018,0.018,0.018,151490
IBX,20191008,0.038,0.039,0.038,0.038,510908
ICN,20191008,0.014,0.014,0.014,0.014,100000
ICQ,20191008,0.27,0.27,0.26,0.26,833003
ICT,20191008,0.056,0.056,0.056,0.056,36242
ICU,20191008,0.009,0.009,0.009,0.009,51000
ID8,20191008,0.31,0.35,0.31,0.35,103634
IDA,20191008,0.025,0.025,0.025,0.025,401001
IDT,20191008,0.18,0.18,0.175,0.18,190920
IDX,20191008,3.07,3.1,3.05,3.06,274698
IEL,20191008,15.71,15.94,15.62,15.8,2005606
IEM,20191008,60.48,60.89,60.26,60.78,7165
IEU,20191008,62.74,62.99,62.74,62.88,25018
IFL,20191008,6.29,6.29,6.06,6.08,1065561
IFM,20191008,2.21,2.26,2.15,2.2,1066686
IFN,20191008,0.665,0.67,0.655,0.67,926987
IFT,20191008,4.75,4.75,4.63,4.63,6953
IGB,20191008,115.79,115.8,115.65,115.67,5233
IGE,20191008,0.11,0.11,0.11,0.11,580121
IGL,20191008,2.05,2.05,2.02,2.02,270116
IGO,20191008,6.31,6.38,6.28,6.33,1570016
IHD,20191008,13.94,14,13.94,13.97,50100
IHL,20191008,0.087,0.088,0.086,0.087,1523916
IHR,20191008,0.075,0.075,0.075,0.075,86000
IJH,20191008,281.99,281.99,280.53,281.41,1754
IJP,20191008,83.4,83.935,83.27,83.71,5954
IJR,20191008,112.99,113.68,112.99,113.39,3873
IKO,20191008,82.03,83.5,82.03,83.5,514
IKW,20191008,0.001,0.001,0.001,0.001,150000
ILB,20191008,128.98,129.6,128.98,129.45,974
ILC,20191008,25.85,25.93,25.85,25.85,10364
ILU,20191008,7.8,7.895,7.78,7.83,1038360
IMA,20191008,0.26,0.26,0.245,0.255,1218395
IMC,20191008,0.12,0.12,0.115,0.12,520737
IMD,20191008,1.385,1.512,1.385,1.455,1568152
IME,20191008,0.05,0.051,0.047,0.048,819266
IMF,20191008,3.86,3.86,3.74,3.79,301883
IMM,20191008,0.026,0.026,0.024,0.024,4403577
IMR,20191008,1.25,1.32,1.25,1.32,8900
IMS,20191008,0.006,0.006,0.006,0.006,200000
IMU,20191008,0.02,0.02,0.02,0.02,125000
INA,20191008,4.05,4.11,4.03,4.1,308458
ING,20191008,3.03,3.06,3.01,3.05,818991
INK,20191008,0.081,0.085,0.081,0.085,199691
INR,20191008,0.18,0.185,0.17,0.175,1914760
IOD,20191008,0.175,0.175,0.165,0.165,121092
IOO,20191008,72.38,73.05,72.38,72.47,10301
IOZ,20191008,27.2,27.26,27.17,27.21,217038
IP1,20191008,0.016,0.016,0.015,0.016,1461531
IPB,20191008,0.024,0.024,0.024,0.024,182935
IPD,20191008,0.165,0.165,0.16,0.165,307667
IPH,20191008,8.36,8.41,8.32,8.36,432272
IPL,20191008,3.29,3.33,3.28,3.3,2978722
IRE,20191008,11.29,11.37,11.17,11.17,222608
IRI,20191008,3.04,3.12,3.01,3.11,93339
ISD,20191008,0.42,0.435,0.415,0.435,294205
ISO,20191008,4.97,4.98,4.97,4.98,4799
ISU,20191008,0.575,0.575,0.575,0.575,406
IVC,20191008,13.7,13.76,13.63,13.65,200860
IVE,20191008,95.15,95.48,95.09,95.17,1151
IVR,20191008,0.02,0.021,0.02,0.02,478239
IVV,20191008,439.74,439.74,437.63,438.33,7696
IVX,20191008,0.015,0.015,0.014,0.014,828135
IVZ,20191008,0.035,0.035,0.035,0.035,190474
IXC,20191008,0.63,0.645,0.63,0.645,2300
IXI,20191008,80.32,80.9,80.32,80.7,1381
IXJ,20191008,90.5,90.54,90,90.09,4172
IZZ,20191008,59.5,60.25,59.46,60.23,4915
JAL,20191008,0.185,0.185,0.18,0.18,143056
JAT,20191008,0.056,0.056,0.055,0.055,965487
JBH,20191008,34.83,35.445,34.68,35.31,1099703
JCS,20191008,0.031,0.032,0.029,0.032,141529
JDR,20191008,0.012,0.012,0.011,0.011,1132000
JHC,20191008,1.185,1.185,1.16,1.185,178926
JHG,20191008,30.69,30.7,30.3,30.37,236856
JHL,20191008,0.029,0.029,0.029,0.029,70
JHX,20191008,24.54,24.62,24.4,24.49,789508
JIN,20191008,26.81,26.83,25.47,26.07,386921
JLG,20191008,1.835,1.84,1.77,1.77,111812
JMS,20191008,0.38,0.387,0.37,0.385,1940001
JRV,20191008,0.215,0.22,0.215,0.215,589887
JXT,20191008,0.265,0.275,0.25,0.275,488403
JYC,20191008,1.645,1.645,1.64,1.64,12562
K2F,20191008,0.165,0.165,0.165,0.165,103741
KAI,20191008,0.015,0.015,0.015,0.015,26000
KAM,20191008,0.055,0.055,0.055,0.055,85127
KAR,20191008,1.21,1.235,1.195,1.2,401868
KAS,20191008,0.04,0.041,0.04,0.04,27452
KAT,20191008,0.76,0.76,0.76,0.76,4669
KCN,20191008,0.42,0.42,0.405,0.41,419846
KEY,20191008,0.008,0.008,0.007,0.007,4316863
KFE,20191008,0.049,0.05,0.048,0.05,280123
KGD,20191008,0.02,0.02,0.019,0.019,88315
KGL,20191008,0.25,0.265,0.25,0.265,38000
KGM,20191008,0.008,0.009,0.008,0.009,206500
KGN,20191008,6.6,6.73,6.48,6.68,288836
KIN,20191008,0.04,0.04,0.04,0.04,124626
KIS,20191008,0.071,0.077,0.07,0.077,68100
KKT,20191008,0.485,0.485,0.48,0.485,2307021
KLA,20191008,70.43,70.43,68.33,68.65,128
KLL,20191008,0.505,0.505,0.49,0.5,473878
KMD,20191008,2.89,2.9,2.87,2.89,224765
KME,20191008,0.99,0.99,0.975,0.975,17500
KOR,20191008,0.02,0.02,0.019,0.019,661773
KOV,20191008,3.25,3.25,3.22,3.22,2082
KP2,20191008,0.022,0.022,0.022,0.022,213624
KPG,20191008,0.92,0.965,0.92,0.965,7670
KPO,20191008,0.027,0.027,0.027,0.027,97726
KPT,20191008,2.5,2.54,2.5,2.54,10000
KRM,20191008,0.03,0.03,0.03,0.03,271045
KRR,20191008,0.034,0.034,0.033,0.033,353364
KRX,20191008,0.165,0.17,0.165,0.17,24000
KSL,20191008,1.37,1.37,1.335,1.34,166595
KSN,20191008,0.019,0.02,0.019,0.019,2887176
KSS,20191008,0.265,0.27,0.255,0.26,201724
KTA,20191008,0.035,0.037,0.032,0.036,2700133
KTD,20191008,0.485,0.485,0.47,0.47,501566
KWR,20191008,0.285,0.31,0.285,0.29,611528
KYK,20191008,0.215,0.22,0.195,0.2,1860691
KZR,20191008,0.275,0.29,0.275,0.285,111121
LAU,20191008,0.35,0.35,0.35,0.35,15811
LBL,20191008,0.75,0.77,0.74,0.77,56079
LBT,20191008,0.12,0.12,0.115,0.115,140618
LCK,20191008,0.2,0.2,0.195,0.195,219333
LCY,20191008,0.004,0.005,0.004,0.005,1169420
LEG,20191008,0.037,0.038,0.036,0.036,531893
LEP,20191008,5.27,5.32,5.26,5.28,63899
LER,20191008,0.032,0.032,0.03,0.03,364462
LEX,20191008,0.21,0.22,0.205,0.205,161441
LIC,20191008,7.72,7.81,7.7,7.75,280453
LIN,20191008,0.015,0.015,0.015,0.015,2219996
LIT,20191008,0.047,0.047,0.046,0.047,292458
LKE,20191008,0.04,0.04,0.04,0.04,120409
LLC,20191008,17.29,17.39,17.14,17.19,576364
LMG,20191008,0.015,0.015,0.015,0.015,83333
LML,20191008,0.006,0.006,0.006,0.006,163341
LMW,20191008,0.165,0.165,0.145,0.145,298715
LNG,20191008,0.24,0.24,0.225,0.225,1149419
LNK,20191008,5.56,5.61,5.52,5.57,1557045
LNU,20191008,0.037,0.038,0.035,0.038,7356603
LNY,20191008,0.006,0.006,0.006,0.006,250000
LOM,20191008,0.135,0.135,0.13,0.135,107400
LON,20191008,0.17,0.17,0.17,0.17,39931
LOT,20191008,0.051,0.051,0.051,0.051,146377
LOV,20191008,12.79,13.22,12.72,13.06,234719
LPD,20191008,0.016,0.017,0.016,0.017,5083230
LPE,20191008,0.73,0.74,0.73,0.74,6200
LPI,20191008,0.285,0.285,0.285,0.285,10000
LRS,20191008,0.012,0.012,0.01,0.01,664646
LSF,20191008,1.52,1.535,1.515,1.525,577599
LSR,20191008,0.009,0.009,0.009,0.009,196158
LSX,20191008,0.42,0.42,0.42,0.42,35675
LTR,20191008,0.092,0.098,0.092,0.092,5807632
LVE,20191008,0.085,0.085,0.067,0.071,116000
LVH,20191008,0.27,0.27,0.27,0.27,63317
LVT,20191008,0.355,0.355,0.35,0.35,1697798
LYC,20191008,2.56,2.6,2.55,2.6,1330094
LYL,20191008,5.35,5.38,5.35,5.35,10708
M7T,20191008,0.75,0.755,0.735,0.75,246036
MA1,20191008,0.95,0.95,0.95,0.95,40016
MAD,20191008,1.1,1.1,1.06,1.06,188451
MAH,20191008,0.185,0.187,0.185,0.185,255229
MAI,20191008,0.495,0.495,0.495,0.495,45000
MAQ,20191008,22.56,22.56,22.25,22.25,2167
MAT,20191008,0.15,0.15,0.15,0.15,140000
MAU,20191008,0.515,0.515,0.485,0.485,376953
MAY,20191008,0.01,0.01,0.009,0.009,6871310
MCA,20191008,0.16,0.16,0.16,0.16,3925
MCE,20191008,0.39,0.395,0.39,0.39,21120
MCP,20191008,2.47,2.49,2.44,2.48,63582
MCR,20191008,0.645,0.645,0.615,0.62,261699
MCT,20191008,0.006,0.006,0.006,0.006,709175
MCY,20191008,5.03,5.08,5.03,5.05,1817
MDC,20191008,0.44,0.44,0.43,0.44,16748
MDR,20191008,0.055,0.055,0.052,0.055,1774736
MEA,20191008,0.225,0.225,0.225,0.225,10000
MEB,20191008,0.015,0.015,0.014,0.015,11039135
MEC,20191008,0.865,0.875,0.865,0.875,32230
MEI,20191008,0.058,0.06,0.058,0.059,3426450
MEL,20191008,0.045,0.045,0.043,0.043,376190
MEM,20191008,0.08,0.081,0.075,0.078,2543587
MEP,20191008,0.059,0.06,0.057,0.059,976853
MEU,20191008,0.029,0.029,0.027,0.027,474818
MEY,20191008,0.1,0.1,0.1,0.1,16504
MEZ,20191008,4.93,4.99,4.93,4.99,10859
MFF,20191008,3.21,3.24,3.21,3.21,99557
MFG,20191008,49.86,49.9,48.52,49.31,689919
MGC,20191008,0.395,0.395,0.395,0.395,5000
MGE,20191008,3.83,3.83,3.81,3.82,741390
MGG,20191008,1.8,1.805,1.785,1.795,498391
MGR,20191008,3.13,3.13,3.05,3.06,11241203
MGT,20191008,0.005,0.005,0.005,0.005,240000
MGV,20191008,0.074,0.077,0.073,0.074,708151
MGX,20191008,0.75,0.75,0.72,0.725,3462141
MHC,20191008,0.005,0.005,0.005,0.005,1000000
MHG,20191008,3.33,3.34,3.33,3.34,43607
MHJ,20191008,0.59,0.59,0.57,0.585,10459
MIL,20191008,0.275,0.275,0.275,0.275,24000
MIN,20191008,13.4,13.605,13.34,13.58,1253044
MIR,20191008,2.46,2.51,2.46,2.5,185394
MKG,20191008,0.08,0.08,0.08,0.08,75000
MLD,20191008,0.95,0.952,0.925,0.95,331551
MLL,20191008,0.079,0.079,0.077,0.077,137142
MLS,20191008,0.002,0.002,0.002,0.002,6025023
MLT,20191008,4.78,4.8,4.77,4.79,41933
MLX,20191008,0.17,0.17,0.165,0.165,1175936
MMI,20191008,0.11,0.12,0.11,0.12,539472
MMJ,20191008,0.245,0.245,0.235,0.245,108844
MML,20191008,0.83,0.83,0.81,0.825,137932
MMS,20191008,16.29,16.46,15.95,16,382641
MNC,20191008,0.079,0.084,0.079,0.081,1081152
MND,20191008,14.92,14.98,14.83,14.92,257109
MNF,20191008,5.12,5.12,5.07,5.07,17164
MNS,20191008,0.18,0.18,0.175,0.175,328434
MNW,20191008,0.022,0.022,0.021,0.021,208973
MNY,20191008,2.24,2.25,2.21,2.25,174743
MOB,20191008,0.088,0.091,0.087,0.091,103684
MOC,20191008,1.16,1.16,1.14,1.14,68791
MOD,20191008,0.43,0.435,0.43,0.435,1466485
MOE,20191008,3.74,3.8,3.64,3.8,18783
MOQ,20191008,0.225,0.225,0.215,0.215,216055
MOT,20191008,2.05,2.06,2.05,2.06,350373
MOY,20191008,0.085,0.085,0.081,0.081,196483
MP1,20191008,9.15,9.335,9.03,9.23,379814
MPH,20191008,0.3,0.3,0.3,0.3,10000
MPL,20191008,3.3,3.32,3.275,3.28,5569863
MPW,20191008,0.105,0.105,0.105,0.105,43281
MQG,20191008,126.99,127.18,126.31,126.58,873589
MRC,20191008,0.21,0.22,0.21,0.215,162826
MRD,20191008,0.001,0.001,0.001,0.001,1000000
MRG,20191008,0.085,0.085,0.084,0.084,20728
MRM,20191008,0.18,0.2,0.18,0.185,815134
MRN,20191008,1.455,1.455,1.455,1.455,20251
MRQ,20191008,0.008,0.008,0.008,0.008,1640449
MRZ,20191008,0.23,0.23,0.22,0.22,45434
MSB,20191008,1.995,2.01,1.975,1.975,691983
MSE,20191008,0.013,0.014,0.013,0.014,1972000
MSM,20191008,0.015,0.015,0.015,0.015,20000
MSV,20191008,0.059,0.06,0.058,0.06,2845862
MTH,20191008,0.005,0.005,0.005,0.005,163674
MTO,20191008,2,2.01,1.99,1.99,18212
MTS,20191008,2.91,2.96,2.9,2.94,2670554
MVA,20191008,25.62,25.75,25.6,25.62,4358
MVB,20191008,27.75,27.78,27.74,27.77,10612
MVE,20191008,28.58,28.58,28.58,28.58,350
MVF,20191008,1.055,1.067,1.035,1.06,334275
MVP,20191008,4.9,4.94,4.86,4.86,9810
MVR,20191008,28.95,28.95,28.95,28.95,1225
MVS,20191008,20.81,20.81,20.76,20.76,2457
MVW,20191008,30.73,30.75,30.65,30.67,32073
MWR,20191008,3.9,3.97,3.75,3.9,43368
MWY,20191008,2.57,2.57,2.45,2.45,208168
MX1,20191008,0.325,0.325,0.32,0.325,102158
MXC,20191008,0.038,0.038,0.037,0.037,1498174
MXI,20191008,0.24,0.24,0.235,0.24,235562
MXR,20191008,0.067,0.067,0.067,0.067,1305
MXT,20191008,2.07,2.07,2.06,2.07,567007
MYE,20191008,1.12,1.12,1.12,1.12,12200
MYL,20191008,0.047,0.048,0.047,0.048,857359
MYQ,20191008,0.26,0.26,0.26,0.26,25833
MYR,20191008,0.57,0.595,0.56,0.595,686643
MYS,20191008,4.6,4.69,4.58,4.65,152361
MYX,20191008,0.57,0.605,0.565,0.605,10150814
MZN,20191008,0.075,0.076,0.075,0.076,31823
MZZ,20191008,0.255,0.26,0.25,0.26,133461
N27,20191008,0.034,0.036,0.034,0.036,180000
NAB,20191008,28.08,28.21,28.005,28.09,3378259
NAC,20191008,0.92,0.925,0.92,0.925,21000
NAE,20191008,0.003,0.003,0.003,0.003,2000000
NAG,20191008,0.06,0.06,0.06,0.06,23000
NAM,20191008,0.35,0.35,0.35,0.35,9911
NAN,20191008,6.3,6.4,6.25,6.3,679405
NBI,20191008,2.08,2.09,2.08,2.08,732452
NBL,20191008,2.94,2.95,2.94,2.95,61176
NC6,20191008,0.068,0.068,0.067,0.068,85223
NCC,20191008,1.1,1.1,1.07,1.07,2546
NCK,20191008,6.96,6.96,6.81,6.86,186223
NCM,20191008,35.5,36.1,35.495,35.95,1780061
NCR,20191008,0.017,0.017,0.017,0.017,59760
NCZ,20191008,0.255,0.27,0.245,0.25,1860154
NDQ,20191008,19.47,19.54,19.47,19.53,28149
NEA,20191008,2.54,2.54,2.46,2.48,2909678
NEC,20191008,1.9,1.91,1.87,1.9,2812781
NES,20191008,0.074,0.08,0.074,0.08,365058
NET,20191008,0.16,0.17,0.16,0.165,91413
NEU,20191008,2.09,2.14,2.07,2.14,48615
NEW,20191008,1.26,1.26,1.257,1.26,147617
NGE,20191008,0.615,0.615,0.595,0.595,959
NGI,20191008,3.19,3.2,3.105,3.14,85909
NHC,20191008,2.22,2.25,2.21,2.25,1498934
NHF,20191008,7.07,7.08,6.84,6.87,966757
NHL,20191008,0.01,0.01,0.01,0.01,50000
NIC,20191008,0.675,0.685,0.66,0.675,461547
NME,20191008,0.011,0.011,0.011,0.011,3792
NML,20191008,0.135,0.135,0.12,0.135,3554864
NMT,20191008,0.205,0.21,0.2,0.205,142946
NNW,20191008,0.067,0.067,0.067,0.067,25000
NOR,20191008,0.003,0.003,0.003,0.003,10599942
NOV,20191008,0.19,0.19,0.19,0.19,17481
NOX,20191008,0.38,0.38,0.37,0.37,46941
NSB,20191008,0.245,0.255,0.24,0.255,770534
NSC,20191008,0.71,0.72,0.71,0.715,104501
NSE,20191008,0.004,0.004,0.004,0.004,50000
NSR,20191008,1.835,1.835,1.815,1.82,916380
NST,20191008,11.75,11.88,11.5,11.58,2885442
NTD,20191008,0.405,0.405,0.4,0.4,26451
NTI,20191008,0.016,0.017,0.016,0.016,1536532
NTM,20191008,0.053,0.053,0.053,0.053,295922
NTU,20191008,0.059,0.059,0.058,0.058,2864208
NUF,20191008,6.59,6.79,6.56,6.72,4708810
NUH,20191008,0.032,0.032,0.031,0.031,1563445
NVA,20191008,0.039,0.04,0.037,0.037,1976100
NVL,20191008,2.3,2.34,2.3,2.34,22254
NVO,20191008,0.012,0.012,0.011,0.011,2182166
NVX,20191008,0.46,0.46,0.44,0.45,49999
NWE,20191008,0.006,0.006,0.005,0.005,4680933
NWF,20191008,0.165,0.17,0.16,0.165,109980
NWH,20191008,2.19,2.265,2.18,2.23,1246586
NWL,20191008,8.91,8.975,8.8,8.88,607731
NWS,20191008,21.07,21.07,20.62,20.64,76735
NXE,20191008,0.018,0.019,0.018,0.019,249079
NXM,20191008,0.052,0.056,0.051,0.054,1150260
NXS,20191008,2.94,2.94,2.82,2.84,124801
NXT,20191008,6.25,6.36,6.21,6.32,886647
NZC,20191008,0.32,0.32,0.32,0.32,33100
NZK,20191008,2.22,2.22,2.14,2.21,3154
NZM,20191008,0.41,0.41,0.375,0.375,252107
NZS,20191008,0.017,0.017,0.017,0.017,88235
OAR,20191008,0.014,0.014,0.014,0.014,2571560
OAU,20191008,0.03,0.03,0.029,0.03,1186635
OBJ,20191008,0.016,0.016,0.016,0.016,95250
OBM,20191008,0.165,0.17,0.16,0.17,936463
OCL,20191008,4.17,4.18,4.17,4.17,4442
ODA,20191008,0.255,0.255,0.24,0.24,29488
ODM,20191008,0.15,0.15,0.15,0.15,21889
OEL,20191008,0.048,0.048,0.047,0.047,877448
OFX,20191008,1.475,1.495,1.47,1.495,251931
OGA,20191008,0.16,0.16,0.16,0.16,78097
OGC,20191008,3.96,4.02,3.9,4.02,85500
OIL,20191008,0.048,0.048,0.048,0.048,43000
OKJ,20191008,0.052,0.056,0.052,0.056,33420
OKR,20191008,0.235,0.26,0.235,0.26,44787
OKU,20191008,0.115,0.115,0.115,0.115,40000
OLH,20191008,0.035,0.036,0.035,0.035,437579
OMH,20191008,0.445,0.45,0.42,0.435,247526
OML,20191008,2.85,2.905,2.84,2.88,716894
OMN,20191008,0.915,0.925,0.915,0.92,408362
ONE,20191008,0.275,0.28,0.275,0.275,8976
ONT,20191008,6.32,6.37,6.32,6.37,3000
OOO,20191008,14.04,14.08,14.03,14.06,3545
OPC,20191008,3.7,3.82,3.68,3.77,269643
OPH,20191008,2.48,2.48,2.46,2.46,83604
OPN,20191008,0.032,0.032,0.031,0.031,491296
OPT,20191008,3.4,3.48,3.35,3.41,75010
ORA,20191008,2.74,2.77,2.725,2.75,3709889
ORE,20191008,2.46,2.54,2.42,2.52,577534
ORG,20191008,7.85,7.935,7.8,7.91,3226945
ORI,20191008,22.33,22.65,22.29,22.51,977748
ORN,20191008,0.029,0.029,0.028,0.028,1125862
ORR,20191008,0.39,0.39,0.39,0.39,25000
OSH,20191008,7.13,7.135,7.05,7.09,2052220
OSP,20191008,0.047,0.049,0.047,0.049,104182
OSX,20191008,1.05,1.15,1.02,1.03,3575420
OTW,20191008,4.69,4.83,4.69,4.72,11114
OVH,20191008,0.375,0.385,0.375,0.375,113219
OVL,20191008,0.007,0.007,0.007,0.007,1360000
OVN,20191008,0.825,0.825,0.795,0.81,56276
OVT,20191008,0.055,0.055,0.055,0.055,8262
OXX,20191008,0.008,0.008,0.008,0.008,26160
OZF,20191008,20.42,20.42,20.42,20.42,5000
OZG,20191008,0.165,0.165,0.165,0.165,6000
OZL,20191008,9.27,9.46,9.21,9.42,1711645
OZR,20191008,11.43,11.47,11.43,11.46,123968
PAA,20191008,0.165,0.17,0.145,0.15,1664508
PAB,20191008,0.021,0.021,0.02,0.021,619748
PAC,20191008,6.95,7.01,6.81,6.96,45818
PAF,20191008,0.78,0.787,0.78,0.785,72909
PAI,20191008,0.955,0.955,0.95,0.955,233595
PAK,20191008,0.04,0.04,0.04,0.04,200944
PAL,20191008,1.01,1.01,1,1,18167
PAN,20191008,0.31,0.31,0.3,0.3,1153874
PAR,20191008,3.07,3.13,2.92,3,910416
PBH,20191008,3.7,3.8,3.63,3.68,378164
PBP,20191008,1.885,1.885,1.84,1.84,24106
PCG,20191008,1.9,1.9,1.9,1.9,15000
PCH,20191008,0.003,0.003,0.003,0.003,4039734
PCI,20191008,1.155,1.155,1.135,1.15,329064
PCK,20191008,0.335,0.345,0.325,0.325,2389528
PCL,20191008,0.002,0.002,0.002,0.002,4546933
PDI,20191008,0.012,0.012,0.012,0.012,169878
PDL,20191008,7.02,7.025,6.9,6.94,643816
PDN,20191008,0.098,0.099,0.097,0.097,1966343
PDZ,20191008,0.24,0.24,0.24,0.24,22655
PE1,20191008,1.57,1.6,1.53,1.55,55026
PEA,20191008,1.085,1.085,1.08,1.08,3357474
PEC,20191008,0.032,0.032,0.03,0.03,125000
PEK,20191008,0.037,0.037,0.035,0.035,631499
PEN,20191008,0.185,0.19,0.185,0.19,94902
PET,20191008,1.245,1.245,1.19,1.205,1509771
PEX,20191008,0.27,0.29,0.27,0.29,78443
PFG,20191008,0.08,0.08,0.08,0.08,635000
PFP,20191008,2.99,3.03,2.99,2.99,60432
PGC,20191008,0.395,0.4,0.39,0.4,20516
PGF,20191008,1.06,1.065,1.05,1.06,136475
PGG,20191008,2.045,2.05,2.04,2.04,447099
PGH,20191008,2.3,2.3,2.23,2.25,620292
PGI,20191008,0.028,0.028,0.028,0.028,66000
PGL,20191008,4.29,4.29,4.29,4.29,750
PGM,20191008,0.024,0.024,0.024,0.024,296375
PGR,20191008,0.12,0.135,0.12,0.13,140685
PGY,20191008,0.038,0.038,0.038,0.038,220041
PIA,20191008,1.09,1.09,1.085,1.09,151492
PIC,20191008,1.02,1.03,1.02,1.02,203994
PIN,20191008,0.12,0.12,0.12,0.12,4375
PIO,20191008,0.019,0.019,0.017,0.017,12242137
PIQ,20191008,0.36,0.36,0.35,0.35,25028
PKD,20191008,0.065,0.065,0.065,0.065,2103
PKO,20191008,0.029,0.029,0.029,0.029,40000
PKS,20191008,0.19,0.19,0.19,0.19,217119
PL8,20191008,1.14,1.145,1.135,1.145,532837
PLL,20191008,0.091,0.091,0.091,0.091,87281
PLS,20191008,0.3,0.31,0.3,0.305,9875647
PM1,20191008,0.017,0.017,0.017,0.017,382195
PM8,20191008,0.22,0.225,0.22,0.22,88676
PMC,20191008,1.51,1.51,1.48,1.49,152819
PME,20191008,30.73,30.83,28.93,29.64,372499
PMV,20191008,19.19,19.33,19,19.05,220317
PMY,20191008,0.009,0.009,0.009,0.009,1370307
PNI,20191008,4.23,4.28,4.14,4.25,350016
PNL,20191008,0.07,0.07,0.068,0.068,1218222
PNN,20191008,0.002,0.002,0.002,0.002,132000
PNR,20191008,0.195,0.195,0.185,0.19,1285375
PNV,20191008,2.27,2.29,2.2,2.21,1750790
PNW,20191008,0.28,0.28,0.28,0.28,1620
PNX,20191008,0.006,0.006,0.006,0.006,125000
PO3,20191008,4.51,4.51,4.51,4.51,5000
POD,20191008,0.035,0.035,0.035,0.035,14290
POS,20191008,0.054,0.055,0.053,0.055,2753630
POW,20191008,0.006,0.006,0.006,0.006,221
PPE,20191008,3.02,3.16,3.02,3.12,96125
PPG,20191008,0.14,0.14,0.14,0.14,52304
PPH,20191008,2.97,3.02,2.95,3,69975
PPK,20191008,4.25,4.33,4.1,4.17,140094
PPS,20191008,0.47,0.475,0.45,0.46,903744
PPT,20191008,36.66,36.8,35.76,35.92,139158
PRO,20191008,0.4,0.455,0.4,0.455,48303
PRT,20191008,0.18,0.18,0.175,0.18,176465
PRU,20191008,0.7,0.73,0.695,0.71,5329656
PRX,20191008,0.11,0.11,0.105,0.11,1480586
PSA,20191008,0.05,0.05,0.047,0.047,119648
PSC,20191008,0.135,0.145,0.135,0.145,114810
PSI,20191008,2.71,2.79,2.71,2.79,25141
PSQ,20191008,1.55,1.55,1.55,1.55,2000
PSZ,20191008,0.06,0.06,0.057,0.057,169021
PTB,20191008,0.75,0.75,0.725,0.725,83580
PTM,20191008,4.01,4.04,3.995,4,1225017
PTX,20191008,0.058,0.058,0.056,0.056,737664
PUA,20191008,0.02,0.02,0.019,0.019,457608
PUR,20191008,0.009,0.009,0.009,0.009,509409
PVD,20191008,0.028,0.028,0.026,0.026,7581804
PVE,20191008,0.056,0.056,0.051,0.051,93433
PVS,20191008,1.405,1.405,1.38,1.39,5845
PWH,20191008,4.85,4.85,4.73,4.73,36719
PWL,20191008,0.205,0.21,0.185,0.2,262720
PWN,20191008,0.007,0.009,0.007,0.008,4769412
PXS,20191008,0.19,0.195,0.19,0.19,21087
PXX,20191008,0.076,0.079,0.076,0.079,112499
PYC,20191008,0.045,0.048,0.045,0.047,1981976
QAG,20191008,5.52,5.52,5.52,5.52,127
QAN,20191008,6.49,6.49,6.36,6.4,3836152
QAU,20191008,15.23,15.23,15.04,15.07,17861
QBE,20191008,12.35,12.37,12.21,12.3,3205776
QEM,20191008,0.097,0.097,0.097,0.097,10000
QFE,20191008,0.51,0.51,0.48,0.485,511843
QFN,20191008,11.58,11.58,11.57,11.57,6480
QFY,20191008,0.004,0.005,0.004,0.004,33847761
QGL,20191008,0.002,0.002,0.002,0.002,60000
QHL,20191008,0.12,0.12,0.115,0.12,666142
QIP,20191008,1.345,1.345,1.33,1.33,36412
QMS,20191008,0.9,0.905,0.9,0.9,141685
QOZ,20191008,13.77,13.78,13.77,13.78,138191
QRE,20191008,6.21,6.22,6.205,6.22,13078
QRI,20191008,1.615,1.62,1.61,1.615,382458
QUB,20191008,3.23,3.28,3.22,3.26,2660230
QUS,20191008,36.86,36.86,36.86,36.86,152
QVE,20191008,0.99,1.005,0.975,0.995,237403
RAC,20191008,0.145,0.15,0.14,0.14,470915
RAG,20191008,0.007,0.007,0.007,0.007,28100
RAN,20191008,0.02,0.02,0.02,0.02,105588
RAP,20191008,0.34,0.34,0.325,0.33,3917134
RBL,20191008,1.425,1.47,1.385,1.435,318726
RBR,20191008,0.014,0.014,0.014,0.014,920641
RCB,20191008,20.89,20.89,20.85,20.88,11611
RDC,20191008,1.09,1.09,1.075,1.08,152076
RDF,20191008,0.47,0.47,0.46,0.46,91379
RDH,20191008,1.985,1.99,1.985,1.99,1623
RDM,20191008,0.11,0.12,0.11,0.12,503950
RDN,20191008,0.007,0.007,0.007,0.007,110000
RDS,20191008,0.006,0.007,0.006,0.007,140000
RDV,20191008,29.94,29.99,29.91,29.92,11927
RDY,20191008,1.77,1.77,1.75,1.75,14100
REA,20191008,107.98,109.81,107.83,108.88,189127
RED,20191008,0.315,0.315,0.305,0.305,1665898
REG,20191008,3.1,3.25,3.1,3.25,296065
REH,20191008,10.57,10.59,10.41,10.53,112934
RES,20191008,0.099,0.099,0.09,0.093,507951
REX,20191008,1.34,1.35,1.335,1.35,17276
REY,20191008,0.295,0.295,0.29,0.29,19444
REZ,20191008,0.043,0.046,0.043,0.046,447433
RF1,20191008,2.68,2.7,2.66,2.66,149790
RFF,20191008,1.77,1.785,1.75,1.775,630655
RFG,20191008,0.175,0.18,0.17,0.17,199667
RFN,20191008,0.006,0.006,0.005,0.005,55334
RFR,20191008,0.115,0.13,0.115,0.12,974984
RFT,20191008,0.057,0.058,0.056,0.058,186030
RFX,20191008,0.053,0.053,0.049,0.05,2069764
RGI,20191008,0.16,0.165,0.16,0.165,53900
RHC,20191008,65.91,65.91,65.18,65.74,328829
RHP,20191008,2.65,2.76,2.56,2.76,201960
RHT,20191008,0.125,0.13,0.125,0.13,129694
RHY,20191008,0.16,0.16,0.155,0.155,108955
RIC,20191008,1.01,1.045,1.01,1.035,133443
RIM,20191008,0.005,0.005,0.004,0.005,31100538
RIO,20191008,88.3,88.86,87.79,88.58,1116259
RKN,20191008,0.69,0.705,0.69,0.705,24652
RLC,20191008,0.004,0.004,0.003,0.003,589938
RLE,20191008,0.029,0.029,0.028,0.029,27024
RMC,20191008,0.915,0.915,0.91,0.91,13795
RMD,20191008,19.7,19.72,19.61,19.72,436250
RMI,20191008,0.008,0.008,0.008,0.008,185273
RMP,20191008,0.01,0.01,0.01,0.01,300000
RMS,20191008,1.24,1.3,1.23,1.29,3136784
RMX,20191008,0.005,0.005,0.005,0.005,1329415
RMY,20191008,0.23,0.23,0.22,0.22,158829
RND,20191008,3.12,3.12,3.11,3.11,16754
RNE,20191008,0.026,0.027,0.026,0.027,79400
RNO,20191008,0.27,0.295,0.26,0.28,1117349
RNU,20191008,0.015,0.015,0.015,0.015,300341
RNX,20191008,0.002,0.002,0.002,0.002,500000
ROG,20191008,0.003,0.004,0.003,0.003,16379997
ROO,20191008,0.05,0.05,0.047,0.05,1825388
RRL,20191008,5.02,5.08,4.91,4.96,3895988
RSG,20191008,1.41,1.445,1.385,1.425,8157708
RSH,20191008,0.075,0.078,0.065,0.076,1390395
RTG,20191008,0.074,0.074,0.073,0.073,93371
RTR,20191008,0.076,0.076,0.072,0.072,1118605
RUL,20191008,0.74,0.74,0.74,0.74,205899
RVR,20191008,0.155,0.16,0.155,0.16,407584
RVS,20191008,1.31,1.31,1.31,1.31,153
RWC,20191008,3.94,3.975,3.85,3.92,1978278
RXL,20191008,0.028,0.028,0.026,0.028,2964631
RXM,20191008,0.09,0.09,0.087,0.09,128063
RXP,20191008,0.49,0.5,0.49,0.495,91652
RZI,20191008,0.95,0.95,0.885,0.94,86311
S2R,20191008,0.16,0.16,0.155,0.155,158103
S32,20191008,2.47,2.49,2.45,2.47,12979499
SAR,20191008,3.64,3.71,3.55,3.58,4776672
SAU,20191008,0.26,0.26,0.24,0.24,53783
SBM,20191008,2.83,2.88,2.75,2.77,5152058
SCG,20191008,3.95,3.98,3.93,3.95,5644441
SCI,20191008,0.01,0.01,0.01,0.01,379918
SCL,20191008,0.017,0.02,0.017,0.019,19616843
SCN,20191008,0.01,0.01,0.009,0.01,1428414
SCP,20191008,2.66,2.68,2.65,2.66,1189702
SCT,20191008,0.066,0.066,0.065,0.065,121356
SCU,20191008,0.016,0.016,0.015,0.015,156450
SDA,20191008,1.085,1.085,1.04,1.045,2022116
SDF,20191008,3.42,3.455,3.4,3.42,1907470
SDG,20191008,1.635,1.67,1.635,1.67,48154
SDI,20191008,0.815,0.82,0.815,0.82,13996
SDV,20191008,0.405,0.41,0.39,0.405,259145
SDX,20191008,0.042,0.042,0.042,0.042,500000
SE1,20191008,0.078,0.082,0.077,0.079,1523395
SEA,20191008,0.17,0.18,0.165,0.17,1020641
SEC,20191008,1.7,1.7,1.67,1.69,43276
SEI,20191008,0.052,0.053,0.052,0.053,1955575
SEK,20191008,21,21.095,20.9,21.06,769406
SEQ,20191008,0.185,0.185,0.185,0.185,14163
SER,20191008,0.006,0.006,0.006,0.006,350000
SES,20191008,0.07,0.07,0.07,0.07,124281
SFC,20191008,14,14,14,14,37
SFG,20191008,0.091,0.091,0.091,0.091,38263
SFR,20191008,6.33,6.5,6.24,6.47,831519
SFX,20191008,0.4,0.4,0.39,0.395,196590
SFY,20191008,60.35,60.8,60.35,60.69,4597
SG1,20191008,0.06,0.06,0.055,0.055,203791
SGC,20191008,0.029,0.029,0.029,0.029,52602
SGF,20191008,2.37,2.42,2.35,2.41,79706
SGH,20191008,1.12,1.12,1.11,1.11,7329
SGM,20191008,9.95,10.07,9.83,9.87,557326
SGP,20191008,4.54,4.575,4.51,4.53,3904862
SGQ,20191008,0.175,0.18,0.165,0.17,1754166
SGR,20191008,4.35,4.4,4.335,4.35,1975358
SHH,20191008,0.006,0.006,0.006,0.006,919580
SHJ,20191008,0.83,0.83,0.82,0.83,1547
SHL,20191008,28.51,28.59,28.3,28.39,566278
SHM,20191008,0.7,0.705,0.68,0.705,3009803
SHO,20191008,0.06,0.06,0.059,0.06,566266
SHV,20191008,7.78,7.91,7.705,7.83,208369
SIG,20191008,0.57,0.595,0.56,0.595,1750572
SIH,20191008,0.021,0.021,0.021,0.021,59497
SIL,20191008,0.047,0.047,0.045,0.046,781475
SIO,20191008,0.355,0.355,0.355,0.355,4428
SIQ,20191008,12.03,12.06,11.93,11.99,333409
SIT,20191008,0.069,0.069,0.067,0.067,1129150
SIV,20191008,0.675,0.675,0.66,0.66,4490
SKC,20191008,3.7,3.74,3.68,3.72,163200
SKF,20191008,0.145,0.145,0.145,0.145,35000
SKI,20191008,2.14,2.15,2.1,2.12,6860955
SKN,20191008,0.018,0.018,0.018,0.018,125000
SKO,20191008,3.72,3.73,3.61,3.61,25087
SKT,20191008,1.037,1.045,1.035,1.045,41115
SLC,20191008,1,1,0.99,0.99,630614
SLF,20191008,14.15,14.33,14.15,14.23,55766
SLR,20191008,0.94,0.95,0.89,0.905,8643286
SLX,20191008,0.4,0.405,0.395,0.4,24617
SLZ,20191008,0.061,0.061,0.06,0.06,100000
SM1,20191008,8.47,8.55,8.41,8.5,32246
SMD,20191008,0.009,0.009,0.009,0.009,2664919
SMN,20191008,0.91,0.94,0.9,0.91,32087
SMR,20191008,1.27,1.275,1.23,1.25,400704
SMX,20191008,0.32,0.32,0.275,0.3,93818
SNC,20191008,0.83,0.835,0.825,0.835,92245
SND,20191008,0.265,0.265,0.265,0.265,810566
SNL,20191008,4.13,4.13,4.12,4.12,2100
SNZ,20191008,6.02,6.14,6.02,6.14,337
SO4,20191008,0.785,0.8,0.765,0.79,351398
SOL,20191008,22.34,22.67,22.18,22.22,373388
SOM,20191008,2.5,2.5,2.5,2.5,9638
SOR,20191008,0.06,0.06,0.059,0.059,171719
SP3,20191008,0.088,0.089,0.086,0.086,190383
SPK,20191008,4.27,4.345,4.235,4.32,931200
SPL,20191008,1.15,1.175,1.15,1.165,121394
SPT,20191008,0.625,0.645,0.62,0.625,1425136
SPX,20191008,0.088,0.105,0.088,0.1,16060387
SPY,20191008,435.75,437.08,435,436.61,230
SPZ,20191008,0.21,0.215,0.205,0.205,97950
SRG,20191008,0.38,0.39,0.37,0.385,394691
SRI,20191008,0.098,0.105,0.098,0.1,533591
SRN,20191008,0.011,0.011,0.01,0.01,4066462
SRO,20191008,0.001,0.001,0.001,0.001,30000000
SRV,20191008,4.27,4.29,4.24,4.29,11006
SRZ,20191008,0.014,0.014,0.014,0.014,40000
SSG,20191008,0.6,0.605,0.57,0.6,211323
SSM,20191008,2.53,2.55,2.485,2.52,1619729
ST1,20191008,0.22,0.22,0.22,0.22,183590
STA,20191008,0.1,0.1,0.1,0.1,165691
STG,20191008,1.79,1.79,1.785,1.785,5889
STM,20191008,0.023,0.023,0.022,0.022,1827596
STN,20191008,0.45,0.46,0.45,0.46,62603
STO,20191008,7.5,7.56,7.425,7.5,4800319
STW,20191008,61.04,61.17,61,61.05,53159
STX,20191008,0.265,0.29,0.26,0.29,3958462
SUD,20191008,0.003,0.003,0.003,0.003,1402424
SUH,20191008,0.021,0.021,0.021,0.021,10000
SUL,20191008,9.64,9.74,9.59,9.69,589624
SUP,20191008,0.016,0.016,0.016,0.016,631756
SUR,20191008,0.003,0.003,0.002,0.002,560320
SVD,20191008,0.009,0.009,0.008,0.008,1308920
SVL,20191008,0.092,0.094,0.09,0.094,4059532
SVM,20191008,0.094,0.094,0.094,0.094,270000
SVW,20191008,16.64,16.91,16.61,16.84,322952
SVY,20191008,1.25,1.395,1.23,1.25,13887825
SW1,20191008,0.17,0.17,0.17,0.17,8823
SWF,20191008,0.255,0.26,0.25,0.26,84107
SWK,20191008,0.24,0.24,0.235,0.235,225878
SWM,20191008,0.37,0.375,0.365,0.375,2361292
SXE,20191008,0.57,0.585,0.57,0.585,152234
SXL,20191008,1.145,1.167,1.14,1.155,800107
SXY,20191008,0.365,0.375,0.36,0.375,3651388
SYA,20191008,0.009,0.009,0.009,0.009,352474
SYD,20191008,8.21,8.28,8.19,8.24,2659039
SYI,20191008,29.33,29.35,29.28,29.31,5294
SYR,20191008,0.485,0.49,0.48,0.48,661567
SZL,20191008,2.42,2.42,2.38,2.4,374149
TAH,20191008,4.9,4.91,4.86,4.9,2754156
TAM,20191008,0.045,0.045,0.045,0.045,157135
TAO,20191008,0.135,0.135,0.135,0.135,21254
TAP,20191008,0.125,0.125,0.125,0.125,162016
TAS,20191008,0.059,0.06,0.059,0.06,300000
TBL,20191008,0.42,0.42,0.42,0.42,1022
TBR,20191008,8.49,8.49,8.25,8.25,1785
TCL,20191008,14.84,15.045,14.78,14.96,3968637
TDO,20191008,0.08,0.08,0.079,0.079,133841
TEG,20191008,0.077,0.077,0.073,0.076,215135
TEK,20191008,0.28,0.28,0.275,0.275,77241
TER,20191008,0.43,0.445,0.43,0.445,31558
TFL,20191008,0.135,0.135,0.135,0.135,22917
TGA,20191008,0.26,0.265,0.255,0.265,557549
TGF,20191008,1.94,1.95,1.94,1.95,41517
TGG,20191008,1.21,1.215,1.19,1.215,131841
TGN,20191008,0.18,0.19,0.17,0.17,79871
TGP,20191008,1.125,1.14,1.12,1.14,79456
TGR,20191008,4.15,4.16,4.09,4.11,901984
THC,20191008,0.45,0.45,0.435,0.435,88528
THR,20191008,0.009,0.009,0.007,0.008,1189773
TIE,20191008,0.255,0.255,0.24,0.25,420018
TIG,20191008,0.031,0.031,0.03,0.03,130192
TIN,20191008,0.1,0.1,0.1,0.1,19919
TIP,20191008,0.81,0.81,0.805,0.805,77880
TLG,20191008,0.5,0.55,0.49,0.54,1243466
TLM,20191008,0.105,0.11,0.105,0.105,528207
TLS,20191008,3.48,3.48,3.44,3.46,24353381
TLX,20191008,1.36,1.41,1.335,1.355,988528
TMG,20191008,0.125,0.13,0.125,0.13,167761
TML,20191008,0.073,0.073,0.072,0.072,20000
TMR,20191008,0.16,0.16,0.16,0.16,20000
TMT,20191008,0.175,0.175,0.17,0.17,21918
TMX,20191008,0.003,0.004,0.003,0.004,406125
TNE,20191008,7.26,7.32,7.17,7.25,528038
TNG,20191008,0.085,0.091,0.085,0.089,538463
TNK,20191008,1.28,1.28,1.28,1.28,770
TNR,20191008,0.013,0.013,0.01,0.011,1038454
TNT,20191008,0.049,0.049,0.047,0.047,2694497
TNY,20191008,1.79,1.97,1.77,1.9,143349
TOE,20191008,0.017,0.018,0.016,0.018,172148
TON,20191008,0.04,0.04,0.04,0.04,62716
TOP,20191008,0.665,0.67,0.665,0.665,52712
TOT,20191008,1.175,1.175,1.175,1.175,39943
TOU,20191008,0.085,0.085,0.085,0.085,51800
TPM,20191008,7,7.03,6.955,6.96,568401
TPP,20191008,0.043,0.043,0.043,0.043,76365
TRS,20191008,2,2.01,1.995,2,23790
TRT,20191008,0.034,0.034,0.034,0.034,106448
TRY,20191008,0.115,0.115,0.11,0.11,835901
TSC,20191008,0.005,0.005,0.005,0.005,507511
TSL,20191008,0.02,0.02,0.02,0.02,99002
TTB,20191008,0.046,0.049,0.042,0.046,1048429
TTI,20191008,0.019,0.019,0.019,0.019,630000
TTM,20191008,0.175,0.185,0.17,0.185,234502
TTT,20191008,1.525,1.535,1.49,1.525,99587
TV2,20191008,0.009,0.009,0.008,0.009,3840000
TWD,20191008,3.15,3.34,3.14,3.3,25528
TWE,20191008,18.34,18.38,18.09,18.16,1251251
TWR,20191008,0.62,0.635,0.6,0.6,16655
TZL,20191008,0.12,0.12,0.12,0.12,99940
UBA,20191008,22.27,22.3,22.26,22.26,8838
UBE,20191008,22.5,22.5,22.5,22.5,606
UBI,20191008,0.18,0.18,0.18,0.18,2638
UBJ,20191008,25.42,25.42,25.42,25.42,49
UBN,20191008,0.037,0.037,0.037,0.037,55442
UBP,20191008,25.77,25.91,25.77,25.91,1206
UBW,20191008,28.37,28.48,28.37,28.46,1330
UCM,20191008,0.11,0.11,0.11,0.11,154
UCW,20191008,0.19,0.19,0.19,0.19,13000
UNL,20191008,0.021,0.021,0.021,0.021,67036
UNV,20191008,0.25,0.25,0.24,0.25,1255906
UOS,20191008,0.77,0.78,0.77,0.78,36250
URB,20191008,1.03,1.03,1.02,1.02,13700
URF,20191008,0.67,0.695,0.67,0.69,315263
URW,20191008,10.57,10.69,10.55,10.6,479104
USD,20191008,14.37,14.39,14.34,14.34,16598
UUV,20191008,0.005,0.005,0.005,0.005,3740644
UWL,20191008,1.5,1.5,1.425,1.425,415926
VAE,20191008,64.4,65.11,64.4,64.87,3827
VAF,20191008,53,53,52.93,52.93,30890
VAH,20191008,0.165,0.165,0.16,0.16,232794
VAL,20191008,0.005,0.005,0.004,0.004,6113675
VAN,20191008,0.195,0.195,0.19,0.19,66816
VAP,20191008,91,91.9,90.94,91.9,59681
VAS,20191008,83.56,83.72,83.46,83.6,131705
VCF,20191008,50.72,50.72,50.47,50.58,7168
VCX,20191008,2.57,2.61,2.57,2.61,6511084
VEA,20191008,1.9,1.91,1.875,1.885,1585205
VEE,20191008,0.545,0.545,0.545,0.545,11000
VEN,20191008,0.16,0.16,0.155,0.155,297625
VEQ,20191008,55.99,56.06,55.91,56.06,4213
VEU,20191008,73.5,73.5,73.11,73.28,22771
VG1,20191008,2.3,2.3,2.29,2.3,141698
VGB,20191008,54.15,54.15,54.09,54.09,16992
VGE,20191008,66.67,67.12,66.58,67.01,6070
VGI,20191008,16.99,17.21,16.5,16.5,8794
VGL,20191008,3.51,3.51,3.45,3.45,3520
VGS,20191008,77.2,77.28,77.05,77.19,35924
VHT,20191008,1.62,1.62,1.605,1.615,199338
VHY,20191008,59.77,59.83,59.6,59.81,31502
VIC,20191008,0.002,0.002,0.002,0.002,965000
VIF,20191008,51.31,51.31,51.28,51.31,10971
VLC,20191008,67.36,67.48,67.31,67.47,7429
VLS,20191008,0.61,0.61,0.61,0.61,9999
VLT,20191008,0.305,0.31,0.295,0.295,564704
VLW,20191008,2.335,2.34,2.33,2.33,122150
VMC,20191008,0.165,0.165,0.165,0.165,264320
VML,20191008,0.011,0.011,0.011,0.011,300000
VMS,20191008,0.018,0.019,0.018,0.019,181186
VMT,20191008,0.097,0.1,0.094,0.1,583728
VMY,20191008,0.066,0.066,0.065,0.065,298991
VN8,20191008,0.086,0.086,0.085,0.085,93918
VOC,20191008,3.46,3.515,3.435,3.49,1781558
VOR,20191008,0.012,0.012,0.011,0.011,5842538
VP7,20191008,0.029,0.029,0.021,0.021,21142
VPR,20191008,0.001,0.001,0.001,0.001,2839137
VR8,20191008,0.041,0.043,0.041,0.043,540000
VRC,20191008,0.011,0.012,0.01,0.011,6059697
VRI,20191008,0.047,0.047,0.043,0.043,1192731
VRL,20191008,2.8,2.92,2.8,2.83,69609
VRS,20191008,0.056,0.056,0.056,0.056,126262
VRT,20191008,4.17,4.24,4.1,4.24,219341
VRX,20191008,0.145,0.145,0.145,0.145,10000
VSO,20191008,59.7,59.7,59.5,59.54,8411
VTG,20191008,1.205,1.225,1.19,1.225,78238
VTH,20191008,0.885,0.9,0.865,0.9,257694
VTI,20191008,0.1,0.105,0.07,0.087,1409673
VTS,20191008,221.99,222.01,221.38,221.64,17858
VVA,20191008,2.18,2.2,2.16,2.16,11622
VVR,20191008,2.96,3.03,2.955,3,1843129
VXR,20191008,0.165,0.165,0.16,0.16,55000
VYS,20191008,0.062,0.062,0.061,0.062,436050
WAA,20191008,1.105,1.105,1.095,1.095,11084
WAF,20191008,0.465,0.47,0.45,0.455,860942
WAM,20191008,2.3,2.32,2.3,2.32,969553
WAX,20191008,1.41,1.425,1.41,1.415,65813
WBA,20191008,1.955,1.96,1.95,1.95,1862724
WBC,20191008,28.75,28.79,28.48,28.68,4194328
WBE,20191008,0.008,0.008,0.007,0.008,3109569
WBT,20191008,0.365,0.372,0.36,0.36,144973
WEB,20191008,10.15,10.44,10.06,10.33,1052130
WEC,20191008,0.092,0.092,0.092,0.092,39140
WEL,20191008,0.064,0.067,0.064,0.067,275368
WES,20191008,39.23,39.5,39.04,39.4,2727570
WGB,20191008,2.12,2.12,2.11,2.11,261143
WGN,20191008,1.6,1.635,1.585,1.605,166584
WGO,20191008,0.33,0.345,0.325,0.34,1882082
WGX,20191008,2.45,2.47,2.365,2.4,1228695
WHC,20191008,3.19,3.2,3.15,3.18,3059530
WHF,20191008,5.03,5.03,4.99,5,3881
WHK,20191008,0.076,0.076,0.073,0.074,217669
WIC,20191008,1.06,1.06,1.06,1.06,2500
WKT,20191008,0.275,0.275,0.26,0.26,340516
WLE,20191008,1.19,1.205,1.185,1.19,985326
WLL,20191008,6.86,6.86,6.85,6.85,12002
WMI,20191008,1.365,1.42,1.365,1.4,157040
WML,20191008,0.019,0.02,0.019,0.02,200000
WNB,20191008,0.015,0.015,0.015,0.015,250000
WND,20191008,0.825,0.825,0.78,0.78,79102
WNR,20191008,0.31,0.31,0.31,0.31,1105888
WOA,20191008,0.13,0.13,0.13,0.13,6622
WOR,20191008,12.72,12.84,12.61,12.73,1209389
WOW,20191008,36.99,37.34,36.9,37.06,1769203
WPL,20191008,31.39,31.52,31.16,31.38,1455219
WPP,20191008,0.52,0.53,0.5,0.525,288693
WQG,20191008,1.09,1.09,1.09,1.09,127067
WRM,20191008,0.006,0.006,0.005,0.005,875000
WSA,20191008,3.13,3.185,3.085,3.11,2435578
WSI,20191008,0.027,0.027,0.026,0.026,2466422
WSP,20191008,1.6,1.6,1.55,1.55,101023
WTC,20191008,34.79,34.94,33.99,34.89,752325
WWG,20191008,0.24,0.24,0.24,0.24,100000
WWI,20191008,0.006,0.006,0.006,0.006,693000
WZR,20191008,0.14,0.14,0.14,0.14,1513004
XAM,20191008,0.049,0.049,0.049,0.049,388322
XCD,20191008,0.009,0.009,0.008,0.008,802193
XF1,20191008,0.42,0.42,0.385,0.385,131715
XRF,20191008,0.24,0.245,0.24,0.24,76279
XRO,20191008,63.94,64.59,63.05,63.99,285089
XTE,20191008,0.87,0.895,0.835,0.875,236287
YAL,20191008,3.16,3.2,3.1,3.1,10935
YOJ,20191008,0.078,0.078,0.078,0.078,160000
YPB,20191008,0.006,0.006,0.006,0.006,4419952
YRL,20191008,0.255,0.255,0.25,0.25,60000
Z1P,20191008,4.84,5.19,4.73,5.19,4392486
ZEL,20191008,5.23,5.3,5.22,5.3,25067
ZEN,20191008,0.635,0.635,0.635,0.635,25000
ZIM,20191008,10.01,10.01,10.01,10.01,860
ZNO,20191008,0.09,0.092,0.086,0.088,550370
XAF,20191008,6470.4,6510.5,6470.4,6503.1,0
XAO,20191008,6686.7,6721.7,6686.7,6713.7,0
XAT,20191008,6526.2,6563.8,6526.2,6556.1,0
XDJ,20191008,2586.8,2612.5,2586.8,2611.6,0
XEC,20191008,1588.9,1590.5,1575.9,1577.1,0
XEJ,20191008,10483.2,10625.6,10471.6,10582.5,0
XFJ,20191008,6230.7,6266.3,6230.7,6252.6,0
XFL,20191008,6522.6,6563.1,6522.6,6555.1,0
XGD,20191008,7666.2,7686.5,7537.7,7607.5,0
XHJ,20191008,36287.6,36469.5,36269,36469.5,0
XIJ,20191008,1365.3,1375.5,1357.1,1370,0
XJO,20191008,6563.6,6601.2,6563.6,6593.4,0
XJR,20191008,4585.5,4616.7,4585.5,4608.2,0
XKO,20191008,6528.7,6564.9,6528.7,6557.7,0
XMD,20191008,6988.6,7019.6,6988.6,7009.5,0
XMJ,20191008,12968.2,13033.4,12968.2,13013.7,0
XMM,20191008,4225.9,4246.3,4225.4,4239.2,0
XNJ,20191008,6698.7,6774.8,6698.7,6756.5,0
XPJ,20191008,1625,1635.2,1620.9,1625.8,0
XSJ,20191008,12356.9,12467.9,12354.2,12413.5,0
XSO,20191008,2866.2,2878,2865.8,2872.8,0
XTJ,20191008,1246.7,1251.4,1240.9,1247.4,0
XTL,20191008,3614.7,3639,3614.7,3635.2,0
XTO,20191008,5438,5469.6,5438,5463.6,0
XUJ,20191008,8028.1,8129.7,8017.3,8083.9,0
XXJ,20191008,6949.3,6989,6949.3,6973.8,0
