360,20191010,3.5,3.52,3.5,3.52,2485
14D,20191010,0.2,0.205,0.195,0.195,269455
1AD,20191010,0.15,0.15,0.14,0.14,315000
1ST,20191010,0.06,0.06,0.06,0.06,90875
3DP,20191010,0.052,0.052,0.05,0.051,1182589
4DS,20191010,0.07,0.07,0.066,0.066,5004250
5GN,20191010,0.735,0.76,0.72,0.735,398849
88E,20191010,0.012,0.012,0.011,0.012,3706699
8CO,20191010,0.083,0.083,0.083,0.083,5000
8IH,20191010,0.08,0.08,0.08,0.08,5000
9SP,20191010,0.02,0.02,0.019,0.019,2062451
A1G,20191010,0.255,0.255,0.225,0.245,130990
A1M,20191010,0.39,0.4,0.39,0.4,25130
A2B,20191010,1.5,1.51,1.485,1.495,28931
A2M,20191010,12.04,12.23,12.02,12.13,2162329
A3D,20191010,0.255,0.27,0.255,0.27,92746
A4N,20191010,0.175,0.18,0.17,0.17,433502
AAA,20191010,50.08,50.09,50.08,50.09,54962
AAC,20191010,1,1.02,0.99,1.02,886968
AAJ,20191010,0.004,0.004,0.004,0.004,412693
AAR,20191010,0.105,0.105,0.096,0.105,1174682
ABA,20191010,5.39,5.39,5.25,5.26,26997
ABC,20191010,2.87,2.93,2.87,2.92,2561062
ABP,20191010,4.01,4.02,3.96,4,857610
ABR,20191010,0.29,0.29,0.28,0.29,59131
ABT,20191010,0.059,0.059,0.059,0.059,11106
ABX,20191010,0.105,0.105,0.105,0.105,22120
AC8,20191010,0.335,0.335,0.33,0.33,262804
ACB,20191010,0.027,0.027,0.027,0.027,42692
ACF,20191010,0.26,0.26,0.255,0.26,58634
ACP,20191010,0.007,0.007,0.007,0.007,72000
ACQ,20191010,1.1,1.1,1.1,1.1,15988
ACR,20191010,0.18,0.185,0.18,0.185,9505
ACW,20191010,0.041,0.045,0.04,0.041,12876939
AD1,20191010,0.015,0.015,0.015,0.015,250000
AD8,20191010,7.27,7.31,7.05,7.1,139419
ADH,20191010,1.93,1.93,1.89,1.89,206981
ADI,20191010,3.04,3.07,3,3.04,352209
ADJ,20191010,0.027,0.027,0.026,0.026,168706
ADN,20191010,0.055,0.059,0.054,0.057,14583395
ADO,20191010,0.014,0.014,0.014,0.014,1587752
ADR,20191010,0.032,0.032,0.032,0.032,20000
ADT,20191010,1,1.02,0.99,1.01,160763
ADV,20191010,0.004,0.004,0.004,0.004,545011
AEE,20191010,0.008,0.008,0.008,0.008,3016192
AEF,20191010,2.38,2.48,2.36,2.44,107515
AEG,20191010,0.95,0.955,0.95,0.95,131432
AEI,20191010,0.27,0.27,0.265,0.27,54151
AER,20191010,0.115,0.115,0.115,0.115,8000
AEV,20191010,0.007,0.007,0.007,0.007,950969
AFG,20191010,2.25,2.34,2.23,2.27,550694
AFI,20191010,6.38,6.4,6.36,6.36,276566
AFL,20191010,0.175,0.18,0.175,0.175,7540
AFR,20191010,0.013,0.015,0.013,0.015,111130
AGG,20191010,6.29,6.44,6.28,6.37,3731
AGH,20191010,0.67,0.675,0.65,0.655,185045
AGI,20191010,0.795,0.8,0.76,0.785,56183
AGL,20191010,19.11,19.18,19.005,19.11,1214168
AGM,20191010,1.94,1.94,1.93,1.93,17862
AGR,20191010,0.185,0.19,0.185,0.185,120997
AGS,20191010,0.14,0.14,0.14,0.14,168600
AGY,20191010,0.07,0.07,0.067,0.067,1470274
AHF,20191010,0.125,0.125,0.12,0.12,1672816
AHL,20191010,0.009,0.01,0.009,0.009,1800000
AHQ,20191010,0.145,0.145,0.145,0.145,209678
AHX,20191010,0.49,0.49,0.49,0.49,18617
AHY,20191010,0.915,0.945,0.915,0.93,435768
AIA,20191010,8.42,8.48,8.26,8.3,477381
AIS,20191010,0.062,0.062,0.058,0.058,248236
AIZ,20191010,2.65,2.66,2.63,2.66,23650
AJM,20191010,0.069,0.069,0.068,0.068,3031043
AJQ,20191010,0.05,0.052,0.05,0.052,126675
AJX,20191010,0.125,0.13,0.125,0.13,247358
AKG,20191010,0.66,0.66,0.66,0.66,742
AKM,20191010,0.013,0.013,0.012,0.012,3072475
AKP,20191010,17.99,18.25,17.7,17.7,5158
AL8,20191010,0.051,0.051,0.046,0.046,20935
ALC,20191010,0.25,0.265,0.245,0.26,2505704
ALF,20191010,0.955,0.955,0.95,0.95,44189
ALG,20191010,0.95,0.95,0.91,0.915,1366587
ALI,20191010,2.4,2.42,2.4,2.41,110069
ALK,20191010,0.81,0.835,0.77,0.785,2958409
ALL,20191010,30.95,31.11,30.59,30.76,2623746
ALQ,20191010,7.98,8.08,7.98,8.03,1193242
ALU,20191010,32.01,32.36,31.76,31.9,744104
ALX,20191010,8.38,8.38,8.19,8.2,2198977
AMA,20191010,1.29,1.292,1.25,1.285,5829807
AMC,20191010,13.78,13.92,13.755,13.8,3840919
AMD,20191010,0.009,0.009,0.008,0.008,158059
AMG,20191010,0.09,0.125,0.09,0.1,11112620
AMH,20191010,0.88,0.88,0.88,0.88,29000
AMI,20191010,0.45,0.46,0.435,0.44,1727386
AML,20191010,0.13,0.13,0.125,0.125,244678
AMP,20191010,1.61,1.62,1.57,1.595,15943423
AMS,20191010,1.56,1.63,1.56,1.605,446811
AMT,20191010,0.1,0.1,0.1,0.1,13131
ANG,20191010,0.175,0.175,0.175,0.175,124051
ANN,20191010,26.15,26.44,26.15,26.44,312281
ANO,20191010,6.29,6.3,5.9,6,23096
ANP,20191010,0.1,0.102,0.094,0.097,5862170
ANR,20191010,0.2,0.2,0.195,0.2,6317
ANW,20191010,0.003,0.003,0.002,0.002,14120001
ANZ,20191010,27.1,27.23,27,27.18,3070649
AOF,20191010,3.025,3.025,3.02,3.02,337369
AOG,20191010,2.14,2.14,2.13,2.14,1632217
AON,20191010,0.028,0.028,0.028,0.028,132775
AOP,20191010,0.25,0.25,0.25,0.25,77710
AOU,20191010,0.082,0.082,0.082,0.082,10000
APA,20191010,11.31,11.39,11.19,11.25,2071615
APC,20191010,0.11,0.11,0.105,0.105,67289
APE,20191010,13.65,13.97,13.55,13.55,421759
APG,20191010,0.002,0.002,0.002,0.002,485024
API,20191010,1.36,1.4,1.36,1.39,1046258
APL,20191010,0.95,0.96,0.94,0.95,800509
APT,20191010,34.92,35.54,34.88,35.07,1902151
APV,20191010,0.145,0.145,0.11,0.115,288522
APW,20191010,1.43,1.43,1.43,1.43,20
APX,20191010,21.5,21.77,21.2,21.25,634441
AQC,20191010,0.18,0.18,0.18,0.18,8000
AQG,20191010,6.52,6.58,6.4,6.47,190855
AQI,20191010,0.06,0.06,0.06,0.06,346000
AQR,20191010,3.52,3.53,3.5,3.52,34876
AQX,20191010,0.041,0.054,0.04,0.051,50211054
AQZ,20191010,2.3,2.3,2.21,2.24,168799
AR9,20191010,0.135,0.135,0.13,0.13,72519
ARA,20191010,0.622,0.625,0.62,0.62,14479
ARB,20191010,18.03,18.38,17.93,18.18,105034
ARD,20191010,0.021,0.021,0.021,0.021,626636
ARE,20191010,0.004,0.005,0.004,0.005,3061749
ARF,20191010,2.86,2.91,2.84,2.85,145141
ARG,20191010,8.25,8.25,8.22,8.23,146510
ARL,20191010,0.505,0.505,0.495,0.495,29602
ARM,20191010,0.01,0.011,0.01,0.011,480551
ARN,20191010,0.165,0.175,0.155,0.17,392001
ARO,20191010,0.002,0.003,0.002,0.003,1000000
ARQ,20191010,0.445,0.45,0.41,0.42,272697
ARU,20191010,0.086,0.088,0.086,0.087,4148768
AS1,20191010,0.2,0.2,0.2,0.2,112500
ASB,20191010,4.2,4.225,4.14,4.16,1702254
ASG,20191010,1.63,1.63,1.61,1.61,6302
ASH,20191010,0.34,0.35,0.33,0.35,198402
ASL,20191010,2.15,2.21,2.13,2.18,2109912
AST,20191010,1.81,1.825,1.795,1.805,4582523
ASX,20191010,80.17,80.5,79.27,79.29,407723
ATC,20191010,0.12,0.12,0.12,0.12,315466
ATL,20191010,0.48,0.485,0.47,0.47,107416
ATS,20191010,0.16,0.16,0.15,0.15,88658
ATU,20191010,0.36,0.365,0.345,0.355,345318
ATX,20191010,0.082,0.082,0.082,0.082,15816
AU8,20191010,0.11,0.12,0.11,0.12,246625
AUB,20191010,10.75,11.12,10.75,10.94,84280
AUC,20191010,0.022,0.022,0.022,0.022,1594732
AUH,20191010,0.005,0.005,0.005,0.005,300000
AUI,20191010,9.38,9.38,9.35,9.35,13178
AUL,20191010,0.002,0.002,0.002,0.002,180000
AUP,20191010,2.96,3.02,2.95,2.95,3288
AUQ,20191010,0.02,0.02,0.019,0.02,266916
AUR,20191010,0.013,0.013,0.013,0.013,361208
AUT,20191010,0.007,0.007,0.007,0.007,100110
AUZ,20191010,0.023,0.025,0.023,0.025,12432495
AV1,20191010,0.145,0.16,0.14,0.15,3540138
AVE,20191010,0.006,0.006,0.006,0.006,280341
AVG,20191010,0.515,0.52,0.505,0.52,389267
AVH,20191010,0.55,0.58,0.54,0.575,6509524
AVJ,20191010,0.57,0.57,0.565,0.57,34782
AVL,20191010,0.011,0.012,0.011,0.011,697376
AVN,20191010,2.73,2.74,2.62,2.66,480118
AVZ,20191010,0.045,0.045,0.043,0.043,1973750
AWC,20191010,2.26,2.28,2.25,2.26,7410830
AWN,20191010,0.18,0.18,0.18,0.18,100000
AWV,20191010,0.01,0.01,0.01,0.01,648147
AX1,20191010,1.63,1.635,1.535,1.57,1954140
AX8,20191010,0.039,0.039,0.038,0.038,93778
AXE,20191010,0.14,0.14,0.135,0.135,341724
AYF,20191010,6.14,6.14,6.03,6.03,3335
AYR,20191010,0.002,0.002,0.002,0.002,1500000
AYS,20191010,0.345,0.36,0.345,0.355,313092
AZI,20191010,0.006,0.006,0.006,0.006,190535
AZJ,20191010,5.84,5.89,5.83,5.85,5529011
AZM,20191010,0.028,0.028,0.028,0.028,75000
AZS,20191010,0.175,0.175,0.16,0.165,799942
AZY,20191010,0.016,0.017,0.016,0.017,598208
BAF,20191010,0.785,0.795,0.78,0.795,39300
BAL,20191010,12.99,12.99,12.9,12.9,2668871
BAP,20191010,7.02,7.1,6.96,7.08,1410563
BAR,20191010,0.02,0.021,0.02,0.02,160654
BAS,20191010,0.003,0.003,0.002,0.002,3161670
BAT,20191010,0.009,0.011,0.009,0.009,15412833
BBN,20191010,3.47,3.51,3.42,3.47,333790
BBX,20191010,0.2,0.205,0.195,0.205,158052
BC8,20191010,0.46,0.48,0.44,0.44,145439
BCB,20191010,0.06,0.061,0.058,0.058,1899794
BCC,20191010,0.22,0.23,0.215,0.22,161500
BCI,20191010,0.17,0.17,0.16,0.165,705247
BCK,20191010,0.028,0.028,0.028,0.028,4909
BCN,20191010,0.045,0.045,0.043,0.043,1749429
BCT,20191010,0.165,0.165,0.145,0.15,1566652
BD1,20191010,0.042,0.044,0.042,0.042,2721658
BDA,20191010,0.425,0.425,0.42,0.425,50733
BDC,20191010,0.1,0.105,0.098,0.098,4283339
BDG,20191010,0.074,0.075,0.074,0.075,100000
BEE,20191010,0.018,0.018,0.018,0.018,10000
BEM,20191010,0.05,0.05,0.05,0.05,5000
BEN,20191010,11.06,11.16,11.05,11.12,582263
BET,20191010,0.17,0.195,0.165,0.17,6640052
BFC,20191010,0.11,0.11,0.11,0.11,2250
BFG,20191010,0.925,0.925,0.92,0.925,30336
BGA,20191010,4.43,4.43,4.37,4.4,547226
BGL,20191010,0.595,0.605,0.565,0.575,2671086
BGT,20191010,0.17,0.17,0.17,0.17,69629
BHP,20191010,34.9,35.18,34.83,35.07,4880716
BID,20191010,0.585,0.595,0.585,0.585,73966
BIN,20191010,2.22,2.23,2.165,2.17,1423382
BIQ,20191010,0.042,0.043,0.042,0.042,99275
BIR,20191010,0.1,0.1,0.1,0.1,10066
BIS,20191010,1.05,1.05,1.04,1.045,4596
BIT,20191010,0.076,0.077,0.076,0.077,262875
BKI,20191010,1.62,1.63,1.62,1.62,283073
BKL,20191010,80.9,82.43,80.38,82.43,53810
BKT,20191010,0.056,0.062,0.056,0.06,183412
BKW,20191010,17.52,17.6,17.41,17.49,163580
BLD,20191010,4.63,4.68,4.595,4.62,4490380
BLG,20191010,0.12,0.125,0.12,0.125,179719
BLK,20191010,0.01,0.011,0.01,0.01,5202699
BLT,20191010,0.053,0.053,0.053,0.053,45537
BLU,20191010,0.043,0.043,0.041,0.041,153897
BLX,20191010,1.2,1.2,1.145,1.175,94237
BLY,20191010,0.007,0.008,0.007,0.008,24431656
BLZ,20191010,0.026,0.026,0.025,0.026,435285
BMG,20191010,0.004,0.004,0.004,0.004,1419571
BMN,20191010,0.045,0.045,0.043,0.043,1550682
BNL,20191010,0.006,0.006,0.006,0.006,1105000
BNO,20191010,0.115,0.125,0.115,0.115,1424822
BOA,20191010,0.19,0.19,0.15,0.15,8380
BOC,20191010,0.099,0.099,0.092,0.092,345000
BOE,20191010,0.061,0.064,0.061,0.064,873851
BOL,20191010,0.16,0.16,0.16,0.16,28232
BOQ,20191010,9.56,9.64,9.51,9.59,1518985
BOT,20191010,0.25,0.25,0.24,0.24,2657848
BPH,20191010,0.002,0.002,0.001,0.001,2750000
BPL,20191010,0.025,0.025,0.025,0.025,138295
BPP,20191010,0.017,0.017,0.017,0.017,40
BPT,20191010,2.41,2.42,2.34,2.35,7931632
BRB,20191010,0.31,0.35,0.31,0.35,1059713
BRG,20191010,16.08,16.09,15.6,15.72,175243
BRI,20191010,1.23,1.23,1.23,1.23,5000
BRK,20191010,0.009,0.009,0.009,0.009,1492886
BRL,20191010,0.09,0.092,0.09,0.092,299866
BRN,20191010,0.058,0.058,0.052,0.052,5183350
BRU,20191010,0.265,0.275,0.265,0.275,257749
BRV,20191010,0.018,0.018,0.016,0.016,7238359
BSA,20191010,0.43,0.44,0.42,0.44,20280
BSE,20191010,0.25,0.25,0.235,0.245,15072080
BSL,20191010,11.31,11.46,11.155,11.44,3940938
BSM,20191010,0.008,0.008,0.008,0.008,6204028
BSR,20191010,0.016,0.016,0.016,0.016,200000
BST,20191010,0.99,0.99,0.99,0.99,80
BSX,20191010,0.14,0.14,0.13,0.14,451919
BTC,20191010,0.115,0.115,0.115,0.115,10000
BTH,20191010,0.555,0.555,0.535,0.545,186330
BTI,20191010,0.91,0.91,0.91,0.91,6385
BUB,20191010,1.235,1.247,1.21,1.23,1547180
BUD,20191010,0.021,0.022,0.02,0.02,6278769
BUX,20191010,0.09,0.09,0.088,0.088,19869
BVS,20191010,3.89,3.92,3.765,3.81,1330330
BWP,20191010,4.02,4.07,4,4.06,1546866
BWX,20191010,4.01,4.01,3.91,3.99,488665
BXB,20191010,11.1,11.515,11.1,11.4,6078986
BXN,20191010,0.019,0.019,0.018,0.018,241661
BYE,20191010,0.34,0.35,0.33,0.33,2190961
BYH,20191010,0.058,0.058,0.057,0.057,100000
C6C,20191010,0.73,0.735,0.68,0.685,21264
CAA,20191010,0.11,0.115,0.11,0.115,286718
CAG,20191010,0.78,0.8,0.75,0.8,12458
CAI,20191010,0.027,0.028,0.026,0.027,3069898
CAM,20191010,0.925,0.925,0.92,0.92,18835
CAN,20191010,1.43,1.49,1.43,1.475,220023
CAP,20191010,0.04,0.04,0.04,0.04,168266
CAR,20191010,15.07,15.13,15,15.11,651733
CAT,20191010,1.41,1.41,1.365,1.385,267298
CAV,20191010,0.003,0.003,0.003,0.003,4435332
CAY,20191010,0.15,0.15,0.15,0.15,61897
CAZ,20191010,0.044,0.044,0.044,0.044,530138
CBA,20191010,78,78.52,77.71,78.1,1635549
CBY,20191010,0.205,0.205,0.205,0.205,3762
CCA,20191010,0.21,0.24,0.21,0.22,970448
CCL,20191010,10.35,10.41,10.31,10.37,2055196
CCP,20191010,29.61,30.53,29.53,30.4,149531
CCV,20191010,0.155,0.157,0.15,0.152,923473
CCX,20191010,2.8,2.85,2.77,2.81,167776
CCZ,20191010,0.022,0.023,0.022,0.023,156639
CDA,20191010,5.62,5.72,5.62,5.68,340765
CDM,20191010,0.795,0.805,0.792,0.792,271850
CDP,20191010,6.42,6.42,6.19,6.29,22076
CDT,20191010,0.009,0.009,0.009,0.009,14400
CDV,20191010,0.4,0.405,0.39,0.39,356621
CDX,20191010,0.026,0.026,0.026,0.026,90782
CE1,20191010,0.009,0.009,0.009,0.009,1667292
CEL,20191010,0.041,0.041,0.041,0.041,264585
CEN,20191010,8.39,8.39,8.28,8.28,839
CFE,20191010,0.006,0.006,0.006,0.006,5223493
CG1,20191010,0.325,0.325,0.325,0.325,3466
CGB,20191010,0.026,0.026,0.024,0.025,6902861
CGC,20191010,3.4,3.47,3.37,3.45,1835693
CGF,20191010,6.83,6.9,6.78,6.82,2354343
CGL,20191010,3.48,3.51,3.36,3.38,114271
CGR,20191010,0.465,0.465,0.46,0.46,19104
CGS,20191010,0.265,0.265,0.265,0.265,5000
CHC,20191010,11.86,11.89,11.62,11.65,1821775
CHK,20191010,0.013,0.013,0.013,0.013,585364
CHN,20191010,0.215,0.22,0.215,0.215,179130
CHZ,20191010,0.068,0.069,0.068,0.069,165200
CI1,20191010,0.015,0.015,0.015,0.015,84184
CIA,20191010,2.23,2.24,2.12,2.15,333141
CIE,20191010,0.835,0.835,0.807,0.83,769673
CIM,20191010,31,31.31,30.7,30.87,521558
CIN,20191010,31.54,31.6,31.54,31.6,4591
CIO,20191010,0.004,0.004,0.004,0.004,500000
CIP,20191010,3.33,3.35,3.25,3.28,175730
CIW,20191010,0.51,0.51,0.51,0.51,10000
CKA,20191010,0.044,0.047,0.044,0.046,163904
CKF,20191010,10.34,10.6,10.26,10.3,590839
CL1,20191010,1.48,1.545,1.445,1.45,173174
CL8,20191010,0.01,0.01,0.01,0.01,709
CLA,20191010,0.015,0.016,0.015,0.016,912952
CLB,20191010,0.074,0.076,0.072,0.072,522189
CLH,20191010,1.25,1.25,1.22,1.24,107317
CLI,20191010,0.057,0.057,0.055,0.055,1630189
CLQ,20191010,0.285,0.285,0.27,0.27,286179
CLV,20191010,3.2,3.27,3.17,3.23,502494
CLW,20191010,5.77,5.82,5.73,5.77,769645
CLX,20191010,0.76,0.76,0.76,0.76,625
CLZ,20191010,0.003,0.004,0.003,0.004,21671521
CM8,20191010,0.024,0.027,0.022,0.026,3398785
CMA,20191010,3.02,3.05,3.01,3.03,712264
CMD,20191010,0.008,0.008,0.007,0.007,200000
CMM,20191010,0.23,0.23,0.225,0.23,319637
CMP,20191010,0.6,0.6,0.6,0.6,6543
CMW,20191010,1.27,1.28,1.26,1.27,7881750
CNB,20191010,0.105,0.105,0.105,0.105,265048
CNI,20191010,2.14,2.15,2.12,2.15,388549
CNU,20191010,4.73,4.86,4.72,4.81,1204552
CNW,20191010,0.038,0.038,0.038,0.038,172841
COB,20191010,0.14,0.14,0.14,0.14,32412
COE,20191010,0.54,0.545,0.53,0.53,5282293
COG,20191010,0.087,0.09,0.087,0.09,67536
COH,20191010,207.45,207.54,204.9,205.75,130612
COI,20191010,0.255,0.255,0.255,0.255,56268
COL,20191010,15.13,15.23,15.05,15.2,1859131
COO,20191010,0.03,0.03,0.03,0.03,178147
CP1,20191010,0.145,0.145,0.14,0.14,47121
CPH,20191010,0.33,0.33,0.31,0.315,176924
CPU,20191010,15.32,15.62,15.29,15.52,1427762
CPV,20191010,0.185,0.2,0.185,0.185,111247
CQE,20191010,3.72,3.77,3.69,3.7,1077824
CQR,20191010,4.32,4.34,4.28,4.3,1060900
CR1,20191010,0.205,0.22,0.205,0.22,51500
CRD,20191010,2.195,2.2,2.195,2.2,795295
CRM,20191010,0.17,0.17,0.17,0.17,5000
CRN,20191010,2.35,2.37,2.3,2.3,165605
CRO,20191010,0.008,0.009,0.008,0.009,208452
CRS,20191010,0.135,0.135,0.13,0.13,82000
CSL,20191010,240,240.4,237.51,239.81,500836
CSR,20191010,3.91,4.015,3.89,3.98,1923331
CSS,20191010,0.835,0.835,0.815,0.815,10279
CSV,20191010,0.235,0.235,0.235,0.235,38481
CT1,20191010,0.013,0.013,0.012,0.012,921121
CTD,20191010,18.2,18.3,17.51,17.72,702604
CTM,20191010,0.014,0.014,0.013,0.013,3327067
CTP,20191010,0.17,0.172,0.167,0.17,1639523
CTX,20191010,25.39,25.675,25.26,25.43,1101743
CUE,20191010,0.115,0.12,0.115,0.12,479384
CUL,20191010,0.013,0.013,0.013,0.013,479193
CUP,20191010,1.11,1.11,1.06,1.075,131158
CUV,20191010,36,42.05,35.45,38.36,1700002
CV1,20191010,0.13,0.135,0.125,0.13,403342
CVC,20191010,2.11,2.16,2.11,2.16,3226
CVF,20191010,1.075,1.075,1.06,1.07,229819
CVN,20191010,0.4,0.4,0.395,0.4,2941199
CVV,20191010,0.045,0.045,0.041,0.041,37000
CVW,20191010,0.615,0.62,0.605,0.605,13699
CWL,20191010,0.068,0.068,0.068,0.068,15120
CWN,20191010,12.02,12.145,11.84,11.91,1322413
CWP,20191010,6.7,6.75,6.54,6.72,66580
CWX,20191010,0.2,0.22,0.2,0.22,131025
CWY,20191010,2.05,2.07,2.02,2.04,17573857
CWZ,20191010,0.22,0.22,0.22,0.22,4000
CXL,20191010,0.665,0.68,0.66,0.67,152413
CXM,20191010,0.102,0.105,0.1,0.1,40162
CXO,20191010,0.038,0.038,0.038,0.038,714704
CXX,20191010,0.05,0.05,0.05,0.05,32950
CXZ,20191010,0.018,0.018,0.018,0.018,748888
CYB,20191010,1.9,1.98,1.9,1.965,7594564
CYC,20191010,1.275,1.28,1.275,1.28,5610
CYG,20191010,1.05,1.085,1.05,1.085,77600
CYL,20191010,2.53,2.54,2.53,2.54,18009
CYP,20191010,1.55,1.565,1.52,1.52,63877
CZI,20191010,0.085,0.085,0.085,0.085,26770
CZL,20191010,0.011,0.011,0.01,0.01,4711878
CZN,20191010,0.002,0.002,0.002,0.002,10400000
CZR,20191010,0.009,0.01,0.009,0.009,5395024
D2O,20191010,1.385,1.385,1.365,1.38,66549
DAV,20191010,0.041,0.046,0.041,0.046,411769
DBF,20191010,1.22,1.22,1.2,1.2,20612
DCC,20191010,0.028,0.029,0.028,0.029,921760
DCG,20191010,0.892,0.9,0.875,0.895,67751
DCL,20191010,0.073,0.075,0.073,0.075,54104
DCN,20191010,1.53,1.535,1.45,1.49,1554192
DDR,20191010,7.62,7.66,7.5,7.58,29722
DDT,20191010,0.006,0.006,0.006,0.006,30000
DEG,20191010,0.065,0.066,0.063,0.064,2242378
DEM,20191010,0.24,0.24,0.225,0.23,302399
DEV,20191010,0.091,0.091,0.091,0.091,17383
DGR,20191010,0.082,0.082,0.082,0.082,250000
DHG,20191010,3.38,3.38,3.27,3.35,1611580
DHR,20191010,0.004,0.004,0.003,0.003,7495907
DIV,20191010,21.95,21.95,21.95,21.95,389
DJW,20191010,3.5,3.52,3.5,3.5,22251
DME,20191010,0.19,0.19,0.19,0.19,40000
DMP,20191010,47.5,48.08,47.09,47.66,313135
DNA,20191010,0.067,0.067,0.065,0.065,1993839
DNK,20191010,0.61,0.61,0.605,0.61,31209
DOR,20191010,0.056,0.056,0.056,0.056,3196
DOW,20191010,7.68,7.885,7.65,7.82,2202247
DRE,20191010,0.01,0.011,0.008,0.008,37145869
DRO,20191010,0.34,0.34,0.325,0.34,570334
DRX,20191010,0.01,0.011,0.01,0.011,3901186
DSE,20191010,0.036,0.04,0.036,0.04,1660841
DTL,20191010,3.11,3.11,3.02,3.09,503187
DTM,20191010,0.006,0.006,0.006,0.006,110000
DTR,20191010,0.003,0.003,0.002,0.002,2652566
DTS,20191010,0.165,0.165,0.155,0.155,209725
DTZ,20191010,0.047,0.049,0.047,0.049,25000
DUB,20191010,1.625,1.69,1.42,1.53,1023121
DUI,20191010,4.67,4.68,4.63,4.68,71112
DW8,20191010,0.007,0.007,0.007,0.007,563583
DWS,20191010,1.035,1.04,1.03,1.04,41974
DXB,20191010,0.12,0.13,0.11,0.115,1474026
DXN,20191010,0.063,0.065,0.061,0.064,976764
DXS,20191010,11.88,12.005,11.815,11.83,3210799
DYL,20191010,0.27,0.27,0.265,0.27,52495
EAF,20191010,1.27,1.27,1.27,1.27,23843
EAI,20191010,0.92,0.93,0.915,0.93,35454
EAR,20191010,0.335,0.335,0.33,0.33,3452225
EAS,20191010,0.88,0.88,0.88,0.88,9500
EBO,20191010,23.2,23.2,23.2,23.2,250
ECG,20191010,0.046,0.046,0.046,0.046,52791
ECL,20191010,1.16,1.16,1.16,1.16,43186
ECS,20191010,0.046,0.046,0.045,0.045,296935
ECT,20191010,0.002,0.002,0.002,0.002,2013750
ECX,20191010,1.62,1.635,1.545,1.58,4966412
ED1,20191010,0.785,0.785,0.78,0.78,33779
EDC,20191010,1.06,1.06,1.06,1.06,20000
EDE,20191010,0.05,0.05,0.049,0.049,1052285
EEG,20191010,0.245,0.25,0.245,0.25,332719
EFF,20191010,1.65,1.65,1.65,1.65,22500
EGA,20191010,0.295,0.3,0.295,0.295,249146
EGD,20191010,2.11,2.11,2.11,2.11,38292
EGF,20191010,1.66,1.66,1.66,1.66,69276
EGG,20191010,2.25,2.29,2.24,2.25,797986
EGH,20191010,0.29,0.295,0.29,0.295,1006535
EGI,20191010,0.94,0.945,0.94,0.945,49345
EGL,20191010,0.041,0.041,0.041,0.041,100000
EHE,20191010,2.63,2.64,2.6,2.62,1074848
EHH,20191010,0.15,0.15,0.145,0.145,30079
EHL,20191010,1.87,1.915,1.805,1.87,936689
ELD,20191010,6.12,6.19,6,6.06,929120
ELO,20191010,6.54,6.67,6.44,6.5,40102
ELS,20191010,0.495,0.495,0.45,0.48,104247
ELX,20191010,0.56,0.565,0.55,0.56,30230
EM1,20191010,0.018,0.018,0.016,0.016,2094990
EM2,20191010,0.19,0.19,0.19,0.19,67000
EME,20191010,0.105,0.105,0.105,0.105,2859
EML,20191010,4.29,4.345,4.21,4.25,809537
EMN,20191010,0.175,0.175,0.17,0.17,3950
EMR,20191010,0.041,0.041,0.04,0.04,1761160
EMU,20191010,0.042,0.042,0.038,0.038,313739
EMV,20191010,0.83,0.865,0.8,0.85,324870
EN1,20191010,0.025,0.026,0.025,0.026,2095202
ENE,20191010,0.155,0.155,0.145,0.145,101884
ENN,20191010,2.12,2.13,2.12,2.12,12552
ENR,20191010,0.17,0.17,0.15,0.15,351377
EOF,20191010,3.31,3.39,3.15,3.16,340542
EOS,20191010,7.67,7.7,7.27,7.31,200558
EPM,20191010,0.005,0.006,0.005,0.005,10641452
EPW,20191010,2.41,2.415,2.41,2.41,299262
EQE,20191010,0.016,0.016,0.016,0.016,6634070
EQT,20191010,32.74,32.95,30.88,30.88,28044
EQX,20191010,0.27,0.275,0.27,0.275,20101
ERA,20191010,0.21,0.21,0.21,0.21,16426
ERG,20191010,0.068,0.068,0.068,0.068,14000
ERM,20191010,0.13,0.135,0.13,0.135,64773
ERX,20191010,0.085,0.087,0.085,0.085,957758
ESE,20191010,0.019,0.019,0.018,0.018,2906292
ESH,20191010,0.012,0.012,0.011,0.011,3570219
ESR,20191010,0.012,0.012,0.011,0.012,6158140
EVE,20191010,0.005,0.006,0.005,0.005,6333587
EVN,20191010,4.75,4.82,4.69,4.72,6922558
EVO,20191010,0.11,0.115,0.11,0.11,2581092
EVT,20191010,13.05,13.16,12.98,13.14,34709
EX1,20191010,0.4,0.4,0.39,0.395,32500
EXL,20191010,2.17,2.19,2.07,2.09,364238
EXO,20191010,0.002,0.002,0.002,0.002,888152
EXP,20191010,0.245,0.245,0.235,0.24,298124
EXR,20191010,0.048,0.048,0.045,0.048,5361623
EZL,20191010,0.985,0.995,0.98,0.98,74634
FAR,20191010,0.055,0.055,0.053,0.054,5374617
FAU,20191010,0.016,0.018,0.016,0.017,4941219
FBR,20191010,0.06,0.06,0.058,0.059,596267
FBU,20191010,4.47,4.49,4.415,4.44,989939
FCL,20191010,2.96,3.03,2.96,3,196396
FCT,20191010,0.185,0.185,0.17,0.17,216300
FDV,20191010,0.75,0.75,0.73,0.745,2022158
FEI,20191010,0.069,0.069,0.069,0.069,8857
FEL,20191010,0.016,0.016,0.016,0.016,122600
FEX,20191010,0.052,0.053,0.052,0.053,216536
FFG,20191010,0.01,0.01,0.01,0.01,1180000
FGG,20191010,1.265,1.265,1.265,1.265,154556
FGO,20191010,0.002,0.002,0.002,0.002,12601257
FGR,20191010,0.19,0.19,0.185,0.185,46090
FGX,20191010,1.145,1.16,1.145,1.15,634437
FID,20191010,5.53,5.65,5.41,5.64,4033
FIJ,20191010,0.105,0.105,0.1,0.1,267806
FLC,20191010,0.5,0.515,0.495,0.505,220824
FLN,20191010,0.775,0.79,0.775,0.785,20591
FLT,20191010,40.7,42.16,40.52,41.73,1242374
FMG,20191010,8.48,8.52,8.26,8.46,15602374
FML,20191010,0.28,0.28,0.275,0.275,77178
FMS,20191010,0.069,0.069,0.067,0.067,416311
FNP,20191010,5.15,5.2,5.12,5.17,255181
FNT,20191010,0.012,0.012,0.012,0.012,22333
FOD,20191010,0.064,0.066,0.064,0.066,379769
FOR,20191010,1.19,1.19,1.185,1.185,19310
FPH,20191010,16.16,16.3,15.84,15.96,284813
FPL,20191010,0.008,0.008,0.008,0.008,8963716
FPP,20191010,1.015,1.02,1.015,1.015,1409
FRM,20191010,0.36,0.36,0.36,0.36,10000
FRN,20191010,0.024,0.024,0.023,0.023,1021665
FSA,20191010,1.05,1.05,1.05,1.05,9612
FSG,20191010,0.02,0.02,0.02,0.02,70000
FSI,20191010,1.85,1.85,1.85,1.85,5345
FTC,20191010,0.15,0.15,0.13,0.145,493161
FTT,20191010,0.003,0.003,0.003,0.003,34600505
FTZ,20191010,0.105,0.105,0.105,0.105,21685
FWD,20191010,1.98,1.98,1.9,1.93,8751
FXL,20191010,2.31,2.31,2.2,2.22,1379641
FYI,20191010,0.063,0.063,0.062,0.063,313000
FZO,20191010,0.18,0.195,0.175,0.19,983741
G1A,20191010,0.34,0.35,0.34,0.35,73290
G88,20191010,0.071,0.071,0.069,0.069,308288
GAL,20191010,0.125,0.125,0.12,0.12,25821
GAP,20191010,0.295,0.295,0.295,0.295,305849
GBR,20191010,0.051,0.051,0.046,0.046,271262
GBT,20191010,3.83,3.83,3.82,3.82,712220
GC1,20191010,0.84,0.84,0.84,0.84,18037
GCI,20191010,2.06,2.06,2.05,2.06,97593
GCM,20191010,2.29,2.3,2.28,2.3,10000
GDF,20191010,1.48,1.48,1.48,1.48,9360
GDG,20191010,0.74,0.74,0.72,0.72,36194
GDI,20191010,1.52,1.53,1.515,1.525,210643
GED,20191010,0.027,0.027,0.025,0.025,427467
GEM,20191010,2.42,2.435,2.39,2.4,768397
GEV,20191010,0.145,0.145,0.145,0.145,81983
GGG,20191010,0.12,0.125,0.12,0.12,758465
GIB,20191010,0.032,0.032,0.029,0.029,100000
GLB,20191010,1.47,1.47,1.45,1.45,40681
GLL,20191010,1.03,1.115,1.015,1.09,369069
GLN,20191010,0.195,0.195,0.185,0.19,117724
GLV,20191010,0.003,0.003,0.001,0.002,64317297
GMA,20191010,3.48,3.5,3.4,3.5,1196342
GMC,20191010,0.006,0.006,0.005,0.005,5116998
GMD,20191010,0.033,0.033,0.033,0.033,288243
GME,20191010,0.06,0.06,0.06,0.06,40000
GMG,20191010,14.2,14.36,14.14,14.2,3858795
GML,20191010,0.019,0.019,0.019,0.019,530423
GMR,20191010,0.015,0.015,0.014,0.014,240066
GNC,20191010,7.85,7.99,7.83,7.92,385448
GNE,20191010,3.28,3.35,3.28,3.35,45518
GNG,20191010,0.82,0.82,0.82,0.82,2618
GNX,20191010,0.24,0.24,0.235,0.235,236244
GO2,20191010,0.022,0.022,0.021,0.021,180000
GOR,20191010,1.25,1.27,1.167,1.175,7490882
GOW,20191010,2.18,2.18,2.17,2.17,5905
GOZ,20191010,4.35,4.4,4.33,4.37,1122486
GPP,20191010,0.001,0.001,0.001,0.001,10110764
GPR,20191010,0.03,0.03,0.028,0.029,3394315
GPT,20191010,6.13,6.18,6.11,6.16,4131286
GPX,20191010,0.18,0.18,0.16,0.18,129699
GRB,20191010,0.092,0.094,0.092,0.094,96375
GRR,20191010,0.22,0.225,0.215,0.22,1575133
GSN,20191010,0.053,0.056,0.053,0.056,77000
GSS,20191010,1.07,1.07,1.07,1.07,20923
GSW,20191010,0.665,0.705,0.64,0.64,507954
GTE,20191010,0.004,0.004,0.004,0.004,1315696
GTG,20191010,0.004,0.004,0.004,0.004,131428
GTK,20191010,4.83,4.9,4.83,4.9,3049
GTN,20191010,0.85,0.85,0.835,0.835,7532
GTR,20191010,0.013,0.013,0.013,0.013,40000
GUD,20191010,10.31,10.36,10.23,10.32,206738
GVF,20191010,1.025,1.025,1.025,1.025,8281
GWA,20191010,3.25,3.55,3.22,3.3,1326715
GXY,20191010,0.935,0.94,0.9,0.905,3053438
HAS,20191010,0.17,0.175,0.17,0.175,125000
HAV,20191010,0.115,0.115,0.1,0.11,664992
HCH,20191010,0.038,0.039,0.037,0.038,4010424
HE8,20191010,0.215,0.215,0.165,0.19,3510484
HFR,20191010,0.6,0.615,0.58,0.58,67294
HGO,20191010,0.067,0.069,0.067,0.068,610357
HIL,20191010,0.215,0.215,0.215,0.215,35062
HIP,20191010,0.015,0.015,0.015,0.015,341268
HIT,20191010,1.1,1.105,1.1,1.105,20000
HLA,20191010,0.88,0.88,0.88,0.88,5000
HLO,20191010,4.64,4.68,4.59,4.59,71201
HLS,20191010,3.07,3.09,3.03,3.06,701142
HLX,20191010,0.018,0.018,0.018,0.018,13799
HM1,20191010,2.94,2.95,2.93,2.94,94564
HMD,20191010,0.15,0.15,0.15,0.15,112523
HMX,20191010,0.025,0.025,0.024,0.024,418162
HNG,20191010,0.35,0.36,0.345,0.35,28744
HNR,20191010,0.008,0.008,0.008,0.008,129077
HOR,20191010,0.016,0.016,0.014,0.014,229017
HPI,20191010,3.28,3.3,3.25,3.28,78717
HRL,20191010,0.11,0.11,0.11,0.11,500000
HRN,20191010,0.315,0.325,0.315,0.325,20000
HRR,20191010,0.19,0.19,0.185,0.185,489179
HRZ,20191010,0.135,0.135,0.13,0.13,634000
HSC,20191010,0.02,0.02,0.02,0.02,10000
HSN,20191010,3.53,3.58,3.49,3.53,373008
HT1,20191010,1.93,1.94,1.84,1.84,91226
HUB,20191010,12,12,11.65,11.78,213300
HUO,20191010,4.42,4.49,4.41,4.42,1954
HVN,20191010,4.1,4.18,4.09,4.18,8430244
HWK,20191010,0.011,0.011,0.011,0.011,1003661
HXG,20191010,0.066,0.069,0.06,0.061,521831
HYD,20191010,0.029,0.029,0.029,0.029,100000
HZN,20191010,0.135,0.14,0.13,0.135,949989
HZR,20191010,0.42,0.47,0.42,0.445,564921
IAA,20191010,86.86,86.98,86.12,86.91,2447
IAF,20191010,116.37,116.38,116.14,116.22,14648
IAG,20191010,7.6,7.665,7.54,7.59,2897678
IAM,20191010,0.001,0.001,0.001,0.001,1000000
IAP,20191010,1.54,1.575,1.54,1.55,423448
IBG,20191010,0.017,0.017,0.017,0.017,1916767
IBX,20191010,0.037,0.037,0.037,0.037,267440
ICQ,20191010,0.265,0.27,0.262,0.27,399748
ICU,20191010,0.007,0.007,0.007,0.007,32077
ID8,20191010,0.35,0.35,0.32,0.32,70201
IDX,20191010,3.2,3.23,3.06,3.13,430513
IEC,20191010,0.008,0.008,0.008,0.008,895795
IEL,20191010,15.6,15.83,15.39,15.47,669427
IEM,20191010,60.19,60.52,59.75,60.3,18630
IEU,20191010,62.29,62.72,62.29,62.53,54998
IFL,20191010,6.03,6.07,5.995,6.04,981232
IFM,20191010,2.18,2.24,2.18,2.2,262221
IFN,20191010,0.66,0.67,0.655,0.66,3386596
IFT,20191010,4.74,4.74,4.74,4.74,2446
IGB,20191010,115.3,115.3,115.16,115.23,1023
IGE,20191010,0.115,0.115,0.115,0.115,4356
IGL,20191010,2.02,2.04,2.01,2.02,262231
IGO,20191010,6.27,6.33,6.24,6.27,2910401
IHD,20191010,13.56,13.72,13.49,13.51,30904
IHL,20191010,0.088,0.088,0.084,0.084,4072319
IJH,20191010,274.5,277.47,274.5,276.35,1390
IJP,20191010,83.28,83.79,83.075,83.26,14816
IJR,20191010,111.43,111.73,111.22,111.69,2908
IKO,20191010,83.13,83.51,83.1,83.51,319
ILB,20191010,129.39,129.43,128.46,129.16,837
ILC,20191010,25.27,25.33,25.2,25.23,5287
ILU,20191010,7.62,7.71,7.53,7.58,2238886
IMA,20191010,0.26,0.26,0.255,0.26,395031
IMC,20191010,0.12,0.12,0.115,0.115,1076639
IMD,20191010,1.42,1.475,1.42,1.44,1906881
IME,20191010,0.045,0.045,0.044,0.044,319175
IMF,20191010,3.72,3.77,3.67,3.76,344472
IMM,20191010,0.026,0.026,0.026,0.026,7101140
IMR,20191010,1.25,1.27,1.25,1.27,23850
IMS,20191010,0.006,0.006,0.006,0.006,47674
IMU,20191010,0.02,0.02,0.02,0.02,3047435
INA,20191010,4.06,4.18,4.01,4.01,279126
INF,20191010,0.069,0.069,0.068,0.068,201101
ING,20191010,2.96,3.04,2.96,3.01,1026482
INK,20191010,0.087,0.09,0.087,0.087,1226239
INP,20191010,0.022,0.022,0.022,0.022,48796
INR,20191010,0.18,0.18,0.17,0.175,7308817
INV,20191010,0.081,0.081,0.08,0.08,207000
IOD,20191010,0.175,0.175,0.175,0.175,835006
IOO,20191010,71.69,72.14,71.675,71.92,22258
IOZ,20191010,26.74,26.78,26.59,26.68,331678
IP1,20191010,0.015,0.015,0.014,0.014,443727
IPD,20191010,0.17,0.175,0.165,0.17,308900
IPH,20191010,8.26,8.36,8.06,8.1,456863
IPL,20191010,3.26,3.28,3.22,3.25,2824037
IPT,20191010,0.009,0.01,0.009,0.01,1593823
IRE,20191010,11.28,11.37,11.15,11.27,546894
IRI,20191010,3.11,3.15,3.04,3.04,62861
ISD,20191010,0.42,0.42,0.4,0.41,275618
ISO,20191010,4.95,4.97,4.93,4.93,24678
ISU,20191010,0.57,0.575,0.57,0.575,377
ITW,20191010,57.43,57.43,55.55,55.55,243
IVC,20191010,13.58,13.7,13.53,13.64,318169
IVE,20191010,94.67,94.77,94.45,94.66,2843
IVR,20191010,0.02,0.02,0.02,0.02,752713
IVV,20191010,431.37,434.1,431.2,433.81,12357
IVX,20191010,0.014,0.014,0.014,0.014,36300
IVZ,20191010,0.035,0.035,0.033,0.033,613885
IXC,20191010,0.6,0.62,0.6,0.6,106658
IXI,20191010,80.08,80.8,80.05,80.26,3565
IXJ,20191010,88.9,89.93,88.6,88.91,9688
IXU,20191010,0.077,0.077,0.077,0.077,5000
IZZ,20191010,59.05,59.79,59.05,59.79,5267
JAL,20191010,0.19,0.19,0.19,0.19,125000
JAT,20191010,0.055,0.056,0.055,0.055,633985
JBH,20191010,34.28,34.77,34.28,34.69,681869
JDR,20191010,0.011,0.011,0.011,0.011,1254105
JHC,20191010,1.16,1.162,1.142,1.145,194888
JHG,20191010,30.04,30.19,29.88,29.94,173188
JHX,20191010,24.58,24.76,24.28,24.33,823640
JIN,20191010,26.48,26.48,25.72,26.07,240509
JLG,20191010,1.83,1.83,1.8,1.805,26825
JMS,20191010,0.38,0.382,0.375,0.38,2432907
JRV,20191010,0.225,0.225,0.215,0.215,224824
JXT,20191010,0.33,0.33,0.305,0.315,218622
K2F,20191010,0.165,0.165,0.165,0.165,83395
KAI,20191010,0.014,0.014,0.014,0.014,194749
KAM,20191010,0.055,0.055,0.055,0.055,3000
KAR,20191010,1.18,1.18,1.14,1.155,739538
KCN,20191010,0.41,0.415,0.41,0.415,190779
KEY,20191010,0.008,0.008,0.008,0.008,450000
KFE,20191010,0.048,0.048,0.048,0.048,162164
KGL,20191010,0.26,0.26,0.26,0.26,30000
KGN,20191010,6.57,6.58,6.16,6.17,582536
KIN,20191010,0.04,0.04,0.039,0.039,138478
KIS,20191010,0.072,0.072,0.07,0.07,120000
KKT,20191010,0.485,0.487,0.482,0.485,8785655
KLA,20191010,71,71,70.63,70.7,1021
KLL,20191010,0.505,0.505,0.49,0.49,437392
KMD,20191010,2.87,2.89,2.84,2.86,124984
KMT,20191010,0.005,0.005,0.005,0.005,500000
KNM,20191010,0.029,0.034,0.029,0.031,1635473
KNO,20191010,0.097,0.097,0.095,0.095,82967
KOV,20191010,3.22,3.22,3.22,3.22,1640
KPO,20191010,0.03,0.03,0.03,0.03,329805
KRM,20191010,0.029,0.029,0.029,0.029,382015
KRR,20191010,0.033,0.033,0.033,0.033,643350
KSL,20191010,1.39,1.45,1.39,1.43,441506
KSN,20191010,0.021,0.022,0.02,0.021,3396849
KSS,20191010,0.25,0.255,0.235,0.245,395813
KTA,20191010,0.043,0.055,0.043,0.05,5230025
KTD,20191010,0.475,0.48,0.465,0.475,323619
KTG,20191010,0.595,0.615,0.48,0.5,12726802
KWR,20191010,0.285,0.285,0.285,0.285,54060
KYK,20191010,0.205,0.225,0.2,0.215,2096501
KZA,20191010,0.51,0.525,0.51,0.525,32112
KZR,20191010,0.28,0.28,0.27,0.27,18658
LAA,20191010,0.052,0.054,0.049,0.049,85000
LAU,20191010,0.36,0.36,0.36,0.36,3717
LAW,20191010,0.07,0.07,0.07,0.07,108543
LBL,20191010,0.78,0.9,0.76,0.83,214673
LBT,20191010,0.115,0.115,0.11,0.11,119000
LCK,20191010,0.195,0.225,0.195,0.225,2018963
LCT,20191010,0.02,0.02,0.019,0.019,201560
LCY,20191010,0.004,0.004,0.004,0.004,712648
LEG,20191010,0.037,0.045,0.037,0.041,3109185
LEP,20191010,5.29,5.32,5.29,5.32,8902
LEX,20191010,0.22,0.22,0.215,0.22,133500
LIC,20191010,7.56,7.75,7.56,7.7,499495
LIN,20191010,0.015,0.016,0.015,0.015,295000
LIT,20191010,0.046,0.047,0.046,0.047,134842
LKE,20191010,0.04,0.041,0.039,0.039,519350
LLC,20191010,16.92,17.03,16.89,16.96,1482458
LLO,20191010,1,1,1,1,1864
LMG,20191010,0.017,0.017,0.016,0.016,236026
LML,20191010,0.006,0.006,0.006,0.006,65422
LMW,20191010,0.15,0.15,0.135,0.15,72200
LNG,20191010,0.22,0.225,0.2,0.225,1558965
LNK,20191010,5.58,5.68,5.58,5.65,1762602
LNU,20191010,0.04,0.04,0.037,0.037,2088889
LNY,20191010,0.006,0.006,0.006,0.006,873332
LOM,20191010,0.15,0.155,0.15,0.155,475850
LON,20191010,0.165,0.175,0.165,0.175,17015
LOT,20191010,0.05,0.053,0.05,0.053,219299
LOV,20191010,12.84,13.01,12.47,12.54,130262
LPD,20191010,0.017,0.017,0.016,0.017,5209136
LPE,20191010,0.735,0.735,0.7,0.7,11273
LPI,20191010,0.28,0.285,0.28,0.28,5796906
LRS,20191010,0.008,0.008,0.007,0.007,2534868
LRT,20191010,5.02,5.03,5.02,5.03,4173
LSA,20191010,0.007,0.007,0.007,0.007,664714
LSF,20191010,1.48,1.51,1.48,1.495,534079
LSH,20191010,0.048,0.048,0.048,0.048,519
LSR,20191010,0.008,0.008,0.008,0.008,22
LTR,20191010,0.092,0.093,0.091,0.091,2163831
LVH,20191010,0.275,0.285,0.265,0.275,116445
LVT,20191010,0.35,0.355,0.345,0.35,1911742
LYC,20191010,2.63,2.66,2.6,2.61,3320448
LYL,20191010,5.35,5.35,5.3,5.3,13648
M7T,20191010,0.76,0.76,0.735,0.735,123685
MAD,20191010,1.1,1.11,1.1,1.1,45289
MAG,20191010,0.066,0.066,0.06,0.06,214866
MAH,20191010,0.19,0.19,0.185,0.185,147578
MAI,20191010,0.475,0.49,0.47,0.49,27633
MAM,20191010,0.36,0.36,0.36,0.36,2587
MAT,20191010,0.15,0.15,0.15,0.15,190870
MAU,20191010,0.52,0.52,0.5,0.51,51559
MAY,20191010,0.009,0.009,0.009,0.009,1934308
MCA,20191010,0.16,0.16,0.16,0.16,9900
MCE,20191010,0.39,0.39,0.39,0.39,12137
MCP,20191010,2.41,2.45,2.31,2.33,76818
MCR,20191010,0.63,0.63,0.61,0.61,256570
MCY,20191010,5.08,5.1,5.08,5.1,328
MDC,20191010,0.44,0.455,0.44,0.445,140193
MDR,20191010,0.05,0.052,0.05,0.052,460000
MEA,20191010,0.215,0.225,0.215,0.225,25000
MEB,20191010,0.014,0.014,0.013,0.013,8830449
MEC,20191010,0.865,0.865,0.86,0.86,30847
MEI,20191010,0.061,0.064,0.059,0.064,3966420
MEL,20191010,0.044,0.044,0.043,0.043,408932
MEM,20191010,0.083,0.085,0.08,0.084,2298196
MEP,20191010,0.058,0.06,0.057,0.06,1333773
MEU,20191010,0.031,0.035,0.031,0.034,1814654
MEY,20191010,0.105,0.105,0.105,0.105,7000
MEZ,20191010,4.98,4.98,4.86,4.86,9300
MFD,20191010,0.96,0.97,0.96,0.97,41459
MFF,20191010,3.15,3.19,3.15,3.18,49755
MFG,20191010,48.7,48.98,47.37,47.37,850090
MGC,20191010,0.4,0.405,0.395,0.395,65130
MGE,20191010,3.82,3.83,3.8,3.8,1595370
MGG,20191010,1.78,1.795,1.765,1.78,923641
MGR,20191010,3,3.03,2.99,3.02,8929073
MGV,20191010,0.08,0.081,0.079,0.08,1758012
MGX,20191010,0.73,0.73,0.71,0.73,3050255
MHG,20191010,3.32,3.33,3.31,3.33,59179
MHJ,20191010,0.57,0.57,0.57,0.57,7630
MIL,20191010,0.295,0.295,0.295,0.295,28000
MIN,20191010,12.88,12.97,12.44,12.54,1894985
MIR,20191010,2.46,2.49,2.455,2.46,162976
MLD,20191010,0.945,0.96,0.925,0.925,159814
MLL,20191010,0.08,0.082,0.079,0.081,583920
MLS,20191010,0.002,0.002,0.002,0.002,3346070
MLT,20191010,4.78,4.79,4.76,4.78,67089
MLX,20191010,0.165,0.165,0.16,0.16,868906
MMI,20191010,0.12,0.13,0.12,0.125,1790278
MMJ,20191010,0.235,0.235,0.225,0.225,128642
MML,20191010,0.81,0.82,0.795,0.815,231025
MMM,20191010,0.44,0.46,0.435,0.46,22651
MMR,20191010,0.006,0.006,0.006,0.006,853652
MMS,20191010,15.78,16.23,15.78,15.96,310891
MNB,20191010,0.001,0.001,0.001,0.001,1000000
MNC,20191010,0.08,0.081,0.079,0.079,118677
MND,20191010,14.74,14.94,14.65,14.71,272521
MNF,20191010,5.02,5.04,4.98,5.01,9989
MNS,20191010,0.175,0.18,0.17,0.17,102643
MNY,20191010,2.21,2.23,2.2,2.23,66928
MOB,20191010,0.105,0.105,0.092,0.093,440067
MOC,20191010,1.16,1.19,1.16,1.185,567411
MOE,20191010,3.98,3.98,3.66,3.66,28719
MOT,20191010,2.06,2.06,2.05,2.06,221706
MOY,20191010,0.085,0.092,0.085,0.085,1731525
MP1,20191010,9.1,9.205,8.92,9,277397
MPH,20191010,0.3,0.3,0.3,0.3,10000
MPL,20191010,3.24,3.27,3.21,3.23,6059520
MPR,20191010,0.019,0.019,0.019,0.019,5000
MPW,20191010,0.11,0.11,0.11,0.11,109237
MQG,20191010,125.77,127.13,125.35,126.63,754860
MQR,20191010,0.073,0.073,0.072,0.072,50349
MRC,20191010,0.215,0.23,0.215,0.23,45564
MRG,20191010,0.084,0.084,0.084,0.084,42777
MRM,20191010,0.19,0.202,0.185,0.185,322132
MRQ,20191010,0.009,0.009,0.008,0.008,2129251
MRZ,20191010,0.22,0.22,0.22,0.22,25000
MSB,20191010,1.91,1.93,1.865,1.865,1320274
MSE,20191010,0.013,0.013,0.013,0.013,1060675
MSM,20191010,0.014,0.014,0.014,0.014,712962
MSV,20191010,0.059,0.059,0.058,0.059,1864102
MTC,20191010,0.018,0.018,0.018,0.018,200000
MTO,20191010,1.965,2.1,1.9,1.9,604707
MTS,20191010,2.76,2.79,2.66,2.78,7447233
MVA,20191010,25.29,25.52,25.29,25.33,28493
MVB,20191010,27.56,27.67,27.56,27.57,6303
MVE,20191010,28.54,28.56,28.54,28.56,2810
MVF,20191010,1.03,1.03,1.01,1.02,228049
MVP,20191010,4.85,4.91,4.82,4.83,425729
MVR,20191010,28.65,28.65,28.56,28.56,653
MVS,20191010,20.62,20.62,20.53,20.53,4830
MVW,20191010,30.36,30.52,30.36,30.38,32632
MWR,20191010,3.8,3.87,3.6,3.68,70206
MWY,20191010,2.41,2.43,2.38,2.39,45908
MXC,20191010,0.036,0.036,0.034,0.035,3438359
MXI,20191010,0.24,0.24,0.24,0.24,14115
MXR,20191010,0.061,0.061,0.06,0.06,238870
MXT,20191010,2.07,2.075,2.06,2.07,1305907
MYL,20191010,0.049,0.051,0.048,0.05,664500
MYR,20191010,0.575,0.585,0.55,0.57,1257995
MYS,20191010,4.68,4.68,4.57,4.62,86923
MYX,20191010,0.595,0.607,0.58,0.59,6145101
MZN,20191010,0.077,0.077,0.07,0.077,306000
MZZ,20191010,0.25,0.25,0.25,0.25,840
N1H,20191010,0.046,0.046,0.046,0.046,15000
NAB,20191010,28,28.19,27.91,28.02,3196164
NAC,20191010,0.91,0.92,0.91,0.92,75973
NAG,20191010,0.06,0.065,0.06,0.065,397546
NAN,20191010,6.33,6.39,6.275,6.38,777247
NBI,20191010,2.08,2.08,2.07,2.07,832609
NBL,20191010,2.85,2.87,2.8,2.81,262210
NC6,20191010,0.07,0.075,0.07,0.075,117820
NCC,20191010,1.07,1.13,1.07,1.095,67244
NCK,20191010,6.74,6.85,6.58,6.75,127085
NCM,20191010,36.23,36.36,35.59,35.77,2750481
NCZ,20191010,0.25,0.255,0.247,0.25,498538
NDQ,20191010,19.15,19.38,19.15,19.33,258705
NEA,20191010,2.6,2.67,2.5,2.53,4894683
NEC,20191010,1.86,1.865,1.822,1.84,5067547
NES,20191010,0.075,0.075,0.07,0.07,155498
NET,20191010,0.16,0.165,0.16,0.165,485736
NEU,20191010,2.06,2.14,2.06,2.14,116986
NEW,20191010,1.255,1.27,1.255,1.26,34486
NGI,20191010,3.14,3.14,3,3.05,165676
NHC,20191010,2.21,2.23,2.19,2.2,1693696
NHF,20191010,6.76,6.855,6.72,6.74,751130
NHL,20191010,0.01,0.01,0.01,0.01,1545487
NIC,20191010,0.65,0.68,0.65,0.67,17392666
NME,20191010,0.015,0.016,0.015,0.016,65833
NML,20191010,0.125,0.125,0.12,0.12,1150272
NMT,20191010,0.205,0.207,0.2,0.205,584428
NOR,20191010,0.004,0.004,0.004,0.004,400000
NOV,20191010,0.19,0.19,0.185,0.185,46497
NOX,20191010,0.37,0.37,0.37,0.37,35000
NSB,20191010,0.27,0.27,0.25,0.25,204170
NSC,20191010,0.72,0.73,0.715,0.72,225145
NSR,20191010,1.83,1.835,1.815,1.83,2947637
NST,20191010,11.88,12.04,11.8,11.99,3183845
NTD,20191010,0.4,0.41,0.39,0.39,551384
NTM,20191010,0.05,0.053,0.05,0.053,808824
NTU,20191010,0.06,0.06,0.057,0.057,3350804
NUF,20191010,6.66,6.78,6.65,6.76,2507639
NUH,20191010,0.033,0.033,0.031,0.031,872934
NUS,20191010,0.267,0.267,0.267,0.267,7602
NVA,20191010,0.037,0.037,0.037,0.037,1141842
NVL,20191010,2.31,2.32,2.3,2.32,31833
NVO,20191010,0.011,0.014,0.011,0.013,8197405
NWC,20191010,0.021,0.021,0.02,0.02,1524285
NWE,20191010,0.006,0.006,0.006,0.006,759000
NWH,20191010,2.23,2.26,2.21,2.24,1266003
NWL,20191010,9.2,9.39,9.06,9.2,867229
NWM,20191010,0.17,0.17,0.17,0.17,8980
NWS,20191010,19.82,19.87,19.59,19.74,121192
NXE,20191010,0.019,0.019,0.019,0.019,96515
NXM,20191010,0.054,0.056,0.054,0.055,117117
NXS,20191010,2.82,2.84,2.65,2.66,227021
NXT,20191010,6.32,6.33,6.22,6.26,1089117
NZC,20191010,0.32,0.32,0.32,0.32,136546
NZK,20191010,2.24,2.24,2.19,2.19,719
NZM,20191010,0.38,0.38,0.375,0.375,20036
OAR,20191010,0.013,0.014,0.013,0.014,1255493
OAU,20191010,0.029,0.03,0.026,0.026,1586991
OBJ,20191010,0.016,0.017,0.016,0.016,867750
OBM,20191010,0.17,0.175,0.17,0.175,1166239
OCC,20191010,0.47,0.485,0.405,0.41,6541784
OCL,20191010,4.17,4.17,4.16,4.16,950
ODA,20191010,0.235,0.235,0.235,0.235,8510
ODM,20191010,0.15,0.15,0.15,0.15,9885
OEC,20191010,0.3,0.3,0.29,0.29,24328
OEL,20191010,0.045,0.046,0.044,0.044,2207702
OEQ,20191010,0.083,0.083,0.083,0.083,64
OFX,20191010,1.385,1.385,1.325,1.345,783656
OGC,20191010,3.94,4,3.92,3.92,54800
OIL,20191010,0.046,0.046,0.044,0.044,22963
OKR,20191010,0.25,0.25,0.25,0.25,34564
OKU,20191010,0.11,0.11,0.11,0.11,331490
OLH,20191010,0.036,0.036,0.036,0.036,40000
OMH,20191010,0.43,0.455,0.42,0.425,607405
OML,20191010,2.87,2.965,2.83,2.85,1163220
OMN,20191010,0.93,0.93,0.915,0.92,1149440
ONT,20191010,6.28,6.28,6.2,6.2,884
ONX,20191010,0.11,0.11,0.11,0.11,25000
OOO,20191010,13.82,13.91,13.8,13.91,8087
OPC,20191010,3.76,3.97,3.76,3.96,222779
OPH,20191010,2.43,2.45,2.43,2.43,78696
OPN,20191010,0.036,0.041,0.035,0.041,1498058
OPT,20191010,3.47,3.62,3.45,3.45,2443761
ORA,20191010,3.22,3.28,3.04,3.11,18151230
ORE,20191010,2.4,2.4,2.34,2.35,701406
ORG,20191010,7.78,7.85,7.73,7.78,2707906
ORI,20191010,22.41,22.87,22.22,22.82,1561203
ORN,20191010,0.028,0.028,0.028,0.028,176447
ORR,20191010,0.38,0.38,0.375,0.375,98822
OSH,20191010,6.96,7.01,6.88,6.91,3667106
OSL,20191010,0.065,0.065,0.065,0.065,267834
OSP,20191010,0.05,0.05,0.05,0.05,50000
OSX,20191010,1,1.03,0.96,0.97,442411
OTW,20191010,4.75,4.75,4.72,4.72,5102
OVH,20191010,0.38,0.38,0.37,0.375,103556
OVL,20191010,0.008,0.009,0.008,0.009,14396905
OVN,20191010,0.79,0.795,0.735,0.74,168628
OVT,20191010,0.055,0.055,0.055,0.055,981778
OZF,20191010,20.28,20.3,20.25,20.3,1334
OZG,20191010,0.165,0.165,0.16,0.16,1251500
OZL,20191010,9.25,9.43,9.22,9.37,2122106
OZR,20191010,11.28,11.31,11.28,11.28,7826
PAA,20191010,0.135,0.14,0.125,0.135,1684971
PAB,20191010,0.021,0.022,0.02,0.02,953228
PAC,20191010,6.87,6.93,6.75,6.93,34422
PAF,20191010,0.785,0.785,0.78,0.78,60000
PAI,20191010,0.97,0.975,0.96,0.975,190327
PAL,20191010,1.01,1.01,0.97,0.97,20956
PAN,20191010,0.29,0.302,0.287,0.3,650285
PAR,20191010,3.02,3.07,2.93,2.95,432228
PBH,20191010,3.98,4.09,3.85,4,629759
PBP,20191010,1.885,1.9,1.885,1.9,135186
PBX,20191010,0.005,0.005,0.005,0.005,568215
PCG,20191010,1.905,1.905,1.905,1.905,150
PCH,20191010,0.003,0.003,0.003,0.003,154188
PCI,20191010,1.135,1.135,1.12,1.13,884464
PCK,20191010,0.335,0.36,0.33,0.345,2607130
PDL,20191010,6.81,6.905,6.77,6.89,643362
PDN,20191010,0.098,0.1,0.096,0.096,2565112
PE1,20191010,1.505,1.55,1.495,1.54,167490
PEA,20191010,1.08,1.09,1.08,1.08,237678
PEC,20191010,0.03,0.03,0.03,0.03,3272
PEK,20191010,0.036,0.037,0.036,0.037,1047428
PEN,20191010,0.19,0.2,0.19,0.195,171636
PET,20191010,1.25,1.26,1.215,1.245,3399753
PEX,20191010,0.285,0.285,0.285,0.285,2455
PFP,20191010,3.12,3.12,3.04,3.05,25764
PG1,20191010,0.105,0.115,0.105,0.115,150000
PGC,20191010,0.39,0.395,0.39,0.395,43515
PGF,20191010,1.06,1.065,1.055,1.06,144291
PGG,20191010,2.04,2.04,2.035,2.04,482942
PGH,20191010,2.32,2.38,2.29,2.33,658637
PGI,20191010,0.032,0.032,0.032,0.032,94967
PGL,20191010,4.15,4.15,4.05,4.05,103022
PGM,20191010,0.022,0.023,0.022,0.022,1176515
PGX,20191010,0.37,0.37,0.37,0.37,11946
PGY,20191010,0.042,0.042,0.04,0.04,50500
PIA,20191010,1.085,1.085,1.075,1.08,127950
PIC,20191010,1.015,1.02,1.01,1.015,153051
PIL,20191010,0.011,0.011,0.01,0.011,1083523
PIO,20191010,0.016,0.016,0.014,0.016,10271795
PIQ,20191010,0.36,0.375,0.355,0.365,247833
PKO,20191010,0.028,0.03,0.028,0.03,60000
PKS,20191010,0.185,0.185,0.185,0.185,170289
PL8,20191010,1.145,1.145,1.14,1.145,424927
PLL,20191010,0.093,0.093,0.09,0.09,509421
PLS,20191010,0.31,0.31,0.3,0.3,3683155
PM1,20191010,0.017,0.018,0.017,0.018,288954
PM8,20191010,0.22,0.23,0.215,0.215,97865
PMC,20191010,1.5,1.525,1.49,1.52,243840
PME,20191010,31.55,31.55,29.47,29.84,395478
PMV,20191010,19,19,18.78,18.97,229358
PMY,20191010,0.009,0.009,0.009,0.009,1491065
PNI,20191010,4.25,4.33,4.22,4.28,300776
PNL,20191010,0.068,0.068,0.065,0.066,995091
PNR,20191010,0.19,0.19,0.185,0.185,701991
PNV,20191010,2.3,2.54,2.28,2.54,6280049
PNX,20191010,0.006,0.007,0.006,0.007,470000
PO3,20191010,5.07,5.07,4.4,4.4,7604
POD,20191010,0.035,0.035,0.034,0.034,553732
POS,20191010,0.054,0.054,0.053,0.053,15415476
POW,20191010,0.006,0.006,0.006,0.006,300000
PPC,20191010,1.15,1.17,1.15,1.17,225975
PPE,20191010,3.17,3.33,3.17,3.2,90579
PPH,20191010,2.98,3,2.93,3,25006
PPK,20191010,4.23,4.58,4.23,4.5,80791
PPS,20191010,0.455,0.46,0.44,0.44,476341
PPT,20191010,35.2,35.65,35,35.44,97345
PPY,20191010,0.008,0.008,0.008,0.008,6072
PRO,20191010,0.44,0.445,0.44,0.44,61148
PRT,20191010,0.185,0.185,0.18,0.185,327882
PRU,20191010,0.75,0.77,0.74,0.74,4768367
PRX,20191010,0.115,0.12,0.11,0.12,1108493
PSC,20191010,0.14,0.14,0.13,0.13,24300
PSI,20191010,2.79,2.79,2.75,2.75,9933
PSQ,20191010,1.58,1.58,1.555,1.555,15578
PSZ,20191010,0.061,0.061,0.061,0.061,5000
PTB,20191010,0.75,0.76,0.745,0.745,3514
PTM,20191010,3.88,3.95,3.79,3.95,1567312
PTR,20191010,0.04,0.04,0.034,0.034,271476
PTX,20191010,0.057,0.058,0.055,0.055,1485340
PUA,20191010,0.019,0.019,0.017,0.018,2600290
PVD,20191010,0.022,0.025,0.022,0.023,5836355
PVL,20191010,0.099,0.099,0.099,0.099,60000
PWH,20191010,4.76,4.79,4.64,4.67,51390
PWL,20191010,0.17,0.2,0.165,0.2,199567
PWN,20191010,0.008,0.008,0.007,0.007,488660
PXS,20191010,0.2,0.2,0.2,0.2,92310
PXX,20191010,0.075,0.076,0.073,0.073,127296
PYC,20191010,0.054,0.058,0.053,0.056,8520918
QAN,20191010,6.25,6.37,6.22,6.35,5331702
QAU,20191010,15.23,15.31,15.22,15.25,22744
QBE,20191010,12.12,12.17,12.03,12.09,2622946
QCB,20191010,7.67,7.67,7.67,7.67,1714
QFE,20191010,0.475,0.49,0.475,0.48,177850
QFN,20191010,11.48,11.51,11.48,11.51,1019
QFY,20191010,0.004,0.004,0.004,0.004,17282143
QGL,20191010,0.002,0.002,0.001,0.001,13100000
QHL,20191010,0.12,0.12,0.12,0.12,336667
QIP,20191010,1.33,1.33,1.32,1.32,13930
QMS,20191010,0.9,0.92,0.897,0.92,9135934
QOZ,20191010,13.65,13.67,13.62,13.64,22579
QRE,20191010,6.12,6.14,6.1,6.13,4883
QRI,20191010,1.615,1.62,1.61,1.615,241634
QUB,20191010,3.29,3.3,3.225,3.25,3997751
QUS,20191010,36.29,36.44,36.29,36.38,2493
QVE,20191010,0.985,1,0.98,0.985,340331
RAC,20191010,0.14,0.14,0.14,0.14,38029
RAN,20191010,0.02,0.02,0.02,0.02,270440
RAP,20191010,0.34,0.345,0.325,0.325,2406880
RBL,20191010,1.395,1.41,1.385,1.405,214246
RBR,20191010,0.014,0.014,0.014,0.014,1000000
RCB,20191010,20.96,20.96,20.85,20.93,2833
RCE,20191010,0.315,0.32,0.28,0.295,930647
RCL,20191010,0.33,0.335,0.33,0.335,8000
RCW,20191010,0.245,0.245,0.24,0.24,54694
RDC,20191010,1.08,1.08,1.065,1.065,66818
RDF,20191010,0.46,0.46,0.45,0.46,78156
RDH,20191010,2.01,2.01,2.01,2.01,2331
RDM,20191010,0.115,0.12,0.11,0.12,484419
RDN,20191010,0.007,0.007,0.007,0.007,100000
RDV,20191010,29.63,29.7,29.55,29.57,5327
RDY,20191010,1.73,1.89,1.73,1.87,167917
REA,20191010,108.5,110.2,108.01,110.01,205569
RED,20191010,0.325,0.33,0.315,0.33,5338324
REG,20191010,3.24,3.27,3.16,3.25,535695
REH,20191010,10.5,10.69,10.3,10.3,103788
RES,20191010,0.09,0.091,0.089,0.089,211230
REV,20191010,0.008,0.008,0.008,0.008,76710
REX,20191010,1.33,1.34,1.32,1.34,25171
REZ,20191010,0.043,0.043,0.043,0.043,90000
RF1,20191010,2.7,2.73,2.65,2.71,100402
RFF,20191010,1.78,1.78,1.74,1.75,627539
RFG,20191010,0.175,0.175,0.17,0.17,140647
RFR,20191010,0.12,0.135,0.12,0.135,106400
RFT,20191010,0.056,0.056,0.055,0.055,362202
RFX,20191010,0.05,0.051,0.049,0.05,552490
RGB,20191010,23.47,23.47,23.46,23.46,224
RGI,20191010,0.155,0.155,0.152,0.152,87351
RGL,20191010,0.014,0.014,0.013,0.013,3455392
RGS,20191010,0.075,0.075,0.075,0.075,8641
RHC,20191010,65.44,66.34,65.14,66.28,479045
RHP,20191010,2.72,2.72,2.64,2.66,1131193
RHT,20191010,0.13,0.13,0.125,0.125,533400
RHY,20191010,0.165,0.165,0.165,0.165,28976
RIC,20191010,1.03,1.062,1.02,1.055,237457
RIM,20191010,0.005,0.005,0.004,0.004,8105316
RIO,20191010,87.3,88.12,87.15,87.92,1140997
RKN,20191010,0.7,0.705,0.7,0.705,3873
RLE,20191010,0.028,0.029,0.026,0.026,352636
RLT,20191010,0.85,0.85,0.835,0.835,7876
RMC,20191010,0.9,0.905,0.9,0.905,180048
RMD,20191010,19.55,19.67,19.5,19.65,791900
RMS,20191010,1.39,1.4,1.355,1.39,3828973
RMY,20191010,0.23,0.23,0.22,0.225,293294
RND,20191010,3.02,3.02,3,3.02,6119
RNE,20191010,0.025,0.025,0.025,0.025,5597
RNO,20191010,0.255,0.285,0.255,0.28,86921
RNU,20191010,0.015,0.015,0.015,0.015,717807
ROG,20191010,0.003,0.003,0.003,0.003,2160016
ROO,20191010,0.049,0.05,0.047,0.047,127277
RPM,20191010,0.15,0.15,0.15,0.15,10581
RRL,20191010,5.1,5.15,5.01,5.05,2935025
RSG,20191010,1.335,1.335,1.245,1.265,23311100
RSH,20191010,0.063,0.07,0.061,0.064,3289913
RSM,20191010,21.51,21.51,21.51,21.51,700
RTG,20191010,0.072,0.072,0.072,0.072,100000
RTR,20191010,0.071,0.071,0.069,0.069,1119057
RUL,20191010,0.75,0.76,0.75,0.76,112163
RVR,20191010,0.155,0.155,0.15,0.15,391707
RVS,20191010,1.295,1.295,1.24,1.24,2190
RWC,20191010,3.89,3.94,3.835,3.85,1524036
RXL,20191010,0.028,0.028,0.027,0.028,1431801
RXM,20191010,0.09,0.09,0.088,0.088,84837
RYD,20191010,1.5,1.5,1.5,1.5,10000
RZI,20191010,0.9,0.9,0.89,0.89,35408
S2R,20191010,0.15,0.15,0.145,0.145,37446
S32,20191010,2.4,2.43,2.38,2.42,17087560
SAR,20191010,3.76,3.82,3.72,3.77,5098383
SAU,20191010,0.25,0.25,0.245,0.25,63554
SBM,20191010,2.8,2.82,2.75,2.76,3497675
SCG,20191010,3.96,3.98,3.93,3.96,6020268
SCI,20191010,0.011,0.011,0.01,0.01,435614
SCL,20191010,0.019,0.019,0.017,0.017,7221750
SCP,20191010,2.64,2.67,2.635,2.66,1050251
SCT,20191010,0.07,0.07,0.07,0.07,177341
SCU,20191010,0.015,0.015,0.015,0.015,30029
SDA,20191010,1.015,1.02,1,1.005,1201737
SDF,20191010,3.35,3.39,3.32,3.34,1462409
SDG,20191010,1.64,1.65,1.64,1.65,2355
SDI,20191010,0.85,0.85,0.85,0.85,2629
SDV,20191010,0.48,0.53,0.48,0.515,1141458
SE1,20191010,0.076,0.08,0.076,0.076,425566
SEA,20191010,0.16,0.165,0.155,0.16,957033
SEC,20191010,1.68,1.695,1.665,1.695,81496
SEI,20191010,0.053,0.06,0.053,0.06,1559222
SEK,20191010,20.83,20.92,20.71,20.86,778475
SEN,20191010,0.076,0.078,0.076,0.077,261621
SES,20191010,0.07,0.07,0.07,0.07,6600
SFC,20191010,14,14,14,14,1445
SFG,20191010,0.091,0.091,0.088,0.089,388375
SFL,20191010,0.05,0.05,0.05,0.05,20000
SFR,20191010,6.32,6.32,6.14,6.17,852334
SFX,20191010,0.4,0.405,0.4,0.405,101264
SFY,20191010,60,60.5,60,60.17,5301
SG1,20191010,0.055,0.055,0.055,0.055,18000
SGC,20191010,0.032,0.032,0.031,0.032,197000
SGF,20191010,2.37,2.37,2.32,2.37,39811
SGH,20191010,1.1,1.11,1.095,1.11,1095
SGM,20191010,9.75,9.77,9.64,9.76,667952
SGP,20191010,4.49,4.53,4.46,4.51,4268619
SGQ,20191010,0.17,0.175,0.165,0.165,1116164
SGR,20191010,4.24,4.32,4.24,4.28,4161839
SHH,20191010,0.006,0.006,0.006,0.006,900955
SHJ,20191010,0.845,0.86,0.845,0.86,163539
SHL,20191010,28.21,28.64,28.16,28.54,683180
SHM,20191010,0.69,0.69,0.685,0.685,8512
SHO,20191010,0.058,0.058,0.058,0.058,18750
SHV,20191010,7.99,8.01,7.75,7.86,126825
SIG,20191010,0.59,0.6,0.59,0.6,1046625
SIH,20191010,0.023,0.023,0.023,0.023,227726
SIL,20191010,0.047,0.049,0.047,0.049,91374
SIO,20191010,0.36,0.36,0.36,0.36,10000
SIQ,20191010,11.89,12.025,11.87,12,408943
SIS,20191010,0.049,0.049,0.048,0.049,210212
SIT,20191010,0.067,0.067,0.067,0.067,100000
SIV,20191010,0.68,0.7,0.675,0.7,22739
SKC,20191010,3.65,3.68,3.65,3.68,296545
SKF,20191010,0.15,0.15,0.15,0.15,51657
SKI,20191010,2.11,2.135,2.1,2.12,4224169
SKN,20191010,0.016,0.018,0.009,0.016,6755014
SKO,20191010,3.66,3.66,3.6,3.61,16516
SKT,20191010,0.89,0.89,0.815,0.84,1401120
SKY,20191010,0.088,0.088,0.084,0.087,1437752
SLC,20191010,1.025,1.055,1.02,1.03,874314
SLF,20191010,14.1,14.2,14.1,14.12,26733
SLK,20191010,4.7,5,4.66,4.85,7601661
SLM,20191010,0.505,0.505,0.5,0.5,30101
SLR,20191010,0.935,0.94,0.91,0.92,6184111
SLX,20191010,0.415,0.435,0.41,0.435,123407
SLZ,20191010,0.065,0.065,0.063,0.063,84800
SM1,20191010,8.5,8.515,8.35,8.49,168555
SM8,20191010,0.026,0.029,0.025,0.027,1140369
SMD,20191010,0.009,0.009,0.008,0.008,151922
SMN,20191010,0.91,0.94,0.89,0.92,100520
SMR,20191010,1.25,1.275,1.09,1.155,3092787
SMX,20191010,0.305,0.305,0.3,0.3,16780
SNC,20191010,0.835,0.835,0.825,0.825,61201
SNL,20191010,4.12,4.12,4.12,4.12,700
SNS,20191010,0.1,0.1,0.1,0.1,190539
SOL,20191010,21.59,21.78,21.25,21.4,420705
SOP,20191010,0.048,0.048,0.046,0.046,31966
SOR,20191010,0.072,0.073,0.066,0.066,1325724
SP3,20191010,0.089,0.089,0.087,0.087,203095
SPK,20191010,4.24,4.26,4.19,4.2,924400
SPL,20191010,1.165,1.17,1.145,1.155,206121
SPT,20191010,0.605,0.615,0.6,0.6,1237813
SPX,20191010,0.105,0.11,0.105,0.11,6960992
SPY,20191010,429.64,429.64,429.64,429.64,6
SPZ,20191010,0.2,0.205,0.2,0.205,138902
SRG,20191010,0.365,0.38,0.35,0.38,632471
SRH,20191010,0.215,0.22,0.215,0.22,16000
SRI,20191010,0.092,0.094,0.092,0.094,45833
SRK,20191010,0.045,0.045,0.044,0.044,66000
SRN,20191010,0.009,0.01,0.009,0.01,4212663
SRO,20191010,0.001,0.001,0.001,0.001,12181000
SRV,20191010,4.25,4.25,4.2,4.2,7611
SRZ,20191010,0.013,0.013,0.013,0.013,18962
SSG,20191010,0.6,0.61,0.6,0.61,389978
SSM,20191010,2.52,2.63,2.5,2.58,2996180
SSO,20191010,15.38,15.38,15.38,15.38,387
STA,20191010,0.115,0.115,0.11,0.11,76957
STG,20191010,1.79,1.79,1.765,1.78,23618
STN,20191010,0.46,0.46,0.46,0.46,65089
STO,20191010,7.36,7.4,7.27,7.36,3934780
STW,20191010,60.59,60.9,60.48,60.67,137259
STX,20191010,0.27,0.27,0.265,0.265,2336431
SUD,20191010,0.003,0.003,0.003,0.003,5000000
SUL,20191010,9.31,9.43,9.23,9.28,881608
SUN,20191010,13.33,13.435,13.25,13.38,1954959
SUP,20191010,0.016,0.016,0.014,0.014,12331341
SVA,20191010,0.009,0.009,0.009,0.009,2
SVL,20191010,0.105,0.105,0.096,0.096,3050891
SVM,20191010,0.091,0.091,0.09,0.09,411351
SVT,20191010,0.014,0.014,0.013,0.013,1881358
SVW,20191010,16.46,16.59,16.21,16.25,612474
SW1,20191010,0.165,0.165,0.16,0.16,253962
SWF,20191010,0.25,0.275,0.25,0.25,402078
SWK,20191010,0.235,0.235,0.235,0.235,105251
SWM,20191010,0.375,0.375,0.365,0.37,2075437
SXE,20191010,0.57,0.575,0.565,0.565,62293
SXL,20191010,1.15,1.155,1.13,1.15,1330543
SXY,20191010,0.37,0.39,0.37,0.385,5814657
SYA,20191010,0.01,0.01,0.01,0.01,1248386
SYD,20191010,8.25,8.27,8.17,8.21,2957731
SYI,20191010,29,29.09,28.955,29.01,8365
SYR,20191010,0.47,0.485,0.46,0.465,2623257
SZL,20191010,2.46,2.53,2.38,2.39,610278
TAH,20191010,4.83,4.86,4.8,4.82,6057953
TAM,20191010,0.046,0.047,0.045,0.045,426954
TAO,20191010,0.135,0.135,0.13,0.13,74642
TAP,20191010,0.125,0.125,0.125,0.125,22166
TAS,20191010,0.058,0.058,0.055,0.055,47359
TBR,20191010,8.39,8.4,8.38,8.38,8098
TCL,20191010,15.05,15.05,14.86,14.94,5652511
TDO,20191010,0.083,0.083,0.083,0.083,262659
TEG,20191010,0.072,0.073,0.071,0.073,225000
TEK,20191010,0.285,0.29,0.285,0.29,90000
TER,20191010,0.41,0.42,0.405,0.42,69500
TFL,20191010,0.135,0.135,0.135,0.135,1000
TGA,20191010,0.26,0.27,0.26,0.26,12177844
TGF,20191010,1.95,1.95,1.91,1.95,52650
TGG,20191010,1.21,1.21,1.19,1.19,75548
TGM,20191010,0.16,0.165,0.16,0.165,10750
TGN,20191010,0.185,0.185,0.18,0.18,135494
TGO,20191010,0.19,0.19,0.17,0.17,96175
TGP,20191010,1.135,1.14,1.12,1.14,38606
TGR,20191010,4.07,4.09,4.04,4.06,681777
THC,20191010,0.45,0.45,0.435,0.435,117249
THR,20191010,0.008,0.008,0.008,0.008,369046
TIE,20191010,0.26,0.26,0.245,0.255,960114
TIG,20191010,0.033,0.033,0.033,0.033,80151
TIN,20191010,0.095,0.095,0.095,0.095,50081
TIP,20191010,0.8,0.805,0.8,0.8,104542
TKL,20191010,0.012,0.012,0.012,0.012,100000
TLG,20191010,0.52,0.555,0.515,0.53,441212
TLM,20191010,0.11,0.115,0.11,0.11,1104780
TLS,20191010,3.49,3.52,3.47,3.51,17509558
TLX,20191010,1.325,1.4,1.32,1.385,1450038
TMG,20191010,0.12,0.12,0.105,0.12,34039
TML,20191010,0.072,0.072,0.072,0.072,10000
TMR,20191010,0.16,0.16,0.16,0.16,14000
TMT,20191010,0.18,0.18,0.18,0.18,47192
TMX,20191010,0.004,0.004,0.004,0.004,250000
TNE,20191010,7.2,7.24,7.09,7.12,731122
TNG,20191010,0.088,0.088,0.086,0.086,240832
TNK,20191010,1.3,1.3,1.28,1.28,2037
TNR,20191010,0.012,0.012,0.012,0.012,574026
TNT,20191010,0.048,0.048,0.047,0.047,1816128
TNY,20191010,1.99,1.995,1.885,1.95,138819
TOE,20191010,0.016,0.016,0.016,0.016,356875
TON,20191010,0.04,0.041,0.04,0.04,142694
TOP,20191010,0.675,0.675,0.665,0.675,73620
TOT,20191010,1.18,1.18,1.18,1.18,46580
TOU,20191010,0.087,0.089,0.087,0.089,62430
TPM,20191010,6.86,6.95,6.82,6.9,1020877
TPP,20191010,0.043,0.043,0.042,0.042,191700
TPW,20191010,1.76,1.76,1.74,1.75,60963
TRS,20191010,2.01,2.02,1.985,2.02,4551
TRY,20191010,0.11,0.115,0.107,0.112,574587
TSC,20191010,0.004,0.004,0.004,0.004,309990
TTB,20191010,0.049,0.05,0.048,0.05,1089843
TTM,20191010,0.175,0.175,0.17,0.17,17533
TTT,20191010,1.525,1.525,1.48,1.48,93569
TV2,20191010,0.009,0.009,0.008,0.009,12126873
TWD,20191010,3.3,3.3,3.18,3.18,2250
TWE,20191010,17.96,18.03,17.68,17.82,2203416
TWR,20191010,0.625,0.64,0.6,0.64,9500
TYM,20191010,0.051,0.051,0.051,0.051,829
TYX,20191010,0.005,0.005,0.005,0.005,350000
UBA,20191010,22.14,22.16,22.14,22.14,669
UBI,20191010,0.19,0.19,0.19,0.19,14263
UBJ,20191010,25.3,25.3,25.3,25.3,39
UBN,20191010,0.04,0.041,0.04,0.04,774895
UBW,20191010,28.15,28.15,28.15,28.15,9
UCM,20191010,0.105,0.105,0.105,0.105,26215
UCW,20191010,0.19,0.19,0.19,0.19,6416
UNV,20191010,0.24,0.24,0.225,0.235,759663
UOS,20191010,0.78,0.79,0.78,0.79,37016
URB,20191010,1.03,1.03,1.02,1.02,18000
URF,20191010,0.68,0.68,0.675,0.675,113245
URW,20191010,10.59,10.64,10.56,10.61,463957
USD,20191010,14.42,14.42,14.34,14.34,10869
UUV,20191010,0.005,0.005,0.005,0.005,1100000
UWL,20191010,1.37,1.4,1.31,1.31,643334
VAE,20191010,64.2,64.51,64,64.37,2169
VAF,20191010,52.98,53.01,52.9,52.94,55353
VAH,20191010,0.16,0.16,0.16,0.16,144563
VAL,20191010,0.005,0.005,0.005,0.005,1360054
VAN,20191010,0.185,0.185,0.185,0.185,114368
VAP,20191010,90.88,91.5,89.99,91.5,71188
VAS,20191010,82.93,83.39,82.8,83.39,311924
VCF,20191010,50.6,50.6,50.45,50.51,7425
VCX,20191010,2.59,2.615,2.58,2.59,6992651
VEA,20191010,1.83,1.84,1.78,1.785,5500721
VEE,20191010,0.54,0.56,0.54,0.56,12606
VEN,20191010,0.155,0.155,0.155,0.155,66562
VEQ,20191010,55.52,55.83,55.35,55.51,3828
VEU,20191010,72.66,73.05,72.54,72.74,40567
VG1,20191010,2.3,2.32,2.3,2.31,228076
VGB,20191010,54.15,54.16,54.03,54.08,40625
VGE,20191010,66.6,66.69,66,66.39,6853
VGI,20191010,17,17,16.92,17,5129
VGL,20191010,3.51,3.53,3.5,3.53,2793
VGS,20191010,76.21,76.79,76.16,76.4,57632
VHT,20191010,1.61,1.625,1.56,1.56,271677
VHY,20191010,59.27,59.44,59.04,59.13,98396
VIC,20191010,0.002,0.002,0.002,0.002,300000
VIF,20191010,51.29,51.29,51.19,51.24,25346
VLC,20191010,67.03,67.17,66.84,66.93,5679
VLT,20191010,0.27,0.28,0.27,0.28,19339
VLW,20191010,2.335,2.34,2.33,2.34,691963
VMC,20191010,0.17,0.24,0.17,0.22,1705504
VMG,20191010,0.003,0.003,0.003,0.003,1304930
VML,20191010,0.01,0.01,0.01,0.01,2550000
VMS,20191010,0.018,0.018,0.017,0.017,412953
VMT,20191010,0.1,0.1,0.097,0.097,163491
VMX,20191010,0.29,0.295,0.29,0.295,35200
VMY,20191010,0.065,0.065,0.062,0.062,482366
VN8,20191010,0.084,0.094,0.084,0.094,1122063
VOC,20191010,3.45,3.49,3.33,3.34,1524956
VOL,20191010,2.39,2.43,2.39,2.43,136614
VOR,20191010,0.012,0.013,0.012,0.013,12596621
VP7,20191010,0.022,0.022,0.021,0.021,600000
VPR,20191010,0.001,0.001,0.001,0.001,200
VR8,20191010,0.046,0.046,0.041,0.041,296414
VRC,20191010,0.013,0.013,0.012,0.012,224800
VRI,20191010,0.042,0.042,0.04,0.04,1703796
VRL,20191010,2.77,2.84,2.77,2.81,85820
VRS,20191010,0.052,0.052,0.052,0.052,50000
VRT,20191010,4.19,4.19,4.11,4.19,131130
VRX,20191010,0.14,0.14,0.14,0.14,34557
VSO,20191010,59.5,59.76,59.29,59.29,8165
VTG,20191010,1.2,1.202,1.19,1.19,150330
VTH,20191010,0.9,0.905,0.9,0.9,58346
VTI,20191010,0.079,0.079,0.074,0.074,472804
VTS,20191010,218.15,219.85,217.95,218.91,34568
VVA,20191010,2.14,2.14,2.12,2.13,9219
VVR,20191010,3.01,3.04,2.95,2.98,1549897
VXR,20191010,0.165,0.165,0.165,0.165,20000
VYS,20191010,0.058,0.058,0.058,0.058,1209847
WAA,20191010,1.07,1.07,1.07,1.07,25000
WAF,20191010,0.46,0.46,0.435,0.44,13289914
WAM,20191010,2.32,2.33,2.31,2.32,1047640
WAT,20191010,2.06,2.06,2.05,2.05,1944
WAX,20191010,1.4,1.4,1.38,1.39,139323
WBA,20191010,1.95,1.96,1.95,1.95,1423814
WBC,20191010,28.46,28.64,28.4,28.53,4095791
WBE,20191010,0.007,0.008,0.007,0.007,710016
WBT,20191010,0.36,0.38,0.36,0.375,50640
WCN,20191010,0.006,0.006,0.006,0.006,705239
WEB,20191010,10.05,10.12,9.98,10.06,1361625
WEL,20191010,0.063,0.069,0.061,0.065,1155496
WES,20191010,38.71,39.14,38.71,38.96,1271432
WGB,20191010,2.1,2.11,2.09,2.1,326765
WGN,20191010,1.535,1.615,1.52,1.605,227056
WGO,20191010,0.315,0.32,0.305,0.305,2125463
WGX,20191010,2.48,2.48,2.4,2.45,1095946
WHC,20191010,3.1,3.12,3.07,3.1,2678217
WHF,20191010,5.04,5.05,4.99,5.05,17011
WHK,20191010,0.07,0.075,0.069,0.069,502596
WIC,20191010,1.065,1.067,1.065,1.065,34174
WKT,20191010,0.28,0.285,0.27,0.27,246567
WLD,20191010,0.051,0.052,0.051,0.052,220341
WLE,20191010,1.19,1.195,1.18,1.18,785221
WLL,20191010,6.81,6.81,6.81,6.81,10225
WMI,20191010,1.38,1.385,1.365,1.37,109375
WML,20191010,0.02,0.021,0.019,0.021,252684
WNB,20191010,0.015,0.016,0.015,0.016,1817000
WNR,20191010,0.3,0.3,0.3,0.3,21235
WOA,20191010,0.125,0.125,0.125,0.125,650
WOR,20191010,12.57,12.73,12.39,12.41,1157297
WOW,20191010,36.77,37.12,36.59,37.02,2853120
WPL,20191010,30.85,31.05,30.72,30.89,1859179
WPP,20191010,0.512,0.52,0.505,0.52,58211
WQG,20191010,1.085,1.09,1.08,1.09,309382
WRM,20191010,0.005,0.005,0.005,0.005,3574000
WSA,20191010,3.1,3.17,3.09,3.14,2961302
WSI,20191010,0.027,0.027,0.026,0.026,3539754
WSP,20191010,1.56,1.56,1.46,1.545,316803
WTC,20191010,34.85,35.81,34.13,34.23,870410
WWI,20191010,0.005,0.005,0.005,0.005,1458437
WZR,20191010,0.14,0.14,0.13,0.13,2359111
XAM,20191010,0.05,0.05,0.048,0.048,138511
XCD,20191010,0.009,0.009,0.009,0.009,850000
XF1,20191010,0.435,0.435,0.405,0.435,3679
XPE,20191010,0.001,0.001,0.001,0.001,1000000
XRF,20191010,0.24,0.24,0.23,0.23,118383
XRO,20191010,64.73,65.82,64.2,64.69,444051
XTE,20191010,0.94,0.95,0.83,0.9,189364
YAL,20191010,3.1,3.1,3.06,3.06,9298
YOJ,20191010,0.079,0.08,0.077,0.08,632753
YPB,20191010,0.006,0.006,0.006,0.006,4334000
YRL,20191010,0.265,0.275,0.265,0.275,42047
Z1P,20191010,5.34,5.39,5.2,5.28,4173697
ZEL,20191010,5.27,5.31,5.23,5.26,21408
ZEN,20191010,0.64,0.645,0.635,0.635,857249
ZEU,20191010,0.007,0.007,0.007,0.007,75000
ZIP,20191010,0.012,0.012,0.012,0.012,900000
ZLD,20191010,0.081,0.081,0.075,0.076,1760168
ZNC,20191010,0.07,0.07,0.07,0.07,150000
ZNO,20191010,0.086,0.086,0.086,0.086,50000
XAF,20191010,6452.4,6475.9,6434.5,6456.6,0
XAO,20191010,6667,6688.8,6646.8,6662.9,0
XAT,20191010,6510.6,6533.4,6492.1,6510,0
XDJ,20191010,2566.9,2576.1,2554.3,2562.1,0
XEC,20191010,1577.3,1584.7,1568.9,1570.5,0
XEJ,20191010,10416.7,10448,10330.3,10364.6,0
XFJ,20191010,6201.1,6228.4,6184.6,6205.4,0
XFL,20191010,6503.7,6528.3,6487,6509.5,0
XGD,20191010,7735.4,7762.8,7635.7,7669,0
XHJ,20191010,36402.8,36557.2,36227.7,36501.2,0
XIJ,20191010,1369.2,1385,1362,1364.5,0
XJO,20191010,6546.7,6570.9,6529.3,6547.1,0
XJR,20191010,4561,4561.2,4523.7,4542.5,0
XKO,20191010,6512.1,6535.2,6493.8,6511.2,0
XMD,20191010,6966.5,7008.8,6948.8,6961.8,0
XMJ,20191010,12900.3,12939.1,12850.6,12898,0
XMM,20191010,4207.2,4207.2,4172.1,4190.8,0
XNJ,20191010,6760.9,6814.2,6752.4,6773.9,0
XPJ,20191010,1621.1,1621.2,1606.6,1611.6,0
XSJ,20191010,12277.2,12363.5,12245.8,12338.5,0
XSO,20191010,2868.4,2869,2843.5,2848.6,0
XTJ,20191010,1251,1257.2,1244.8,1253.4,0
XTL,20191010,3608.4,3625.9,3602.6,3616.9,0
XTO,20191010,5422,5444.3,5410.2,5425.7,0
XUJ,20191010,8054.2,8081.5,7987.4,8027.4,0
XXJ,20191010,6916.3,6946.7,6897.9,6921.1,0
