360,20200108,3.01,3.18,3.01,3.15,26279
14D,20200108,0.215,0.215,0.2,0.215,29673
1AD,20200108,0.115,0.115,0.11,0.11,50963
1AG,20200108,0.037,0.037,0.033,0.036,466858
1ST,20200108,0.074,0.078,0.072,0.078,181979
2BE,20200108,0.115,0.115,0.115,0.115,28000
3DA,20200108,0.375,0.375,0.355,0.36,138809
3DP,20200108,0.056,0.056,0.053,0.055,734737
3PL,20200108,0.9,0.9,0.86,0.89,42748
4CE,20200108,0.012,0.013,0.012,0.012,2799769
4DS,20200108,0.056,0.058,0.056,0.056,830500
5GN,20200108,0.765,0.775,0.735,0.735,315239
88E,20200108,0.025,0.025,0.024,0.024,3702384
8CO,20200108,0.105,0.11,0.105,0.11,196337
8EC,20200108,0.072,0.072,0.072,0.072,2800
8IH,20200108,0.09,0.09,0.09,0.09,53000
8VI,20200108,0.195,0.195,0.195,0.195,3049
9SP,20200108,0.016,0.017,0.016,0.016,1113503
A1M,20200108,0.3,0.3,0.28,0.28,9912
A2B,20200108,1.455,1.455,1.42,1.45,44193
A2M,20200108,14.17,14.205,13.88,14.01,2568803
A3D,20200108,0.185,0.185,0.185,0.185,24918
A4N,20200108,0.19,0.195,0.185,0.19,296430
AAA,20200108,50.09,50.09,50.08,50.08,90408
AAC,20200108,1.1,1.105,1.085,1.1,252288
AAJ,20200108,0.002,0.003,0.002,0.003,979824
AAR,20200108,0.094,0.096,0.093,0.093,208677
ABA,20200108,6,6,5.95,6,19095
ABC,20200108,3.72,3.72,3.62,3.67,1580218
ABP,20200108,3.66,3.67,3.61,3.66,831832
ABR,20200108,0.365,0.365,0.35,0.35,58540
ABV,20200108,0.036,0.04,0.036,0.037,708683
ABX,20200108,0.12,0.12,0.12,0.12,37829
AC8,20200108,0.29,0.295,0.267,0.27,1131935
ACB,20200108,0.009,0.013,0.009,0.011,664646
ACF,20200108,0.34,0.34,0.33,0.335,146652
ACQ,20200108,1.21,1.21,1.195,1.195,32000
ACR,20200108,0.19,0.19,0.19,0.19,10001
ACW,20200108,0.036,0.037,0.035,0.035,2025598
AD1,20200108,0.014,0.014,0.014,0.014,14647
AD8,20200108,8.45,8.45,8.07,8.3,111177
ADA,20200108,0.67,0.68,0.655,0.68,241484
ADD,20200108,0.019,0.019,0.019,0.019,50000
ADH,20200108,2.29,2.29,2.17,2.2,459575
ADI,20200108,2.91,2.92,2.9,2.91,73468
ADJ,20200108,0.029,0.029,0.027,0.028,385009
ADN,20200108,0.045,0.045,0.042,0.042,12694901
ADO,20200108,0.027,0.027,0.024,0.025,3074259
ADR,20200108,0.029,0.031,0.029,0.031,579985
ADT,20200108,1.7,1.7,1.65,1.675,180384
ADV,20200108,0.004,0.004,0.004,0.004,5625000
ADX,20200108,0.009,0.009,0.008,0.008,350000
AEE,20200108,0.006,0.006,0.005,0.006,3850000
AEF,20200108,4.74,4.74,4.41,4.42,287758
AEG,20200108,1.07,1.08,1.06,1.08,106521
AFG,20200108,2.8,2.81,2.73,2.77,80940
AFI,20200108,7.3,7.32,7.26,7.26,353572
AFP,20200108,3.1,3.1,3.1,3.1,163
AFR,20200108,0.034,0.034,0.033,0.033,855703
AGG,20200108,6.69,6.91,6.69,6.91,11295
AGH,20200108,0.46,0.47,0.41,0.415,722158
AGI,20200108,0.73,0.745,0.715,0.73,35822
AGL,20200108,20.52,20.55,20.1,20.36,2321868
AGM,20200108,2.06,2.06,2,2,16065
AGR,20200108,0.125,0.125,0.125,0.125,5000
AGS,20200108,0.11,0.11,0.11,0.11,59298
AHF,20200108,0.1,0.105,0.1,0.1,271242
AHX,20200108,0.43,0.43,0.43,0.43,11500
AHY,20200108,1.07,1.085,1.035,1.04,86591
AHZ,20200108,0.12,0.12,0.115,0.115,91727
AIA,20200108,8.76,8.94,8.71,8.9,127683
AIR,20200108,0.62,0.62,0.62,0.62,1141
AIS,20200108,0.045,0.045,0.045,0.045,26200
AIZ,20200108,2.86,2.86,2.81,2.85,143122
AJL,20200108,0.07,0.07,0.069,0.069,182196
AJM,20200108,0.06,0.06,0.057,0.058,3638961
AJQ,20200108,0.06,0.062,0.06,0.061,597940
AJX,20200108,0.061,0.061,0.06,0.061,518296
AKG,20200108,0.56,0.56,0.56,0.56,5357
AKM,20200108,0.135,0.135,0.135,0.135,44127
AKP,20200108,16.24,16.24,15.1,15.28,1122
ALC,20200108,0.18,0.185,0.175,0.175,844155
ALF,20200108,0.985,0.985,0.985,0.985,33937
ALG,20200108,1.39,1.41,1.355,1.365,510881
ALI,20200108,2.41,2.42,2.37,2.37,166095
ALK,20200108,0.63,0.65,0.62,0.63,2159383
ALL,20200108,34.36,34.45,33.5,34.2,1047390
ALQ,20200108,9.39,9.39,9.175,9.26,1674138
ALT,20200108,0.003,0.004,0.003,0.004,2000000
ALU,20200108,35,35,33.94,34.56,442969
ALX,20200108,8.05,8.06,7.9,8,2335051
AMA,20200108,0.955,0.957,0.935,0.94,948096
AMC,20200108,15.09,15.16,14.92,15.01,3487383
AMD,20200108,0.008,0.008,0.008,0.008,450000
AME,20200108,0.04,0.041,0.036,0.036,469165
AMG,20200108,0.08,0.08,0.08,0.08,50000
AMH,20200108,0.995,0.995,0.98,0.99,142600
AMI,20200108,0.435,0.46,0.43,0.44,5697719
AML,20200108,0.175,0.18,0.17,0.17,270834
AMN,20200108,0.46,0.46,0.4,0.445,1881214
AMP,20200108,1.9,1.907,1.855,1.86,11321403
AMS,20200108,1.39,1.39,1.33,1.345,157074
AMX,20200108,1.89,1.9,1.85,1.86,129697
ANA,20200108,0.044,0.044,0.035,0.039,12955719
ANG,20200108,0.225,0.225,0.22,0.22,150000
ANL,20200108,0.002,0.002,0.002,0.002,1069000
ANN,20200108,30.1,30.79,30.03,30.47,483361
ANO,20200108,5.76,5.81,5.64,5.71,8528
ANP,20200108,0.082,0.084,0.08,0.081,1692452
ANR,20200108,0.255,0.255,0.255,0.255,2000
ANW,20200108,0.001,0.001,0.001,0.001,5000000
ANZ,20200108,24.95,25,24.57,24.86,4999690
AOF,20200108,2.85,2.87,2.84,2.85,11628389
AON,20200108,0.026,0.026,0.026,0.026,451338
AOP,20200108,0.275,0.275,0.275,0.275,28983
AOU,20200108,0.061,0.061,0.06,0.06,209577
APA,20200108,11.32,11.32,11.06,11.3,2092103
APC,20200108,0.099,0.099,0.099,0.099,7310
APD,20200108,0.64,0.64,0.625,0.64,31560
APE,20200108,10.11,10.255,10.02,10.18,202636
APH,20200108,0.17,0.175,0.16,0.175,99118
API,20200108,1.37,1.37,1.34,1.36,909264
APL,20200108,1.05,1.06,1.035,1.05,763321
APT,20200108,30.42,30.5,29.22,30.08,1399559
APV,20200108,0.27,0.27,0.27,0.27,9481
APW,20200108,1.46,1.46,1.46,1.46,1826
APX,20200108,22.67,22.67,21.63,21.99,703394
APZ,20200108,1.195,1.2,1.195,1.2,1192
AQC,20200108,0.135,0.135,0.135,0.135,10000
AQG,20200108,7.75,8.09,7.75,7.92,308753
AQI,20200108,0.042,0.045,0.042,0.045,262000
AQR,20200108,3.53,3.54,3.49,3.54,33812
AQX,20200108,0.028,0.028,0.026,0.027,1300952
AQZ,20200108,2.54,2.56,2.45,2.5,85671
ARB,20200108,18.87,19.15,18.73,19.11,131419
ARD,20200108,0.017,0.018,0.017,0.018,1263093
ARF,20200108,2.875,2.9,2.87,2.9,543253
ARG,20200108,9,9.06,8.91,8.91,190628
ARL,20200108,0.55,0.55,0.535,0.535,58076
ARN,20200108,0.165,0.165,0.16,0.16,160000
ARQ,20200108,0.36,0.38,0.36,0.38,49252
ARS,20200108,0.021,0.021,0.019,0.019,2039600
ARU,20200108,0.091,0.092,0.087,0.087,2444548
ARV,20200108,0.026,0.028,0.025,0.025,1262349
AS1,20200108,0.2,0.2,0.19,0.19,101848
ASB,20200108,3.98,4.02,3.79,3.88,1224752
ASG,20200108,1.49,1.5,1.487,1.5,54818
AST,20200108,1.72,1.74,1.705,1.735,5118786
ASX,20200108,80.68,81.08,79.36,80.6,291714
ATC,20200108,0.097,0.098,0.096,0.098,133597
ATH,20200108,0.02,0.02,0.02,0.02,19837
ATL,20200108,0.45,0.45,0.45,0.45,7211
ATS,20200108,0.085,0.085,0.08,0.081,1300827
ATU,20200108,0.37,0.375,0.355,0.375,276444
AU8,20200108,0.135,0.135,0.13,0.13,408287
AUB,20200108,12.1,12.11,12,12.05,42807
AUC,20200108,0.015,0.015,0.015,0.015,806310
AUI,20200108,9.97,9.97,9.95,9.97,972
AUL,20200108,0.29,0.315,0.29,0.3,33413
AUQ,20200108,0.016,0.016,0.016,0.016,249425
AUR,20200108,0.013,0.013,0.013,0.013,900
AUT,20200108,0.009,0.009,0.009,0.009,925000
AUZ,20200108,0.015,0.015,0.015,0.015,4180249
AV1,20200108,0.17,0.17,0.165,0.165,152941
AVA,20200108,0.155,0.155,0.15,0.15,116559
AVC,20200108,0.21,0.21,0.21,0.21,25000
AVE,20200108,0.004,0.004,0.004,0.004,500000
AVG,20200108,0.515,0.52,0.515,0.52,6024
AVH,20200108,0.625,0.625,0.595,0.615,8058573
AVJ,20200108,0.62,0.62,0.615,0.615,34233
AVL,20200108,0.01,0.011,0.01,0.011,800005
AVN,20200108,2.87,2.87,2.78,2.82,275310
AVZ,20200108,0.044,0.045,0.043,0.043,1726623
AWC,20200108,2.34,2.35,2.28,2.28,5936548
AWV,20200108,0.01,0.01,0.01,0.01,3500
AX1,20200108,1.805,1.815,1.755,1.77,582834
AX8,20200108,0.027,0.028,0.027,0.027,550000
AXE,20200108,0.16,0.16,0.15,0.155,188894
AXI,20200108,0.048,0.048,0.048,0.048,28425
AYS,20200108,0.38,0.385,0.365,0.365,147966
AZI,20200108,0.008,0.009,0.007,0.008,3972916
AZJ,20200108,5.44,5.45,5.305,5.34,6595039
AZM,20200108,0.033,0.033,0.033,0.033,50700
AZS,20200108,0.15,0.15,0.15,0.15,247545
AZV,20200108,0.079,0.082,0.079,0.08,169388
AZY,20200108,0.012,0.012,0.012,0.012,798059
BAF,20200108,0.895,0.895,0.89,0.895,110648
BAP,20200108,6.59,6.59,6.36,6.44,1131135
BAR,20200108,0.023,0.023,0.022,0.022,313074
BAS,20200108,0.002,0.002,0.002,0.002,4000000
BAT,20200108,0.006,0.006,0.006,0.006,285909
BBC,20200108,0.59,0.59,0.59,0.59,50000
BBN,20200108,3.21,3.23,3.16,3.23,225630
BBX,20200108,0.13,0.13,0.125,0.125,240557
BC8,20200108,0.36,0.365,0.35,0.36,127866
BCB,20200108,0.046,0.05,0.045,0.048,919169
BCC,20200108,0.33,0.345,0.29,0.3,175709
BCI,20200108,0.17,0.17,0.17,0.17,19185
BCK,20200108,0.03,0.032,0.03,0.03,616161
BCN,20200108,0.04,0.041,0.039,0.04,4304140
BCT,20200108,0.145,0.155,0.145,0.155,128693
BD1,20200108,0.033,0.033,0.031,0.031,1948422
BDA,20200108,0.315,0.32,0.315,0.32,25365
BDC,20200108,0.083,0.083,0.081,0.081,1797879
BEE,20200108,0.023,0.023,0.023,0.023,26523
BEM,20200108,0.049,0.049,0.049,0.049,16745
BEN,20200108,9.98,9.98,9.82,9.93,2166620
BET,20200108,0.16,0.16,0.145,0.155,717129
BFC,20200108,0.097,0.098,0.094,0.098,367033
BFG,20200108,1.275,1.32,1.275,1.31,410570
BGA,20200108,4.04,4.08,3.96,4.06,769167
BGL,20200108,0.545,0.565,0.525,0.525,1200004
BGT,20200108,0.2,0.2,0.185,0.19,854932
BHP,20200108,39.45,39.75,39.03,39.57,5414009
BID,20200108,1.02,1.02,0.98,0.98,213764
BIN,20200108,2.85,2.89,2.8,2.87,1408851
BIS,20200108,1.16,1.165,1.145,1.16,21756
BIT,20200108,0.055,0.056,0.053,0.056,347367
BKI,20200108,1.705,1.705,1.68,1.68,231505
BKL,20200108,86.69,86.69,83.5,85.26,49393
BKW,20200108,18.82,18.82,18.51,18.58,199621
BKY,20200108,0.24,0.24,0.215,0.23,238545
BLD,20200108,4.66,4.69,4.55,4.6,5535623
BLG,20200108,0.097,0.097,0.095,0.095,49157
BLK,20200108,0.013,0.014,0.012,0.014,34723666
BLT,20200108,0.034,0.035,0.033,0.033,529874
BLU,20200108,0.049,0.049,0.046,0.047,21302
BLV,20200108,0.235,0.235,0.235,0.235,267
BLX,20200108,1.175,1.175,1.12,1.125,19998
BLY,20200108,1.71,1.745,1.69,1.745,7454
BMG,20200108,0.004,0.004,0.004,0.004,1583333
BMN,20200108,0.041,0.041,0.039,0.039,318475
BNL,20200108,0.008,0.008,0.007,0.007,7106363
BNO,20200108,0.083,0.083,0.081,0.081,182349
BNR,20200108,0.023,0.023,0.023,0.023,366956
BOC,20200108,0.315,0.315,0.305,0.305,40595
BOE,20200108,0.049,0.049,0.048,0.048,671063
BOQ,20200108,7.34,7.35,7.25,7.26,2170514
BOT,20200108,0.1,0.102,0.095,0.096,3911609
BPH,20200108,0.001,0.001,0.001,0.001,699000
BPL,20200108,0.015,0.015,0.015,0.015,25000
BPT,20200108,2.65,2.79,2.64,2.69,10092444
BRB,20200108,0.3,0.3,0.3,0.3,161185
BRG,20200108,18.26,18.47,17.99,18.42,126223
BRI,20200108,1.465,1.465,1.46,1.46,7000
BRK,20200108,0.008,0.008,0.008,0.008,593750
BRL,20200108,0.11,0.11,0.11,0.11,100000
BRN,20200108,0.046,0.047,0.045,0.046,2076776
BRU,20200108,0.17,0.175,0.17,0.17,219847
BRV,20200108,0.017,0.019,0.017,0.019,11017271
BSA,20200108,0.385,0.385,0.38,0.385,63118
BSE,20200108,0.22,0.22,0.217,0.22,699637
BSL,20200108,15.16,15.25,14.76,14.84,2096063
BSM,20200108,0.006,0.006,0.006,0.006,899000
BSR,20200108,0.016,0.016,0.015,0.015,695813
BSX,20200108,0.16,0.165,0.15,0.165,837609
BTC,20200108,0.105,0.105,0.105,0.105,200000
BTH,20200108,0.73,0.73,0.685,0.71,480219
BTI,20200108,1.085,1.095,1.08,1.08,123232
BUB,20200108,0.975,0.98,0.965,0.965,1955044
BUD,20200108,0.035,0.037,0.031,0.031,13902268
BUX,20200108,0.096,0.099,0.091,0.099,255000
BUY,20200108,0.004,0.004,0.004,0.004,500000
BVS,20200108,5.46,5.52,5.36,5.47,1572610
BWP,20200108,4,4,3.95,3.96,747808
BWX,20200108,4.48,4.48,4.34,4.41,187160
BXB,20200108,11.93,11.94,11.77,11.9,2146290
BXN,20200108,0.015,0.015,0.015,0.015,60653
BYE,20200108,0.3,0.305,0.295,0.3,807684
BYH,20200108,0.044,0.044,0.044,0.044,20000
C6C,20200108,0.79,0.8,0.79,0.8,29516
CAD,20200108,0.001,0.001,0.001,0.001,1200000
CAE,20200108,0.01,0.01,0.01,0.01,200000
CAF,20200108,0.13,0.13,0.125,0.13,119962
CAG,20200108,0.695,0.7,0.68,0.7,39070
CAI,20200108,0.255,0.27,0.255,0.26,1405307
CAJ,20200108,0.23,0.23,0.225,0.23,328228
CAM,20200108,0.965,0.975,0.95,0.975,78370
CAN,20200108,0.965,0.995,0.87,0.88,1826367
CAR,20200108,17.47,17.49,16.91,17.27,420241
CAT,20200108,1.63,1.69,1.59,1.69,526434
CAU,20200108,0.21,0.21,0.19,0.19,260756
CAY,20200108,0.16,0.165,0.16,0.165,1224826
CAZ,20200108,0.023,0.023,0.023,0.023,334689
CBA,20200108,81.22,81.25,80.03,80.9,1719114
CBR,20200108,4.05,4.06,3.88,3.95,103511
CCA,20200108,0.155,0.155,0.145,0.145,240934
CCE,20200108,0.002,0.002,0.001,0.001,2170000
CCG,20200108,0.056,0.056,0.056,0.056,28671
CCL,20200108,11.54,11.59,11.27,11.37,1518577
CCP,20200108,31.72,31.72,30.83,31.47,83363
CCV,20200108,0.24,0.24,0.24,0.24,22563
CCX,20200108,2.7,2.71,2.63,2.65,242812
CCZ,20200108,0.02,0.022,0.02,0.02,801950
CDA,20200108,7.55,7.745,7.46,7.71,346303
CDD,20200108,0.43,0.435,0.43,0.43,27388
CDM,20200108,0.75,0.75,0.74,0.74,385036
CDP,20200108,6.02,6.02,6.02,6.02,12
CDV,20200108,0.34,0.37,0.34,0.365,630266
CDX,20200108,0.028,0.029,0.028,0.029,2305098
CDY,20200108,0.23,0.245,0.225,0.245,49340
CE1,20200108,0.008,0.008,0.008,0.008,849538
CEL,20200108,0.12,0.125,0.115,0.115,2757466
CFO,20200108,0.084,0.084,0.081,0.081,60086
CG1,20200108,0.48,0.48,0.475,0.475,49575
CGB,20200108,0.019,0.019,0.017,0.017,4736447
CGC,20200108,2.49,2.5,2.4,2.46,1618980
CGF,20200108,8.4,8.4,8.08,8.11,1880779
CGL,20200108,4.85,4.85,4.61,4.67,134512
CGO,20200108,0.21,0.21,0.195,0.195,19825
CGR,20200108,0.555,0.555,0.555,0.555,258800
CGS,20200108,0.46,0.46,0.46,0.46,20000
CHC,20200108,11.58,11.65,11.5,11.61,1705915
CHN,20200108,0.265,0.265,0.25,0.26,885325
CHZ,20200108,0.075,0.075,0.073,0.073,110181
CI1,20200108,0.016,0.016,0.016,0.016,850000
CIA,20200108,2.87,2.98,2.81,2.96,1086678
CIE,20200108,0.87,0.87,0.865,0.865,135498
CIM,20200108,33.68,33.68,32.92,33.27,281949
CIN,20200108,32.1,32.1,32.1,32.1,752
CIO,20200108,0.003,0.003,0.003,0.003,222404
CIP,20200108,3.49,3.54,3.43,3.45,287030
CKA,20200108,0.046,0.047,0.045,0.046,569405
CKF,20200108,8.94,8.98,8.63,8.75,319961
CL1,20200108,2.04,2.1,2.02,2.05,968625
CLA,20200108,0.011,0.011,0.011,0.011,33047
CLH,20200108,1.105,1.115,1.085,1.095,188759
CLQ,20200108,0.24,0.245,0.235,0.245,572593
CLT,20200108,0.185,0.185,0.18,0.18,99208
CLV,20200108,2.77,2.77,2.575,2.63,299646
CLW,20200108,5.5,5.52,5.4,5.45,1702694
CLZ,20200108,0.003,0.003,0.002,0.002,16240000
CM8,20200108,0.022,0.023,0.022,0.023,160931
CMA,20200108,2.96,2.965,2.9,2.93,598514
CML,20200108,0.02,0.021,0.02,0.02,226728
CMM,20200108,1.23,1.29,1.23,1.28,274703
CMP,20200108,0.785,0.8,0.78,0.8,70037
CMW,20200108,1.19,1.195,1.17,1.185,2970603
CNI,20200108,2.2,2.2,2.15,2.17,191805
CNU,20200108,6.16,6.23,6.05,6.17,509450
COB,20200108,0.14,0.145,0.14,0.145,15222
COE,20200108,0.625,0.63,0.615,0.615,1854232
COG,20200108,0.086,0.086,0.085,0.085,104000
COH,20200108,225.5,225.93,219.8,224.02,189925
COI,20200108,0.195,0.195,0.19,0.19,87545
COL,20200108,15.23,15.24,14.98,15.2,1328031
CP1,20200108,0.15,0.15,0.125,0.13,218670
CPH,20200108,0.16,0.175,0.135,0.145,3212868
CPT,20200108,0.064,0.064,0.064,0.064,12500
CPU,20200108,17.1,17.25,16.94,17.21,700731
CPV,20200108,0.175,0.175,0.165,0.175,201686
CQE,20200108,3.26,3.33,3.25,3.33,395659
CQR,20200108,4.35,4.36,4.3,4.32,947221
CR1,20200108,0.195,0.195,0.19,0.19,68952
CRN,20200108,2.25,2.25,2.21,2.25,266863
CRO,20200108,0.007,0.007,0.007,0.007,99999
CRS,20200108,0.12,0.12,0.12,0.12,5593
CSD,20200108,0.13,0.13,0.13,0.13,2000
CSL,20200108,286.49,286.58,279.02,285.85,665873
CSR,20200108,4.65,4.78,4.64,4.76,1838921
CSS,20200108,0.75,0.75,0.745,0.745,46245
CSV,20200108,0.307,0.307,0.307,0.307,37855
CT1,20200108,0.028,0.028,0.026,0.026,4301776
CTD,20200108,20.84,21.04,20.46,20.75,366849
CTM,20200108,0.012,0.012,0.012,0.012,3266795
CTO,20200108,0.005,0.005,0.005,0.005,2600000
CTP,20200108,0.14,0.145,0.14,0.14,1158390
CTX,20200108,35.01,35.7,35.01,35.7,1086835
CUE,20200108,0.135,0.14,0.135,0.14,181077
CUL,20200108,0.013,0.013,0.013,0.013,11363
CUP,20200108,1.1,1.1,1.07,1.075,26841
CUV,20200108,28.34,28.58,27.22,27.98,174071
CUX,20200108,0.005,0.005,0.005,0.005,100626
CV1,20200108,0.145,0.145,0.14,0.145,204853
CVF,20200108,1.05,1.05,1.045,1.045,31741
CVN,20200108,0.38,0.385,0.37,0.375,1837708
CVW,20200108,0.47,0.47,0.47,0.47,23750
CWN,20200108,12.07,12.15,11.95,12.13,776561
CWP,20200108,8.39,8.39,8.24,8.34,519704
CWX,20200108,0.235,0.25,0.235,0.25,211067
CWY,20200108,2.03,2.04,2,2.04,4316133
CWZ,20200108,0.19,0.19,0.19,0.19,8000
CXL,20200108,0.76,0.785,0.76,0.77,37500
CXM,20200108,0.039,0.041,0.039,0.041,103500
CXO,20200108,0.035,0.035,0.035,0.035,400926
CXU,20200108,0.02,0.02,0.02,0.02,105000
CXX,20200108,0.031,0.04,0.031,0.04,139386
CXZ,20200108,0.022,0.022,0.02,0.02,410307
CYG,20200108,1.09,1.095,1.09,1.095,30000
CYL,20200108,3.08,3.09,2.95,2.95,16347
CYP,20200108,1.2,1.265,1.18,1.18,134743
CYQ,20200108,0.001,0.001,0.001,0.001,5000000
CZI,20200108,0.087,0.089,0.087,0.087,561950
CZN,20200108,0.004,0.005,0.004,0.004,25537930
CZR,20200108,0.009,0.009,0.009,0.009,1325744
D2O,20200108,1.42,1.445,1.42,1.43,33378
DAU,20200108,0.019,0.02,0.017,0.017,50789
DAV,20200108,0.042,0.042,0.042,0.042,21000
DCC,20200108,0.033,0.034,0.032,0.034,1102230
DCG,20200108,0.53,0.53,0.5,0.51,1196368
DCL,20200108,0.067,0.067,0.065,0.065,285920
DCN,20200108,1.68,1.755,1.68,1.695,2695777
DDD,20200108,0.002,0.002,0.002,0.002,750000
DDR,20200108,6.82,6.82,6.61,6.75,78190
DDT,20200108,0.006,0.006,0.006,0.006,1119000
DEG,20200108,0.055,0.055,0.054,0.054,1074732
DEM,20200108,0.245,0.255,0.245,0.25,57109
DGH,20200108,1.465,1.465,1.465,1.465,750
DGO,20200108,0.975,0.975,0.975,0.975,208
DGR,20200108,0.076,0.081,0.076,0.081,327000
DHG,20200108,3.83,3.83,3.7,3.75,729139
DIV,20200108,23.25,23.25,23.19,23.2,1045
DJW,20200108,3.73,3.73,3.67,3.72,160553
DKM,20200108,0.175,0.175,0.165,0.165,394662
DME,20200108,0.195,0.195,0.17,0.17,45000
DMP,20200108,55.06,55.71,54.38,55.49,244482
DNA,20200108,0.083,0.083,0.081,0.081,411986
DNK,20200108,0.61,0.61,0.59,0.59,138818
DOW,20200108,8.3,8.44,8.22,8.4,902798
DRE,20200108,0.006,0.006,0.006,0.006,425500
DRO,20200108,0.285,0.285,0.27,0.285,560940
DRX,20200108,0.013,0.013,0.013,0.013,2576150
DSE,20200108,0.05,0.05,0.049,0.049,266160
DTC,20200108,1.025,1.04,0.995,1.01,53342
DTI,20200108,0.022,0.022,0.022,0.022,150000
DTL,20200108,4.1,4.12,4.02,4.06,295359
DTR,20200108,0.002,0.002,0.002,0.002,9920000
DTS,20200108,0.13,0.13,0.125,0.125,57118
DTZ,20200108,0.062,0.062,0.054,0.059,87041
DUB,20200108,1.17,1.17,1.115,1.13,314403
DUI,20200108,5.08,5.08,5.03,5.05,51686
DVN,20200108,0.15,0.155,0.15,0.15,32028
DW8,20200108,0.006,0.006,0.006,0.006,1200000
DWS,20200108,1.07,1.08,1.06,1.06,61501
DXB,20200108,0.14,0.14,0.135,0.135,642440
DXN,20200108,0.048,0.048,0.048,0.048,37500
DXS,20200108,12.05,12.08,11.93,12.05,2753382
DYL,20200108,0.27,0.27,0.265,0.265,64447
E2E,20200108,0.006,0.006,0.006,0.006,5990000
EAF,20200108,1.355,1.355,1.35,1.35,19446
EAI,20200108,1.06,1.065,1.05,1.055,155009
EBO,20200108,22.75,22.87,22.75,22.87,620
ECF,20200108,1.25,1.25,1.245,1.25,271350
ECG,20200108,0.042,0.042,0.042,0.042,27200
ECS,20200108,0.054,0.056,0.051,0.052,5432545
ECX,20200108,1.455,1.455,1.385,1.41,1538460
ED1,20200108,0.985,0.985,0.985,0.985,8136
EDE,20200108,0.038,0.04,0.038,0.039,749369
EEG,20200108,0.43,0.43,0.42,0.43,66000
EFE,20200108,0.004,0.004,0.004,0.004,15000
EFF,20200108,1.7,1.7,1.7,1.7,9720
EGD,20200108,2.34,2.34,2.34,2.34,49787
EGG,20200108,1.775,1.795,1.635,1.795,52473
EGI,20200108,1.19,1.19,1.17,1.175,137180
EGN,20200108,0.565,0.565,0.56,0.56,46747
EGR,20200108,0.079,0.08,0.073,0.073,390792
EHE,20200108,2.43,2.45,2.4,2.42,558751
EHH,20200108,0.12,0.12,0.12,0.12,22000
EHL,20200108,2.18,2.22,2.18,2.21,1275736
EHX,20200108,0.08,0.084,0.08,0.081,190369
ELD,20200108,6.2,6.25,6.06,6.09,401243
ELO,20200108,6.3,6.32,6.18,6.27,26947
ELX,20200108,0.78,0.78,0.76,0.76,66739
EM1,20200108,0.015,0.016,0.015,0.015,146312
EM2,20200108,0.175,0.175,0.175,0.175,20000
EML,20200108,4.68,4.86,4.62,4.8,5152059
EMP,20200108,0.037,0.037,0.035,0.035,200309
EMR,20200108,0.041,0.042,0.041,0.042,519518
EMV,20200108,0.71,0.72,0.69,0.7,119356
EN1,20200108,0.023,0.023,0.022,0.022,1665193
ENN,20200108,2.1,2.1,2.07,2.08,252432
ENR,20200108,0.14,0.14,0.14,0.14,2025
ENT,20200108,0.008,0.008,0.008,0.008,726961
EOF,20200108,2.72,2.75,2.51,2.51,222270
EOL,20200108,2.78,2.78,2.78,2.78,1489
EOS,20200108,7.61,7.7,7.5,7.63,355154
EPD,20200108,0.36,0.365,0.355,0.36,92730
EQT,20200108,31.01,31.01,30.54,30.6,12455
EQX,20200108,0.245,0.245,0.245,0.245,9796
ERA,20200108,0.155,0.155,0.15,0.155,460412
ERF,20200108,1.23,1.23,1.23,1.23,38510
ERG,20200108,0.065,0.066,0.065,0.066,110000
ERL,20200108,0.008,0.008,0.008,0.008,10000
ERM,20200108,0.12,0.125,0.12,0.125,103225
ERX,20200108,0.074,0.075,0.073,0.074,483020
ESH,20200108,0.008,0.009,0.008,0.009,1928550
ETF,20200108,23.01,23.01,22.4,22.4,9515
EUR,20200108,0.1,0.1,0.098,0.098,15110
EVE,20200108,0.005,0.005,0.005,0.005,612000
EVN,20200108,3.9,4.06,3.86,3.91,20920084
EVO,20200108,0.18,0.18,0.18,0.18,370063
EVS,20200108,0.24,0.24,0.225,0.24,141789
EVT,20200108,13.9,13.91,13.67,13.85,22746
EWC,20200108,0.072,0.072,0.072,0.072,48232
EXL,20200108,0.765,0.78,0.63,0.655,2273355
EXP,20200108,0.25,0.26,0.24,0.26,109423
EXR,20200108,0.035,0.035,0.033,0.033,2000967
EZL,20200108,1.04,1.045,1.04,1.045,6077
FAR,20200108,0.043,0.044,0.043,0.044,3136660
FAU,20200108,0.012,0.012,0.01,0.01,2635116
FBR,20200108,0.046,0.046,0.045,0.046,526559
FBU,20200108,4.96,4.965,4.905,4.94,417705
FCL,20200108,2.65,2.67,2.6,2.62,27340
FCT,20200108,0.16,0.16,0.155,0.16,102509
FDV,20200108,0.8,0.8,0.78,0.79,42595
FEL,20200108,0.018,0.018,0.015,0.015,3084566
FEX,20200108,0.056,0.056,0.054,0.054,265115
FFG,20200108,0.01,0.011,0.01,0.011,1578075
FFL,20200108,0.49,0.49,0.47,0.47,60900
FFR,20200108,0.057,0.057,0.057,0.057,36436
FGG,20200108,1.275,1.285,1.265,1.27,433136
FGO,20200108,0.001,0.001,0.001,0.001,25000
FGR,20200108,0.145,0.145,0.14,0.14,277987
FGX,20200108,1.175,1.175,1.17,1.17,230932
FHS,20200108,0.014,0.015,0.013,0.014,2030268
FID,20200108,5.5,5.5,5.4,5.45,8641
FIN,20200108,0.012,0.012,0.012,0.012,150000
FLC,20200108,0.47,0.48,0.435,0.455,2211409
FLT,20200108,44.6,44.86,43.68,43.92,239433
FMG,20200108,10.69,10.78,10.49,10.64,10033106
FML,20200108,0.265,0.265,0.265,0.265,2812
FMS,20200108,0.058,0.058,0.055,0.055,467649
FNP,20200108,4.63,4.65,4.41,4.45,1488535
FOD,20200108,0.08,0.08,0.075,0.076,306297
FOR,20200108,1.16,1.17,1.16,1.16,11135
FPC,20200108,1.065,1.065,1.065,1.065,13500
FPH,20200108,21.8,21.8,21.09,21.18,333782
FPL,20200108,0.007,0.007,0.007,0.007,936784
FRI,20200108,0.855,0.865,0.855,0.865,78510
FRN,20200108,0.021,0.022,0.021,0.022,250000
FSA,20200108,1.415,1.415,1.4,1.4,78583
FSF,20200108,3.88,3.9,3.88,3.9,1550
FTC,20200108,0.105,0.105,0.105,0.105,33633
FUN,20200108,0.023,0.023,0.023,0.023,19112
FWD,20200108,2.07,2.09,2.02,2.03,25754
FXL,20200108,1.85,1.885,1.835,1.855,602039
FYI,20200108,0.053,0.053,0.052,0.052,25715
FZO,20200108,0.165,0.165,0.16,0.16,53403
G1A,20200108,0.29,0.29,0.28,0.28,264374
G88,20200108,0.054,0.054,0.054,0.054,10100
GAL,20200108,0.155,0.155,0.145,0.155,412720
GAP,20200108,0.27,0.27,0.27,0.27,56673
GAS,20200108,0.61,0.65,0.61,0.65,88500
GBR,20200108,0.036,0.041,0.036,0.041,80893
GBZ,20200108,0.038,0.039,0.038,0.039,5599
GC1,20200108,0.835,0.835,0.825,0.825,4420
GCI,20200108,2.05,2.06,2.04,2.05,274968
GDF,20200108,1.41,1.41,1.4,1.4,54462
GDG,20200108,0.74,0.74,0.74,0.74,9450
GDI,20200108,1.5,1.515,1.47,1.49,397651
GDX,20200108,43.15,44.97,43.15,43.88,40356
GEM,20200108,1.95,1.96,1.925,1.93,2016902
GEV,20200108,0.135,0.14,0.13,0.14,531255
GFL,20200108,2.25,2.25,2.25,2.25,1521
GGE,20200108,0.006,0.006,0.006,0.006,4640000
GGG,20200108,0.125,0.13,0.125,0.13,800649
GGX,20200108,0.003,0.003,0.003,0.003,415000
GIB,20200108,0.051,0.057,0.05,0.05,533007
GLB,20200108,1.845,1.9,1.845,1.9,10000
GLL,20200108,0.695,0.695,0.665,0.67,85123
GLN,20200108,0.14,0.14,0.13,0.135,43514
GLV,20200108,0.001,0.002,0.001,0.002,190000
GMA,20200108,3.77,3.8,3.66,3.69,320213
GMC,20200108,0.008,0.008,0.006,0.007,75939024
GMD,20200108,0.035,0.037,0.035,0.036,2473830
GMG,20200108,13.88,13.9,13.74,13.85,3588789
GML,20200108,0.016,0.016,0.015,0.016,1126952
GMN,20200108,0.075,0.075,0.073,0.074,267257
GMR,20200108,0.011,0.011,0.011,0.011,90409
GMV,20200108,0.085,0.086,0.084,0.086,118297
GNC,20200108,7.66,7.72,7.55,7.61,1070922
GNE,20200108,2.94,2.99,2.94,2.99,3011
GNG,20200108,0.81,0.81,0.81,0.81,1836
GNM,20200108,0.009,0.01,0.009,0.009,3108888
GNX,20200108,0.225,0.225,0.22,0.22,419674
GOR,20200108,1.385,1.42,1.375,1.39,8617120
GOW,20200108,2.33,2.33,2.33,2.33,1980
GOZ,20200108,4.28,4.28,4.22,4.23,666492
GPR,20200108,0.545,0.545,0.5,0.51,324856
GPT,20200108,5.9,5.9,5.8,5.85,5087465
GPX,20200108,0.155,0.155,0.155,0.155,25000
GRB,20200108,0.087,0.087,0.086,0.086,73542
GRL,20200108,0.26,0.265,0.23,0.235,433787
GRR,20200108,0.26,0.26,0.25,0.25,692547
GSM,20200108,0.065,0.065,0.041,0.052,511995
GSN,20200108,0.069,0.069,0.063,0.064,570201
GSS,20200108,0.96,0.96,0.945,0.945,8392
GSW,20200108,0.465,0.465,0.42,0.43,167800
GTE,20200108,0.004,0.004,0.003,0.004,2591666
GTG,20200108,0.011,0.012,0.009,0.01,170171091
GTK,20200108,3.66,3.75,3.66,3.7,18674
GTN,20200108,0.88,0.88,0.845,0.855,25472
GUD,20200108,11.46,11.505,11.16,11.45,143694
GVF,20200108,1.1,1.105,1.1,1.105,49000
GWA,20200108,3.35,3.4,3.34,3.37,322272
GXY,20200108,1.065,1.075,1.02,1.055,4370141
HAS,20200108,0.135,0.135,0.12,0.12,558696
HAV,20200108,0.12,0.12,0.12,0.12,42000
HAW,20200108,0.08,0.08,0.08,0.08,38000
HCD,20200108,0.075,0.075,0.075,0.075,93666
HCH,20200108,0.038,0.038,0.036,0.037,3742155
HCT,20200108,0.082,0.082,0.082,0.082,15120
HE8,20200108,0.19,0.19,0.18,0.19,407452
HFR,20200108,0.78,0.82,0.77,0.78,35911
HGO,20200108,0.061,0.061,0.06,0.061,559246
HHY,20200108,0.044,0.046,0.044,0.046,2907
HIL,20200108,0.37,0.37,0.35,0.35,69400
HIP,20200108,0.02,0.02,0.02,0.02,200000
HIT,20200108,1.365,1.395,1.34,1.34,23953
HLA,20200108,1.1,1.1,1.08,1.08,12000
HLO,20200108,5.03,5.03,4.85,4.85,96979
HLS,20200108,2.79,2.84,2.77,2.81,1412673
HLX,20200108,0.015,0.015,0.015,0.015,98000
HM1,20200108,3.25,3.25,3.2,3.21,59991
HMC,20200108,3.82,3.82,3.82,3.82,548
HMD,20200108,0.17,0.17,0.16,0.16,211252
HMX,20200108,0.022,0.022,0.022,0.022,800000
HPI,20200108,3.12,3.17,3.12,3.16,539970
HPR,20200108,0.1,0.1,0.1,0.1,150000
HRL,20200108,0.11,0.115,0.11,0.11,50005
HRR,20200108,0.097,0.097,0.092,0.095,461097
HRZ,20200108,0.09,0.09,0.086,0.088,228159
HSC,20200108,0.005,0.005,0.005,0.005,400000
HSN,20200108,3.86,3.87,3.78,3.84,203960
HT1,20200108,1.665,1.685,1.65,1.65,19913
HT8,20200108,0.009,0.009,0.009,0.009,96000
HTA,20200108,0.135,0.145,0.135,0.14,90000
HUB,20200108,10.99,11.05,10.73,10.88,207440
HUO,20200108,4.5,4.6,4.45,4.45,3361
HVN,20200108,4.17,4.18,4.1,4.12,3250110
HWH,20200108,0.04,0.04,0.039,0.039,250000
HWK,20200108,0.005,0.005,0.005,0.005,2927222
HXG,20200108,0.063,0.063,0.06,0.06,536800
HYD,20200108,0.205,0.21,0.2,0.21,3003
HZN,20200108,0.13,0.135,0.125,0.125,605077
HZR,20200108,0.395,0.4,0.38,0.39,93514
IAA,20200108,96.4,96.75,95.17,96.23,9919
IAF,20200108,114.55,114.84,114.33,114.49,31604
IAG,20200108,7.6,7.63,7.53,7.6,7534595
IAM,20200108,0.001,0.001,0.001,0.001,760000
IAP,20200108,1.49,1.495,1.465,1.48,310312
IBC,20200108,0.525,0.525,0.525,0.525,11661
IBX,20200108,0.033,0.034,0.029,0.03,18123742
ICE,20200108,0.24,0.24,0.21,0.22,234903
ICG,20200108,0.002,0.002,0.002,0.002,200505
ICI,20200108,0.032,0.032,0.032,0.032,38888
ICQ,20200108,0.315,0.315,0.3,0.3,187154
ICS,20200108,1.82,1.82,1.82,1.82,16586
ICT,20200108,0.059,0.059,0.055,0.055,51378
ID8,20200108,0.35,0.35,0.34,0.35,68906
IDT,20200108,0.155,0.16,0.15,0.16,280941
IDX,20200108,3.68,3.72,3.62,3.68,244094
IDZ,20200108,0.01,0.01,0.01,0.01,6947
IEL,20200108,18.09,18.22,17.54,17.86,446517
IEM,20200108,65,65.38,64.07,64.79,10904
IEU,20200108,67.67,67.96,67.35,67.78,6417
IFL,20200108,8.02,8.1,7.765,7.84,1077861
IFM,20200108,2.09,2.11,2.025,2.08,192535
IFN,20200108,0.655,0.66,0.645,0.645,859023
IFT,20200108,5.04,5.04,5.03,5.03,106
IGB,20200108,112.78,113.12,112.72,112.72,857
IGE,20200108,0.22,0.235,0.215,0.23,1017542
IGL,20200108,2.56,2.56,2.48,2.51,753166
IGO,20200108,6.8,7.11,6.8,6.91,6977786
IHD,20200108,14.36,14.36,14.24,14.35,56839
IHL,20200108,0.061,0.061,0.059,0.06,398024
IHR,20200108,0.125,0.13,0.125,0.125,242136
IJH,20200108,296,296.74,293.78,296.74,294
IJP,20200108,86.23,86.86,85.49,86.55,5249
IJR,20200108,119.99,120.57,119.39,120.57,1175
IKO,20200108,90.25,90.25,88.24,89.5,1273
IKW,20200108,0.003,0.003,0.003,0.003,50000
ILB,20200108,127.99,129.04,127.85,127.9,1697
ILC,20200108,26.19,26.19,25.89,26.13,23952
ILU,20200108,9.29,9.29,9.06,9.15,984808
IMA,20200108,0.235,0.24,0.215,0.225,1319993
IMC,20200108,0.135,0.135,0.13,0.13,75657
IMD,20200108,1.45,1.47,1.44,1.445,986394
IME,20200108,0.042,0.042,0.04,0.04,3737611
IMF,20200108,4.37,4.385,4.22,4.27,614517
IMM,20200108,0.265,0.27,0.265,0.265,100144
IMR,20200108,1.15,1.15,1.09,1.09,10404
IMS,20200108,0.007,0.007,0.007,0.007,15100
IMU,20200108,0.034,0.035,0.032,0.034,24656846
INA,20200108,4.57,4.65,4.52,4.61,2271079
INF,20200108,0.063,0.063,0.06,0.061,158000
ING,20200108,3.45,3.46,3.39,3.46,1588517
INP,20200108,0.02,0.02,0.02,0.02,250000
INR,20200108,0.18,0.185,0.18,0.18,1538843
IOD,20200108,0.135,0.135,0.12,0.12,54950
IOO,20200108,79,79,77.8,78.59,18245
IOZ,20200108,27.85,27.85,27.49,27.77,246107
IPB,20200108,0.027,0.027,0.027,0.027,372200
IPD,20200108,0.155,0.16,0.15,0.16,211380
IPH,20200108,8.48,8.49,8.16,8.28,365247
IPL,20200108,3.18,3.2,3.15,3.18,4175665
IPT,20200108,0.007,0.007,0.006,0.006,115000
IRD,20200108,0.059,0.059,0.059,0.059,6215
IRE,20200108,13.7,13.7,13.34,13.5,290878
IRI,20200108,3.21,3.22,3.11,3.22,116986
ISD,20200108,0.3,0.3,0.28,0.285,149247
ISO,20200108,5.08,5.08,5.02,5.02,2674
ISU,20200108,0.48,0.48,0.48,0.48,75901
ITG,20200108,0.445,0.46,0.445,0.445,37287
ITW,20200108,61.59,62.13,61,62.11,745
IVC,20200108,13.54,13.59,13.375,13.45,191456
IVE,20200108,100.6,101.45,100.02,100.71,4843
IVR,20200108,0.023,0.024,0.022,0.023,3005761
IVV,20200108,470,472.04,465.34,470.25,9756
IVX,20200108,0.012,0.012,0.012,0.012,2017096
IVZ,20200108,0.028,0.028,0.028,0.028,207500
IXC,20200108,0.88,0.9,0.83,0.83,52115
IXI,20200108,80.18,80.18,79.63,79.98,8613
IXJ,20200108,100,100,98.8,99.57,6491
IZZ,20200108,63.8,63.8,63.08,63.76,6442
JAN,20200108,0.47,0.48,0.47,0.48,56975
JAT,20200108,0.054,0.054,0.049,0.049,2814939
JAY,20200108,0.35,0.35,0.35,0.35,10000
JBH,20200108,39,39.23,38.3,38.5,526490
JCS,20200108,0.025,0.025,0.025,0.025,39600
JDR,20200108,0.011,0.012,0.011,0.012,1906806
JHC,20200108,1,1.012,0.98,1.005,181197
JHG,20200108,35.21,35.31,34.37,34.83,307232
JHX,20200108,28.58,28.845,28.005,28.77,971270
JIN,20200108,15.5,15.56,14.8,14.98,749349
JLG,20200108,2.29,2.3,2.19,2.2,102109
JMS,20200108,0.3,0.3,0.29,0.295,3563112
JRL,20200108,0.285,0.285,0.285,0.285,1500
JRV,20200108,0.22,0.22,0.21,0.22,497356
JXT,20200108,0.155,0.155,0.145,0.15,420509
JYC,20200108,1.54,1.57,1.54,1.57,23374
K2F,20200108,0.28,0.285,0.26,0.265,297304
KAI,20200108,0.01,0.01,0.01,0.01,424000
KAR,20200108,1.26,1.31,1.25,1.3,3011289
KAT,20200108,0.83,0.83,0.83,0.83,50000
KCN,20200108,0.43,0.455,0.43,0.44,552019
KEY,20200108,0.006,0.006,0.006,0.006,500000
KGL,20200108,0.23,0.23,0.23,0.23,16249
KGM,20200108,0.006,0.006,0.006,0.006,500000
KGN,20200108,7.76,7.86,7.37,7.44,329312
KIN,20200108,0.039,0.039,0.039,0.039,10178
KKC,20200108,2.49,2.5,2.46,2.48,459109
KLA,20200108,65,68.5,65,66.9,2487
KLL,20200108,0.53,0.53,0.515,0.515,325790
KMD,20200108,3.25,3.25,3.21,3.23,69514
KME,20200108,1.245,1.25,1.23,1.25,36537
KNM,20200108,0.022,0.023,0.022,0.022,725504
KNO,20200108,0.089,0.093,0.089,0.093,220000
KOV,20200108,3.53,3.55,3.53,3.55,5312
KP2,20200108,0.018,0.018,0.018,0.018,250000
KPG,20200108,0.99,1,0.99,1,2790
KPO,20200108,0.029,0.029,0.029,0.029,172413
KRM,20200108,0.031,0.031,0.03,0.031,105054
KRR,20200108,0.02,0.02,0.019,0.02,2075460
KSL,20200108,1.49,1.49,1.47,1.485,379462
KSN,20200108,0.18,0.18,0.17,0.175,144000
KSS,20200108,0.33,0.35,0.325,0.35,133046
KTA,20200108,0.04,0.04,0.036,0.036,67500
KTD,20200108,0.385,0.39,0.38,0.385,272304
KTG,20200108,0.21,0.22,0.21,0.22,93600
KWR,20200108,0.175,0.175,0.17,0.175,189000
KYK,20200108,0.11,0.11,0.11,0.11,3500
KZA,20200108,0.645,0.65,0.6,0.65,33627
KZR,20200108,0.32,0.345,0.32,0.33,431533
LAA,20200108,0.025,0.025,0.025,0.025,80000
LAU,20200108,0.36,0.36,0.35,0.35,100659
LAW,20200108,0.075,0.075,0.073,0.073,211986
LBL,20200108,0.66,0.71,0.66,0.7,33094
LBT,20200108,0.18,0.18,0.16,0.16,297395
LCK,20200108,0.15,0.155,0.14,0.15,1316512
LCM,20200108,0.195,0.215,0.195,0.215,39816
LEG,20200108,0.089,0.089,0.082,0.086,2792112
LEP,20200108,5.7,5.7,5.5,5.69,71308
LI3,20200108,0.025,0.025,0.022,0.022,710259
LIC,20200108,9.44,9.44,9.21,9.35,60148
LIN,20200108,0.031,0.031,0.029,0.029,3487032
LIT,20200108,0.063,0.063,0.06,0.061,1760986
LKE,20200108,0.035,0.035,0.032,0.033,871565
LLC,20200108,18.3,18.34,17.71,17.95,1524053
LLO,20200108,1.91,1.91,1.885,1.89,10330
LME,20200108,1.815,1.815,1.75,1.81,24674
LMG,20200108,0.013,0.013,0.012,0.013,1370400
LML,20200108,0.005,0.005,0.005,0.005,111538
LMW,20200108,0.14,0.14,0.14,0.14,5000
LNG,20200108,0.2,0.2,0.195,0.195,623966
LNK,20200108,6,6.05,5.93,5.96,1847524
LNU,20200108,0.025,0.025,0.024,0.024,445000
LNY,20200108,0.008,0.008,0.007,0.007,19521743
LOM,20200108,0.13,0.13,0.12,0.125,229274
LON,20200108,0.16,0.165,0.16,0.16,25905
LOV,20200108,12,12.05,11.58,11.95,111578
LPD,20200108,0.016,0.016,0.015,0.015,3551590
LPE,20200108,0.755,0.755,0.745,0.75,14511
LPI,20200108,0.265,0.265,0.26,0.26,24895
LRS,20200108,0.005,0.005,0.005,0.005,3000000
LSF,20200108,1.635,1.65,1.61,1.615,662430
LSH,20200108,0.031,0.031,0.03,0.03,208307
LSR,20200108,0.011,0.014,0.011,0.013,13540562
LSX,20200108,0.47,0.49,0.47,0.485,161945
LTR,20200108,0.084,0.084,0.082,0.082,2031030
LVH,20200108,0.22,0.225,0.215,0.225,52840
LVT,20200108,0.28,0.28,0.265,0.27,906770
LYC,20200108,2.33,2.35,2.29,2.31,1989878
LYL,20200108,5.42,5.64,5.42,5.64,29718
M7T,20200108,0.665,0.68,0.665,0.675,89425
M8S,20200108,0.2,0.205,0.2,0.205,473575
MA1,20200108,1.02,1.02,1.015,1.015,185768
MAG,20200108,0.2,0.205,0.18,0.205,474716
MAH,20200108,0.295,0.295,0.28,0.28,2825853
MAI,20200108,0.57,0.57,0.545,0.545,11178
MAM,20200108,0.5,0.5,0.5,0.5,51767
MAN,20200108,0.015,0.015,0.015,0.015,795000
MAQ,20200108,23.8,25,23.62,25,4163
MAT,20200108,0.12,0.125,0.12,0.125,444081
MAY,20200108,0.01,0.011,0.01,0.011,1230956
MBK,20200108,0.009,0.009,0.009,0.009,118303
MCA,20200108,0.16,0.165,0.16,0.165,56580
MCE,20200108,0.36,0.36,0.36,0.36,1391
MCP,20200108,2.65,2.68,2.5,2.59,138154
MCR,20200108,0.7,0.7,0.67,0.69,386793
MCT,20200108,0.004,0.004,0.004,0.004,1000000
MCY,20200108,4.9,4.92,4.87,4.92,10928
MDC,20200108,0.305,0.31,0.295,0.295,88363
MDI,20200108,0.004,0.005,0.004,0.005,7580857
MDR,20200108,0.355,0.355,0.35,0.35,170841
MEA,20200108,0.345,0.345,0.345,0.345,7119
MEB,20200108,0.01,0.01,0.01,0.01,2950000
MEI,20200108,0.035,0.037,0.035,0.036,1289649
MEL,20200108,0.043,0.043,0.043,0.043,22723
MEM,20200108,0.052,0.052,0.05,0.05,970000
MEP,20200108,0.05,0.05,0.049,0.049,165679
MEU,20200108,0.027,0.027,0.027,0.027,47251
MEY,20200108,0.084,0.084,0.076,0.076,223973
MEZ,20200108,4.98,4.98,4.86,4.92,31948
MFD,20200108,1.02,1.02,0.995,0.995,41722
MFF,20200108,3.62,3.62,3.58,3.58,190519
MFG,20200108,59.51,59.65,57.03,58.91,699837
MGC,20200108,0.435,0.435,0.435,0.435,577029
MGE,20200108,4.08,4.09,4.07,4.07,414550
MGG,20200108,1.99,1.99,1.965,1.965,455921
MGR,20200108,3.26,3.29,3.23,3.27,6936862
MGV,20200108,0.091,0.094,0.091,0.092,163398
MGX,20200108,0.99,1,0.97,1,2267921
MHG,20200108,3.58,3.6,3.58,3.6,20788
MHH,20200108,1.63,1.635,1.62,1.62,294741
MHJ,20200108,0.72,0.72,0.72,0.72,20425
MIL,20200108,0.4,0.4,0.4,0.4,15152
MIN,20200108,16.71,16.94,16.63,16.91,929927
MIO,20200108,0.22,0.22,0.18,0.22,153397
MIR,20200108,2.71,2.73,2.69,2.69,66530
MKG,20200108,0.065,0.07,0.065,0.07,74849
MLD,20200108,1.025,1.025,1,1.015,266341
MLL,20200108,0.077,0.077,0.074,0.074,120642
MLT,20200108,4.98,4.98,4.93,4.94,104640
MLX,20200108,0.077,0.077,0.075,0.076,583687
MME,20200108,1.405,1.44,1.4,1.44,34129
MMI,20200108,0.14,0.142,0.14,0.142,495722
MMJ,20200108,0.15,0.155,0.145,0.15,168712
MML,20200108,0.865,0.895,0.855,0.865,264412
MMM,20200108,0.315,0.315,0.315,0.315,6000
MMS,20200108,13.19,13.19,12.86,12.92,201878
MNC,20200108,0.066,0.067,0.062,0.064,969921
MND,20200108,17.17,17.17,16.61,16.87,143830
MNF,20200108,4.81,4.99,4.81,4.98,80041
MNS,20200108,0.105,0.115,0.105,0.11,1938914
MNY,20200108,2.39,2.44,2.35,2.39,245597
MOB,20200108,0.125,0.135,0.11,0.11,383096
MOC,20200108,1.225,1.25,1.225,1.245,31308
MOE,20200108,4.98,5.05,4.8,4.93,88630
MOQ,20200108,0.24,0.24,0.24,0.24,30000
MOT,20200108,2.06,2.07,2.06,2.06,120853
MOZ,20200108,2.25,2.36,2.24,2.36,46819
MP1,20200108,10.39,10.47,9.96,10.07,253549
MPL,20200108,3.23,3.23,3.17,3.19,6510734
MPW,20200108,0.082,0.084,0.082,0.084,410523
MQG,20200108,139.46,139.79,136.68,138.5,690982
MQR,20200108,0.05,0.05,0.05,0.05,13893
MRC,20200108,0.295,0.3,0.295,0.3,119937
MRD,20200108,0.002,0.003,0.002,0.003,6066666
MRM,20200108,0.175,0.18,0.17,0.17,191566
MRQ,20200108,0.023,0.023,0.018,0.02,60554260
MRR,20200108,0.012,0.012,0.012,0.012,38462
MRV,20200108,0.002,0.003,0.002,0.003,250000
MSB,20200108,2.39,2.44,2.2,2.22,3624230
MSG,20200108,0.018,0.018,0.018,0.018,71927
MSM,20200108,0.014,0.015,0.014,0.014,861095
MSR,20200108,0.002,0.002,0.002,0.002,6429
MSV,20200108,0.06,0.06,0.058,0.059,1288261
MTB,20200108,0.003,0.003,0.003,0.003,11428
MTC,20200108,0.038,0.038,0.036,0.036,11694
MTH,20200108,0.01,0.01,0.01,0.01,1018555
MTO,20200108,1.92,1.93,1.855,1.885,67569
MTS,20200108,2.57,2.58,2.51,2.54,6471001
MVA,20200108,25.28,25.3,25.13,25.28,7309
MVB,20200108,25.97,25.98,25.9,25.98,2320
MVE,20200108,29.27,29.455,29.27,29.455,2239
MVF,20200108,1.03,1.03,1.02,1.02,416296
MVP,20200108,8.88,8.94,8.54,8.78,110759
MVR,20200108,30.89,30.89,30.89,30.89,14
MVS,20200108,20.6,20.6,20.56,20.56,9671
MVW,20200108,31.6,31.6,31.21,31.41,55963
MWR,20200108,0.3,0.3,0.29,0.3,91952
MWY,20200108,1.905,1.92,1.9,1.9,117803
MX1,20200108,0.18,0.18,0.18,0.18,52000
MXC,20200108,0.034,0.035,0.033,0.033,3840111
MXI,20200108,0.205,0.205,0.205,0.205,57232
MXT,20200108,2.065,2.07,2.06,2.07,874928
MYE,20200108,0.95,0.95,0.92,0.92,49918
MYL,20200108,0.044,0.047,0.044,0.047,2901686
MYQ,20200108,0.22,0.225,0.22,0.22,93209
MYR,20200108,0.47,0.475,0.465,0.465,672374
MYS,20200108,5.01,5.19,4.96,5.19,434619
MYX,20200108,0.44,0.445,0.43,0.435,6454192
MZZ,20200108,0.24,0.24,0.235,0.235,75147
NAB,20200108,24.91,24.92,24.525,24.82,3237508
NAC,20200108,0.955,0.955,0.95,0.95,27500
NAE,20200108,0.003,0.003,0.003,0.003,1735000
NAG,20200108,0.034,0.036,0.034,0.036,34763
NAN,20200108,6.45,6.45,6.24,6.39,863427
NBI,20200108,2.07,2.08,2.07,2.08,207355
NCC,20200108,1.05,1.065,1.04,1.06,67505
NCK,20200108,6.81,6.81,6.46,6.77,162993
NCM,20200108,31.19,32.32,30.93,32,5838054
NCR,20200108,0.013,0.013,0.013,0.013,95127
NCZ,20200108,0.275,0.28,0.25,0.255,1930640
NDQ,20200108,21.8,21.81,21.45,21.72,413532
NEA,20200108,2.55,2.57,2.43,2.46,5459212
NEC,20200108,1.845,1.862,1.82,1.85,3304722
NET,20200108,0.105,0.11,0.105,0.105,634453
NEU,20200108,2.6,2.6,2.51,2.53,35442
NEW,20200108,1.35,1.36,1.35,1.36,78606
NGE,20200108,0.7,0.7,0.7,0.7,9163
NGI,20200108,2.85,2.88,2.78,2.8,214487
NHC,20200108,2.08,2.095,2.03,2.03,1395634
NHF,20200108,6.4,6.4,6.19,6.35,716747
NIC,20200108,0.65,0.66,0.645,0.65,1332655
NML,20200108,0.12,0.12,0.112,0.112,803057
NMT,20200108,0.195,0.195,0.19,0.19,16150
NNW,20200108,0.075,0.075,0.071,0.071,88732
NOR,20200108,0.045,0.046,0.045,0.046,454447
NOV,20200108,0.21,0.21,0.2,0.21,200000
NOX,20200108,0.27,0.27,0.265,0.265,74920
NSB,20200108,0.2,0.2,0.185,0.185,278762
NSC,20200108,0.75,0.75,0.74,0.74,133067
NSR,20200108,1.945,1.95,1.925,1.94,2097395
NST,20200108,12.01,12.335,11.86,12.2,9676987
NTD,20200108,0.45,0.46,0.43,0.45,73427
NTI,20200108,0.015,0.015,0.015,0.015,243541
NTM,20200108,0.085,0.085,0.083,0.085,754800
NTO,20200108,1.63,1.63,1.575,1.575,5024
NTU,20200108,0.059,0.06,0.058,0.058,903931
NUC,20200108,3.59,3.64,3.46,3.46,84564
NUF,20200108,6.05,6.12,5.955,6.02,961833
NUH,20200108,0.036,0.036,0.033,0.035,1266913
NUS,20200108,0.34,0.345,0.335,0.335,69742
NVA,20200108,0.058,0.06,0.057,0.058,3833196
NVL,20200108,3.635,3.67,3.635,3.64,508681
NVO,20200108,0.018,0.018,0.016,0.016,2773289
NVU,20200108,0.045,0.045,0.045,0.045,50000
NVX,20200108,0.5,0.51,0.495,0.495,25000
NWE,20200108,0.006,0.007,0.006,0.006,5029678
NWH,20200108,3.06,3.06,2.98,3.04,2471101
NWL,20200108,8.21,8.21,7.83,7.98,303091
NWM,20200108,0.19,0.19,0.19,0.19,10000
NWS,20200108,21.75,21.79,21.44,21.73,120642
NXE,20200108,0.012,0.012,0.012,0.012,22939
NXS,20200108,1.94,1.945,1.865,1.89,230292
NXT,20200108,6.73,6.73,6.48,6.57,1197325
NZC,20200108,0.28,0.28,0.28,0.28,20906
NZK,20200108,2,2,1.98,2,10090
NZM,20200108,0.37,0.37,0.37,0.37,316
NZS,20200108,0.013,0.013,0.011,0.012,804487
OAU,20200108,0.02,0.02,0.019,0.02,140000
OBM,20200108,0.175,0.19,0.175,0.185,1513393
OCA,20200108,1.235,1.235,1.235,1.235,4
OCC,20200108,0.475,0.48,0.445,0.45,1114434
OCL,20200108,6.19,6.19,6,6.1,362983
ODA,20200108,0.23,0.23,0.23,0.23,1000
OEC,20200108,0.35,0.355,0.35,0.35,23616
OEL,20200108,0.037,0.04,0.036,0.04,4049062
OEX,20200108,0.003,0.003,0.003,0.003,1500
OFX,20200108,1.38,1.38,1.345,1.35,75111
OGA,20200108,0.14,0.14,0.14,0.14,3800
OGC,20200108,2.89,3.06,2.89,2.97,961632
OIL,20200108,0.038,0.038,0.036,0.038,448742
OKR,20200108,0.099,0.099,0.099,0.099,5000
OKU,20200108,0.16,0.17,0.16,0.17,51578
OLH,20200108,0.085,0.085,0.085,0.085,13980
OLI,20200108,0.08,0.081,0.074,0.077,279525
OLL,20200108,0.25,0.25,0.225,0.23,1087076
OMH,20200108,0.5,0.51,0.5,0.505,427564
OML,20200108,3.75,3.77,3.66,3.75,1817238
ONE,20200108,0.12,0.12,0.11,0.11,10500
ONT,20200108,6.12,6.2,6.12,6.2,4100
ONX,20200108,0.077,0.084,0.077,0.084,144929
OOO,20200108,16.5,16.84,16.21,16.32,72067
OPC,20200108,4,4,3.95,4,25583
OPH,20200108,2.48,2.49,2.46,2.46,317773
OPL,20200108,0.135,0.135,0.13,0.135,32963
OPT,20200108,2.98,2.98,2.81,2.85,284031
OPY,20200108,1.21,1.21,1.18,1.195,278982
ORA,20200108,3.21,3.21,3.15,3.2,2591354
ORE,20200108,3.03,3.05,2.94,2.97,2247864
ORG,20200108,8.71,8.77,8.61,8.76,5789596
ORI,20200108,22.46,22.6,22.15,22.46,777288
ORN,20200108,0.023,0.023,0.023,0.023,70000
ORR,20200108,0.42,0.435,0.42,0.435,33112
OSH,20200108,7.86,8.12,7.86,7.92,7611675
OSL,20200108,0.16,0.16,0.155,0.155,464419
OSP,20200108,0.029,0.03,0.029,0.03,187415
OSX,20200108,0.715,0.75,0.7,0.7,60814
OTW,20200108,4.64,4.64,4.41,4.41,18966
OVH,20200108,0.38,0.38,0.365,0.37,301728
OVL,20200108,0.009,0.009,0.008,0.008,1235000
OVN,20200108,0.5,0.5,0.49,0.49,2814
OVT,20200108,0.049,0.049,0.049,0.049,1932
OXX,20200108,0.007,0.007,0.007,0.007,54716
OZF,20200108,19.34,19.38,19.17,19.37,7436
OZG,20200108,0.167,0.167,0.167,0.167,50000
OZL,20200108,10.83,10.86,10.59,10.76,1486748
OZR,20200108,12.35,12.4,12.35,12.4,1366
PAA,20200108,0.1,0.1,0.094,0.096,1107079
PAB,20200108,0.019,0.019,0.019,0.019,39577
PAC,20200108,6.21,6.21,6.06,6.15,34245
PAF,20200108,0.955,0.955,0.94,0.94,26090
PAI,20200108,1.08,1.09,1.08,1.08,241780
PAK,20200108,0.03,0.03,0.03,0.03,110000
PAL,20200108,1.04,1.04,1.04,1.04,5000
PAN,20200108,0.3,0.305,0.292,0.295,2525184
PAR,20200108,3.15,3.15,2.92,3.02,680297
PBH,20200108,5.48,5.51,5.21,5.25,326031
PBP,20200108,2.03,2.03,1.98,1.98,26156
PCG,20200108,1.65,1.65,1.65,1.65,751
PCI,20200108,1.135,1.14,1.13,1.13,318874
PCK,20200108,0.19,0.195,0.185,0.19,1616107
PCL,20200108,0.002,0.002,0.001,0.001,1666001
PDI,20200108,0.009,0.009,0.009,0.009,1275000
PDL,20200108,8.75,8.75,8.49,8.54,1392824
PDN,20200108,0.098,0.098,0.094,0.095,1183904
PE1,20200108,1.6,1.6,1.58,1.6,62245
PEC,20200108,0.047,0.047,0.044,0.044,152292
PEK,20200108,0.038,0.039,0.037,0.037,835330
PEN,20200108,0.17,0.17,0.162,0.162,626395
PET,20200108,0.8,0.802,0.775,0.775,785794
PEX,20200108,0.215,0.23,0.215,0.23,228478
PFP,20200108,3.5,3.55,3.47,3.47,45389
PG1,20200108,0.095,0.095,0.095,0.095,125000
PGC,20200108,0.435,0.435,0.425,0.435,56864
PGF,20200108,1.27,1.27,1.25,1.26,222865
PGG,20200108,2.05,2.06,2.05,2.06,437618
PGH,20200108,2.68,2.68,2.57,2.6,685857
PGI,20200108,0.035,0.037,0.035,0.037,270000
PGL,20200108,1.975,1.975,1.92,1.975,48831
PGM,20200108,0.018,0.018,0.017,0.017,118544
PGR,20200108,0.15,0.155,0.15,0.155,116182
PGX,20200108,0.35,0.35,0.345,0.345,77197
PIA,20200108,1.16,1.16,1.14,1.14,502697
PIC,20200108,1.08,1.085,1.06,1.06,394689
PIO,20200108,0.012,0.012,0.012,0.012,190000
PIQ,20200108,0.275,0.275,0.26,0.26,321142
PKS,20200108,0.165,0.165,0.16,0.165,162706
PL8,20200108,1.19,1.19,1.175,1.175,757851
PLL,20200108,0.12,0.125,0.115,0.115,1112693
PLS,20200108,0.31,0.315,0.295,0.3,9965592
PLX,20200108,0.78,0.8,0.78,0.8,1550
PM1,20200108,0.015,0.015,0.015,0.015,537887
PM8,20200108,0.165,0.175,0.16,0.165,121500
PMC,20200108,1.675,1.675,1.59,1.62,315667
PME,20200108,22.97,23.24,21.56,22.29,479281
PMV,20200108,19.67,19.78,19.445,19.66,120907
PMY,20200108,0.007,0.007,0.007,0.007,400000
PNC,20200108,1.805,1.815,1.795,1.8,886917
PNI,20200108,4.75,4.75,4.55,4.55,430643
PNR,20200108,0.145,0.155,0.145,0.155,1306993
PNV,20200108,2.03,2.03,1.86,1.865,3171738
PNW,20200108,0.3,0.3,0.3,0.3,5766
PNX,20200108,0.007,0.007,0.007,0.007,14143
PO3,20200108,4.05,4.05,3.8,3.8,2632
POD,20200108,0.033,0.034,0.033,0.034,213710
POS,20200108,0.043,0.043,0.042,0.042,797525
POW,20200108,0.005,0.005,0.005,0.005,34873
PPC,20200108,1.295,1.3,1.275,1.3,1009551
PPE,20200108,3.21,3.21,3.17,3.2,58354
PPG,20200108,0.12,0.12,0.12,0.12,102100
PPH,20200108,3.95,4.04,3.95,4.03,115259
PPK,20200108,5.25,5.27,5.01,5.14,127442
PPL,20200108,0.011,0.011,0.011,0.011,161002
PPS,20200108,0.5,0.51,0.49,0.495,778042
PPT,20200108,42.06,42.24,41.27,41.68,128986
PRN,20200108,1.665,1.68,1.615,1.625,2414757
PRT,20200108,0.175,0.185,0.17,0.175,107268
PRU,20200108,1.11,1.175,1.11,1.135,8964079
PRX,20200108,0.069,0.07,0.066,0.066,530713
PSA,20200108,0.058,0.058,0.058,0.058,34220
PSC,20200108,0.2,0.23,0.2,0.2,387034
PSI,20200108,3.03,3.08,3,3.08,5136
PSQ,20200108,1.75,1.75,1.71,1.71,3000
PSZ,20200108,0.04,0.04,0.04,0.04,125000
PTB,20200108,0.805,0.805,0.795,0.8,19361
PTL,20200108,0.32,0.32,0.315,0.315,3743
PTM,20200108,4.4,4.45,4.31,4.4,1462621
PTR,20200108,0.038,0.038,0.038,0.038,2667
PTX,20200108,0.06,0.06,0.054,0.054,6704217
PUA,20200108,0.014,0.014,0.014,0.014,53319
PVE,20200108,0.054,0.054,0.054,0.054,211
PVS,20200108,1.5,1.52,1.49,1.49,22474
PWG,20200108,1.15,1.167,1.15,1.165,171791
PWH,20200108,4.71,4.73,4.67,4.71,43771
PWL,20200108,0.195,0.195,0.195,0.195,125000
PWN,20200108,0.007,0.007,0.007,0.007,3833537
PXS,20200108,0.15,0.15,0.145,0.15,128217
PXX,20200108,0.038,0.043,0.038,0.04,802071
PYC,20200108,0.061,0.061,0.058,0.058,1455389
PYG,20200108,0.69,0.69,0.69,0.69,2151
QAN,20200108,7.05,7.08,6.76,6.86,12931671
QAU,20200108,15.75,16.17,15.75,15.98,106070
QBE,20200108,13.05,13.08,12.855,13.05,2535450
QFE,20200108,0.37,0.38,0.355,0.36,219849
QFN,20200108,10.8,10.8,10.69,10.79,34830
QFY,20200108,0.004,0.004,0.004,0.004,2885000
QHL,20200108,0.12,0.12,0.115,0.115,432447
QIP,20200108,1.355,1.36,1.355,1.36,10267
QMS,20200108,1.215,1.215,1.21,1.215,6306457
QOZ,20200108,13.8,13.8,13.65,13.79,77130
QRE,20200108,6.74,6.76,6.74,6.76,17295
QRI,20200108,1.61,1.62,1.61,1.615,263829
QTM,20200108,0.04,0.04,0.036,0.036,362153
QUB,20200108,3.39,3.39,3.31,3.37,2535626
QUS,20200108,39.29,39.29,38.9,39.04,1905
QVE,20200108,1.035,1.04,1.025,1.03,181279
RAC,20200108,0.225,0.235,0.225,0.225,184564
RAP,20200108,0.26,0.26,0.245,0.25,677330
RBL,20200108,1.14,1.155,1.085,1.1,380949
RBR,20200108,0.011,0.011,0.011,0.011,231009
RCB,20200108,20.77,20.79,20.69,20.69,9766
RCE,20200108,0.365,0.375,0.36,0.37,148556
RCL,20200108,0.325,0.35,0.315,0.35,66385
RCT,20200108,2.52,2.66,2.52,2.66,21860
RDC,20200108,1.11,1.11,1.1,1.105,347594
RDG,20200108,0.018,0.018,0.018,0.018,86977
RDH,20200108,1.825,1.825,1.825,1.825,300
RDV,20200108,30.07,30.07,29.78,29.91,2928
RDY,20200108,1.74,1.74,1.74,1.74,3753
REA,20200108,106.68,107.16,103.94,106.32,196792
RED,20200108,0.335,0.37,0.335,0.355,8753147
REE,20200108,0.042,0.042,0.041,0.042,200717
REF,20200108,0.004,0.004,0.004,0.004,487978
REG,20200108,2.55,2.57,2.49,2.5,181012
REH,20200108,11.53,11.58,11.35,11.45,154308
RES,20200108,0.084,0.084,0.076,0.078,290929
REX,20200108,1.24,1.245,1.2,1.2,134972
REZ,20200108,0.015,0.016,0.015,0.015,3457491
RF1,20200108,2.64,2.65,2.6,2.65,44578
RFF,20200108,1.985,1.985,1.93,1.955,373621
RFG,20200108,0.1,0.1,0.1,0.1,283889
RFR,20200108,0.095,0.095,0.095,0.095,50000
RFT,20200108,0.046,0.047,0.046,0.046,37281
RFX,20200108,0.044,0.044,0.043,0.043,607707
RGB,20200108,23,23,22.97,22.97,1746
RGI,20200108,0.11,0.11,0.11,0.11,130612
RGS,20200108,0.081,0.081,0.081,0.081,40000
RHC,20200108,73.36,74.42,72.82,74.36,249705
RHP,20200108,2.03,2.03,2,2.02,118393
RHT,20200108,0.265,0.265,0.23,0.23,2844661
RHY,20200108,0.12,0.12,0.11,0.11,201990
RIC,20200108,1.065,1.075,1.065,1.07,69166
RIE,20200108,0.013,0.013,0.013,0.013,100000
RIM,20200108,0.002,0.002,0.001,0.002,3040000
RIO,20200108,101.18,101.92,100.09,100.86,1185405
RKN,20200108,0.755,0.755,0.755,0.755,427
RLE,20200108,0.03,0.03,0.029,0.029,277850
RLT,20200108,1.45,1.45,1.34,1.34,52384
RMC,20200108,1.5,1.5,1.45,1.495,87054
RMD,20200108,22.55,22.64,22.23,22.56,487142
RMI,20200108,0.008,0.008,0.008,0.008,40020
RML,20200108,0.05,0.05,0.05,0.05,35000
RMP,20200108,0.011,0.011,0.011,0.011,500000
RMS,20200108,1.36,1.417,1.345,1.405,8314637
RMY,20200108,0.38,0.38,0.37,0.37,14596
RND,20200108,2.45,2.45,2.45,2.45,366
RNE,20200108,0.027,0.038,0.027,0.035,1049626
RNO,20200108,0.2,0.2,0.2,0.2,7069
RNT,20200108,0.046,0.046,0.044,0.044,261441
RNU,20200108,0.012,0.012,0.012,0.012,840000
ROO,20200108,0.035,0.035,0.034,0.035,739849
RPM,20200108,0.18,0.18,0.165,0.165,28480
RRL,20200108,4.38,4.585,4.35,4.48,5381771
RSG,20200108,1.245,1.322,1.245,1.26,21267457
RSH,20200108,0.089,0.089,0.088,0.088,81315
RSM,20200108,21.39,21.39,21.39,21.39,18
RTG,20200108,0.099,0.115,0.099,0.11,1106456
RTR,20200108,0.066,0.068,0.065,0.065,151265
RUL,20200108,0.84,0.86,0.835,0.86,277774
RVR,20200108,0.145,0.15,0.145,0.145,86407
RWC,20200108,4.16,4.18,4.05,4.12,1766117
RWD,20200108,0.125,0.14,0.125,0.14,34002
RXL,20200108,0.027,0.027,0.027,0.027,1721447
RXM,20200108,0.069,0.07,0.069,0.069,43486
RXP,20200108,0.52,0.525,0.515,0.515,85109
RZI,20200108,0.84,0.84,0.815,0.815,57736
S2R,20200108,0.13,0.13,0.125,0.125,20000
S32,20200108,2.8,2.81,2.73,2.75,14615482
SAR,20200108,3.57,3.755,3.53,3.64,16884938
SAU,20200108,0.2,0.205,0.2,0.2,36244
SBM,20200108,2.84,3.01,2.83,2.87,11385329
SBW,20200108,0.115,0.115,0.115,0.115,4286
SCG,20200108,3.93,3.96,3.915,3.94,10502050
SCI,20200108,0.009,0.009,0.009,0.009,441532
SCL,20200108,0.027,0.029,0.025,0.029,4190711
SCP,20200108,2.76,2.76,2.72,2.74,1398584
SCT,20200108,0.067,0.067,0.067,0.067,15000
SCU,20200108,0.013,0.013,0.013,0.013,10000
SDA,20200108,1.03,1.065,0.97,1.005,3538782
SDF,20200108,3.74,3.74,3.62,3.65,1265226
SDG,20200108,1.7,1.735,1.68,1.735,28223
SDI,20200108,0.85,0.855,0.85,0.85,20200
SDV,20200108,0.7,0.71,0.63,0.68,751799
SDX,20200108,0.04,0.045,0.04,0.045,752914
SE1,20200108,0.057,0.057,0.057,0.057,4000
SEC,20200108,1.83,1.835,1.805,1.81,61340
SEI,20200108,0.053,0.055,0.053,0.054,106486
SEK,20200108,23.03,23.03,22.495,22.88,503235
SEN,20200108,0.067,0.067,0.066,0.066,923237
SEQ,20200108,0.23,0.23,0.23,0.23,100000
SES,20200108,0.092,0.092,0.088,0.089,321090
SFC,20200108,15,15.1,15,15.1,2856
SFG,20200108,0.073,0.073,0.069,0.069,790076
SFR,20200108,6.06,6.135,6,6.02,797126
SFX,20200108,0.34,0.34,0.325,0.325,200415
SFY,20200108,62.7,62.7,62,62.6,18132
SGC,20200108,0.045,0.045,0.038,0.038,716639
SGF,20200108,2.56,2.56,2.5,2.5,121000
SGH,20200108,1.04,1.09,1.04,1.045,41134
SGM,20200108,11.1,11.13,10.94,11.06,530506
SGP,20200108,4.79,4.79,4.71,4.76,4762915
SGQ,20200108,0.125,0.13,0.125,0.125,862625
SGR,20200108,4.72,4.73,4.58,4.6,4072959
SHJ,20200108,0.95,0.97,0.95,0.97,44872
SHL,20200108,29.7,29.86,29.28,29.79,755813
SHM,20200108,0.685,0.7,0.68,0.68,27192
SHO,20200108,0.034,0.037,0.034,0.037,91000
SHV,20200108,8.42,8.44,8.16,8.35,588206
SI6,20200108,0.003,0.003,0.003,0.003,1859260
SIG,20200108,0.575,0.582,0.57,0.58,2200115
SIL,20200108,0.058,0.059,0.055,0.056,421912
SIO,20200108,0.415,0.415,0.415,0.415,2917
SIQ,20200108,6.92,6.95,6.775,6.86,1432549
SIT,20200108,0.069,0.069,0.065,0.065,319100
SIV,20200108,0.665,0.665,0.655,0.655,6990
SKC,20200108,3.9,3.92,3.83,3.9,215889
SKF,20200108,0.17,0.175,0.165,0.175,270136
SKI,20200108,2.1,2.1,2.07,2.07,3687909
SKO,20200108,4.82,4.84,4.7,4.75,37885
SKT,20200108,0.715,0.715,0.67,0.69,252000
SLC,20200108,0.915,0.92,0.9,0.91,473279
SLF,20200108,14.24,14.25,14.12,14.19,81857
SLK,20200108,4.62,4.76,4.6,4.66,129971
SLM,20200108,0.81,0.825,0.81,0.82,39925
SLR,20200108,1.355,1.445,1.355,1.375,12866696
SLX,20200108,0.39,0.405,0.39,0.405,58690
SLZ,20200108,0.059,0.059,0.058,0.058,25000
SM1,20200108,8.7,8.79,8.58,8.58,52296
SM8,20200108,0.054,0.054,0.051,0.051,287118
SMN,20200108,0.95,0.955,0.915,0.955,140670
SMP,20200108,0.52,0.52,0.49,0.505,619273
SMR,20200108,1.09,1.1,1.045,1.095,150378
SMX,20200108,0.445,0.445,0.44,0.44,13438
SNC,20200108,0.83,0.83,0.82,0.82,112410
SND,20200108,0.34,0.35,0.34,0.35,44525
SNL,20200108,4.3,4.3,4.25,4.25,2180
SNS,20200108,0.105,0.105,0.105,0.105,93187
SNZ,20200108,8.21,8.21,8,8,853
SO4,20200108,0.8,0.8,0.75,0.77,96569
SOL,20200108,22.25,22.44,21.51,21.56,445784
SOM,20200108,2.85,2.85,2.78,2.78,11593
SOR,20200108,0.085,0.085,0.084,0.085,204949
SP3,20200108,0.1,0.1,0.099,0.1,26840
SPK,20200108,4.3,4.38,4.29,4.37,779896
SPL,20200108,1.19,1.212,1.17,1.205,132758
SPT,20200108,0.67,0.67,0.65,0.655,440184
SPX,20200108,0.082,0.09,0.082,0.088,10830356
SPY,20200108,463.49,466.54,463.49,466.54,1066
SPZ,20200108,0.24,0.24,0.24,0.24,33726
SRG,20200108,0.385,0.385,0.365,0.37,357173
SRH,20200108,0.2,0.2,0.2,0.2,20000
SRI,20200108,0.072,0.072,0.071,0.071,88456
SRV,20200108,4.14,4.19,4.08,4.19,3463
SSG,20200108,0.67,0.67,0.65,0.65,169256
SSM,20200108,2.64,2.66,2.56,2.59,2054567
SSO,20200108,15.64,15.64,15.59,15.6,6102
SST,20200108,12.5,12.5,12.5,12.5,80
STA,20200108,0.105,0.105,0.105,0.105,26450
STG,20200108,1.46,1.5,1.45,1.5,39522
STM,20200108,0.017,0.017,0.015,0.015,3267505
STN,20200108,0.33,0.33,0.325,0.33,41192
STO,20200108,8.81,9.07,8.81,8.89,6835674
STW,20200108,63.18,63.2,62.385,63.01,689349
STX,20200108,0.19,0.192,0.185,0.185,985624
SUL,20200108,10.31,10.37,10,10.08,695913
SUN,20200108,13.04,13.06,12.83,13.02,2450239
SUP,20200108,0.011,0.011,0.011,0.011,219999
SVA,20200108,0.033,0.033,0.03,0.031,416784
SVD,20200108,0.008,0.008,0.007,0.007,273800
SVL,20200108,0.115,0.125,0.115,0.115,5125959
SVM,20200108,0.093,0.095,0.092,0.095,108085
SVW,20200108,20.19,20.35,19.88,20.35,714273
SVY,20200108,0.93,0.96,0.875,0.91,336429
SW1,20200108,0.11,0.11,0.1,0.1,115000
SWF,20200108,0.155,0.16,0.155,0.16,25462
SWK,20200108,0.18,0.18,0.18,0.18,28792
SWM,20200108,0.325,0.325,0.315,0.315,2781683
SXE,20200108,0.59,0.595,0.58,0.59,160084
SXL,20200108,0.865,0.875,0.845,0.87,1380471
SXY,20200108,0.365,0.375,0.365,0.37,5023324
SYA,20200108,0.016,0.016,0.014,0.015,5348926
SYD,20200108,8.74,8.79,8.6,8.68,3684728
SYI,20200108,29.66,29.66,29.22,29.46,12871
SYR,20200108,0.555,0.575,0.52,0.52,5247564
SZL,20200108,1.805,1.887,1.72,1.845,897593
T3D,20200108,0.001,0.001,0.001,0.001,1712851
TAH,20200108,4.57,4.585,4.5,4.54,4525150
TAM,20200108,0.041,0.041,0.039,0.039,277805
TAO,20200108,0.125,0.125,0.125,0.125,81250
TAP,20200108,0.135,0.135,0.135,0.135,34000
TAR,20200108,0.012,0.012,0.012,0.012,17220
TAS,20200108,0.045,0.048,0.045,0.045,122770
TBR,20200108,5.35,5.7,5.3,5.4,33567
TCL,20200108,15.12,15.18,14.96,15.18,5006001
TD1,20200108,0.049,0.049,0.045,0.045,11726469
TDI,20200108,1.74,1.74,1.71,1.735,95274
TDO,20200108,0.089,0.089,0.087,0.087,219961
TEG,20200108,0.059,0.059,0.058,0.058,240000
TEK,20200108,0.28,0.285,0.28,0.285,127178
TER,20200108,0.36,0.36,0.36,0.36,20000
TGA,20200108,0.215,0.215,0.205,0.21,27553
TGF,20200108,2.11,2.11,2.05,2.07,64222
TGG,20200108,1.37,1.37,1.355,1.355,125083
TGH,20200108,0.18,0.18,0.17,0.17,100221
TGM,20200108,0.195,0.27,0.185,0.25,124693
TGN,20200108,0.18,0.18,0.18,0.18,15000
TGP,20200108,1.115,1.13,1.115,1.12,9675
TGR,20200108,4.26,4.26,4.18,4.22,590923
THC,20200108,0.385,0.39,0.375,0.375,128772
TIA,20200108,0.36,0.36,0.36,0.36,450
TIE,20200108,0.285,0.295,0.285,0.285,163048
TIN,20200108,0.089,0.089,0.088,0.088,33046
TIP,20200108,0.78,0.78,0.775,0.775,15000
TKL,20200108,0.008,0.008,0.008,0.008,123100
TKM,20200108,0.02,0.02,0.019,0.019,1696394
TLG,20200108,0.455,0.455,0.445,0.455,43718
TLM,20200108,0.097,0.098,0.091,0.091,555722
TLS,20200108,3.71,3.765,3.68,3.74,23126364
TLT,20200108,3.2,3.2,3.11,3.11,953
TLX,20200108,1.57,1.58,1.52,1.58,230684
TMR,20200108,0.26,0.29,0.225,0.24,1082932
TMT,20200108,0.125,0.125,0.125,0.125,10000
TMX,20200108,0.004,0.004,0.004,0.004,4607492
TNE,20200108,8.84,8.98,8.55,8.65,922015
TNG,20200108,0.088,0.09,0.088,0.09,44970
TNK,20200108,1.36,1.36,1.36,1.36,17560
TNR,20200108,0.009,0.009,0.009,0.009,315200
TNY,20200108,2.29,2.39,2.29,2.3,65564
TOE,20200108,0.008,0.009,0.008,0.008,2650426
TON,20200108,0.038,0.038,0.037,0.037,386535
TOT,20200108,1.07,1.07,1.055,1.06,93324
TPD,20200108,0.002,0.002,0.002,0.002,5150000
TPM,20200108,6.88,7,6.87,7,549318
TPP,20200108,0.049,0.049,0.049,0.049,45000
TPS,20200108,0.15,0.15,0.15,0.15,59605
TPW,20200108,2.73,2.75,2.7,2.73,29138
TRL,20200108,0.002,0.002,0.002,0.002,4155941
TRS,20200108,3.9,3.96,3.32,3.61,435737
TRY,20200108,0.1,0.1,0.1,0.1,487329
TSC,20200108,0.01,0.012,0.01,0.01,39057370
TSL,20200108,0.02,0.02,0.02,0.02,274450
TTB,20200108,0.075,0.075,0.068,0.069,1558576
TTT,20200108,1.005,1.02,0.965,0.965,121192
TWE,20200108,16.62,16.695,16.26,16.33,2057273
TYR,20200108,3.45,3.465,3.22,3.33,1044027
TYX,20200108,0.003,0.003,0.003,0.003,710000
TZN,20200108,0.035,0.035,0.034,0.034,53651
UBA,20200108,22.48,22.56,22.36,22.56,4065
UBI,20200108,0.18,0.18,0.17,0.17,71901
UBN,20200108,0.066,0.066,0.064,0.065,423990
UBP,20200108,29.5,29.5,29.2,29.23,2739
UBW,20200108,30.6,30.65,30.6,30.65,205
UCM,20200108,0.12,0.12,0.12,0.12,45000
UCW,20200108,0.23,0.23,0.23,0.23,1811
UNV,20200108,0.25,0.25,0.24,0.25,319400
UOS,20200108,0.855,0.855,0.84,0.855,23034
URF,20200108,0.9,0.91,0.88,0.89,43445
URW,20200108,11.25,11.32,11.16,11.28,858785
USD,20200108,14.13,14.15,14.12,14.12,43507
UUV,20200108,0.004,0.004,0.004,0.004,100000
UWL,20200108,1.64,1.64,1.555,1.585,617620
VAE,20200108,70.75,70.75,70,70.42,3091
VAF,20200108,52.02,52.15,51.99,52,49709
VAH,20200108,0.15,0.15,0.145,0.145,200788
VAL,20200108,0.005,0.005,0.005,0.005,200000
VAN,20200108,0.17,0.17,0.17,0.17,86895
VAP,20200108,91.4,91.4,90.46,91.25,102188
VAR,20200108,0.025,0.025,0.025,0.025,42070
VAS,20200108,86.53,86.55,85.46,86.29,464763
VCF,20200108,51,51,50.34,50.34,11806
VCX,20200108,2.54,2.54,2.505,2.51,6289697
VEA,20200108,1.95,1.975,1.937,1.96,1989100
VEE,20200108,0.51,0.51,0.5,0.5,17388
VEN,20200108,0.19,0.19,0.187,0.19,340899
VEQ,20200108,60.8,60.85,60.28,60.59,3104
VEU,20200108,78.3,78.49,77.52,78.16,24865
VG1,20200108,2.22,2.23,2.19,2.2,294005
VG8,20200108,2.3,2.31,2.25,2.29,161945
VGB,20200108,52.98,53.12,52.95,52.95,58733
VGE,20200108,72.39,72.39,71.6,72.1,96346
VGI,20200108,12.62,12.99,12.51,12.74,3573
VGL,20200108,3.39,3.39,3.35,3.35,7200
VGS,20200108,82.94,82.94,81.85,82.48,32589
VHT,20200108,1.86,1.87,1.765,1.78,402062
VHY,20200108,60.91,60.91,60.15,60.63,83865
VIC,20200108,0.001,0.001,0.001,0.001,65871948
VIF,20200108,50.56,50.56,50.3,50.44,11998
VLC,20200108,69.71,69.71,68.67,69.35,12705
VLS,20200108,0.71,0.71,0.71,0.71,3508
VLT,20200108,0.38,0.4,0.362,0.4,259617
VMC,20200108,0.185,0.185,0.185,0.185,9803
VMG,20200108,0.002,0.002,0.002,0.002,139258
VML,20200108,0.013,0.013,0.012,0.012,1659193
VMS,20200108,0.017,0.017,0.017,0.017,785624
VMT,20200108,0.25,0.25,0.23,0.25,600691
VMX,20200108,0.285,0.285,0.285,0.285,30000
VMY,20200108,0.048,0.048,0.048,0.048,10000
VOC,20200108,2.88,2.94,2.8,2.91,1834539
VOL,20200108,1.7,1.7,1.68,1.68,4000
VP7,20200108,0.03,0.03,0.03,0.03,51790
VPR,20200108,0.001,0.001,0.001,0.001,5050000
VR1,20200108,0.022,0.022,0.021,0.021,619956
VR8,20200108,0.03,0.03,0.03,0.03,243000
VRC,20200108,0.011,0.011,0.011,0.011,230000
VRL,20200108,3.82,3.84,3.79,3.8,61407
VRT,20200108,4.7,4.71,4.535,4.6,69777
VRX,20200108,0.1,0.102,0.1,0.1,224902
VSO,20200108,60.49,60.52,59.83,60.06,9942
VTG,20200108,1.215,1.215,1.17,1.17,144661
VTH,20200108,0.76,0.76,0.75,0.75,181836
VTI,20200108,0.049,0.049,0.046,0.046,1589887
VTS,20200108,238.46,238.57,235.5,237.97,14645
VUK,20200108,3.48,3.48,3.35,3.4,2758124
VVA,20200108,2.7,2.7,2.67,2.67,20353
VVR,20200108,2.73,2.74,2.69,2.7,820769
VXR,20200108,0.115,0.115,0.115,0.115,137611
VYS,20200108,0.07,0.07,0.07,0.07,181697
WAA,20200108,1.075,1.09,1.075,1.09,4272
WAF,20200108,0.445,0.475,0.445,0.45,3131195
WAM,20200108,2.28,2.29,2.26,2.28,464352
WAX,20200108,1.5,1.5,1.49,1.5,96730
WBA,20200108,1.985,1.99,1.98,1.985,850465
WBC,20200108,24.62,24.64,24.25,24.54,4926001
WBE,20200108,0.013,0.013,0.012,0.012,3466548
WBT,20200108,0.41,0.41,0.395,0.4,27535
WEB,20200108,13.33,13.35,12.9,13.08,569421
WEC,20200108,0.063,0.065,0.063,0.065,5133
WEL,20200108,0.052,0.053,0.052,0.053,199000
WES,20200108,43.16,43.19,42.34,42.92,1544445
WGB,20200108,2.33,2.33,2.3,2.3,181179
WGN,20200108,2.5,2.61,2.47,2.5,303961
WGO,20200108,0.225,0.225,0.21,0.21,1041141
WGX,20200108,2.33,2.42,2.31,2.31,1637576
WHC,20200108,2.6,2.61,2.5,2.52,7038076
WHF,20200108,5.17,5.17,5.15,5.17,35031
WHK,20200108,0.083,0.084,0.083,0.084,59761
WIC,20200108,1.12,1.12,1.11,1.11,84915
WKT,20200108,0.195,0.195,0.19,0.19,173808
WLD,20200108,0.058,0.058,0.057,0.058,1195500
WLE,20200108,1.26,1.265,1.245,1.245,1169458
WMI,20200108,1.47,1.47,1.425,1.435,279414
WML,20200108,0.018,0.018,0.018,0.018,8944
WNR,20200108,0.29,0.29,0.285,0.285,110000
WOA,20200108,0.115,0.115,0.115,0.115,15000
WOR,20200108,16.06,16.155,15.85,16.04,963398
WOW,20200108,36.91,37.34,36.72,37.25,1399499
WPL,20200108,35.64,36.28,35.63,36.14,3380656
WPP,20200108,0.58,0.58,0.57,0.57,204562
WQG,20200108,1.18,1.18,1.17,1.18,237455
WRM,20200108,0.005,0.005,0.004,0.004,365000
WSA,20200108,2.96,2.98,2.9,2.91,4072143
WSI,20200108,0.021,0.022,0.02,0.022,2160798
WSP,20200108,1.56,1.57,1.55,1.57,23801
WTC,20200108,23.72,23.79,22.71,23.15,892806
WTL,20200108,0.05,0.05,0.05,0.05,16238
WWI,20200108,0.012,0.012,0.011,0.012,4579792
WZR,20200108,0.2,0.2,0.185,0.185,5370863
XAM,20200108,0.037,0.037,0.035,0.035,408318
XCD,20200108,0.013,0.014,0.012,0.012,9731792
XF1,20200108,0.36,0.375,0.355,0.375,12768
XPE,20200108,0.002,0.002,0.002,0.002,1250000
XPL,20200108,0.065,0.065,0.065,0.065,50000
XRF,20200108,0.235,0.24,0.22,0.235,322998
XRO,20200108,81.95,81.99,79.66,80.65,375126
XST,20200108,0.004,0.004,0.004,0.004,240000
XTE,20200108,0.73,0.73,0.72,0.72,61237
YAL,20200108,2.9,2.9,2.63,2.65,36274
YBR,20200108,0.105,0.105,0.098,0.098,52939
YOJ,20200108,0.053,0.054,0.051,0.051,451640
YOW,20200108,0.056,0.057,0.056,0.057,77278
YPB,20200108,0.005,0.005,0.004,0.004,872777
YRL,20200108,0.24,0.255,0.24,0.25,93146
Z1P,20200108,3.4,3.4,3.16,3.18,5518238
ZEL,20200108,4.35,4.55,4.3,4.45,111002
ZEN,20200108,0.635,0.635,0.63,0.635,240269
ZEU,20200108,0.007,0.007,0.007,0.007,49388
ZIM,20200108,11.4,11.49,11.4,11.4,1695
ZIP,20200108,0.012,0.012,0.012,0.012,1150
ZLD,20200108,0.055,0.057,0.055,0.057,106012
ZNO,20200108,0.61,0.61,0.515,0.535,1646251
XAF,20200108,6716.9,6723.9,6642,6716.9,0
XAO,20200108,6943.6,6949.1,6867,6930.1,0
XAT,20200108,6771.2,6777,6695.8,6763.2,0
XDJ,20200108,2760.2,2762.3,2708.2,2743,0
XEC,20200108,1570.7,1576.8,1553.2,1557.5,0
XEJ,20200108,12015.7,12190.2,12012.9,12123.9,0
XFJ,20200108,6064.7,6065.7,5967.5,6033.6,0
XFL,20200108,6772.6,6779.1,6697.1,6772.6,0
XGD,20200108,6998.6,7344.6,6998.6,7221.3,0
XHJ,20200108,41646.1,41931.9,40996.1,41860.2,0
XIJ,20200108,1444.9,1445.2,1407.7,1427.1,0
XJO,20200108,6826.4,6831.7,6749.6,6817.6,0
XJR,20200108,5041.9,5074.3,5038.7,5066.2,0
XKO,20200108,6787.2,6792.6,6712.6,6778,0
XMD,20200108,7369.4,7376.4,7271.3,7322.5,0
XMJ,20200108,14035,14085.7,13964.8,14066.4,0
XMM,20200108,4578.8,4605.4,4565.4,4595.7,0
XNJ,20200108,7055.6,7064,6954.6,7030.7,0
XPJ,20200108,1617.2,1617.2,1602,1611.7,0
XSJ,20200108,12430.1,12444.9,12281.7,12417.4,0
XSO,20200108,2954.7,2960.1,2926.8,2940.1,0
XTJ,20200108,1311.9,1325.6,1298.7,1319.9,0
XTL,20200108,3744.7,3751.1,3703.7,3749,0
XTO,20200108,5659,5664,5594.5,5653.8,0
XUJ,20200108,8217.7,8229.6,8083,8194.3,0
XXJ,20200108,6764.2,6765.3,6655.8,6729.4,0
