360,20200415,2.44,2.55,2.21,2.4,269014
14D,20200415,0.12,0.12,0.115,0.115,50494
1AD,20200415,0.044,0.047,0.043,0.047,404305
1ST,20200415,0.035,0.056,0.034,0.051,64457896
2BE,20200415,0.125,0.125,0.125,0.125,52144
3DA,20200415,0.155,0.17,0.155,0.16,255465
3DP,20200415,0.041,0.042,0.041,0.041,1845898
3PL,20200415,0.865,0.865,0.83,0.865,37639
4DS,20200415,0.031,0.045,0.03,0.039,7497549
5GN,20200415,0.98,1.045,0.98,1.015,858111
88E,20200415,0.007,0.007,0.006,0.006,9726570
8CO,20200415,0.065,0.065,0.06,0.06,48118
8VI,20200415,0.3,0.3,0.3,0.3,600
9SP,20200415,0.013,0.013,0.012,0.013,1482215
A1G,20200415,0.056,0.094,0.056,0.094,89088
A1M,20200415,0.29,0.3,0.28,0.29,160831
A2B,20200415,0.675,0.685,0.64,0.64,214086
A2M,20200415,17.55,18.39,17.52,18.1,6504816
A3D,20200415,0.075,0.082,0.075,0.08,640363
A4N,20200415,0.13,0.13,0.11,0.12,760373
AAA,20200415,50.08,50.09,50.08,50.09,277859
AAC,20200415,1.105,1.125,1.08,1.11,462922
AAR,20200415,0.12,0.145,0.12,0.135,1017353
ABA,20200415,4.5,4.64,4.36,4.64,7549
ABC,20200415,2.5,2.59,2.33,2.57,5448640
ABP,20200415,2.41,2.55,2.395,2.48,2223475
ABR,20200415,0.265,0.275,0.25,0.25,687120
ABT,20200415,0.017,0.018,0.017,0.018,62400
ABV,20200415,0.024,0.024,0.024,0.024,40000
ABX,20200415,0.09,0.09,0.09,0.09,80000
AC8,20200415,0.2,0.205,0.19,0.2,2072362
ACB,20200415,0.013,0.013,0.011,0.013,167100
ACF,20200415,0.255,0.26,0.25,0.255,93533
ACQ,20200415,0.89,0.89,0.86,0.89,108486
ACR,20200415,0.15,0.155,0.13,0.145,309081
ACU,20200415,0.069,0.069,0.069,0.069,25
ACW,20200415,0.02,0.02,0.02,0.02,289188
AD8,20200415,6,6.07,5.4,5.57,660433
ADA,20200415,0.4,0.41,0.39,0.39,76068
ADD,20200415,0.02,0.022,0.019,0.022,721737
ADH,20200415,1.22,1.23,1.125,1.14,865510
ADI,20200415,2.07,2.12,2.05,2.12,179402
ADJ,20200415,0.014,0.014,0.012,0.014,975726
ADN,20200415,0.033,0.033,0.032,0.033,2153704
ADO,20200415,0.026,0.027,0.021,0.023,3601773
ADR,20200415,0.024,0.024,0.024,0.024,5600
ADT,20200415,1.27,1.31,1.155,1.235,279258
ADV,20200415,0.005,0.005,0.003,0.003,12374901
ADX,20200415,0.006,0.006,0.006,0.006,943333
AEE,20200415,0.003,0.003,0.002,0.003,7950000
AEF,20200415,4.02,4.12,3.96,4.08,191256
AEG,20200415,1.07,1.07,1.06,1.07,185270
AEI,20200415,0.61,0.615,0.55,0.57,2000497
AEV,20200415,0.008,0.008,0.008,0.008,204000
AFG,20200415,1.5,1.58,1.5,1.555,808222
AFI,20200415,5.74,5.75,5.66,5.67,659402
AFL,20200415,0.12,0.15,0.12,0.15,203522
AFP,20200415,4.15,4.3,3.95,3.95,8450
AGD,20200415,0.16,0.17,0.155,0.165,331756
AGE,20200415,0.003,0.003,0.003,0.003,400000
AGG,20200415,7.16,7.48,7.1,7.46,31688
AGH,20200415,0.41,0.45,0.39,0.39,2086653
AGI,20200415,0.46,0.485,0.44,0.44,218029
AGL,20200415,17.76,17.99,17.315,17.47,3305701
AGM,20200415,1.55,1.565,1.55,1.56,19518
AGS,20200415,0.11,0.11,0.09,0.09,365000
AGY,20200415,0.039,0.043,0.039,0.04,1957717
AHF,20200415,0.084,0.085,0.08,0.085,674622
AHL,20200415,0.005,0.005,0.005,0.005,2866551
AHQ,20200415,0.07,0.075,0.068,0.069,1154042
AHX,20200415,0.465,0.465,0.45,0.45,32629
AHY,20200415,1.07,1.085,0.98,1.015,510941
AHZ,20200415,8.15,8.5,8.13,8.4,4042
AIA,20200415,5.55,5.7,5.52,5.66,1463568
AIB,20200415,0.085,0.085,0.085,0.085,9546
AIQ,20200415,0.1,0.1,0.1,0.1,5170
AIS,20200415,0.042,0.042,0.042,0.042,28905
AIZ,20200415,1.13,1.2,1.095,1.14,5418006
AJL,20200415,0.06,0.06,0.059,0.06,193431
AJM,20200415,0.047,0.048,0.046,0.047,2575822
AJX,20200415,0.05,0.056,0.045,0.053,1212849
AKG,20200415,0.31,0.315,0.3,0.3,42944
AKM,20200415,0.093,0.093,0.093,0.093,20000
AKP,20200415,15,16.61,15,15.72,52083
AL8,20200415,0.015,0.015,0.015,0.015,42500
ALC,20200415,0.18,0.19,0.18,0.19,3568157
ALF,20200415,0.86,0.87,0.86,0.865,153594
ALG,20200415,0.37,0.475,0.365,0.465,6883467
ALI,20200415,2.03,2.05,2.01,2.01,92002
ALK,20200415,0.9,0.92,0.86,0.89,4027587
ALL,20200415,23.36,24.22,23.16,23.98,3714163
ALQ,20200415,6.36,6.47,6.1,6.41,1619170
ALU,20200415,31.6,32.72,31.44,31.72,832226
ALX,20200415,5.71,5.77,5.58,5.71,3425626
AMA,20200415,0.45,0.45,0.41,0.435,4332188
AMC,20200415,14.07,14.15,13.65,13.77,2826995
AME,20200415,0.065,0.065,0.061,0.061,12634100
AMG,20200415,0.044,0.047,0.043,0.044,1450528
AMH,20200415,0.85,0.85,0.84,0.84,100350
AMI,20200415,0.375,0.375,0.34,0.355,4963488
AML,20200415,0.056,0.058,0.054,0.054,229479
AMN,20200415,0.4,0.4,0.365,0.365,26356
AMO,20200415,0.037,0.037,0.037,0.037,8655
AMP,20200415,1.435,1.455,1.397,1.425,13195199
AMS,20200415,0.66,0.675,0.58,0.6,884031
AMT,20200415,0.15,0.2,0.15,0.195,180076
AMX,20200415,1.46,1.465,1.35,1.36,95781
ANA,20200415,0.008,0.009,0.008,0.009,111083
ANL,20200415,0.002,0.002,0.002,0.002,2242525
ANN,20200415,29.99,30.13,28.83,29.23,710609
ANO,20200415,4.55,4.7,4.49,4.61,45154
ANP,20200415,0.049,0.051,0.046,0.046,711531
ANW,20200415,0.001,0.001,0.001,0.001,1900000
ANZ,20200415,16.8,16.93,16.51,16.85,8266228
AO1,20200415,0.014,0.014,0.013,0.013,2150837
AOF,20200415,2.1,2.16,2.03,2.06,51758
AOP,20200415,0.205,0.215,0.205,0.215,268088
AOU,20200415,0.041,0.041,0.041,0.041,1100
APA,20200415,11.52,11.54,11.13,11.3,3254124
APC,20200415,0.071,0.078,0.069,0.078,371608
APD,20200415,0.46,0.47,0.46,0.465,119123
APE,20200415,4.55,5.2,4.19,4.22,1241749
APG,20200415,0.001,0.001,0.001,0.001,524000
APH,20200415,0.08,0.18,0.08,0.135,1323095
API,20200415,1.17,1.185,1.157,1.17,1739620
APL,20200415,0.955,0.955,0.915,0.93,1203795
APT,20200415,28,28.2,26.25,27.88,7036955
APV,20200415,0.155,0.155,0.15,0.15,105150
APX,20200415,24.4,25.4,23.54,23.85,1233613
APZ,20200415,0.94,0.94,0.94,0.94,706
AQC,20200415,0.14,0.14,0.14,0.14,7600
AQG,20200415,7,7.03,6.82,7,662297
AQI,20200415,0.045,0.057,0.045,0.054,801854
AQR,20200415,2.9,2.9,2.86,2.87,24407
AQS,20200415,0.012,0.015,0.012,0.015,122283
AQX,20200415,0.02,0.023,0.02,0.022,10508827
AQZ,20200415,1.9,1.99,1.87,1.96,122701
ARB,20200415,14.4,14.5,14.06,14.39,184796
ARD,20200415,0.015,0.015,0.014,0.014,3881418
ARE,20200415,0.004,0.004,0.003,0.004,4172979
ARF,20200415,2.07,2.2,2.03,2.15,564875
ARG,20200415,7.48,7.48,7.15,7.16,362007
ARL,20200415,0.27,0.285,0.255,0.275,110569
ARM,20200415,0.009,0.016,0.009,0.013,32500199
ARN,20200415,0.135,0.135,0.115,0.125,60000
ARQ,20200415,0.076,0.09,0.076,0.09,1316363
ARS,20200415,0.02,0.02,0.019,0.02,4309208
ARU,20200415,0.061,0.068,0.061,0.064,1826459
ARV,20200415,0.024,0.025,0.023,0.024,2905900
AS1,20200415,0.12,0.12,0.12,0.12,22908
ASB,20200415,3.29,3.31,3.095,3.15,2420886
ASG,20200415,0.735,0.76,0.71,0.76,7094906
ASH,20200415,0.27,0.285,0.26,0.26,59207
ASQ,20200415,0.037,0.037,0.037,0.037,38854
AST,20200415,1.79,1.795,1.75,1.795,8862299
ASX,20200415,78.34,80.8,78.34,80.77,631766
ATC,20200415,0.056,0.058,0.054,0.054,814178
ATH,20200415,0.017,0.018,0.017,0.017,52358
ATL,20200415,0.215,0.26,0.215,0.245,207893
ATP,20200415,0.005,0.005,0.005,0.005,3327
ATS,20200415,0.034,0.034,0.03,0.031,8995436
ATU,20200415,0.2,0.24,0.2,0.24,147912
ATX,20200415,0.08,0.08,0.08,0.08,11250
AU8,20200415,0.078,0.079,0.06,0.068,1554067
AUB,20200415,9.24,9.54,9.24,9.5,376876
AUC,20200415,0.014,0.015,0.013,0.014,6835684
AUI,20200415,8.09,8.09,7.71,7.74,36522
AUL,20200415,0.28,0.28,0.23,0.265,62923
AUQ,20200415,0.012,0.013,0.011,0.012,2430062
AUR,20200415,0.016,0.016,0.016,0.016,100000
AUT,20200415,0.033,0.035,0.031,0.032,4336515
AUZ,20200415,0.012,0.012,0.011,0.011,3484811
AV1,20200415,0.098,0.098,0.092,0.096,318398
AVC,20200415,0.165,0.165,0.165,0.165,150
AVE,20200415,0.005,0.005,0.005,0.005,5140379
AVG,20200415,0.4,0.405,0.4,0.4,18529
AVH,20200415,0.555,0.562,0.505,0.525,15121493
AVJ,20200415,0.39,0.395,0.375,0.385,434305
AVL,20200415,0.009,0.009,0.008,0.008,2729949
AVN,20200415,1.645,1.675,1.53,1.55,3263365
AVZ,20200415,0.063,0.065,0.058,0.06,15579209
AWC,20200415,1.54,1.55,1.505,1.52,10226961
AWN,20200415,0.06,0.06,0.06,0.06,20101
AWV,20200415,0.009,0.01,0.009,0.01,1202999
AWY,20200415,0.027,0.027,0.027,0.027,100000
AX1,20200415,1,1.07,0.98,1.035,2096351
AXE,20200415,0.17,0.175,0.165,0.165,233572
AYS,20200415,0.34,0.34,0.32,0.32,82525
AZI,20200415,0.005,0.005,0.004,0.004,7679711
AZJ,20200415,4.44,4.52,4.36,4.41,11329601
AZS,20200415,0.078,0.092,0.078,0.092,305399
AZV,20200415,0.07,0.07,0.07,0.07,50000
AZY,20200415,0.015,0.015,0.014,0.015,5894879
BAF,20200415,0.735,0.735,0.725,0.725,179592
BAP,20200415,4.8,4.86,4.67,4.81,2019759
BAS,20200415,0.001,0.001,0.001,0.001,2463700
BAT,20200415,0.005,0.006,0.005,0.005,356009
BBC,20200415,0.42,0.45,0.39,0.43,405544
BBN,20200415,2.76,2.78,2.62,2.68,761169
BBX,20200415,0.12,0.125,0.11,0.11,192141
BC8,20200415,0.41,0.43,0.395,0.4,302673
BCB,20200415,0.045,0.048,0.043,0.048,325294
BCC,20200415,0.155,0.16,0.15,0.15,153957
BCI,20200415,0.13,0.135,0.125,0.135,437985
BCK,20200415,0.02,0.02,0.018,0.018,55500
BCN,20200415,0.036,0.036,0.034,0.035,3477193
BCT,20200415,0.07,0.07,0.066,0.066,551262
BD1,20200415,0.025,0.026,0.023,0.024,4765314
BDA,20200415,0.25,0.27,0.25,0.27,105970
BDC,20200415,0.065,0.066,0.064,0.066,2374757
BDG,20200415,0.059,0.059,0.059,0.059,250000
BEL,20200415,0.025,0.026,0.025,0.026,103956
BEM,20200415,0.038,0.038,0.037,0.037,95972
BEN,20200415,6.33,6.42,6.125,6.19,2550935
BET,20200415,0.21,0.21,0.185,0.19,3346667
BFC,20200415,0.081,0.083,0.08,0.083,840942
BFG,20200415,0.93,0.955,0.89,0.905,720177
BGA,20200415,4.73,4.96,4.73,4.83,1757356
BGL,20200415,0.56,0.565,0.525,0.555,2407388
BGT,20200415,0.15,0.16,0.15,0.16,91636
BHP,20200415,31.38,31.66,30.92,31.43,7740126
BID,20200415,0.755,0.82,0.75,0.76,269836
BIN,20200415,2.2,2.21,2.06,2.1,2018754
BIQ,20200415,0.004,0.004,0.003,0.003,1234531
BIS,20200415,0.73,0.73,0.73,0.73,29201
BIT,20200415,0.105,0.105,0.1,0.1,1218704
BKI,20200415,1.43,1.46,1.345,1.36,335923
BKL,20200415,75.4,76.99,75.08,76.82,84637
BKT,20200415,0.029,0.029,0.029,0.029,47368
BKW,20200415,13.53,13.65,13.14,13.43,501575
BKY,20200415,0.19,0.19,0.19,0.19,465348
BLD,20200415,2.75,2.8,2.64,2.72,11205504
BLG,20200415,0.026,0.026,0.024,0.024,1555340
BLK,20200415,0.012,0.012,0.011,0.011,24646026
BLU,20200415,0.02,0.02,0.018,0.018,2508512
BLX,20200415,0.62,0.71,0.62,0.71,523849
BLY,20200415,0.84,0.85,0.76,0.76,22950
BLZ,20200415,0.007,0.007,0.007,0.007,100000
BMN,20200415,0.044,0.047,0.044,0.045,8800618
BNL,20200415,0.004,0.004,0.004,0.004,130659
BNO,20200415,0.054,0.057,0.052,0.054,725946
BNR,20200415,0.037,0.038,0.037,0.037,425920
BOC,20200415,0.22,0.265,0.22,0.24,76648
BOE,20200415,0.062,0.062,0.059,0.059,8113064
BOL,20200415,0.087,0.095,0.087,0.095,115000
BOQ,20200415,5.19,5.26,5.01,5.08,4329562
BOT,20200415,0.044,0.044,0.039,0.039,8496527
BPH,20200415,0.008,0.008,0.007,0.008,1832174
BPL,20200415,0.013,0.013,0.013,0.013,69000
BPT,20200415,1.445,1.445,1.345,1.37,16605007
BRB,20200415,0.195,0.2,0.195,0.2,177966
BRG,20200415,17.69,18.43,17.19,18.29,379150
BRK,20200415,0.004,0.004,0.004,0.004,218578
BRL,20200415,0.076,0.078,0.076,0.078,499976
BRU,20200415,0.092,0.092,0.086,0.092,400397
BRV,20200415,0.024,0.028,0.024,0.026,2306894
BSA,20200415,0.285,0.285,0.28,0.285,600221
BSE,20200415,0.15,0.15,0.145,0.15,282910
BSL,20200415,11,11.03,10.12,10.22,2688685
BSX,20200415,0.145,0.145,0.14,0.145,948147
BTC,20200415,0.079,0.08,0.079,0.08,50000
BTH,20200415,0.685,0.72,0.65,0.65,2912568
BTI,20200415,0.69,0.71,0.68,0.685,93361
BUB,20200415,0.99,1.05,0.905,0.915,21652912
BUD,20200415,0.009,0.011,0.009,0.01,3518868
BUG,20200415,0.13,0.13,0.13,0.13,3333
BVS,20200415,4.24,4.38,4.24,4.32,1664863
BWF,20200415,0.39,0.39,0.39,0.39,1307
BWP,20200415,3.45,3.46,3.33,3.43,1960980
BWR,20200415,1.18,1.18,1.18,1.18,10020
BWX,20200415,3.48,3.49,3.31,3.4,196166
BXB,20200415,10.98,11.265,10.98,11.16,3974477
BYE,20200415,0.15,0.155,0.147,0.15,1270642
C6C,20200415,0.52,0.54,0.52,0.54,62870
CAA,20200415,0.099,0.099,0.099,0.099,52557
CAD,20200415,0.001,0.001,0.001,0.001,600000
CAF,20200415,0.083,0.09,0.082,0.082,67985
CAG,20200415,0.63,0.63,0.595,0.595,43451
CAI,20200415,0.3,0.305,0.295,0.302,567457
CAM,20200415,0.74,0.74,0.73,0.73,124577
CAN,20200415,0.875,0.9,0.865,0.875,313169
CAP,20200415,0.03,0.031,0.025,0.029,548333
CAR,20200415,13.73,14.13,13.51,14.01,1906686
CAT,20200415,1.09,1.12,1.05,1.05,830425
CAU,20200415,0.09,0.09,0.09,0.09,9287
CAV,20200415,0.002,0.002,0.002,0.002,1000000
CAY,20200415,0.12,0.12,0.105,0.105,1789383
CAZ,20200415,0.022,0.022,0.021,0.021,70000
CBA,20200415,62.5,63.25,61.5,62.07,4066531
CBR,20200415,1.58,1.59,1.475,1.5,342111
CCA,20200415,0.057,0.059,0.055,0.059,425756
CCE,20200415,0.001,0.001,0.001,0.001,2481678
CCG,20200415,0.042,0.042,0.042,0.042,40000
CCL,20200415,9.35,9.67,9.11,9.42,3584792
CCP,20200415,18.55,19,17.73,17.73,788226
CCV,20200415,0.145,0.155,0.145,0.155,912907
CCX,20200415,2.15,2.24,2.04,2.21,796814
CCZ,20200415,0.019,0.019,0.017,0.018,1094792
CD1,20200415,0.765,0.765,0.765,0.765,9531
CD2,20200415,0.985,0.985,0.98,0.98,3125
CDA,20200415,5.8,5.96,5.52,5.58,396250
CDD,20200415,0.25,0.25,0.24,0.25,206890
CDM,20200415,0.52,0.535,0.515,0.53,791965
CDP,20200415,3.55,3.63,3.42,3.62,40662
CDV,20200415,0.37,0.395,0.365,0.38,2902376
CDX,20200415,0.018,0.019,0.017,0.017,240000
CDY,20200415,0.25,0.255,0.22,0.23,4470136
CE1,20200415,0.004,0.004,0.004,0.004,1500000
CEL,20200415,0.11,0.13,0.105,0.11,2390746
CEN,20200415,6.23,6.23,6.23,6.23,613
CFE,20200415,0.002,0.002,0.002,0.002,10650978
CFO,20200415,0.041,0.041,0.04,0.04,54500
CG1,20200415,0.25,0.27,0.25,0.25,122170
CGB,20200415,0.008,0.008,0.008,0.008,1172621
CGC,20200415,3.01,3.11,2.95,2.99,3286072
CGF,20200415,5.49,5.5,4.94,5,4326785
CGL,20200415,3.62,3.7,3.31,3.34,424485
CGO,20200415,0.12,0.12,0.11,0.11,46000
CGR,20200415,0.49,0.505,0.485,0.49,1502400
CGS,20200415,0.355,0.355,0.33,0.33,115145
CHC,20200415,7.5,7.73,7.33,7.71,2265824
CHK,20200415,0.004,0.004,0.004,0.004,5951121
CHN,20200415,0.9,1.19,0.9,1.035,15644147
CHZ,20200415,0.066,0.067,0.064,0.067,300000
CI1,20200415,0.036,0.036,0.035,0.035,3199548
CIA,20200415,1.945,1.95,1.85,1.92,363408
CIE,20200415,0.545,0.55,0.54,0.545,100788
CIM,20200415,22.94,24.02,22.72,23.16,863375
CIN,20200415,22.14,22.2,21.6,21.6,3916
CIP,20200415,2.68,2.71,2.6,2.68,2252135
CKA,20200415,0.035,0.038,0.034,0.038,679877
CKF,20200415,7.01,7.06,6.75,6.89,771602
CL1,20200415,1.5,1.5,1.46,1.485,82440
CL8,20200415,0.008,0.008,0.008,0.008,1500000
CLA,20200415,0.011,0.011,0.01,0.01,360000
CLQ,20200415,0.2,0.21,0.18,0.185,1276620
CLT,20200415,0.135,0.135,0.135,0.135,11000
CLV,20200415,1.84,2.04,1.84,2.03,592622
CLW,20200415,4.59,4.99,4.52,4.58,2221730
CLZ,20200415,0.001,0.001,0.001,0.001,9550000
CM8,20200415,0.018,0.031,0.018,0.029,17541003
CML,20200415,0.008,0.009,0.008,0.009,276000
CMM,20200415,1.2,1.25,1.195,1.215,274180
CMP,20200415,0.455,0.455,0.43,0.43,86673
CMW,20200415,0.795,0.81,0.77,0.805,7589552
CNB,20200415,0.084,0.084,0.074,0.074,897576
CNI,20200415,1.65,1.86,1.635,1.695,2636598
CNJ,20200415,0.006,0.006,0.005,0.006,587820
CNU,20200415,6.51,6.57,6.48,6.55,613632
CNW,20200415,0.02,0.02,0.02,0.02,295926
COB,20200415,0.11,0.145,0.11,0.145,506579
COE,20200415,0.465,0.48,0.45,0.45,3303869
COF,20200415,1.76,1.8,1.73,1.77,1419669
COG,20200415,0.046,0.046,0.045,0.045,351750
COH,20200415,201.1,202.32,192.35,195.07,218327
COI,20200415,0.069,0.087,0.069,0.085,1850497
COL,20200415,16.49,16.54,16.01,16.2,6018096
COO,20200415,0.044,0.044,0.04,0.04,7015000
COS,20200415,0.29,0.295,0.29,0.295,117793
CP1,20200415,0.09,0.09,0.09,0.09,3122
CPH,20200415,0.089,0.09,0.089,0.09,669114
CPT,20200415,0.023,0.023,0.022,0.022,16391
CPU,20200415,11.35,11.82,11.08,11.54,3103752
CPV,20200415,0.12,0.12,0.105,0.105,170799
CQE,20200415,2.14,2.2,2.09,2.14,812322
CQR,20200415,3.27,3.34,3.15,3.32,2157549
CR1,20200415,0.2,0.2,0.2,0.2,10950
CRM,20200415,0.34,0.34,0.34,0.34,2500
CRN,20200415,1.37,1.435,1.33,1.41,541709
CRS,20200415,0.11,0.11,0.11,0.11,21921
CSE,20200415,0.025,0.025,0.025,0.025,20000
CSL,20200415,330,331.3,318.33,324.15,844079
CSR,20200415,3.35,3.42,3.24,3.28,2402236
CSS,20200415,0.715,0.77,0.715,0.77,126382
CST,20200415,0.13,0.13,0.11,0.11,228025
CT1,20200415,0.019,0.02,0.018,0.018,973168
CTD,20200415,12,12.04,10.78,10.96,798077
CTM,20200415,0.15,0.15,0.14,0.145,376887
CTO,20200415,0.004,0.004,0.004,0.004,838017
CTP,20200415,0.078,0.078,0.077,0.078,526047
CTX,20200415,23.9,24.19,23.34,23.53,970274
CUE,20200415,0.082,0.082,0.081,0.081,109594
CUP,20200415,0.87,0.895,0.87,0.87,21700
CUV,20200415,20.31,20.87,19.78,20.53,251826
CUX,20200415,0.004,0.004,0.004,0.004,42285
CV1,20200415,0.08,0.08,0.07,0.07,288260
CVC,20200415,1.15,1.175,1.145,1.145,24516
CVF,20200415,0.755,0.755,0.745,0.75,156268
CVL,20200415,0.4,0.4,0.4,0.4,2000
CVN,20200415,0.18,0.18,0.16,0.17,3736128
CVV,20200415,0.017,0.017,0.017,0.017,170000
CVW,20200415,0.2,0.2,0.195,0.2,15766202
CWN,20200415,8.2,8.34,8.07,8.26,5043930
CWP,20200415,4.72,4.82,4.56,4.75,153794
CWX,20200415,0.19,0.19,0.185,0.19,156635
CWY,20200415,1.9,1.9,1.835,1.88,8841477
CXL,20200415,0.74,0.74,0.72,0.73,22191
CXM,20200415,0.03,0.03,0.03,0.03,20000
CXO,20200415,0.042,0.044,0.042,0.043,4417411
CXX,20200415,0.025,0.025,0.025,0.025,27000
CXZ,20200415,0.015,0.015,0.015,0.015,350000
CY5,20200415,0.041,0.041,0.041,0.041,11904
CYC,20200415,1.42,1.45,1.41,1.45,9848
CYG,20200415,0.54,0.55,0.53,0.54,49192
CYL,20200415,2.23,2.32,2.21,2.21,51234
CYM,20200415,0.1,0.1,0.1,0.1,1882
CYP,20200415,0.82,0.82,0.78,0.78,87876
CZI,20200415,0.096,0.1,0.089,0.09,4796941
CZN,20200415,0.002,0.002,0.002,0.002,9620000
CZR,20200415,0.01,0.01,0.008,0.009,2344375
D2O,20200415,1.3,1.325,1.29,1.295,118920
DAV,20200415,0.044,0.045,0.044,0.045,107110
DCC,20200415,0.028,0.029,0.027,0.027,1847792
DCG,20200415,0.145,0.145,0.14,0.145,447044
DCN,20200415,0.465,0.48,0.39,0.4,10094921
DCX,20200415,0.004,0.004,0.002,0.003,12496113
DDR,20200415,6.6,6.68,6.5,6.6,171953
DEG,20200415,0.295,0.31,0.29,0.305,15260091
DEM,20200415,0.16,0.16,0.155,0.155,97925
DEV,20200415,0.072,0.082,0.072,0.078,3891390
DGO,20200415,1.81,1.89,1.81,1.88,17962
DGR,20200415,0.065,0.065,0.062,0.062,200000
DHG,20200415,2.13,2.21,2.07,2.18,1421628
DHR,20200415,0.003,0.003,0.003,0.003,600000
DIV,20200415,18.97,19.1,18.97,19.1,212
DJW,20200415,2.5,2.54,2.47,2.48,149947
DKM,20200415,0.13,0.16,0.13,0.13,756417
DMP,20200415,49.39,50.53,49.08,50.38,549978
DNA,20200415,0.035,0.036,0.033,0.034,1180276
DNK,20200415,0.38,0.38,0.365,0.37,194119
DOW,20200415,4.03,4.07,3.76,3.93,4397695
DRE,20200415,0.004,0.005,0.004,0.005,17946920
DRO,20200415,0.115,0.12,0.115,0.115,2274738
DRX,20200415,0.009,0.009,0.008,0.008,347314
DSE,20200415,0.04,0.044,0.04,0.042,544041
DTC,20200415,0.75,0.75,0.67,0.695,242108
DTI,20200415,0.023,0.031,0.023,0.027,1053687
DTL,20200415,3.8,3.93,3.67,3.79,851013
DTM,20200415,0.05,0.05,0.05,0.05,32500
DTR,20200415,0.002,0.002,0.002,0.002,600000
DTS,20200415,0.14,0.14,0.135,0.135,145297
DUB,20200415,0.89,0.935,0.86,0.885,748766
DUI,20200415,4.03,4.11,4.02,4.04,152305
DVN,20200415,0.089,0.09,0.089,0.09,84477
DW8,20200415,0.006,0.006,0.005,0.005,2573340
DWS,20200415,0.735,0.735,0.71,0.72,18617
DXB,20200415,0.145,0.145,0.14,0.14,393895
DXN,20200415,0.013,0.013,0.01,0.01,1217900
DXS,20200415,9.5,9.61,9.34,9.47,6027734
DYL,20200415,0.24,0.25,0.24,0.25,705522
E25,20200415,0.15,0.15,0.15,0.15,73333
E2E,20200415,0.001,0.001,0.001,0.001,9952100
EAF,20200415,1.195,1.275,1.195,1.275,235364
EAI,20200415,0.94,0.95,0.935,0.935,123950
EAS,20200415,0.77,0.77,0.77,0.77,650
EBO,20200415,21.49,22,21.49,21.88,4208
ECF,20200415,0.9,0.9,0.855,0.875,296716
ECP,20200415,0.9,0.9,0.9,0.9,24757
ECS,20200415,0.031,0.031,0.031,0.031,179133
ECX,20200415,0.9,0.91,0.82,0.865,1274215
ED1,20200415,0.62,0.635,0.62,0.635,30990
EDE,20200415,0.04,0.041,0.038,0.038,3063000
EEG,20200415,0.18,0.18,0.175,0.175,60184
EEU,20200415,16.38,16.38,16.38,16.38,5634
EGD,20200415,2.45,2.45,2.33,2.33,165154
EGF,20200415,1.53,1.53,1.53,1.53,173245
EGG,20200415,0.925,0.935,0.92,0.935,23051
EGH,20200415,0.29,0.29,0.285,0.29,931554
EGI,20200415,0.925,0.94,0.92,0.925,210618
EGN,20200415,0.39,0.39,0.38,0.38,25000
EGR,20200415,0.068,0.068,0.065,0.066,96000
EHE,20200415,1.61,1.65,1.44,1.485,2607174
EHL,20200415,1.18,1.18,1.09,1.13,5560157
EHX,20200415,0.08,0.08,0.08,0.08,141757
ELD,20200415,8.57,8.65,8.36,8.47,565356
ELO,20200415,6.03,6.12,5.88,5.9,188229
ELS,20200415,0.27,0.27,0.27,0.27,3455
ELX,20200415,0.565,0.585,0.555,0.565,126189
EM1,20200415,0.007,0.007,0.007,0.007,999924
EMD,20200415,0.07,0.07,0.07,0.07,41102
EMH,20200415,0.187,0.19,0.165,0.18,44066
EML,20200415,2.74,2.86,2.57,2.83,7891374
EMR,20200415,0.39,0.4,0.38,0.395,213087
EMT,20200415,0.008,0.008,0.008,0.008,600000
EMU,20200415,0.024,0.024,0.015,0.019,448055
EMV,20200415,0.72,0.76,0.71,0.735,162459
EN1,20200415,0.016,0.016,0.014,0.014,9040867
ENE,20200415,0.055,0.055,0.055,0.055,484619
ENN,20200415,0.75,0.845,0.75,0.795,162095
ENR,20200415,0.1,0.105,0.1,0.1,371608
ENT,20200415,0.008,0.008,0.006,0.007,1465825
EOF,20200415,2.29,2.4,2.22,2.27,239857
EOL,20200415,2.49,2.49,2.43,2.48,8887
EPD,20200415,0.29,0.29,0.265,0.28,27099
EPM,20200415,0.005,0.006,0.005,0.006,1627000
EQE,20200415,0.01,0.01,0.009,0.009,2736556
EQT,20200415,21.03,21.43,20.44,20.5,44841
ERA,20200415,0.155,0.165,0.155,0.16,292723
ERF,20200415,0.8,0.8,0.78,0.78,48814
ERG,20200415,0.062,0.062,0.062,0.062,130000
ERL,20200415,0.008,0.008,0.008,0.008,30000
ERM,20200415,0.072,0.072,0.064,0.07,791007
ERX,20200415,0.044,0.046,0.042,0.046,1042495
ESE,20200415,0.01,0.012,0.008,0.009,2175000
ESH,20200415,0.009,0.009,0.008,0.008,921957
ETF,20200415,18,18,17.8,17.8,441
EUC,20200415,0.015,0.015,0.012,0.013,2510000
EUR,20200415,0.05,0.066,0.046,0.046,1175069
EVE,20200415,0.005,0.005,0.004,0.005,4781010
EVN,20200415,4.95,5.01,4.815,4.94,12366720
EVO,20200415,0.075,0.077,0.07,0.075,994199
EVS,20200415,0.125,0.125,0.12,0.12,1521189
EVT,20200415,7.48,7.67,7.45,7.55,110038
EWC,20200415,0.068,0.068,0.067,0.067,56995
EX1,20200415,0.18,0.18,0.17,0.175,106142
EXL,20200415,0.38,0.45,0.38,0.42,1267884
EXP,20200415,0.095,0.098,0.095,0.095,222570
EXR,20200415,0.021,0.021,0.02,0.02,957279
EZL,20200415,0.76,0.78,0.76,0.78,34979
FAM,20200415,0.02,0.02,0.02,0.02,6000
FAR,20200415,0.017,0.017,0.015,0.016,53970395
FAU,20200415,0.007,0.008,0.007,0.008,607700
FBR,20200415,0.03,0.031,0.028,0.028,2425704
FBU,20200415,3.75,3.89,3.6,3.84,1828225
FCL,20200415,3.4,3.4,3.16,3.23,547811
FCT,20200415,0.087,0.097,0.086,0.097,164303
FDV,20200415,0.69,0.775,0.69,0.74,367933
FE8,20200415,0.006,0.006,0.006,0.006,10000
FEX,20200415,0.034,0.04,0.034,0.04,1018990
FFG,20200415,0.007,0.008,0.007,0.007,530000
FFL,20200415,0.25,0.255,0.25,0.255,41588
FFR,20200415,0.029,0.029,0.028,0.028,38888
FGG,20200415,1.115,1.15,1.115,1.115,351954
FGO,20200415,0.001,0.001,0.001,0.001,600000
FGR,20200415,0.14,0.145,0.14,0.14,172615
FGX,20200415,0.965,0.965,0.915,0.92,506326
FHS,20200415,0.023,0.024,0.023,0.024,1182503
FID,20200415,4.55,4.55,4.36,4.4,10888
FIJ,20200415,0.055,0.055,0.055,0.055,16500
FLC,20200415,0.285,0.295,0.28,0.28,244981
FLN,20200415,0.36,0.36,0.35,0.36,165865
FLT,20200415,14.02,14.03,12.2,12.51,4493129
FMG,20200415,11.71,11.71,11.31,11.4,8091053
FML,20200415,0.265,0.29,0.24,0.245,53877
FMS,20200415,0.025,0.025,0.025,0.025,51100
FNP,20200415,4.56,4.66,4.48,4.56,507494
FNT,20200415,0.008,0.01,0.007,0.01,12840000
FOD,20200415,0.067,0.068,0.065,0.068,1853863
FOR,20200415,0.745,0.755,0.73,0.74,272500
FPC,20200415,0.7,0.7,0.7,0.7,25000
FPH,20200415,26.52,26.75,26,26.25,1580610
FPL,20200415,0.004,0.004,0.004,0.004,250000
FPP,20200415,0.63,0.645,0.62,0.64,71272
FRI,20200415,0.69,0.69,0.655,0.66,228285
FRM,20200415,0.27,0.27,0.27,0.27,18500
FRX,20200415,0.01,0.01,0.01,0.01,285832
FSA,20200415,0.98,0.98,0.97,0.97,19105
FSF,20200415,3.61,3.61,3.61,3.61,1000
FSI,20200415,1.595,1.595,1.59,1.59,8065
FWD,20200415,1.355,1.425,1.355,1.425,34494
FXL,20200415,1,1,0.88,0.92,4279082
FYI,20200415,0.043,0.043,0.037,0.04,570941
FZO,20200415,0.155,0.155,0.145,0.145,509844
G1A,20200415,0.195,0.195,0.19,0.195,173210
G88,20200415,0.026,0.026,0.026,0.026,100000
GAL,20200415,0.19,0.22,0.18,0.205,2227482
GAP,20200415,0.14,0.145,0.14,0.145,19642
GAS,20200415,0.4,0.4,0.38,0.38,14626
GBZ,20200415,0.068,0.072,0.068,0.07,433000
GC1,20200415,0.6,0.62,0.6,0.6,73041
GCI,20200415,1.77,1.79,1.75,1.78,109247
GDF,20200415,0.85,0.875,0.85,0.875,93976
GDG,20200415,0.64,0.72,0.64,0.72,99243
GDI,20200415,1.01,1.015,0.965,0.995,810234
GDX,20200415,47.63,48.22,46.84,48.22,89328
GEM,20200415,1.05,1.07,0.99,1,11471571
GEV,20200415,0.076,0.076,0.071,0.071,46726
GFL,20200415,1.83,1.84,1.83,1.83,4465
GGG,20200415,0.1,0.11,0.1,0.105,786601
GIB,20200415,0.027,0.027,0.027,0.027,150000
GLB,20200415,1.115,1.115,1.115,1.115,352
GLL,20200415,0.63,0.635,0.61,0.635,95885
GLN,20200415,0.175,0.18,0.16,0.16,167514
GLV,20200415,0.001,0.001,0.001,0.001,4603137
GMA,20200415,2.1,2.11,2,2.05,754182
GMD,20200415,0.03,0.03,0.029,0.03,3409725
GME,20200415,0.038,0.038,0.038,0.038,794
GMG,20200415,13.5,13.74,13.03,13.22,6053119
GML,20200415,0.012,0.013,0.012,0.013,282823
GMN,20200415,0.05,0.052,0.05,0.05,260989
GMR,20200415,0.006,0.006,0.006,0.006,12837076
GMV,20200415,0.11,0.11,0.1,0.1,3682550
GNC,20200415,3.49,3.63,3.44,3.54,2007248
GNE,20200415,2.68,2.71,2.66,2.66,13980
GNM,20200415,0.005,0.005,0.005,0.005,585593
GNX,20200415,0.175,0.175,0.135,0.14,2949606
GOR,20200415,1.7,1.777,1.67,1.745,13239216
GOW,20200415,1.55,1.55,1.51,1.51,10645
GOZ,20200415,2.95,2.975,2.85,2.9,1433388
GPR,20200415,0.33,0.33,0.305,0.32,90585
GPT,20200415,4.19,4.22,3.935,4,6234671
GRB,20200415,0.055,0.057,0.054,0.056,748283
GRL,20200415,0.125,0.125,0.11,0.11,264159
GRR,20200415,0.205,0.21,0.205,0.205,1353358
GRV,20200415,0.018,0.018,0.018,0.018,19112
GSM,20200415,0.089,0.093,0.086,0.089,162741
GSN,20200415,0.043,0.043,0.042,0.043,569488
GSS,20200415,1.86,1.89,1.77,1.81,498664
GSW,20200415,0.6,0.6,0.55,0.565,34702
GTE,20200415,0.001,0.002,0.001,0.002,16722362
GTG,20200415,0.004,0.005,0.004,0.005,4153017
GTK,20200415,1.37,1.395,1.35,1.39,104024
GTN,20200415,0.42,0.42,0.4,0.4,141351
GUD,20200415,8.95,9.14,8.88,9.14,314597
GVF,20200415,0.89,0.89,0.86,0.875,169389
GWA,20200415,2.44,2.5,2.39,2.47,1485255
GWR,20200415,0.07,0.071,0.07,0.07,118500
GXY,20200415,0.83,0.84,0.79,0.79,2742957
HAS,20200415,0.07,0.07,0.062,0.07,2384324
HAV,20200415,0.092,0.092,0.092,0.092,185000
HAW,20200415,0.125,0.135,0.125,0.135,787641
HCH,20200415,0.019,0.02,0.019,0.019,4956276
HCT,20200415,0.165,0.17,0.16,0.17,3365318
HE8,20200415,0.099,0.1,0.095,0.099,189093
HFR,20200415,0.31,0.315,0.295,0.295,121888
HGO,20200415,0.037,0.037,0.031,0.037,378682
HIL,20200415,0.205,0.205,0.2,0.2,70147
HIP,20200415,0.011,0.014,0.011,0.014,231818
HIT,20200415,1.15,1.15,1.145,1.145,7500
HLA,20200415,0.735,0.772,0.715,0.75,226032
HLO,20200415,1.365,1.465,1.365,1.415,603587
HLS,20200415,2.4,2.4,2.22,2.35,2814331
HLX,20200415,0.006,0.007,0.006,0.007,665000
HM1,20200415,2.58,2.59,2.53,2.53,525007
HMC,20200415,2.36,2.39,2.32,2.33,109426
HMD,20200415,0.145,0.15,0.145,0.145,320663
HMX,20200415,0.02,0.02,0.019,0.02,2117900
HNR,20200415,0.006,0.006,0.006,0.006,386000
HPI,20200415,2.24,2.28,2.16,2.24,236320
HRL,20200415,0.085,0.085,0.085,0.085,5000
HRN,20200415,0.2,0.2,0.2,0.2,92500
HRR,20200415,0.055,0.075,0.05,0.059,2252979
HRZ,20200415,0.06,0.073,0.06,0.065,5337989
HSC,20200415,0.008,0.008,0.006,0.007,94166183
HSN,20200415,2.8,2.84,2.76,2.8,411341
HT1,20200415,1.275,1.425,1.265,1.375,145058
HT8,20200415,0.018,0.019,0.018,0.019,50000
HTA,20200415,0.14,0.15,0.14,0.14,161382
HTG,20200415,0.1,0.11,0.1,0.11,516255
HUB,20200415,9.96,10.08,9.38,9.43,340100
HUO,20200415,3.39,3.39,3.3,3.32,25041
HVM,20200415,0.155,0.155,0.155,0.155,3777
HVN,20200415,2.93,2.96,2.86,2.88,3960918
HWH,20200415,0.016,0.016,0.016,0.016,438117
HWK,20200415,0.006,0.006,0.005,0.006,703294
HXG,20200415,0.069,0.072,0.059,0.059,760330
HYD,20200415,0.086,0.086,0.083,0.086,70493
HZN,20200415,0.059,0.059,0.055,0.055,1001143
HZR,20200415,0.395,0.42,0.39,0.405,447795
IAA,20200415,91.51,92.77,91.21,91.98,25407
IAF,20200415,115.17,115.36,114.86,115.36,21853
IAG,20200415,6.13,6.18,5.99,6.07,8276356
IAP,20200415,1.07,1.1,1.065,1.09,1621717
IBG,20200415,0.007,0.007,0.007,0.007,325000
IBX,20200415,0.012,0.012,0.011,0.011,2267886
ICE,20200415,0.155,0.16,0.15,0.155,94594
ICG,20200415,0.001,0.001,0.001,0.001,3610041
ICQ,20200415,0.225,0.23,0.205,0.22,336062
ICS,20200415,1.8,1.8,1.77,1.77,3007
IDT,20200415,0.15,0.165,0.14,0.155,848303
IDX,20200415,3,3.03,2.75,2.84,773512
IDZ,20200415,0.002,0.002,0.002,0.002,2913843
IEL,20200415,13.94,14.21,13.89,14.18,3193809
IEM,20200415,56.2,56.71,56,56.44,37189
IEU,20200415,57.67,57.67,57.18,57.42,23887
IFL,20200415,4.05,4.08,3.8,3.83,2656879
IFM,20200415,1.74,1.8,1.72,1.775,730095
IFN,20200415,0.525,0.53,0.5,0.5,1027772
IFT,20200415,4.13,4.13,4.13,4.13,4423
IGB,20200415,114.46,114.52,114.1,114.52,3530
IGL,20200415,0.795,0.81,0.685,0.76,1998564
IGN,20200415,0.006,0.006,0.005,0.005,900000
IGO,20200415,5.05,5.05,4.82,4.93,3570960
IHD,20200415,11.17,11.2,11,11,35943
IHL,20200415,0.069,0.07,0.063,0.066,10428764
IJH,20200415,247.96,247.96,243.1,244.29,2235
IJP,20200415,79.55,80.71,79.47,80.31,4706
IJR,20200415,94.6,94.6,92.8,93.45,1747
IKE,20200415,0.63,0.63,0.63,0.63,1427
IKO,20200415,78.66,79.51,78.46,79.45,1156
ILB,20200415,123.91,124.24,122.41,123.72,734
ILC,20200415,21.7,21.82,21.35,21.51,64367
ILU,20200415,7.79,7.84,7.49,7.71,2256013
IMA,20200415,0.15,0.15,0.14,0.15,581921
IMC,20200415,0.08,0.087,0.08,0.087,73021
IMD,20200415,0.93,0.955,0.89,0.94,855077
IME,20200415,0.026,0.027,0.024,0.024,1023456
IMM,20200415,0.16,0.18,0.155,0.165,3513364
IMR,20200415,0.95,0.95,0.935,0.95,19871
IMU,20200415,0.026,0.026,0.025,0.025,5535358
INA,20200415,3.13,3.33,3.07,3.33,1821312
ING,20200415,3.44,3.52,3.37,3.4,1703946
INP,20200415,0.01,0.01,0.009,0.009,600000
INR,20200415,0.12,0.13,0.115,0.115,4195715
IOD,20200415,0.078,0.078,0.076,0.076,87000
IOO,20200415,75.34,76,75.27,76,33127
IOZ,20200415,22.5,22.63,22.16,22.38,433582
IP1,20200415,0.003,0.003,0.003,0.003,55250
IPB,20200415,0.016,0.024,0.016,0.024,1851746
IPD,20200415,0.038,0.038,0.033,0.034,9020923
IPH,20200415,7.68,7.82,7.4,7.77,1622821
IPL,20200415,2.24,2.29,2.18,2.25,6988230
IPT,20200415,0.008,0.008,0.007,0.007,3433227
IRE,20200415,10.36,10.58,10.07,10.2,851763
IRI,20200415,2.91,2.96,2.89,2.92,248534
ISD,20200415,0.155,0.175,0.155,0.175,289955
ISO,20200415,3.99,4.02,3.98,4,112263
ISU,20200415,0.225,0.225,0.22,0.22,154782
ITG,20200415,0.205,0.21,0.185,0.21,1365100
IVC,20200415,11.21,11.98,11.1,11.51,3332313
IVE,20200415,86.86,87.62,86.86,87.62,2515
IVR,20200415,0.015,0.015,0.015,0.015,268042
IVV,20200415,441.56,444.72,440.83,444.72,17767
IVX,20200415,0.01,0.011,0.009,0.01,8491289
IVZ,20200415,0.018,0.018,0.017,0.017,441192
IXC,20200415,1.015,1.03,0.925,0.96,74319
IXI,20200415,80.16,80.7,80.05,80.51,3741
IXJ,20200415,102.7,103.35,102.32,102.75,11790
IXR,20200415,0.006,0.006,0.005,0.006,842092
IXU,20200415,0.024,0.025,0.023,0.025,652836
IZZ,20200415,60.67,60.67,59.9,60.26,3208
JAL,20200415,0.14,0.14,0.14,0.14,150000
JAN,20200415,0.29,0.3,0.29,0.3,31344
JAT,20200415,0.051,0.052,0.05,0.052,1025604
JAY,20200415,0.076,0.08,0.072,0.08,181986
JBH,20200415,33.83,34.22,33.44,33.91,1347352
JDR,20200415,0.01,0.01,0.01,0.01,2087267
JHC,20200415,0.5,0.525,0.46,0.475,2580684
JHG,20200415,25.25,25.25,24.23,24.55,533401
JHL,20200415,0.017,0.018,0.017,0.017,2155970
JHX,20200415,20.66,20.73,19.76,19.92,2499273
JIN,20200415,13.25,13.27,11.85,11.91,918029
JLG,20200415,2.32,2.44,2.32,2.37,143587
JMS,20200415,0.26,0.265,0.255,0.26,4466343
JRV,20200415,0.15,0.17,0.15,0.165,865149
JXT,20200415,0.03,0.05,0.03,0.048,2478400
K2F,20200415,0.21,0.215,0.2,0.215,149157
KAI,20200415,0.01,0.01,0.01,0.01,170005
KAM,20200415,0.026,0.026,0.024,0.024,31000
KAR,20200415,0.55,0.55,0.505,0.525,5882973
KAU,20200415,0.18,0.18,0.17,0.17,215694
KCN,20200415,0.435,0.485,0.405,0.46,955811
KEY,20200415,0.002,0.002,0.002,0.002,208364
KFE,20200415,0.03,0.031,0.03,0.031,1244113
KGL,20200415,0.16,0.18,0.16,0.175,314676
KGN,20200415,6.45,6.52,6.27,6.45,1177040
KIN,20200415,0.052,0.052,0.05,0.05,1089586
KKC,20200415,1.855,1.9,1.78,1.8,557423
KLA,20200415,60.53,60.53,55,60.53,5955
KMD,20200415,0.745,0.835,0.725,0.77,6181697
KME,20200415,1.005,1.005,0.89,0.925,163544
KNM,20200415,0.021,0.021,0.021,0.021,24850
KOV,20200415,3.25,3.49,3.25,3.49,3784
KPO,20200415,0.034,0.035,0.033,0.033,1049127
KPT,20200415,0.97,0.97,0.9,0.9,23295
KRM,20200415,0.03,0.03,0.029,0.029,252095
KRR,20200415,0.032,0.033,0.031,0.033,1730642
KSC,20200415,1.46,1.5,1.45,1.455,23498
KSL,20200415,0.99,1,0.95,0.965,73853
KSN,20200415,0.155,0.16,0.14,0.14,372221
KSS,20200415,0.2,0.205,0.19,0.195,111545
KTA,20200415,0.041,0.041,0.037,0.04,1181866
KTD,20200415,0.44,0.45,0.42,0.43,1887556
KTE,20200415,0.006,0.006,0.005,0.005,325000
KTG,20200415,0.094,0.1,0.093,0.1,381393
KWR,20200415,0.17,0.17,0.15,0.155,544623
KYK,20200415,0.072,0.072,0.066,0.07,601747
KZA,20200415,0.46,0.485,0.425,0.43,85313
KZR,20200415,0.55,0.55,0.505,0.53,342179
LAA,20200415,0.016,0.02,0.016,0.02,300000
LAU,20200415,0.33,0.345,0.33,0.345,79411
LBL,20200415,0.44,0.44,0.435,0.435,2350
LBT,20200415,0.12,0.135,0.12,0.13,1148153
LCK,20200415,0.099,0.099,0.091,0.091,290479
LCL,20200415,0.025,0.026,0.025,0.025,684734
LCM,20200415,0.14,0.14,0.135,0.135,82300
LCT,20200415,0.014,0.014,0.013,0.013,203750
LEG,20200415,0.175,0.185,0.175,0.175,12867279
LEP,20200415,4.01,4.05,3.9,4.05,227112
LER,20200415,0.016,0.019,0.016,0.019,100684
LEX,20200415,0.17,0.17,0.15,0.16,99000
LGP,20200415,0.315,0.35,0.3,0.32,833851
LIC,20200415,6.5,6.88,6.46,6.84,421884
LIN,20200415,0.014,0.015,0.014,0.015,723278
LIT,20200415,0.056,0.057,0.051,0.054,3270498
LKE,20200415,0.037,0.037,0.036,0.037,1187207
LLC,20200415,11.84,12.07,11.47,11.71,2178130
LLO,20200415,1.61,1.61,1.61,1.61,421
LME,20200415,1.45,1.455,1.45,1.45,6231
LNG,20200415,0.077,0.077,0.068,0.069,8548916
LNK,20200415,3.59,3.63,3.52,3.58,6239461
LNU,20200415,0.018,0.019,0.017,0.017,23436966
LNY,20200415,0.004,0.004,0.004,0.004,50000
LOM,20200415,0.063,0.066,0.061,0.061,547522
LON,20200415,0.092,0.094,0.09,0.094,103169
LOT,20200415,0.064,0.066,0.061,0.061,5844694
LOV,20200415,6.13,6.54,5.81,6.47,495687
LPD,20200415,0.011,0.012,0.011,0.012,1279304
LPE,20200415,0.23,0.23,0.21,0.22,91608
LPI,20200415,0.18,0.18,0.16,0.17,36309
LSA,20200415,0.004,0.006,0.004,0.006,42000
LSF,20200415,1.04,1.04,0.985,0.995,892101
LSH,20200415,0.053,0.056,0.044,0.052,2132667
LSR,20200415,0.006,0.008,0.006,0.008,564762
LSX,20200415,0.395,0.395,0.395,0.395,8018
LTR,20200415,0.08,0.094,0.08,0.091,9166000
LVE,20200415,0.045,0.045,0.045,0.045,50000
LVH,20200415,0.12,0.12,0.11,0.115,280767
LVT,20200415,0.255,0.28,0.24,0.245,11107504
LYC,20200415,1.61,1.66,1.565,1.62,7399426
LYL,20200415,3.9,4.1,3.88,4.08,18311
M7T,20200415,0.555,0.57,0.535,0.555,319218
M8S,20200415,0.09,0.09,0.09,0.09,50000
MA1,20200415,0.87,0.875,0.87,0.875,33627
MAD,20200415,0.665,0.665,0.65,0.66,105412
MAG,20200415,0.26,0.26,0.25,0.255,414765
MAH,20200415,0.235,0.235,0.22,0.23,3322400
MAI,20200415,0.4,0.42,0.395,0.395,71124
MAN,20200415,0.023,0.023,0.018,0.02,60191630
MAQ,20200415,26.05,26.07,25.9,26.02,2822
MAT,20200415,0.115,0.115,0.11,0.11,314523
MAU,20200415,0.66,0.7,0.66,0.7,156101
MAY,20200415,0.003,0.004,0.003,0.004,391262
MBK,20200415,0.005,0.005,0.005,0.005,17061
MCA,20200415,0.115,0.115,0.105,0.11,228023
MCE,20200415,0.215,0.24,0.215,0.22,27302
MCP,20200415,2.49,2.61,2.49,2.55,575378
MCR,20200415,0.57,0.585,0.545,0.565,1093205
MCT,20200415,0.004,0.004,0.003,0.004,1143418
MCY,20200415,4.22,4.32,4.22,4.32,6054
MDC,20200415,0.22,0.23,0.205,0.215,400636
MDI,20200415,0.011,0.012,0.009,0.01,16583400
MDR,20200415,0.415,0.415,0.39,0.4,248663
MEB,20200415,0.008,0.008,0.007,0.007,10350906
MEC,20200415,0.82,0.82,0.82,0.82,14000
MEI,20200415,0.015,0.017,0.015,0.015,6922117
MEL,20200415,0.024,0.025,0.024,0.025,188740
MEM,20200415,0.043,0.047,0.043,0.047,1041554
MEP,20200415,0.029,0.031,0.029,0.031,293079
MEU,20200415,0.04,0.04,0.036,0.037,1355063
MEY,20200415,0.058,0.061,0.056,0.061,211412
MEZ,20200415,4.2,4.28,4.12,4.15,28539
MFD,20200415,0.715,0.715,0.68,0.68,34159
MFF,20200415,2.9,2.94,2.78,2.8,514438
MFG,20200415,51.41,51.73,48.1,48.68,1229322
MGC,20200415,0.44,0.44,0.435,0.44,366436
MGE,20200415,3.99,4.03,3.98,4,531364
MGG,20200415,1.77,1.79,1.75,1.765,1076784
MGR,20200415,2.3,2.31,2.185,2.24,22538369
MGT,20200415,0.002,0.002,0.002,0.002,7270156
MGV,20200415,0.125,0.125,0.12,0.12,493026
MGX,20200415,0.745,0.755,0.73,0.74,1335871
MHC,20200415,0.005,0.005,0.005,0.005,2518260
MHG,20200415,3.3,3.3,3.26,3.3,455035
MHH,20200415,1.485,1.49,1.455,1.455,1030102
MHJ,20200415,0.335,0.39,0.335,0.36,163004
MIL,20200415,0.3,0.31,0.3,0.31,15001
MIN,20200415,16.2,16.47,16,16.37,1072867
MIO,20200415,0.105,0.12,0.1,0.12,10100
MIR,20200415,1.96,1.98,1.95,1.95,27720
MJC,20200415,0.02,0.02,0.02,0.02,1500000
MLD,20200415,0.795,0.84,0.79,0.8,365906
MLL,20200415,0.046,0.048,0.043,0.045,686800
MLM,20200415,0.008,0.009,0.008,0.009,248972
MLS,20200415,0.001,0.001,0.001,0.001,6194825
MLT,20200415,3.99,3.99,3.85,3.87,347798
MLX,20200415,0.079,0.083,0.075,0.083,954047
MME,20200415,0.91,0.965,0.845,0.94,112339
MMI,20200415,0.105,0.11,0.105,0.105,2250870
MMJ,20200415,0.14,0.15,0.135,0.14,1647256
MML,20200415,0.51,0.55,0.485,0.545,790011
MMM,20200415,1.15,1.15,1.05,1.08,1163708
MMS,20200415,7.25,7.39,6.85,6.92,553040
MNB,20200415,0.001,0.001,0.001,0.001,1000000
MND,20200415,11.4,11.68,11.09,11.24,302297
MNF,20200415,4.45,4.46,4.19,4.3,147334
MNS,20200415,0.057,0.057,0.054,0.057,224543
MNW,20200415,0.007,0.008,0.007,0.008,386194
MNY,20200415,1.55,1.59,1.385,1.405,831810
MOB,20200415,0.058,0.058,0.054,0.054,352241
MOC,20200415,0.73,0.755,0.715,0.735,158940
MOE,20200415,2.55,2.58,2.43,2.5,442632
MOT,20200415,1.59,1.59,1.525,1.525,211586
MOZ,20200415,0.76,0.76,0.7,0.72,105102
MP1,20200415,11.5,11.7,10.81,10.97,581880
MPL,20200415,2.75,2.79,2.7,2.71,16379806
MPP,20200415,0.18,0.2,0.16,0.2,84568
MPW,20200415,0.027,0.027,0.027,0.027,71442
MQG,20200415,102.86,105.23,100.04,100.96,1937178
MRC,20200415,0.26,0.26,0.255,0.255,114582
MRG,20200415,0.01,0.01,0.01,0.01,658140
MRM,20200415,0.082,0.089,0.082,0.089,474795
MRQ,20200415,0.009,0.009,0.008,0.008,5045288
MSB,20200415,2.4,2.48,2.3,2.39,8337641
MSE,20200415,0.009,0.009,0.009,0.009,1262500
MSG,20200415,0.015,0.017,0.015,0.017,50000
MSM,20200415,0.008,0.008,0.008,0.008,467300
MSR,20200415,0.002,0.002,0.002,0.002,8966645
MSV,20200415,0.44,0.46,0.42,0.435,1489536
MTC,20200415,0.165,0.175,0.155,0.16,908432
MTH,20200415,0.005,0.006,0.005,0.006,2132454
MTO,20200415,0.71,0.745,0.71,0.735,169292
MTS,20200415,2.92,2.97,2.87,2.95,4136772
MVA,20200415,17.77,17.85,17.61,17.8,21844
MVB,20200415,18.73,18.73,18.1,18.3,23343
MVE,20200415,24,24,23.65,23.71,7695
MVF,20200415,0.745,0.745,0.665,0.745,816588
MVP,20200415,8.03,8.89,8.03,8.24,521611
MVR,20200415,25.3,25.3,24.45,24.5,5314
MVS,20200415,15.5,15.62,15.5,15.6,10960
MVW,20200415,24.97,24.97,24.45,24.59,211606
MWR,20200415,0.094,0.095,0.093,0.093,204425
MWY,20200415,1.06,1.1,0.97,0.97,105211
MXC,20200415,0.03,0.032,0.023,0.028,16778047
MXI,20200415,0.165,0.175,0.165,0.175,19203
MXR,20200415,0.031,0.038,0.031,0.038,356945
MXT,20200415,1.74,1.795,1.68,1.79,727631
MYE,20200415,0.71,0.73,0.69,0.69,50039
MYL,20200415,0.043,0.048,0.041,0.043,2882971
MYQ,20200415,0.15,0.15,0.12,0.13,399735
MYR,20200415,0.19,0.23,0.185,0.21,13726077
MYS,20200415,3.8,3.91,3.75,3.9,218511
MYX,20200415,0.325,0.345,0.315,0.345,10649709
MZZ,20200415,0.17,0.17,0.155,0.16,458245
NAB,20200415,16.57,16.81,16.26,16.64,8837556
NAC,20200415,0.655,0.655,0.655,0.655,919
NAN,20200415,6.26,6.5,6.19,6.26,1276773
NBI,20200415,1.615,1.62,1.535,1.56,530982
NC6,20200415,0.024,0.024,0.022,0.022,796000
NCC,20200415,0.79,0.79,0.79,0.79,48761
NCK,20200415,4.28,4.36,4.06,4.16,257142
NCL,20200415,0.022,0.03,0.022,0.029,350520
NCM,20200415,29.45,29.73,28.72,29.31,4815811
NCR,20200415,0.008,0.008,0.008,0.008,100000
NDQ,20200415,22.93,23.05,22.88,23.05,228605
NEA,20200415,1.385,1.39,1.27,1.29,5322478
NEC,20200415,1.185,1.225,1.165,1.2,6961880
NES,20200415,0.039,0.039,0.037,0.037,91446
NET,20200415,0.069,0.071,0.058,0.065,14129568
NEU,20200415,1.35,1.47,1.32,1.47,141256
NEW,20200415,1.005,1.02,1.005,1.01,223283
NGI,20200415,1.335,1.345,1.215,1.26,1219489
NHC,20200415,1.575,1.59,1.51,1.55,3248171
NHF,20200415,5.09,5.14,4.99,5.05,1115351
NIC,20200415,0.515,0.52,0.48,0.49,2517850
NML,20200415,0.087,0.089,0.086,0.088,847216
NMT,20200415,0.175,0.175,0.157,0.157,485492
NNW,20200415,0.051,0.051,0.051,0.051,70946
NOR,20200415,0.03,0.03,0.028,0.03,87388
NOV,20200415,0.13,0.13,0.13,0.13,45316
NOX,20200415,0.215,0.225,0.195,0.195,561392
NSB,20200415,0.19,0.2,0.18,0.18,145460
NSC,20200415,0.49,0.495,0.47,0.475,171100
NSR,20200415,1.67,1.68,1.612,1.65,3764901
NST,20200415,12.93,13.31,12.7,13.02,4073005
NSX,20200415,0.12,0.12,0.12,0.12,8456
NTD,20200415,0.265,0.265,0.245,0.26,85734
NTL,20200415,0.005,0.005,0.005,0.005,475000
NTM,20200415,0.07,0.07,0.069,0.069,319765
NTO,20200415,1.4,1.42,1.33,1.33,127850
NTU,20200415,0.024,0.026,0.024,0.024,8073121
NUC,20200415,2.7,2.7,2.55,2.6,27422
NUF,20200415,5.1,5.17,4.96,5.02,1494578
NUH,20200415,0.018,0.02,0.017,0.017,3233179
NUS,20200415,0.235,0.235,0.225,0.225,64661
NVA,20200415,0.038,0.04,0.035,0.04,5163993
NVO,20200415,0.009,0.009,0.008,0.008,3578338
NVX,20200415,0.27,0.28,0.27,0.28,82356
NWC,20200415,0.009,0.009,0.007,0.007,7830561
NWE,20200415,0.003,0.003,0.003,0.003,3000000
NWH,20200415,1.82,1.92,1.8,1.85,3528097
NWL,20200415,7.7,7.95,7.26,7.87,740925
NWS,20200415,14.8,15.14,14.8,14.97,214476
NXE,20200415,0.007,0.007,0.007,0.007,329406
NXS,20200415,1.78,1.78,1.665,1.705,174292
NXT,20200415,9.43,9.63,9.15,9.28,5451598
NYR,20200415,0.14,0.15,0.14,0.15,65000
NZS,20200415,0.018,0.018,0.018,0.018,124253
OAR,20200415,0.002,0.002,0.002,0.002,921557
OBL,20200415,3.95,3.95,3.66,3.66,556165
OBM,20200415,0.17,0.185,0.16,0.17,2396614
OCC,20200415,0.37,0.38,0.335,0.35,754772
OCL,20200415,5.96,5.99,5.86,5.86,34358
ODA,20200415,0.1,0.1,0.1,0.1,123285
OEC,20200415,0.56,0.585,0.545,0.55,222607
OEL,20200415,0.006,0.006,0.005,0.006,68683328
OFX,20200415,1.17,1.195,1.155,1.185,567893
OGA,20200415,0.115,0.12,0.11,0.11,79516
OGC,20200415,2.17,2.25,2.17,2.23,918951
OIL,20200415,0.029,0.033,0.027,0.032,617448
OKU,20200415,0.26,0.265,0.25,0.25,365543
OLI,20200415,0.055,0.059,0.055,0.056,592216
OLL,20200415,0.225,0.225,0.2,0.205,1111079
OMH,20200415,0.36,0.4,0.34,0.36,493701
OML,20200415,0.925,0.96,0.82,0.83,10471617
ONE,20200415,0.051,0.051,0.05,0.05,118266
ONT,20200415,5.04,5.06,5.03,5.03,4366
ONX,20200415,0.042,0.042,0.036,0.036,188139
OOO,20200415,5.85,5.85,5.52,5.59,2498907
OPC,20200415,4.7,4.85,4.42,4.83,28361
OPH,20200415,2.27,2.27,2.21,2.24,218354
OPT,20200415,2.39,2.5,2.29,2.46,529962
OPY,20200415,0.72,0.725,0.66,0.66,291259
ORA,20200415,2.66,2.69,2.555,2.65,4337967
ORE,20200415,2.31,2.35,2.17,2.2,1315565
ORG,20200415,5.21,5.255,4.97,5.09,9722933
ORI,20200415,17.1,17.325,16.71,16.99,1669783
ORN,20200415,0.012,0.012,0.012,0.012,163014
ORR,20200415,0.34,0.34,0.33,0.33,124246
OSH,20200415,2.72,2.74,2.61,2.64,16796684
OSL,20200415,0.13,0.13,0.12,0.125,950730
OSP,20200415,0.012,0.013,0.011,0.012,1466401
OSX,20200415,0.465,0.5,0.465,0.5,87403
OTW,20200415,3.09,3.09,2.99,3.06,11875
OVH,20200415,0.22,0.245,0.22,0.245,351563
OVN,20200415,0.28,0.3,0.275,0.3,184280
OVT,20200415,0.01,0.011,0.01,0.011,1120000
OZF,20200415,14.1,14.1,13.98,14.1,6169
OZG,20200415,0.15,0.15,0.145,0.145,274217
OZL,20200415,8.93,9.16,8.65,8.73,2522551
OZR,20200415,9.95,9.96,9.8,9.8,8930
PAA,20200415,0.085,0.085,0.08,0.083,279945
PAB,20200415,0.014,0.014,0.014,0.014,244499
PAC,20200415,4.57,4.63,4.56,4.6,75718
PAF,20200415,0.71,0.72,0.685,0.72,54784
PAI,20200415,0.96,0.98,0.96,0.975,245945
PAK,20200415,0.015,0.016,0.015,0.016,109941
PAL,20200415,0.6,0.67,0.6,0.6,61696
PAR,20200415,2.03,2.19,1.75,1.77,4225163
PBH,20200415,3.98,4.04,3.66,3.7,1906424
PBP,20200415,2.03,2.03,1.9,2,64287
PCG,20200415,0.96,0.97,0.96,0.97,30423
PCI,20200415,0.94,0.95,0.91,0.92,481192
PCK,20200415,0.12,0.12,0.11,0.11,2913107
PCL,20200415,0.001,0.001,0.001,0.001,7000000
PDI,20200415,0.018,0.062,0.018,0.05,388196593
PDL,20200415,5.49,5.64,5.28,5.39,2269225
PDN,20200415,0.105,0.12,0.1,0.115,19129817
PE1,20200415,1.34,1.34,1.31,1.34,68566
PEC,20200415,0.025,0.026,0.025,0.026,134000
PEK,20200415,0.019,0.019,0.019,0.019,371246
PEN,20200415,0.17,0.18,0.155,0.155,1559050
PET,20200415,0.595,0.61,0.55,0.57,1314866
PEX,20200415,0.14,0.14,0.12,0.14,89080
PFG,20200415,0.045,0.049,0.045,0.049,102000
PFP,20200415,2.76,2.76,2.68,2.71,71006
PG1,20200415,0.095,0.095,0.092,0.092,54888
PGC,20200415,0.16,0.185,0.155,0.16,1055136
PGF,20200415,0.89,0.9,0.88,0.88,354575
PGG,20200415,1.395,1.49,1.395,1.49,301335
PGH,20200415,1.98,2.14,1.98,2.08,963530
PGL,20200415,1.17,1.2,1.02,1.05,1045634
PGM,20200415,0.016,0.016,0.015,0.016,257432
PGX,20200415,0.185,0.185,0.175,0.175,50000
PGY,20200415,0.012,0.012,0.012,0.012,30000
PIA,20200415,0.975,0.985,0.965,0.965,336833
PIC,20200415,0.79,0.8,0.785,0.785,237591
PIO,20200415,0.01,0.01,0.01,0.01,3337249
PIQ,20200415,0.29,0.3,0.27,0.27,128028
PKS,20200415,0.115,0.115,0.105,0.11,290388
PL8,20200415,0.885,0.895,0.88,0.895,456132
PLL,20200415,0.082,0.082,0.079,0.08,1877715
PLS,20200415,0.24,0.24,0.225,0.225,7194599
PM1,20200415,0.011,0.011,0.011,0.011,25700
PM8,20200415,0.155,0.155,0.15,0.15,752144
PMC,20200415,1.32,1.345,1.31,1.32,124856
PME,20200415,24.5,25.19,24.22,24.81,392222
PMV,20200415,13.98,14.08,13.06,13.36,773427
PMY,20200415,0.004,0.004,0.004,0.004,3262867
PNC,20200415,0.285,0.31,0.28,0.282,1618118
PNI,20200415,3.21,3.32,3.09,3.31,951070
PNN,20200415,0.002,0.002,0.002,0.002,200000
PNR,20200415,0.11,0.115,0.105,0.115,3453645
PNV,20200415,2.21,2.26,2.04,2.08,5688006
PNX,20200415,0.007,0.007,0.007,0.007,178916
PO3,20200415,2.89,2.89,2.75,2.75,2500
POD,20200415,0.019,0.019,0.018,0.018,43347
POS,20200415,0.037,0.038,0.035,0.035,4455933
POU,20200415,19.23,19.26,19.21,19.26,3853
POW,20200415,0.004,0.004,0.003,0.003,415533
PPC,20200415,0.82,0.82,0.73,0.765,904549
PPE,20200415,1.53,1.55,1.35,1.4,627823
PPG,20200415,0.11,0.11,0.105,0.105,106922
PPH,20200415,4.15,4.15,3.96,3.96,350690
PPK,20200415,3.35,3.44,3.06,3.26,139511
PPL,20200415,0.005,0.005,0.005,0.005,200000
PPS,20200415,0.305,0.305,0.295,0.3,952850
PPT,20200415,28,28.92,28,28.59,270766
PRN,20200415,0.97,0.98,0.85,0.935,9577119
PRO,20200415,0.45,0.46,0.45,0.45,18000
PRT,20200415,0.1,0.1,0.099,0.1,354767
PRU,20200415,1.08,1.085,1.025,1.04,5327894
PRX,20200415,0.034,0.042,0.034,0.036,2068560
PSI,20200415,2.16,2.21,2.14,2.18,84140
PSQ,20200415,1.18,1.18,1.135,1.15,188171
PSZ,20200415,0.015,0.015,0.015,0.015,419142
PTB,20200415,0.5,0.505,0.49,0.49,1159659
PTL,20200415,0.4,0.4,0.39,0.39,133595
PTM,20200415,3.44,3.44,3.34,3.39,1195379
PTR,20200415,0.04,0.04,0.035,0.035,154555
PTX,20200415,0.039,0.042,0.037,0.037,1844700
PUA,20200415,0.014,0.016,0.012,0.014,2304980
PUR,20200415,0.005,0.005,0.004,0.004,140000
PWG,20200415,0.84,0.84,0.81,0.82,179982
PWH,20200415,3.26,3.28,3.055,3.11,221796
PWL,20200415,0.11,0.12,0.11,0.12,114211
PWN,20200415,0.004,0.005,0.004,0.005,719999
PXS,20200415,0.1,0.105,0.094,0.094,374678
PXX,20200415,0.025,0.026,0.025,0.025,173361
PYC,20200415,0.08,0.081,0.076,0.08,7296999
PYG,20200415,0.58,0.58,0.58,0.58,1120
QAG,20200415,4.96,4.96,4.96,4.96,126
QAN,20200415,3.79,3.81,3.5,3.55,20372362
QAU,20200415,17.35,17.36,16.97,17.07,108080
QBE,20200415,9.24,9.34,8.74,8.79,26653780
QCB,20200415,6,6,5.99,5.99,1000
QFE,20200415,0.24,0.24,0.215,0.225,344727
QFN,20200415,7.93,7.93,7.8,7.82,14168
QFY,20200415,0.002,0.002,0.001,0.001,3138125
QHL,20200415,0.077,0.077,0.076,0.077,606538
QIP,20200415,1,1,1,1,64850
QOZ,20200415,10.86,10.86,10.65,10.74,81112
QRE,20200415,5.45,5.46,5.35,5.37,65520
QRI,20200415,1.345,1.37,1.325,1.365,234538
QTM,20200415,0.049,0.05,0.048,0.048,242739
QUB,20200415,2.39,2.435,2.365,2.39,4832699
QUE,20200415,0.024,0.04,0.024,0.04,127412
QUS,20200415,33.65,33.84,33.6,33.84,1311
QVE,20200415,0.785,0.785,0.735,0.735,158792
RAC,20200415,0.28,0.28,0.265,0.27,259921
RAG,20200415,0.003,0.003,0.003,0.003,277777
RAN,20200415,0.01,0.01,0.01,0.01,1275112
RAP,20200415,0.175,0.175,0.165,0.17,955203
RBL,20200415,0.605,0.75,0.575,0.73,4221072
RBR,20200415,0.007,0.007,0.007,0.007,70000
RCB,20200415,20.68,20.82,20.68,20.82,46525
RCE,20200415,0.34,0.34,0.315,0.325,295643
RCL,20200415,0.32,0.32,0.31,0.31,13869
RCT,20200415,1.655,1.75,1.655,1.75,2622
RDC,20200415,0.695,0.705,0.67,0.67,298943
RDF,20200415,0.39,0.4,0.39,0.4,15791
RDG,20200415,0.024,0.025,0.024,0.025,635558
RDH,20200415,0.595,0.657,0.57,0.57,33413
RDM,20200415,0.059,0.063,0.059,0.063,320700
RDN,20200415,0.005,0.005,0.004,0.004,296009
RDV,20200415,21.9,21.91,21.62,21.66,3558
RDY,20200415,1.405,1.6,1.405,1.5,84086
REA,20200415,86.6,89.08,82.19,83.13,407621
RED,20200415,0.235,0.24,0.22,0.23,3835911
REE,20200415,0.017,0.017,0.017,0.017,2880
REG,20200415,1.5,1.67,1.48,1.645,1518333
REH,20200415,8.9,9,8.79,8.9,2007770
RES,20200415,0.065,0.065,0.059,0.06,324347
REX,20200415,0.71,0.875,0.71,0.76,170756
REZ,20200415,0.01,0.012,0.01,0.01,3362501
RF1,20200415,2,2,1.96,1.99,232000
RFF,20200415,1.95,1.96,1.825,1.845,1765970
RFG,20200415,0.047,0.05,0.045,0.049,3288565
RFN,20200415,0.001,0.001,0.001,0.001,2000000
RFT,20200415,0.031,0.031,0.03,0.03,242200
RFX,20200415,0.028,0.029,0.027,0.028,714575
RGB,20200415,23.45,23.55,23.45,23.55,33146
RGI,20200415,0.046,0.046,0.046,0.046,90248
RGS,20200415,0.065,0.065,0.065,0.065,18000
RHC,20200415,65.26,66.31,63.59,64,745537
RHP,20200415,1.825,1.825,1.705,1.74,217074
RHT,20200415,0.13,0.13,0.125,0.13,1048614
RHY,20200415,0.09,0.096,0.09,0.095,36930
RIC,20200415,0.8,0.83,0.755,0.76,138206
RIM,20200415,0.004,0.004,0.004,0.004,439500
RIO,20200415,90.08,90.66,88.92,89.78,1433502
RKN,20200415,0.59,0.59,0.55,0.555,33751
RLE,20200415,0.022,0.025,0.021,0.025,262272
RLG,20200415,0.016,0.016,0.015,0.015,224464
RLT,20200415,1.12,1.12,1.12,1.12,2785
RMC,20200415,0.675,0.755,0.675,0.72,639204
RMD,20200415,25.14,25.35,24.8,25.1,1653312
RML,20200415,0.097,0.1,0.092,0.099,5537092
RMP,20200415,0.008,0.008,0.008,0.008,8000
RMS,20200415,1.165,1.167,1.12,1.135,4930921
RMX,20200415,0.003,0.003,0.003,0.003,2527609
RMY,20200415,0.25,0.26,0.25,0.26,153033
RND,20200415,1.75,1.755,1.715,1.715,3920
RNE,20200415,0.02,0.02,0.02,0.02,3099
RNO,20200415,0.075,0.075,0.065,0.073,1615063
RNU,20200415,0.008,0.008,0.008,0.008,906920
ROG,20200415,0.001,0.001,0.001,0.001,5003057
ROO,20200415,0.017,0.02,0.017,0.018,341014
RRL,20200415,4.14,4.24,4.05,4.1,4435796
RSG,20200415,0.995,1,0.937,0.965,14899720
RSH,20200415,0.091,0.092,0.085,0.086,1080964
RSM,20200415,21.5,21.6,21.5,21.6,40187
RTG,20200415,0.06,0.06,0.06,0.06,10000
RTR,20200415,0.068,0.068,0.067,0.067,405000
RUL,20200415,0.96,0.96,0.95,0.95,262543
RVR,20200415,0.072,0.072,0.066,0.066,2124475
RWC,20200415,2.61,2.74,2.56,2.72,4752385
RWD,20200415,0.089,0.089,0.089,0.089,1220
RXL,20200415,0.023,0.026,0.023,0.025,12923763
RXM,20200415,0.05,0.055,0.049,0.049,418300
RXP,20200415,0.25,0.25,0.23,0.23,176935
RYD,20200415,1.31,1.31,1.23,1.23,97393
RZI,20200415,0.49,0.51,0.465,0.465,104668
S2R,20200415,0.1,0.105,0.099,0.1,149842
S32,20200415,2.08,2.15,2.06,2.08,22289254
S66,20200415,0.41,0.41,0.41,0.41,2000
SAR,20200415,4.4,4.48,4.31,4.35,8839851
SAU,20200415,0.135,0.14,0.135,0.135,331290
SBM,20200415,2.5,2.55,2.47,2.52,6106137
SBR,20200415,0.001,0.001,0.001,0.001,2000000
SCG,20200415,2.11,2.16,2.03,2.13,30948614
SCI,20200415,0.007,0.007,0.007,0.007,3154643
SCL,20200415,0.009,0.009,0.009,0.009,1005800
SCP,20200415,2.2,2.25,2.13,2.25,6491287
SCU,20200415,0.015,0.015,0.013,0.013,2584640
SDF,20200415,2.6,2.72,2.58,2.66,4619221
SDI,20200415,0.74,0.74,0.73,0.74,123821
SDV,20200415,0.675,0.68,0.64,0.64,368847
SDX,20200415,0.052,0.052,0.05,0.05,3178698
SE1,20200415,0.004,0.004,0.004,0.004,122500
SEC,20200415,1.19,1.22,1.19,1.2,103774
SEI,20200415,0.027,0.031,0.027,0.031,371094
SEK,20200415,16.76,16.88,16.2,16.51,2227259
SEN,20200415,0.045,0.047,0.043,0.043,927911
SEQ,20200415,0.185,0.19,0.185,0.19,111719
SES,20200415,0.058,0.058,0.058,0.058,3138
SFG,20200415,0.044,0.044,0.041,0.043,914201
SFR,20200415,4.53,4.54,4.22,4.38,1212055
SFX,20200415,0.105,0.115,0.1,0.11,471017
SFY,20200415,50.92,50.92,49.9,50.1,42189
SGC,20200415,0.011,0.012,0.011,0.011,633332
SGF,20200415,1.35,1.38,1.275,1.3,254876
SGH,20200415,0.495,0.495,0.485,0.495,14516
SGM,20200415,7.2,7.23,6.79,6.95,944440
SGP,20200415,2.93,2.985,2.85,2.95,22707879
SGQ,20200415,0.095,0.096,0.092,0.092,549011
SGR,20200415,2.36,2.41,2.3,2.34,6503070
SHE,20200415,0.006,0.006,0.006,0.006,100000
SHJ,20200415,0.77,0.79,0.77,0.79,7778
SHK,20200415,0.004,0.004,0.004,0.004,7523
SHL,20200415,25.13,25.42,24.74,25.32,2740026
SHM,20200415,0.475,0.475,0.475,0.475,25000
SHV,20200415,7.25,7.45,7.23,7.43,400338
SIG,20200415,0.63,0.635,0.62,0.63,2885460
SIO,20200415,0.21,0.21,0.21,0.21,8909
SIQ,20200415,5.2,5.3,5.12,5.22,1360616
SIS,20200415,0.018,0.018,0.018,0.018,112500
SIV,20200415,0.38,0.405,0.34,0.39,80019
SKC,20200415,2.3,2.3,2.12,2.14,824905
SKF,20200415,0.12,0.13,0.12,0.13,210550
SKI,20200415,1.965,1.99,1.94,1.99,5827645
SKN,20200415,0.087,0.087,0.075,0.077,21088996
SKO,20200415,2.62,2.77,2.52,2.65,81630
SKT,20200415,0.28,0.28,0.25,0.25,256575
SKY,20200415,0.285,0.285,0.255,0.265,392632
SLC,20200415,0.765,0.765,0.695,0.7,629392
SLF,20200415,10.2,10.2,9.96,10.02,240779
SLK,20200415,3.21,3.29,3.16,3.29,74126
SLM,20200415,0.77,0.77,0.765,0.765,6084
SLR,20200415,1.795,1.86,1.75,1.78,11415703
SLX,20200415,0.3,0.34,0.295,0.31,457969
SLZ,20200415,0.075,0.075,0.065,0.065,257311
SM1,20200415,7.14,7.32,7.14,7.32,110931
SMC,20200415,0.37,0.37,0.37,0.37,1692
SMI,20200415,0.003,0.003,0.003,0.003,81622
SMN,20200415,0.5,0.5,0.47,0.47,49491
SMP,20200415,0.45,0.45,0.41,0.425,519063
SMR,20200415,1,1,0.997,1,43006
SMX,20200415,0.3,0.3,0.29,0.3,42000
SNC,20200415,0.63,0.63,0.61,0.63,96000
SND,20200415,0.46,0.46,0.42,0.42,66785
SNL,20200415,3.51,3.51,3.48,3.48,2168
SNS,20200415,0.071,0.071,0.07,0.07,19022
SOL,20200415,18.22,18.65,17.95,18.34,464278
SOM,20200415,1.21,1.4,1.21,1.25,115131
SOR,20200415,0.04,0.047,0.04,0.044,694078
SP3,20200415,0.08,0.08,0.071,0.075,134190
SPK,20200415,4.18,4.22,4.03,4.06,1395421
SPL,20200415,0.91,0.935,0.905,0.93,126700
SPT,20200415,0.485,0.6,0.485,0.495,3790309
SPX,20200415,0.13,0.135,0.13,0.13,1471257
SPY,20200415,436,443,436,442.27,208
SPZ,20200415,0.11,0.11,0.11,0.11,137436
SRG,20200415,0.25,0.275,0.25,0.265,215352
SRI,20200415,0.047,0.048,0.047,0.048,84525
SRN,20200415,0.001,0.002,0.001,0.002,1000000
SRV,20200415,2.66,2.8,2.66,2.74,19247
SSG,20200415,0.435,0.435,0.4,0.415,282518
SSM,20200415,1.975,1.975,1.84,1.865,3041564
SSO,20200415,12.66,12.66,12.48,12.48,2800
ST1,20200415,0.15,0.162,0.15,0.155,624987
STA,20200415,0.1,0.1,0.1,0.1,63241
STG,20200415,0.7,0.7,0.685,0.685,3931
STM,20200415,0.007,0.008,0.007,0.008,3293277
STN,20200415,0.35,0.35,0.345,0.35,43376
STO,20200415,4.5,4.5,4.32,4.39,11857550
STW,20200415,51.05,51.27,50.18,50.64,385965
STX,20200415,0.13,0.13,0.125,0.13,1454266
SUD,20200415,0.049,0.05,0.047,0.05,43724
SUL,20200415,6.09,6.18,5.85,5.93,2413852
SUN,20200415,9.43,9.55,9.06,9.21,3136410
SUP,20200415,0.06,0.06,0.06,0.06,9000
SVL,20200415,0.091,0.094,0.087,0.09,4683608
SVM,20200415,0.115,0.12,0.115,0.12,252304
SVW,20200415,14.12,14.49,13.66,13.93,1034293
SVY,20200415,0.425,0.44,0.38,0.435,927559
SW1,20200415,0.03,0.03,0.021,0.022,1642007
SWF,20200415,0.14,0.15,0.14,0.15,567471
SWK,20200415,0.122,0.122,0.122,0.122,170000
SWM,20200415,0.087,0.12,0.086,0.11,19861147
SXA,20200415,0.061,0.062,0.059,0.059,211000
SXE,20200415,0.455,0.455,0.425,0.425,206749
SXL,20200415,0.185,0.195,0.165,0.175,35237351
SXY,20200415,0.185,0.205,0.185,0.2,15163979
SYA,20200415,0.008,0.008,0.007,0.008,1859700
SYD,20200415,5.78,5.905,5.62,5.86,12428109
SYI,20200415,22.71,22.75,22.4,22.48,11688
SYR,20200415,0.255,0.265,0.23,0.24,6239442
SZL,20200415,1.45,1.51,1.275,1.38,447606
T3D,20200415,0.002,0.002,0.002,0.002,1150000
TAH,20200415,2.96,3.03,2.91,3,11325521
TAM,20200415,0.041,0.044,0.041,0.042,2222651
TAO,20200415,0.045,0.045,0.045,0.045,50000
TAR,20200415,0.01,0.01,0.009,0.009,335548
TAS,20200415,0.037,0.037,0.036,0.036,591890
TBR,20200415,5.66,5.67,5.58,5.67,69010
TCL,20200415,13.06,13.28,12.69,12.88,8412876
TD1,20200415,0.035,0.035,0.032,0.032,11720102
TDI,20200415,1.39,1.405,1.39,1.39,26549
TDY,20200415,0.16,0.16,0.15,0.15,25067
TEG,20200415,0.033,0.033,0.032,0.033,128784
TEK,20200415,0.21,0.215,0.2,0.2,183052
TER,20200415,0.096,0.097,0.093,0.094,1203333
TFL,20200415,0.095,0.095,0.09,0.09,37045
TGA,20200415,0.069,0.074,0.065,0.07,514032
TGF,20200415,1.17,1.2,1.155,1.19,162756
TGG,20200415,1.13,1.13,1.12,1.13,165289
TGH,20200415,0.14,0.14,0.14,0.14,40085
TGM,20200415,0.22,0.22,0.2,0.2,149546
TGN,20200415,0.14,0.14,0.14,0.14,27195
TGP,20200415,0.9,0.905,0.89,0.895,199662
TGR,20200415,3.8,3.96,3.78,3.89,1011003
THC,20200415,0.33,0.33,0.3,0.3,307434
THR,20200415,0.004,0.004,0.004,0.004,130000
TIA,20200415,0.25,0.25,0.25,0.25,2134
TIE,20200415,0.265,0.275,0.265,0.272,1270655
TKL,20200415,0.005,0.005,0.004,0.004,1655462
TKM,20200415,0.012,0.012,0.012,0.012,96774
TLG,20200415,0.28,0.29,0.28,0.285,131284
TLM,20200415,0.074,0.074,0.074,0.074,150000
TLS,20200415,3.16,3.17,3.11,3.12,21341648
TLT,20200415,3.15,3.18,3,3.01,5900
TLX,20200415,1.17,1.27,1.17,1.195,358880
TMG,20200415,0.045,0.045,0.044,0.045,244470
TMR,20200415,0.135,0.135,0.12,0.12,36000
TMT,20200415,0.07,0.071,0.069,0.07,204803
TMX,20200415,0.004,0.004,0.004,0.004,2903899
TMZ,20200415,0.022,0.022,0.022,0.022,410
TNE,20200415,8.26,8.53,8.13,8.33,1461092
TNG,20200415,0.06,0.06,0.055,0.055,411908
TNK,20200415,0.855,0.865,0.845,0.865,15600
TNR,20200415,0.011,0.012,0.011,0.012,1905195
TNT,20200415,0.053,0.057,0.052,0.053,7930637
TNY,20200415,1.485,1.5,1.21,1.225,259509
TOE,20200415,0.009,0.009,0.009,0.009,4169116
TON,20200415,0.024,0.025,0.024,0.025,222727
TOP,20200415,0.45,0.46,0.435,0.445,46381
TOT,20200415,0.91,0.92,0.9,0.915,89868
TOU,20200415,0.092,0.095,0.092,0.092,270229
TPM,20200415,7.84,7.97,7.64,7.77,1337127
TPW,20200415,3.48,3.54,3.2,3.29,379789
TRL,20200415,0.013,0.013,0.011,0.011,181913
TRS,20200415,2.8,2.8,2.65,2.76,213867
TRY,20200415,0.087,0.087,0.082,0.083,936680
TSC,20200415,0.006,0.007,0.006,0.006,9051630
TSL,20200415,0.041,0.043,0.04,0.04,378481
TSO,20200415,0.046,0.047,0.043,0.046,2845567
TTB,20200415,0.36,0.37,0.355,0.36,80072
TTI,20200415,0.013,0.013,0.013,0.013,67300
TTT,20200415,0.91,0.97,0.905,0.905,504610
TWD,20200415,2.5,2.54,2.43,2.54,11154
TWE,20200415,10.75,10.77,10.56,10.7,4398643
TWR,20200415,0.565,0.565,0.565,0.565,891
TYR,20200415,2.68,2.84,2.65,2.83,2078915
TZL,20200415,0.045,0.045,0.045,0.045,70000
UBA,20200415,18.5,18.5,18,18.13,3078
UBE,20200415,20.47,20.47,20.47,20.47,961
UBI,20200415,0.18,0.18,0.18,0.18,240391
UBJ,20200415,24.49,24.49,24.49,24.49,48
UBN,20200415,0.045,0.045,0.045,0.045,4301
UBP,20200415,28,28.02,27.95,28,2110
UBW,20200415,27.57,28,27.57,28,7742
UCM,20200415,0.285,0.285,0.265,0.265,552478
UMG,20200415,4.78,4.82,4.59,4.68,671818
UNL,20200415,0.025,0.025,0.025,0.025,21817
UNV,20200415,0.145,0.145,0.14,0.145,778141
UOS,20200415,0.7,0.7,0.7,0.7,21971
URF,20200415,0.255,0.255,0.235,0.235,79909
URW,20200415,5.12,5.14,5.03,5.03,1221163
USD,20200415,15.11,15.23,15.11,15.23,138441
UUV,20200415,0.001,0.001,0.001,0.001,570000
UWL,20200415,1.33,1.36,1.25,1.28,1427793
VAE,20200415,64.7,64.73,64,64.63,8049
VAF,20200415,51.95,52.36,51.95,52.1,39690
VAL,20200415,0.001,0.001,0.001,0.001,200000
VAN,20200415,0.13,0.14,0.13,0.13,117709
VAP,20200415,65.01,65.52,63.3,64.16,64509
VAS,20200415,69.75,70.1,68.56,69.19,406170
VCF,20200415,48.43,48.79,48.43,48.43,12387
VCX,20200415,1.38,1.43,1.34,1.4,32597593
VEA,20200415,1.365,1.382,1.32,1.35,5741664
VEE,20200415,0.45,0.46,0.45,0.46,2844
VEN,20200415,0.046,0.047,0.043,0.043,409404
VEQ,20200415,50.9,50.9,50.6,50.79,5030
VEU,20200415,67.59,67.87,67.33,67.8,47353
VG1,20200415,2.16,2.19,2.15,2.19,140314
VG8,20200415,2.18,2.2,2.15,2.19,288734
VGB,20200415,53.31,53.5,53.31,53.46,24012
VGE,20200415,61.8,62.3,61.53,62.27,7291
VGI,20200415,9.37,10.95,9.37,10.81,16305
VGL,20200415,1.18,1.36,1.18,1.32,106653
VGS,20200415,75.16,75.85,75.04,75.85,73453
VHT,20200415,1.58,1.72,1.525,1.54,1294894
VHY,20200415,47.5,47.54,46.6,46.9,73275
VIC,20200415,0.001,0.001,0.001,0.001,500000
VIF,20200415,51.41,51.77,51.25,51.55,9308
VLC,20200415,56.94,56.99,55.9,55.9,1442
VLS,20200415,0.59,0.6,0.59,0.6,11623
VLT,20200415,0.185,0.185,0.16,0.175,122482
VMC,20200415,0.19,0.19,0.185,0.185,34000
VML,20200415,0.008,0.009,0.008,0.008,9465266
VMS,20200415,0.01,0.012,0.01,0.012,106917
VMT,20200415,0.145,0.15,0.14,0.145,149002
VMX,20200415,0.18,0.18,0.175,0.175,9710
VMY,20200415,0.041,0.042,0.038,0.04,3994888
VN8,20200415,0.08,0.08,0.08,0.08,32500
VOC,20200415,2.9,2.96,2.81,2.89,2928280
VP7,20200415,0.5,0.5,0.5,0.5,10206
VPR,20200415,0.001,0.001,0.001,0.001,3500000
VR1,20200415,0.018,0.02,0.017,0.02,1783518
VR8,20200415,0.012,0.012,0.012,0.012,582548
VRC,20200415,0.006,0.006,0.006,0.006,185000
VRL,20200415,1.81,1.95,1.72,1.95,626145
VRS,20200415,0.025,0.025,0.024,0.024,722916
VRT,20200415,2.7,2.75,2.5,2.64,439176
VRX,20200415,0.061,0.063,0.06,0.06,244034
VSO,20200415,48.93,49.37,47.9,48.45,17557
VTG,20200415,1,1.05,0.942,1.035,601292
VTH,20200415,0.695,0.7,0.695,0.7,176346
VTI,20200415,0.019,0.019,0.017,0.018,259891
VTS,20200415,220,221.49,219.56,221.1,17426
VUK,20200415,1.69,1.69,1.59,1.65,5617778
VUL,20200415,0.24,0.245,0.23,0.24,344122
VVA,20200415,1.615,1.8,1.615,1.75,276647
VVR,20200415,2.37,2.4,2.355,2.4,4100125
VXR,20200415,0.085,0.085,0.084,0.084,60268
WAA,20200415,0.925,0.93,0.875,0.93,107960
WAF,20200415,0.565,0.57,0.525,0.525,8376361
WAM,20200415,2.09,2.09,2.01,2.01,1512856
WAX,20200415,1.225,1.225,1.165,1.175,239067
WBC,20200415,16.11,16.35,15.87,16.29,11269160
WBE,20200415,0.006,0.006,0.005,0.006,4708246
WBT,20200415,0.275,0.285,0.26,0.285,94057
WCN,20200415,0.003,0.003,0.003,0.003,1000000
WEB,20200415,2.7,2.84,2.66,2.77,10753535
WEC,20200415,0.058,0.058,0.058,0.058,20000
WEL,20200415,0.02,0.02,0.02,0.02,342109
WES,20200415,37.76,37.98,37.27,37.66,2039482
WGB,20200415,1.865,1.88,1.83,1.845,482405
WGN,20200415,0.925,0.95,0.865,0.87,480044
WGO,20200415,0.12,0.125,0.12,0.125,210127
WGX,20200415,2.04,2.14,2,2.09,1666145
WHC,20200415,2.04,2.08,1.96,2.06,5175696
WHF,20200415,4.42,4.42,4.35,4.39,34137
WHK,20200415,0.066,0.07,0.06,0.061,3812069
WIC,20200415,0.84,0.84,0.79,0.79,51651
WJA,20200415,0.07,0.07,0.07,0.07,4404
WKT,20200415,0.125,0.13,0.12,0.125,356293
WLE,20200415,1.03,1.03,1.01,1.025,1028943
WMI,20200415,1.16,1.165,1.135,1.165,202610
WNB,20200415,0.022,0.023,0.012,0.017,272008676
WND,20200415,0.945,0.95,0.945,0.95,34406
WOA,20200415,0.15,0.15,0.145,0.15,51183
WOR,20200415,8.1,8.2,7.43,7.61,3820619
WOW,20200415,35.89,36.65,35.89,36.21,2986025
WPL,20200415,21.57,21.58,21.03,21.22,4261747
WPP,20200415,0.25,0.27,0.24,0.25,2191081
WQG,20200415,1.095,1.11,1.095,1.1,118999
WSA,20200415,2.15,2.16,2.09,2.12,1467869
WSI,20200415,0.016,0.016,0.014,0.014,528769
WSP,20200415,1.565,1.575,1.48,1.48,169457
WTC,20200415,16,16,15.53,15.64,2142593
WWG,20200415,0.12,0.12,0.12,0.12,48213
WWI,20200415,0.011,0.011,0.01,0.011,781510
WZR,20200415,0.155,0.17,0.145,0.15,30000802
XAM,20200415,0.031,0.032,0.03,0.03,1300000
XCD,20200415,0.005,0.005,0.005,0.005,167110
XF1,20200415,0.098,0.099,0.092,0.099,184378
XPE,20200415,0.001,0.001,0.001,0.001,504842
XPL,20200415,0.048,0.048,0.048,0.048,12853
XRF,20200415,0.175,0.175,0.17,0.17,475092
XRO,20200415,80.1,82.49,79.12,79.53,647732
XTC,20200415,0.002,0.003,0.002,0.003,95644904
XTD,20200415,0.035,0.035,0.029,0.03,689473
YAL,20200415,2.13,2.15,2.1,2.12,32153
YBR,20200415,0.052,0.052,0.051,0.051,180225
YOJ,20200415,0.03,0.034,0.03,0.032,821218
YOW,20200415,0.04,0.04,0.034,0.034,375746
YPB,20200415,0.003,0.003,0.003,0.003,17892868
YRL,20200415,0.2,0.2,0.2,0.2,45425
Z1P,20200415,2.61,2.74,2.44,2.5,12367177
ZEL,20200415,2.96,2.99,2.88,2.93,125280
ZEN,20200415,1.01,1.01,0.99,0.99,387076
ZGL,20200415,0.05,0.05,0.05,0.05,48173
ZIM,20200415,11,11.25,10.99,11,2839
ZLD,20200415,0.05,0.05,0.045,0.045,2043743
ZMI,20200415,0.031,0.048,0.03,0.048,466479
ZNC,20200415,0.04,0.043,0.04,0.041,93000
ZNO,20200415,1.83,1.89,1.715,1.74,1817383
XAF,20200415,5414,5461.2,5342.9,5392.7,0
XAO,20200415,5542.5,5589.7,5476.3,5523.3,1486574700
XAT,20200415,5431.8,5476.7,5360.7,5411,0
XDJ,20200415,2080.1,2097,2070,2087.7,0
XEC,20200415,1125,1161.2,1125,1140.3,0
XEJ,20200415,7015.5,7015.5,6743.9,6801.4,0
XFJ,20200415,4375.2,4420.9,4302.4,4352.2,0
XFL,20200415,5452.1,5496.8,5376.4,5426.6,0
XGD,20200415,7243.2,7342.2,7141.2,7266.3,0
XHJ,20200415,44722.7,45499.2,43929.2,44597,0
XIJ,20200415,1213.3,1231.2,1205.4,1217.2,0
XJO,20200415,5488.1,5533,5416.4,5466.7,0
XJR,20200415,3983.3,3986.6,3899.8,3939,0
XKO,20200415,5442.9,5488.3,5373,5422.8,0
XMD,20200415,5864.5,5905.5,5783.7,5848.8,0
XMJ,20200415,11937.6,11990.7,11722,11855.5,0
XMM,20200415,3963.5,3983.3,3896.2,3938.7,0
XNJ,20200415,5343.2,5408.3,5303,5360.1,0
XPJ,20200415,1146,1158.5,1126.5,1147,0
XSJ,20200415,12224.7,12408.1,12185.2,12267.6,0
XSO,20200415,2326.3,2355.9,2307.5,2331.2,0
XTJ,20200415,1094.6,1104.2,1083.7,1086.4,0
XTL,20200415,3088,3112.9,3042.3,3073.3,0
XTO,20200415,4548.1,4584,4487,4528.1,0
XUJ,20200415,7773.2,7829,7622.6,7717.5,0
XXJ,20200415,4879.8,4930.8,4798.6,4854.2,0
