360,20200520,1.89,1.975,1.82,1.825,40945
14D,20200520,0.155,0.155,0.155,0.155,20925
1AD,20200520,0.076,0.078,0.075,0.075,203037
1AG,20200520,0.04,0.043,0.04,0.043,336088
1ST,20200520,0.03,0.03,0.029,0.03,765509
3DA,20200520,0.18,0.18,0.175,0.18,47828
3DP,20200520,0.041,0.047,0.041,0.045,1550986
3PL,20200520,0.75,0.77,0.745,0.75,333930
4DS,20200520,0.05,0.05,0.049,0.049,585489
5GN,20200520,0.89,0.925,0.89,0.905,603835
88E,20200520,0.006,0.006,0.005,0.006,46847213
8CO,20200520,0.055,0.058,0.055,0.058,157906
9SP,20200520,0.016,0.016,0.016,0.016,358606
A1M,20200520,0.305,0.31,0.305,0.31,27000
A2B,20200520,0.7,0.72,0.7,0.72,105503
A2M,20200520,17.85,18.21,17.79,18.06,2028932
A3D,20200520,0.078,0.078,0.078,0.078,27899
A4N,20200520,0.16,0.165,0.155,0.165,414597
AAA,20200520,50.08,50.09,50.08,50.08,594039
AAC,20200520,1.08,1.145,1.055,1.11,1244775
AAJ,20200520,0.003,0.003,0.003,0.003,1040000
AAR,20200520,0.155,0.155,0.15,0.15,332452
ABA,20200520,4.4,4.4,4.38,4.4,10204
ABC,20200520,2.53,2.66,2.52,2.52,1721363
ABP,20200520,2.42,2.53,2.415,2.48,1875622
ABR,20200520,0.505,0.555,0.505,0.55,1069541
ABX,20200520,0.085,0.085,0.085,0.085,13298
AC8,20200520,0.185,0.185,0.175,0.18,186590
ACB,20200520,0.013,0.013,0.012,0.012,347754
ACF,20200520,0.24,0.245,0.24,0.245,15913
ACQ,20200520,0.87,0.88,0.865,0.865,135570
ACR,20200520,0.135,0.14,0.135,0.14,40653
ACU,20200520,0.088,0.088,0.088,0.088,12000
ACW,20200520,0.019,0.02,0.019,0.02,650236
AD8,20200520,5.7,6.23,5.67,6.1,629466
ADA,20200520,0.41,0.41,0.41,0.41,24031
ADD,20200520,0.016,0.016,0.016,0.016,60000
ADH,20200520,1.575,1.722,1.565,1.705,2359324
ADI,20200520,2.22,2.37,2.22,2.31,533351
ADN,20200520,0.053,0.058,0.052,0.057,17733196
ADO,20200520,0.022,0.023,0.022,0.023,1367545
ADR,20200520,0.022,0.022,0.022,0.022,37500
ADS,20200520,0.021,0.021,0.02,0.02,756710
ADT,20200520,1.21,1.225,1.165,1.192,486714
ADX,20200520,0.005,0.005,0.005,0.005,8167
ADY,20200520,0.007,0.007,0.007,0.007,239800
AEF,20200520,5.69,6.01,5.45,5.99,286066
AEG,20200520,1.07,1.08,1.07,1.08,17058
AEI,20200520,0.75,0.78,0.73,0.75,1503137
AEV,20200520,0.008,0.008,0.008,0.008,4328
AFG,20200520,1.245,1.32,1.21,1.31,7587185
AFI,20200520,5.76,5.83,5.76,5.81,449423
AFL,20200520,0.17,0.17,0.17,0.17,12500
AFP,20200520,4.5,4.5,4.19,4.19,10738
AFR,20200520,0.02,0.02,0.02,0.02,10000
AGD,20200520,0.165,0.165,0.16,0.165,208170
AGE,20200520,0.007,0.007,0.006,0.007,32499390
AGG,20200520,8.41,8.54,8.36,8.5,13591
AGH,20200520,0.4,0.405,0.395,0.4,431615
AGI,20200520,0.455,0.475,0.445,0.455,160877
AGL,20200520,16.51,16.69,16.41,16.55,1311909
AGM,20200520,1.565,1.565,1.56,1.56,16495
AGR,20200520,0.075,0.077,0.075,0.077,292000
AGS,20200520,0.145,0.17,0.145,0.16,112577
AGY,20200520,0.05,0.054,0.05,0.052,3715036
AHF,20200520,0.078,0.079,0.077,0.077,324352
AHL,20200520,0.005,0.006,0.005,0.006,2313864
AHX,20200520,0.47,0.48,0.46,0.46,520688
AHY,20200520,1.025,1.05,1.02,1.045,211866
AHZ,20200520,7.5,7.5,7.21,7.4,8736
AIA,20200520,5.3,5.45,5.29,5.43,668652
AIZ,20200520,1.155,1.21,1.145,1.19,2475557
AJL,20200520,0.047,0.047,0.047,0.047,116305
AJM,20200520,0.042,0.045,0.042,0.045,3290429
AJQ,20200520,0.027,0.027,0.027,0.027,123144
AJX,20200520,0.046,0.046,0.041,0.046,426141
AKG,20200520,0.285,0.285,0.275,0.275,64439
AKM,20200520,0.073,0.073,0.072,0.072,30609
AKP,20200520,18,18.59,17.71,18.56,16357
AL3,20200520,0.165,0.17,0.165,0.165,117818
AL8,20200520,0.086,0.086,0.062,0.07,1914838
ALC,20200520,0.155,0.155,0.15,0.155,1013704
ALD,20200520,25.12,25.65,25,25.04,697699
ALF,20200520,0.855,0.855,0.845,0.845,166799
ALG,20200520,0.36,0.4,0.345,0.39,5950874
ALI,20200520,2.09,2.14,2.09,2.11,49818
ALK,20200520,0.76,0.84,0.745,0.825,5215750
ALL,20200520,26.6,27.585,26.59,27.34,2535599
ALQ,20200520,6.7,7.15,6.68,7,1913122
ALT,20200520,0.003,0.003,0.003,0.003,200000
ALU,20200520,34.66,36.73,34.66,36.31,556785
ALX,20200520,6.29,6.49,6.28,6.43,1572150
ALY,20200520,0.011,0.014,0.011,0.014,2157463
AMA,20200520,0.575,0.66,0.555,0.645,8368246
AMC,20200520,14.43,14.565,14.36,14.45,3199746
AMD,20200520,0.007,0.007,0.006,0.006,1527000
AME,20200520,0.064,0.064,0.063,0.063,218057
AMG,20200520,0.037,0.044,0.037,0.043,2053412
AMH,20200520,0.87,0.88,0.87,0.88,161550
AMI,20200520,0.3,0.315,0.295,0.315,4826924
AML,20200520,0.089,0.1,0.088,0.094,900831
AMN,20200520,0.375,0.39,0.36,0.375,52434
AMP,20200520,1.465,1.525,1.462,1.505,11272896
AMS,20200520,0.51,0.535,0.485,0.485,2936038
AMX,20200520,1.57,1.655,1.565,1.655,53243
ANA,20200520,0.008,0.008,0.008,0.008,221200
ANG,20200520,0.135,0.135,0.13,0.13,162107
ANL,20200520,0.002,0.002,0.002,0.002,1300000
ANN,20200520,33.65,34.62,33.57,34.53,627129
ANO,20200520,4.92,5.5,4.92,5.19,30899
ANR,20200520,0.185,0.19,0.18,0.19,22641
ANZ,20200520,15.2,15.53,15.19,15.51,5138319
AO1,20200520,0.008,0.008,0.008,0.008,296148
AOF,20200520,2.02,2.02,1.975,2.02,52723
AOP,20200520,0.267,0.267,0.265,0.265,166227
AOU,20200520,0.065,0.065,0.062,0.064,284648
APA,20200520,11.32,11.6,11.32,11.54,1463219
APC,20200520,0.05,0.051,0.05,0.05,858064
APD,20200520,0.485,0.49,0.48,0.49,108905
APE,20200520,5.5,5.52,5.17,5.47,1485267
APG,20200520,0.001,0.001,0.001,0.001,50000
APH,20200520,0.125,0.125,0.12,0.12,25157
API,20200520,1.07,1.095,1.065,1.09,1870935
APL,20200520,0.94,0.95,0.93,0.94,678196
APT,20200520,41.75,43.4,41.68,42.89,2140591
APV,20200520,0.15,0.155,0.15,0.155,236144
APX,20200520,29.26,30.09,29.22,30,664119
APZ,20200520,1.115,1.13,1.115,1.13,13744
AQD,20200520,0.014,0.014,0.014,0.014,112923
AQG,20200520,10.68,10.99,10.67,10.99,1441509
AQI,20200520,0.077,0.077,0.076,0.076,326167
AQR,20200520,3.22,3.27,3.18,3.24,14651
AQX,20200520,0.025,0.026,0.023,0.023,15221075
AQZ,20200520,2.51,2.8,2.51,2.66,709846
AR9,20200520,0.055,0.056,0.053,0.055,1639687
ARA,20200520,0.42,0.42,0.415,0.415,14387
ARB,20200520,15.01,15.39,14.74,15.27,244963
ARC,20200520,0.3,0.3,0.3,0.3,1000
ARE,20200520,0.004,0.004,0.004,0.004,2600000
ARF,20200520,2.06,2.17,2.02,2.12,1559291
ARG,20200520,7.31,7.35,7.26,7.33,215236
ARL,20200520,0.275,0.275,0.265,0.265,82589
ARM,20200520,0.013,0.015,0.013,0.015,653520
ARN,20200520,0.155,0.165,0.15,0.165,129313
ARQ,20200520,0.086,0.086,0.082,0.083,129027
ARS,20200520,0.047,0.049,0.047,0.047,8263828
ARU,20200520,0.082,0.083,0.081,0.083,994843
ARV,20200520,0.03,0.031,0.029,0.031,2349243
AS1,20200520,0.125,0.125,0.125,0.125,10810
ASB,20200520,2.8,2.97,2.79,2.92,3930708
ASG,20200520,0.87,0.885,0.85,0.885,33750
ASH,20200520,0.33,0.33,0.33,0.33,37500
ASN,20200520,0.038,0.051,0.038,0.047,58081510
AST,20200520,1.835,1.85,1.81,1.83,12487060
ASX,20200520,82.5,84.795,82.45,84.5,348872
AT1,20200520,0.375,0.39,0.37,0.37,2150990
ATC,20200520,0.046,0.052,0.046,0.052,1946149
ATH,20200520,0.018,0.02,0.018,0.02,138115
ATL,20200520,0.3,0.3,0.29,0.3,246732
ATS,20200520,0.026,0.03,0.026,0.03,12625849
ATU,20200520,0.265,0.267,0.265,0.265,233330
ATX,20200520,0.16,0.175,0.12,0.13,2364621
AU8,20200520,0.061,0.066,0.06,0.062,494763
AUB,20200520,12.47,12.71,12.21,12.44,163968
AUC,20200520,0.013,0.014,0.013,0.014,1946368
AUI,20200520,7.8,7.8,7.7,7.79,28526
AUQ,20200520,0.012,0.012,0.012,0.012,197600
AUR,20200520,0.016,0.017,0.016,0.017,426964
AUT,20200520,0.053,0.061,0.053,0.057,7488176
AUZ,20200520,0.01,0.01,0.009,0.009,8049292
AV1,20200520,0.083,0.086,0.083,0.086,243137
AVA,20200520,0.17,0.175,0.16,0.165,1286644
AVC,20200520,0.23,0.23,0.23,0.23,13043
AVE,20200520,0.007,0.007,0.007,0.007,5212500
AVG,20200520,0.4,0.4,0.38,0.38,311667
AVH,20200520,0.46,0.48,0.455,0.46,9067448
AVJ,20200520,0.385,0.395,0.385,0.395,166055
AVL,20200520,0.01,0.01,0.01,0.01,2476958
AVN,20200520,1.865,1.895,1.795,1.895,324984
AVZ,20200520,0.06,0.064,0.059,0.063,7333763
AWC,20200520,1.455,1.48,1.43,1.455,20736997
AWN,20200520,0.055,0.055,0.055,0.055,220000
AWV,20200520,0.02,0.021,0.017,0.02,12022744
AX1,20200520,1.125,1.195,1.08,1.18,3680903
AX8,20200520,0.035,0.035,0.031,0.031,33379
AXE,20200520,0.415,0.45,0.41,0.44,1507480
AYF,20200520,5.4,5.4,5.4,5.4,2000
AYR,20200520,0.016,0.016,0.016,0.016,124065
AYS,20200520,0.325,0.325,0.315,0.32,37733
AZI,20200520,0.005,0.005,0.005,0.005,1040758
AZJ,20200520,4.55,4.65,4.55,4.57,3858471
AZS,20200520,0.115,0.12,0.1,0.1,877715
AZV,20200520,0.065,0.065,0.063,0.063,215974
AZY,20200520,0.025,0.025,0.024,0.025,14999876
BAF,20200520,0.705,0.71,0.7,0.71,42322
BAP,20200520,5.39,5.72,5.35,5.69,1805875
BAR,20200520,0.016,0.017,0.016,0.017,530625
BAS,20200520,0.001,0.001,0.001,0.001,800000
BAT,20200520,0.005,0.005,0.005,0.005,647058
BBC,20200520,0.485,0.485,0.48,0.48,16843
BBL,20200520,0.38,0.42,0.38,0.42,59492
BBN,20200520,3.12,3.22,3.04,3.12,1355982
BBX,20200520,0.1,0.11,0.1,0.11,142000
BC8,20200520,0.435,0.44,0.425,0.425,177741
BCB,20200520,0.048,0.048,0.047,0.047,508000
BCC,20200520,0.165,0.165,0.155,0.155,50000
BCI,20200520,0.15,0.15,0.145,0.145,88318
BCN,20200520,0.04,0.04,0.039,0.04,862318
BCT,20200520,0.065,0.071,0.065,0.069,605254
BD1,20200520,0.025,0.027,0.025,0.026,922200
BDA,20200520,0.325,0.33,0.3,0.315,424805
BDC,20200520,0.091,0.091,0.088,0.09,3620610
BDG,20200520,0.061,0.064,0.061,0.064,80000
BEE,20200520,0.013,0.014,0.013,0.014,582250
BEM,20200520,0.038,0.039,0.038,0.039,29233
BEN,20200520,5.7,5.71,5.64,5.68,5078448
BET,20200520,0.27,0.28,0.255,0.28,2536702
BFC,20200520,0.061,0.062,0.06,0.06,524831
BFG,20200520,1.07,1.09,1.03,1.08,353341
BGA,20200520,5.36,5.45,5.15,5.17,999687
BGL,20200520,0.645,0.725,0.645,0.68,5852238
BHP,20200520,34.38,34.88,34.25,34.72,6257008
BID,20200520,0.75,0.8,0.75,0.8,78447
BIN,20200520,2.13,2.285,2.13,2.24,6303771
BIQ,20200520,0.006,0.006,0.006,0.006,209166
BIS,20200520,0.9,0.925,0.9,0.92,55459
BIT,20200520,0.09,0.092,0.09,0.091,582661
BKI,20200520,1.34,1.36,1.335,1.34,178100
BKL,20200520,77.2,79.7,77.2,78.81,55314
BKT,20200520,0.047,0.047,0.047,0.047,127307
BKW,20200520,13.1,13.6,13,13.5,258263
BKY,20200520,0.29,0.29,0.29,0.29,18500
BLD,20200520,2.56,2.635,2.51,2.57,9839369
BLG,20200520,0.023,0.024,0.022,0.023,1651377
BLK,20200520,0.012,0.012,0.011,0.012,14521821
BLU,20200520,0.017,0.017,0.016,0.016,4302881
BLV,20200520,0.13,0.13,0.12,0.12,31148
BLX,20200520,0.79,0.79,0.79,0.79,900
BLY,20200520,0.63,0.63,0.63,0.63,2093
BMG,20200520,0.002,0.002,0.002,0.002,300000
BMN,20200520,0.04,0.04,0.038,0.04,1031812
BNL,20200520,0.007,0.007,0.006,0.007,8099383
BNO,20200520,0.049,0.049,0.048,0.048,166821
BNR,20200520,0.073,0.073,0.07,0.07,84942
BOC,20200520,0.23,0.235,0.23,0.235,19615
BOE,20200520,0.067,0.068,0.066,0.067,1079908
BOL,20200520,0.087,0.087,0.087,0.087,915000
BOQ,20200520,4.81,4.89,4.76,4.87,1797992
BOT,20200520,0.044,0.044,0.043,0.044,2957914
BPL,20200520,0.019,0.019,0.019,0.019,61000
BPT,20200520,1.54,1.56,1.515,1.55,12213776
BRB,20200520,0.27,0.28,0.27,0.27,560680
BRG,20200520,19.5,21.82,19.48,21.3,510375
BRI,20200520,1.525,1.525,1.4,1.4,741
BRK,20200520,0.006,0.006,0.006,0.006,516730
BRL,20200520,0.054,0.054,0.053,0.053,252603
BRN,20200520,0.054,0.062,0.054,0.062,9294820
BRU,20200520,0.115,0.115,0.1,0.115,390348
BRV,20200520,0.03,0.031,0.026,0.031,2502428
BSA,20200520,0.265,0.265,0.262,0.265,46851
BSE,20200520,0.145,0.147,0.145,0.145,8619191
BSL,20200520,10.08,10.33,10.01,10.27,1331107
BTC,20200520,0.084,0.084,0.083,0.083,52574
BTI,20200520,0.79,0.79,0.787,0.79,16872
BUB,20200520,1.06,1.085,1.055,1.08,1947551
BUD,20200520,0.014,0.014,0.012,0.012,10955770
BUG,20200520,0.16,0.165,0.16,0.165,20000
BUY,20200520,0.007,0.007,0.007,0.007,202442
BVS,20200520,4.59,4.61,4.52,4.55,1591194
BWF,20200520,0.32,0.34,0.32,0.34,69600
BWP,20200520,3.52,3.59,3.49,3.57,715774
BWR,20200520,1.28,1.32,1.28,1.31,153749
BWX,20200520,3.58,3.8,3.5,3.76,317348
BXB,20200520,10.84,11.425,10.84,11.32,3741610
BXN,20200520,0.013,0.013,0.013,0.013,17000
BYE,20200520,0.15,0.16,0.15,0.16,928291
BYH,20200520,0.034,0.034,0.034,0.034,150000
C6C,20200520,0.55,0.55,0.54,0.54,1948
CAA,20200520,0.1,0.1,0.1,0.1,126220
CAG,20200520,0.36,0.465,0.36,0.46,105138
CAI,20200520,0.35,0.355,0.335,0.35,1400015
CAJ,20200520,0.185,0.195,0.175,0.19,7737016
CAM,20200520,0.75,0.76,0.745,0.76,50000
CAN,20200520,0.975,1.025,0.965,1.01,552258
CAP,20200520,0.024,0.025,0.024,0.025,253346
CAR,20200520,14.88,15.92,14.88,15.76,1076104
CAT,20200520,1.27,1.43,1.25,1.4,1217326
CAV,20200520,0.002,0.003,0.002,0.003,21430000
CAY,20200520,0.12,0.12,0.115,0.115,488714
CBA,20200520,59.1,60.1,59.02,60.07,2628015
CBE,20200520,0.175,0.175,0.175,0.175,4176
CBR,20200520,1.93,2.09,1.93,2.04,556844
CCA,20200520,0.07,0.072,0.065,0.068,570894
CCE,20200520,0.001,0.001,0.001,0.001,1505000
CCG,20200520,0.07,0.071,0.07,0.071,137267
CCL,20200520,8.47,8.6,8.42,8.58,1968305
CCP,20200520,14.47,15.45,14.35,15.43,653610
CCV,20200520,0.195,0.2,0.19,0.2,178092
CCX,20200520,2.49,2.75,2.45,2.63,892147
CCZ,20200520,0.021,0.021,0.019,0.019,16497352
CD1,20200520,0.8,0.8,0.77,0.77,48081
CD2,20200520,0.97,1.01,0.97,1.01,44035
CD3,20200520,1,1.005,1,1.005,38267
CDA,20200520,6.45,6.69,6.41,6.65,458401
CDD,20200520,0.3,0.305,0.295,0.3,530741
CDM,20200520,0.575,0.595,0.57,0.575,262811
CDP,20200520,3.13,3.16,3.12,3.13,26042
CDT,20200520,0.007,0.007,0.007,0.007,770000
CDV,20200520,0.41,0.435,0.41,0.43,1746473
CDX,20200520,0.023,0.023,0.022,0.022,1236243
CEL,20200520,0.23,0.245,0.22,0.245,2259034
CEN,20200520,5.85,5.85,5.84,5.85,11552
CFE,20200520,0.002,0.002,0.002,0.002,8729000
CFO,20200520,0.037,0.037,0.034,0.034,100539
CG1,20200520,0.22,0.225,0.22,0.22,202011
CGC,20200520,2.9,3.21,2.89,3.19,5246564
CGF,20200520,4.38,4.65,4.35,4.61,3599969
CGL,20200520,2.93,2.95,2.83,2.87,327178
CGN,20200520,0.009,0.009,0.009,0.009,1000
CGO,20200520,0.09,0.09,0.09,0.09,230124
CGR,20200520,0.295,0.305,0.29,0.295,272085
CGS,20200520,0.32,0.33,0.31,0.32,34444
CHC,20200520,8.14,8.63,8.07,8.55,2952893
CHK,20200520,0.006,0.006,0.006,0.006,9038137
CHN,20200520,1.14,1.24,1.14,1.24,3239557
CHZ,20200520,0.079,0.089,0.079,0.088,2713231
CI1,20200520,0.032,0.032,0.031,0.032,181429
CIA,20200520,2.51,2.65,2.47,2.61,966908
CIE,20200520,0.575,0.58,0.57,0.57,193678
CIM,20200520,23.6,23.79,23.15,23.73,267462
CIN,20200520,21.55,21.55,21.22,21.22,13720
CIO,20200520,0.024,0.024,0.024,0.024,37499
CIP,20200520,2.63,2.65,2.61,2.65,794577
CKA,20200520,0.044,0.044,0.04,0.044,565497
CKF,20200520,7.28,7.5,7.15,7.43,359850
CL1,20200520,1.33,1.375,1.33,1.35,46333
CL8,20200520,0.009,0.009,0.009,0.009,1134877
CLA,20200520,0.009,0.009,0.008,0.008,161999
CLB,20200520,0.085,0.095,0.085,0.095,96014
CLF,20200520,1.03,1.03,1.03,1.03,1500
CLQ,20200520,0.19,0.195,0.185,0.19,679124
CLT,20200520,0.048,0.049,0.045,0.045,225507
CLV,20200520,2.51,2.58,2.42,2.53,1547968
CLW,20200520,4.03,4.17,4.03,4.1,1655513
CLZ,20200520,0.002,0.002,0.001,0.001,15243140
CM8,20200520,0.026,0.026,0.024,0.025,2499083
CML,20200520,0.012,0.013,0.012,0.012,763000
CMM,20200520,1.56,1.625,1.545,1.625,1577308
CMP,20200520,0.51,0.53,0.51,0.525,78463
CMW,20200520,0.73,0.745,0.73,0.74,3388878
CNB,20200520,0.09,0.095,0.09,0.091,834809
CNI,20200520,1.53,1.64,1.52,1.605,944085
CNJ,20200520,0.006,0.006,0.006,0.006,67350
CNU,20200520,6.71,7.11,6.71,7.03,665628
CNW,20200520,0.02,0.022,0.02,0.022,27089
COB,20200520,0.105,0.105,0.105,0.105,7144
COE,20200520,0.395,0.41,0.395,0.4,3324479
COF,20200520,1.86,1.92,1.84,1.9,1201705
COG,20200520,0.041,0.041,0.039,0.039,1739099
COH,20200520,183.2,187.19,182.85,186.41,183069
COI,20200520,0.078,0.085,0.078,0.085,156999
COL,20200520,15.09,15.27,15.07,15.26,2631848
COO,20200520,0.055,0.059,0.055,0.059,206422
COS,20200520,0.35,0.36,0.35,0.36,250927
CP1,20200520,0.093,0.093,0.093,0.093,989
CPH,20200520,0.07,0.07,0.067,0.067,892538
CPT,20200520,0.02,0.023,0.016,0.018,173740
CPU,20200520,12.05,12.86,12.02,12.68,2126239
CPV,20200520,0.155,0.155,0.145,0.155,151224
CQE,20200520,2.21,2.28,2.19,2.25,598333
CQR,20200520,3.07,3.13,3.05,3.1,2178422
CR1,20200520,0.275,0.285,0.275,0.28,93494
CRN,20200520,1.105,1.12,1.055,1.055,570879
CRO,20200520,0.003,0.003,0.003,0.003,5900000
CRS,20200520,0.125,0.125,0.125,0.125,211900
CSL,20200520,301.01,304.8,300.64,300.96,791871
CSR,20200520,3.62,3.71,3.61,3.65,1614319
CSS,20200520,0.65,0.665,0.65,0.65,137103
CST,20200520,0.145,0.16,0.14,0.155,1966485
CT1,20200520,0.029,0.029,0.028,0.028,172888
CTD,20200520,11,11.56,10.8,11.34,383258
CTM,20200520,0.25,0.28,0.25,0.28,1982874
CTO,20200520,0.004,0.005,0.004,0.005,3128523
CTP,20200520,0.09,0.09,0.087,0.089,441015
CUE,20200520,0.083,0.083,0.081,0.083,192401
CUL,20200520,0.009,0.01,0.009,0.009,1200377
CUP,20200520,0.9,0.93,0.89,0.93,113462
CUV,20200520,21.85,23.71,21.61,23.04,178435
CUX,20200520,0.005,0.005,0.005,0.005,200000
CV1,20200520,0.082,0.082,0.081,0.081,21621
CVC,20200520,1.12,1.12,1.12,1.12,15000
CVF,20200520,0.79,0.79,0.77,0.785,188072
CVL,20200520,0.415,0.415,0.415,0.415,1500
CVN,20200520,0.235,0.24,0.23,0.23,2696028
CVW,20200520,0.22,0.225,0.22,0.225,291580
CWL,20200520,0.084,0.084,0.084,0.084,1095
CWN,20200520,9.37,9.62,9.35,9.52,1159195
CWP,20200520,4.69,4.72,4.56,4.6,133555
CWX,20200520,0.19,0.2,0.185,0.2,159229
CWY,20200520,1.84,1.867,1.82,1.845,6000894
CWZ,20200520,0.13,0.13,0.13,0.13,56183
CXL,20200520,0.74,0.785,0.74,0.77,12094
CXM,20200520,0.036,0.036,0.03,0.03,50000
CXO,20200520,0.056,0.06,0.056,0.06,2840805
CXZ,20200520,0.014,0.015,0.014,0.014,1527911
CY5,20200520,0.048,0.048,0.048,0.048,40000
CYC,20200520,1.36,1.36,1.36,1.36,1797
CYG,20200520,0.64,0.64,0.64,0.64,2500
CYL,20200520,3.09,3.09,2.91,2.91,20945
CYM,20200520,0.13,0.13,0.13,0.13,1197
CYP,20200520,0.69,0.705,0.69,0.7,314561
CYQ,20200520,0.001,0.001,0.001,0.001,24489634
CZI,20200520,0.12,0.12,0.115,0.115,235482
CZR,20200520,0.01,0.011,0.01,0.01,5359147
D2O,20200520,1.37,1.39,1.345,1.37,68305
DAF,20200520,0.022,0.024,0.022,0.024,650000
DAU,20200520,0.03,0.03,0.03,0.03,33333
DBF,20200520,1.275,1.275,1.275,1.275,9500
DCC,20200520,0.03,0.03,0.028,0.03,432170
DCL,20200520,0.055,0.062,0.055,0.062,496862
DCN,20200520,0.44,0.46,0.437,0.46,7115894
DCX,20200520,0.004,0.005,0.004,0.004,303342
DDD,20200520,0.002,0.002,0.002,0.002,3750000
DDR,20200520,7.03,7.36,6.98,7.36,477342
DEG,20200520,0.395,0.4,0.38,0.39,6067652
DEM,20200520,0.19,0.19,0.19,0.19,64722
DEV,20200520,0.093,0.097,0.092,0.097,1105819
DGH,20200520,1.16,1.16,1.16,1.16,439
DGO,20200520,2.4,2.4,2.21,2.21,2228
DGR,20200520,0.066,0.066,0.063,0.063,906433
DHG,20200520,2.85,3.15,2.85,3.09,2360295
DHR,20200520,0.002,0.002,0.002,0.002,1822043
DJW,20200520,2.38,2.41,2.37,2.39,101947
DKM,20200520,0.165,0.165,0.14,0.145,878302
DMP,20200520,57.83,59.14,57.64,58.68,231372
DNA,20200520,0.038,0.04,0.038,0.04,374340
DNK,20200520,0.38,0.45,0.38,0.43,106337
DOW,20200520,4.12,4.29,4.07,4.23,2935160
DRE,20200520,0.005,0.005,0.005,0.005,5926242
DRO,20200520,0.11,0.11,0.105,0.105,418213
DSE,20200520,0.058,0.058,0.056,0.058,383518
DTC,20200520,0.87,0.94,0.86,0.91,233643
DTI,20200520,0.029,0.029,0.029,0.029,3446
DTL,20200520,4.6,4.73,4.53,4.65,460692
DTM,20200520,0.056,0.056,0.056,0.056,67107
DTR,20200520,0.002,0.002,0.002,0.002,6120008
DTS,20200520,0.115,0.115,0.11,0.11,157895
DTZ,20200520,0.079,0.08,0.078,0.078,410970
DUB,20200520,1.165,1.19,1.15,1.16,424286
DUI,20200520,4.05,4.07,4,4.07,94776
DVL,20200520,0.025,0.025,0.021,0.021,204589
DW8,20200520,0.006,0.006,0.006,0.006,13167824
DWS,20200520,0.73,0.74,0.73,0.74,41660
DXB,20200520,0.26,0.265,0.26,0.26,278672
DXN,20200520,0.01,0.01,0.009,0.009,16408939
DXS,20200520,8.72,8.78,8.61,8.71,6741551
DYL,20200520,0.25,0.25,0.245,0.25,46364
E25,20200520,0.39,0.4,0.33,0.345,4459179
EAF,20200520,1.22,1.22,1.22,1.22,139138
EAI,20200520,0.975,0.975,0.972,0.975,59999
EBO,20200520,20.2,20.4,20.2,20.2,1859
ECF,20200520,0.945,0.96,0.94,0.94,45999
ECG,20200520,0.022,0.022,0.022,0.022,65000
ECP,20200520,1,1.01,1,1.01,20458
ECS,20200520,0.03,0.03,0.028,0.029,677489
ECT,20200520,0.001,0.002,0.001,0.002,9358616
ECX,20200520,0.9,0.985,0.86,0.955,3146125
ED1,20200520,0.52,0.53,0.52,0.53,26284
EDC,20200520,1.005,1.01,1.005,1.01,4040
EDE,20200520,0.036,0.037,0.036,0.036,365962
EEG,20200520,0.24,0.255,0.23,0.245,417814
EEU,20200520,15.99,15.99,15.99,15.99,1
EFF,20200520,1.35,1.35,1.35,1.35,8250
EGF,20200520,1.58,1.58,1.58,1.58,72650
EGG,20200520,1.245,1.245,1.24,1.24,183428
EGH,20200520,0.32,0.32,0.315,0.32,70383
EHE,20200520,1.46,1.51,1.422,1.48,1466679
EHL,20200520,1.02,1.115,0.965,1.1,9986450
EHX,20200520,0.081,0.082,0.08,0.082,242677
ELD,20200520,9.94,10.32,9.81,9.98,1488806
ELO,20200520,6.35,6.71,6.31,6.43,171888
ELS,20200520,0.335,0.34,0.325,0.335,37532
ELX,20200520,0.49,0.495,0.49,0.495,6413
EM1,20200520,0.01,0.01,0.01,0.01,38000
EMB,20200520,11,11,10.02,10.02,475
EMD,20200520,0.061,0.063,0.061,0.063,127655
EMH,20200520,0.22,0.22,0.21,0.22,35998
EML,20200520,3.38,3.81,3.32,3.71,11401434
EMN,20200520,0.075,0.075,0.075,0.075,100000
EMP,20200520,0.033,0.033,0.027,0.029,1526786
EMR,20200520,0.485,0.49,0.485,0.49,234143
EMT,20200520,0.014,0.014,0.014,0.014,530513
EMU,20200520,0.014,0.014,0.014,0.014,30000
EMV,20200520,0.895,0.92,0.88,0.91,83976
EN1,20200520,0.011,0.011,0.01,0.01,790400
ENN,20200520,1.17,1.17,1.125,1.125,285316
ENR,20200520,0.115,0.12,0.115,0.12,94200
ENT,20200520,0.012,0.013,0.012,0.013,278712
EOF,20200520,2.95,3,2.91,2.95,56145
EOL,20200520,3.55,3.55,3.55,3.55,624
EOS,20200520,4.92,5.36,4.84,5.26,1926724
EPD,20200520,0.39,0.4,0.38,0.39,156067
EPM,20200520,0.007,0.007,0.007,0.007,243654
EQE,20200520,0.007,0.008,0.007,0.008,1485322
EQT,20200520,23.3,24.49,23.3,23.45,7957
EQX,20200520,0.25,0.275,0.25,0.275,76895
ERA,20200520,0.175,0.18,0.175,0.175,132479
ERF,20200520,0.81,0.81,0.8,0.8,62044
ERG,20200520,0.06,0.06,0.06,0.06,18000
ERM,20200520,0.094,0.105,0.094,0.099,695451
ERX,20200520,0.06,0.062,0.06,0.06,1374598
ESH,20200520,0.007,0.007,0.007,0.007,712221
ESK,20200520,0.14,0.14,0.14,0.14,6457
EUC,20200520,0.016,0.017,0.016,0.017,606878
EUR,20200520,0.047,0.047,0.047,0.047,40964
EVE,20200520,0.005,0.005,0.005,0.005,3576664
EVN,20200520,6.01,6.18,5.96,6.09,11043517
EVO,20200520,0.097,0.1,0.094,0.098,5861165
EVS,20200520,0.122,0.125,0.12,0.12,1190134
EVT,20200520,7.72,7.72,7.57,7.67,79895
EVZ,20200520,0.078,0.078,0.078,0.078,7173
EWC,20200520,0.072,0.072,0.067,0.067,318571
EX1,20200520,0.2,0.21,0.19,0.21,98179
EXL,20200520,0.22,0.225,0.21,0.22,1058380
EXP,20200520,0.115,0.12,0.115,0.12,185880
EXR,20200520,0.024,0.025,0.024,0.024,3349196
EZL,20200520,0.94,0.96,0.94,0.955,109495
FAM,20200520,0.03,0.03,0.028,0.028,222333
FAR,20200520,0.015,0.015,0.015,0.015,17341035
FAU,20200520,0.009,0.01,0.009,0.01,212336
FBR,20200520,0.023,0.023,0.022,0.022,1615962
FBU,20200520,3.1,3.23,3.03,3.08,1550331
FCL,20200520,3.1,3.15,3.06,3.15,41249
FDV,20200520,0.99,0.99,0.975,0.99,98629
FEL,20200520,0.014,0.014,0.014,0.014,400000
FEX,20200520,0.073,0.075,0.07,0.072,2127499
FFG,20200520,0.007,0.007,0.007,0.007,19217
FFL,20200520,0.25,0.25,0.235,0.235,59312
FFR,20200520,0.042,0.042,0.042,0.042,15000
FGG,20200520,1.14,1.145,1.13,1.145,410950
FGR,20200520,0.125,0.13,0.125,0.125,88726
FGX,20200520,0.935,0.94,0.93,0.935,209929
FHS,20200520,0.029,0.032,0.028,0.031,1991592
FID,20200520,4.84,4.84,4.78,4.78,1786
FLC,20200520,0.295,0.3,0.29,0.3,452299
FLN,20200520,0.43,0.46,0.43,0.445,270501
FLT,20200520,10.5,11.04,10.31,10.75,2947550
FMG,20200520,13.66,13.98,13.66,13.9,8118259
FML,20200520,0.29,0.29,0.27,0.27,143530
FMS,20200520,0.018,0.021,0.018,0.021,2434842
FNP,20200520,4.33,4.43,4.27,4.3,952311
FNT,20200520,0.011,0.012,0.011,0.011,9946453
FOD,20200520,0.057,0.057,0.054,0.055,1835129
FOR,20200520,0.81,0.81,0.8,0.805,144090
FPC,20200520,0.83,0.845,0.83,0.84,39716
FPH,20200520,27.43,28.09,27.34,27.86,518895
FRI,20200520,0.61,0.615,0.6,0.605,75934
FRM,20200520,0.27,0.27,0.27,0.27,1124
FRN,20200520,0.028,0.029,0.028,0.029,825687
FSA,20200520,0.865,0.865,0.84,0.85,75861
FSF,20200520,3.36,3.4,3.36,3.4,1200
FSG,20200520,0.03,0.032,0.03,0.03,332966
FTT,20200520,0.003,0.003,0.003,0.003,500000
FUN,20200520,0.02,0.021,0.02,0.021,72287
FWD,20200520,1.58,1.58,1.515,1.54,250310
FXL,20200520,0.955,1.11,0.935,1.11,7876364
FZO,20200520,0.15,0.17,0.15,0.165,2034402
FZR,20200520,0.15,0.15,0.15,0.15,1000
G1A,20200520,0.195,0.2,0.19,0.195,2924820
G88,20200520,0.03,0.032,0.03,0.032,235546
GAL,20200520,0.225,0.23,0.22,0.225,447347
GAS,20200520,0.56,0.56,0.515,0.535,33000
GBR,20200520,0.031,0.031,0.029,0.03,1006718
GBZ,20200520,0.069,0.069,0.069,0.069,73173
GCI,20200520,1.69,1.71,1.685,1.7,194012
GDF,20200520,0.93,0.955,0.91,0.935,409677
GDG,20200520,0.65,0.65,0.65,0.65,13000
GDI,20200520,1.015,1.045,1.005,1.04,1641044
GDX,20200520,56.98,57.45,56.72,57.24,67300
GED,20200520,0.006,0.006,0.006,0.006,268071
GEM,20200520,0.86,0.932,0.86,0.915,6742564
GEV,20200520,0.065,0.065,0.065,0.065,18964
GFL,20200520,1.7,1.7,1.7,1.7,4500
GGG,20200520,0.125,0.125,0.12,0.125,1318862
GIB,20200520,0.039,0.039,0.038,0.039,315384
GID,20200520,0.002,0.002,0.002,0.002,2389540
GLH,20200520,0.14,0.14,0.14,0.14,657
GLL,20200520,0.35,0.35,0.312,0.34,738254
GLN,20200520,0.155,0.155,0.145,0.145,43092
GLV,20200520,0.001,0.001,0.001,0.001,2015050
GMA,20200520,1.91,2.19,1.91,2.12,1342797
GMD,20200520,0.034,0.036,0.034,0.036,2073572
GME,20200520,0.036,0.036,0.034,0.034,437598
GMG,20200520,14.44,14.78,14.44,14.75,2959902
GML,20200520,0.014,0.015,0.014,0.014,908200
GMN,20200520,0.052,0.052,0.05,0.05,222224
GMV,20200520,0.096,0.099,0.081,0.082,45177225
GNC,20200520,3.9,4.06,3.88,3.9,2326065
GNG,20200520,0.65,0.65,0.65,0.65,2000
GNM,20200520,0.007,0.01,0.007,0.009,1935388
GNX,20200520,0.18,0.185,0.18,0.185,180755
GO2,20200520,0.048,0.049,0.046,0.046,351333
GOR,20200520,1.745,1.805,1.727,1.775,7747648
GOZ,20200520,2.9,3.02,2.89,2.98,878902
GPR,20200520,0.45,0.465,0.44,0.465,560127
GPT,20200520,4.02,4.06,3.96,4.01,41354385
GRB,20200520,0.052,0.052,0.052,0.052,280193
GRL,20200520,0.17,0.17,0.155,0.16,23075
GRR,20200520,0.24,0.245,0.24,0.24,1239948
GSN,20200520,0.065,0.07,0.065,0.068,279817
GSS,20200520,2.02,2.1,2.01,2.04,480058
GSW,20200520,0.695,0.74,0.69,0.74,61770
GTE,20200520,0.002,0.002,0.002,0.002,750000
GTG,20200520,0.006,0.007,0.006,0.007,130500
GTK,20200520,1.355,1.355,1.34,1.35,48217
GTN,20200520,0.36,0.465,0.36,0.45,324881
GTR,20200520,0.042,0.044,0.039,0.04,29623916
GUD,20200520,9.19,9.37,9.03,9.3,289983
GVF,20200520,0.905,0.905,0.905,0.905,96000
GWA,20200520,2.68,2.83,2.68,2.76,781105
GWR,20200520,0.07,0.07,0.07,0.07,18383
GXY,20200520,0.755,0.87,0.755,0.845,5730656
HAS,20200520,0.095,0.095,0.085,0.091,1191226
HAV,20200520,0.1,0.1,0.099,0.1,71303
HAW,20200520,0.16,0.165,0.16,0.165,197625
HCD,20200520,0.019,0.019,0.019,0.019,234800
HCH,20200520,0.02,0.02,0.018,0.02,1308900
HCT,20200520,0.16,0.165,0.16,0.16,1062325
HE8,20200520,0.089,0.089,0.087,0.089,13382
HFR,20200520,0.38,0.38,0.355,0.37,45195
HGO,20200520,0.033,0.035,0.03,0.035,190250
HIL,20200520,0.205,0.205,0.195,0.195,156258
HIP,20200520,0.016,0.016,0.015,0.015,2141489
HIT,20200520,1.46,1.5,1.45,1.45,3390
HLA,20200520,1.005,1.02,0.97,1.02,120197
HLO,20200520,1.45,1.5,1.42,1.485,871602
HLS,20200520,2.4,2.44,2.36,2.43,629027
HM1,20200520,2.99,3.03,2.95,3,103040
HMC,20200520,2.83,2.85,2.79,2.8,75925
HMD,20200520,0.11,0.115,0.11,0.115,279881
HMX,20200520,0.026,0.026,0.025,0.025,535228
HNG,20200520,0.2,0.2,0.19,0.19,9520
HNR,20200520,0.006,0.006,0.006,0.006,1653737
HOT,20200520,0.096,0.096,0.096,0.096,8850
HPI,20200520,2.55,2.68,2.5,2.64,549844
HRR,20200520,0.046,0.052,0.046,0.05,453225
HRZ,20200520,0.105,0.105,0.1,0.105,2228884
HSC,20200520,0.005,0.005,0.005,0.005,1500000
HSN,20200520,3.29,3.33,3.23,3.26,530780
HT1,20200520,1.21,1.21,1.16,1.19,99216
HT8,20200520,0.033,0.034,0.03,0.03,128300
HTA,20200520,0.15,0.15,0.15,0.15,142376
HTG,20200520,0.115,0.125,0.115,0.125,317279
HUB,20200520,10.25,10.72,10.16,10.51,427541
HUO,20200520,3.62,3.62,3.6,3.6,339287
HVM,20200520,0.2,0.2,0.195,0.195,99047
HVN,20200520,2.89,2.99,2.89,2.97,3711000
HWH,20200520,0.03,0.032,0.03,0.03,424152
HWK,20200520,0.009,0.009,0.009,0.009,510222
HXG,20200520,0.064,0.064,0.064,0.064,119104
HZN,20200520,0.062,0.077,0.061,0.073,2103611
HZR,20200520,0.42,0.435,0.42,0.435,247921
IAA,20200520,91.99,92.4,91.5,92.29,6752
IAF,20200520,116.01,116.01,115.92,116,12557
IAG,20200520,5.38,5.51,5.38,5.48,3657906
IAM,20200520,0.001,0.001,0.001,0.001,1794910
IAP,20200520,1.22,1.24,1.18,1.21,815468
IBC,20200520,0.42,0.425,0.42,0.425,21485
IBG,20200520,0.008,0.009,0.008,0.009,1172724
IBX,20200520,0.027,0.028,0.025,0.026,67485964
ICE,20200520,0.145,0.145,0.14,0.145,51634
ICG,20200520,0.001,0.001,0.001,0.001,19535000
ICI,20200520,0.02,0.022,0.02,0.021,143652
ICN,20200520,0.012,0.012,0.012,0.012,50000
ICQ,20200520,0.26,0.26,0.25,0.255,218663
ICT,20200520,0.038,0.038,0.038,0.038,150000
ID8,20200520,0.093,0.096,0.085,0.096,260253
IDA,20200520,0.026,0.027,0.026,0.027,1400000
IDT,20200520,0.155,0.155,0.15,0.15,82967
IDX,20200520,3.4,3.53,3.37,3.51,1542355
IDZ,20200520,0.004,0.004,0.004,0.004,6231
IEL,20200520,14.74,15.17,14.74,14.89,712915
IEM,20200520,56.82,57.24,56.23,56.23,53138
IEU,20200520,57.5,57.5,56.76,56.93,15047
IFL,20200520,4.2,4.34,4.16,4.32,1065374
IFM,20200520,1.595,1.62,1.58,1.59,980909
IFN,20200520,0.565,0.565,0.557,0.56,1165429
IFT,20200520,4.38,4.46,4.38,4.46,625
IGB,20200520,114.62,114.71,114.62,114.7,398
IGL,20200520,0.85,0.92,0.84,0.92,1116136
IGO,20200520,4.97,5.09,4.89,5.03,2161627
IHD,20200520,11.28,11.42,11.25,11.36,44238
IHL,20200520,0.049,0.051,0.049,0.05,971113
IHR,20200520,0.068,0.072,0.068,0.072,142000
IJH,20200520,254.43,254.55,254.43,254.55,294
IJP,20200520,80.5,80.9,80.1,80.89,2519
IJR,20200520,94.66,95.7,94.51,95.46,2883
IKE,20200520,0.65,0.695,0.65,0.695,30730
IKO,20200520,82,82,81.13,81.22,881
ILB,20200520,124.66,124.66,124.3,124.31,259
ILC,20200520,21.26,21.5,21.25,21.49,11008
ILU,20200520,7.94,8.2,7.89,8.16,1491856
IMA,20200520,0.15,0.15,0.14,0.15,2815755
IMC,20200520,0.079,0.081,0.078,0.081,84635
IMD,20200520,1.01,1.115,0.985,1.05,878349
IME,20200520,0.034,0.035,0.033,0.034,2905284
IMM,20200520,0.155,0.172,0.155,0.17,4421898
IMR,20200520,1.295,1.3,1.25,1.3,15525
IMS,20200520,0.004,0.004,0.004,0.004,160015
IMU,20200520,0.033,0.033,0.032,0.033,16922053
INA,20200520,3.72,3.87,3.68,3.85,1249393
INF,20200520,0.034,0.036,0.033,0.036,108119
ING,20200520,3.14,3.2,3.12,3.18,595856
INP,20200520,0.018,0.018,0.018,0.018,100000
INR,20200520,0.11,0.115,0.105,0.115,5770303
INV,20200520,0.075,0.075,0.075,0.075,27077
IOD,20200520,0.13,0.14,0.13,0.13,550593
IOO,20200520,76.75,76.75,76.05,76.2,11499
IOZ,20200520,22.49,22.89,22.49,22.84,547850
IP1,20200520,0.008,0.008,0.007,0.007,31599
IPD,20200520,0.04,0.042,0.04,0.042,563508
IPH,20200520,7.28,7.55,7.25,7.46,399814
IPL,20200520,1.935,1.98,1.93,1.95,10033322
IPT,20200520,0.013,0.013,0.013,0.013,3276162
IRE,20200520,10.55,11,10.55,10.94,317341
IRI,20200520,3.2,3.26,3.14,3.25,86882
ISD,20200520,0.145,0.15,0.14,0.145,220277
ISO,20200520,4.29,4.4,4.29,4.4,1756
ISU,20200520,0.195,0.205,0.195,0.205,26622
ITG,20200520,0.35,0.355,0.32,0.325,137241
IVC,20200520,10.92,11.22,10.85,11.13,493912
IVE,20200520,87.59,87.59,86.74,87.19,2239
IVR,20200520,0.019,0.02,0.019,0.02,4616045
IVV,20200520,449.5,451.31,448.5,449.42,10200
IVX,20200520,0.008,0.009,0.008,0.008,134582
IVZ,20200520,0.025,0.026,0.024,0.024,708477
IXI,20200520,77.87,77.87,76.41,76.41,1591
IXJ,20200520,105.1,105.19,104.55,104.61,7449
IXR,20200520,0.008,0.008,0.007,0.008,2631395
IXU,20200520,0.017,0.017,0.017,0.017,5411
IZZ,20200520,59.99,60.4,59.95,60.4,2127
JAN,20200520,0.31,0.31,0.29,0.3,630566
JAT,20200520,0.042,0.044,0.041,0.042,2903184
JAY,20200520,0.16,0.16,0.15,0.15,11508
JBH,20200520,35.01,35.77,34.79,35.36,472755
JDR,20200520,0.012,0.013,0.011,0.011,12093861
JHC,20200520,0.545,0.57,0.53,0.555,597669
JHG,20200520,29.28,30.12,29.28,29.81,316047
JHL,20200520,0.025,0.025,0.025,0.025,3680
JHX,20200520,24.01,24.19,23.435,23.8,1753250
JIN,20200520,11.99,12.37,11.74,12.33,846488
JLG,20200520,2.36,2.54,2.36,2.48,598307
JMS,20200520,0.28,0.285,0.275,0.285,1558602
JPR,20200520,0.023,0.025,0.022,0.025,141133
JRL,20200520,0.305,0.305,0.305,0.305,3250
JRV,20200520,0.185,0.185,0.18,0.185,39299
JXT,20200520,0.036,0.038,0.036,0.038,100000
K2F,20200520,0.22,0.225,0.22,0.225,9034
KAM,20200520,0.045,0.045,0.045,0.045,12000
KAR,20200520,0.545,0.592,0.535,0.58,5590756
KAU,20200520,0.34,0.355,0.31,0.315,848404
KCN,20200520,0.435,0.44,0.427,0.44,164830
KEY,20200520,0.004,0.004,0.004,0.004,250000
KFE,20200520,0.06,0.061,0.055,0.06,1304518
KGL,20200520,0.155,0.17,0.155,0.17,155079
KGN,20200520,8.32,8.97,8.32,8.87,2136984
KIN,20200520,0.105,0.115,0.105,0.115,1690375
KIS,20200520,0.049,0.05,0.049,0.05,32763
KKC,20200520,1.66,1.69,1.64,1.66,429260
KKO,20200520,0.037,0.037,0.034,0.037,1134000
KLA,20200520,63.3,63.3,60.88,61.9,2780
KMD,20200520,0.905,0.93,0.895,0.92,3663486
KME,20200520,0.98,1,0.98,0.99,25573
KMT,20200520,0.005,0.005,0.005,0.005,900000
KNM,20200520,0.015,0.016,0.014,0.015,1915658
KNO,20200520,0.068,0.068,0.068,0.068,26296
KOV,20200520,3.82,3.82,3.75,3.75,923
KPG,20200520,0.9,0.91,0.9,0.91,3390
KPO,20200520,0.025,0.027,0.025,0.026,284995
KPT,20200520,0.8,0.845,0.8,0.805,40514
KRM,20200520,0.045,0.045,0.044,0.044,881772
KRR,20200520,0.065,0.069,0.065,0.065,5300466
KSC,20200520,1.455,1.495,1.455,1.455,5191
KSL,20200520,0.95,0.965,0.93,0.945,268014
KSM,20200520,1.77,1.77,1.77,1.77,12049
KSN,20200520,0.165,0.17,0.16,0.165,225279
KSS,20200520,0.225,0.25,0.22,0.24,488196
KTA,20200520,0.037,0.037,0.035,0.036,5238855
KTD,20200520,0.295,0.3,0.285,0.285,1741807
KTE,20200520,0.012,0.013,0.011,0.012,1558094
KTG,20200520,0.12,0.13,0.115,0.115,299990
KWR,20200520,0.155,0.165,0.155,0.155,147212
KYK,20200520,0.093,0.098,0.093,0.095,555283
KZA,20200520,0.38,0.395,0.38,0.395,81739
KZR,20200520,0.56,0.605,0.555,0.595,452344
LAU,20200520,0.36,0.36,0.36,0.36,90000
LAW,20200520,0.04,0.04,0.04,0.04,410000
LBT,20200520,0.135,0.145,0.135,0.14,251526
LCD,20200520,0.016,0.016,0.015,0.016,962526
LCK,20200520,0.086,0.088,0.085,0.088,661291
LCL,20200520,0.052,0.052,0.049,0.049,679878
LCM,20200520,0.13,0.14,0.13,0.14,51160
LCT,20200520,0.013,0.014,0.013,0.014,102571
LCY,20200520,0.002,0.002,0.002,0.002,749000
LEG,20200520,0.155,0.165,0.155,0.165,2150333
LEP,20200520,4.31,4.4,4.29,4.34,155513
LER,20200520,0.017,0.017,0.017,0.017,35000
LEX,20200520,0.195,0.2,0.175,0.2,968253
LGP,20200520,0.4,0.4,0.385,0.395,176527
LI3,20200520,0.021,0.022,0.021,0.022,295056
LIC,20200520,8.48,8.51,8.19,8.4,318013
LIN,20200520,0.015,0.017,0.015,0.016,8247499
LIT,20200520,0.05,0.051,0.049,0.05,1082485
LKE,20200520,0.034,0.034,0.033,0.034,663446
LLC,20200520,11.4,11.47,11.16,11.42,2256440
LLO,20200520,1.755,1.95,1.755,1.95,3317
LME,20200520,1.385,1.4,1.35,1.39,19550
LNK,20200520,3.61,3.79,3.59,3.75,2842626
LNU,20200520,0.012,0.013,0.012,0.013,1933073
LNY,20200520,0.004,0.004,0.004,0.004,1396199
LOM,20200520,0.051,0.051,0.049,0.049,340677
LOT,20200520,0.064,0.064,0.057,0.06,4128631
LOV,20200520,7.25,7.57,7.06,7.35,555618
LPD,20200520,0.007,0.007,0.006,0.006,9346760
LPE,20200520,0.3,0.3,0.3,0.3,26041
LRS,20200520,0.004,0.004,0.004,0.004,145000
LSF,20200520,1.14,1.155,1.125,1.15,561535
LSH,20200520,0.03,0.03,0.03,0.03,56157
LSR,20200520,0.007,0.007,0.006,0.006,1879523
LTR,20200520,0.11,0.115,0.11,0.11,4893187
LVH,20200520,0.225,0.23,0.22,0.22,39461
LVT,20200520,0.24,0.24,0.235,0.24,999288
LYC,20200520,1.81,1.925,1.805,1.885,6833567
LYL,20200520,4.85,4.85,4.85,4.85,2000
M7T,20200520,0.665,0.715,0.645,0.705,4154080
M8S,20200520,0.09,0.09,0.09,0.09,6666
MA1,20200520,0.99,1.02,0.99,1.02,42827
MAD,20200520,0.8,0.8,0.795,0.795,7007
MAG,20200520,0.325,0.35,0.315,0.34,670258
MAH,20200520,0.225,0.24,0.225,0.24,998602
MAI,20200520,0.445,0.47,0.43,0.47,55851
MAM,20200520,0.305,0.305,0.295,0.305,142167
MAN,20200520,0.03,0.036,0.029,0.034,18716281
MAQ,20200520,28.25,30.19,28.25,30,8383
MAT,20200520,0.13,0.13,0.125,0.13,273963
MAU,20200520,1.02,1.175,1.015,1.08,177847
MAY,20200520,0.004,0.005,0.004,0.005,6456136
MBK,20200520,0.008,0.008,0.008,0.008,100000
MCA,20200520,0.115,0.115,0.115,0.115,15000
MCE,20200520,0.175,0.175,0.167,0.17,239439
MCP,20200520,2.6,2.72,2.6,2.71,569217
MCR,20200520,0.63,0.652,0.63,0.64,754557
MCT,20200520,0.003,0.004,0.003,0.003,12125104
MCY,20200520,4.54,4.62,4.45,4.45,1432
MDC,20200520,0.23,0.23,0.215,0.215,36952
MDI,20200520,0.012,0.012,0.011,0.012,4692290
MDR,20200520,0.53,0.55,0.5,0.52,318403
MEB,20200520,0.007,0.007,0.006,0.007,6520993
MEC,20200520,0.85,0.85,0.85,0.85,5097
MEI,20200520,0.019,0.022,0.019,0.021,8359672
MEM,20200520,0.068,0.07,0.065,0.068,1494453
MEP,20200520,0.041,0.044,0.041,0.044,289384
MEU,20200520,0.052,0.055,0.05,0.052,1467634
MEY,20200520,0.065,0.068,0.065,0.068,142085
MEZ,20200520,4.48,4.55,4.44,4.53,12768
MFD,20200520,0.735,0.735,0.72,0.735,19763
MFF,20200520,2.83,2.88,2.83,2.87,127878
MFG,20200520,55.1,57.6,54.72,57.2,651983
MGE,20200520,4.05,4.07,4.03,4.04,264677
MGG,20200520,1.78,1.805,1.775,1.8,683991
MGL,20200520,0.015,0.015,0.014,0.014,69465
MGR,20200520,2.15,2.22,2.13,2.21,9805986
MGT,20200520,0.001,0.002,0.001,0.001,5349550
MGU,20200520,0.031,0.031,0.03,0.03,40000
MGV,20200520,0.13,0.16,0.13,0.155,8608597
MGX,20200520,0.71,0.73,0.69,0.725,2735331
MHC,20200520,0.011,0.013,0.011,0.012,17552975
MHG,20200520,3.37,3.38,3.36,3.37,236998
MHH,20200520,1.46,1.47,1.445,1.465,449808
MHJ,20200520,0.34,0.34,0.33,0.34,120359
MIL,20200520,0.36,0.36,0.36,0.36,14000
MIN,20200520,18.94,19.705,18.465,19.32,1096035
MIO,20200520,0.21,0.21,0.21,0.21,14285
MIR,20200520,2.17,2.2,2.15,2.2,54415
MKG,20200520,0.064,0.064,0.064,0.064,20000
MLD,20200520,0.78,0.795,0.755,0.79,273484
MLL,20200520,0.082,0.083,0.082,0.083,80970
MLS,20200520,0.001,0.001,0.001,0.001,500000
MLT,20200520,3.93,3.98,3.91,3.98,251301
MLX,20200520,0.092,0.095,0.091,0.092,1293523
MME,20200520,1.04,1.08,1,1.07,77820
MMI,20200520,0.098,0.098,0.095,0.095,117366
MMJ,20200520,0.12,0.12,0.115,0.115,221859
MML,20200520,0.755,0.78,0.755,0.775,419065
MMM,20200520,1.11,1.14,1.08,1.14,260858
MMS,20200520,7.8,7.8,7.54,7.55,299568
MNB,20200520,0.001,0.001,0.001,0.001,4985050
MND,20200520,10.92,11.16,10.81,11.02,236898
MNF,20200520,5.2,5.25,5.14,5.14,580740
MNS,20200520,0.069,0.07,0.067,0.067,554355
MNW,20200520,0.009,0.009,0.008,0.008,929183
MNY,20200520,1.51,1.68,1.46,1.645,723454
MOB,20200520,0.058,0.064,0.058,0.062,475073
MOC,20200520,0.66,0.67,0.655,0.655,56804
MOE,20200520,3.17,3.4,3.08,3.28,196850
MOH,20200520,0.074,0.074,0.068,0.068,573840
MOT,20200520,1.645,1.645,1.62,1.62,155338
MOZ,20200520,0.83,0.83,0.81,0.82,48797
MP1,20200520,13.77,14.17,13.61,13.8,478330
MPH,20200520,0.14,0.14,0.14,0.14,1316
MPL,20200520,2.8,2.86,2.8,2.86,11773212
MPR,20200520,0.02,0.02,0.02,0.02,404750
MPW,20200520,0.07,0.07,0.066,0.068,59000
MQG,20200520,103.88,105.06,102.66,104.66,1225640
MRC,20200520,0.23,0.23,0.23,0.23,5367
MRG,20200520,0.018,0.018,0.018,0.018,5000
MRL,20200520,0.235,0.235,0.235,0.235,10858
MRM,20200520,0.077,0.082,0.077,0.082,1256613
MRR,20200520,0.009,0.009,0.009,0.009,164520
MRZ,20200520,0.195,0.22,0.195,0.22,192500
MSB,20200520,3.77,3.92,3.69,3.83,5801398
MSE,20200520,0.011,0.011,0.01,0.01,229882
MSG,20200520,0.018,0.019,0.018,0.019,1986400
MSM,20200520,0.017,0.021,0.017,0.019,2746661
MSR,20200520,0.004,0.004,0.004,0.004,5635095
MSV,20200520,0.395,0.42,0.395,0.415,331103
MTB,20200520,0.002,0.002,0.002,0.002,435000
MTC,20200520,0.16,0.165,0.155,0.16,691835
MTH,20200520,0.011,0.011,0.009,0.009,25124559
MTO,20200520,1.03,1.065,1.03,1.065,31629
MTS,20200520,2.45,2.51,2.45,2.48,4972842
MVA,20200520,18.22,18.41,18.07,18.41,10283
MVB,20200520,17.65,17.65,17.35,17.65,3745
MVE,20200520,25.28,25.47,25.28,25.45,556
MVF,20200520,0.545,0.572,0.54,0.56,1821875
MVP,20200520,7.98,8.66,7.76,8.46,553265
MVR,20200520,26.55,26.99,26.55,26.98,36268
MVS,20200520,16.8,17.01,16.8,17.01,1159
MVW,20200520,25.37,25.92,25.33,25.86,93486
MWR,20200520,0.096,0.105,0.095,0.105,523122
MWY,20200520,0.95,0.98,0.95,0.97,17302
MX1,20200520,0.145,0.145,0.14,0.145,1112350
MXC,20200520,0.025,0.025,0.025,0.025,1475472
MXI,20200520,0.155,0.155,0.145,0.145,51250
MXR,20200520,0.041,0.046,0.041,0.046,699131
MXT,20200520,1.85,1.87,1.82,1.83,507887
MYE,20200520,0.68,0.685,0.68,0.685,10588
MYL,20200520,0.048,0.05,0.048,0.049,1550811
MYQ,20200520,0.145,0.16,0.145,0.16,38658
MYR,20200520,0.26,0.275,0.255,0.27,14602065
MYS,20200520,3.7,3.8,3.63,3.79,113059
MYX,20200520,0.425,0.445,0.415,0.44,5318997
MZZ,20200520,0.26,0.275,0.25,0.255,928545
N1H,20200520,0.08,0.08,0.08,0.08,13000
NAB,20200520,15.28,15.61,15.22,15.6,7436022
NAC,20200520,0.715,0.72,0.715,0.72,23150
NAE,20200520,0.004,0.004,0.004,0.004,148037601
NAG,20200520,0.055,0.055,0.052,0.055,195985
NAN,20200520,6.79,7,6.78,6.89,678789
NBI,20200520,1.565,1.59,1.56,1.56,236361
NC6,20200520,0.035,0.035,0.034,0.034,17705
NCC,20200520,0.8,0.805,0.8,0.8,6645
NCK,20200520,5.2,5.28,5.11,5.25,211342
NCM,20200520,32.08,32.19,31.51,31.92,4035749
NDQ,20200520,24.22,24.31,24.17,24.23,110421
NEA,20200520,1.685,1.875,1.665,1.855,8639203
NEC,20200520,1.435,1.46,1.415,1.42,4558048
NES,20200520,0.047,0.048,0.046,0.047,764927
NET,20200520,0.039,0.041,0.038,0.038,5963574
NEU,20200520,1.655,1.7,1.62,1.7,42404
NEW,20200520,1.12,1.12,1.08,1.08,111558
NGI,20200520,1.175,1.275,1.155,1.27,1528374
NGY,20200520,0.016,0.016,0.016,0.016,20000
NHC,20200520,1.36,1.39,1.335,1.37,2522971
NHF,20200520,4.6,4.67,4.57,4.65,978641
NML,20200520,0.165,0.165,0.145,0.15,2961581
NMT,20200520,0.16,0.17,0.16,0.17,191714
NNT,20200520,0.05,0.05,0.05,0.05,80000
NOR,20200520,0.024,0.024,0.024,0.024,37500
NOX,20200520,0.21,0.235,0.2,0.235,1766469
NSB,20200520,0.185,0.19,0.185,0.19,90144
NSC,20200520,0.465,0.48,0.465,0.475,16234
NSR,20200520,1.69,1.745,1.67,1.73,6260127
NST,20200520,14.2,14.5,14.035,14.36,4583182
NSX,20200520,0.105,0.105,0.105,0.105,5249
NTD,20200520,0.29,0.29,0.29,0.29,22128
NTI,20200520,0.006,0.006,0.006,0.006,512542
NTL,20200520,0.007,0.007,0.007,0.007,118425
NTM,20200520,0.09,0.099,0.09,0.099,1171202
NTO,20200520,1.67,1.695,1.6,1.65,1063113
NTU,20200520,0.023,0.023,0.022,0.022,4180412
NUC,20200520,3,3.01,3,3.01,20369
NUF,20200520,5.07,5.29,5.07,5.26,903886
NUH,20200520,0.022,0.022,0.02,0.021,1729338
NUS,20200520,0.33,0.335,0.305,0.33,152126
NVA,20200520,0.049,0.049,0.046,0.047,4253874
NVO,20200520,0.008,0.008,0.008,0.008,131549
NVU,20200520,0.093,0.093,0.093,0.093,83115
NVX,20200520,0.5,0.5,0.47,0.48,368762
NWC,20200520,0.011,0.013,0.011,0.012,1896151
NWE,20200520,0.003,0.003,0.003,0.003,14896162
NWF,20200520,0.19,0.19,0.19,0.19,20000
NWH,20200520,1.56,1.71,1.555,1.65,4323442
NWL,20200520,7.6,7.95,7.59,7.89,329104
NWM,20200520,0.175,0.175,0.175,0.175,5957
NWS,20200520,17.14,17.43,17.1,17.36,161597
NXE,20200520,0.006,0.006,0.006,0.006,12628
NXS,20200520,1.61,1.61,1.59,1.6,139474
NXT,20200520,9.42,9.63,9.4,9.45,1227065
NYR,20200520,0.16,0.16,0.16,0.16,57589
NZM,20200520,0.19,0.2,0.17,0.18,485444
NZS,20200520,0.014,0.014,0.013,0.013,617149
OAR,20200520,0.002,0.002,0.002,0.002,1268927
OAU,20200520,0.02,0.02,0.019,0.019,122500
OBL,20200520,4.39,4.535,4.33,4.38,510120
OBM,20200520,0.22,0.235,0.215,0.225,4292382
OCA,20200520,0.7,0.7,0.7,0.7,1000
OCC,20200520,0.375,0.38,0.37,0.375,447031
OCL,20200520,7.3,7.4,7.3,7.3,18406
ODM,20200520,0.035,0.035,0.035,0.035,21696
OEC,20200520,0.86,0.86,0.825,0.835,22256
OEL,20200520,0.006,0.006,0.006,0.006,47000
OFX,20200520,1.3,1.38,1.29,1.375,681800
OGA,20200520,0.1,0.1,0.095,0.095,152400
OGC,20200520,3.22,3.31,3.19,3.27,1527419
OIL,20200520,0.039,0.041,0.038,0.041,197254
OKR,20200520,0.14,0.16,0.14,0.16,75000
OKU,20200520,0.295,0.3,0.28,0.3,551405
OLI,20200520,0.041,0.044,0.041,0.044,322274
OLL,20200520,0.235,0.25,0.235,0.245,440722
OMH,20200520,0.345,0.35,0.345,0.345,114101
OML,20200520,1.12,1.155,1.09,1.115,6695218
ONE,20200520,0.06,0.064,0.052,0.052,409272
ONT,20200520,5.2,5.2,5.2,5.2,193
ONX,20200520,0.051,0.051,0.05,0.05,38211
OOO,20200520,3.38,3.41,3.35,3.4,1293609
OPC,20200520,4.55,4.77,4.5,4.75,204078
OPH,20200520,2.41,2.43,2.38,2.43,127026
OPL,20200520,0.073,0.1,0.073,0.1,120420
OPT,20200520,2.87,3,2.86,2.95,2259333
OPY,20200520,1.15,1.18,1.145,1.155,253647
ORA,20200520,2.53,2.6,2.52,2.59,3497367
ORE,20200520,2.12,2.275,2.1,2.25,3022856
ORG,20200520,5.54,5.56,5.46,5.5,4713284
ORI,20200520,16.46,16.84,16.31,16.76,1414460
ORN,20200520,0.016,0.019,0.016,0.016,2843783
ORR,20200520,0.34,0.35,0.34,0.35,245060
OSH,20200520,3.21,3.29,3.15,3.29,14531876
OSL,20200520,0.115,0.115,0.11,0.11,1962795
OSP,20200520,0.01,0.01,0.01,0.01,1225000
OSX,20200520,0.495,0.52,0.495,0.515,16805
OTW,20200520,2.9,2.98,2.9,2.96,7548
OVH,20200520,0.22,0.23,0.215,0.225,859120
OVN,20200520,0.26,0.26,0.255,0.26,262903
OVT,20200520,0.021,0.021,0.021,0.021,155642
OZF,20200520,13.46,13.68,13.46,13.68,10466
OZL,20200520,9.18,9.54,9.18,9.43,2053402
OZR,20200520,10.77,10.87,10.72,10.87,11887
PAA,20200520,0.097,0.098,0.095,0.096,301264
PAB,20200520,0.014,0.014,0.014,0.014,46571
PAC,20200520,4.91,5.04,4.9,4.91,39607
PAI,20200520,0.98,0.985,0.975,0.98,229026
PAL,20200520,0.665,0.665,0.665,0.665,11200
PAR,20200520,2.47,2.76,2.39,2.71,3421759
PBH,20200520,4.67,5.23,4.595,5.04,1629750
PBP,20200520,1.885,1.97,1.88,1.94,104987
PCG,20200520,1.035,1.035,1.035,1.035,10000
PCI,20200520,0.9,0.93,0.9,0.925,210771
PCK,20200520,0.165,0.165,0.155,0.155,1114420
PCL,20200520,0.001,0.001,0.001,0.001,4588526
PDI,20200520,0.067,0.073,0.067,0.069,10770528
PDL,20200520,6.2,6.41,6.1,6.33,1119779
PDN,20200520,0.125,0.13,0.12,0.125,2535410
PE1,20200520,1.36,1.46,1.36,1.455,117591
PEK,20200520,0.023,0.024,0.023,0.023,1331805
PEN,20200520,0.125,0.135,0.125,0.135,144389
PET,20200520,0.53,0.58,0.53,0.56,2075941
PEX,20200520,0.13,0.13,0.13,0.13,7870
PFP,20200520,2.89,2.93,2.89,2.9,16758
PFT,20200520,0.19,0.19,0.18,0.19,337775
PG1,20200520,0.094,0.094,0.094,0.094,8
PGC,20200520,0.18,0.19,0.18,0.19,497244
PGF,20200520,0.875,0.89,0.875,0.88,272414
PGG,20200520,1.4,1.44,1.4,1.425,166835
PGH,20200520,2.14,2.16,2.065,2.11,320626
PGI,20200520,0.027,0.076,0.026,0.05,20323177
PGL,20200520,0.825,0.825,0.805,0.815,79729
PGM,20200520,0.024,0.025,0.023,0.025,739093
PGR,20200520,0.056,0.056,0.056,0.056,98889
PGY,20200520,0.02,0.02,0.014,0.015,972670
PIA,20200520,1.055,1.055,1.05,1.05,79351
PIC,20200520,0.86,0.88,0.86,0.875,73921
PIO,20200520,0.011,0.011,0.01,0.01,788664
PIQ,20200520,0.35,0.35,0.35,0.35,100000
PKO,20200520,0.012,0.012,0.011,0.011,67109
PKS,20200520,0.165,0.175,0.165,0.17,185484
PL8,20200520,0.99,0.99,0.97,0.97,325827
PLL,20200520,0.115,0.115,0.115,0.115,322441
PLS,20200520,0.24,0.265,0.235,0.265,14510414
PM1,20200520,0.014,0.015,0.014,0.014,1336590
PM8,20200520,0.205,0.245,0.205,0.23,688468
PMC,20200520,1.24,1.26,1.23,1.24,228452
PME,20200520,28.15,28.44,27.75,28.04,408995
PMV,20200520,15.18,15.68,15.1,15.48,173204
PMY,20200520,0.007,0.007,0.007,0.007,22099266
PNC,20200520,0.305,0.315,0.29,0.315,1135016
PNI,20200520,3.91,4.21,3.91,4.08,451358
PNN,20200520,0.002,0.002,0.002,0.002,73684
PNR,20200520,0.155,0.165,0.155,0.165,4606364
PNV,20200520,2.44,2.71,2.43,2.69,5792034
PNX,20200520,0.008,0.008,0.007,0.007,5059595
PO3,20200520,2.35,2.36,2.25,2.3,7304
POD,20200520,0.021,0.023,0.021,0.023,113219
POS,20200520,0.033,0.034,0.032,0.033,1618578
POU,20200520,18.33,18.33,18.33,18.33,13816
PPC,20200520,0.735,0.79,0.73,0.73,862048
PPE,20200520,2.16,2.25,2.11,2.15,701701
PPG,20200520,0.155,0.155,0.145,0.145,153478
PPH,20200520,6.74,6.8,6.63,6.7,351279
PPK,20200520,3.97,4.16,3.84,4.01,85264
PPS,20200520,0.335,0.35,0.335,0.35,690100
PPT,20200520,28.79,30.86,28.79,30.6,253063
PRN,20200520,1.045,1.105,1.015,1.09,2318828
PRO,20200520,0.655,0.675,0.65,0.675,36955
PRT,20200520,0.1,0.1,0.1,0.1,249566
PRU,20200520,1.165,1.275,1.162,1.24,12422859
PRX,20200520,0.049,0.049,0.045,0.047,898239
PSC,20200520,0.094,0.094,0.086,0.089,298214
PSI,20200520,2.345,2.345,2.33,2.33,48356
PSQ,20200520,1.35,1.35,1.35,1.35,4775
PSZ,20200520,0.02,0.02,0.018,0.018,144028
PTB,20200520,0.55,0.59,0.54,0.59,69963
PTL,20200520,0.38,0.385,0.36,0.36,443184
PTM,20200520,3.66,3.83,3.62,3.82,1549480
PTR,20200520,0.05,0.052,0.049,0.049,326967
PTX,20200520,0.045,0.045,0.044,0.045,893028
PUA,20200520,0.018,0.018,0.016,0.016,840623
PUR,20200520,0.005,0.005,0.004,0.004,1270450
PVS,20200520,1.25,1.35,1.25,1.35,3600
PWG,20200520,0.97,0.985,0.945,0.96,24973
PWH,20200520,3.93,4.15,3.87,4.04,45006
PWL,20200520,0.17,0.175,0.17,0.175,47911
PWN,20200520,0.007,0.007,0.007,0.007,240000
PXS,20200520,0.089,0.09,0.084,0.084,61364
PXX,20200520,0.026,0.027,0.024,0.024,949850
PYC,20200520,0.075,0.081,0.072,0.081,8451530
QAG,20200520,4.65,4.65,4.63,4.63,3980
QAN,20200520,3.44,3.56,3.4,3.53,10284409
QAU,20200520,17.27,17.31,17.22,17.28,77994
QBE,20200520,7.62,7.78,7.6,7.75,5370154
QCB,20200520,6.02,6.02,5.96,5.96,9380
QFE,20200520,0.265,0.275,0.245,0.27,1873299
QFN,20200520,7.49,7.6,7.49,7.6,10856
QFY,20200520,0.001,0.002,0.001,0.002,1921001
QHL,20200520,0.085,0.091,0.085,0.09,978386
QOZ,20200520,10.69,10.84,10.69,10.82,149798
QRE,20200520,5.91,5.96,5.91,5.96,28426
QRI,20200520,1.35,1.35,1.335,1.35,142472
QTM,20200520,0.033,0.039,0.033,0.039,45500
QUB,20200520,2.55,2.66,2.55,2.63,4757838
QUS,20200520,33.56,33.71,33.56,33.6,1302
QVE,20200520,0.775,0.78,0.77,0.78,946146
RAC,20200520,0.37,0.37,0.31,0.35,893304
RAG,20200520,0.006,0.006,0.005,0.005,1172786
RAN,20200520,0.009,0.009,0.009,0.009,164654
RAP,20200520,0.175,0.175,0.165,0.17,615334
RBL,20200520,1.05,1.055,1,1,656446
RBR,20200520,0.008,0.008,0.007,0.007,681632
RCB,20200520,21.13,21.14,21.09,21.09,2348
RCE,20200520,0.535,0.55,0.495,0.535,327924
RCL,20200520,0.28,0.28,0.27,0.27,23001
RCT,20200520,1.98,1.98,1.98,1.98,323
RDC,20200520,0.7,0.72,0.695,0.715,158766
RDF,20200520,0.41,0.41,0.41,0.41,17634
RDG,20200520,0.024,0.024,0.024,0.024,182546
RDH,20200520,0.53,0.53,0.53,0.53,1858
RDN,20200520,0.005,0.005,0.005,0.005,2710900
RDV,20200520,21.76,21.91,21.76,21.91,1060
RDY,20200520,1.4,1.41,1.39,1.39,27188
REA,20200520,94.64,97.695,94.64,96.77,335661
RED,20200520,0.285,0.31,0.282,0.31,7649186
REE,20200520,0.033,0.043,0.03,0.041,56639685
REG,20200520,1.63,1.64,1.57,1.575,397141
REH,20200520,8.42,8.57,8.3,8.5,160933
REX,20200520,1.06,1.09,1.03,1.08,78575
REZ,20200520,0.016,0.017,0.016,0.016,2657543
RF1,20200520,2.12,2.18,2.11,2.18,79083
RFF,20200520,1.85,1.885,1.85,1.88,457257
RFG,20200520,0.071,0.074,0.068,0.071,3432650
RFN,20200520,0.003,0.003,0.002,0.002,66256900
RFT,20200520,0.032,0.032,0.032,0.032,96000
RFX,20200520,0.032,0.033,0.031,0.032,413977
RGB,20200520,23.54,23.54,23.5,23.5,5763
RGI,20200520,0.051,0.051,0.046,0.046,486796
RGL,20200520,0.033,0.033,0.026,0.028,33552719
RGS,20200520,0.079,0.079,0.079,0.079,200000
RHC,20200520,66.61,68.45,66.6,67.68,661106
RHP,20200520,1.95,1.97,1.92,1.955,609650
RHT,20200520,0.17,0.17,0.165,0.165,1450864
RHY,20200520,0.098,0.098,0.098,0.098,938
RIC,20200520,0.705,0.73,0.705,0.73,63420
RIE,20200520,0.009,0.009,0.009,0.009,450000
RIM,20200520,0.007,0.007,0.007,0.007,2940745
RIO,20200520,93.5,94.56,93.14,94.16,1088751
RKN,20200520,0.58,0.58,0.54,0.54,30965
RLE,20200520,0.023,0.029,0.022,0.023,3412193
RLG,20200520,0.019,0.019,0.019,0.019,831442
RLT,20200520,1.275,1.29,1.24,1.26,51589
RMC,20200520,0.8,0.81,0.79,0.79,111633
RMD,20200520,24.99,24.99,24.705,24.77,1258541
RML,20200520,0.065,0.069,0.063,0.065,1256079
RMS,20200520,1.725,1.74,1.685,1.715,4985662
RMY,20200520,0.295,0.295,0.28,0.28,118529
RND,20200520,1.85,1.95,1.85,1.95,18900
RNO,20200520,0.071,0.072,0.07,0.071,805101
RNT,20200520,0.036,0.036,0.031,0.031,435380
RNX,20200520,0.003,0.003,0.003,0.003,2425000
ROG,20200520,0.001,0.001,0.001,0.001,3000000
ROO,20200520,0.022,0.025,0.022,0.024,2005681
RPM,20200520,0.14,0.14,0.14,0.14,1486
RRL,20200520,5.28,5.32,5.21,5.26,3939597
RSG,20200520,1.145,1.165,1.12,1.15,10338301
RSH,20200520,0.063,0.063,0.061,0.061,262819
RSM,20200520,21.85,21.85,21.8,21.8,2428
RTR,20200520,0.073,0.077,0.069,0.076,6188107
RUL,20200520,1.05,1.085,1.025,1.05,337913
RVR,20200520,0.066,0.066,0.063,0.064,1577117
RVS,20200520,0.425,0.485,0.42,0.42,9761
RWC,20200520,2.6,2.7,2.57,2.63,1340100
RWD,20200520,0.125,0.125,0.125,0.125,28000
RXL,20200520,0.027,0.028,0.026,0.028,5266143
RXM,20200520,0.077,0.08,0.075,0.077,331652
RZI,20200520,0.665,0.695,0.64,0.655,26951
S2R,20200520,0.099,0.105,0.097,0.097,320059
S32,20200520,1.95,2.01,1.945,1.98,16024284
SAR,20200520,5.56,5.68,5.43,5.58,12330217
SAU,20200520,0.175,0.175,0.15,0.15,150590
SBM,20200520,3.12,3.22,3.08,3.19,5003082
SBR,20200520,0.002,0.003,0.002,0.002,2472525
SBW,20200520,0.067,0.067,0.067,0.067,7250
SCG,20200520,2.2,2.27,2.18,2.26,19160651
SCI,20200520,0.016,0.017,0.013,0.016,5941370
SCL,20200520,0.017,0.018,0.017,0.018,4662014
SCP,20200520,2.15,2.24,2.15,2.22,3446787
SCU,20200520,0.011,0.012,0.011,0.012,113160
SDF,20200520,2.99,3.04,2.95,3.03,1675924
SDG,20200520,1.11,1.15,1.11,1.13,44537
SDI,20200520,0.75,0.755,0.7,0.7,307145
SDV,20200520,0.72,0.765,0.695,0.76,1036378
SDX,20200520,0.058,0.058,0.058,0.058,50000
SE1,20200520,0.02,0.026,0.02,0.026,18594838
SEC,20200520,1.235,1.25,1.217,1.25,444505
SEI,20200520,0.028,0.029,0.025,0.025,921281
SEK,20200520,17.81,18.8,17.75,18.6,1338686
SEN,20200520,0.046,0.048,0.045,0.048,234232
SER,20200520,0.003,0.003,0.003,0.003,1576
SES,20200520,0.055,0.055,0.055,0.055,36000
SFG,20200520,0.056,0.056,0.053,0.053,376402
SFR,20200520,4.46,4.62,4.38,4.52,1385664
SFX,20200520,0.125,0.125,0.125,0.125,215505
SFY,20200520,50.1,50.65,50.1,50.6,14839
SGC,20200520,0.018,0.018,0.017,0.017,167250
SGF,20200520,1.505,1.565,1.47,1.51,298499
SGH,20200520,0.8,0.835,0.8,0.83,6775
SGI,20200520,0.074,0.074,0.074,0.074,19989
SGM,20200520,6.71,6.94,6.68,6.87,498631
SGP,20200520,2.91,3.04,2.88,3.01,7481502
SGQ,20200520,0.085,0.086,0.082,0.085,2904475
SGR,20200520,2.71,2.78,2.69,2.75,3728635
SHH,20200520,0.004,0.005,0.004,0.005,123279
SHJ,20200520,0.77,0.775,0.77,0.775,41798
SHK,20200520,0.005,0.006,0.005,0.006,1834177
SHL,20200520,26.9,27.2,26.84,27.18,900260
SHM,20200520,0.44,0.44,0.44,0.44,2348
SHO,20200520,0.027,0.029,0.027,0.029,117547
SHV,20200520,7.99,7.99,7.74,7.77,225765
SI6,20200520,0.003,0.003,0.003,0.003,2500000
SIG,20200520,0.595,0.6,0.585,0.585,1724449
SIO,20200520,0.22,0.22,0.22,0.22,8700
SIQ,20200520,5.2,5.33,5.19,5.23,1425748
SIV,20200520,0.59,0.59,0.59,0.59,2646
SKC,20200520,2.27,2.33,2.24,2.27,653500
SKF,20200520,0.145,0.145,0.145,0.145,219581
SKI,20200520,1.98,2,1.962,1.985,4421729
SKO,20200520,2.7,2.76,2.66,2.67,48034
SKT,20200520,0.33,0.33,0.31,0.315,450132
SKY,20200520,0.425,0.435,0.415,0.435,967794
SLC,20200520,1.16,1.16,1.11,1.13,1432127
SLF,20200520,10.21,10.44,10.21,10.41,130545
SLK,20200520,3.93,3.93,3.79,3.86,190740
SLR,20200520,2.16,2.25,2.13,2.21,4696403
SLX,20200520,0.35,0.355,0.35,0.355,20250
SLZ,20200520,0.16,0.21,0.14,0.14,4520185
SM1,20200520,6.76,6.76,6.51,6.55,39127
SMC,20200520,0.39,0.39,0.39,0.39,6146
SMI,20200520,0.003,0.003,0.003,0.003,16695339
SMN,20200520,0.38,0.385,0.37,0.375,128736
SMR,20200520,0.925,0.935,0.915,0.925,213598
SMX,20200520,0.29,0.29,0.29,0.29,5000
SNC,20200520,0.63,0.64,0.63,0.64,7146
SND,20200520,0.45,0.45,0.44,0.44,20000
SNL,20200520,3.5,3.5,3.5,3.5,166
SNZ,20200520,5.54,5.54,5.51,5.51,1920
SO4,20200520,0.455,0.47,0.442,0.455,2269428
SOL,20200520,18.22,18.53,18.19,18.42,267390
SOM,20200520,1.025,1.05,1.025,1.05,14875
SOR,20200520,0.051,0.052,0.051,0.052,46931
SP3,20200520,0.057,0.058,0.056,0.056,113099
SPK,20200520,4.24,4.26,4.22,4.26,689550
SPL,20200520,1.01,1.07,1.01,1.07,644109
SPQ,20200520,0.004,0.004,0.004,0.004,424000
SPT,20200520,0.425,0.47,0.415,0.47,2453158
SPX,20200520,0.19,0.19,0.185,0.19,476907
SPY,20200520,447.83,449,447.46,448.3,445
SPZ,20200520,0.11,0.11,0.1,0.1,753510
SRG,20200520,0.215,0.22,0.215,0.22,197459
SRN,20200520,0.003,0.004,0.003,0.004,2576957
SRV,20200520,2.19,2.29,2.19,2.23,59380
SRZ,20200520,0.01,0.01,0.009,0.009,107394
SSG,20200520,0.6,0.61,0.59,0.61,131456
SSM,20200520,2.15,2.24,2.13,2.2,2386347
SSO,20200520,13.72,13.72,13.72,13.72,150
ST1,20200520,0.175,0.2,0.175,0.195,1894022
STA,20200520,0.13,0.14,0.13,0.14,527974
STG,20200520,0.86,0.87,0.86,0.87,6500
STM,20200520,0.005,0.006,0.005,0.006,7166806
STN,20200520,0.36,0.4,0.36,0.4,91400
STO,20200520,5,5.17,4.97,5.12,7652653
STW,20200520,50.97,51.89,50.96,51.66,578266
STX,20200520,0.185,0.185,0.17,0.175,3514521
SUD,20200520,0.04,0.043,0.04,0.043,2181933
SUL,20200520,7.1,7.43,6.86,7.4,1871967
SUN,20200520,8.66,8.76,8.61,8.73,3145498
SUP,20200520,0.05,0.05,0.05,0.05,121143
SVA,20200520,0.022,0.024,0.022,0.022,124685
SVL,20200520,0.12,0.14,0.115,0.135,14570201
SVM,20200520,0.14,0.145,0.14,0.14,328839
SVS,20200520,0.23,0.23,0.23,0.23,657
SVW,20200520,14.54,15.56,14.44,15.45,405534
SVY,20200520,0.415,0.47,0.41,0.46,1494964
SW1,20200520,0.026,0.027,0.023,0.027,2513549
SWF,20200520,0.265,0.275,0.26,0.27,1050021
SWK,20200520,0.13,0.13,0.125,0.125,25983
SWM,20200520,0.081,0.084,0.079,0.083,4728862
SXA,20200520,0.07,0.075,0.07,0.07,75962
SXE,20200520,0.46,0.46,0.435,0.435,465290
SXL,20200520,0.15,0.155,0.145,0.15,12645214
SXY,20200520,0.215,0.215,0.205,0.205,8759557
SYA,20200520,0.007,0.007,0.007,0.007,3353903
SYD,20200520,5.55,5.7,5.51,5.66,4431249
SYI,20200520,22.52,22.72,22.5,22.72,2215
SYR,20200520,0.27,0.315,0.26,0.31,7830778
SZL,20200520,2.19,2.24,2.13,2.22,315861
TAH,20200520,3.2,3.28,3.17,3.26,4691715
TAM,20200520,0.05,0.051,0.049,0.05,864145
TAO,20200520,0.073,0.076,0.073,0.075,424217
TAP,20200520,0.085,0.085,0.08,0.081,401515
TAR,20200520,0.011,0.012,0.011,0.012,1522249
TAS,20200520,0.036,0.036,0.035,0.035,369743
TBR,20200520,6.86,7.02,6.83,7.02,26945
TCL,20200520,13.66,14.18,13.66,14.1,3855248
TCN,20200520,0.038,0.038,0.038,0.038,7421
TD1,20200520,0.027,0.028,0.025,0.028,4224055
TDI,20200520,1.575,1.585,1.565,1.565,57126
TDO,20200520,0.082,0.082,0.08,0.08,27130
TEG,20200520,0.034,0.048,0.034,0.041,7943584
TEK,20200520,0.24,0.24,0.24,0.24,50000
TER,20200520,0.155,0.155,0.15,0.15,415740
TFL,20200520,0.11,0.11,0.1,0.1,13627
TGA,20200520,0.135,0.14,0.135,0.135,140559
TGF,20200520,1.265,1.32,1.265,1.32,364583
TGG,20200520,1.14,1.14,1.135,1.14,478784
TGH,20200520,0.17,0.17,0.16,0.16,200000
TGM,20200520,0.23,0.23,0.22,0.22,9670
TGP,20200520,0.89,0.89,0.875,0.875,88823
TGR,20200520,3.8,3.87,3.8,3.85,1010435
THC,20200520,0.335,0.335,0.32,0.33,280010
THR,20200520,0.006,0.006,0.006,0.006,20056
TIE,20200520,0.36,0.365,0.35,0.35,194744
TIN,20200520,0.175,0.19,0.16,0.16,2009732
TIP,20200520,0.57,0.57,0.56,0.57,48750
TKL,20200520,0.006,0.006,0.006,0.006,851860
TKM,20200520,0.017,0.019,0.017,0.019,473579
TLG,20200520,0.34,0.35,0.335,0.345,121532
TLM,20200520,0.087,0.1,0.087,0.098,2136155
TLS,20200520,3.1,3.11,3.08,3.1,22180975
TLT,20200520,2.97,2.97,2.9,2.9,4453
TLX,20200520,1.42,1.44,1.395,1.42,302260
TMG,20200520,0.085,0.087,0.085,0.087,452696
TMR,20200520,0.23,0.23,0.21,0.225,221113
TMT,20200520,0.145,0.165,0.14,0.14,2320759
TMX,20200520,0.006,0.006,0.006,0.006,194518
TNE,20200520,9.5,10,9.42,9.81,1488491
TNG,20200520,0.059,0.06,0.057,0.06,479000
TNK,20200520,0.845,0.845,0.835,0.835,4763
TNR,20200520,0.019,0.026,0.019,0.024,6547104
TNT,20200520,0.058,0.064,0.058,0.063,3692562
TNY,20200520,1.06,1.06,1.03,1.035,50123
TOE,20200520,0.009,0.009,0.009,0.009,310108
TON,20200520,0.047,0.048,0.047,0.048,110282
TOP,20200520,0.46,0.46,0.46,0.46,39700
TOT,20200520,0.87,0.875,0.87,0.875,72277
TPD,20200520,0.001,0.001,0.001,0.001,1150000
TPM,20200520,7.42,7.69,7.39,7.57,1370636
TPS,20200520,0.051,0.051,0.045,0.049,182857
TPW,20200520,4.08,4.14,3.95,4,392839
TRA,20200520,1.6,1.6,1.6,1.6,2000
TRS,20200520,4.38,4.49,4.33,4.47,101451
TRT,20200520,0.015,0.015,0.015,0.015,100000
TRY,20200520,0.094,0.097,0.093,0.097,581728
TSC,20200520,0.01,0.01,0.008,0.008,64279930
TSO,20200520,0.077,0.079,0.068,0.072,8363078
TTB,20200520,0.46,0.46,0.435,0.44,202866
TTM,20200520,0.078,0.091,0.076,0.087,3389711
TTT,20200520,0.685,0.73,0.685,0.72,224041
TWD,20200520,2.53,2.55,2.53,2.55,457
TWE,20200520,9.88,10.42,9.84,9.84,6294709
TWR,20200520,0.6,0.6,0.6,0.6,2000
TYM,20200520,0.033,0.033,0.033,0.033,27242
TYR,20200520,3.42,3.67,3.4,3.63,1078616
TZL,20200520,0.034,0.034,0.034,0.034,275
UBI,20200520,0.2,0.2,0.195,0.2,45159
UBN,20200520,0.054,0.054,0.054,0.054,12613
UCM,20200520,0.22,0.235,0.22,0.23,140740
UMG,20200520,4.04,4.04,3.98,4,3300267
UNL,20200520,0.027,0.027,0.027,0.027,14375
UOS,20200520,0.68,0.69,0.675,0.69,11611
URF,20200520,0.36,0.36,0.34,0.35,145652
URW,20200520,3.88,3.96,3.84,3.92,2032694
USD,20200520,14.88,14.88,14.84,14.87,48948
UUV,20200520,0.001,0.001,0.001,0.001,100000
UWL,20200520,1.54,1.62,1.525,1.58,1123963
VAE,20200520,65.5,65.51,65.15,65.4,3784
VAF,20200520,52.48,52.6,52.48,52.5,45584
VAN,20200520,0.135,0.135,0.115,0.12,3270707
VAP,20200520,65.9,66.78,65.04,66.66,27885
VAS,20200520,70,71.05,69.8,70.8,145697
VBS,20200520,0.655,0.655,0.655,0.655,1000
VCF,20200520,49.45,49.45,49.33,49.43,3809
VCX,20200520,1.5,1.56,1.48,1.555,12093272
VEA,20200520,1.46,1.485,1.45,1.47,6562288
VEE,20200520,0.41,0.41,0.41,0.41,6448
VEN,20200520,0.04,0.04,0.04,0.04,400734
VEQ,20200520,50.8,50.8,50.38,50.38,3810
VEU,20200520,67.79,68.04,67.39,67.73,23917
VG1,20200520,2.11,2.125,2.09,2.09,296720
VG8,20200520,2.06,2.09,2.06,2.07,171644
VGB,20200520,53.72,53.75,53.69,53.69,38617
VGE,20200520,63.44,63.44,62.55,63.04,3730
VGI,20200520,9.5,9.94,9.5,9.89,23237
VGL,20200520,1.38,1.38,1.345,1.375,28700
VGS,20200520,76.99,76.99,76.02,76.39,36671
VHT,20200520,1.375,1.435,1.355,1.41,583536
VHY,20200520,47.15,47.89,47.08,47.69,40598
VIC,20200520,0.001,0.001,0.001,0.001,3501050
VIF,20200520,51.84,51.85,51.71,51.84,8699
VIP,20200520,0.034,0.035,0.034,0.035,596300
VLC,20200520,55.9,56.45,55.78,56.36,2162
VLT,20200520,0.2,0.245,0.2,0.245,272695
VML,20200520,0.01,0.012,0.01,0.012,12290009
VMS,20200520,0.017,0.017,0.016,0.016,583467
VMT,20200520,0.225,0.225,0.215,0.22,503704
VMX,20200520,0.175,0.175,0.175,0.175,16970
VMY,20200520,0.05,0.05,0.048,0.048,550831
VN8,20200520,0.115,0.12,0.11,0.11,110699
VOC,20200520,2.76,2.81,2.74,2.76,1649553
VOR,20200520,0.125,0.13,0.12,0.12,196513
VR1,20200520,0.03,0.031,0.028,0.03,2048564
VR8,20200520,0.015,0.016,0.015,0.016,138947
VRL,20200520,2.1,2.13,2.05,2.13,1166920
VRS,20200520,0.028,0.031,0.028,0.031,253201
VRT,20200520,3.12,3.13,3.01,3.07,536145
VRX,20200520,0.096,0.097,0.09,0.097,146000
VSO,20200520,52.35,53.885,52.28,53.81,16193
VTG,20200520,0.955,1.05,0.955,1.035,445307
VTH,20200520,0.742,0.745,0.735,0.745,35395
VTI,20200520,0.016,0.016,0.016,0.016,50000
VTS,20200520,225.89,226.95,225,225.54,20559
VUK,20200520,1.45,1.485,1.43,1.475,4337186
VUL,20200520,0.235,0.255,0.235,0.255,354433
VVA,20200520,2.14,2.37,2.13,2.37,59878
VXR,20200520,0.067,0.068,0.063,0.065,933133
VYS,20200520,0.053,0.053,0.049,0.049,261000
WAA,20200520,0.88,0.9,0.88,0.9,6841
WAF,20200520,0.79,0.805,0.785,0.795,3155514
WAM,20200520,1.87,1.885,1.85,1.86,398421
WAX,20200520,1.33,1.34,1.325,1.33,90518
WBC,20200520,15.06,15.33,14.99,15.32,7190063
WBE,20200520,0.004,0.004,0.004,0.004,320090
WBT,20200520,0.34,0.34,0.335,0.335,106597
WCN,20200520,0.005,0.007,0.005,0.006,15830604
WEB,20200520,3.4,3.75,3.33,3.59,11317563
WEC,20200520,0.083,0.085,0.08,0.08,200619
WEL,20200520,0.025,0.029,0.025,0.025,2215111
WES,20200520,38.5,39.27,38.08,38.92,1507534
WGB,20200520,1.96,1.965,1.95,1.965,198722
WGN,20200520,0.87,0.87,0.79,0.8,368721
WGO,20200520,0.175,0.175,0.16,0.16,1848811
WGX,20200520,2.36,2.36,2.23,2.28,2110068
WHC,20200520,1.72,1.775,1.715,1.765,4066350
WHF,20200520,4.48,4.59,4.48,4.58,26564
WHK,20200520,0.061,0.063,0.061,0.062,216644
WIC,20200520,0.83,0.835,0.83,0.835,5000
WKT,20200520,0.12,0.12,0.12,0.12,420897
WLD,20200520,0.04,0.04,0.04,0.04,75295
WLE,20200520,1.035,1.045,1.035,1.045,411612
WMI,20200520,1.165,1.18,1.16,1.17,98655
WML,20200520,0.011,0.011,0.011,0.011,196835
WNB,20200520,0.008,0.009,0.008,0.009,1693661
WND,20200520,0.965,0.965,0.965,0.965,37232
WNR,20200520,0.25,0.25,0.25,0.25,27000
WOA,20200520,0.28,0.29,0.26,0.27,1671315
WOR,20200520,8.93,9.15,8.72,8.91,2722586
WOW,20200520,34.65,34.93,34.565,34.69,2594569
WPL,20200520,22.23,22.64,22.08,22.5,1906841
WPP,20200520,0.225,0.23,0.225,0.225,1023378
WPR,20200520,2.45,2.47,2.42,2.43,2304797
WQG,20200520,1.25,1.26,1.25,1.25,91255
WRM,20200520,0.004,0.004,0.004,0.004,2123186
WSA,20200520,2.21,2.31,2.17,2.28,1671249
WSP,20200520,2,2.39,2,2.3,637713
WTC,20200520,20.44,20.93,20.31,20.65,542410
WWI,20200520,0.011,0.015,0.011,0.013,6187719
WZR,20200520,0.16,0.165,0.155,0.165,7423300
XAM,20200520,0.038,0.038,0.038,0.038,220000
XCD,20200520,0.01,0.011,0.01,0.011,19816288
XF1,20200520,0.165,0.19,0.165,0.18,221040
XPE,20200520,0.001,0.001,0.001,0.001,13077524
XPL,20200520,0.05,0.057,0.05,0.057,704253
XRF,20200520,0.19,0.2,0.19,0.195,508599
XRO,20200520,79.57,80.79,78.96,80.16,421467
XST,20200520,0.001,0.001,0.001,0.001,1000000
XTC,20200520,0.002,0.002,0.002,0.002,20000000
XTD,20200520,0.024,0.024,0.024,0.024,12000
XTE,20200520,0.6,0.6,0.6,0.6,3781
YAL,20200520,2.19,2.27,2.17,2.25,51400
YOJ,20200520,0.048,0.049,0.046,0.047,2239548
YOW,20200520,0.036,0.038,0.036,0.037,160815
YPB,20200520,0.003,0.003,0.003,0.003,80000
YRL,20200520,0.235,0.235,0.23,0.235,46374
Z1P,20200520,3.05,3.38,3.02,3.35,9942839
ZEL,20200520,2.72,2.72,2.66,2.7,257903
ZEN,20200520,0.96,0.965,0.96,0.965,158638
ZGL,20200520,0.053,0.053,0.05,0.05,41879
ZIM,20200520,10.5,10.75,10.5,10.55,14485
ZLD,20200520,0.047,0.047,0.046,0.047,904171
ZMI,20200520,0.032,0.032,0.03,0.03,547307
ZNC,20200520,0.09,0.09,0.089,0.089,78053
ZNO,20200520,1.75,1.87,1.735,1.85,948563
XAF,20200520,5414.8,5428.8,5360.6,5417.6,0
XAO,20200520,5658.8,5693.4,5608.2,5680.1,0
XAT,20200520,5506,5535.9,5455.1,5521.9,0
XDJ,20200520,2224.3,2254.7,2201,2243.7,0
XEC,20200520,1254.4,1292.2,1254.4,1292.1,0
XEJ,20200520,7475.1,7475.1,7308.8,7406,0
XFJ,20200520,4179.2,4205.7,4126.9,4202.5,0
XFL,20200520,5450.8,5463.7,5395,5452.1,0
XGD,20200520,8387.8,8505.8,8300.8,8441.1,0
XHJ,20200520,43033.7,43153.3,42734.5,42903,0
XIJ,20200520,1392.1,1433.1,1387.6,1422.3,0
XJO,20200520,5559.5,5587.1,5507,5573,0
XJR,20200520,4350.7,4355.4,4281.4,4335.1,0
XKO,20200520,5528,5558.1,5477,5544.5,0
XMD,20200520,6200.3,6274.1,6152.7,6252.6,0
XMJ,20200520,12976.3,12997.4,12786.5,12943.7,0
XMM,20200520,4365.5,4380.3,4301.7,4361.7,0
XNJ,20200520,5519.2,5646.5,5479.1,5607.5,0
XPJ,20200520,1179.4,1186.2,1155.3,1182.3,0
XSJ,20200520,11795.1,11806.6,11697.4,11750,0
XSO,20200520,2510.9,2557.3,2492.7,2548.1,0
XTJ,20200520,1114.6,1124.9,1109.6,1122.7,0
XTL,20200520,3057.5,3063.3,3024.2,3057.4,0
XTO,20200520,4584.7,4602.1,4540.5,4591.4,0
XUJ,20200520,7727.7,7727.7,7567.4,7650.9,0
XXJ,20200520,4661.2,4690.8,4602.9,4687.2,0
