360,20200429,1.81,1.9,1.805,1.9,170338
14D,20200429,0.115,0.115,0.115,0.115,44979
1AD,20200429,0.06,0.061,0.056,0.06,961149
1ST,20200429,0.029,0.034,0.028,0.029,12822187
2BE,20200429,0.1,0.1,0.1,0.1,35000
3DA,20200429,0.145,0.155,0.135,0.155,432000
3DP,20200429,0.039,0.039,0.037,0.037,503614
3PL,20200429,0.755,0.765,0.75,0.765,29937
4DS,20200429,0.04,0.041,0.04,0.041,222831
5GN,20200429,0.9,0.935,0.895,0.935,546621
88E,20200429,0.006,0.006,0.005,0.005,7276753
8CO,20200429,0.06,0.06,0.057,0.06,85833
8IH,20200429,0.1,0.1,0.1,0.1,5000
9SP,20200429,0.016,0.017,0.016,0.016,2799197
A1M,20200429,0.275,0.275,0.275,0.275,10000
A2B,20200429,0.65,0.66,0.63,0.645,87814
A2M,20200429,18.73,18.84,18.53,18.6,2528872
A3D,20200429,0.095,0.095,0.083,0.085,366942
A4N,20200429,0.16,0.16,0.155,0.16,32308
AAA,20200429,50.09,50.1,50.09,50.1,120633
AAC,20200429,1.105,1.12,1.08,1.11,255031
AAR,20200429,0.145,0.15,0.135,0.14,496901
ABA,20200429,4.35,4.46,4.3,4.3,38794
ABC,20200429,2.47,2.565,2.46,2.5,2743714
ABP,20200429,2.42,2.49,2.42,2.45,869502
ABR,20200429,0.315,0.35,0.315,0.35,571093
AC8,20200429,0.2,0.2,0.195,0.195,399788
ACB,20200429,0.016,0.016,0.016,0.016,449585
ACF,20200429,0.25,0.25,0.235,0.25,19782
ACQ,20200429,0.855,0.88,0.855,0.88,133912
ACR,20200429,0.14,0.145,0.14,0.145,57454
ACW,20200429,0.021,0.021,0.02,0.021,904023
AD1,20200429,0.01,0.012,0.01,0.012,112846
AD8,20200429,5.25,5.35,5.125,5.23,306633
ADA,20200429,0.405,0.41,0.405,0.41,16369
ADD,20200429,0.016,0.017,0.016,0.016,717361
ADH,20200429,1.44,1.5,1.375,1.49,1102147
ADI,20200429,2.08,2.13,2.07,2.09,166370
ADJ,20200429,0.02,0.024,0.02,0.023,2841097
ADN,20200429,0.046,0.049,0.046,0.048,6202962
ADO,20200429,0.027,0.027,0.025,0.025,1549265
ADR,20200429,0.035,0.045,0.035,0.038,3726562
ADT,20200429,1.2,1.2,1.15,1.16,63165
ADV,20200429,0.004,0.004,0.003,0.004,3638030
ADX,20200429,0.006,0.006,0.006,0.006,3698460
ADY,20200429,0.005,0.005,0.005,0.005,282500
AEE,20200429,0.003,0.003,0.003,0.003,5430000
AEF,20200429,4.25,4.25,4.12,4.22,128444
AEG,20200429,1.145,1.15,1.13,1.14,164059
AEI,20200429,0.61,0.64,0.6,0.6,541496
AER,20200429,0.08,0.081,0.08,0.081,34444
AFG,20200429,1.415,1.49,1.41,1.48,314206
AFI,20200429,5.77,5.79,5.73,5.77,312512
AFL,20200429,0.16,0.17,0.15,0.17,102350
AGD,20200429,0.155,0.155,0.155,0.155,42783
AGE,20200429,0.003,0.004,0.003,0.004,10962982
AGG,20200429,8.23,8.23,7.8,7.9,25051
AGH,20200429,0.38,0.385,0.37,0.38,582629
AGI,20200429,0.43,0.455,0.43,0.44,172012
AGL,20200429,17.1,17.26,16.88,16.9,2886783
AGM,20200429,1.55,1.55,1.52,1.52,26262
AGY,20200429,0.038,0.041,0.038,0.04,2530389
AHF,20200429,0.085,0.085,0.081,0.081,546576
AHQ,20200429,0.065,0.07,0.064,0.069,194174
AHX,20200429,0.425,0.425,0.425,0.425,6206
AHY,20200429,0.985,1.01,0.97,0.99,588595
AHZ,20200429,7.08,7.25,6.97,7.25,1484
AIA,20200429,5.64,5.71,5.54,5.6,598681
AIR,20200429,0.79,0.79,0.79,0.79,52
AIS,20200429,0.044,0.046,0.044,0.045,83450
AIZ,20200429,1.2,1.245,1.2,1.245,1745741
AJL,20200429,0.051,0.051,0.046,0.046,67680
AJM,20200429,0.048,0.049,0.047,0.049,492566
AJQ,20200429,0.037,0.038,0.037,0.038,52500
AJX,20200429,0.06,0.064,0.06,0.063,480275
AKG,20200429,0.315,0.315,0.315,0.315,3078
AKM,20200429,0.079,0.08,0.079,0.08,65000
AKP,20200429,14,15,13.8,14.31,59899
AL3,20200429,0.21,0.215,0.18,0.19,2723469
AL8,20200429,0.016,0.017,0.016,0.017,855000
ALC,20200429,0.17,0.17,0.165,0.17,305640
ALF,20200429,0.85,0.855,0.85,0.85,76370
ALG,20200429,0.305,0.337,0.295,0.325,4132828
ALI,20200429,2.09,2.1,2.08,2.1,59824
ALK,20200429,0.745,0.75,0.72,0.74,2763695
ALL,20200429,22.75,24.06,22.37,23.96,3123399
ALQ,20200429,6.69,6.81,6.61,6.77,1212624
ALT,20200429,0.003,0.003,0.003,0.003,280000
ALU,20200429,32.9,33.58,32.5,33.36,690930
ALX,20200429,5.95,6.13,5.85,6.04,4265364
ALY,20200429,0.012,0.012,0.012,0.012,70833
AMA,20200429,0.4,0.4,0.37,0.38,3441951
AMC,20200429,13.82,14.03,13.75,13.98,4771920
AMD,20200429,0.006,0.006,0.005,0.005,287000
AME,20200429,0.064,0.064,0.063,0.063,118251
AMG,20200429,0.045,0.045,0.042,0.045,406000
AMH,20200429,0.81,0.825,0.81,0.82,312199
AMI,20200429,0.355,0.37,0.355,0.36,2678769
AML,20200429,0.099,0.12,0.096,0.096,1649047
AMN,20200429,0.375,0.38,0.375,0.375,26043
AMP,20200429,1.325,1.355,1.32,1.34,7216358
AMS,20200429,0.53,0.55,0.52,0.535,438525
AMT,20200429,0.125,0.125,0.12,0.12,64575
AMX,20200429,1.605,1.705,1.605,1.64,73720
ANA,20200429,0.006,0.006,0.005,0.005,6167860
ANG,20200429,0.135,0.15,0.135,0.15,78333
ANL,20200429,0.002,0.002,0.001,0.002,3240023
ANN,20200429,29.5,29.5,28.71,28.89,501204
ANO,20200429,4.61,4.61,4.38,4.38,17449
ANP,20200429,0.048,0.048,0.047,0.048,455359
ANR,20200429,0.19,0.19,0.19,0.19,1000
ANW,20200429,0.001,0.001,0.001,0.001,8700000
ANZ,20200429,15.95,16.665,15.87,16.66,10838840
AOF,20200429,2,2.05,2,2.02,43559
AOP,20200429,0.23,0.23,0.225,0.23,38636
AOU,20200429,0.057,0.057,0.055,0.055,60000
APA,20200429,11.33,11.39,11.09,11.16,1481289
APD,20200429,0.49,0.495,0.48,0.49,178554
APE,20200429,3.85,4.12,3.77,4.09,1078424
APG,20200429,0.001,0.001,0.001,0.001,1000000
APH,20200429,0.11,0.125,0.1,0.1,9287
API,20200429,1.175,1.19,1.155,1.165,1228289
APL,20200429,0.91,0.925,0.91,0.92,443034
APT,20200429,28.38,28.43,27.715,28.15,3607748
APV,20200429,0.155,0.155,0.155,0.155,73263
APX,20200429,24.1,24.3,23.65,24.19,339559
APZ,20200429,1.005,1.095,1.005,1.01,4894
AQC,20200429,0.125,0.125,0.12,0.12,5000
AQD,20200429,0.015,0.015,0.015,0.015,88365
AQG,20200429,7.7,7.84,7.62,7.83,147225
AQI,20200429,0.073,0.077,0.072,0.075,791196
AQR,20200429,3.11,3.11,3.05,3.07,84934
AQX,20200429,0.02,0.02,0.019,0.019,304299
AQZ,20200429,2,2.05,1.98,2,24522
AR9,20200429,0.075,0.08,0.075,0.08,108065
ARA,20200429,0.425,0.425,0.39,0.4,69306
ARB,20200429,14.08,14.47,13.94,14.44,91386
ARD,20200429,0.018,0.018,0.017,0.018,5118167
ARF,20200429,2.2,2.27,2.18,2.23,702802
ARG,20200429,7.13,7.2,7.05,7.18,161193
ARL,20200429,0.25,0.25,0.245,0.25,102745
ARM,20200429,0.014,0.016,0.014,0.014,5828209
ARN,20200429,0.125,0.125,0.125,0.125,12030
ARQ,20200429,0.105,0.115,0.105,0.11,308063
ARU,20200429,0.073,0.075,0.069,0.07,1486449
ARV,20200429,0.032,0.034,0.032,0.033,1932969
AS1,20200429,0.125,0.125,0.125,0.125,5200
ASB,20200429,3,3.09,2.97,3.08,1578215
ASG,20200429,0.75,0.75,0.75,0.75,214894
AST,20200429,1.91,1.93,1.895,1.925,8000562
ASW,20200429,0.595,0.595,0.595,0.595,288
ASX,20200429,83.98,84.37,81.88,82.4,376398
AT1,20200429,0.515,0.52,0.47,0.475,9456177
ATC,20200429,0.046,0.048,0.045,0.048,587915
ATH,20200429,0.019,0.019,0.019,0.019,10000
ATL,20200429,0.25,0.26,0.245,0.26,419807
ATP,20200429,0.006,0.006,0.006,0.006,355303
ATS,20200429,0.026,0.028,0.026,0.026,972587
ATU,20200429,0.23,0.245,0.227,0.23,485933
ATX,20200429,0.077,0.079,0.077,0.079,61945
AU8,20200429,0.057,0.06,0.056,0.056,316591
AUB,20200429,11.38,11.67,11.17,11.51,169225
AUC,20200429,0.014,0.015,0.014,0.015,1637063
AUI,20200429,7.46,7.49,7.39,7.44,6309
AUL,20200429,0.225,0.265,0.22,0.265,26975
AUR,20200429,0.016,0.016,0.016,0.016,1111863
AUT,20200429,0.043,0.047,0.04,0.046,7703085
AUZ,20200429,0.01,0.01,0.009,0.009,3256551
AV1,20200429,0.095,0.095,0.095,0.095,31530
AVC,20200429,0.18,0.2,0.18,0.2,43851
AVE,20200429,0.008,0.008,0.007,0.007,8017624
AVG,20200429,0.43,0.43,0.425,0.425,9090
AVH,20200429,0.465,0.485,0.435,0.435,15290337
AVJ,20200429,0.33,0.37,0.33,0.36,73677
AVL,20200429,0.01,0.01,0.009,0.009,1545200
AVN,20200429,1.56,1.675,1.56,1.645,441193
AVZ,20200429,0.051,0.064,0.051,0.059,39640501
AWC,20200429,1.5,1.555,1.5,1.54,11264210
AWV,20200429,0.008,0.008,0.008,0.008,146346
AX1,20200429,1.19,1.27,1.15,1.215,8734500
AXE,20200429,0.175,0.18,0.175,0.18,328228
AYI,20200429,0.001,0.001,0.001,0.001,500000
AYR,20200429,0.017,0.018,0.016,0.016,248411
AYS,20200429,0.33,0.33,0.32,0.33,26207
AZI,20200429,0.005,0.005,0.004,0.004,540541
AZJ,20200429,4.56,4.68,4.52,4.68,7149103
AZS,20200429,0.082,0.082,0.082,0.082,6000
AZV,20200429,0.063,0.063,0.063,0.063,38735
AZY,20200429,0.019,0.019,0.018,0.018,5063199
BAF,20200429,0.71,0.73,0.705,0.71,628262
BAP,20200429,4.8,4.88,4.67,4.87,2427629
BAR,20200429,0.012,0.014,0.012,0.014,338909
BAS,20200429,0.001,0.001,0.001,0.001,360000
BAT,20200429,0.006,0.006,0.005,0.006,436589
BBC,20200429,0.42,0.42,0.41,0.415,7093
BBL,20200429,0.38,0.38,0.38,0.38,1400
BBN,20200429,2.66,2.87,2.63,2.86,1375838
BBX,20200429,0.11,0.115,0.105,0.105,120484
BC8,20200429,0.39,0.4,0.38,0.4,67845
BCB,20200429,0.049,0.05,0.049,0.05,61796
BCC,20200429,0.18,0.185,0.18,0.185,54669
BCI,20200429,0.14,0.14,0.135,0.14,320823
BCK,20200429,0.02,0.02,0.02,0.02,11396
BCN,20200429,0.043,0.045,0.04,0.04,7973105
BCT,20200429,0.059,0.061,0.058,0.06,1097010
BD1,20200429,0.025,0.027,0.025,0.026,2556646
BDA,20200429,0.26,0.265,0.25,0.265,71628
BDC,20200429,0.072,0.075,0.072,0.074,2868270
BEM,20200429,0.035,0.035,0.03,0.03,219356
BEN,20200429,5.82,6.04,5.82,6.04,2936202
BET,20200429,0.265,0.29,0.265,0.28,4629201
BFC,20200429,0.07,0.074,0.07,0.073,65599
BFG,20200429,1.025,1.08,1.015,1.07,398324
BGA,20200429,4.76,4.85,4.73,4.83,1282496
BGL,20200429,0.595,0.6,0.575,0.585,1427278
BGP,20200429,3.59,3.6,3.59,3.6,1030
BGT,20200429,0.18,0.19,0.18,0.18,117307
BHP,20200429,30.95,31.15,30.61,31.12,5057865
BID,20200429,0.8,0.84,0.8,0.815,278115
BIN,20200429,2.14,2.175,2.11,2.16,990756
BIQ,20200429,0.004,0.004,0.004,0.004,130000
BIS,20200429,1,1,0.99,0.99,26574
BIT,20200429,0.105,0.105,0.097,0.098,4886287
BKI,20200429,1.35,1.35,1.335,1.34,205785
BKL,20200429,72.41,73.36,71.3,72.55,40375
BKT,20200429,0.03,0.037,0.03,0.033,1205667
BKW,20200429,12.67,13.17,12.57,13.03,904232
BKY,20200429,0.19,0.19,0.185,0.185,41602
BLD,20200429,2.68,2.815,2.63,2.73,12740989
BLG,20200429,0.022,0.022,0.022,0.022,833032
BLK,20200429,0.011,0.011,0.01,0.01,17542731
BLU,20200429,0.017,0.018,0.017,0.017,793644
BLX,20200429,0.66,0.69,0.66,0.69,4402
BLY,20200429,0.63,0.66,0.63,0.63,8771
BLZ,20200429,0.01,0.01,0.01,0.01,69298
BMG,20200429,0.002,0.002,0.002,0.002,242525
BMN,20200429,0.041,0.041,0.039,0.04,1042768
BNO,20200429,0.046,0.046,0.044,0.044,58460
BNR,20200429,0.05,0.05,0.045,0.045,192609
BOA,20200429,0.19,0.22,0.175,0.21,100500
BOC,20200429,0.23,0.23,0.23,0.23,21000
BOE,20200429,0.06,0.069,0.06,0.069,7143388
BOL,20200429,0.085,0.085,0.085,0.085,28975
BOQ,20200429,4.7,4.78,4.685,4.75,3928947
BOT,20200429,0.045,0.048,0.044,0.045,14587688
BPL,20200429,0.014,0.014,0.014,0.014,220000
BPP,20200429,0.015,0.015,0.015,0.015,270750
BPT,20200429,1.325,1.39,1.325,1.38,11840290
BRB,20200429,0.24,0.245,0.235,0.235,126450
BRG,20200429,17.8,17.96,17.02,17.23,270063
BRI,20200429,1.33,1.33,1.33,1.33,2402
BRK,20200429,0.004,0.004,0.003,0.003,1223762
BRL,20200429,0.056,0.06,0.056,0.057,2271700
BRN,20200429,0.053,0.055,0.05,0.05,10403763
BRU,20200429,0.08,0.085,0.078,0.084,839088
BRV,20200429,0.024,0.026,0.024,0.025,1557910
BSA,20200429,0.28,0.285,0.275,0.28,69292
BSE,20200429,0.13,0.135,0.125,0.13,498211
BSL,20200429,10.11,10.265,9.79,9.81,2353040
BSM,20200429,0.004,0.006,0.004,0.005,10132953
BSX,20200429,0.18,0.18,0.177,0.18,151502
BTH,20200429,0.68,0.74,0.68,0.74,3785926
BTI,20200429,0.68,0.69,0.677,0.69,163285
BUB,20200429,0.91,0.915,0.895,0.9,2513606
BUD,20200429,0.01,0.01,0.009,0.01,1986110
BUY,20200429,0.008,0.008,0.007,0.007,2026355
BVS,20200429,4.78,4.96,4.69,4.84,1835546
BWF,20200429,0.315,0.315,0.3,0.3,11523
BWP,20200429,3.43,3.47,3.41,3.43,827045
BWR,20200429,1.235,1.235,1.205,1.235,1618
BWX,20200429,3.19,3.49,3.18,3.46,1038144
BXB,20200429,11.06,11.14,10.92,10.99,2237757
BXN,20200429,0.01,0.01,0.01,0.01,154375
BYE,20200429,0.135,0.14,0.135,0.14,154039
BYH,20200429,0.029,0.03,0.029,0.029,581189
CAD,20200429,0.002,0.002,0.001,0.001,9045383
CAG,20200429,0.53,0.54,0.53,0.53,34832
CAI,20200429,0.295,0.305,0.295,0.305,332695
CAJ,20200429,0.185,0.19,0.185,0.19,1530543
CAM,20200429,0.75,0.77,0.75,0.77,93903
CAN,20200429,0.9,0.925,0.9,0.92,155781
CAP,20200429,0.023,0.023,0.021,0.021,266000
CAR,20200429,13.66,14.05,13.42,13.92,1158511
CAT,20200429,1.04,1.09,1.005,1.09,367755
CAU,20200429,0.092,0.097,0.092,0.097,128381
CAY,20200429,0.088,0.088,0.083,0.085,707245
CAZ,20200429,0.023,0.023,0.022,0.022,71200
CBA,20200429,59.35,61.07,59.35,61.07,3903547
CBE,20200429,0.17,0.18,0.17,0.175,366664
CBR,20200429,1.6,1.6,1.5,1.5,382433
CCA,20200429,0.056,0.059,0.056,0.059,95000
CCE,20200429,0.001,0.001,0.001,0.001,830000
CCG,20200429,0.059,0.065,0.059,0.064,630897
CCL,20200429,8.16,8.33,8.105,8.33,1494230
CCV,20200429,0.145,0.145,0.145,0.145,30526
CCX,20200429,2.09,2.15,2.01,2.15,502455
CCZ,20200429,0.019,0.019,0.018,0.018,1890748
CD1,20200429,0.72,0.72,0.715,0.72,8267
CD2,20200429,0.885,0.9,0.882,0.9,24698
CDA,20200429,6.15,6.36,5.92,6.3,353347
CDD,20200429,0.225,0.245,0.225,0.24,122032
CDM,20200429,0.55,0.55,0.53,0.545,180019
CDP,20200429,3.2,3.21,3.15,3.2,5385
CDT,20200429,0.007,0.007,0.005,0.005,193687
CDV,20200429,0.38,0.385,0.38,0.385,80635
CDX,20200429,0.023,0.023,0.021,0.023,826401
CDY,20200429,0.215,0.225,0.215,0.225,781524
CE1,20200429,0.006,0.006,0.006,0.006,3400009
CEL,20200429,0.11,0.115,0.105,0.11,989259
CFE,20200429,0.002,0.002,0.002,0.002,750000
CFO,20200429,0.04,0.05,0.04,0.046,218000
CGB,20200429,0.008,0.008,0.007,0.008,1687448
CGC,20200429,2.79,2.81,2.73,2.76,869204
CGF,20200429,4.27,4.44,4.26,4.42,4509209
CGL,20200429,3.3,3.54,3.3,3.51,197253
CGS,20200429,0.345,0.35,0.345,0.345,55000
CHC,20200429,7.01,7.46,6.98,7.17,2169331
CHK,20200429,0.006,0.006,0.006,0.006,524000
CHN,20200429,1.15,1.15,1.065,1.12,1975222
CHZ,20200429,0.065,0.065,0.062,0.062,335829
CI1,20200429,0.03,0.031,0.03,0.031,2500342
CIA,20200429,1.89,1.91,1.885,1.89,384886
CIE,20200429,0.51,0.53,0.51,0.53,29972
CIM,20200429,22.96,23.59,22.645,23.45,356879
CIN,20200429,20.58,20.89,20.55,20.55,7851
CIO,20200429,0.02,0.02,0.019,0.019,185000
CIP,20200429,2.62,2.68,2.61,2.62,509785
CKA,20200429,0.045,0.047,0.044,0.044,792405
CKF,20200429,6.75,6.82,6.54,6.79,360972
CL1,20200429,1.425,1.425,1.395,1.395,64966
CLA,20200429,0.009,0.009,0.009,0.009,62500
CLB,20200429,0.051,0.055,0.051,0.052,570527
CLQ,20200429,0.2,0.2,0.195,0.195,255611
CLT,20200429,0.11,0.11,0.1,0.11,72130
CLV,20200429,2.12,2.16,2.07,2.07,563842
CLW,20200429,4.32,4.46,4.32,4.34,1121223
CLX,20200429,0.565,0.565,0.55,0.55,10082
CLZ,20200429,0.002,0.002,0.001,0.001,22847000
CM8,20200429,0.022,0.025,0.022,0.025,1282689
CMD,20200429,0.008,0.008,0.008,0.008,220904
CMM,20200429,1.36,1.38,1.315,1.35,298329
CMP,20200429,0.5,0.5,0.49,0.49,86077
CMW,20200429,0.745,0.765,0.745,0.755,4402198
CNI,20200429,1.5,1.56,1.49,1.535,1332919
CNL,20200429,0.08,0.08,0.08,0.08,11000
CNU,20200429,6.75,6.83,6.64,6.82,477151
CNW,20200429,0.025,0.025,0.024,0.024,1675407
COB,20200429,0.135,0.135,0.125,0.13,102590
COE,20200429,0.425,0.44,0.42,0.435,4040693
COF,20200429,1.85,1.895,1.81,1.88,1251583
COG,20200429,0.042,0.042,0.041,0.041,800000
COH,20200429,185,186.5,179.5,182.75,263622
COI,20200429,0.079,0.09,0.076,0.083,424155
COL,20200429,16.24,16.24,15.32,15.51,12016534
COS,20200429,0.345,0.36,0.33,0.35,353911
CP1,20200429,0.1,0.1,0.1,0.1,9000
CPH,20200429,0.068,0.07,0.068,0.068,721732
CPT,20200429,0.013,0.014,0.013,0.013,31957
CPU,20200429,11.13,11.36,11.13,11.36,1440150
CPV,20200429,0.13,0.13,0.12,0.12,49424
CQE,20200429,2.27,2.33,2.24,2.3,926040
CQR,20200429,2.99,3.12,2.95,2.98,5509222
CR1,20200429,0.245,0.255,0.245,0.255,52000
CRL,20200429,0.011,0.011,0.011,0.011,120000
CRM,20200429,0.35,0.35,0.35,0.35,2000
CRN,20200429,1.26,1.285,1.185,1.22,434381
CRS,20200429,0.12,0.12,0.12,0.12,10000
CSL,20200429,318,319.71,312.9,315.6,843924
CSR,20200429,3.31,3.48,3.31,3.46,3003165
CSS,20200429,0.65,0.655,0.65,0.65,43646
CST,20200429,0.155,0.21,0.155,0.175,4059006
CT1,20200429,0.02,0.025,0.02,0.02,3755833
CTD,20200429,10.01,11.45,9.93,11.05,945464
CTM,20200429,0.17,0.185,0.165,0.185,790007
CTP,20200429,0.076,0.076,0.073,0.075,482830
CTX,20200429,23.19,23.53,22.58,23,934063
CUE,20200429,0.076,0.078,0.076,0.078,153442
CUP,20200429,0.875,0.88,0.865,0.87,27732
CUV,20200429,21.2,21.36,20.71,21.3,104024
CUX,20200429,0.004,0.005,0.004,0.005,892833
CV1,20200429,0.068,0.074,0.068,0.074,138714
CVF,20200429,0.74,0.75,0.74,0.745,178779
CVL,20200429,0.4,0.4,0.4,0.4,20000
CVN,20200429,0.16,0.175,0.16,0.17,4361002
CVW,20200429,0.195,0.205,0.195,0.205,94727
CWN,20200429,9.38,9.7,9.13,9.54,75636467
CWP,20200429,3.97,4.16,3.88,3.98,338461
CWX,20200429,0.2,0.21,0.195,0.205,118182
CWY,20200429,1.8,1.83,1.78,1.83,5530146
CXL,20200429,0.685,0.685,0.67,0.67,6168
CXO,20200429,0.04,0.04,0.039,0.04,1285447
CXU,20200429,0.024,0.024,0.021,0.021,3982
CXZ,20200429,0.017,0.02,0.017,0.017,2060832
CYC,20200429,1.32,1.32,1.32,1.32,10166
CYG,20200429,0.48,0.485,0.48,0.485,48122
CYL,20200429,2.87,3,2.75,2.83,78588
CYM,20200429,0.11,0.11,0.11,0.11,1000
CYP,20200429,0.67,0.67,0.615,0.635,242689
CYQ,20200429,0.001,0.001,0.001,0.001,31191606
CZI,20200429,0.097,0.097,0.091,0.091,179119
CZL,20200429,0.004,0.004,0.004,0.004,1812500
CZN,20200429,0.003,0.003,0.003,0.003,3900015
CZR,20200429,0.011,0.011,0.01,0.01,4000005
D2O,20200429,1.285,1.32,1.25,1.32,369988
DAF,20200429,0.017,0.017,0.017,0.017,85000
DAV,20200429,0.04,0.04,0.04,0.04,5846
DBF,20200429,0.995,1,0.995,1,1106
DCC,20200429,0.025,0.028,0.025,0.028,1892072
DCG,20200429,0.14,0.14,0.135,0.135,820666
DCL,20200429,0.041,0.041,0.041,0.041,30000
DCN,20200429,0.37,0.385,0.36,0.37,4966849
DCX,20200429,0.004,0.004,0.004,0.004,7005000
DDR,20200429,6.46,7,6.37,6.86,245585
DEG,20200429,0.36,0.37,0.355,0.355,8893527
DEM,20200429,0.165,0.165,0.16,0.165,119719
DEV,20200429,0.091,0.091,0.084,0.084,558951
DGO,20200429,1.965,2.1,1.96,2.1,67170
DHG,20200429,2.5,2.7,2.48,2.65,1667396
DHR,20200429,0.002,0.002,0.002,0.002,50000
DIV,20200429,19.13,19.26,19.13,19.26,2693
DJW,20200429,2.48,2.55,2.47,2.55,54247
DKM,20200429,0.145,0.15,0.137,0.15,465041
DLC,20200429,0.004,0.006,0.004,0.006,9760640
DME,20200429,0.19,0.19,0.19,0.19,10000
DMP,20200429,53.98,54.91,52.57,54.6,612022
DNA,20200429,0.034,0.037,0.034,0.034,4547041
DNK,20200429,0.39,0.39,0.385,0.39,100283
DOR,20200429,0.03,0.03,0.03,0.03,109437
DOW,20200429,3.71,3.91,3.675,3.9,6802937
DRE,20200429,0.006,0.006,0.006,0.006,9916958
DRO,20200429,0.105,0.115,0.1,0.105,2467734
DRX,20200429,0.007,0.008,0.007,0.008,1371820
DSE,20200429,0.041,0.041,0.041,0.041,41100
DTC,20200429,0.91,0.91,0.895,0.905,41380
DTL,20200429,3.82,3.85,3.715,3.84,265578
DTM,20200429,0.059,0.059,0.059,0.059,4000
DTR,20200429,0.002,0.002,0.002,0.002,250000
DTS,20200429,0.13,0.13,0.13,0.13,160000
DUB,20200429,0.97,1.05,0.962,0.995,2034207
DUI,20200429,4,4.04,3.95,4.04,162670
DVL,20200429,0.02,0.023,0.02,0.021,2438435
DW8,20200429,0.005,0.005,0.005,0.005,264000
DWS,20200429,0.71,0.73,0.71,0.71,48429
DXB,20200429,0.19,0.195,0.185,0.195,225669
DXN,20200429,0.009,0.01,0.009,0.01,2385841
DXS,20200429,8.79,8.97,8.74,8.81,2873382
DYL,20200429,0.255,0.26,0.255,0.255,138411
E25,20200429,0.175,0.175,0.17,0.17,60000
EAF,20200429,1.21,1.21,1.21,1.21,187852
EAI,20200429,0.94,0.945,0.94,0.945,176111
EBO,20200429,21.08,21.91,20.88,20.88,5272
ECF,20200429,0.9,0.91,0.89,0.89,798580
ECG,20200429,0.025,0.025,0.025,0.025,6000
ECL,20200429,1.12,1.15,1.12,1.15,10000
ECS,20200429,0.032,0.032,0.032,0.032,99856
ECX,20200429,0.62,0.675,0.605,0.655,2177338
ED1,20200429,0.58,0.58,0.58,0.58,21645
EDC,20200429,0.875,0.92,0.875,0.92,38010
EDE,20200429,0.034,0.038,0.034,0.037,3296831
EEG,20200429,0.2,0.2,0.2,0.2,127422
EEU,20200429,15.95,15.95,15.95,15.95,5930
EGD,20200429,2.41,2.41,2.4,2.4,55299
EGF,20200429,1.56,1.56,1.56,1.56,193368
EGG,20200429,1.18,1.225,1.18,1.22,40559
EGH,20200429,0.285,0.285,0.285,0.285,23185
EGI,20200429,0.95,0.96,0.945,0.96,109160
EGL,20200429,0.024,0.024,0.024,0.024,1800
EGN,20200429,0.4,0.4,0.395,0.395,50372
EGR,20200429,0.063,0.063,0.06,0.063,180011
EHE,20200429,1.42,1.465,1.4,1.44,1081236
EHL,20200429,1.18,1.19,1.15,1.15,1656367
ELD,20200429,8.5,8.7,8.45,8.57,749367
ELO,20200429,6.6,6.96,6.57,6.91,27755
ELS,20200429,0.295,0.365,0.295,0.365,243482
ELX,20200429,0.6,0.615,0.6,0.615,68679
EM1,20200429,0.007,0.007,0.007,0.007,41166
EMD,20200429,0.061,0.062,0.061,0.062,81100
EME,20200429,0.13,0.13,0.13,0.13,90000
EMH,20200429,0.25,0.25,0.24,0.24,232004
EML,20200429,2.43,2.6,2.41,2.59,4222734
EMR,20200429,0.49,0.5,0.48,0.5,361798
EMT,20200429,0.01,0.01,0.01,0.01,1567557
EMV,20200429,0.825,0.88,0.8,0.8,186410
EN1,20200429,0.012,0.012,0.012,0.012,1625000
ENE,20200429,0.048,0.048,0.048,0.048,47816
ENN,20200429,0.875,0.945,0.875,0.93,615201
ENT,20200429,0.011,0.012,0.011,0.012,1050000
ENX,20200429,0.006,0.006,0.006,0.006,90000
EOS,20200429,4.75,4.79,4.57,4.75,1236120
EPD,20200429,0.35,0.35,0.33,0.35,150705
EPM,20200429,0.005,0.006,0.005,0.006,328894
EQT,20200429,20.26,20.9,20.26,20.5,34529
EQX,20200429,0.24,0.25,0.235,0.25,104816
ERA,20200429,0.18,0.18,0.165,0.175,58158
ERF,20200429,0.75,0.765,0.75,0.75,447742
ERG,20200429,0.062,0.062,0.062,0.062,30000
ERM,20200429,0.099,0.105,0.085,0.086,1699704
ERX,20200429,0.046,0.048,0.046,0.046,937737
ESE,20200429,0.008,0.008,0.008,0.008,12337
ESH,20200429,0.007,0.007,0.006,0.006,9031381
ESR,20200429,0.008,0.009,0.008,0.009,884999
ETF,20200429,17.5,17.82,17.5,17.82,3082
EUC,20200429,0.017,0.017,0.017,0.017,100000
EUR,20200429,0.044,0.05,0.043,0.046,836527
EVE,20200429,0.005,0.006,0.005,0.006,251110
EVN,20200429,5.15,5.31,5.06,5.24,11109416
EVO,20200429,0.074,0.075,0.074,0.075,375425
EVS,20200429,0.125,0.125,0.12,0.12,1723927
EVT,20200429,7.42,7.62,7.31,7.6,129564
EWC,20200429,0.07,0.07,0.07,0.07,27065
EX1,20200429,0.21,0.21,0.19,0.19,69475
EXL,20200429,0.38,0.39,0.38,0.385,74904
EXP,20200429,0.097,0.099,0.097,0.099,105799
EXR,20200429,0.025,0.025,0.024,0.025,574311
EZL,20200429,0.805,0.84,0.78,0.82,175925
FAM,20200429,0.025,0.025,0.023,0.023,225419
FAR,20200429,0.014,0.015,0.014,0.014,14004443
FAU,20200429,0.01,0.011,0.01,0.011,3640000
FBR,20200429,0.024,0.027,0.024,0.027,999343
FBU,20200429,3.4,3.5,3.4,3.42,1819219
FCL,20200429,3.19,3.19,3.06,3.13,96570
FCT,20200429,0.082,0.086,0.073,0.079,304571
FDV,20200429,0.905,0.94,0.9,0.9,226735
FEL,20200429,0.011,0.014,0.011,0.011,570582
FEX,20200429,0.052,0.052,0.049,0.052,2700245
FFG,20200429,0.006,0.006,0.006,0.006,254700
FFI,20200429,5,5,5,5,100
FFL,20200429,0.24,0.24,0.24,0.24,7000
FGG,20200429,1.115,1.115,1.105,1.11,124253
FGR,20200429,0.135,0.135,0.13,0.13,110138
FGX,20200429,0.89,0.9,0.88,0.895,341967
FHS,20200429,0.028,0.03,0.028,0.029,896154
FID,20200429,4.38,4.38,4.37,4.38,8753
FIJ,20200429,0.053,0.053,0.052,0.052,73771
FLC,20200429,0.285,0.29,0.275,0.285,228765
FLN,20200429,0.395,0.395,0.395,0.395,2889
FLT,20200429,9.73,10.4,9.52,10.3,2940260
FMG,20200429,11.64,11.86,11.57,11.74,8054689
FML,20200429,0.245,0.245,0.245,0.245,21855
FMS,20200429,0.028,0.028,0.024,0.025,3183233
FNP,20200429,4.34,4.38,4.25,4.37,562976
FNT,20200429,0.008,0.008,0.007,0.008,14180921
FOD,20200429,0.063,0.063,0.06,0.061,1804012
FOR,20200429,0.755,0.755,0.75,0.755,17664
FPC,20200429,0.7,0.705,0.7,0.705,35000
FPH,20200429,27.42,27.72,25.91,25.99,666326
FPL,20200429,0.003,0.003,0.003,0.003,9000000
FPP,20200429,0.69,0.71,0.69,0.7,4915
FRM,20200429,0.28,0.28,0.27,0.27,1300
FRN,20200429,0.021,0.022,0.02,0.022,1237527
FRX,20200429,0.016,0.017,0.016,0.017,162216
FSA,20200429,0.92,0.92,0.92,0.92,10000
FSF,20200429,3.63,3.63,3.63,3.63,28
FSG,20200429,0.023,0.023,0.023,0.023,41666
FTC,20200429,0.081,0.081,0.081,0.081,10000
FWD,20200429,1.46,1.475,1.45,1.465,106778
FXL,20200429,0.74,0.87,0.73,0.87,5259370
FYI,20200429,0.048,0.054,0.048,0.053,205389
FZO,20200429,0.14,0.15,0.14,0.15,1734752
G1A,20200429,0.185,0.19,0.18,0.185,318482
GAL,20200429,0.235,0.257,0.235,0.255,1598544
GAP,20200429,0.14,0.145,0.125,0.14,321821
GBR,20200429,0.035,0.035,0.033,0.033,386491
GBZ,20200429,0.095,0.095,0.094,0.094,143637
GC1,20200429,0.63,0.65,0.63,0.65,142687
GCI,20200429,1.685,1.725,1.675,1.705,244065
GDF,20200429,0.88,0.92,0.86,0.9,209036
GDI,20200429,1.045,1.075,1.02,1.04,716457
GDX,20200429,52.24,52.35,51.88,52.05,44509
GEM,20200429,0.815,0.83,0.795,0.81,7867010
GGG,20200429,0.115,0.12,0.115,0.12,1819462
GGX,20200429,0.002,0.002,0.002,0.002,2000000
GLA,20200429,0.001,0.001,0.001,0.001,600000
GLL,20200429,0.365,0.38,0.345,0.375,559585
GLN,20200429,0.155,0.155,0.15,0.155,464701
GMA,20200429,1.965,1.97,1.895,1.905,448102
GMD,20200429,0.03,0.031,0.03,0.03,3625564
GMG,20200429,12.96,13.24,12.895,13.14,4946322
GML,20200429,0.01,0.012,0.009,0.012,322566
GMN,20200429,0.05,0.05,0.049,0.05,220055
GMR,20200429,0.007,0.007,0.006,0.006,280783
GNC,20200429,3.57,3.66,3.5,3.58,1516267
GNE,20200429,2.62,2.63,2.62,2.63,3054
GNG,20200429,0.72,0.72,0.715,0.715,3368
GNM,20200429,0.006,0.006,0.005,0.005,1660000
GNX,20200429,0.195,0.195,0.185,0.195,127900
GO2,20200429,0.025,0.066,0.021,0.046,43335980
GOR,20200429,1.65,1.69,1.605,1.645,7419804
GOW,20200429,1.25,1.27,1.25,1.27,6562
GOZ,20200429,2.86,2.94,2.84,2.93,1291496
GPR,20200429,0.445,0.445,0.395,0.405,63229
GPT,20200429,3.83,3.955,3.82,3.93,7805833
GRB,20200429,0.054,0.055,0.054,0.054,177315
GRL,20200429,0.115,0.125,0.115,0.12,38550
GRR,20200429,0.22,0.23,0.22,0.22,2296083
GRV,20200429,0.022,0.022,0.018,0.018,121011
GSM,20200429,0.15,0.165,0.15,0.16,111454
GSN,20200429,0.04,0.044,0.04,0.042,443550
GSS,20200429,1.86,1.9,1.775,1.9,268678
GSW,20200429,0.65,0.745,0.65,0.72,593019
GTE,20200429,0.002,0.002,0.002,0.002,5000000
GTG,20200429,0.005,0.005,0.005,0.005,7838566
GTK,20200429,1.35,1.38,1.33,1.38,43440
GTN,20200429,0.38,0.38,0.375,0.38,18423
GTR,20200429,0.013,0.014,0.012,0.013,35414425
GUD,20200429,8.97,9.07,8.56,9.07,240803
GVF,20200429,0.945,0.945,0.925,0.94,47383
GWA,20200429,2.4,2.58,2.39,2.57,1771546
GWR,20200429,0.074,0.074,0.074,0.074,12013
GXY,20200429,0.755,0.76,0.735,0.74,1733691
HAS,20200429,0.055,0.06,0.055,0.056,1295327
HAV,20200429,0.1,0.11,0.1,0.11,192871
HAW,20200429,0.135,0.135,0.13,0.13,195153
HCD,20200429,0.015,0.015,0.015,0.015,89537
HCH,20200429,0.02,0.022,0.02,0.021,1237419
HCT,20200429,0.155,0.155,0.135,0.15,6143713
HE8,20200429,0.084,0.085,0.084,0.085,218121
HFR,20200429,0.375,0.39,0.335,0.335,88481
HGH,20200429,1.2,1.2,1.165,1.165,2090
HGO,20200429,0.036,0.037,0.035,0.035,99283
HIL,20200429,0.18,0.18,0.18,0.18,50031
HIT,20200429,1.275,1.275,1.275,1.275,4576
HLA,20200429,0.74,0.74,0.685,0.69,72343
HLO,20200429,1.345,1.635,1.345,1.55,637357
HLS,20200429,2.51,2.545,2.46,2.5,1852484
HLX,20200429,0.007,0.007,0.007,0.007,170000
HM1,20200429,2.75,2.95,2.73,2.85,243436
HMC,20200429,2.3,2.4,2.24,2.35,93000
HMD,20200429,0.12,0.125,0.12,0.12,88196
HMX,20200429,0.02,0.02,0.019,0.019,138526
HNG,20200429,0.185,0.185,0.185,0.185,22693
HNR,20200429,0.006,0.006,0.006,0.006,400000
HOT,20200429,0.095,0.095,0.095,0.095,20000
HPI,20200429,2.39,2.44,2.35,2.43,369045
HRR,20200429,0.046,0.046,0.045,0.045,60453
HRZ,20200429,0.08,0.084,0.08,0.084,186074
HSC,20200429,0.006,0.006,0.005,0.006,6187878
HSN,20200429,2.76,2.77,2.73,2.74,374842
HT1,20200429,1.1,1.115,1.06,1.1,567713
HT8,20200429,0.038,0.044,0.037,0.038,4006614
HTA,20200429,0.15,0.15,0.15,0.15,1233
HTG,20200429,0.13,0.15,0.125,0.15,967045
HUB,20200429,9.8,10.005,9.72,9.86,110142
HUO,20200429,3.6,3.6,3.41,3.41,10740
HVM,20200429,0.18,0.19,0.18,0.185,46088
HVN,20200429,2.75,2.81,2.7,2.73,4140866
HWK,20200429,0.006,0.006,0.006,0.006,264175
HXG,20200429,0.069,0.07,0.067,0.07,241100
HYD,20200429,0.084,0.093,0.083,0.083,220005
HZN,20200429,0.048,0.048,0.048,0.048,171036
HZR,20200429,0.38,0.38,0.375,0.38,26167
IAA,20200429,92,92.25,90.98,91.03,47006
IAF,20200429,115.71,115.73,115.4,115.7,15389
IAG,20200429,6,6.015,5.795,5.85,9514211
IAM,20200429,0.001,0.001,0.001,0.001,2050000
IAP,20200429,1.075,1.1,1.04,1.07,120708
IBC,20200429,0.42,0.43,0.4,0.43,109577
IBG,20200429,0.007,0.007,0.007,0.007,523332
IBX,20200429,0.013,0.015,0.013,0.014,31840327
ICG,20200429,0.001,0.001,0.001,0.001,375000
ICI,20200429,0.022,0.022,0.022,0.022,50000
ICQ,20200429,0.18,0.2,0.18,0.185,6950099
ICS,20200429,1.75,1.75,1.75,1.75,15000
ICT,20200429,0.045,0.045,0.043,0.043,200000
IDT,20200429,0.15,0.155,0.15,0.155,160722
IDX,20200429,3.15,3.15,3.04,3.12,276957
IEL,20200429,14.73,15.005,14.25,14.86,1207768
IEM,20200429,56.21,56.63,56.1,56.19,51683
IEU,20200429,57.11,57.57,55.5,55.51,41844
IFL,20200429,3.62,3.78,3.6,3.77,1563663
IFM,20200429,1.55,1.67,1.55,1.64,2321408
IFN,20200429,0.525,0.56,0.525,0.56,1009601
IFT,20200429,4.35,4.35,4.32,4.35,4728
IGB,20200429,114.7,114.7,114.35,114.43,695
IGL,20200429,0.6,0.67,0.6,0.65,760157
IGN,20200429,0.021,0.026,0.021,0.024,572034
IGO,20200429,4.76,4.83,4.58,4.68,3663348
IHD,20200429,10.73,10.88,10.73,10.85,18414
IHL,20200429,0.053,0.053,0.051,0.052,1600951
IHR,20200429,0.052,0.059,0.052,0.059,348816
IJH,20200429,253.57,253.57,251.66,251.9,1276
IJP,20200429,80.8,81.53,80.72,81.15,8866
IJR,20200429,96.75,97.73,96.75,97.01,5391
IKO,20200429,80.3,81.61,80.3,80.97,1234
ILB,20200429,122.51,122.83,122.51,122.8,718
ILC,20200429,21,21.09,20.89,21.07,6618
ILU,20200429,7.2,7.37,6.97,7.17,2906499
IMA,20200429,0.145,0.15,0.145,0.145,480504
IMC,20200429,0.098,0.098,0.096,0.098,121463
IMD,20200429,0.965,1.005,0.94,0.95,514210
IME,20200429,0.031,0.032,0.031,0.031,901153
IMM,20200429,0.18,0.18,0.155,0.17,4726719
IMS,20200429,0.004,0.004,0.004,0.004,700000
IMU,20200429,0.026,0.027,0.025,0.026,7247749
INA,20200429,3.61,3.93,3.58,3.69,3903487
INF,20200429,0.036,0.036,0.035,0.035,300071
ING,20200429,3.35,3.37,3.31,3.37,3797312
INR,20200429,0.14,0.14,0.13,0.13,2759649
IOD,20200429,0.12,0.12,0.12,0.12,20000
IOO,20200429,75.99,76,75.47,75.65,33764
IOZ,20200429,21.83,22.02,21.74,22,472638
IP1,20200429,0.008,0.008,0.007,0.007,216559
IPB,20200429,0.014,0.014,0.014,0.014,150000
IPD,20200429,0.04,0.04,0.038,0.039,3663014
IPH,20200429,7.4,7.46,7.3,7.44,250166
IPL,20200429,2.15,2.22,2.14,2.22,4059927
IPT,20200429,0.009,0.009,0.008,0.008,2516596
IRD,20200429,0.048,0.048,0.045,0.045,210000
IRE,20200429,10.56,10.89,10.56,10.89,1273937
IRI,20200429,3.06,3.12,2.99,3.06,217756
ISD,20200429,0.15,0.15,0.145,0.145,358851
ISO,20200429,4.02,4.02,4,4,12938
ISU,20200429,0.21,0.215,0.197,0.215,197026
ITG,20200429,0.195,0.23,0.195,0.22,281403
IVC,20200429,10.21,10.34,9.97,10.16,1558153
IVE,20200429,87.59,88.09,87.1,87.25,2194
IVR,20200429,0.012,0.012,0.012,0.012,1412293
IVV,20200429,443.92,446.57,442.68,444.08,10482
IVZ,20200429,0.022,0.025,0.022,0.025,213000
IXC,20200429,1.1,1.18,1.1,1.14,74044
IXI,20200429,78.91,79.14,78.65,78.96,1242
IXJ,20200429,106.49,106.56,104.98,105.96,17861
IXR,20200429,0.006,0.006,0.006,0.006,1566666
IXU,20200429,0.02,0.02,0.02,0.02,48000
IZZ,20200429,60.6,60.6,60,60,1697
JAN,20200429,0.32,0.335,0.315,0.315,81129
JAT,20200429,0.049,0.052,0.049,0.05,1215959
JBH,20200429,34,34.82,33.26,34.82,560767
JHC,20200429,0.485,0.5,0.485,0.49,1064008
JHG,20200429,24.45,24.95,24.45,24.51,994189
JHL,20200429,0.023,0.025,0.023,0.025,629412
JHX,20200429,19.47,20.49,19.46,20.4,2962737
JIN,20200429,11.45,12,11.21,11.91,581996
JLG,20200429,2.5,2.5,2.37,2.42,233433
JMS,20200429,0.265,0.275,0.26,0.27,5275336
JRV,20200429,0.18,0.2,0.18,0.19,701553
JXT,20200429,0.05,0.066,0.05,0.058,2208492
JYC,20200429,0.92,0.92,0.86,0.87,20759
K2F,20200429,0.2,0.21,0.2,0.21,26739
KAI,20200429,0.011,0.012,0.011,0.012,1693000
KAR,20200429,0.505,0.557,0.505,0.54,5828664
KAS,20200429,0.018,0.018,0.018,0.018,100000
KAU,20200429,0.215,0.24,0.215,0.23,350245
KCN,20200429,0.42,0.425,0.4,0.4,329298
KFE,20200429,0.027,0.028,0.027,0.028,1139433
KGM,20200429,0.012,0.016,0.011,0.012,9326409
KGN,20200429,7.65,7.85,7.42,7.71,1478761
KIN,20200429,0.053,0.053,0.052,0.053,231225
KKC,20200429,1.765,1.785,1.765,1.78,273999
KLA,20200429,65.5,66.1,64.97,65.66,4199
KMD,20200429,0.7,0.715,0.685,0.705,4000961
KME,20200429,1.08,1.1,1.055,1.08,12914
KMT,20200429,0.005,0.005,0.005,0.005,2500000
KNM,20200429,0.018,0.018,0.017,0.018,1754084
KNO,20200429,0.064,0.069,0.064,0.069,399762
KOR,20200429,0.007,0.007,0.007,0.007,150000
KP2,20200429,0.015,0.015,0.015,0.015,20000
KPG,20200429,0.81,0.81,0.81,0.81,7347
KPO,20200429,0.03,0.03,0.03,0.03,363822
KPT,20200429,0.94,0.94,0.93,0.93,84177
KRM,20200429,0.034,0.034,0.034,0.034,283180
KRR,20200429,0.039,0.041,0.038,0.039,677312
KSL,20200429,0.825,0.915,0.825,0.895,330634
KSN,20200429,0.14,0.14,0.135,0.14,326153
KSS,20200429,0.18,0.185,0.18,0.185,65500
KTA,20200429,0.031,0.031,0.03,0.031,630790
KTD,20200429,0.41,0.415,0.405,0.415,361911
KTG,20200429,0.12,0.12,0.115,0.12,90564
KWR,20200429,0.15,0.16,0.135,0.15,288042
KYK,20200429,0.084,0.092,0.084,0.092,420289
KZA,20200429,0.4,0.405,0.395,0.395,303163
KZR,20200429,0.5,0.5,0.36,0.405,2798794
LAA,20200429,0.013,0.015,0.013,0.015,820000
LAU,20200429,0.345,0.35,0.345,0.35,102500
LBT,20200429,0.11,0.11,0.1,0.105,426677
LCK,20200429,0.098,0.098,0.095,0.097,205863
LCL,20200429,0.034,0.038,0.034,0.037,339134
LCT,20200429,0.014,0.014,0.014,0.014,70000
LCY,20200429,0.002,0.002,0.002,0.002,1000000
LEG,20200429,0.195,0.2,0.19,0.195,3623687
LEP,20200429,4.19,4.19,4.12,4.18,404983
LEX,20200429,0.165,0.165,0.165,0.165,2827
LGP,20200429,0.29,0.29,0.27,0.28,43078
LI3,20200429,0.022,0.023,0.02,0.02,1522577
LIC,20200429,7.75,7.75,7.33,7.41,137178
LIN,20200429,0.016,0.017,0.015,0.017,1596411
LIT,20200429,0.048,0.05,0.045,0.045,728787
LKE,20200429,0.038,0.039,0.037,0.038,1409635
LLC,20200429,10.33,11.62,10.33,11.62,11961663
LME,20200429,1.38,1.38,1.38,1.38,1693154
LML,20200429,0.006,0.006,0.006,0.006,28500
LNG,20200429,0.043,0.043,0.042,0.043,1958517
LNK,20200429,3.46,3.62,3.42,3.62,2396636
LNU,20200429,0.015,0.015,0.015,0.015,736938
LNY,20200429,0.004,0.004,0.004,0.004,14558736
LOM,20200429,0.05,0.05,0.049,0.05,315233
LON,20200429,0.12,0.135,0.115,0.115,372593
LOT,20200429,0.059,0.06,0.057,0.06,1692839
LOV,20200429,7,7.15,6.87,6.99,328172
LPD,20200429,0.008,0.008,0.007,0.007,5158382
LPI,20200429,0.15,0.16,0.135,0.135,679543
LRS,20200429,0.003,0.003,0.003,0.003,250000
LRT,20200429,0.61,0.615,0.61,0.615,17080
LSA,20200429,0.005,0.007,0.005,0.005,4886359
LSF,20200429,1.02,1.03,1.01,1.015,1062518
LSH,20200429,0.031,0.036,0.029,0.036,638790
LSR,20200429,0.006,0.006,0.006,0.006,1039000
LTR,20200429,0.11,0.11,0.1,0.105,5566410
LVH,20200429,0.3,0.315,0.27,0.3,1379501
LVT,20200429,0.235,0.24,0.215,0.215,4982589
LYC,20200429,1.565,1.595,1.54,1.575,2977493
LYL,20200429,4.08,4.25,4.08,4.23,39671
M7T,20200429,0.56,0.6,0.555,0.6,299833
MA1,20200429,0.85,0.85,0.85,0.85,25000
MAD,20200429,0.79,0.8,0.77,0.8,161144
MAG,20200429,0.235,0.25,0.235,0.25,155625
MAH,20200429,0.2,0.215,0.2,0.205,3736498
MAI,20200429,0.41,0.41,0.39,0.39,56335
MAN,20200429,0.02,0.02,0.017,0.018,10533033
MAQ,20200429,26.71,27.49,26,27.49,4467
MAT,20200429,0.13,0.13,0.13,0.13,119024
MAU,20200429,0.77,0.78,0.75,0.75,54940
MAY,20200429,0.003,0.003,0.003,0.003,100000
MBK,20200429,0.007,0.007,0.007,0.007,1879
MCM,20200429,0.15,0.155,0.15,0.155,15225
MCP,20200429,2.55,2.62,2.55,2.6,138048
MCR,20200429,0.61,0.62,0.6,0.61,455258
MCT,20200429,0.003,0.003,0.003,0.003,1913367
MCY,20200429,4.32,4.32,4.32,4.32,190
MDC,20200429,0.25,0.25,0.245,0.25,208917
MDI,20200429,0.013,0.013,0.012,0.012,12798604
MDR,20200429,0.44,0.465,0.44,0.45,725984
MEA,20200429,0.185,0.185,0.18,0.18,136943
MEB,20200429,0.007,0.007,0.007,0.007,1872661
MEI,20200429,0.013,0.014,0.012,0.013,768604
MEM,20200429,0.051,0.051,0.049,0.05,354237
MEP,20200429,0.038,0.038,0.037,0.037,391330
MEU,20200429,0.037,0.038,0.035,0.035,2382827
MEY,20200429,0.064,0.065,0.063,0.063,208857
MEZ,20200429,4.5,4.55,4.44,4.55,12311
MFD,20200429,0.745,0.745,0.72,0.72,18000
MFF,20200429,2.83,2.89,2.82,2.88,252264
MFG,20200429,48.33,50,47.52,50,602854
MGC,20200429,0.44,0.44,0.44,0.44,2990
MGE,20200429,3.99,4.02,3.98,4,661301
MGG,20200429,1.735,1.765,1.72,1.735,1008252
MGR,20200429,2.12,2.18,2.09,2.1,8302757
MGT,20200429,0.002,0.002,0.002,0.002,6635500
MGV,20200429,0.13,0.13,0.125,0.125,1171114
MGX,20200429,0.605,0.61,0.585,0.595,2012142
MHC,20200429,0.008,0.009,0.008,0.008,23005014
MHG,20200429,3.3,3.34,3.3,3.31,1544362
MHH,20200429,1.37,1.405,1.37,1.385,686677
MHI,20200429,0.075,0.075,0.075,0.075,35000
MHJ,20200429,0.365,0.365,0.31,0.33,126276
MIL,20200429,0.28,0.28,0.28,0.28,4225
MIN,20200429,16.06,16.39,15.97,16.23,936182
MIO,20200429,0.096,0.096,0.096,0.096,22120
MIR,20200429,2.01,2.05,2,2,71511
MLD,20200429,0.72,0.75,0.71,0.75,332986
MLL,20200429,0.067,0.07,0.067,0.07,452082
MLM,20200429,0.01,0.01,0.01,0.01,17000
MLT,20200429,3.78,3.87,3.77,3.86,289670
MLX,20200429,0.08,0.081,0.078,0.081,751088
MME,20200429,0.82,0.865,0.82,0.835,115633
MMI,20200429,0.099,0.099,0.096,0.096,1252501
MMJ,20200429,0.135,0.135,0.13,0.13,53497
MML,20200429,0.68,0.7,0.665,0.7,244591
MMM,20200429,1.29,1.29,1.08,1.115,3475850
MMS,20200429,6.5,6.71,6.425,6.62,430557
MND,20200429,10.49,10.69,10.32,10.61,348559
MNF,20200429,4.75,4.88,4.35,4.57,268177
MNS,20200429,0.05,0.052,0.05,0.05,236589
MNW,20200429,0.005,0.005,0.005,0.005,91731
MNY,20200429,1.36,1.505,1.36,1.5,995300
MOC,20200429,0.635,0.66,0.63,0.66,115877
MOE,20200429,2.34,2.38,2.27,2.29,264939
MOH,20200429,0.075,0.075,0.075,0.075,51053
MOT,20200429,1.565,1.635,1.565,1.58,235903
MOZ,20200429,0.57,0.575,0.56,0.57,69279
MP1,20200429,12.31,12.5,11.94,12.27,459165
MPH,20200429,0.155,0.155,0.155,0.155,5000
MPL,20200429,2.69,2.715,2.67,2.7,5256819
MPP,20200429,0.175,0.175,0.17,0.17,50000
MPR,20200429,0.01,0.011,0.008,0.011,1582716
MPW,20200429,0.034,0.034,0.034,0.034,101933
MQG,20200429,98.01,100.1,98,100.1,875837
MRG,20200429,0.011,0.011,0.011,0.011,121044
MRM,20200429,0.073,0.076,0.073,0.076,444952
MRQ,20200429,0.008,0.008,0.006,0.006,4605576
MRR,20200429,0.01,0.01,0.01,0.01,606100
MSB,20200429,3.05,3.44,3.04,3.16,15697897
MSE,20200429,0.007,0.007,0.007,0.007,9455
MSG,20200429,0.015,0.016,0.015,0.016,410900
MSM,20200429,0.011,0.011,0.011,0.011,749760
MSR,20200429,0.002,0.002,0.002,0.002,563627
MSV,20200429,0.38,0.4,0.38,0.39,183975
MTB,20200429,0.002,0.002,0.002,0.002,660000
MTC,20200429,0.19,0.19,0.16,0.16,3248758
MTH,20200429,0.006,0.006,0.006,0.006,266675
MTO,20200429,0.635,0.66,0.625,0.65,236007
MTS,20200429,2.52,2.54,2.42,2.46,9128275
MVA,20200429,17.39,17.47,17.15,17.25,49044
MVB,20200429,17.75,17.89,17.55,17.84,4696
MVE,20200429,23.76,23.8,23.64,23.64,4368
MVF,20200429,0.565,0.585,0.545,0.55,2322661
MVP,20200429,7.6,7.82,7.26,7.55,308370
MVR,20200429,24,24.41,24,24.41,3601
MVS,20200429,15.56,15.62,15.56,15.59,9982
MVW,20200429,24.23,24.46,24.02,24.42,65511
MWR,20200429,0.09,0.09,0.085,0.09,196272
MWY,20200429,0.915,1.04,0.9,1.03,149771
MX1,20200429,0.14,0.145,0.14,0.14,133426
MXC,20200429,0.028,0.028,0.026,0.027,6908513
MXI,20200429,0.145,0.16,0.145,0.16,17167
MXR,20200429,0.033,0.033,0.033,0.033,92205
MXT,20200429,1.81,1.85,1.79,1.85,707187
MYE,20200429,0.78,0.785,0.75,0.775,31189
MYL,20200429,0.04,0.042,0.04,0.04,753612
MYQ,20200429,0.19,0.2,0.175,0.195,31977
MYR,20200429,0.2,0.202,0.185,0.185,12276501
MYS,20200429,3.68,3.78,3.65,3.73,161189
MYX,20200429,0.385,0.405,0.38,0.395,5624575
MZZ,20200429,0.17,0.185,0.17,0.18,129241
NAB,20200429,15.59,16.29,15.59,16.29,19776370
NAE,20200429,0.003,0.003,0.003,0.003,5872554
NAG,20200429,0.051,0.051,0.051,0.051,1067628
NAN,20200429,6.63,6.77,6.47,6.72,785520
NBI,20200429,1.64,1.65,1.63,1.63,329459
NC6,20200429,0.024,0.026,0.024,0.026,203400
NCK,20200429,4.05,4.41,4.05,4.34,351160
NCM,20200429,28,28,27.34,27.54,3048041
NCR,20200429,0.008,0.008,0.007,0.007,1038000
NCZ,20200429,0.18,0.185,0.17,0.17,2203769
NDQ,20200429,22.95,23.05,22.91,22.94,159951
NEA,20200429,1.31,1.33,1.26,1.29,4170509
NEC,20200429,1.265,1.3,1.23,1.3,8969246
NET,20200429,0.037,0.041,0.037,0.039,9741487
NEU,20200429,1.55,1.56,1.49,1.495,53109
NEW,20200429,1.015,1.02,1.01,1.02,792105
NGE,20200429,0.43,0.43,0.43,0.43,3125
NGI,20200429,1.185,1.29,1.185,1.29,2671116
NHC,20200429,1.405,1.475,1.4,1.475,2339043
NHF,20200429,4.9,4.96,4.81,4.96,1796590
NIC,20200429,0.515,0.55,0.505,0.53,16559963
NML,20200429,0.105,0.11,0.105,0.11,354667
NMT,20200429,0.16,0.165,0.16,0.16,393320
NOR,20200429,0.028,0.028,0.028,0.028,17000
NOX,20200429,0.205,0.215,0.205,0.205,683420
NSB,20200429,0.18,0.18,0.18,0.18,17276
NSC,20200429,0.48,0.485,0.48,0.48,22590
NSR,20200429,1.67,1.695,1.65,1.68,5911205
NST,20200429,12.91,13.26,12.68,12.99,5159086
NSX,20200429,0.115,0.115,0.115,0.115,4500
NTD,20200429,0.25,0.255,0.24,0.25,216523
NTL,20200429,0.006,0.006,0.006,0.006,85000
NTM,20200429,0.08,0.08,0.078,0.078,294342
NTO,20200429,1.38,1.4,1.375,1.395,251159
NTU,20200429,0.024,0.025,0.023,0.023,2822580
NUC,20200429,3.14,3.15,3.13,3.15,103150
NUF,20200429,5,5.29,4.99,5.09,1537307
NUH,20200429,0.016,0.016,0.015,0.016,263566
NUS,20200429,0.26,0.26,0.23,0.23,177406
NVA,20200429,0.047,0.048,0.047,0.048,1045933
NVO,20200429,0.01,0.01,0.01,0.01,555555
NVU,20200429,0.056,0.056,0.056,0.056,46008
NVX,20200429,0.34,0.34,0.305,0.315,144569
NWE,20200429,0.003,0.003,0.003,0.003,5000000
NWF,20200429,0.175,0.175,0.175,0.175,10000
NWH,20200429,1.74,1.755,1.65,1.675,2646602
NWL,20200429,7.77,7.96,7.65,7.96,337002
NWS,20200429,15.18,15.47,15.13,15.41,190885
NXE,20200429,0.006,0.006,0.006,0.006,4500
NXM,20200429,0.042,0.042,0.04,0.04,100000
NXS,20200429,1.665,1.72,1.66,1.685,38990
NXT,20200429,8.49,8.67,8.35,8.63,3010639
NYR,20200429,0.17,0.18,0.17,0.18,72703
NZK,20200429,1.75,1.75,1.75,1.75,53
NZM,20200429,0.18,0.18,0.165,0.165,102680
NZS,20200429,0.016,0.017,0.016,0.017,3149176
OAR,20200429,0.004,0.004,0.003,0.003,37287027
OAU,20200429,0.018,0.018,0.017,0.018,280690
OBL,20200429,3.95,4.04,3.85,3.86,434657
OBM,20200429,0.2,0.205,0.19,0.195,2339881
OCA,20200429,0.735,0.735,0.71,0.72,205039
OCC,20200429,0.31,0.33,0.305,0.33,208271
OCL,20200429,5.88,5.9,5.7,5.84,3754
ODA,20200429,0.1,0.1,0.1,0.1,41918
OEC,20200429,0.695,0.775,0.695,0.775,491240
OEL,20200429,0.006,0.006,0.006,0.006,2432747
OFX,20200429,1.2,1.25,1.185,1.22,431789
OGA,20200429,0.11,0.11,0.11,0.11,46741
OGC,20200429,2.36,2.44,2.33,2.39,521582
OIL,20200429,0.041,0.041,0.038,0.038,212284
OKU,20200429,0.33,0.34,0.285,0.285,1442623
OLI,20200429,0.038,0.04,0.038,0.04,352000
OLL,20200429,0.19,0.2,0.18,0.18,185175
OLV,20200429,0.006,0.006,0.006,0.006,63766
OMH,20200429,0.355,0.355,0.345,0.35,184187
OML,20200429,0.87,0.895,0.84,0.89,6792733
ONE,20200429,0.063,0.068,0.063,0.067,164500
ONT,20200429,5.1,5.1,5,5.09,14427
ONX,20200429,0.073,0.075,0.067,0.067,113803
OOO,20200429,2.49,2.59,2.48,2.5,1606254
OPC,20200429,4.39,4.84,4.31,4.39,234502
OPH,20200429,2.24,2.255,2.24,2.25,109923
OPL,20200429,0.07,0.07,0.07,0.07,1152
OPT,20200429,2.41,2.59,2.3,2.37,665122
OPY,20200429,0.65,0.7,0.65,0.69,138560
ORA,20200429,2.51,2.59,2.48,2.54,6803962
ORE,20200429,2.17,2.21,2.12,2.13,1032011
ORG,20200429,4.99,5.16,4.97,5.11,4918707
ORI,20200429,17.02,17.48,16.72,16.91,1005152
OSH,20200429,2.62,2.81,2.59,2.76,15860424
OSP,20200429,0.012,0.012,0.011,0.012,1810587
OSX,20200429,0.525,0.53,0.515,0.52,66685
OTW,20200429,2.95,2.95,2.89,2.89,9655
OVH,20200429,0.225,0.245,0.225,0.24,256467
OVT,20200429,0.01,0.01,0.01,0.01,2050000
OZF,20200429,13.75,13.77,13.69,13.7,137932
OZL,20200429,8.7,8.87,8.6,8.79,1517290
OZR,20200429,9.65,9.76,9.62,9.68,13195
PAA,20200429,0.105,0.105,0.105,0.105,277504
PAB,20200429,0.015,0.015,0.014,0.014,110000
PAC,20200429,4.62,4.62,4.57,4.57,6410
PAF,20200429,0.695,0.7,0.695,0.7,20547
PAI,20200429,0.96,0.97,0.955,0.955,241010
PAL,20200429,0.61,0.68,0.61,0.68,43549
PAR,20200429,1.735,1.88,1.705,1.875,2782382
PBH,20200429,3.83,4,3.74,3.99,2113096
PBP,20200429,1.97,2.02,1.92,1.97,245491
PCG,20200429,0.985,0.985,0.935,0.935,25000
PCI,20200429,0.95,0.975,0.95,0.95,437045
PCK,20200429,0.11,0.115,0.105,0.115,3694834
PCL,20200429,0.001,0.001,0.001,0.001,220000
PDI,20200429,0.07,0.072,0.068,0.07,7944729
PDL,20200429,5.2,5.27,5.12,5.18,786260
PDN,20200429,0.105,0.11,0.1,0.105,7667686
PDZ,20200429,0.11,0.12,0.11,0.12,150000
PE1,20200429,1.375,1.435,1.375,1.43,131346
PEC,20200429,0.03,0.032,0.028,0.028,540202
PEK,20200429,0.017,0.02,0.017,0.019,2380887
PEN,20200429,0.15,0.15,0.14,0.145,1879696
PET,20200429,0.525,0.525,0.505,0.51,1131554
PEX,20200429,0.15,0.15,0.15,0.15,20000
PFG,20200429,0.048,0.048,0.046,0.046,474501
PFP,20200429,2.7,2.78,2.65,2.65,19427
PGC,20200429,0.17,0.17,0.16,0.16,394264
PGF,20200429,0.88,0.89,0.865,0.88,658216
PGG,20200429,1.525,1.542,1.52,1.535,341847
PGH,20200429,1.885,1.92,1.88,1.91,494782
PGI,20200429,0.027,0.028,0.025,0.028,670020
PGL,20200429,0.83,0.915,0.815,0.91,141259
PGM,20200429,0.015,0.015,0.015,0.015,10000
PGR,20200429,0.05,0.05,0.05,0.05,389876
PGX,20200429,0.2,0.2,0.195,0.195,103932
PIA,20200429,0.97,0.98,0.97,0.975,145230
PIC,20200429,0.805,0.84,0.805,0.84,334186
PIO,20200429,0.014,0.014,0.014,0.014,292175
PIQ,20200429,0.31,0.31,0.29,0.31,130469
PKS,20200429,0.145,0.15,0.145,0.15,49439
PL8,20200429,0.95,0.955,0.945,0.945,187981
PLL,20200429,0.093,0.093,0.087,0.087,812418
PLS,20200429,0.205,0.215,0.2,0.21,10205829
PM1,20200429,0.011,0.011,0.011,0.011,11294
PM8,20200429,0.175,0.185,0.175,0.18,73677
PMC,20200429,1.205,1.24,1.195,1.2,1129018
PME,20200429,25.5,25.74,24.85,25.06,175771
PMV,20200429,14.37,15.53,14.26,15.39,602091
PMY,20200429,0.004,0.004,0.003,0.004,5410353
PNC,20200429,0.205,0.215,0.2,0.215,226005
PNI,20200429,3.92,3.93,3.78,3.83,446381
PNN,20200429,0.002,0.002,0.002,0.002,2850000
PNR,20200429,0.155,0.155,0.145,0.15,1165286
PNV,20200429,2.09,2.1,2.04,2.06,2074044
PNX,20200429,0.008,0.008,0.008,0.008,373131
PO3,20200429,2.38,2.43,2.38,2.43,910
POS,20200429,0.034,0.035,0.033,0.033,2160322
POU,20200429,18.72,18.72,18.72,18.72,2413
POW,20200429,0.005,0.005,0.005,0.005,125000
PPC,20200429,0.715,0.715,0.71,0.71,2136209
PPE,20200429,1.58,1.66,1.575,1.63,705745
PPG,20200429,0.11,0.115,0.11,0.115,513713
PPH,20200429,4.04,4.06,3.94,3.95,82335
PPK,20200429,3.08,3.21,3.02,3.02,81963
PPS,20200429,0.29,0.325,0.29,0.325,2107028
PPT,20200429,27.04,28.12,27.04,28.12,117300
PPY,20200429,0.011,0.011,0.011,0.011,50000
PRN,20200429,0.865,0.91,0.847,0.91,3725937
PRO,20200429,0.42,0.42,0.42,0.42,10000
PRT,20200429,0.1,0.102,0.1,0.102,324212
PRU,20200429,1.05,1.07,0.99,1.02,13651009
PRX,20200429,0.037,0.04,0.037,0.037,132558
PSI,20200429,2.39,2.4,2.39,2.4,23211
PSQ,20200429,1.25,1.335,1.25,1.335,90450
PSZ,20200429,0.021,0.021,0.021,0.021,10000
PTB,20200429,0.46,0.46,0.445,0.45,374022
PTL,20200429,0.39,0.395,0.39,0.39,136655
PTM,20200429,3.43,3.45,3.36,3.42,1266598
PTR,20200429,0.06,0.06,0.058,0.058,109072
PTX,20200429,0.047,0.05,0.045,0.046,1987058
PUA,20200429,0.013,0.013,0.013,0.013,145000
PUR,20200429,0.004,0.004,0.004,0.004,62500
PVS,20200429,1.12,1.255,1.12,1.255,31917
PWG,20200429,0.8,0.85,0.8,0.85,897983
PWH,20200429,3.64,3.74,3.59,3.73,93732
PWL,20200429,0.13,0.14,0.13,0.14,155723
PWN,20200429,0.004,0.004,0.004,0.004,800000
PXS,20200429,0.09,0.09,0.085,0.088,257128
PXX,20200429,0.019,0.019,0.016,0.017,941013
PYC,20200429,0.074,0.074,0.074,0.074,135080
QAG,20200429,4.65,4.65,4.64,4.64,4000
QAN,20200429,3.51,3.71,3.51,3.67,13472420
QAU,20200429,16.8,16.94,16.8,16.92,88814
QBE,20200429,8.03,8.24,7.98,8.24,4397263
QCB,20200429,5.5,5.61,5.5,5.61,3218
QEM,20200429,0.075,0.075,0.075,0.075,58749
QFE,20200429,0.24,0.245,0.225,0.23,253851
QFN,20200429,7.63,7.63,7.61,7.62,854
QFY,20200429,0.002,0.002,0.002,0.002,14500
QGL,20200429,0.042,0.042,0.042,0.042,424
QHL,20200429,0.069,0.07,0.069,0.07,547507
QIP,20200429,1.15,1.18,1.14,1.18,15021
QOZ,20200429,10.43,10.6,10.38,10.6,141712
QRE,20200429,5.27,5.32,5.25,5.3,7583
QRI,20200429,1.395,1.395,1.385,1.395,37927
QUS,20200429,33.99,34.1,33.99,34.1,5131
QVE,20200429,0.76,0.79,0.76,0.785,154411
RAC,20200429,0.28,0.3,0.28,0.285,320798
RAG,20200429,0.005,0.006,0.005,0.006,2356999
RAP,20200429,0.18,0.18,0.17,0.175,704529
RBL,20200429,0.85,0.855,0.77,0.825,2307016
RBR,20200429,0.007,0.007,0.007,0.007,2609514
RCB,20200429,20.95,20.95,20.89,20.89,5459
RCE,20200429,0.405,0.435,0.39,0.395,901953
RCL,20200429,0.315,0.32,0.315,0.32,9707
RCW,20200429,0.17,0.17,0.17,0.17,39500
RDC,20200429,0.595,0.605,0.59,0.6,641950
RDG,20200429,0.025,0.025,0.025,0.025,600000
RDH,20200429,0.58,0.58,0.55,0.55,6357
RDM,20200429,0.075,0.078,0.075,0.078,30000
RDN,20200429,0.006,0.006,0.006,0.006,165000
RDV,20200429,21.19,21.44,21.16,21.41,12100
RDY,20200429,1.395,1.395,1.38,1.38,3876
REA,20200429,86.04,88.23,83.12,87.83,316153
RED,20200429,0.2,0.2,0.192,0.195,3246735
REE,20200429,0.03,0.03,0.029,0.03,1192388
REG,20200429,1.465,1.465,1.325,1.39,863473
REH,20200429,8.4,8.68,8.24,8.58,590638
REX,20200429,0.82,0.88,0.815,0.86,104290
REZ,20200429,0.015,0.015,0.015,0.015,13590973
RF1,20200429,1.97,2.01,1.97,2,165491
RFF,20200429,1.955,1.96,1.915,1.95,495378
RFG,20200429,0.051,0.051,0.048,0.049,1640571
RFN,20200429,0.003,0.003,0.002,0.002,10060901
RFR,20200429,0.095,0.095,0.095,0.095,15642
RFT,20200429,0.029,0.029,0.029,0.029,83482
RFX,20200429,0.03,0.031,0.03,0.031,798059
RGB,20200429,23.54,23.54,23.53,23.53,1169
RGI,20200429,0.073,0.073,0.07,0.07,139000
RGL,20200429,0.008,0.008,0.008,0.008,240000
RGS,20200429,0.068,0.07,0.068,0.07,36250
RHC,20200429,62.29,63.065,61.2,63,1118825
RHI,20200429,0.19,0.19,0.19,0.19,100000
RHP,20200429,1.63,1.675,1.6,1.635,551880
RHT,20200429,0.14,0.145,0.13,0.135,2353753
RHY,20200429,0.085,0.086,0.085,0.085,50000
RIC,20200429,0.73,0.73,0.705,0.72,1484358
RIM,20200429,0.004,0.004,0.004,0.004,5850000
RIO,20200429,86.4,86.4,84.75,85.51,1895370
RKN,20200429,0.595,0.605,0.595,0.6,7373
RLE,20200429,0.021,0.022,0.02,0.022,29000
RLG,20200429,0.026,0.028,0.023,0.023,7510171
RMC,20200429,0.69,0.77,0.69,0.77,302332
RMD,20200429,24.5,24.5,24.04,24.26,1482317
RML,20200429,0.071,0.074,0.063,0.063,6525733
RMS,20200429,1.22,1.322,1.215,1.3,7290109
RMY,20200429,0.255,0.275,0.255,0.27,385308
RNE,20200429,0.023,0.023,0.023,0.023,17104
RNO,20200429,0.079,0.08,0.079,0.08,116921
RNT,20200429,0.04,0.04,0.04,0.04,200000
RNU,20200429,0.006,0.006,0.006,0.006,940740
RNX,20200429,0.003,0.003,0.003,0.003,146262
ROO,20200429,0.02,0.02,0.018,0.019,822000
RPM,20200429,0.13,0.13,0.13,0.13,12252
RRL,20200429,4.47,4.57,4.39,4.51,3106303
RSG,20200429,0.93,0.96,0.917,0.935,8528156
RSH,20200429,0.069,0.069,0.069,0.069,5500
RSM,20200429,21.64,21.65,21.64,21.65,2261
RTR,20200429,0.066,0.066,0.064,0.064,152461
RUL,20200429,0.92,1.005,0.92,1,306969
RVR,20200429,0.063,0.063,0.061,0.061,185506
RWC,20200429,2.44,2.59,2.44,2.58,4630984
RXL,20200429,0.026,0.028,0.026,0.027,11261112
RXM,20200429,0.05,0.05,0.05,0.05,20000
RXP,20200429,0.255,0.285,0.255,0.285,57689
RZI,20200429,0.58,0.6,0.56,0.56,153577
S2R,20200429,0.096,0.096,0.092,0.092,100000
S32,20200429,1.87,1.91,1.855,1.87,10372213
S66,20200429,0.45,0.45,0.45,0.45,2300
SAR,20200429,4.56,4.56,4.36,4.5,8310430
SAU,20200429,0.125,0.125,0.125,0.125,53781
SBM,20200429,2.45,2.53,2.4,2.52,7945939
SBR,20200429,0.001,0.001,0.001,0.001,1000000
SCG,20200429,2.1,2.19,2.08,2.19,26005655
SCI,20200429,0.01,0.01,0.009,0.009,2213118
SCL,20200429,0.011,0.011,0.011,0.011,501875
SCP,20200429,2.18,2.19,2.11,2.15,7091458
SDF,20200429,2.87,2.915,2.82,2.88,2867104
SDG,20200429,1.095,1.11,1.09,1.11,48136
SDI,20200429,0.72,0.73,0.715,0.73,74469
SDV,20200429,0.66,0.68,0.66,0.675,186507
SDX,20200429,0.053,0.056,0.053,0.055,214031
SE1,20200429,0.022,0.027,0.018,0.024,22918749
SEC,20200429,1.19,1.22,1.17,1.19,101402
SEI,20200429,0.025,0.028,0.024,0.025,502826
SEK,20200429,16.06,16.86,15.85,16.81,1370552
SEN,20200429,0.045,0.046,0.043,0.045,368480
SEQ,20200429,0.19,0.19,0.19,0.19,490
SER,20200429,0.004,0.004,0.004,0.004,2627500
SES,20200429,0.062,0.063,0.06,0.06,879201
SFC,20200429,10.5,10.5,10.1,10.17,5680
SFG,20200429,0.056,0.056,0.054,0.055,218255
SFR,20200429,4.34,4.52,4.34,4.44,1097826
SFX,20200429,0.1,0.105,0.099,0.105,234836
SFY,20200429,49.26,49.3,48.73,49.2,40515
SGC,20200429,0.011,0.011,0.011,0.011,406633
SGF,20200429,1.24,1.33,1.215,1.275,271351
SGH,20200429,0.61,0.61,0.59,0.6,8501
SGI,20200429,0.07,0.07,0.07,0.07,52000
SGM,20200429,6.54,6.68,6.45,6.58,728365
SGP,20200429,2.74,2.77,2.7,2.72,11873131
SGQ,20200429,0.11,0.115,0.11,0.11,624310
SGR,20200429,2.61,2.85,2.61,2.82,11452311
SHH,20200429,0.002,0.003,0.002,0.003,500000
SHJ,20200429,0.795,0.8,0.795,0.8,52251
SHK,20200429,0.005,0.006,0.005,0.005,1109481
SHL,20200429,26.9,26.9,26.21,26.85,2051725
SHM,20200429,0.45,0.47,0.44,0.47,14359
SHV,20200429,6.85,7.435,6.85,7.23,971345
SIG,20200429,0.59,0.595,0.58,0.59,799874
SIH,20200429,0.016,0.016,0.016,0.016,150000
SIO,20200429,0.225,0.225,0.225,0.225,38279
SIQ,20200429,5.03,5.16,5.01,5.08,330882
SIT,20200429,0.032,0.039,0.032,0.039,405000
SKC,20200429,2.19,2.38,2.19,2.32,1003993
SKI,20200429,2.02,2.03,1.935,1.945,9640161
SKN,20200429,0.078,0.078,0.072,0.072,3699238
SKO,20200429,2.44,2.44,2.38,2.38,20253
SKT,20200429,0.265,0.29,0.265,0.29,2617797
SKY,20200429,0.3,0.32,0.3,0.32,455638
SLC,20200429,0.77,0.805,0.755,0.79,891573
SLF,20200429,9.64,9.88,9.64,9.66,185946
SLK,20200429,3.51,3.69,3.47,3.58,126145
SLM,20200429,0.78,0.785,0.765,0.765,207024
SLR,20200429,1.975,2.03,1.93,1.985,5217615
SLX,20200429,0.3,0.3,0.29,0.295,33267
SM1,20200429,6.62,6.68,6.56,6.67,14674
SMN,20200429,0.425,0.425,0.42,0.42,38528
SMP,20200429,0.43,0.465,0.43,0.465,580738
SMR,20200429,1,1.01,1,1,1640470
SMX,20200429,0.26,0.26,0.255,0.255,34996
SNC,20200429,0.675,0.68,0.66,0.68,204362
SND,20200429,0.475,0.48,0.475,0.48,40000
SNS,20200429,0.105,0.105,0.105,0.105,20000
SNZ,20200429,5.84,5.91,5.82,5.82,2898
SO4,20200429,0.335,0.34,0.32,0.32,2259194
SOL,20200429,17.69,18.25,17.46,18,327501
SOM,20200429,1.155,1.17,1.13,1.15,25726
SOR,20200429,0.05,0.056,0.05,0.055,856005
SP3,20200429,0.065,0.066,0.064,0.064,207015
SPK,20200429,4.29,4.33,4.26,4.32,737678
SPL,20200429,1,1.03,1,1.03,250489
SPX,20200429,0.14,0.15,0.14,0.15,1491522
SPY,20200429,442.28,444.95,442.28,442.75,57
SPZ,20200429,0.096,0.1,0.095,0.095,179219
SRG,20200429,0.25,0.275,0.25,0.267,540577
SRI,20200429,0.04,0.04,0.04,0.04,2500
SRV,20200429,2.26,2.5,2.26,2.5,20483
SRZ,20200429,0.007,0.007,0.007,0.007,13625
SSG,20200429,0.415,0.425,0.41,0.42,265382
SSM,20200429,1.82,1.845,1.76,1.76,3539402
ST1,20200429,0.135,0.135,0.13,0.13,160561
STA,20200429,0.125,0.125,0.115,0.115,205094
STM,20200429,0.005,0.005,0.005,0.005,564250
STN,20200429,0.4,0.4,0.37,0.39,173955
STO,20200429,4.39,4.53,4.305,4.52,8518882
STW,20200429,49.44,49.9,49.24,49.89,169153
STX,20200429,0.13,0.13,0.125,0.13,578212
SUD,20200429,0.048,0.048,0.048,0.048,17254
SUL,20200429,5.93,6.27,5.83,6.22,1234687
SUN,20200429,8.9,8.99,8.76,8.9,2416789
SVA,20200429,0.023,0.023,0.023,0.023,15557
SVL,20200429,0.085,0.087,0.083,0.086,1702934
SVM,20200429,0.12,0.125,0.12,0.125,250000
SVW,20200429,14.12,14.49,13.82,13.9,468028
SVY,20200429,0.365,0.365,0.35,0.36,533494
SW1,20200429,0.022,0.024,0.019,0.023,3184217
SWF,20200429,0.21,0.22,0.195,0.215,1379628
SWK,20200429,0.12,0.12,0.12,0.12,349800
SWM,20200429,0.086,0.088,0.083,0.084,6172615
SXE,20200429,0.42,0.43,0.42,0.425,71335
SXL,20200429,0.135,0.137,0.125,0.13,21906646
SXY,20200429,0.2,0.21,0.197,0.2,6149659
SYA,20200429,0.008,0.008,0.007,0.007,2370032
SYD,20200429,5.9,5.94,5.82,5.85,17125665
SYI,20200429,21.89,22.03,21.78,22.03,5280
SYR,20200429,0.23,0.24,0.225,0.23,4536063
SZL,20200429,1.6,1.62,1.56,1.59,278170
TAH,20200429,3.01,3.19,2.99,3.18,8066536
TAM,20200429,0.044,0.045,0.043,0.045,199464
TAP,20200429,0.072,0.072,0.069,0.069,353993
TAS,20200429,0.036,0.038,0.036,0.038,401270
TBR,20200429,6.12,6.53,6.12,6.35,27383
TCL,20200429,12.87,13.15,12.74,13.15,6833229
TD1,20200429,0.031,0.031,0.03,0.031,3362235
TDI,20200429,1.48,1.6,1.48,1.55,302628
TDY,20200429,0.19,0.19,0.15,0.17,212911
TEG,20200429,0.025,0.027,0.025,0.027,14389
TEK,20200429,0.215,0.22,0.215,0.22,54405
TER,20200429,0.11,0.12,0.105,0.12,1839665
TFL,20200429,0.091,0.091,0.091,0.091,5560
TGA,20200429,0.15,0.157,0.145,0.145,250579
TGF,20200429,1.13,1.165,1.13,1.155,6815
TGG,20200429,1.13,1.14,1.13,1.13,87901
TGH,20200429,0.14,0.15,0.14,0.15,333220
TGM,20200429,0.21,0.215,0.21,0.21,45551
TGN,20200429,0.105,0.12,0.1,0.1,197875
TGP,20200429,0.87,0.885,0.87,0.875,219979
TGR,20200429,3.75,3.83,3.74,3.8,865243
THC,20200429,0.32,0.325,0.31,0.32,77672
THR,20200429,0.009,0.009,0.008,0.008,2712925
TIE,20200429,0.29,0.325,0.28,0.305,1497985
TIG,20200429,0.006,0.006,0.006,0.006,1600000
TIP,20200429,0.645,0.645,0.645,0.645,200
TLG,20200429,0.345,0.345,0.31,0.31,245490
TLS,20200429,3.08,3.08,3.03,3.05,21649836
TLT,20200429,2.96,2.96,2.96,2.96,5841
TLX,20200429,1.24,1.35,1.22,1.34,644450
TMK,20200429,0.006,0.006,0.006,0.006,100000
TMT,20200429,0.115,0.12,0.115,0.12,106321
TMX,20200429,0.006,0.006,0.006,0.006,200000
TNE,20200429,9.09,9.24,8.88,9.18,1916047
TNG,20200429,0.058,0.058,0.057,0.057,71855
TNK,20200429,0.815,0.815,0.81,0.81,45000
TNR,20200429,0.014,0.014,0.013,0.013,3348011
TNT,20200429,0.059,0.062,0.057,0.057,5165225
TNY,20200429,1.08,1.085,1.02,1.05,61099
TOE,20200429,0.007,0.007,0.007,0.007,340503
TON,20200429,0.029,0.029,0.029,0.029,61875
TOP,20200429,0.42,0.43,0.42,0.43,33873
TOT,20200429,0.885,0.89,0.875,0.88,104034
TPM,20200429,7.45,7.58,7.38,7.52,877029
TPW,20200429,3.85,4.1,3.77,3.81,2351555
TRS,20200429,2.9,3.41,2.9,3.37,261527
TRY,20200429,0.081,0.082,0.078,0.078,891566
TSC,20200429,0.007,0.007,0.006,0.007,1220347
TSO,20200429,0.056,0.059,0.051,0.057,5584336
TTB,20200429,0.4,0.45,0.4,0.445,128774
TTI,20200429,0.013,0.013,0.013,0.013,197442
TTM,20200429,0.056,0.06,0.055,0.06,348852
TTT,20200429,0.745,0.795,0.725,0.725,264238
TWD,20200429,2.38,2.38,2.38,2.38,4000
TWE,20200429,9.45,9.74,9.37,9.73,4071456
TWR,20200429,0.555,0.57,0.555,0.57,25823
TYM,20200429,0.02,0.02,0.02,0.02,212545
TYR,20200429,2.77,2.82,2.7,2.75,838620
TZN,20200429,0.035,0.037,0.035,0.037,28000
UBA,20200429,17.46,17.76,17.46,17.76,17696
UBE,20200429,20.34,20.34,20.34,20.34,1500
UBI,20200429,0.195,0.2,0.195,0.2,190659
UBJ,20200429,24.02,24.02,24.02,24.02,5
UBP,20200429,28,28.23,27.87,27.87,2650
UBU,20200429,31.41,31.41,31.41,31.41,187
UBW,20200429,27.91,28.04,27.9,28.04,3069
UCM,20200429,0.21,0.24,0.21,0.23,480777
UCW,20200429,0.095,0.095,0.095,0.095,1200
UMG,20200429,4.35,4.38,4.25,4.29,1398769
UNL,20200429,0.026,0.026,0.026,0.026,43196
UNV,20200429,0.145,0.15,0.145,0.15,512874
UOS,20200429,0.702,0.702,0.685,0.685,12206
URF,20200429,0.235,0.24,0.22,0.23,527117
URW,20200429,4.45,4.6,4.45,4.45,817758
USD,20200429,14.98,14.98,14.86,14.87,109096
UUV,20200429,0.001,0.001,0.001,0.001,980000
UWL,20200429,1.52,1.52,1.45,1.48,550190
VAE,20200429,64,65.53,64,64.22,9268
VAF,20200429,52.42,52.42,52.29,52.31,49686
VAN,20200429,0.135,0.135,0.13,0.13,83037
VAP,20200429,62.25,63.3,61.7,62.81,66914
VAS,20200429,67.62,68.31,67.36,68.31,154685
VCF,20200429,49.07,49.73,49.07,49.73,4295
VCX,20200429,1.335,1.39,1.33,1.39,17198787
VEA,20200429,1.36,1.43,1.36,1.39,3140513
VEE,20200429,0.42,0.42,0.42,0.42,201000
VEQ,20200429,50.84,50.91,50.4,50.75,4793
VEU,20200429,67.14,67.79,67.11,67.59,24240
VG1,20200429,2.14,2.15,2.11,2.13,123275
VG8,20200429,2.17,2.17,2.15,2.15,189064
VGB,20200429,53.6,53.65,53.52,53.64,33788
VGE,20200429,61.6,61.93,61.5,61.61,12283
VGI,20200429,9.8,9.85,9.55,9.55,9658
VGL,20200429,1.205,1.21,1.17,1.17,158460
VGS,20200429,75.79,76.02,75.46,75.74,107327
VHT,20200429,1.3,1.3,1.25,1.255,897846
VHY,20200429,45.54,46.12,45.54,46.07,47240
VIA,20200429,0.032,0.032,0.032,0.032,32000
VIC,20200429,0.001,0.001,0.001,0.001,372250
VIF,20200429,51.71,51.95,51.67,51.94,41345
VIP,20200429,0.038,0.039,0.035,0.036,2186423
VKA,20200429,0.007,0.007,0.007,0.007,44230
VLC,20200429,54.7,55.19,54.7,55.05,873
VLS,20200429,0.6,0.6,0.6,0.6,44000
VLT,20200429,0.165,0.175,0.165,0.17,33877
VMC,20200429,0.17,0.19,0.17,0.19,138201
VML,20200429,0.009,0.009,0.009,0.009,432000
VMS,20200429,0.016,0.016,0.014,0.014,870000
VMT,20200429,0.145,0.145,0.135,0.145,229946
VMX,20200429,0.185,0.185,0.185,0.185,5000
VMY,20200429,0.045,0.047,0.045,0.047,427800
VN8,20200429,0.1,0.1,0.1,0.1,40000
VOC,20200429,2.75,2.86,2.71,2.86,973663
VOR,20200429,0.097,0.1,0.097,0.1,31627
VPR,20200429,0.001,0.001,0.001,0.001,20300000
VR1,20200429,0.018,0.018,0.018,0.018,170000
VR8,20200429,0.018,0.019,0.017,0.017,436233
VRC,20200429,0.005,0.005,0.005,0.005,406900
VRL,20200429,1.905,2.03,1.85,1.99,169761
VRS,20200429,0.022,0.023,0.021,0.022,576528
VRT,20200429,2.75,2.86,2.73,2.77,374652
VRX,20200429,0.079,0.088,0.079,0.088,374740
VSO,20200429,48.21,48.5,47.78,48.44,5123
VTG,20200429,0.99,1.04,0.975,1.035,477479
VTH,20200429,0.72,0.72,0.68,0.69,268794
VTI,20200429,0.017,0.019,0.015,0.016,8079767
VTS,20200429,222,223.41,221.94,222.81,17437
VUK,20200429,1.475,1.575,1.47,1.565,5137663
VUL,20200429,0.2,0.21,0.2,0.21,212156
VVA,20200429,1.98,1.98,1.88,1.965,58148
VVR,20200429,2.35,2.37,2.31,2.36,2632956
VXR,20200429,0.07,0.07,0.07,0.07,18000
VYS,20200429,0.057,0.058,0.057,0.058,108700
WAA,20200429,0.9,0.92,0.9,0.915,20338
WAF,20200429,0.695,0.76,0.68,0.74,18232644
WAM,20200429,1.87,1.885,1.84,1.865,701117
WAX,20200429,1.225,1.23,1.205,1.205,87949
WBC,20200429,15.23,15.69,15.175,15.69,16954448
WBT,20200429,0.385,0.43,0.385,0.4,270515
WCN,20200429,0.005,0.005,0.005,0.005,300000
WEB,20200429,2.53,2.69,2.5,2.68,5903536
WEC,20200429,0.09,0.09,0.086,0.086,380333
WEL,20200429,0.017,0.017,0.017,0.017,25500
WES,20200429,37.62,37.62,36.82,37.49,1870826
WGB,20200429,1.86,1.91,1.86,1.88,162017
WGN,20200429,0.815,1.02,0.815,1.02,396921
WGO,20200429,0.13,0.13,0.125,0.125,315190
WGX,20200429,2.27,2.34,2.16,2.2,1655378
WHC,20200429,1.69,1.755,1.69,1.735,8387084
WHF,20200429,4.59,4.59,4.52,4.55,14666
WHK,20200429,0.047,0.053,0.045,0.053,260322
WIC,20200429,0.81,0.81,0.79,0.81,57422
WJA,20200429,0.091,0.091,0.091,0.091,4145
WKT,20200429,0.145,0.145,0.14,0.14,45906
WLD,20200429,0.041,0.041,0.041,0.041,21592
WLE,20200429,1.005,1.03,1.005,1.015,544438
WMI,20200429,1.06,1.085,1.055,1.07,202635
WML,20200429,0.011,0.011,0.011,0.011,76095
WNB,20200429,0.01,0.01,0.009,0.009,18938982
WND,20200429,0.945,0.95,0.94,0.95,33236
WNR,20200429,0.235,0.24,0.235,0.24,89019
WOR,20200429,7.16,7.76,7.1,7.67,2703340
WOW,20200429,36.51,36.63,35.76,36.03,3612104
WPL,20200429,20.16,21.15,20.08,21,3814609
WPP,20200429,0.23,0.245,0.23,0.235,1748777
WQG,20200429,1.145,1.17,1.145,1.17,47647
WRM,20200429,0.003,0.004,0.003,0.004,783333
WSA,20200429,2.12,2.18,2.11,2.12,732004
WSP,20200429,1.95,1.985,1.88,1.89,413370
WTC,20200429,17.25,18.18,16.71,17.58,1221280
WWI,20200429,0.011,0.011,0.01,0.01,790742
WZR,20200429,0.135,0.15,0.135,0.15,11314897
XAM,20200429,0.029,0.029,0.029,0.029,25000
XCD,20200429,0.007,0.007,0.007,0.007,2152541
XF1,20200429,0.088,0.09,0.086,0.088,414520
XPE,20200429,0.001,0.002,0.001,0.002,1300000
XPL,20200429,0.05,0.05,0.05,0.05,9871
XRF,20200429,0.205,0.205,0.2,0.2,231649
XRO,20200429,80.5,80.8,78.3,78.99,328542
XTC,20200429,0.004,0.005,0.002,0.002,99911654
XTE,20200429,0.59,0.6,0.59,0.59,20867
YAL,20200429,2.12,2.15,2.12,2.12,43845
YBR,20200429,0.06,0.06,0.06,0.06,25000
YOJ,20200429,0.028,0.031,0.028,0.031,1153878
YOW,20200429,0.04,0.042,0.04,0.042,91823
YRL,20200429,0.2,0.2,0.19,0.19,9650
Z1P,20200429,2.12,2.2,2.03,2.19,5949376
ZEL,20200429,2.96,3.06,2.96,3,127759
ZEN,20200429,1,1.015,1,1.015,1195354
ZIM,20200429,11.15,11.15,11.15,11.15,303
ZLD,20200429,0.046,0.046,0.044,0.046,247235
ZNC,20200429,0.048,0.048,0.048,0.048,10000
ZNO,20200429,1.8,1.845,1.7,1.73,2616457
XAF,20200429,5224,5304.7,5224,5304.7,0
XAO,20200429,5381.2,5463.8,5381.2,5463.8,1241964900
XAT,20200429,5260.7,5340.2,5258.6,5340.2,0
XDJ,20200429,2069.3,2110.6,2046.4,2110.6,0
XEC,20200429,1130.6,1157,1130.6,1157,0
XEJ,20200429,6450.5,6822.7,6450.5,6784,0
XFJ,20200429,4106.5,4265.9,4106.5,4265.9,0
XFL,20200429,5252.4,5335.6,5252.4,5335.6,0
XGD,20200429,7329.1,7358.5,7162.3,7269.3,0
XHJ,20200429,44229.5,44238.6,43305.5,43640.3,0
XIJ,20200429,1224.4,1233.7,1210.1,1233.7,0
XJO,20200429,5313.1,5393.4,5312.7,5393.4,0
XJR,20200429,3815.2,3896.5,3815.2,3882,0
XKO,20200429,5275.3,5355,5275.1,5355,0
XMD,20200429,5778.5,5866.5,5750.7,5866.5,0
XMJ,20200429,11523.4,11730,11523.4,11688,0
XMM,20200429,3842.2,3894.7,3836.8,3877.2,0
XNJ,20200429,5308.1,5404,5293.5,5404,0
XPJ,20200429,1108.1,1122.1,1097,1114.3,0
XSJ,20200429,12177.6,12177.6,11870.1,11955.8,0
XSO,20200429,2306.4,2333.9,2297.4,2329.3,0
XTJ,20200429,1074.5,1080,1065,1078.7,0
XTL,20200429,2971.7,3020,2971.7,3020,0
XTO,20200429,4395.9,4465.1,4395.9,4465.1,0
XUJ,20200429,7696.3,7767.5,7595.2,7621,0
XXJ,20200429,4580.1,4757.9,4580.1,4757.9,0
