360,20200129,3.05,3.35,3.05,3.3,267251
14D,20200129,0.2,0.2,0.195,0.195,34600
1AD,20200129,0.1,0.1,0.1,0.1,10000
1AL,20200129,0.77,0.8,0.77,0.8,5000
1ST,20200129,0.072,0.077,0.072,0.077,75500
3DA,20200129,0.33,0.33,0.29,0.33,500270
3DP,20200129,0.048,0.048,0.046,0.048,1482395
3PL,20200129,0.825,0.835,0.825,0.835,36205
4DS,20200129,0.063,0.064,0.062,0.064,910552
5GN,20200129,0.895,0.9,0.84,0.85,206305
88E,20200129,0.025,0.025,0.024,0.024,1629310
8CO,20200129,0.098,0.105,0.098,0.105,76133
8EC,20200129,0.073,0.074,0.073,0.074,10109
9SP,20200129,0.018,0.02,0.018,0.018,6863716
A1G,20200129,0.17,0.17,0.162,0.17,77500
A1M,20200129,0.32,0.32,0.32,0.32,67000
A2B,20200129,1.47,1.47,1.455,1.46,30724
A2M,20200129,15.05,15.25,14.89,15.14,3693297
A3D,20200129,0.16,0.16,0.16,0.16,40137
A4N,20200129,0.235,0.24,0.225,0.225,453209
AAA,20200129,50.12,50.12,50.11,50.12,51160
AAC,20200129,1.12,1.127,1.085,1.095,526006
AAJ,20200129,0.003,0.003,0.003,0.003,137834
AAR,20200129,0.12,0.125,0.115,0.115,527722
ABA,20200129,6.11,6.18,6.11,6.12,18270
ABC,20200129,3.7,3.78,3.67,3.76,1154532
ABP,20200129,3.84,3.84,3.78,3.78,440211
ABR,20200129,0.46,0.46,0.43,0.45,328249
ABT,20200129,0.066,0.067,0.066,0.067,42232
ABV,20200129,0.032,0.032,0.031,0.031,194076
AC8,20200129,0.29,0.345,0.285,0.335,2429982
ACF,20200129,0.35,0.35,0.35,0.35,24635
ACQ,20200129,1.195,1.205,1.195,1.205,24091
ACR,20200129,0.18,0.18,0.175,0.175,28972
ACS,20200129,0.005,0.005,0.005,0.005,20000
ACW,20200129,0.037,0.037,0.034,0.035,1930051
AD1,20200129,0.014,0.014,0.014,0.014,10003
AD8,20200129,8.5,8.8,8.46,8.55,69481
ADA,20200129,0.7,0.71,0.7,0.7,17228
ADD,20200129,0.041,0.041,0.038,0.039,102125
ADH,20200129,2.2,2.24,2.17,2.18,166952
ADI,20200129,3.02,3.09,2.995,3.07,228172
ADJ,20200129,0.031,0.031,0.03,0.031,366675
ADN,20200129,0.048,0.05,0.046,0.046,7638719
ADO,20200129,0.028,0.029,0.027,0.027,2215139
ADR,20200129,0.04,0.044,0.04,0.041,335729
ADT,20200129,1.77,1.855,1.66,1.685,669345
ADV,20200129,0.004,0.004,0.004,0.004,380000
ADY,20200129,0.006,0.006,0.005,0.005,188000
AEE,20200129,0.006,0.006,0.006,0.006,10635633
AEF,20200129,5.25,5.47,5.25,5.31,111541
AEG,20200129,1.075,1.1,1.075,1.095,421965
AEI,20200129,0.315,0.365,0.315,0.365,353420
AER,20200129,0.15,0.15,0.135,0.135,210000
AEV,20200129,0.013,0.014,0.012,0.013,132914
AFG,20200129,2.83,2.91,2.77,2.88,71649
AFI,20200129,7.07,7.19,7.06,7.14,572344
AGG,20200129,6.1,6.1,5.96,6,10924
AGH,20200129,0.47,0.47,0.445,0.45,637447
AGI,20200129,0.72,0.73,0.717,0.73,31468
AGL,20200129,20,20.2,19.96,20.14,1613221
AGM,20200129,2.04,2.04,2.03,2.03,5542
AGR,20200129,0.11,0.115,0.11,0.11,337327
AGS,20200129,0.11,0.11,0.11,0.11,90222
AGY,20200129,0.082,0.084,0.08,0.082,932902
AHF,20200129,0.097,0.098,0.097,0.097,524053
AHL,20200129,0.007,0.008,0.007,0.008,7905970
AHQ,20200129,0.135,0.135,0.135,0.135,300000
AHY,20200129,1.08,1.102,1.075,1.1,309957
AHZ,20200129,0.09,0.093,0.081,0.087,1643111
AIA,20200129,8.3,8.47,8.265,8.36,156538
AIQ,20200129,0.11,0.11,0.11,0.11,54198
AIR,20200129,0.65,0.65,0.65,0.65,469
AIS,20200129,0.057,0.061,0.057,0.061,595031
AIZ,20200129,2.805,2.805,2.73,2.75,152354
AJQ,20200129,0.058,0.058,0.057,0.057,72000
AKM,20200129,0.12,0.12,0.12,0.12,400
AKP,20200129,16.15,16.15,15.6,15.72,11589
AL8,20200129,0.02,0.02,0.02,0.02,275790
ALC,20200129,0.215,0.22,0.21,0.21,1459685
ALF,20200129,0.975,0.98,0.975,0.975,66907
ALG,20200129,1.5,1.5,1.445,1.47,874809
ALI,20200129,2.52,2.59,2.49,2.49,86091
ALK,20200129,0.77,0.77,0.73,0.735,1894998
ALL,20200129,35.73,35.9,35.29,35.74,1449415
ALQ,20200129,9.82,9.9,9.61,9.66,1061318
ALT,20200129,0.003,0.003,0.003,0.003,300000
ALU,20200129,39.79,39.91,39.23,39.37,406597
ALX,20200129,8.07,8.17,8.05,8.15,8436361
ALY,20200129,0.011,0.011,0.011,0.011,200000
AMA,20200129,0.925,0.955,0.92,0.93,829424
AMC,20200129,16.05,16.07,15.92,16.06,4567209
AMD,20200129,0.008,0.008,0.007,0.007,225000
AME,20200129,0.034,0.034,0.032,0.032,1063183
AMG,20200129,0.067,0.067,0.067,0.067,88474
AMH,20200129,0.995,0.995,0.98,0.985,111700
AMI,20200129,0.465,0.47,0.455,0.465,586050
AML,20200129,0.145,0.16,0.14,0.16,298387
AMN,20200129,0.47,0.485,0.465,0.475,112459
AMP,20200129,1.84,1.86,1.827,1.84,7202115
AMS,20200129,1.52,1.52,1.435,1.455,167056
AMX,20200129,2.2,2.26,2.2,2.24,120236
ANA,20200129,0.015,0.016,0.015,0.016,2426440
ANG,20200129,0.21,0.215,0.21,0.215,119906
ANL,20200129,0.002,0.002,0.002,0.002,44145137
ANN,20200129,32.12,32.55,31.96,32.32,594474
ANO,20200129,6.05,6.08,5.9,5.96,30819
ANP,20200129,0.07,0.072,0.067,0.068,1007405
ANR,20200129,0.38,0.45,0.38,0.45,220268
ANW,20200129,0.001,0.001,0.001,0.001,200000
ANZ,20200129,25.77,25.87,25.6,25.79,5957461
AO1,20200129,0.006,0.006,0.006,0.006,68000
AOF,20200129,2.96,3,2.95,2.99,105967
AON,20200129,0.026,0.026,0.026,0.026,31160
AOP,20200129,0.24,0.24,0.225,0.23,123132
AOU,20200129,0.07,0.073,0.07,0.073,144860
APA,20200129,11.49,11.53,11.39,11.43,1897415
APC,20200129,0.1,0.1,0.1,0.1,93553
APD,20200129,0.63,0.63,0.625,0.63,96442
APE,20200129,9.14,9.32,9.095,9.16,258131
API,20200129,1.315,1.325,1.31,1.315,519539
APL,20200129,1.03,1.04,1.02,1.03,663510
APT,20200129,36.85,38.06,36.83,37.99,1894902
APV,20200129,0.22,0.23,0.22,0.22,60789
APW,20200129,1.46,1.47,1.46,1.47,23012
APX,20200129,25.77,26.17,25.65,25.85,692217
APZ,20200129,1.18,1.18,1.18,1.18,679
AQC,20200129,0.155,0.155,0.155,0.155,1000
AQD,20200129,0.011,0.011,0.011,0.011,1004620
AQG,20200129,6.9,6.96,6.67,6.73,413488
AQI,20200129,0.051,0.06,0.049,0.051,3984327
AQR,20200129,3.67,3.67,3.64,3.66,95646
AQX,20200129,0.029,0.03,0.028,0.028,1064338
AQZ,20200129,2.62,2.69,2.62,2.65,120586
ARA,20200129,0.61,0.61,0.61,0.61,10000
ARB,20200129,18.74,18.79,18.59,18.7,91582
ARF,20200129,3.03,3.05,3.02,3.04,229298
ARG,20200129,8.7,8.85,8.69,8.76,293995
ARL,20200129,0.55,0.55,0.51,0.51,194217
ARN,20200129,0.15,0.155,0.145,0.145,372090
ARQ,20200129,0.345,0.36,0.345,0.36,19076
ARS,20200129,0.019,0.019,0.019,0.019,1814400
ARU,20200129,0.078,0.079,0.077,0.079,599424
ARV,20200129,0.027,0.027,0.026,0.026,3348305
AS1,20200129,0.16,0.165,0.16,0.165,55636
ASB,20200129,3.8,3.85,3.76,3.79,1995475
ASG,20200129,1.7,1.75,1.7,1.71,5495
ASH,20200129,0.42,0.42,0.42,0.42,49276
ASN,20200129,0.035,0.04,0.034,0.039,1100927
AST,20200129,1.765,1.79,1.76,1.79,3403408
ASX,20200129,84.66,85.49,84.575,85.34,266113
ATC,20200129,0.087,0.094,0.087,0.09,3269152
ATH,20200129,0.02,0.02,0.02,0.02,75543
ATL,20200129,0.375,0.38,0.355,0.375,284801
ATP,20200129,0.008,0.008,0.008,0.008,136000
ATS,20200129,0.085,0.085,0.084,0.085,355613
ATU,20200129,0.34,0.34,0.315,0.335,122573
ATX,20200129,0.08,0.08,0.075,0.075,146750
AU1,20200129,0.052,0.056,0.052,0.056,59561
AU8,20200129,0.095,0.105,0.094,0.098,1210622
AUB,20200129,12.26,12.84,12.15,12.5,168024
AUC,20200129,0.016,0.016,0.016,0.016,1482897
AUI,20200129,10.12,10.18,10.12,10.12,18910
AUP,20200129,2.99,2.99,2.99,2.99,221
AUQ,20200129,0.015,0.015,0.015,0.015,40000
AUR,20200129,0.023,0.023,0.019,0.021,826359
AUT,20200129,0.015,0.017,0.015,0.016,20258712
AUZ,20200129,0.016,0.016,0.015,0.015,3116571
AV1,20200129,0.25,0.255,0.245,0.245,820867
AVA,20200129,0.15,0.15,0.15,0.15,120000
AVE,20200129,0.004,0.004,0.003,0.003,1217391
AVG,20200129,0.5,0.505,0.5,0.505,75674
AVH,20200129,0.665,0.7,0.665,0.69,6661653
AVJ,20200129,0.62,0.62,0.595,0.62,158664
AVL,20200129,0.012,0.012,0.011,0.011,4121455
AVN,20200129,2.9,2.91,2.83,2.87,261396
AVZ,20200129,0.065,0.067,0.062,0.063,5922744
AWC,20200129,2.23,2.26,2.22,2.23,6962487
AWV,20200129,0.008,0.008,0.008,0.008,4600
AWY,20200129,0.036,0.037,0.035,0.035,297800
AX1,20200129,1.73,1.745,1.715,1.73,415632
AXE,20200129,0.22,0.235,0.22,0.23,2086501
AYI,20200129,0.001,0.001,0.001,0.001,1000000
AYR,20200129,0.002,0.002,0.002,0.002,2134254
AYS,20200129,0.345,0.345,0.33,0.34,144251
AZI,20200129,0.008,0.008,0.008,0.008,2000000
AZJ,20200129,5.53,5.53,5.49,5.51,5627140
AZM,20200129,0.033,0.033,0.033,0.033,44800
AZS,20200129,0.12,0.125,0.12,0.125,66890
AZY,20200129,0.015,0.015,0.014,0.014,3226502
BAF,20200129,0.88,0.885,0.875,0.88,306800
BAP,20200129,6.29,6.43,6.26,6.36,807260
BAR,20200129,0.02,0.02,0.02,0.02,28417
BAT,20200129,0.008,0.008,0.007,0.008,629801
BBC,20200129,0.62,0.625,0.59,0.605,57652
BBN,20200129,3.5,3.5,3.41,3.45,105412
BBX,20200129,0.16,0.16,0.15,0.15,46900
BC8,20200129,0.38,0.38,0.36,0.36,132941
BCB,20200129,0.06,0.061,0.06,0.06,146174
BCC,20200129,0.32,0.34,0.32,0.34,93649
BCI,20200129,0.17,0.17,0.17,0.17,111102
BCN,20200129,0.037,0.037,0.036,0.036,894635
BCT,20200129,0.14,0.14,0.13,0.14,234126
BD1,20200129,0.034,0.035,0.033,0.035,3411311
BDA,20200129,0.27,0.28,0.265,0.28,143520
BDC,20200129,0.075,0.082,0.075,0.082,1197683
BDG,20200129,0.12,0.12,0.093,0.093,493979
BEE,20200129,0.016,0.016,0.014,0.015,1137074
BEL,20200129,0.04,0.04,0.04,0.04,3971
BEM,20200129,0.041,0.041,0.04,0.04,184007
BEN,20200129,10.25,10.36,10.21,10.3,1172172
BET,20200129,0.19,0.215,0.19,0.215,3988899
BFC,20200129,0.092,0.093,0.09,0.09,150052
BFG,20200129,1.33,1.36,1.33,1.35,290278
BGA,20200129,4.38,4.42,4.33,4.36,442702
BGL,20200129,0.525,0.525,0.505,0.51,1924960
BGT,20200129,0.17,0.19,0.17,0.19,301065
BHP,20200129,39.33,39.5,39.14,39.34,5515382
BID,20200129,1.08,1.12,1.07,1.07,264608
BIN,20200129,2.89,2.91,2.85,2.88,1493129
BIS,20200129,1.05,1.05,1.05,1.05,2594
BIT,20200129,0.08,0.082,0.074,0.075,19000069
BKI,20200129,1.69,1.705,1.69,1.7,336527
BKL,20200129,87.7,90.5,87.43,88.08,49163
BKT,20200129,0.053,0.053,0.051,0.051,346001
BKW,20200129,20.31,20.34,19.97,20.07,144419
BKY,20200129,0.195,0.195,0.195,0.195,102265
BLD,20200129,5,5.04,4.97,4.99,4226712
BLG,20200129,0.09,0.09,0.09,0.09,132966
BLK,20200129,0.011,0.011,0.01,0.01,16430549
BLT,20200129,0.034,0.034,0.034,0.034,12000
BLU,20200129,0.044,0.045,0.044,0.044,567406
BLX,20200129,1.03,1.05,1.01,1.05,106513
BLY,20200129,1.6,1.65,1.57,1.59,2876
BLZ,20200129,0.016,0.016,0.016,0.016,300000
BMG,20200129,0.004,0.005,0.004,0.005,300000
BMN,20200129,0.036,0.036,0.033,0.033,189920
BNL,20200129,0.007,0.007,0.007,0.007,1198000
BNO,20200129,0.071,0.071,0.071,0.071,246186
BNR,20200129,0.024,0.024,0.023,0.023,115000
BOC,20200129,0.3,0.3,0.3,0.3,15000
BOE,20200129,0.048,0.049,0.047,0.048,1498669
BOQ,20200129,7.44,7.52,7.43,7.48,1960824
BOT,20200129,0.093,0.094,0.091,0.091,1811639
BPH,20200129,0.002,0.002,0.001,0.001,4453529
BPL,20200129,0.017,0.017,0.017,0.017,134000
BPT,20200129,2.62,2.64,2.53,2.55,9770167
BRB,20200129,0.265,0.265,0.255,0.26,235659
BRG,20200129,19.3,19.3,18.86,18.86,139273
BRK,20200129,0.006,0.007,0.006,0.007,295006
BRL,20200129,0.11,0.115,0.11,0.115,92414
BRN,20200129,0.051,0.053,0.05,0.05,3564636
BRU,20200129,0.165,0.17,0.165,0.17,195128
BRV,20200129,0.019,0.019,0.018,0.018,1200000
BSA,20200129,0.395,0.395,0.395,0.395,80003
BSE,20200129,0.245,0.245,0.24,0.24,24989
BSL,20200129,14.71,14.91,14.65,14.68,2070312
BSM,20200129,0.005,0.006,0.005,0.006,2750000
BSR,20200129,0.015,0.015,0.015,0.015,7056415
BSX,20200129,0.2,0.22,0.195,0.205,2639173
BTC,20200129,0.145,0.145,0.145,0.145,71000
BTH,20200129,0.9,0.905,0.855,0.86,638177
BTI,20200129,1.08,1.095,1.08,1.095,57372
BUB,20200129,0.94,0.955,0.94,0.94,3110160
BUD,20200129,0.029,0.029,0.028,0.028,2278206
BUX,20200129,0.085,0.085,0.085,0.085,36344
BVS,20200129,5.68,5.71,5.56,5.6,1093873
BWF,20200129,0.6,0.6,0.6,0.6,1000
BWP,20200129,4.1,4.14,4.08,4.11,619605
BWR,20200129,1.35,1.35,1.33,1.335,20429
BWX,20200129,4.16,4.29,4.16,4.22,289160
BXB,20200129,12.52,12.67,12.43,12.49,3260361
BYE,20200129,0.275,0.28,0.275,0.28,255895
BYI,20200129,0.7,0.7,0.7,0.7,200
C6C,20200129,0.75,0.77,0.75,0.77,16496
CAA,20200129,0.112,0.115,0.11,0.115,233908
CAG,20200129,0.595,0.64,0.595,0.64,7100
CAI,20200129,0.265,0.267,0.26,0.26,206299
CAJ,20200129,0.252,0.26,0.252,0.255,881958
CAM,20200129,0.97,0.97,0.965,0.965,114495
CAN,20200129,1.5,1.545,1.4,1.46,1638057
CAR,20200129,17.35,17.53,17.22,17.46,538142
CAT,20200129,2.11,2.18,2.02,2.03,410881
CAU,20200129,0.21,0.21,0.205,0.205,246206
CAV,20200129,0.002,0.002,0.002,0.002,82038
CAY,20200129,0.15,0.15,0.15,0.15,200289
CAZ,20200129,0.023,0.023,0.022,0.023,958260
CBA,20200129,84.44,84.86,84.16,84.61,1877335
CBR,20200129,4.3,4.35,4.17,4.2,182963
CBY,20200129,0.18,0.18,0.16,0.18,42500
CCA,20200129,0.18,0.18,0.165,0.18,314917
CCE,20200129,0.001,0.001,0.001,0.001,276949
CCJ,20200129,0.005,0.005,0.005,0.005,100000
CCL,20200129,11.91,12.08,11.89,12.02,1644836
CCP,20200129,33,35.25,33,34.33,269141
CCV,20200129,0.24,0.242,0.235,0.235,94577
CCX,20200129,2.84,2.85,2.78,2.78,45626
CCZ,20200129,0.021,0.021,0.02,0.02,2004570
CD2,20200129,1.825,1.825,1.825,1.825,2754
CD3,20200129,1.39,1.39,1.39,1.39,31250
CDA,20200129,7.75,7.94,7.6,7.69,215514
CDD,20200129,0.395,0.4,0.385,0.4,282240
CDM,20200129,0.765,0.765,0.755,0.755,297530
CDP,20200129,5.99,5.99,5.85,5.91,10727
CDV,20200129,0.355,0.365,0.355,0.365,352266
CDX,20200129,0.027,0.028,0.027,0.027,829030
CDY,20200129,0.22,0.22,0.22,0.22,19033
CE1,20200129,0.005,0.006,0.005,0.006,48748
CEL,20200129,0.175,0.205,0.175,0.19,3146847
CEN,20200129,7.25,7.49,7.23,7.29,8269
CFO,20200129,0.08,0.08,0.08,0.08,606
CG1,20200129,0.495,0.495,0.475,0.475,32337
CGA,20200129,0.455,0.455,0.42,0.42,19645
CGB,20200129,0.016,0.017,0.015,0.017,2257525
CGC,20200129,2.84,2.875,2.76,2.77,4475944
CGF,20200129,8.75,8.75,8.64,8.71,1155066
CGL,20200129,4.56,4.75,4.43,4.7,160221
CGR,20200129,0.54,0.58,0.535,0.535,40389394
CGS,20200129,0.44,0.47,0.44,0.45,32364
CHC,20200129,12.56,12.61,12.475,12.51,681798
CHK,20200129,0.011,0.011,0.011,0.011,490486
CHN,20200129,0.285,0.29,0.285,0.29,447284
CHZ,20200129,0.094,0.097,0.094,0.097,852901
CI1,20200129,0.024,0.024,0.023,0.023,1875952
CIA,20200129,2.5,2.5,2.37,2.42,790290
CIE,20200129,0.85,0.86,0.85,0.85,46997
CIM,20200129,28.6,29.02,28.23,28.85,566566
CIN,20200129,32.25,32.32,32.2,32.2,2123
CIO,20200129,0.003,0.003,0.003,0.003,150000
CIP,20200129,3.65,3.68,3.64,3.67,224809
CIW,20200129,0.675,0.675,0.675,0.675,22950
CKA,20200129,0.046,0.046,0.045,0.046,219166
CKF,20200129,9.01,9.13,8.96,8.96,162884
CL1,20200129,2.06,2.08,2.05,2.08,452037
CL8,20200129,0.016,0.016,0.016,0.016,30000
CLA,20200129,0.014,0.015,0.014,0.015,1291104
CLB,20200129,0.071,0.075,0.069,0.075,714890
CLH,20200129,1.055,1.065,1.05,1.05,220749
CLQ,20200129,0.265,0.275,0.25,0.25,626154
CLV,20200129,2.69,2.73,2.65,2.68,50215
CLW,20200129,5.65,5.65,5.6,5.61,930761
CLX,20200129,0.805,0.805,0.805,0.805,3920
CLZ,20200129,0.003,0.003,0.002,0.002,49371265
CM8,20200129,0.021,0.021,0.021,0.021,9215
CMA,20200129,2.98,3,2.96,2.99,542591
CML,20200129,0.018,0.019,0.018,0.018,61028
CMM,20200129,1.24,1.24,1.235,1.24,107619
CMP,20200129,0.68,0.7,0.68,0.695,128763
CMW,20200129,1.21,1.217,1.205,1.215,4405958
CNB,20200129,0.078,0.081,0.073,0.073,356077
CNJ,20200129,0.008,0.009,0.008,0.009,330935
CNU,20200129,6.4,6.44,6.335,6.36,236396
CNW,20200129,0.037,0.037,0.036,0.036,1359093
COB,20200129,0.15,0.15,0.15,0.15,92898
COE,20200129,0.56,0.56,0.535,0.545,5770747
COG,20200129,0.085,0.085,0.085,0.085,99779
COH,20200129,237.24,240.93,237,240.11,121660
COI,20200129,0.165,0.165,0.14,0.15,914040
COL,20200129,16.4,16.5,16.33,16.33,1952615
COS,20200129,0.36,0.36,0.35,0.355,738762
CP1,20200129,0.16,0.16,0.16,0.16,5200
CPH,20200129,0.175,0.185,0.175,0.175,863644
CPT,20200129,0.075,0.076,0.075,0.075,38325
CPU,20200129,17.78,17.88,17.66,17.84,902421
CPV,20200129,0.16,0.165,0.155,0.155,104250
CQE,20200129,3.52,3.57,3.49,3.51,120889
CQR,20200129,4.72,4.775,4.71,4.76,742077
CR1,20200129,0.2,0.2,0.2,0.2,80361
CRN,20200129,2.07,2.16,2.06,2.12,102910
CRO,20200129,0.007,0.007,0.006,0.006,16511521
CRS,20200129,0.15,0.15,0.145,0.15,50000
CSE,20200129,0.06,0.06,0.06,0.06,11429
CSL,20200129,313.99,316.53,312.32,316.09,906894
CSR,20200129,4.99,5.05,4.99,5.02,2010597
CSS,20200129,0.73,0.73,0.72,0.72,45947
CSV,20200129,0.305,0.307,0.305,0.305,408556
CT1,20200129,0.028,0.029,0.028,0.029,6177981
CTD,20200129,18.91,19.52,18.75,18.75,526671
CTM,20200129,0.012,0.012,0.011,0.011,2256333
CTO,20200129,0.005,0.005,0.005,0.005,100000
CTP,20200129,0.135,0.135,0.13,0.13,369914
CTX,20200129,34.74,34.97,34.53,34.81,690665
CUE,20200129,0.15,0.15,0.15,0.15,10000
CUL,20200129,0.013,0.013,0.013,0.013,75454
CUP,20200129,1.16,1.18,1.16,1.165,44805
CUV,20200129,27.52,28.515,27.31,28.14,416939
CV1,20200129,0.125,0.13,0.125,0.13,433771
CVF,20200129,1.02,1.02,1,1.01,56552
CVN,20200129,0.335,0.34,0.33,0.34,928266
CVW,20200129,0.45,0.45,0.425,0.45,300867
CWN,20200129,11.48,11.66,11.48,11.55,2143691
CWP,20200129,7.75,7.85,7.75,7.83,23784
CWX,20200129,0.22,0.22,0.195,0.2,236017
CWY,20200129,2.06,2.095,2.05,2.07,5398833
CXL,20200129,0.8,0.8,0.79,0.795,142199
CXM,20200129,0.038,0.043,0.038,0.043,120000
CXO,20200129,0.036,0.036,0.036,0.036,867058
CXU,20200129,0.02,0.02,0.02,0.02,79570
CXX,20200129,0.049,0.05,0.049,0.05,202738
CXZ,20200129,0.024,0.024,0.024,0.024,637999
CYC,20200129,1.2,1.2,1.2,1.2,500
CYG,20200129,1.05,1.05,1.05,1.05,8465
CYL,20200129,3.03,3.09,2.95,3.09,5744
CYM,20200129,0.235,0.235,0.235,0.235,15000
CYP,20200129,1.1,1.1,1.08,1.1,37014
CZI,20200129,0.095,0.095,0.094,0.094,143415
CZL,20200129,0.007,0.007,0.007,0.007,125000
CZN,20200129,0.005,0.005,0.004,0.004,16085370
D2O,20200129,1.405,1.47,1.405,1.47,225041
DAF,20200129,0.021,0.021,0.02,0.02,388823
DAV,20200129,0.033,0.033,0.031,0.031,414336
DBF,20200129,1.16,1.16,1.16,1.16,40000
DCC,20200129,0.03,0.03,0.029,0.029,1697035
DCG,20200129,0.44,0.44,0.425,0.43,803251
DCL,20200129,0.061,0.061,0.06,0.06,462510
DCN,20200129,1.425,1.425,1.38,1.4,2128235
DDR,20200129,6.79,6.87,6.74,6.87,43571
DEG,20200129,0.047,0.048,0.046,0.046,1396528
DEM,20200129,0.23,0.24,0.23,0.24,7006
DEV,20200129,0.065,0.066,0.062,0.065,480969
DGH,20200129,1.465,1.465,1.46,1.46,18052
DGO,20200129,0.905,0.905,0.905,0.905,500
DGR,20200129,0.07,0.071,0.07,0.07,128000
DHG,20200129,3.85,3.85,3.76,3.77,568648
DIV,20200129,24.17,24.17,24.16,24.17,222
DJW,20200129,3.5,3.5,3.47,3.49,222215
DKM,20200129,0.16,0.16,0.16,0.16,109569
DMP,20200129,53.88,55.43,53.88,55.2,217227
DNA,20200129,0.078,0.08,0.078,0.08,1099448
DNK,20200129,0.575,0.575,0.57,0.575,22081
DOW,20200129,7.33,7.38,7.24,7.26,2828392
DRO,20200129,0.25,0.25,0.23,0.24,449899
DRX,20200129,0.013,0.013,0.013,0.013,500000
DSE,20200129,0.05,0.05,0.047,0.047,958262
DTC,20200129,1.02,1.12,1.015,1.075,720942
DTI,20200129,0.023,0.023,0.023,0.023,44500
DTL,20200129,4.42,4.6,4.27,4.43,465235
DTM,20200129,0.08,0.08,0.08,0.08,11349
DTS,20200129,0.145,0.15,0.14,0.14,199440
DTZ,20200129,0.056,0.058,0.053,0.058,304264
DUB,20200129,1.175,1.22,1.175,1.22,518660
DUI,20200129,5.28,5.28,5.12,5.12,29137
DVL,20200129,0.027,0.029,0.027,0.028,114886
DW8,20200129,0.009,0.009,0.008,0.008,3640781
DWS,20200129,1.06,1.07,1.06,1.07,24425
DXN,20200129,0.048,0.048,0.048,0.048,136431
DXS,20200129,12.6,12.65,12.52,12.6,3154869
DYL,20200129,0.26,0.265,0.26,0.26,95424
E2E,20200129,0.004,0.004,0.004,0.004,245000
E2M,20200129,0.19,0.19,0.18,0.18,300000
EAF,20200129,1.37,1.37,1.37,1.37,32719
EAI,20200129,1.04,1.055,1.04,1.05,612720
EAS,20200129,0.905,0.905,0.895,0.895,32228
EBG,20200129,0.98,0.98,0.98,0.98,156
EBO,20200129,23,23,23,23,50500
ECF,20200129,1.3,1.3,1.285,1.29,113141
ECG,20200129,0.052,0.055,0.048,0.048,108181
ECL,20200129,1.38,1.38,1.38,1.38,1630
ECS,20200129,0.048,0.05,0.048,0.05,807673
ECT,20200129,0.001,0.001,0.001,0.001,31039876
ECX,20200129,1.625,1.685,1.6,1.625,1544819
ED1,20200129,1.04,1.06,1.03,1.035,35712
EDC,20200129,1.14,1.14,1.14,1.14,2730
EDE,20200129,0.041,0.042,0.041,0.041,888795
EEG,20200129,0.41,0.41,0.4,0.405,260892
EFF,20200129,1.76,1.76,1.76,1.76,11500
EGD,20200129,2.5,2.5,2.46,2.46,31238
EGF,20200129,1.8,1.8,1.8,1.8,47899
EGG,20200129,1.91,1.94,1.91,1.94,6837
EGI,20200129,1.2,1.2,1.2,1.2,195130
EGL,20200129,0.043,0.043,0.04,0.04,125250
EGN,20200129,0.66,0.67,0.66,0.67,2548
EGR,20200129,0.083,0.089,0.083,0.086,574613
EHE,20200129,2.47,2.53,2.45,2.52,530516
EHH,20200129,0.12,0.125,0.12,0.125,129439
EHX,20200129,0.099,0.099,0.093,0.093,202722
ELD,20200129,7.34,7.38,7.25,7.28,343530
ELO,20200129,6.61,6.9,6.61,6.9,118475
ELS,20200129,0.4,0.4,0.395,0.395,7247
ELX,20200129,0.75,0.76,0.75,0.75,232827
EM1,20200129,0.011,0.012,0.011,0.011,280898
EMH,20200129,0.285,0.285,0.285,0.285,11838
EML,20200129,5.25,5.375,5.23,5.24,2132188
EMN,20200129,0.135,0.135,0.135,0.135,770
EMR,20200129,0.046,0.05,0.046,0.048,2458487
EMT,20200129,0.014,0.014,0.013,0.014,2357500
EMV,20200129,0.86,0.91,0.83,0.85,335679
EN1,20200129,0.02,0.02,0.019,0.019,313326
ENE,20200129,0.235,0.235,0.235,0.235,62000
ENN,20200129,2.12,2.15,2.12,2.15,21983
ENR,20200129,0.097,0.11,0.097,0.105,89915
ENX,20200129,0.008,0.008,0.008,0.008,12538
EOF,20200129,2.99,3.05,2.87,2.99,132216
EOL,20200129,3.45,3.48,3.45,3.47,3211
EOS,20200129,10.35,10.465,10.18,10.44,623374
EPD,20200129,0.38,0.4,0.38,0.4,21359
EPM,20200129,0.005,0.006,0.005,0.005,1947508
EQE,20200129,0.014,0.014,0.012,0.012,2115591
EQT,20200129,30.77,30.8,30.43,30.48,2816
EQX,20200129,0.245,0.245,0.245,0.245,4000
ERA,20200129,0.157,0.157,0.155,0.155,159077
ERF,20200129,1.24,1.24,1.24,1.24,12902
ERG,20200129,0.066,0.067,0.066,0.067,30000
ERL,20200129,0.008,0.008,0.008,0.008,11989
ERM,20200129,0.091,0.094,0.091,0.094,341865
ERX,20200129,0.061,0.063,0.059,0.061,1225022
ESH,20200129,0.009,0.009,0.009,0.009,2275759
ESR,20200129,0.009,0.009,0.009,0.009,650186
ETF,20200129,23.1,23.1,23.1,23.1,508
EUC,20200129,0.017,0.017,0.016,0.016,258813
EUR,20200129,0.084,0.084,0.081,0.081,159000
EVE,20200129,0.006,0.006,0.006,0.006,2562414
EVN,20200129,3.85,3.85,3.73,3.78,9939688
EVO,20200129,0.165,0.165,0.16,0.165,1863867
EVS,20200129,0.235,0.24,0.232,0.24,276083
EVT,20200129,12.99,13.09,12.87,12.87,62477
EX1,20200129,0.28,0.28,0.27,0.28,106000
EXL,20200129,1.12,1.15,1.015,1.03,1385492
EXP,20200129,0.2,0.21,0.2,0.21,739629
EXR,20200129,0.021,0.022,0.021,0.021,362157
EZL,20200129,1.055,1.06,1.05,1.06,15186
FAM,20200129,0.049,0.05,0.049,0.05,120000
FAR,20200129,0.039,0.041,0.039,0.039,14294424
FAU,20200129,0.011,0.012,0.011,0.011,2380446
FBR,20200129,0.051,0.052,0.051,0.052,282071
FBU,20200129,5.44,5.46,5.38,5.4,742967
FCL,20200129,2.85,2.86,2.82,2.82,16532
FCT,20200129,0.145,0.15,0.145,0.15,49638
FDV,20200129,0.95,0.965,0.95,0.96,117530
FEL,20200129,0.014,0.014,0.013,0.013,54795
FEX,20200129,0.051,0.052,0.05,0.052,82216
FFG,20200129,0.012,0.012,0.01,0.01,2222554
FFL,20200129,0.37,0.37,0.37,0.37,25000
FFR,20200129,0.055,0.055,0.055,0.055,29675
FGG,20200129,1.265,1.27,1.25,1.26,368019
FGR,20200129,0.175,0.205,0.175,0.205,4204503
FGX,20200129,1.165,1.165,1.16,1.16,107841
FHS,20200129,0.013,0.013,0.012,0.013,2540748
FID,20200129,5.7,5.7,5.62,5.68,7358
FIJ,20200129,0.09,0.09,0.09,0.09,75563
FIN,20200129,0.015,0.015,0.012,0.013,800000
FLC,20200129,0.415,0.42,0.41,0.41,236929
FLN,20200129,0.5,0.505,0.49,0.49,123261
FLT,20200129,40.15,40.71,39.96,40.15,360285
FMG,20200129,11.66,11.725,11.42,11.53,11024523
FML,20200129,0.23,0.23,0.23,0.23,6427
FMS,20200129,0.055,0.055,0.055,0.055,54000
FNP,20200129,5.08,5.12,5.03,5.06,580047
FNT,20200129,0.011,0.011,0.011,0.011,2218111
FOD,20200129,0.068,0.07,0.066,0.07,356446
FOR,20200129,1.175,1.175,1.16,1.17,116469
FPC,20200129,1.05,1.05,1.02,1.035,36231
FPH,20200129,21.9,21.9,21.56,21.56,263678
FPL,20200129,0.006,0.006,0.006,0.006,258249
FPP,20200129,0.93,0.93,0.925,0.925,25931
FRI,20200129,0.865,0.875,0.865,0.875,46628
FRM,20200129,0.33,0.33,0.3,0.33,23500
FRN,20200129,0.021,0.021,0.019,0.02,6029053
FRX,20200129,0.025,0.025,0.025,0.025,125000
FSA,20200129,1.38,1.38,1.375,1.375,7490
FSF,20200129,3.87,3.88,3.84,3.84,5489
FSI,20200129,1.935,1.935,1.93,1.93,16750
FTC,20200129,0.11,0.13,0.11,0.12,220223
FTT,20200129,0.003,0.003,0.003,0.003,3240000
FWD,20200129,2.1,2.1,2.09,2.1,14076
FXL,20200129,2.08,2.14,2.08,2.14,534699
FYI,20200129,0.054,0.054,0.053,0.053,55455
FZO,20200129,0.165,0.165,0.155,0.155,198639
FZR,20200129,0.2,0.2,0.2,0.2,51806
G1A,20200129,0.3,0.3,0.3,0.3,93932
G88,20200129,0.059,0.059,0.057,0.057,323574
GAL,20200129,0.155,0.155,0.155,0.155,101665
GAP,20200129,0.21,0.215,0.21,0.21,573546
GAS,20200129,0.62,0.62,0.62,0.62,700
GBP,20200129,0.037,0.038,0.037,0.038,280952
GBR,20200129,0.034,0.034,0.034,0.034,34692
GBZ,20200129,0.075,0.075,0.075,0.075,13001
GC1,20200129,0.81,0.81,0.79,0.795,272005
GCI,20200129,2.04,2.05,2.03,2.05,236634
GDF,20200129,1.42,1.42,1.41,1.41,17700
GDG,20200129,0.87,0.905,0.87,0.9,94386
GDI,20200129,1.54,1.54,1.51,1.525,268547
GDX,20200129,42.7,42.7,41.49,41.57,12941
GEM,20200129,1.89,1.915,1.87,1.89,1165250
GFL,20200129,2.15,2.15,2.15,2.15,1728
GGG,20200129,0.115,0.12,0.115,0.117,457286
GGX,20200129,0.003,0.003,0.003,0.003,1000000
GIB,20200129,0.048,0.048,0.045,0.045,278427
GID,20200129,0.015,0.015,0.015,0.015,657293
GLA,20200129,0.001,0.001,0.001,0.001,11811097
GLB,20200129,1.86,1.86,1.85,1.85,11189
GLL,20200129,0.59,0.59,0.545,0.58,165078
GLN,20200129,0.2,0.2,0.19,0.19,266708
GMA,20200129,3.69,3.69,3.64,3.68,440164
GMC,20200129,0.006,0.006,0.005,0.006,2090268
GMD,20200129,0.035,0.035,0.034,0.035,1223923
GME,20200129,0.055,0.057,0.055,0.057,9528
GMG,20200129,14.93,15.01,14.87,15,2531553
GML,20200129,0.016,0.017,0.016,0.016,2810180
GMN,20200129,0.071,0.071,0.071,0.071,62000
GMR,20200129,0.009,0.009,0.008,0.008,5165700
GMV,20200129,0.14,0.14,0.135,0.135,624301
GNC,20200129,8.35,8.44,8.31,8.36,444674
GNE,20200129,3.1,3.2,3.03,3.08,46386
GNM,20200129,0.008,0.008,0.008,0.008,175384
GNX,20200129,0.22,0.225,0.22,0.22,103264
GOR,20200129,1.365,1.365,1.33,1.345,5768458
GOW,20200129,2.36,2.38,2.36,2.37,18700
GOZ,20200129,4.4,4.4,4.37,4.38,313421
GPR,20200129,0.455,0.46,0.455,0.455,75472
GPT,20200129,5.96,5.97,5.92,5.95,4178295
GPX,20200129,0.16,0.16,0.14,0.14,429482
GRB,20200129,0.085,0.085,0.083,0.083,110149
GRL,20200129,0.2,0.2,0.2,0.2,67102
GRR,20200129,0.24,0.245,0.24,0.245,220354
GSN,20200129,0.051,0.051,0.05,0.051,202211
GSS,20200129,0.98,1,0.97,1,181409
GSW,20200129,0.55,0.555,0.53,0.54,36102
GTE,20200129,0.003,0.003,0.003,0.003,2400000
GTG,20200129,0.011,0.011,0.01,0.01,12032740
GTK,20200129,2.1,2.12,2.05,2.06,1517767
GTN,20200129,0.82,0.82,0.82,0.82,320536
GTR,20200129,0.008,0.008,0.008,0.008,879865
GUD,20200129,11.19,11.38,11.19,11.3,635501
GVF,20200129,1.1,1.1,1.095,1.1,112065
GWA,20200129,3.65,3.65,3.58,3.64,511657
GXY,20200129,1.07,1.095,1.05,1.06,2534302
HAS,20200129,0.12,0.125,0.115,0.122,104676
HAV,20200129,0.105,0.105,0.105,0.105,43600
HAW,20200129,0.081,0.081,0.081,0.081,5450
HCD,20200129,0.054,0.057,0.054,0.054,140000
HCH,20200129,0.032,0.032,0.029,0.029,12304560
HCT,20200129,0.086,0.097,0.07,0.079,1953191
HE8,20200129,0.175,0.18,0.175,0.18,787530
HFR,20200129,0.78,0.78,0.765,0.77,47574
HGO,20200129,0.063,0.063,0.061,0.063,172803
HIL,20200129,0.415,0.435,0.41,0.42,140520
HIP,20200129,0.019,0.019,0.019,0.019,200000
HIT,20200129,1.315,1.315,1.315,1.315,3508
HLA,20200129,1.18,1.205,1.18,1.2,67155
HLO,20200129,4.43,4.43,4.37,4.37,68501
HLS,20200129,2.91,2.92,2.86,2.86,918001
HLX,20200129,0.015,0.016,0.015,0.016,348389
HM1,20200129,3.25,3.3,3.25,3.29,59737
HMC,20200129,3.77,3.8,3.71,3.76,114666
HMD,20200129,0.165,0.17,0.16,0.16,230000
HMX,20200129,0.022,0.022,0.022,0.022,1479845
HNR,20200129,0.009,0.009,0.009,0.009,162300
HPI,20200129,3.29,3.34,3.29,3.33,189494
HRL,20200129,0.115,0.12,0.115,0.12,56281
HRN,20200129,0.235,0.235,0.23,0.23,49470
HRR,20200129,0.097,0.098,0.097,0.098,36430
HRZ,20200129,0.1,0.115,0.1,0.115,60847
HSC,20200129,0.006,0.007,0.005,0.007,29189215
HSN,20200129,3.57,3.62,3.57,3.62,77499
HT1,20200129,1.72,1.74,1.665,1.74,1182103
HTA,20200129,0.13,0.13,0.13,0.13,38600
HUB,20200129,10.9,11.25,10.9,11.17,138833
HUO,20200129,4.49,4.49,4.49,4.49,110
HVM,20200129,0.215,0.225,0.185,0.195,1267324
HVN,20200129,4.21,4.32,4.21,4.29,3654141
HWH,20200129,0.04,0.04,0.04,0.04,242928
HYD,20200129,0.24,0.24,0.235,0.24,120520
HZN,20200129,0.125,0.125,0.12,0.12,915422
HZR,20200129,0.415,0.43,0.415,0.425,150513
IAA,20200129,95.2,97.16,95.2,97.06,16111
IAF,20200129,115.62,115.75,115.49,115.5,19899
IAG,20200129,7.27,7.275,7.17,7.17,4601614
IAP,20200129,1.54,1.56,1.535,1.56,574536
IBC,20200129,0.525,0.525,0.525,0.525,34264
IBG,20200129,0.012,0.012,0.011,0.012,1677087
IBX,20200129,0.03,0.03,0.029,0.03,2187482
ICE,20200129,0.24,0.26,0.24,0.25,107128
ICI,20200129,0.023,0.023,0.023,0.023,27500
ICN,20200129,0.006,0.006,0.006,0.006,549776
ICQ,20200129,0.38,0.39,0.38,0.385,371028
ICT,20200129,0.053,0.053,0.051,0.051,465108
ID8,20200129,0.31,0.32,0.31,0.32,3544
IDA,20200129,0.025,0.025,0.025,0.025,48965
IDT,20200129,0.155,0.155,0.15,0.15,276219
IDX,20200129,4.15,4.19,4.08,4.14,368536
IEL,20200129,19.69,19.69,19.05,19.08,217323
IEM,20200129,64,65.23,63.79,64.95,15562
IEU,20200129,68.45,68.6,68.21,68.47,7418
IFL,20200129,7.87,7.98,7.84,7.86,4340048
IFM,20200129,2.07,2.1,2.055,2.08,174575
IFN,20200129,0.75,0.765,0.75,0.755,801323
IFT,20200129,5.39,5.39,5.3,5.35,17576
IGB,20200129,114.14,114.14,113.86,113.86,352
IGL,20200129,2.4,2.4,2.32,2.33,445190
IGO,20200129,6.31,6.36,6.23,6.32,1927045
IHD,20200129,14.49,14.55,14.41,14.55,85422
IHL,20200129,0.069,0.069,0.067,0.067,791908
IHR,20200129,0.1,0.115,0.1,0.11,269453
IJH,20200129,302.16,304.41,302.1,304.41,757
IJP,20200129,87.86,87.86,86.67,86.98,4090
IJR,20200129,122.7,123.68,122.7,123,1509
IKE,20200129,0.87,0.87,0.87,0.87,35000
IKO,20200129,91.25,92.79,91.25,92.54,14011
IKW,20200129,0.003,0.003,0.003,0.003,1168635
ILB,20200129,130.64,130.74,130.3,130.3,913
ILC,20200129,27.13,27.22,27.12,27.2,7945
ILU,20200129,8.91,9.62,8.91,9.5,3237617
IMA,20200129,0.225,0.225,0.225,0.225,446050
IMC,20200129,0.14,0.14,0.135,0.135,77271
IMD,20200129,1.525,1.585,1.48,1.49,162561
IME,20200129,0.046,0.046,0.043,0.043,1864811
IMF,20200129,4.6,4.63,4.54,4.58,320345
IMM,20200129,0.285,0.305,0.285,0.29,1168235
IMR,20200129,1.36,1.47,1.36,1.46,432499
IMS,20200129,0.007,0.007,0.007,0.007,1311227
IMU,20200129,0.035,0.035,0.033,0.033,12423812
INA,20200129,4.75,4.78,4.65,4.68,846053
INF,20200129,0.06,0.06,0.06,0.06,270520
ING,20200129,3.64,3.65,3.59,3.62,856727
INP,20200129,0.023,0.023,0.022,0.022,209339
INR,20200129,0.175,0.18,0.175,0.18,954591
IOD,20200129,0.17,0.175,0.165,0.165,141465
IOO,20200129,80.42,81.27,80.42,80.94,21002
IOZ,20200129,28.67,28.71,28.59,28.66,186102
IP1,20200129,0.01,0.01,0.01,0.01,110099
IPD,20200129,0.12,0.13,0.12,0.125,642811
IPH,20200129,9.36,9.51,9.315,9.34,573317
IPL,20200129,3.32,3.37,3.32,3.33,2718531
IRD,20200129,0.069,0.069,0.069,0.069,86640
IRE,20200129,13.7,13.79,13.4,13.68,579712
IRI,20200129,2.88,2.95,2.88,2.95,68178
ISD,20200129,0.28,0.28,0.28,0.28,140586
ISO,20200129,5.18,5.18,5.16,5.16,7959
ISU,20200129,0.49,0.49,0.49,0.49,3778
ITG,20200129,0.435,0.44,0.43,0.44,162359
IVC,20200129,13.17,13.28,13.01,13.05,405199
IVE,20200129,101.1,101.77,100.97,101.77,1600
IVR,20200129,0.023,0.024,0.023,0.023,1561852
IVV,20200129,487,487.35,485,486.84,8152
IVX,20200129,0.012,0.012,0.012,0.012,658296
IVZ,20200129,0.027,0.027,0.025,0.026,1250814
IXC,20200129,1.03,1.04,1.025,1.04,53340
IXI,20200129,83.4,83.4,81.92,82.42,3907
IXJ,20200129,103,103.4,102.37,102.61,7630
IZZ,20200129,60.26,62.2,60.25,62.17,12438
JAL,20200129,0.19,0.19,0.19,0.19,104483
JAN,20200129,0.455,0.455,0.455,0.455,54514
JAT,20200129,0.053,0.055,0.052,0.053,1093294
JAY,20200129,0.335,0.335,0.335,0.335,2497
JBH,20200129,40.3,41.03,40.29,40.63,274561
JDR,20200129,0.012,0.012,0.012,0.012,320000
JHC,20200129,1,1.01,0.98,0.985,238591
JHG,20200129,38,38.95,38,38.31,506116
JHX,20200129,31.65,32.11,31.61,31.93,1303644
JIN,20200129,14.22,14.56,14.1,14.12,558907
JLG,20200129,2.49,2.51,2.46,2.48,135708
JMS,20200129,0.29,0.295,0.287,0.295,1109378
JRV,20200129,0.255,0.255,0.245,0.245,557021
JXT,20200129,0.135,0.135,0.135,0.135,49309
K2F,20200129,0.25,0.26,0.25,0.255,180967
KAI,20200129,0.008,0.008,0.008,0.008,250372
KAR,20200129,1.23,1.235,1.17,1.185,3390862
KAT,20200129,0.85,0.85,0.85,0.85,70160
KCN,20200129,0.515,0.585,0.515,0.575,1441703
KEY,20200129,0.006,0.006,0.006,0.006,7617000
KFE,20200129,0.059,0.059,0.057,0.057,160000
KGL,20200129,0.23,0.23,0.23,0.23,17207
KGN,20200129,5.45,5.56,5.34,5.35,1084748
KIN,20200129,0.032,0.032,0.031,0.032,284144
KKC,20200129,2.47,2.47,2.44,2.47,541361
KLA,20200129,62.1,62.5,61.8,62.5,1503
KLL,20200129,0.51,0.51,0.5,0.5,187234
KMD,20200129,3.01,3.07,2.99,2.99,114411
KME,20200129,1.525,1.53,1.5,1.52,41741
KMT,20200129,0.005,0.005,0.005,0.005,91000
KNM,20200129,0.021,0.021,0.021,0.021,200000
KOV,20200129,4.18,4.3,4.18,4.28,35554
KPG,20200129,0.95,0.95,0.95,0.95,3500
KPO,20200129,0.032,0.032,0.03,0.031,525812
KRM,20200129,0.03,0.035,0.03,0.035,4258198
KRR,20200129,0.02,0.02,0.019,0.019,1076101
KSL,20200129,1.43,1.45,1.4,1.43,245487
KSN,20200129,0.16,0.16,0.155,0.16,165936
KSS,20200129,0.36,0.39,0.355,0.355,668436
KTD,20200129,0.405,0.405,0.385,0.39,318984
KTG,20200129,0.205,0.205,0.195,0.195,90800
KWR,20200129,0.15,0.155,0.15,0.15,407201
KYK,20200129,0.1,0.1,0.097,0.098,503913
KZA,20200129,0.6,0.6,0.59,0.59,15020
KZR,20200129,0.725,0.725,0.665,0.665,761050
LAA,20200129,0.033,0.033,0.032,0.032,350000
LAU,20200129,0.36,0.36,0.35,0.35,66778
LAW,20200129,0.065,0.066,0.065,0.065,528357
LBL,20200129,0.78,0.78,0.78,0.78,9568
LBT,20200129,0.16,0.16,0.16,0.16,210790
LCK,20200129,0.13,0.13,0.117,0.125,575503
LCL,20200129,0.048,0.048,0.047,0.047,49200
LCM,20200129,0.2,0.2,0.2,0.2,13221
LCT,20200129,0.022,0.022,0.022,0.022,27307
LEG,20200129,0.079,0.081,0.078,0.081,840106
LEP,20200129,5.5,5.63,5.5,5.6,14519
LIC,20200129,9.15,9.18,9.05,9.08,57430
LIN,20200129,0.038,0.039,0.035,0.035,3223170
LIT,20200129,0.063,0.064,0.061,0.061,1149625
LLC,20200129,18.4,18.59,18.08,18.53,1388800
LME,20200129,1.82,1.83,1.82,1.82,133568
LMG,20200129,0.013,0.016,0.013,0.016,1082151
LNG,20200129,0.18,0.18,0.175,0.175,177967
LNK,20200129,6.26,6.4,6.2,6.24,2311750
LNU,20200129,0.023,0.026,0.023,0.025,1267146
LNY,20200129,0.006,0.007,0.006,0.007,1150007
LOM,20200129,0.125,0.13,0.125,0.13,85139
LON,20200129,0.15,0.165,0.15,0.165,197710
LOT,20200129,0.049,0.049,0.049,0.049,28572
LOV,20200129,11.25,11.64,11.25,11.44,146528
LPD,20200129,0.016,0.016,0.015,0.015,2420007
LPI,20200129,0.26,0.26,0.255,0.26,53430
LSF,20200129,1.54,1.54,1.495,1.51,681937
LSR,20200129,0.01,0.01,0.01,0.01,50000
LSX,20200129,0.445,0.445,0.445,0.445,1772
LTR,20200129,0.086,0.09,0.084,0.085,3458147
LVE,20200129,0.055,0.055,0.055,0.055,33096
LVH,20200129,0.215,0.215,0.21,0.215,45047
LVT,20200129,0.255,0.255,0.245,0.25,2124214
LYC,20200129,2.27,2.27,2.21,2.21,3806595
LYL,20200129,6.15,6.15,6.01,6.15,3610
M7T,20200129,0.775,0.8,0.765,0.765,682953
M8S,20200129,0.2,0.2,0.195,0.2,48559
MAD,20200129,1.08,1.08,1.08,1.08,30000
MAG,20200129,0.265,0.29,0.265,0.285,894489
MAH,20200129,0.27,0.28,0.27,0.28,627426
MAI,20200129,0.645,0.675,0.64,0.66,126642
MAN,20200129,0.015,0.016,0.014,0.016,645470
MAQ,20200129,26,26,26,26,1906
MAT,20200129,0.14,0.14,0.14,0.14,103465
MAU,20200129,0.595,0.6,0.58,0.6,36335
MAY,20200129,0.01,0.01,0.009,0.01,206000
MBK,20200129,0.007,0.007,0.007,0.007,65922
MCA,20200129,0.155,0.155,0.15,0.15,72275
MCP,20200129,2.66,2.74,2.66,2.72,65228
MCR,20200129,0.675,0.685,0.665,0.67,469359
MCX,20200129,0.066,0.066,0.066,0.066,1400
MCY,20200129,5.03,5.04,5.03,5.04,10472
MDC,20200129,0.32,0.345,0.32,0.345,204699
MDI,20200129,0.005,0.005,0.005,0.005,3708738
MDR,20200129,0.58,0.58,0.55,0.58,214216
MEA,20200129,0.32,0.32,0.315,0.32,408167
MEB,20200129,0.009,0.009,0.009,0.009,914727
MEI,20200129,0.026,0.027,0.025,0.025,3446848
MEL,20200129,0.046,0.046,0.045,0.046,392012
MEM,20200129,0.051,0.052,0.05,0.051,2062487
MEP,20200129,0.043,0.043,0.043,0.043,132248
MEU,20200129,0.031,0.031,0.03,0.031,1044635
MEY,20200129,0.069,0.07,0.069,0.07,56033
MEZ,20200129,5.15,5.15,4.93,4.93,60715
MFD,20200129,1.03,1.03,1.01,1.01,101881
MFF,20200129,3.66,3.82,3.66,3.8,339692
MFG,20200129,64.38,65.79,64.16,65.51,381996
MGC,20200129,0.435,0.435,0.435,0.435,9300
MGE,20200129,4.24,4.25,4.22,4.24,424565
MGG,20200129,2.07,2.11,2.07,2.08,627185
MGR,20200129,3.41,3.425,3.38,3.41,8130695
MGX,20200129,0.9,0.92,0.9,0.92,1074293
MHC,20200129,0.006,0.006,0.006,0.006,7604674
MHG,20200129,3.69,3.69,3.68,3.69,16141
MHH,20200129,1.655,1.675,1.655,1.665,399045
MHJ,20200129,0.645,0.665,0.62,0.65,28349
MIL,20200129,0.445,0.465,0.445,0.465,31102
MIN,20200129,16.81,17.06,16.63,16.9,854506
MIO,20200129,0.24,0.245,0.24,0.245,40561
MIR,20200129,2.63,2.68,2.61,2.62,57410
MLD,20200129,0.96,0.97,0.95,0.96,290730
MLL,20200129,0.099,0.105,0.096,0.105,226407
MLM,20200129,0.014,0.014,0.014,0.014,75000
MLS,20200129,0.001,0.001,0.001,0.001,1303743
MLT,20200129,5,5.07,4.99,5.06,177958
MLX,20200129,0.082,0.086,0.079,0.081,913040
MME,20200129,1.53,1.54,1.515,1.54,125639
MMI,20200129,0.16,0.16,0.16,0.16,232272
MMJ,20200129,0.135,0.14,0.135,0.137,72139
MML,20200129,0.76,0.765,0.76,0.76,682628
MMM,20200129,0.265,0.265,0.25,0.25,31827
MMS,20200129,13.01,13.09,12.79,12.8,121314
MND,20200129,17,17.53,17,17.33,219057
MNF,20200129,4.91,4.94,4.82,4.88,40091
MNS,20200129,0.11,0.11,0.105,0.11,338128
MNY,20200129,2.41,2.46,2.39,2.46,66981
MOB,20200129,0.105,0.105,0.105,0.105,16651
MOC,20200129,1.31,1.335,1.3,1.335,91493
MOE,20200129,5.38,5.47,5.36,5.43,25951
MOH,20200129,0.043,0.043,0.043,0.043,50000
MOT,20200129,2.07,2.08,2.06,2.07,134088
MOZ,20200129,1.635,1.65,1.595,1.64,137213
MP1,20200129,11.3,11.69,11.12,11.24,385016
MPL,20200129,3.18,3.18,3.14,3.16,11533926
MPP,20200129,0.25,0.25,0.25,0.25,7350
MPW,20200129,0.087,0.089,0.087,0.088,1125060
MQG,20200129,143.55,144.62,143.17,144.6,751773
MRC,20200129,0.285,0.285,0.285,0.285,21332
MRD,20200129,0.002,0.003,0.002,0.003,1647960
MRM,20200129,0.175,0.18,0.17,0.18,208637
MRQ,20200129,0.012,0.014,0.012,0.013,11043450
MRV,20200129,0.003,0.003,0.003,0.003,205238
MRZ,20200129,0.25,0.25,0.25,0.25,43617
MSB,20200129,2.97,3.06,2.89,3,2820652
MSE,20200129,0.011,0.013,0.011,0.013,1908371
MSG,20200129,0.022,0.023,0.022,0.023,142555
MSR,20200129,0.002,0.002,0.002,0.002,500000
MSV,20200129,0.061,0.063,0.061,0.062,5331375
MTC,20200129,0.033,0.033,0.033,0.033,113750
MTH,20200129,0.011,0.011,0.011,0.011,1997736
MTO,20200129,2.01,2.02,1.995,2,29056
MTS,20200129,2.62,2.68,2.62,2.64,2135197
MVA,20200129,26.24,26.25,26.17,26.25,12003
MVB,20200129,27.06,27.16,27.03,27.16,3232
MVE,20200129,30.2,30.33,30.18,30.33,1785
MVF,20200129,1.015,1.015,1,1.015,96556
MVP,20200129,10.33,10.89,10.3,10.85,258032
MVR,20200129,30.5,30.65,30.48,30.56,3101
MVS,20200129,20.87,20.88,20.87,20.88,1865
MVW,20200129,32.08,32.1,32.01,32.1,42431
MWR,20200129,0.28,0.29,0.25,0.26,2873351
MWY,20200129,1.85,1.875,1.835,1.865,59245
MX1,20200129,0.16,0.165,0.16,0.165,194000
MXC,20200129,0.035,0.036,0.035,0.036,728890
MXI,20200129,0.21,0.21,0.21,0.21,76977
MXT,20200129,2.03,2.04,2.03,2.04,959498
MYE,20200129,0.985,0.985,0.985,0.985,4540
MYQ,20200129,0.2,0.205,0.195,0.205,91208
MYR,20200129,0.43,0.445,0.43,0.44,611470
MYS,20200129,5.34,5.36,5.29,5.32,117131
MYX,20200129,0.465,0.475,0.46,0.47,2337675
MZZ,20200129,0.25,0.25,0.24,0.24,115900
N1H,20200129,0.083,0.083,0.083,0.083,1811
NAB,20200129,25.79,25.9,25.71,25.8,4245175
NAC,20200129,0.985,1,0.985,1,113674
NAN,20200129,6.88,6.96,6.84,6.86,494822
NBI,20200129,2.06,2.07,2.06,2.07,558852
NC6,20200129,0.069,0.069,0.069,0.069,12400
NCC,20200129,1.06,1.06,1.055,1.055,38227
NCK,20200129,7.08,7.18,7.04,7.08,33075
NCL,20200129,0.018,0.02,0.018,0.02,936573
NCM,20200129,31.5,31.61,31.11,31.36,1809427
NCZ,20200129,0.24,0.25,0.235,0.24,1142417
NDQ,20200129,22.87,22.9,22.76,22.87,56385
NEA,20200129,2.47,2.49,2.41,2.43,3064789
NEC,20200129,1.95,1.96,1.93,1.945,3459956
NES,20200129,0.05,0.05,0.049,0.049,94384
NET,20200129,0.097,0.098,0.092,0.094,1697702
NEU,20200129,2.83,2.94,2.83,2.88,41698
NEW,20200129,1.22,1.225,1.2,1.225,244504
NGE,20200129,0.675,0.68,0.675,0.675,60953
NGI,20200129,3.1,3.12,3.07,3.11,55602
NHC,20200129,1.9,1.927,1.877,1.88,1076297
NHF,20200129,5.38,5.45,5.37,5.41,1423186
NIC,20200129,0.64,0.64,0.62,0.625,2736611
NML,20200129,0.125,0.125,0.12,0.12,407391
NMT,20200129,0.185,0.19,0.185,0.19,128404
NNW,20200129,0.072,0.072,0.071,0.071,30000
NOV,20200129,0.2,0.205,0.2,0.205,30500
NOX,20200129,0.25,0.25,0.247,0.25,208144
NSB,20200129,0.165,0.165,0.165,0.165,2000
NSC,20200129,0.715,0.735,0.715,0.735,35311
NSR,20200129,2.15,2.17,2.13,2.16,15691807
NST,20200129,12.68,12.75,12.48,12.49,5410262
NSX,20200129,0.12,0.12,0.12,0.12,23976
NTD,20200129,0.415,0.42,0.41,0.42,64009
NTM,20200129,0.076,0.076,0.076,0.076,214579
NTO,20200129,1.46,1.54,1.46,1.52,98666
NTU,20200129,0.053,0.053,0.051,0.051,963131
NUC,20200129,3.45,3.47,3.42,3.47,18456
NUF,20200129,5.56,5.7,5.53,5.6,1024569
NUH,20200129,0.031,0.032,0.03,0.031,1371918
NUS,20200129,0.31,0.315,0.31,0.315,59000
NVA,20200129,0.041,0.041,0.04,0.04,957309
NVL,20200129,3.655,3.66,3.65,3.65,117598
NVO,20200129,0.019,0.02,0.019,0.019,1311356
NVX,20200129,0.45,0.45,0.445,0.445,18420
NWC,20200129,0.014,0.014,0.014,0.014,144000
NWE,20200129,0.005,0.005,0.005,0.005,63296503
NWF,20200129,0.145,0.15,0.145,0.15,70005
NWH,20200129,3.12,3.17,3.1,3.12,1991802
NWL,20200129,8,8.17,7.85,8.13,270800
NWM,20200129,0.165,0.165,0.165,0.165,870
NWS,20200129,21.04,21.075,20.68,20.71,204268
NXE,20200129,0.007,0.008,0.007,0.008,329006
NXS,20200129,2.24,2.33,2.1,2.33,172998
NXT,20200129,7.54,7.68,7.48,7.48,2330030
NYR,20200129,0.255,0.255,0.225,0.24,753734
NZC,20200129,0.357,0.36,0.357,0.36,2540634
NZK,20200129,2.05,2.12,2.05,2.12,2580
NZM,20200129,0.37,0.37,0.37,0.37,331
NZS,20200129,0.013,0.014,0.012,0.012,152029
OAR,20200129,0.004,0.004,0.004,0.004,139
OAU,20200129,0.021,0.021,0.021,0.021,30743
OBM,20200129,0.18,0.18,0.175,0.177,321676
OCC,20200129,0.465,0.465,0.455,0.46,255419
OCL,20200129,6.32,6.4,6.32,6.34,20391
ODA,20200129,0.2,0.2,0.2,0.2,1014
ODM,20200129,0.085,0.085,0.075,0.075,78278
OEC,20200129,0.35,0.375,0.34,0.375,163290
OEL,20200129,0.032,0.033,0.032,0.032,2671206
OEX,20200129,0.003,0.003,0.003,0.003,6650
OFX,20200129,1.435,1.44,1.407,1.435,204529
OGA,20200129,0.13,0.135,0.13,0.13,170455
OGC,20200129,2.7,2.72,2.66,2.67,178729
OKR,20200129,0.081,0.081,0.08,0.08,92088
OKU,20200129,0.185,0.26,0.185,0.245,6127327
OLI,20200129,0.09,0.092,0.089,0.09,318237
OLL,20200129,0.235,0.245,0.23,0.23,318302
OLV,20200129,0.009,0.009,0.009,0.009,90000
OMH,20200129,0.45,0.465,0.42,0.43,409696
OML,20200129,3.51,3.53,3.32,3.36,1533746
ONE,20200129,0.115,0.125,0.115,0.125,651843
ONT,20200129,6.23,6.29,6.23,6.29,2485
ONX,20200129,0.09,0.09,0.09,0.09,145115
OOO,20200129,13.89,14.02,13.88,14.01,57450
OPC,20200129,3.75,3.86,3.75,3.86,5029
OPH,20200129,2.68,2.7,2.68,2.7,28503
OPL,20200129,0.155,0.155,0.155,0.155,20894
OPT,20200129,3.61,3.65,3.47,3.5,218583
OPY,20200129,1.18,1.235,1.17,1.215,164652
ORA,20200129,3.15,3.17,3.12,3.15,3686934
ORE,20200129,3.33,3.35,3.25,3.29,1371785
ORG,20200129,8.42,8.44,8.28,8.3,6731434
ORI,20200129,22.97,23.3,22.87,23.21,770945
ORR,20200129,0.42,0.42,0.42,0.42,12578
OSH,20200129,7.15,7.195,6.96,7.13,8130139
OSL,20200129,0.17,0.18,0.17,0.175,561435
OSP,20200129,0.028,0.028,0.027,0.028,116400
OSX,20200129,0.58,0.615,0.55,0.615,220360
OTW,20200129,4.41,4.41,4.39,4.39,3800
OVH,20200129,0.365,0.365,0.36,0.36,32963
OVL,20200129,0.009,0.009,0.009,0.009,124750
OVN,20200129,0.4,0.4,0.38,0.39,73322
OVT,20200129,0.044,0.045,0.044,0.044,177227
OZF,20200129,19.98,20.07,19.97,20.07,6661
OZG,20200129,0.175,0.175,0.175,0.175,6793
OZL,20200129,10,10.14,9.8,10.06,3784761
OZR,20200129,12.19,12.23,12.19,12.23,13978
PAA,20200129,0.096,0.096,0.095,0.095,84917
PAB,20200129,0.02,0.02,0.019,0.019,190000
PAC,20200129,6.08,6.17,5.92,6.08,61956
PAF,20200129,0.925,0.925,0.92,0.92,55160
PAI,20200129,1.05,1.075,1.045,1.05,322938
PAL,20200129,0.97,1.08,0.97,1.035,55571
PAN,20200129,0.28,0.28,0.275,0.28,541340
PAR,20200129,4.16,4.4,4.16,4.21,934131
PBH,20200129,5.97,6,5.81,5.92,206975
PBP,20200129,2.18,2.2,2.15,2.2,172010
PCG,20200129,1.605,1.605,1.605,1.605,2062
PCI,20200129,1.135,1.145,1.135,1.145,121646
PCK,20200129,0.16,0.16,0.152,0.155,1681570
PCL,20200129,0.001,0.002,0.001,0.002,1370000
PDI,20200129,0.008,0.008,0.008,0.008,344703
PDL,20200129,8.85,8.97,8.81,8.88,711552
PDN,20200129,0.087,0.087,0.082,0.082,2571913
PE1,20200129,1.515,1.525,1.505,1.51,72863
PEK,20200129,0.035,0.036,0.035,0.036,1765336
PEN,20200129,0.16,0.16,0.15,0.15,263262
PET,20200129,0.78,0.79,0.75,0.765,608834
PEX,20200129,0.23,0.23,0.225,0.225,116795
PFP,20200129,3.5,3.5,3.44,3.48,89716
PG1,20200129,0.1,0.1,0.099,0.099,87738
PGC,20200129,0.415,0.43,0.405,0.425,411657
PGF,20200129,1.23,1.255,1.215,1.255,374086
PGG,20200129,2.06,2.07,2.06,2.06,365983
PGH,20200129,2.8,2.855,2.77,2.83,543254
PGI,20200129,0.039,0.039,0.039,0.039,128000
PGL,20200129,2.09,2.09,2.04,2.05,38214
PGM,20200129,0.02,0.02,0.02,0.02,618693
PGX,20200129,0.385,0.39,0.385,0.385,64105
PGY,20200129,0.025,0.025,0.025,0.025,202
PIA,20200129,1.165,1.165,1.155,1.157,225379
PIC,20200129,1.065,1.08,1.065,1.075,161687
PIO,20200129,0.013,0.013,0.013,0.013,194900
PIQ,20200129,0.3,0.3,0.29,0.29,122834
PKS,20200129,0.15,0.155,0.15,0.155,170247
PL8,20200129,1.19,1.19,1.18,1.19,160774
PLL,20200129,0.125,0.125,0.12,0.12,987768
PLS,20200129,0.335,0.34,0.325,0.335,9056065
PLX,20200129,0.715,0.715,0.715,0.715,1262
PM1,20200129,0.019,0.019,0.018,0.019,444636
PMC,20200129,1.63,1.645,1.625,1.645,159595
PME,20200129,25.8,26.1,24.99,25.06,188215
PMV,20200129,19.66,19.96,19.485,19.56,137672
PMY,20200129,0.007,0.007,0.007,0.007,3012528
PNC,20200129,1.77,1.78,1.765,1.765,184370
PNI,20200129,4.65,4.68,4.58,4.64,320880
PNR,20200129,0.105,0.105,0.099,0.099,5852237
PNV,20200129,2.93,2.96,2.9,2.93,3498138
PNX,20200129,0.006,0.006,0.006,0.006,52950
PO3,20200129,3.62,3.9,3.62,3.7,3380
POD,20200129,0.04,0.04,0.038,0.04,251766
POS,20200129,0.036,0.037,0.034,0.036,3013116
POU,20200129,18.83,18.83,18.81,18.83,4060
POW,20200129,0.005,0.005,0.005,0.005,1200000
PPC,20200129,1.305,1.32,1.305,1.31,74862
PPE,20200129,3.56,3.65,3.52,3.59,46340
PPG,20200129,0.105,0.105,0.105,0.105,46630
PPH,20200129,4.34,4.38,4.31,4.34,31079
PPK,20200129,6.18,6.18,5.47,5.5,216072
PPL,20200129,0.012,0.012,0.01,0.01,406598
PPS,20200129,0.51,0.53,0.51,0.515,665356
PPT,20200129,42.3,42.62,42,42.28,137149
PRN,20200129,1.535,1.555,1.515,1.53,1644308
PRO,20200129,0.685,0.705,0.685,0.705,73957
PRT,20200129,0.165,0.165,0.162,0.165,11003
PRU,20200129,1.165,1.175,1.135,1.155,5246736
PRX,20200129,0.069,0.07,0.067,0.067,165479
PSC,20200129,0.225,0.225,0.205,0.205,175944
PSI,20200129,3.17,3.18,3.1,3.1,16206
PSQ,20200129,1.78,1.78,1.78,1.78,450
PSZ,20200129,0.028,0.03,0.028,0.03,1497401
PTL,20200129,0.315,0.33,0.315,0.33,2018
PTM,20200129,4.87,4.95,4.79,4.8,1293433
PTR,20200129,0.05,0.05,0.048,0.048,257253
PTX,20200129,0.056,0.056,0.055,0.056,634203
PVE,20200129,0.059,0.06,0.059,0.06,53516
PVS,20200129,1.6,1.6,1.6,1.6,315
PWG,20200129,1.245,1.245,1.225,1.245,19631
PWH,20200129,4.56,4.73,4.56,4.65,64948
PWL,20200129,0.18,0.18,0.175,0.18,33454
PWN,20200129,0.008,0.008,0.007,0.007,3803756
PXS,20200129,0.125,0.127,0.125,0.125,121594
PXX,20200129,0.037,0.037,0.037,0.037,125000
PYC,20200129,0.064,0.064,0.059,0.059,918173
QAN,20200129,6.44,6.54,6.39,6.51,17947768
QAU,20200129,15.8,15.8,15.68,15.73,41110
QBE,20200129,13.78,13.82,13.69,13.7,3560849
QEM,20200129,0.096,0.099,0.096,0.099,175557
QFE,20200129,0.355,0.355,0.35,0.35,306547
QFN,20200129,11.14,11.18,11.13,11.17,6508
QFY,20200129,0.004,0.004,0.003,0.003,136543
QGL,20200129,0.052,0.052,0.052,0.052,43337
QHL,20200129,0.13,0.135,0.127,0.13,1329334
QIP,20200129,1.32,1.355,1.315,1.35,150500
QMS,20200129,1.22,1.22,1.22,1.22,435552
QOZ,20200129,14.16,14.17,14.11,14.17,30577
QRE,20200129,6.69,6.69,6.66,6.68,21386
QRI,20200129,1.625,1.63,1.62,1.62,143664
QTM,20200129,0.04,0.04,0.04,0.04,101688
QUB,20200129,3.55,3.57,3.43,3.49,4405155
QUS,20200129,39.9,40.03,39.9,40.03,5656
QVE,20200129,1.03,1.045,1.03,1.03,367593
RAC,20200129,0.265,0.265,0.25,0.25,192098
RAN,20200129,0.015,0.015,0.015,0.015,629740
RAP,20200129,0.25,0.26,0.24,0.24,1950861
RBL,20200129,1.025,1.04,1.015,1.02,453291
RBR,20200129,0.01,0.01,0.01,0.01,500000
RCB,20200129,20.85,20.88,20.78,20.79,36808
RCE,20200129,0.34,0.36,0.335,0.36,152191
RCL,20200129,0.35,0.35,0.35,0.35,2857
RCT,20200129,2.53,2.53,2.5,2.53,53111
RDC,20200129,1.115,1.13,1.115,1.13,140257
RDF,20200129,0.55,0.56,0.525,0.525,47845
RDG,20200129,0.017,0.017,0.017,0.017,32400
RDH,20200129,1.8,1.8,1.8,1.8,8000
RDM,20200129,0.092,0.094,0.092,0.092,57750
RDN,20200129,0.007,0.007,0.007,0.007,596428
RDS,20200129,0.008,0.008,0.008,0.008,140000
RDV,20200129,30.52,30.61,30.52,30.61,4258
RDY,20200129,2.17,2.17,2.1,2.13,26771
REA,20200129,112,113.41,111.92,113.11,115340
RED,20200129,0.325,0.33,0.325,0.33,1516410
REG,20200129,2.5,2.5,2.46,2.47,268532
REH,20200129,11.19,11.44,11.19,11.34,31497
RES,20200129,0.081,0.081,0.08,0.08,23314
REV,20200129,0.013,0.013,0.013,0.013,275000
REX,20200129,1.1,1.11,1.07,1.075,77635
REY,20200129,0.26,0.27,0.26,0.27,12000
REZ,20200129,0.016,0.016,0.016,0.016,48163
RF1,20200129,2.75,2.75,2.69,2.7,124983
RFF,20200129,1.9,1.91,1.865,1.88,303203
RFG,20200129,0.1,0.105,0.1,0.105,1563716
RFN,20200129,0.004,0.004,0.004,0.004,2552164
RFR,20200129,0.135,0.135,0.135,0.135,87037
RFT,20200129,0.043,0.043,0.041,0.043,553185
RFX,20200129,0.04,0.04,0.04,0.04,244669
RGB,20200129,23.24,23.24,23.23,23.23,896
RGI,20200129,0.12,0.12,0.12,0.12,15000
RGL,20200129,0.01,0.01,0.01,0.01,75000
RGS,20200129,0.071,0.071,0.071,0.071,5300
RHC,20200129,78.96,79.43,78.9,79.1,404150
RHP,20200129,2.25,2.32,2.22,2.25,122267
RHT,20200129,0.245,0.26,0.19,0.19,6015266
RIC,20200129,1.055,1.06,1.045,1.05,83956
RIM,20200129,0.003,0.003,0.003,0.003,161133
RIO,20200129,100.93,100.98,100.13,100.43,1233130
RKN,20200129,0.69,0.69,0.69,0.69,11360
RLC,20200129,0.003,0.003,0.003,0.003,1305212
RLE,20200129,0.029,0.029,0.029,0.029,68450
RLG,20200129,0.03,0.03,0.03,0.03,351558
RLT,20200129,1.06,1.1,1.05,1.085,275045
RMC,20200129,1.35,1.35,1.295,1.315,254922
RMD,20200129,24.23,24.61,24.22,24.47,1323128
RML,20200129,0.068,0.071,0.068,0.069,1573025
RMP,20200129,0.012,0.012,0.012,0.012,144009
RMS,20200129,1.25,1.25,1.21,1.22,3266855
RMX,20200129,0.005,0.005,0.005,0.005,140000
RMY,20200129,0.39,0.39,0.385,0.39,110328
RNE,20200129,0.027,0.03,0.027,0.03,22278
RNT,20200129,0.045,0.047,0.045,0.045,547005
RNU,20200129,0.012,0.012,0.012,0.012,611765
ROG,20200129,0.002,0.003,0.002,0.002,1507000
ROO,20200129,0.042,0.042,0.037,0.037,499117
RPM,20200129,0.17,0.17,0.16,0.16,74000
RRL,20200129,4.38,4.42,4.31,4.36,2087658
RSG,20200129,1.175,1.175,1.135,1.145,7615001
RSH,20200129,0.082,0.087,0.082,0.087,1141748
RSM,20200129,21.56,21.56,21.54,21.54,26
RTE,20200129,0.4,0.4,0.4,0.4,4171
RTG,20200129,0.079,0.079,0.079,0.079,66486
RTR,20200129,0.072,0.08,0.072,0.078,3068889
RUL,20200129,1.115,1.14,1.09,1.1,408521
RVR,20200129,0.115,0.12,0.115,0.12,1335547
RVS,20200129,0.895,0.975,0.825,0.825,85666
RWC,20200129,4.44,4.47,4.405,4.44,1617989
RWD,20200129,0.14,0.145,0.14,0.145,17300
RXL,20200129,0.026,0.026,0.025,0.026,2685083
RXM,20200129,0.063,0.068,0.063,0.065,126585
RXP,20200129,0.5,0.5,0.45,0.47,1591820
RYD,20200129,1.445,1.445,1.42,1.42,10000
RZI,20200129,0.92,0.93,0.91,0.91,52823
S2R,20200129,0.13,0.13,0.125,0.125,50012
S32,20200129,2.69,2.72,2.67,2.7,12783462
SAR,20200129,3.88,3.97,3.86,3.96,9311587
SAU,20200129,0.17,0.17,0.16,0.16,111074
SBM,20200129,2.8,2.8,2.73,2.74,6300529
SCG,20200129,3.89,3.91,3.86,3.9,10455038
SCI,20200129,0.009,0.009,0.009,0.009,1007362
SCL,20200129,0.027,0.027,0.026,0.026,1655254
SCP,20200129,2.89,2.92,2.88,2.91,1614014
SCU,20200129,0.016,0.022,0.016,0.018,9609093
SDA,20200129,0.81,0.815,0.78,0.785,1373874
SDF,20200129,3.78,3.85,3.775,3.82,1360935
SDG,20200129,1.77,1.785,1.75,1.75,59782
SDI,20200129,0.86,0.86,0.86,0.86,5387
SDV,20200129,0.785,0.815,0.75,0.8,1100347
SDX,20200129,0.039,0.039,0.039,0.039,43000
SEC,20200129,1.81,1.825,1.8,1.81,53713
SEI,20200129,0.05,0.05,0.05,0.05,110000
SEK,20200129,23.75,23.99,23.62,23.94,1270660
SEN,20200129,0.067,0.068,0.067,0.068,175000
SEQ,20200129,0.215,0.215,0.215,0.215,39
SER,20200129,0.005,0.005,0.005,0.005,200000
SES,20200129,0.093,0.093,0.09,0.09,140000
SF1,20200129,0.026,0.026,0.026,0.026,48735
SFG,20200129,0.07,0.071,0.07,0.071,166899
SFR,20200129,5.65,5.77,5.595,5.67,1115534
SFX,20200129,0.295,0.295,0.29,0.29,133144
SFY,20200129,64.56,64.75,64.48,64.75,10898
SGC,20200129,0.037,0.037,0.037,0.037,10000
SGF,20200129,2.28,2.29,2.24,2.25,110310
SGH,20200129,1.015,1.05,1,1,38236
SGI,20200129,0.09,0.09,0.09,0.09,5500
SGM,20200129,10.98,11.16,10.93,10.96,348540
SGO,20200129,0.019,0.02,0.019,0.02,48506
SGP,20200129,5,5.01,4.93,4.95,4922075
SGQ,20200129,0.125,0.125,0.115,0.12,938267
SGR,20200129,4.1,4.11,4.03,4.09,7988938
SHE,20200129,0.007,0.007,0.007,0.007,413900
SHJ,20200129,0.93,0.935,0.93,0.935,2048
SHL,20200129,31.38,31.72,31.38,31.6,1188769
SHM,20200129,0.7,0.7,0.7,0.7,57077
SHV,20200129,8.37,8.51,8.285,8.29,106842
SI6,20200129,0.003,0.003,0.003,0.003,300000
SIG,20200129,0.585,0.595,0.58,0.595,1089041
SIH,20200129,0.016,0.016,0.016,0.016,65161
SIL,20200129,0.048,0.048,0.048,0.048,652033
SIO,20200129,0.4,0.4,0.4,0.4,30000
SIQ,20200129,6.75,6.79,6.65,6.77,588865
SIS,20200129,0.019,0.02,0.019,0.02,745750
SIV,20200129,0.645,0.645,0.64,0.64,4662
SKC,20200129,3.79,3.79,3.62,3.62,483069
SKF,20200129,0.165,0.165,0.165,0.165,207000
SKI,20200129,2.15,2.17,2.13,2.14,4221381
SKO,20200129,5.14,5.33,5.08,5.33,14183
SKT,20200129,0.69,0.695,0.675,0.675,229792
SKY,20200129,0.115,0.115,0.11,0.11,133478
SLC,20200129,0.885,0.905,0.885,0.905,368614
SLF,20200129,14.75,14.86,14.61,14.86,42136
SLK,20200129,4.18,4.43,4.18,4.33,450212
SLM,20200129,0.82,0.825,0.82,0.82,21879
SLR,20200129,1.555,1.61,1.555,1.59,6213746
SLX,20200129,0.36,0.36,0.34,0.36,100822
SM1,20200129,8.51,8.59,8.5,8.59,30788
SM8,20200129,0.06,0.062,0.06,0.062,530005
SMI,20200129,0.005,0.005,0.005,0.005,622784
SMN,20200129,0.905,0.95,0.905,0.95,26046
SMP,20200129,0.59,0.645,0.585,0.64,7098285
SMR,20200129,0.995,1,0.93,0.975,201113
SMX,20200129,0.395,0.395,0.355,0.355,37880
SNC,20200129,0.83,0.83,0.825,0.825,112112
SND,20200129,0.465,0.57,0.465,0.555,155345
SNL,20200129,4.34,4.34,4.34,4.34,800
SNS,20200129,0.1,0.105,0.1,0.105,34301
SNZ,20200129,8.76,8.76,8.66,8.68,1526
SO4,20200129,0.655,0.695,0.655,0.69,9893
SOL,20200129,21.79,21.97,21.585,21.61,351656
SOM,20200129,3,3.05,2.98,3.05,255930
SOP,20200129,0.044,0.044,0.044,0.044,11000
SOR,20200129,0.083,0.083,0.081,0.081,219258
SP3,20200129,0.105,0.105,0.105,0.105,89818
SPK,20200129,4.41,4.435,4.38,4.38,656316
SPL,20200129,1.18,1.205,1.16,1.195,162407
SPT,20200129,0.66,0.67,0.65,0.66,920785
SPX,20200129,0.09,0.09,0.089,0.09,1255165
SPY,20200129,483,485.51,483,484.47,32
SPZ,20200129,0.235,0.235,0.235,0.235,119886
SRG,20200129,0.37,0.4,0.37,0.38,607493
SRH,20200129,0.17,0.18,0.17,0.18,5307
SRI,20200129,0.071,0.071,0.071,0.071,3334
SRV,20200129,4.25,4.35,4.22,4.35,18094
SSG,20200129,0.67,0.67,0.65,0.66,19124
SSM,20200129,2.75,2.75,2.66,2.66,640701
SSO,20200129,16.01,16.01,16.01,16.01,13
ST1,20200129,0.19,0.19,0.185,0.185,53901
STA,20200129,0.11,0.11,0.11,0.11,80000
STG,20200129,1.37,1.37,1.31,1.36,8735
STM,20200129,0.014,0.014,0.014,0.014,839684
STN,20200129,0.42,0.45,0.42,0.45,238565
STO,20200129,8.66,8.765,8.645,8.66,4380351
STW,20200129,65.05,65.11,64.85,65.01,199427
STX,20200129,0.195,0.195,0.18,0.185,1717268
SUD,20200129,0.056,0.056,0.056,0.056,170000
SUL,20200129,9.4,9.58,9.33,9.54,953809
SUN,20200129,12.91,12.96,12.9,12.92,2261046
SVA,20200129,0.026,0.026,0.022,0.024,1349482
SVD,20200129,0.007,0.007,0.007,0.007,1940900
SVL,20200129,0.105,0.11,0.105,0.11,2356385
SVM,20200129,0.115,0.115,0.1,0.11,731599
SVW,20200129,20.65,20.79,20.48,20.49,517185
SVY,20200129,0.88,0.9,0.875,0.895,112966
SW1,20200129,0.083,0.083,0.08,0.08,147754
SWF,20200129,0.15,0.15,0.145,0.15,137541
SWK,20200129,0.165,0.17,0.165,0.17,1896
SWM,20200129,0.285,0.287,0.27,0.275,3469899
SXE,20200129,0.62,0.625,0.62,0.625,113750
SXL,20200129,0.89,0.895,0.882,0.885,1179968
SXY,20200129,0.325,0.325,0.31,0.31,4598306
SYA,20200129,0.018,0.018,0.017,0.017,1515901
SYD,20200129,8.31,8.41,8.27,8.4,18651496
SYI,20200129,30.01,30.23,30.01,30.23,2805
SYR,20200129,0.54,0.542,0.51,0.51,3778728
SYT,20200129,0.001,0.001,0.001,0.001,1050000
SZL,20200129,2,2.01,1.94,1.97,244866
T3D,20200129,0.001,0.001,0.001,0.001,2500000
TAH,20200129,4.67,4.68,4.645,4.66,4573270
TAM,20200129,0.039,0.039,0.039,0.039,1032000
TAO,20200129,0.115,0.12,0.115,0.115,14245
TAP,20200129,0.115,0.115,0.115,0.115,3200
TAR,20200129,0.013,0.013,0.013,0.013,69400
TAS,20200129,0.044,0.044,0.043,0.043,248847
TBR,20200129,5.73,5.91,5.6,5.89,12014
TCL,20200129,16,16.09,15.87,15.96,9167367
TCN,20200129,0.035,0.035,0.035,0.035,100000
TD1,20200129,0.049,0.05,0.048,0.049,11250645
TDI,20200129,1.725,1.74,1.72,1.725,179662
TEG,20200129,0.052,0.052,0.052,0.052,17375
TEK,20200129,0.285,0.29,0.28,0.28,70789
TER,20200129,0.305,0.305,0.305,0.305,17320
TFL,20200129,0.13,0.13,0.13,0.13,4280
TGA,20200129,0.22,0.225,0.22,0.22,127000
TGF,20200129,1.945,1.945,1.9,1.9,84222
TGG,20200129,1.34,1.35,1.34,1.35,50452
TGH,20200129,0.175,0.18,0.175,0.18,100000
TGM,20200129,0.205,0.205,0.205,0.205,50000
TGN,20200129,0.17,0.17,0.17,0.17,10000
TGP,20200129,1.095,1.1,1.09,1.09,13183
TGR,20200129,4.34,4.4,4.32,4.36,500277
THC,20200129,0.395,0.4,0.385,0.39,305622
TIA,20200129,0.34,0.34,0.33,0.33,36490
TIE,20200129,0.27,0.27,0.27,0.27,247035
TIG,20200129,0.009,0.009,0.009,0.009,505000
TIN,20200129,0.086,0.086,0.082,0.083,50262
TIP,20200129,0.75,0.75,0.75,0.75,7705
TKM,20200129,0.02,0.02,0.02,0.02,761397
TLG,20200129,0.435,0.46,0.435,0.455,249188
TLM,20200129,0.086,0.086,0.086,0.086,172110
TLS,20200129,3.89,3.91,3.85,3.85,16159382
TLT,20200129,3.25,3.25,3.25,3.25,3000
TLX,20200129,1.5,1.5,1.455,1.495,334058
TMG,20200129,0.065,0.073,0.065,0.072,43808
TMK,20200129,0.008,0.009,0.008,0.009,1009750
TMR,20200129,0.225,0.225,0.17,0.19,1495604
TMZ,20200129,0.03,0.03,0.03,0.03,50000
TNE,20200129,8.69,8.7,8.5,8.53,730102
TNG,20200129,0.09,0.09,0.085,0.085,294089
TNK,20200129,1.34,1.35,1.34,1.35,28534
TNR,20200129,0.01,0.01,0.01,0.01,527379
TNT,20200129,0.08,0.083,0.078,0.08,3195352
TON,20200129,0.037,0.037,0.037,0.037,77365
TOP,20200129,0.665,0.67,0.665,0.67,38475
TOT,20200129,1.06,1.07,1.06,1.07,173326
TOU,20200129,0.08,0.08,0.079,0.079,180139
TPM,20200129,7.1,7.245,7.1,7.24,696706
TPW,20200129,3.12,3.13,3,3,57070
TRS,20200129,4.47,4.53,4.26,4.53,162143
TRT,20200129,0.024,0.024,0.024,0.024,109618
TRY,20200129,0.097,0.098,0.096,0.097,463219
TSC,20200129,0.008,0.008,0.007,0.008,4482307
TSL,20200129,0.022,0.022,0.022,0.022,450000
TTB,20200129,0.78,0.79,0.74,0.74,57843
TTI,20200129,0.015,0.015,0.015,0.015,3737
TTM,20200129,0.155,0.155,0.12,0.12,845923
TTT,20200129,0.805,0.815,0.75,0.785,258806
TWD,20200129,3.3,3.31,3.27,3.27,64340
TWE,20200129,13.72,13.8,12.35,12.35,39124049
TWR,20200129,0.67,0.67,0.63,0.63,1521
TYR,20200129,3.65,3.76,3.62,3.68,986401
TZL,20200129,0.105,0.11,0.105,0.105,257825
UBA,20200129,23.24,23.32,23.24,23.32,4239
UBE,20200129,24.49,24.49,24.49,24.49,40
UBJ,20200129,26.84,26.84,26.84,26.84,65
UBN,20200129,0.067,0.067,0.06,0.062,1089863
UBP,20200129,28.95,29.69,28.95,29.69,1118
UBU,20200129,35.22,35.22,35.22,35.22,12
UBW,20200129,31.48,31.48,31.48,31.48,213
UNL,20200129,0.038,0.04,0.038,0.04,310088
UNV,20200129,0.24,0.245,0.24,0.245,57199
UOS,20200129,0.85,0.85,0.85,0.85,33000
URF,20200129,0.535,0.58,0.53,0.56,371576
URW,20200129,10.35,10.43,10.34,10.37,770342
USD,20200129,14.37,14.39,14.35,14.35,100077
UUV,20200129,0.003,0.003,0.002,0.002,702500
UWL,20200129,1.5,1.535,1.5,1.515,378952
VAE,20200129,69.55,70.53,69.55,70.53,4743
VAF,20200129,52.52,52.57,52.45,52.46,51274
VAH,20200129,0.15,0.15,0.145,0.145,82925
VAL,20200129,0.004,0.004,0.004,0.004,819830
VAN,20200129,0.155,0.155,0.145,0.145,87050
VAP,20200129,94.37,94.37,93.71,94.35,49044
VAR,20200129,0.033,0.035,0.032,0.035,315511
VAS,20200129,89.05,89.16,88.78,89,92514
VCF,20200129,51.02,51.02,50.77,50.89,10663
VCX,20200129,2.53,2.535,2.5,2.52,6421919
VEA,20200129,1.78,1.787,1.752,1.77,2879632
VEN,20200129,0.16,0.16,0.155,0.155,316014
VEQ,20200129,61.33,61.33,60.95,61.15,1639
VEU,20200129,78.71,79,78.2,78.79,24095
VG1,20200129,2.2,2.21,2.19,2.19,340328
VG8,20200129,2.29,2.29,2.26,2.26,73581
VGB,20200129,53.59,53.6,53.45,53.47,25300
VGE,20200129,71.19,72.26,71.19,72.12,9100
VGI,20200129,12.4,12.76,12.06,12.2,26143
VGL,20200129,3.54,3.55,3.48,3.48,27995
VGS,20200129,84.82,84.98,84.52,84.8,50803
VHT,20200129,1.88,1.89,1.84,1.86,460638
VHY,20200129,62.26,62.35,62.12,62.24,40735
VIC,20200129,0.001,0.001,0.001,0.001,6925000
VIF,20200129,50.88,50.98,50.79,50.87,18281
VLC,20200129,71.61,71.91,71.61,71.91,1654
VLS,20200129,0.625,0.625,0.62,0.62,5000
VLT,20200129,0.365,0.38,0.33,0.33,866066
VMC,20200129,0.175,0.18,0.175,0.18,48008
VML,20200129,0.011,0.011,0.011,0.011,700000
VMS,20200129,0.017,0.017,0.017,0.017,1114738
VMT,20200129,0.275,0.295,0.26,0.26,612740
VMX,20200129,0.272,0.275,0.27,0.275,137500
VMY,20200129,0.04,0.04,0.04,0.04,531060
VN8,20200129,0.1,0.1,0.1,0.1,10000
VOC,20200129,3.3,3.33,3.225,3.27,1551549
VOL,20200129,1.705,1.705,1.7,1.7,25021
VPR,20200129,0.001,0.001,0.001,0.001,1750000
VR1,20200129,0.023,0.023,0.023,0.023,450000
VR8,20200129,0.026,0.026,0.025,0.025,122469
VRC,20200129,0.013,0.013,0.012,0.013,1094946
VRL,20200129,4.01,4.02,3.99,4,127876
VRS,20200129,0.065,0.065,0.065,0.065,83592
VRT,20200129,4.43,4.46,4.28,4.35,141166
VRX,20200129,0.091,0.095,0.09,0.095,338672
VSO,20200129,61.68,61.76,61.5,61.5,5639
VTG,20200129,1.175,1.18,1.13,1.14,306860
VTH,20200129,0.745,0.747,0.74,0.74,146020
VTI,20200129,0.04,0.041,0.039,0.04,1092461
VTS,20200129,246,246.77,245.43,246.52,13716
VUK,20200129,3.35,3.65,3.345,3.5,10283044
VUL,20200129,0.18,0.18,0.17,0.175,284611
VVA,20200129,2.77,2.85,2.76,2.85,26621
VVR,20200129,2.66,2.7,2.66,2.69,831084
VXR,20200129,0.105,0.105,0.105,0.105,129081
VYS,20200129,0.065,0.066,0.065,0.066,122163
WAA,20200129,1.08,1.085,1.075,1.075,23297
WAF,20200129,0.435,0.44,0.43,0.435,2154890
WAM,20200129,2.28,2.29,2.27,2.28,536121
WAT,20200129,2.16,2.16,2.15,2.15,1638
WAX,20200129,1.45,1.47,1.44,1.45,183380
WBA,20200129,1.987,1.99,1.987,1.99,90376
WBC,20200129,25.1,25.31,25.075,25.19,5197165
WBE,20200129,0.011,0.011,0.01,0.01,2994918
WBT,20200129,0.405,0.41,0.395,0.405,86307
WCN,20200129,0.005,0.005,0.005,0.005,630
WEB,20200129,12.65,12.945,12.5,12.9,1642916
WEC,20200129,0.075,0.075,0.075,0.075,39265
WEL,20200129,0.05,0.051,0.048,0.049,1633341
WES,20200129,44.7,45.05,44.61,44.88,1705518
WGB,20200129,2.18,2.2,2.18,2.18,333314
WGN,20200129,2.09,2.15,2.07,2.1,405682
WGO,20200129,0.23,0.235,0.22,0.22,535590
WGX,20200129,2.29,2.29,2.23,2.24,726233
WHC,20200129,2.42,2.46,2.39,2.45,6137139
WHF,20200129,5.34,5.36,5.33,5.35,5921
WHK,20200129,0.076,0.078,0.076,0.076,191293
WIC,20200129,1.135,1.135,1.12,1.12,93800
WJA,20200129,0.135,0.135,0.135,0.135,100000
WKT,20200129,0.185,0.19,0.18,0.19,178566
WLD,20200129,0.059,0.06,0.058,0.058,230418
WLE,20200129,1.26,1.262,1.255,1.26,804165
WMI,20200129,1.46,1.48,1.46,1.47,91342
WML,20200129,0.02,0.02,0.019,0.019,600000
WNB,20200129,0.011,0.012,0.011,0.012,3536161
WND,20200129,0.95,0.952,0.945,0.945,714206
WOA,20200129,0.125,0.125,0.115,0.115,60984
WOR,20200129,15.65,15.74,15.28,15.28,2079642
WOW,20200129,41.18,41.37,40.91,41.19,1881092
WPL,20200129,34.77,35.07,34.77,34.82,1830674
WPP,20200129,0.57,0.575,0.562,0.575,115488
WQG,20200129,1.205,1.22,1.205,1.22,96670
WRM,20200129,0.005,0.005,0.005,0.005,9793705
WSA,20200129,2.68,2.71,2.6,2.67,3182711
WSI,20200129,0.023,0.024,0.023,0.023,206003
WSP,20200129,1.54,1.58,1.54,1.55,52070
WTC,20200129,24.32,24.88,24.04,24.8,439856
WWI,20200129,0.011,0.012,0.011,0.012,2460184
WZR,20200129,0.265,0.285,0.26,0.28,11930365
XAM,20200129,0.036,0.036,0.035,0.035,613416
XCD,20200129,0.011,0.012,0.011,0.012,4248070
XF1,20200129,0.325,0.34,0.325,0.34,56106
XPE,20200129,0.001,0.001,0.001,0.001,1500000
XRF,20200129,0.245,0.245,0.24,0.245,96336
XRO,20200129,84.5,85.81,84,85.36,241161
XST,20200129,0.003,0.003,0.003,0.003,252146
XTE,20200129,0.67,0.67,0.65,0.65,8189
YAL,20200129,2.9,2.95,2.88,2.88,30261
YBR,20200129,0.088,0.088,0.088,0.088,43080
YOJ,20200129,0.051,0.051,0.05,0.051,419211
YOW,20200129,0.063,0.063,0.063,0.063,5000
YPB,20200129,0.004,0.004,0.004,0.004,205218
Z1P,20200129,3.95,4.08,3.94,4.08,3615570
ZEL,20200129,4.35,4.38,4.31,4.36,87333
ZEN,20200129,0.685,0.7,0.68,0.7,226486
ZIM,20200129,12.36,12.46,12.36,12.46,377
ZLD,20200129,0.063,0.066,0.061,0.061,312623
ZMI,20200129,0.074,0.075,0.074,0.075,50000
ZNC,20200129,0.055,0.055,0.055,0.055,45
ZNO,20200129,0.79,0.79,0.66,0.66,5330450
XAF,20200129,6901.7,6948.1,6901.7,6933.1,0
XAO,20200129,7098.4,7150.9,7098.4,7135.9,0
XAT,20200129,6939.4,6989.4,6939.4,6974.4,0
XDJ,20200129,2774.4,2804.4,2773.4,2798.2,0
XEC,20200129,1599.6,1616,1599.6,1606.6,0
XEJ,20200129,11556.3,11673.6,11556.3,11578.8,0
XFJ,20200129,6186.1,6255.8,6186.1,6242.5,0
XFL,20200129,6958.7,7006.1,6958.7,6991.3,0
XGD,20200129,7295.4,7295.4,7101.7,7141.3,0
XHJ,20200129,45361.2,45941.9,45361.2,45868.7,0
XIJ,20200129,1526.5,1558.5,1526.5,1552.5,0
XJO,20200129,6994.5,7046.8,6994.5,7031.5,0
XJR,20200129,4990.9,5014.7,4990.4,4997,0
XKO,20200129,6950.7,7001.5,6950.7,6986.7,0
XMD,20200129,7463.5,7538.4,7463.5,7526.9,0
XMJ,20200129,14166.3,14235,14158.2,14204,0
XMM,20200129,4576.5,4596,4566.4,4578.9,0
XNJ,20200129,7078.7,7171.5,7078.7,7150.1,0
XPJ,20200129,1659,1669.3,1659,1668,0
XSJ,20200129,13427.2,13472.2,13054.8,13074.7,0
XSO,20200129,2994.8,3022.6,2994.8,3009.1,0
XTJ,20200129,1360.8,1374.7,1359.9,1359.9,0
XTL,20200129,3868,3902.7,3868,3894.2,0
XTO,20200129,5802.4,5844.5,5802.4,5832.8,0
XUJ,20200129,8190.7,8280.7,8190.7,8248.9,0
XXJ,20200129,6899.5,6977.3,6899.5,6962.5,0
