360,20200211,3.3,3.34,3.3,3.3,46634
14D,20200211,0.18,0.19,0.18,0.185,54799
1AD,20200211,0.096,0.099,0.096,0.099,39634
1AG,20200211,0.035,0.035,0.035,0.035,50000
1ST,20200211,0.056,0.06,0.056,0.06,1031877
3DA,20200211,0.33,0.33,0.29,0.3,331475
3DP,20200211,0.043,0.043,0.043,0.043,100000
3PL,20200211,0.8,0.805,0.795,0.795,63153
4DS,20200211,0.061,0.063,0.061,0.062,2107269
5GN,20200211,0.92,0.945,0.915,0.92,92336
88E,20200211,0.022,0.022,0.021,0.021,4456581
8CO,20200211,0.085,0.085,0.082,0.082,482262
8EC,20200211,0.08,0.081,0.079,0.079,441510
9SP,20200211,0.023,0.024,0.022,0.022,1846434
A1G,20200211,0.13,0.13,0.13,0.13,11001
A1M,20200211,0.325,0.325,0.32,0.32,20246
A2B,20200211,1.41,1.43,1.41,1.415,34732
A2M,20200211,14.75,14.935,14.62,14.89,3559401
A3D,20200211,0.15,0.16,0.15,0.15,147256
A4N,20200211,0.25,0.26,0.24,0.245,1250570
AAA,20200211,50.09,50.09,50.08,50.08,135290
AAC,20200211,1.3,1.3,1.21,1.255,694911
AAJ,20200211,0.003,0.003,0.003,0.003,1459100
AAP,20200211,0.012,0.012,0.011,0.011,175000
AAR,20200211,0.115,0.12,0.115,0.12,662059
ABA,20200211,6.45,6.45,6.3,6.3,25163
ABC,20200211,3.35,3.41,3.33,3.34,2105597
ABP,20200211,3.8,3.87,3.79,3.84,1101406
ABR,20200211,0.48,0.5,0.45,0.47,880743
ABT,20200211,0.048,0.048,0.038,0.038,104091
ABV,20200211,0.033,0.033,0.032,0.032,582940
AC8,20200211,0.29,0.29,0.27,0.27,565483
ACB,20200211,0.009,0.009,0.009,0.009,879025
ACF,20200211,0.36,0.36,0.35,0.355,13027
ACQ,20200211,1.19,1.2,1.19,1.2,36353
ACR,20200211,0.175,0.175,0.175,0.175,16800
ACU,20200211,0.135,0.135,0.135,0.135,15000
ACW,20200211,0.034,0.034,0.032,0.032,762860
AD8,20200211,8.28,8.28,8.08,8.08,189875
ADA,20200211,0.655,0.665,0.642,0.665,108776
ADH,20200211,2.4,2.47,2.38,2.43,669505
ADI,20200211,3.07,3.1,3.07,3.09,207334
ADJ,20200211,0.028,0.028,0.027,0.027,196250
ADN,20200211,0.043,0.045,0.042,0.043,4701609
ADO,20200211,0.03,0.032,0.03,0.032,1079496
ADR,20200211,0.034,0.034,0.034,0.034,100301
ADT,20200211,1.57,1.59,1.505,1.59,341778
ADV,20200211,0.003,0.003,0.003,0.003,1356500
AEE,20200211,0.005,0.005,0.005,0.005,2500000
AEF,20200211,4.99,5.2,4.98,5.19,135550
AEG,20200211,1.12,1.15,1.12,1.14,1230141
AEI,20200211,0.57,0.575,0.51,0.525,1500685
AER,20200211,0.16,0.16,0.16,0.16,29500
AFG,20200211,2.66,2.81,2.63,2.75,289816
AFI,20200211,7.11,7.14,7.07,7.08,421005
AFL,20200211,0.155,0.16,0.155,0.16,9848
AFR,20200211,0.029,0.029,0.029,0.029,100000
AGD,20200211,0.089,0.09,0.089,0.09,5632
AGG,20200211,5.95,5.95,5.74,5.86,6768
AGH,20200211,0.385,0.39,0.375,0.38,489391
AGI,20200211,0.695,0.72,0.67,0.7,224076
AGJ,20200211,0.049,0.049,0.049,0.049,2326
AGL,20200211,19.5,19.655,19.34,19.38,1306396
AGM,20200211,2.04,2.1,2.04,2.1,60599
AGR,20200211,0.105,0.105,0.1,0.1,13332
AGY,20200211,0.073,0.078,0.072,0.074,611150
AHF,20200211,0.09,0.09,0.088,0.089,740457
AHL,20200211,0.005,0.006,0.005,0.006,144991
AHQ,20200211,0.13,0.13,0.13,0.13,291247
AHX,20200211,0.475,0.475,0.47,0.47,39475
AHY,20200211,1.08,1.105,1.08,1.08,240851
AHZ,20200211,0.083,0.083,0.078,0.078,384553
AIA,20200211,8.23,8.28,8.16,8.22,255748
AIS,20200211,0.059,0.059,0.059,0.059,11200
AIZ,20200211,2.68,2.71,2.675,2.7,33023
AJL,20200211,0.072,0.072,0.072,0.072,17045
AJQ,20200211,0.058,0.06,0.058,0.06,50000
AJX,20200211,0.061,0.063,0.058,0.058,555170
AKG,20200211,0.5,0.5,0.405,0.495,122817
AKM,20200211,0.105,0.105,0.1,0.1,40814
AKP,20200211,14.22,14.51,14,14.15,18454
ALC,20200211,0.225,0.23,0.22,0.22,2345641
ALF,20200211,0.955,0.97,0.95,0.97,284590
ALG,20200211,1.375,1.445,1.375,1.415,5833369
ALI,20200211,2.6,2.64,2.54,2.58,134278
ALK,20200211,1.005,1.07,0.98,0.995,4913419
ALL,20200211,36.97,37.285,36.76,36.95,990750
ALQ,20200211,9.6,9.68,9.51,9.66,957404
ALU,20200211,41.24,42.37,41.21,41.65,333999
ALX,20200211,8.25,8.42,8.24,8.37,2389891
ALY,20200211,0.01,0.01,0.01,0.01,44723
AMA,20200211,0.84,0.93,0.84,0.905,3984714
AMC,20200211,16.2,16.25,16.07,16.1,2440356
AMD,20200211,0.008,0.008,0.007,0.007,1374212
AME,20200211,0.034,0.034,0.033,0.033,75339
AMG,20200211,0.055,0.06,0.055,0.06,464645
AMH,20200211,0.99,0.995,0.99,0.99,139991
AMI,20200211,0.415,0.43,0.405,0.42,2302660
AML,20200211,0.135,0.135,0.13,0.135,123761
AMN,20200211,0.47,0.47,0.435,0.435,86394
AMO,20200211,0.083,0.087,0.074,0.08,359401
AMP,20200211,1.735,1.745,1.73,1.745,22789124
AMS,20200211,1.3,1.3,1.165,1.24,1331289
AMT,20200211,0.13,0.14,0.11,0.14,58209
AMX,20200211,2.25,2.29,2.25,2.28,342492
ANA,20200211,0.012,0.013,0.012,0.013,1256669
ANG,20200211,0.2,0.205,0.2,0.205,174662
ANL,20200211,0.002,0.002,0.002,0.002,750000
ANN,20200211,33.28,33.43,32.18,32.23,822612
ANO,20200211,6.39,6.61,6.29,6.55,63341
ANP,20200211,0.062,0.064,0.061,0.063,1979407
ANR,20200211,0.27,0.27,0.23,0.25,43109
ANW,20200211,0.001,0.001,0.001,0.001,4979500
ANZ,20200211,26.07,26.195,26.04,26.13,4218651
AO1,20200211,0.007,0.007,0.007,0.007,30000
AOF,20200211,2.98,2.99,2.97,2.98,357596
AOP,20200211,0.24,0.25,0.235,0.245,611175
AOU,20200211,0.063,0.063,0.063,0.063,6000
APA,20200211,11.4,11.57,11.38,11.52,1262408
APC,20200211,0.096,0.097,0.096,0.097,33257
APD,20200211,0.67,0.68,0.67,0.68,194962
APE,20200211,8.65,8.87,8.59,8.67,421378
APG,20200211,0.001,0.001,0.001,0.001,212500
APH,20200211,0.14,0.14,0.14,0.14,60000
API,20200211,1.295,1.3,1.28,1.285,678209
APL,20200211,1.03,1.035,1.02,1.03,945041
APT,20200211,38.75,39.43,38.55,39.39,1166962
APV,20200211,0.22,0.23,0.22,0.23,131714
APW,20200211,1.49,1.49,1.49,1.49,15000
APX,20200211,26,26.79,25.91,26.77,982887
APZ,20200211,1.16,1.16,1.16,1.16,1650
AQD,20200211,0.011,0.011,0.01,0.01,1161000
AQG,20200211,6.83,6.9,6.76,6.8,43790
AQI,20200211,0.065,0.07,0.063,0.07,1359206
AQR,20200211,3.81,3.85,3.77,3.78,133579
AQX,20200211,0.043,0.046,0.038,0.039,31420088
AQZ,20200211,2.64,2.68,2.64,2.66,323452
AR9,20200211,0.12,0.12,0.12,0.12,1000
ARB,20200211,19.08,19.39,18.95,19.25,114668
ARD,20200211,0.016,0.016,0.016,0.016,790359
ARE,20200211,0.006,0.006,0.006,0.006,1210000
ARF,20200211,3.07,3.1,3.06,3.1,155883
ARG,20200211,8.97,8.99,8.92,8.99,219147
ARL,20200211,0.495,0.535,0.495,0.525,30606
ARM,20200211,0.009,0.009,0.009,0.009,250000
ARN,20200211,0.205,0.205,0.19,0.2,576228
ARQ,20200211,0.375,0.41,0.315,0.315,560783
ARS,20200211,0.018,0.021,0.018,0.021,4219180
ARU,20200211,0.075,0.081,0.075,0.079,2233713
ARV,20200211,0.03,0.041,0.03,0.038,22701076
AS1,20200211,0.17,0.17,0.17,0.17,128122
ASB,20200211,4.08,4.09,4,4.06,2095918
ASH,20200211,0.45,0.45,0.45,0.45,71487
ASN,20200211,0.034,0.034,0.033,0.033,275166
ASP,20200211,0.011,0.011,0.011,0.011,402577
ASQ,20200211,0.031,0.031,0.03,0.03,6847
AST,20200211,1.74,1.757,1.73,1.74,3895184
ASX,20200211,86.27,87.12,85.75,85.99,218718
ATC,20200211,0.086,0.086,0.084,0.084,434725
ATH,20200211,0.017,0.018,0.017,0.017,316107
ATL,20200211,0.325,0.325,0.31,0.31,230974
ATP,20200211,0.008,0.008,0.008,0.008,85000
ATS,20200211,0.069,0.07,0.067,0.069,1180956
ATU,20200211,0.35,0.35,0.34,0.35,520259
ATX,20200211,0.072,0.073,0.072,0.073,359769
AU8,20200211,0.077,0.077,0.074,0.076,761248
AUB,20200211,12.99,12.99,12.46,12.74,447144
AUC,20200211,0.017,0.017,0.016,0.016,695470
AUI,20200211,10.18,10.24,10.18,10.2,5516
AUQ,20200211,0.016,0.016,0.016,0.016,37479
AUR,20200211,0.018,0.018,0.018,0.018,100000
AUT,20200211,0.022,0.024,0.022,0.023,2113211
AUZ,20200211,0.015,0.015,0.014,0.014,3747942
AV1,20200211,0.225,0.24,0.22,0.22,347992
AVA,20200211,0.14,0.145,0.14,0.14,391318
AVC,20200211,0.21,0.21,0.21,0.21,8609
AVG,20200211,0.48,0.48,0.47,0.475,103952
AVH,20200211,0.775,0.82,0.775,0.805,13717602
AVJ,20200211,0.605,0.615,0.605,0.615,38224
AVL,20200211,0.013,0.013,0.013,0.013,352700
AVN,20200211,2.89,2.94,2.87,2.89,797926
AVZ,20200211,0.065,0.069,0.065,0.069,11275337
AWC,20200211,2.11,2.16,2.11,2.16,8388456
AWN,20200211,0.125,0.125,0.12,0.12,253793
AWV,20200211,0.008,0.008,0.008,0.008,44304
AX1,20200211,1.85,1.89,1.835,1.86,987019
AX8,20200211,0.031,0.031,0.031,0.031,100000
AXE,20200211,0.24,0.245,0.235,0.235,592991
AYF,20200211,5.82,5.82,5.8,5.82,5939
AYM,20200211,0.003,0.003,0.003,0.003,1063683
AYR,20200211,0.001,0.001,0.001,0.001,400000
AYS,20200211,0.325,0.33,0.3,0.3,159822
AZI,20200211,0.008,0.008,0.007,0.008,950000
AZJ,20200211,5.54,5.625,5.5,5.52,8830695
AZM,20200211,0.032,0.032,0.032,0.032,110000
AZS,20200211,0.145,0.145,0.135,0.135,197761
AZV,20200211,0.092,0.092,0.088,0.088,63924
AZY,20200211,0.012,0.012,0.011,0.011,2107709
BAF,20200211,0.845,0.86,0.84,0.86,114327
BAP,20200211,6.75,6.76,6.6,6.7,1314099
BAR,20200211,0.02,0.02,0.019,0.019,27000
BAS,20200211,0.002,0.002,0.002,0.002,13740784
BAT,20200211,0.009,0.009,0.008,0.008,2521507
BBC,20200211,0.61,0.66,0.61,0.66,82111
BBL,20200211,0.45,0.45,0.45,0.45,1250
BBN,20200211,3.59,3.63,3.5,3.53,537452
BBX,20200211,0.17,0.17,0.17,0.17,58597
BC8,20200211,0.39,0.39,0.38,0.385,125116
BCB,20200211,0.052,0.052,0.051,0.051,351923
BCC,20200211,0.32,0.33,0.32,0.32,111475
BCI,20200211,0.155,0.16,0.155,0.16,32258
BCN,20200211,0.034,0.034,0.033,0.033,3753509
BCT,20200211,0.115,0.125,0.115,0.125,1167293
BD1,20200211,0.033,0.033,0.033,0.033,366800
BDA,20200211,0.265,0.285,0.265,0.28,94646
BDC,20200211,0.081,0.083,0.081,0.083,1145169
BDG,20200211,0.099,0.1,0.092,0.095,258604
BEL,20200211,0.04,0.04,0.04,0.04,400000
BEM,20200211,0.047,0.047,0.046,0.047,293369
BEN,20200211,10.27,10.415,10.2,10.2,2096189
BET,20200211,0.345,0.375,0.34,0.37,4252812
BFC,20200211,0.08,0.084,0.08,0.084,128445
BFG,20200211,1.35,1.39,1.325,1.34,185005
BGA,20200211,4.25,4.375,4.24,4.36,560855
BGL,20200211,0.53,0.54,0.5,0.535,1404478
BGT,20200211,0.165,0.165,0.165,0.165,16556
BHP,20200211,38.26,38.62,38.2,38.56,5244924
BID,20200211,1.245,1.245,1.205,1.23,346305
BIN,20200211,2.92,2.97,2.9,2.92,2040322
BIQ,20200211,0.014,0.014,0.012,0.012,554242
BIS,20200211,1.015,1.03,1.015,1.03,4675
BIT,20200211,0.175,0.185,0.13,0.14,58419857
BKI,20200211,1.665,1.675,1.665,1.675,286997
BKT,20200211,0.047,0.048,0.047,0.048,283240
BKW,20200211,20.18,20.28,20.07,20.12,119766
BLD,20200211,4.66,4.79,4.62,4.74,13651368
BLG,20200211,0.072,0.072,0.064,0.065,1166473
BLK,20200211,0.011,0.011,0.01,0.011,4898264
BLT,20200211,0.045,0.045,0.038,0.04,2014481
BLU,20200211,0.04,0.041,0.039,0.041,748846
BLX,20200211,1.04,1.095,1.02,1.025,1029620
BLY,20200211,1.3,1.32,1.28,1.32,18855
BLZ,20200211,0.015,0.015,0.015,0.015,303965
BMN,20200211,0.032,0.034,0.032,0.033,345700
BNL,20200211,0.007,0.007,0.007,0.007,833857
BNO,20200211,0.07,0.07,0.063,0.063,1099381
BNR,20200211,0.021,0.021,0.021,0.021,18546
BOC,20200211,0.25,0.25,0.235,0.235,26500
BOE,20200211,0.045,0.045,0.044,0.045,691633
BOL,20200211,0.12,0.125,0.12,0.125,230631
BOQ,20200211,7.58,7.61,7.53,7.57,1614180
BOT,20200211,0.088,0.09,0.086,0.087,1344365
BPH,20200211,0.001,0.001,0.001,0.001,6050000
BPL,20200211,0.016,0.018,0.016,0.017,255553
BPP,20200211,0.016,0.016,0.016,0.016,523702
BPT,20200211,2.3,2.33,2.23,2.31,16676680
BRB,20200211,0.25,0.265,0.25,0.265,245578
BRG,20200211,19.48,19.55,19.26,19.35,160942
BRK,20200211,0.006,0.007,0.006,0.007,220621
BRL,20200211,0.1,0.11,0.1,0.105,334484
BRN,20200211,0.051,0.053,0.051,0.052,2771352
BRU,20200211,0.155,0.165,0.155,0.16,192669
BRV,20200211,0.022,0.023,0.022,0.022,3013333
BSA,20200211,0.39,0.39,0.39,0.39,40189
BSE,20200211,0.25,0.25,0.247,0.25,16983
BSL,20200211,14,14.055,13.85,13.95,1666225
BSM,20200211,0.006,0.006,0.006,0.006,131117
BSR,20200211,0.013,0.013,0.013,0.013,1535714
BSX,20200211,0.155,0.185,0.15,0.185,1532603
BTC,20200211,0.152,0.155,0.15,0.155,36266
BTH,20200211,0.925,0.94,0.897,0.94,2750256
BTI,20200211,1.08,1.085,1.07,1.085,90105
BUB,20200211,0.72,0.725,0.705,0.705,2592416
BUD,20200211,0.033,0.033,0.031,0.031,4025465
BUG,20200211,0.24,0.24,0.24,0.24,50000
BUX,20200211,0.076,0.076,0.076,0.076,123127
BVS,20200211,5.54,5.6,5.51,5.55,918111
BWF,20200211,0.555,0.555,0.55,0.55,6211
BWP,20200211,3.99,4.035,3.975,3.98,1106808
BWR,20200211,1.3,1.31,1.3,1.31,27501
BWX,20200211,4.24,4.26,4.09,4.14,504533
BXB,20200211,12.76,12.86,12.74,12.78,2072614
BYE,20200211,0.3,0.3,0.29,0.295,301874
BYI,20200211,0.7,0.7,0.68,0.68,5503
C6C,20200211,0.7,0.7,0.7,0.7,6000
CAA,20200211,0.13,0.14,0.13,0.14,173852
CAF,20200211,0.12,0.125,0.115,0.125,404441
CAG,20200211,0.5,0.5,0.5,0.5,10993
CAI,20200211,0.26,0.265,0.26,0.265,260378
CAJ,20200211,0.25,0.25,0.245,0.245,2263177
CAM,20200211,0.97,0.97,0.965,0.965,13752
CAN,20200211,1.21,1.23,1.2,1.2,295362
CAP,20200211,0.032,0.033,0.032,0.032,150303
CAR,20200211,17.96,17.96,17.59,17.62,535731
CAT,20200211,1.96,2.06,1.95,2.06,403171
CAU,20200211,0.17,0.17,0.165,0.165,32886
CAV,20200211,0.002,0.002,0.002,0.002,2000000
CAY,20200211,0.14,0.145,0.135,0.145,516507
CAZ,20200211,0.022,0.022,0.022,0.022,402501
CBA,20200211,84.8,85,84.52,84.72,1913033
CBE,20200211,0.26,0.26,0.245,0.25,363419
CBR,20200211,4.39,4.39,4.3,4.37,98664
CBY,20200211,0.2,0.21,0.2,0.21,35500
CCA,20200211,0.225,0.23,0.21,0.215,667234
CCE,20200211,0.002,0.002,0.001,0.001,1373065
CCL,20200211,12.03,12.08,11.93,12.03,1473864
CCP,20200211,37.55,37.98,37.28,37.37,188688
CCV,20200211,0.215,0.22,0.21,0.22,166273
CCX,20200211,3.2,3.22,3.05,3.1,725050
CD1,20200211,1.57,1.57,1.57,1.57,9365
CD2,20200211,1.68,1.68,1.63,1.63,4850
CD3,20200211,1.32,1.32,1.32,1.32,12334
CDA,20200211,7.9,8.185,7.9,8.03,192129
CDD,20200211,0.36,0.37,0.35,0.365,353680
CDM,20200211,0.74,0.74,0.73,0.735,346396
CDP,20200211,5.88,5.92,5.88,5.92,789
CDV,20200211,0.375,0.377,0.365,0.37,132285
CDX,20200211,0.026,0.027,0.026,0.027,335505
CDY,20200211,0.19,0.19,0.19,0.19,13782
CEL,20200211,0.185,0.185,0.175,0.18,1906295
CFE,20200211,0.007,0.007,0.006,0.006,3933841
CFO,20200211,0.075,0.075,0.075,0.075,10000
CG1,20200211,0.465,0.47,0.46,0.46,562593
CGA,20200211,0.435,0.44,0.435,0.44,23700
CGB,20200211,0.015,0.016,0.015,0.016,836366
CGC,20200211,3.14,3.165,3.075,3.08,1661314
CGF,20200211,9.43,10.1,9.43,10.1,5427076
CGL,20200211,4.98,5.07,4.9,5.06,129040
CGN,20200211,0.011,0.011,0.011,0.011,405019
CGO,20200211,0.24,0.245,0.235,0.245,40092
CGR,20200211,0.55,0.56,0.55,0.56,669924
CGS,20200211,0.45,0.45,0.45,0.45,16007
CHC,20200211,12.9,12.96,12.69,12.71,1308127
CHK,20200211,0.01,0.011,0.01,0.01,910000
CHN,20200211,0.32,0.33,0.29,0.3,1875101
CHZ,20200211,0.097,0.105,0.097,0.1,1014091
CI1,20200211,0.023,0.023,0.021,0.023,737763
CIA,20200211,2.39,2.48,2.39,2.44,845620
CIE,20200211,0.84,0.845,0.84,0.845,19561
CIM,20200211,28.42,28.81,28.1,28.18,685837
CIN,20200211,31.55,31.7,31.55,31.6,2664
CIP,20200211,3.66,3.71,3.66,3.69,411913
CIW,20200211,0.68,0.68,0.68,0.68,4453
CKA,20200211,0.042,0.044,0.042,0.044,358547
CKF,20200211,9.4,9.45,9.32,9.39,428047
CL1,20200211,2.11,2.11,2.07,2.1,279997
CLA,20200211,0.013,0.013,0.013,0.013,1070388
CLB,20200211,0.061,0.061,0.061,0.061,14000
CLF,20200211,1.31,1.31,1.305,1.305,31231
CLH,20200211,1.06,1.075,1.05,1.05,169605
CLQ,20200211,0.27,0.27,0.255,0.26,332273
CLV,20200211,2.6,2.74,2.6,2.69,552996
CLW,20200211,5.58,5.61,5.55,5.57,1467071
CLX,20200211,0.82,0.82,0.82,0.82,16888
CM8,20200211,0.026,0.026,0.024,0.025,3320803
CMD,20200211,0.008,0.008,0.008,0.008,130500
CMM,20200211,1.235,1.245,1.225,1.24,39896
CMP,20200211,0.69,0.695,0.69,0.695,11835
CMW,20200211,1.215,1.235,1.21,1.215,5125036
CNI,20200211,2.46,2.53,2.46,2.51,2428206
CNU,20200211,6.15,6.18,6.1,6.11,271846
CNW,20200211,0.035,0.035,0.035,0.035,45000
COB,20200211,0.13,0.13,0.13,0.13,15693
COE,20200211,0.55,0.55,0.545,0.545,4323160
COF,20200211,3.08,3.13,3.08,3.09,904852
COG,20200211,0.093,0.093,0.092,0.092,3175059
COH,20200211,235.73,244.79,232,236.47,306287
COI,20200211,0.14,0.145,0.137,0.14,467402
COL,20200211,17.19,17.25,17.12,17.17,1846463
COS,20200211,0.35,0.35,0.335,0.337,77003
CP1,20200211,0.12,0.12,0.12,0.12,6196
CPH,20200211,0.155,0.155,0.15,0.15,609909
CPU,20200211,17.47,17.71,17.42,17.55,1568114
CPV,20200211,0.155,0.155,0.155,0.155,23794
CQE,20200211,3.4,3.52,3.37,3.52,977946
CQR,20200211,4.94,4.95,4.85,4.85,1416443
CR1,20200211,0.185,0.215,0.185,0.215,8450
CRL,20200211,0.021,0.025,0.021,0.025,766250
CRN,20200211,1.97,1.985,1.96,1.96,186151
CRO,20200211,0.005,0.005,0.005,0.005,350000
CRS,20200211,0.125,0.125,0.125,0.125,10000
CSL,20200211,323.57,326.3,322.06,325.73,772919
CSR,20200211,4.95,4.995,4.89,4.93,2335667
CSS,20200211,0.72,0.72,0.71,0.715,33097
CT1,20200211,0.044,0.046,0.043,0.043,11466566
CTD,20200211,17.4,17.47,17.09,17.16,766344
CTM,20200211,0.011,0.012,0.011,0.011,22158279
CTO,20200211,0.004,0.004,0.004,0.004,541000
CTP,20200211,0.13,0.13,0.13,0.13,94910
CTX,20200211,32.72,32.99,32.47,32.82,761250
CUP,20200211,1.24,1.28,1.24,1.28,29374
CUV,20200211,26,26.76,25.86,26.02,180571
CUX,20200211,0.005,0.005,0.005,0.005,1000000
CV1,20200211,0.12,0.12,0.12,0.12,164122
CVC,20200211,2.01,2.01,2.01,2.01,7507
CVF,20200211,0.99,1,0.99,0.99,159349
CVL,20200211,0.44,0.445,0.44,0.445,500
CVN,20200211,0.325,0.335,0.315,0.325,3747327
CVW,20200211,0.38,0.38,0.38,0.38,27000
CWN,20200211,11.8,11.9,11.7,11.74,976866
CWP,20200211,8.04,8.24,8,8.11,38528
CWX,20200211,0.215,0.22,0.205,0.21,315286
CWY,20200211,1.985,1.99,1.935,1.94,6628025
CXL,20200211,0.89,0.93,0.88,0.9,581619
CXO,20200211,0.035,0.036,0.034,0.036,1430961
CXX,20200211,0.051,0.051,0.051,0.051,122272
CXZ,20200211,0.02,0.021,0.02,0.021,131802
CY5,20200211,0.045,0.045,0.045,0.045,56809
CYC,20200211,1.16,1.16,1.16,1.16,600
CYL,20200211,2.85,3.05,2.85,3.04,7772
CYM,20200211,0.22,0.25,0.22,0.22,124121
CYP,20200211,1.15,1.15,1.09,1.09,80544
CZL,20200211,0.009,0.009,0.009,0.009,875237
CZR,20200211,0.01,0.011,0.01,0.01,4276180
D2O,20200211,1.49,1.495,1.48,1.49,15538
DAF,20200211,0.019,0.019,0.019,0.019,260146
DBF,20200211,1.135,1.135,1.135,1.135,3330
DCC,20200211,0.03,0.03,0.029,0.029,1305404
DCG,20200211,0.375,0.4,0.37,0.39,750174
DDD,20200211,0.002,0.002,0.002,0.002,2400000
DDR,20200211,7.18,7.33,7.11,7.12,139402
DEG,20200211,0.185,0.192,0.155,0.16,49819732
DEM,20200211,0.22,0.22,0.21,0.215,520651
DEV,20200211,0.062,0.062,0.06,0.061,488702
DGH,20200211,1.485,1.485,1.485,1.485,10000
DGO,20200211,1.7,1.95,1.7,1.815,20596
DGR,20200211,0.07,0.07,0.065,0.067,541122
DHG,20200211,3.83,3.9,3.78,3.78,7315807
DIV,20200211,24.62,24.74,24.62,24.69,1697
DJW,20200211,3.37,3.39,3.33,3.33,199216
DKM,20200211,0.167,0.17,0.167,0.17,23000
DLC,20200211,0.004,0.004,0.004,0.004,123131
DME,20200211,0.195,0.195,0.195,0.195,7000
DMP,20200211,55.42,57.67,55.24,57.55,339811
DNA,20200211,0.073,0.073,0.073,0.073,548667
DNK,20200211,0.58,0.58,0.58,0.58,535
DOR,20200211,0.042,0.042,0.042,0.042,7225
DOW,20200211,7.58,7.58,7.47,7.47,1651046
DRE,20200211,0.005,0.005,0.005,0.005,3796600
DRO,20200211,0.22,0.22,0.2,0.205,1356208
DRX,20200211,0.011,0.011,0.011,0.011,1341818
DSE,20200211,0.05,0.05,0.05,0.05,272801
DTC,20200211,1.105,1.15,1.08,1.08,352758
DTL,20200211,4.72,5,4.7,4.87,710557
DTM,20200211,0.067,0.067,0.067,0.067,1
DTS,20200211,0.15,0.15,0.145,0.145,99723
DTZ,20200211,0.058,0.061,0.058,0.06,111800
DUB,20200211,1.115,1.14,1.1,1.13,329241
DUI,20200211,5.2,5.22,5.18,5.18,44335
DW8,20200211,0.007,0.008,0.007,0.008,883456
DWS,20200211,1.08,1.08,1.06,1.075,231432
DXB,20200211,0.15,0.15,0.15,0.15,89945
DXS,20200211,13.25,13.275,13.085,13.1,2527679
DYL,20200211,0.25,0.25,0.245,0.247,183915
E2E,20200211,0.003,0.003,0.003,0.003,6338134
E2M,20200211,0.16,0.18,0.16,0.18,6000
EAF,20200211,1.38,1.38,1.38,1.38,107199
EAI,20200211,1.06,1.085,1.06,1.06,319869
EAS,20200211,0.965,0.965,0.965,0.965,3230
EBG,20200211,1,1,1,1,153
ECF,20200211,1.295,1.295,1.29,1.295,401723
ECG,20200211,0.045,0.045,0.045,0.045,10291
ECL,20200211,1.4,1.4,1.4,1.4,73
ECS,20200211,0.046,0.047,0.046,0.046,994711
ECT,20200211,0.001,0.001,0.001,0.001,78139
ECX,20200211,1.71,1.845,1.7,1.835,14679836
ED1,20200211,1,1.015,0.955,1.005,72919
EDC,20200211,1.1,1.1,1.1,1.1,10000
EDE,20200211,0.04,0.043,0.039,0.043,1880366
EEG,20200211,0.385,0.385,0.37,0.37,165863
EFF,20200211,1.78,1.78,1.77,1.77,31250
EGD,20200211,2.62,2.62,2.61,2.61,43675
EGF,20200211,1.85,1.865,1.825,1.85,206908
EGG,20200211,1.82,1.905,1.745,1.85,137289
EGH,20200211,0.385,0.385,0.385,0.385,15001
EGI,20200211,1.19,1.19,1.19,1.19,17432
EGL,20200211,0.038,0.038,0.038,0.038,10800
EGN,20200211,0.6,0.6,0.6,0.6,5953
EGR,20200211,0.082,0.082,0.082,0.082,32000
EGY,20200211,0.25,0.25,0.25,0.25,1104
EHE,20200211,2.34,2.36,2.34,2.34,327354
EHH,20200211,0.11,0.12,0.11,0.12,212107
EHL,20200211,2.09,2.13,2.05,2.07,1008651
EHX,20200211,0.105,0.125,0.105,0.125,397875
ELD,20200211,8.3,8.32,8.11,8.2,610330
ELO,20200211,7.23,7.39,7.18,7.36,65706
ELS,20200211,0.375,0.375,0.375,0.375,17536
ELT,20200211,0.003,0.003,0.003,0.003,1166666
ELX,20200211,0.79,0.795,0.765,0.765,165334
EM2,20200211,0.145,0.15,0.135,0.135,39683
EMB,20200211,10.94,10.95,10.94,10.95,560
EME,20200211,0.12,0.12,0.12,0.12,9414
EML,20200211,5.19,5.3,5.16,5.26,2047150
EMP,20200211,0.031,0.031,0.031,0.031,20000
EMR,20200211,0.046,0.048,0.046,0.047,1917353
EMT,20200211,0.012,0.012,0.012,0.012,42500
EMU,20200211,0.042,0.042,0.042,0.042,20000
EMV,20200211,0.82,0.82,0.81,0.81,61241
EN1,20200211,0.019,0.019,0.019,0.019,525836
ENA,20200211,0.02,0.02,0.02,0.02,228670
ENN,20200211,2.14,2.15,2.13,2.14,34503
ENR,20200211,0.099,0.1,0.099,0.1,339200
ENT,20200211,0.009,0.009,0.009,0.009,250000
ENX,20200211,0.007,0.007,0.007,0.007,11667
EOF,20200211,2.86,2.97,2.85,2.9,829503
EOL,20200211,3.58,3.6,3.5,3.5,3357
EOS,20200211,9.8,10.11,9.76,9.8,292880
EPD,20200211,0.41,0.41,0.41,0.41,3441
EPM,20200211,0.006,0.006,0.006,0.006,833333
EQE,20200211,0.013,0.013,0.013,0.013,2093500
EQT,20200211,31,31.81,30.1,31.81,52443
EQX,20200211,0.26,0.26,0.26,0.26,50000
ERA,20200211,0.16,0.165,0.155,0.16,305347
ERF,20200211,1.23,1.23,1.22,1.23,26507
ERG,20200211,0.065,0.065,0.065,0.065,7000
ERL,20200211,0.01,0.012,0.01,0.012,2574134
ERM,20200211,0.092,0.095,0.092,0.095,210660
ESE,20200211,0.011,0.011,0.011,0.011,450000
ESH,20200211,0.008,0.008,0.008,0.008,375125
ESK,20200211,0.185,0.19,0.185,0.19,107000
ESR,20200211,0.009,0.009,0.009,0.009,67666
ETF,20200211,23.45,23.45,23.45,23.45,225
EUC,20200211,0.015,0.015,0.015,0.015,1000000
EUR,20200211,0.082,0.082,0.082,0.082,150000
EVE,20200211,0.005,0.006,0.005,0.005,1150184
EVN,20200211,4.05,4.05,3.86,3.9,17055294
EVO,20200211,0.14,0.145,0.14,0.14,2091789
EVS,20200211,0.23,0.23,0.215,0.225,471954
EVT,20200211,12.61,12.61,12.4,12.49,20833
EVZ,20200211,0.15,0.15,0.15,0.15,157944
EWC,20200211,0.07,0.071,0.069,0.069,508982
EX1,20200211,0.265,0.265,0.255,0.26,16613
EXL,20200211,0.645,0.685,0.645,0.67,439804
EXP,20200211,0.215,0.215,0.2,0.2,11769
EXR,20200211,0.053,0.053,0.046,0.046,12004470
EZL,20200211,1.03,1.03,1.02,1.03,43862
FAM,20200211,0.06,0.06,0.06,0.06,136942
FAR,20200211,0.036,0.036,0.033,0.034,21716515
FBR,20200211,0.052,0.052,0.05,0.052,1412223
FBU,20200211,5.01,5.03,4.94,4.99,970768
FCL,20200211,3.46,3.46,3.42,3.42,195673
FCT,20200211,0.14,0.14,0.13,0.13,337316
FDV,20200211,1.14,1.14,1.105,1.115,142785
FEX,20200211,0.048,0.048,0.048,0.048,63666
FFG,20200211,0.009,0.009,0.009,0.009,5000
FFL,20200211,0.37,0.37,0.36,0.36,2410
FFR,20200211,0.045,0.048,0.043,0.043,79215
FGG,20200211,1.27,1.28,1.27,1.27,589687
FGO,20200211,0.002,0.002,0.001,0.001,3117750
FGR,20200211,0.175,0.175,0.16,0.17,411478
FGX,20200211,1.14,1.14,1.135,1.135,376588
FHS,20200211,0.019,0.019,0.018,0.018,3319581
FID,20200211,5.82,5.94,5.81,5.81,20063
FLC,20200211,0.35,0.35,0.34,0.345,243177
FLN,20200211,0.47,0.47,0.455,0.465,587898
FLT,20200211,37.7,37.8,37.035,37.5,683444
FMG,20200211,10.9,11.19,10.76,11.11,11259384
FMS,20200211,0.053,0.053,0.047,0.051,161849
FNP,20200211,4.7,4.74,4.65,4.71,274821
FNT,20200211,0.01,0.01,0.01,0.01,3936377
FOD,20200211,0.059,0.059,0.055,0.056,805974
FOR,20200211,1.17,1.17,1.15,1.15,75391
FPC,20200211,1.04,1.06,1.04,1.05,27400
FPH,20200211,22.93,23.38,22.93,23.24,297885
FPL,20200211,0.005,0.006,0.005,0.005,13314613
FPP,20200211,0.95,0.95,0.94,0.94,40108
FRI,20200211,0.885,0.895,0.885,0.895,115999
FRM,20200211,0.31,0.31,0.31,0.31,6308
FRN,20200211,0.022,0.022,0.021,0.021,2594910
FRX,20200211,0.033,0.036,0.033,0.036,100000
FSA,20200211,1.425,1.44,1.415,1.44,26724
FSF,20200211,3.72,3.77,3.65,3.65,3541
FTC,20200211,0.097,0.1,0.097,0.1,39642
FTT,20200211,0.002,0.002,0.002,0.002,114286
FTZ,20200211,0.081,0.081,0.08,0.08,48670
FUN,20200211,0.02,0.02,0.02,0.02,33541
FWD,20200211,1.9,1.99,1.81,1.965,57618
FXL,20200211,1.85,1.88,1.83,1.87,1603435
FYI,20200211,0.05,0.051,0.05,0.051,67706
FZO,20200211,0.15,0.15,0.14,0.145,569949
G1A,20200211,0.3,0.3,0.285,0.29,52620
G88,20200211,0.057,0.057,0.057,0.057,22500
GAL,20200211,0.15,0.175,0.15,0.16,743335
GAP,20200211,0.19,0.195,0.19,0.195,129425
GAS,20200211,0.58,0.6,0.55,0.58,39060
GBE,20200211,0.016,0.016,0.016,0.016,133985
GBR,20200211,0.038,0.038,0.035,0.035,380000
GBZ,20200211,0.065,0.065,0.056,0.056,50000
GC1,20200211,0.8,0.81,0.8,0.805,129408
GCI,20200211,2.05,2.05,2.03,2.03,127947
GDF,20200211,1.405,1.42,1.405,1.415,35277
GDG,20200211,0.845,0.845,0.825,0.83,55153
GDI,20200211,1.52,1.545,1.505,1.52,249801
GDX,20200211,43,43,42.08,42.26,15692
GEM,20200211,1.84,1.88,1.83,1.84,2526825
GEV,20200211,0.15,0.15,0.15,0.15,113352
GFL,20200211,2.13,2.13,2.1,2.1,9443
GGG,20200211,0.125,0.125,0.12,0.12,822380
GGX,20200211,0.003,0.003,0.003,0.003,666000
GIB,20200211,0.041,0.045,0.041,0.045,17000
GLB,20200211,1.75,1.75,1.75,1.75,303
GLL,20200211,0.57,0.58,0.56,0.565,293404
GLN,20200211,0.23,0.235,0.22,0.23,356911
GMA,20200211,3.84,3.92,3.83,3.87,680461
GMD,20200211,0.034,0.034,0.033,0.033,248151
GMG,20200211,15.42,15.45,15.21,15.28,3414872
GMN,20200211,0.07,0.07,0.064,0.064,226205
GMR,20200211,0.01,0.011,0.01,0.01,1424989
GMV,20200211,0.1,0.1,0.09,0.094,3440272
GNC,20200211,8.89,8.94,8.82,8.93,1013210
GNE,20200211,3.06,3.1,3.04,3.08,39914
GNX,20200211,0.195,0.2,0.195,0.2,60652
GO2,20200211,0.016,0.016,0.016,0.016,50000
GOR,20200211,1.595,1.612,1.56,1.595,8045439
GOW,20200211,2.34,2.35,2.34,2.35,15107
GOZ,20200211,4.29,4.355,4.29,4.32,711573
GPR,20200211,0.435,0.44,0.43,0.43,28240
GPT,20200211,6.39,6.39,6.31,6.31,10422562
GPX,20200211,0.11,0.11,0.1,0.105,188634
GRB,20200211,0.068,0.07,0.068,0.069,2095958
GRL,20200211,0.19,0.2,0.19,0.2,32255
GRR,20200211,0.23,0.23,0.225,0.225,590159
GSM,20200211,0.064,0.073,0.064,0.073,216736
GSN,20200211,0.059,0.06,0.059,0.06,34189
GSS,20200211,1.13,1.15,1.08,1.13,393275
GSW,20200211,0.6,0.6,0.58,0.58,102469
GTE,20200211,0.003,0.003,0.003,0.003,3360000
GTG,20200211,0.009,0.01,0.009,0.009,2163768
GTK,20200211,2.21,2.25,2.2,2.23,25308
GTN,20200211,0.78,0.79,0.78,0.79,5493
GUD,20200211,12.72,12.76,12.5,12.51,340872
GVF,20200211,1.095,1.095,1.095,1.095,74183
GWA,20200211,3.81,3.88,3.75,3.78,945888
GWR,20200211,0.08,0.08,0.08,0.08,7354
GXY,20200211,1.085,1.13,1.085,1.09,3148054
HAV,20200211,0.095,0.1,0.095,0.1,63523
HAW,20200211,0.077,0.077,0.077,0.077,15000
HCD,20200211,0.046,0.046,0.045,0.045,125520
HCH,20200211,0.031,0.032,0.029,0.029,4533409
HCT,20200211,0.155,0.17,0.15,0.17,16321335
HE8,20200211,0.175,0.175,0.175,0.175,47402
HFR,20200211,0.71,0.71,0.67,0.68,81369
HGO,20200211,0.057,0.06,0.055,0.056,402500
HIL,20200211,0.425,0.43,0.42,0.425,709399
HIP,20200211,0.016,0.016,0.015,0.015,590000
HIT,20200211,1.365,1.44,1.365,1.4,14159
HLA,20200211,1.29,1.29,1.29,1.29,54204
HLO,20200211,4.21,4.29,4.2,4.2,37698
HLS,20200211,2.92,2.93,2.875,2.92,1563546
HLX,20200211,0.014,0.014,0.013,0.013,990412
HM1,20200211,3.35,3.35,3.31,3.31,125888
HMC,20200211,3.75,3.8,3.75,3.8,102184
HMD,20200211,0.175,0.175,0.17,0.17,158680
HMX,20200211,0.024,0.025,0.023,0.025,828417
HNR,20200211,0.008,0.008,0.008,0.008,170000
HOT,20200211,0.135,0.135,0.135,0.135,958
HPI,20200211,3.48,3.54,3.47,3.49,452166
HRL,20200211,0.135,0.14,0.135,0.14,2110169
HRR,20200211,0.08,0.081,0.08,0.08,157951
HRZ,20200211,0.11,0.11,0.105,0.11,119387
HSC,20200211,0.007,0.007,0.006,0.007,5758140
HSN,20200211,3.6,3.68,3.53,3.67,151778
HT1,20200211,1.635,1.64,1.55,1.55,248031
HTA,20200211,0.13,0.14,0.13,0.13,104232
HUB,20200211,11.04,11.09,10.88,10.9,219942
HVM,20200211,0.175,0.175,0.17,0.17,118071
HVN,20200211,4.58,4.765,4.56,4.71,7694753
HWH,20200211,0.036,0.036,0.036,0.036,171535
HXG,20200211,0.051,0.051,0.051,0.051,79999
HYD,20200211,0.22,0.22,0.22,0.22,1123
HZN,20200211,0.081,0.083,0.076,0.079,9998532
HZR,20200211,0.445,0.455,0.44,0.44,175165
IAA,20200211,97.11,98.88,97.1,98.45,16229
IAF,20200211,115.56,115.61,115.37,115.51,19307
IAG,20200211,6.88,6.93,6.81,6.87,7013464
IAP,20200211,1.545,1.58,1.532,1.54,544382
IBC,20200211,0.525,0.525,0.525,0.525,40000
IBX,20200211,0.036,0.037,0.035,0.035,6192056
ICE,20200211,0.21,0.215,0.205,0.215,98538
ICI,20200211,0.017,0.018,0.017,0.018,341406
ICN,20200211,0.005,0.005,0.005,0.005,50000
ICQ,20200211,0.38,0.385,0.37,0.375,418665
ICS,20200211,1.88,1.88,1.88,1.88,2700
ICT,20200211,0.04,0.04,0.04,0.04,399558
IDT,20200211,0.145,0.145,0.145,0.145,40000
IDX,20200211,4.26,4.29,4.2,4.24,294806
IEL,20200211,16.84,16.89,16.6,16.68,1176945
IEM,20200211,65.2,66.25,65.2,65.82,18105
IEU,20200211,69.45,69.89,69.45,69.68,8810
IFL,20200211,7.2,7.27,7.13,7.15,1125950
IFM,20200211,2.04,2.07,2.03,2.04,3102005
IFN,20200211,0.7,0.7,0.685,0.69,2491043
IGB,20200211,114,114,113.9,113.98,383
IGL,20200211,2.24,2.27,2.235,2.24,662239
IGO,20200211,5.82,5.9,5.8,5.86,2079864
IHD,20200211,14.3,14.35,14.3,14.32,13586
IHL,20200211,0.061,0.062,0.06,0.06,1680168
IJH,20200211,308.29,308.64,308.29,308.57,1176
IJP,20200211,88.22,89.13,88.22,88.82,17305
IJR,20200211,123.25,123.89,123.25,123.77,9672
IKO,20200211,93.61,94.85,93.61,94.85,253
ILB,20200211,129.95,129.99,129.31,129.8,17735
ILC,20200211,27.27,27.33,27.23,27.29,13388
ILU,20200211,9.71,9.71,9.51,9.64,1200004
IMA,20200211,0.215,0.22,0.215,0.22,345225
IMD,20200211,1.37,1.4,1.37,1.39,385895
IME,20200211,0.029,0.03,0.028,0.029,3044603
IMF,20200211,4.77,4.9,4.77,4.86,608808
IMM,20200211,0.365,0.37,0.357,0.36,921114
IMR,20200211,1.88,1.92,1.88,1.9,82827
IMU,20200211,0.032,0.032,0.031,0.032,2009419
INA,20200211,4.79,4.9,4.77,4.84,881085
INF,20200211,0.059,0.059,0.059,0.059,75798
ING,20200211,3.73,3.77,3.64,3.76,1866065
INR,20200211,0.185,0.185,0.175,0.175,826132
INV,20200211,0.09,0.1,0.09,0.1,100000
IOO,20200211,84.62,84.62,83.74,84.2,48191
IOZ,20200211,28.71,28.81,28.71,28.75,189252
IPD,20200211,0.12,0.125,0.11,0.11,7211270
IPH,20200211,9.33,9.52,9.24,9.27,695114
IPL,20200211,3.14,3.19,3.13,3.17,4163727
IRE,20200211,14.1,14.29,14.06,14.14,403601
IRI,20200211,2.84,2.915,2.84,2.9,94094
ISD,20200211,0.265,0.27,0.26,0.26,108973
ISO,20200211,5.17,5.2,5.16,5.2,22931
ITG,20200211,0.425,0.45,0.425,0.43,93208
ITW,20200211,62.22,62.22,62.22,62.22,535
IVC,20200211,13.4,13.52,13.24,13.26,307712
IVE,20200211,103.44,103.8,103.41,103.58,2112
IVR,20200211,0.022,0.024,0.022,0.023,1664405
IVV,20200211,502.8,509.03,502.29,502.66,6927
IVX,20200211,0.011,0.011,0.01,0.01,1352165
IVZ,20200211,0.025,0.026,0.025,0.026,502960
IXC,20200211,1.195,1.2,1.18,1.2,95201
IXI,20200211,84.85,85.55,84.17,84.17,7027
IXJ,20200211,105.45,105.88,105.3,105.46,10871
IXU,20200211,0.06,0.06,0.06,0.06,202200
IZZ,20200211,62,63,61.92,63,5877
JAN,20200211,0.455,0.455,0.44,0.44,45568
JAT,20200211,0.05,0.05,0.049,0.05,716810
JBH,20200211,45.01,45.65,42.01,42.95,3146704
JCS,20200211,0.03,0.033,0.029,0.033,944100
JDR,20200211,0.012,0.012,0.012,0.012,444884
JHC,20200211,0.915,0.93,0.91,0.92,339073
JHG,20200211,39.3,39.71,39.3,39.39,345353
JHX,20200211,32,32.38,31.93,32.14,555062
JIN,20200211,12.8,13.34,12.57,13.21,633145
JLG,20200211,2.8,2.8,2.66,2.71,304145
JMS,20200211,0.275,0.28,0.27,0.27,1695222
JRV,20200211,0.245,0.255,0.245,0.255,1240868
JYC,20200211,1.53,1.53,1.53,1.53,28500
K2F,20200211,0.23,0.23,0.23,0.23,10000
KAI,20200211,0.01,0.01,0.01,0.01,3924503
KAR,20200211,1.06,1.087,1.05,1.07,2792396
KAT,20200211,0.84,0.84,0.84,0.84,10678
KCN,20200211,0.535,0.56,0.53,0.56,519546
KEY,20200211,0.005,0.005,0.005,0.005,1125000
KFE,20200211,0.054,0.058,0.053,0.058,139353
KGN,20200211,4.91,5.06,4.86,5.04,1003097
KIN,20200211,0.044,0.045,0.042,0.043,1001677
KKC,20200211,2.46,2.47,2.43,2.45,472234
KLA,20200211,54.61,58,54.61,55.01,14394
KLL,20200211,0.5,0.507,0.485,0.485,215926
KMD,20200211,3.46,3.48,3.345,3.41,208313
KME,20200211,1.5,1.5,1.49,1.5,13382
KMT,20200211,0.005,0.005,0.005,0.005,313392
KNM,20200211,0.018,0.019,0.018,0.019,231123
KNO,20200211,0.077,0.077,0.076,0.076,154699
KOV,20200211,4.55,4.55,4.55,4.55,16066
KP2,20200211,0.024,0.024,0.024,0.024,5050
KPG,20200211,0.895,0.895,0.895,0.895,8258
KPO,20200211,0.04,0.04,0.04,0.04,541954
KRM,20200211,0.034,0.036,0.034,0.036,586947
KRR,20200211,0.022,0.025,0.022,0.024,3984561
KSL,20200211,1.37,1.375,1.35,1.365,163802
KSN,20200211,0.175,0.175,0.17,0.17,135000
KSS,20200211,0.35,0.36,0.345,0.36,456308
KTA,20200211,0.03,0.031,0.029,0.03,1761420
KTD,20200211,0.365,0.365,0.355,0.36,237442
KTE,20200211,0.008,0.008,0.007,0.007,933350
KTG,20200211,0.195,0.2,0.175,0.18,563017
KWR,20200211,0.16,0.19,0.16,0.17,712370
KYK,20200211,0.085,0.086,0.079,0.08,1812446
KZA,20200211,0.6,0.6,0.6,0.6,34400
KZR,20200211,0.66,0.665,0.64,0.64,440120
LAU,20200211,0.36,0.36,0.35,0.355,98691
LAW,20200211,0.067,0.067,0.066,0.066,317687
LBL,20200211,0.765,0.765,0.745,0.745,11185
LBT,20200211,0.145,0.145,0.13,0.14,968576
LCK,20200211,0.12,0.125,0.12,0.125,747102
LCL,20200211,0.04,0.04,0.039,0.04,82553
LCM,20200211,0.195,0.195,0.19,0.19,19691
LEG,20200211,0.081,0.095,0.081,0.095,9339394
LEP,20200211,5.595,5.63,5.53,5.62,32346
LER,20200211,0.022,0.023,0.022,0.023,227007
LEX,20200211,0.185,0.185,0.18,0.18,48622
LIC,20200211,8.91,9.2,8.91,9.1,81931
LIN,20200211,0.035,0.038,0.035,0.035,11953909
LIT,20200211,0.062,0.063,0.058,0.059,1944911
LKE,20200211,0.041,0.041,0.038,0.039,1496809
LLC,20200211,18.15,18.31,17.94,18.04,665853
LME,20200211,1.81,1.88,1.81,1.88,6488
LNG,20200211,0.125,0.125,0.115,0.12,2956794
LNK,20200211,6.5,6.56,6.44,6.5,1343190
LNU,20200211,0.024,0.024,0.024,0.024,49920
LNY,20200211,0.005,0.006,0.005,0.006,2600999
LOM,20200211,0.125,0.135,0.125,0.135,423307
LON,20200211,0.145,0.15,0.145,0.15,13056
LOT,20200211,0.05,0.05,0.048,0.048,90235
LOV,20200211,11.35,11.48,11.11,11.17,204194
LPD,20200211,0.014,0.014,0.013,0.013,2985899
LPI,20200211,0.3,0.3,0.29,0.29,80016
LRS,20200211,0.004,0.004,0.004,0.004,84639
LRT,20200211,4.75,4.75,4.75,4.75,114
LSA,20200211,0.006,0.006,0.005,0.006,1506248
LSF,20200211,1.45,1.465,1.435,1.44,1380400
LSR,20200211,0.009,0.009,0.008,0.008,1621975
LTR,20200211,0.105,0.105,0.099,0.099,3610518
LVE,20200211,0.035,0.036,0.035,0.036,14985
LVH,20200211,0.215,0.215,0.205,0.21,50750
LVT,20200211,0.365,0.385,0.352,0.355,8141814
LYC,20200211,2.18,2.19,2.12,2.12,2997941
LYL,20200211,6.05,6.26,6.02,6.26,30273
M7T,20200211,0.92,0.93,0.87,0.885,2188928
M8S,20200211,0.18,0.185,0.175,0.175,22500
MA1,20200211,1.035,1.035,1.03,1.03,77941
MAD,20200211,1.05,1.12,1.05,1.12,81829
MAH,20200211,0.285,0.29,0.285,0.29,831817
MAI,20200211,0.66,0.67,0.66,0.66,82070
MAM,20200211,0.54,0.54,0.537,0.54,32585
MAQ,20200211,26.9,27.37,26.75,26.9,14116
MAR,20200211,0.001,0.001,0.001,0.001,100000
MAT,20200211,0.135,0.14,0.135,0.135,389312
MAU,20200211,0.66,0.67,0.66,0.665,69973
MAY,20200211,0.01,0.01,0.009,0.01,1258888
MBK,20200211,0.007,0.007,0.007,0.007,40000
MCA,20200211,0.145,0.147,0.145,0.147,88506
MCE,20200211,0.35,0.375,0.35,0.375,6000
MCP,20200211,2.9,2.96,2.84,2.95,1042227
MCR,20200211,0.67,0.675,0.65,0.665,643073
MCT,20200211,0.004,0.004,0.004,0.004,1300000
MCY,20200211,5.03,5.1,5.02,5.1,5619
MDC,20200211,0.3,0.34,0.3,0.315,421305
MDI,20200211,0.004,0.005,0.004,0.005,5664372
MDR,20200211,0.5,0.525,0.5,0.51,202564
MEA,20200211,0.31,0.31,0.31,0.31,59259
MEB,20200211,0.009,0.009,0.009,0.009,1005787
MEC,20200211,0.97,0.985,0.97,0.98,96065
MEI,20200211,0.025,0.026,0.024,0.025,1626785
MEL,20200211,0.043,0.043,0.042,0.042,226416
MEM,20200211,0.07,0.071,0.068,0.07,664723
MEP,20200211,0.042,0.044,0.042,0.044,258250
MEU,20200211,0.039,0.043,0.039,0.04,4443581
MEY,20200211,0.069,0.07,0.065,0.065,311380
MEZ,20200211,5.21,5.34,5.12,5.16,18660
MFD,20200211,1.11,1.11,1.1,1.11,148641
MFF,20200211,3.68,3.73,3.65,3.65,293113
MFG,20200211,71.46,72.51,71.22,71.85,533957
MGC,20200211,0.44,0.44,0.44,0.44,1200
MGE,20200211,4.37,4.37,4.35,4.35,941387
MGG,20200211,2.09,2.11,2.08,2.09,762669
MGL,20200211,0.017,0.017,0.017,0.017,1000
MGR,20200211,3.35,3.39,3.315,3.33,8634566
MGT,20200211,0.004,0.004,0.004,0.004,196010
MGU,20200211,0.055,0.055,0.055,0.055,100000
MGV,20200211,0.105,0.11,0.096,0.096,1867821
MGX,20200211,0.83,0.845,0.81,0.83,4072135
MHC,20200211,0.006,0.006,0.006,0.006,2040267
MHG,20200211,3.76,3.77,3.76,3.77,34441
MHH,20200211,1.705,1.725,1.705,1.71,623105
MHJ,20200211,0.61,0.61,0.605,0.61,9721
MIL,20200211,0.53,0.59,0.53,0.56,39268
MIN,20200211,16.93,17.2,16.81,17.14,993320
MIO,20200211,0.22,0.22,0.22,0.22,200
MIR,20200211,2.63,2.67,2.62,2.66,96479
MKG,20200211,0.067,0.068,0.067,0.068,54242
MLD,20200211,0.89,0.935,0.89,0.935,165873
MLL,20200211,0.078,0.08,0.078,0.078,199891
MLS,20200211,0.001,0.001,0.001,0.001,270000
MLT,20200211,5.04,5.08,5.03,5.07,245308
MLX,20200211,0.083,0.11,0.079,0.105,8703893
MME,20200211,1.75,1.78,1.745,1.76,906563
MMI,20200211,0.145,0.15,0.145,0.15,153540
MMJ,20200211,0.125,0.13,0.125,0.125,165081
MML,20200211,0.76,0.76,0.75,0.75,121331
MMM,20200211,0.315,0.315,0.29,0.29,286429
MMS,20200211,12.24,12.42,12.03,12.26,462564
MND,20200211,16.8,16.85,16.5,16.59,189522
MNF,20200211,4.9,5.01,4.88,4.95,62718
MNS,20200211,0.105,0.105,0.1,0.105,30732
MNW,20200211,0.017,0.017,0.017,0.017,37842
MNY,20200211,2.59,2.67,2.59,2.63,251184
MOB,20200211,0.09,0.09,0.09,0.09,25000
MOC,20200211,1.34,1.38,1.33,1.34,216014
MOE,20200211,5.77,5.85,5.77,5.84,47825
MOH,20200211,0.046,0.135,0.046,0.12,29014781
MOQ,20200211,0.21,0.21,0.21,0.21,54113
MOT,20200211,2.08,2.09,2.08,2.09,222079
MOZ,20200211,1.62,1.645,1.62,1.62,67027
MP1,20200211,11.06,11.3,11.02,11.05,550637
MPL,20200211,3.09,3.095,3.05,3.06,3101688
MPR,20200211,0.025,0.025,0.025,0.025,54106
MPW,20200211,0.08,0.08,0.078,0.079,3018410
MQG,20200211,145,145.99,144.67,145.53,697260
MQR,20200211,0.055,0.057,0.055,0.057,154566
MRC,20200211,0.285,0.285,0.28,0.28,97699
MRD,20200211,0.002,0.003,0.002,0.003,2266666
MRM,20200211,0.16,0.16,0.15,0.155,1341477
MRQ,20200211,0.01,0.01,0.01,0.01,6403243
MRV,20200211,0.003,0.003,0.003,0.003,190934
MSB,20200211,2.9,2.95,2.84,2.88,1747660
MSE,20200211,0.014,0.015,0.014,0.015,10727098
MSG,20200211,0.019,0.019,0.017,0.018,1728450
MSM,20200211,0.012,0.012,0.011,0.011,2578914
MTC,20200211,0.047,0.048,0.047,0.048,282777
MTH,20200211,0.01,0.01,0.01,0.01,1056000
MTO,20200211,1.77,1.81,1.76,1.805,34006
MTS,20200211,2.65,2.72,2.64,2.7,6080157
MVA,20200211,26.88,26.89,26.58,26.58,13699
MVB,20200211,27.44,27.44,27.24,27.24,2045
MVE,20200211,30.7,30.7,30.64,30.64,339
MVF,20200211,1,1.015,0.99,0.995,331686
MVP,20200211,10.42,10.8,10.4,10.68,197240
MVR,20200211,29.6,29.74,29.6,29.73,3508
MVS,20200211,20.64,20.97,20.64,20.97,2446
MVW,20200211,32.12,32.22,32.11,32.11,27020
MWR,20200211,0.195,0.2,0.18,0.19,186850
MWY,20200211,1.68,1.685,1.66,1.665,26632
MX1,20200211,0.16,0.16,0.15,0.155,141455
MXC,20200211,0.033,0.033,0.031,0.031,854172
MXR,20200211,0.041,0.041,0.041,0.041,4792
MXT,20200211,2.03,2.03,2.02,2.02,1107836
MYE,20200211,0.94,0.955,0.94,0.94,102170
MYL,20200211,0.05,0.05,0.049,0.05,1506025
MYQ,20200211,0.22,0.22,0.21,0.215,119324
MYR,20200211,0.42,0.43,0.415,0.42,665194
MYS,20200211,5.66,5.8,5.66,5.67,47196
MYX,20200211,0.425,0.43,0.415,0.42,3477000
NAB,20200211,25.98,26.06,25.805,25.9,3163862
NAC,20200211,0.99,1,0.99,1,57000
NAM,20200211,0.37,0.37,0.32,0.32,127730
NAN,20200211,7.5,7.7,7.425,7.51,1619353
NBI,20200211,2.06,2.06,2.05,2.05,505792
NC6,20200211,0.066,0.066,0.064,0.064,50000
NCC,20200211,1.07,1.08,1.07,1.07,55016
NCK,20200211,8.1,8.13,7.89,7.95,303175
NCL,20200211,0.03,0.03,0.03,0.03,150000
NCM,20200211,29.95,30.115,29.62,29.8,2627187
NCZ,20200211,0.19,0.195,0.18,0.19,4330838
NDQ,20200211,24.13,24.24,24.12,24.18,71072
NEA,20200211,1.91,1.95,1.9,1.925,3297920
NEC,20200211,1.865,1.89,1.86,1.865,2886403
NES,20200211,0.034,0.034,0.033,0.033,35000
NET,20200211,0.069,0.073,0.066,0.073,5600499
NEU,20200211,2.94,2.96,2.83,2.95,64693
NEW,20200211,1.19,1.2,1.17,1.18,391827
NGE,20200211,0.625,0.63,0.625,0.625,20529
NGI,20200211,3.22,3.28,3.22,3.24,104872
NHC,20200211,1.91,1.94,1.87,1.915,2043426
NHF,20200211,5.47,5.47,5.37,5.38,1044971
NIC,20200211,0.6,0.6,0.58,0.58,2657831
NML,20200211,0.11,0.115,0.107,0.107,270513
NMT,20200211,0.225,0.23,0.222,0.23,613574
NNW,20200211,0.068,0.069,0.066,0.066,126598
NOV,20200211,0.19,0.205,0.19,0.205,115000
NOX,20200211,0.215,0.225,0.205,0.225,252142
NSB,20200211,0.165,0.165,0.16,0.16,32395
NSC,20200211,0.7,0.71,0.7,0.71,50809
NSR,20200211,2.19,2.19,2.15,2.16,3126849
NST,20200211,13.63,13.94,13.55,13.67,4184790
NSX,20200211,0.12,0.12,0.12,0.12,10000
NTD,20200211,0.41,0.42,0.4,0.4,58829
NTM,20200211,0.08,0.083,0.08,0.082,593247
NTO,20200211,1.67,1.7,1.67,1.7,31991
NTU,20200211,0.045,0.045,0.043,0.044,2107506
NUC,20200211,3.36,3.4,3.25,3.4,87636
NUF,20200211,5.83,5.87,5.78,5.8,849532
NUH,20200211,0.03,0.03,0.028,0.03,495118
NUS,20200211,0.285,0.29,0.27,0.28,380731
NVA,20200211,0.04,0.041,0.038,0.038,1329295
NVL,20200211,3.66,3.68,3.66,3.66,180180
NVO,20200211,0.016,0.016,0.015,0.015,2531685
NVX,20200211,0.45,0.45,0.415,0.415,34626
NWC,20200211,0.012,0.014,0.012,0.013,601167
NWE,20200211,0.005,0.005,0.004,0.005,5868045
NWF,20200211,0.145,0.145,0.145,0.145,38083
NWH,20200211,3.01,3.055,2.99,2.99,1584253
NWL,20200211,8.13,8.26,8,8.13,269276
NWS,20200211,21.44,21.69,21.22,21.29,374044
NXE,20200211,0.01,0.01,0.009,0.009,124000
NXS,20200211,2.32,2.32,2.2,2.24,77635
NXT,20200211,7.8,7.865,7.76,7.84,3634220
NYR,20200211,0.21,0.225,0.205,0.22,710745
NZC,20200211,0.362,0.362,0.36,0.36,43497
NZM,20200211,0.37,0.37,0.37,0.37,1000
NZS,20200211,0.011,0.012,0.011,0.011,613337
OAU,20200211,0.02,0.02,0.02,0.02,140714
OBM,20200211,0.185,0.19,0.185,0.185,268136
OCA,20200211,1.2,1.205,1.19,1.2,30067
OCC,20200211,0.495,0.495,0.475,0.48,211593
OCL,20200211,6.43,6.5,6.33,6.33,13930
ODA,20200211,0.18,0.21,0.18,0.21,107461
OEC,20200211,0.53,0.6,0.525,0.6,429827
OEL,20200211,0.026,0.026,0.024,0.025,2835255
OFX,20200211,1.435,1.455,1.41,1.41,196907
OGA,20200211,0.12,0.125,0.12,0.125,54205
OGC,20200211,2.85,2.89,2.775,2.8,592938
OIL,20200211,0.031,0.031,0.031,0.031,40000
OKJ,20200211,0.029,0.03,0.029,0.03,100000
OKR,20200211,0.076,0.076,0.075,0.075,38912
OKU,20200211,0.245,0.245,0.225,0.225,671080
OLH,20200211,0.1,0.1,0.1,0.1,25000
OLI,20200211,0.088,0.089,0.088,0.089,59368
OLL,20200211,0.21,0.21,0.185,0.185,1406926
OMH,20200211,0.415,0.42,0.4,0.42,391689
OML,20200211,3.22,3.22,3.1,3.15,1076272
ONT,20200211,6.23,6.23,6.23,6.23,200
ONX,20200211,0.061,0.061,0.061,0.061,16806
OOO,20200211,12.91,12.97,12.86,12.95,37903
OPC,20200211,4.54,4.85,4.5,4.6,68760
OPH,20200211,2.69,2.71,2.69,2.7,44419
OPL,20200211,0.14,0.14,0.14,0.14,50000
OPT,20200211,3.38,3.47,3.38,3.46,175405
OPY,20200211,1.25,1.325,1.25,1.325,511532
ORA,20200211,3.2,3.2,3.12,3.14,3865608
ORE,20200211,3.49,3.58,3.44,3.44,2062612
ORG,20200211,7.65,7.67,7.56,7.62,4948182
ORI,20200211,22.55,22.78,22.26,22.31,678649
ORN,20200211,0.02,0.021,0.019,0.019,3046381
ORR,20200211,0.42,0.42,0.42,0.42,55849
OSH,20200211,6.45,6.45,6.29,6.41,7899410
OSL,20200211,0.195,0.215,0.192,0.205,5532203
OSP,20200211,0.02,0.02,0.02,0.02,974252
OSX,20200211,0.62,0.635,0.61,0.63,146226
OTW,20200211,4.41,4.435,4.4,4.4,20250
OVH,20200211,0.315,0.315,0.31,0.31,136328
OVL,20200211,0.008,0.008,0.008,0.008,3012019
OVN,20200211,0.4,0.4,0.39,0.39,17968
OZF,20200211,20.11,20.12,20.09,20.12,1975
OZG,20200211,0.175,0.175,0.175,0.175,19000
OZL,20200211,9.91,10.07,9.86,10.06,2199877
OZR,20200211,11.82,11.88,11.79,11.87,72660
P2P,20200211,0.065,0.065,0.065,0.065,15000
PAA,20200211,0.105,0.105,0.1,0.1,472668
PAB,20200211,0.018,0.018,0.018,0.018,395000
PAC,20200211,6.31,6.44,6.3,6.33,31029
PAF,20200211,0.895,0.91,0.895,0.905,148143
PAI,20200211,1.055,1.065,1.055,1.06,454361
PAL,20200211,0.905,0.91,0.9,0.9,74999
PAN,20200211,0.23,0.23,0.22,0.23,431231
PAR,20200211,4.2,4.37,4.2,4.33,870663
PBH,20200211,5.48,5.53,5.43,5.49,408455
PBP,20200211,2.43,2.48,2.42,2.42,144773
PCG,20200211,1.575,1.575,1.575,1.575,1000
PCH,20200211,0.002,0.002,0.002,0.002,200000
PCI,20200211,1.145,1.15,1.135,1.145,620304
PCK,20200211,0.14,0.14,0.135,0.14,2100723
PCL,20200211,0.001,0.001,0.001,0.001,500000
PDL,20200211,9.2,9.33,9.2,9.26,813869
PDN,20200211,0.09,0.094,0.088,0.093,3212099
PDZ,20200211,0.205,0.205,0.205,0.205,19471
PE1,20200211,1.415,1.47,1.415,1.45,84759
PEK,20200211,0.041,0.042,0.039,0.039,2371261
PEN,20200211,0.16,0.17,0.155,0.165,1228722
PET,20200211,0.71,0.77,0.705,0.755,842798
PEX,20200211,0.22,0.225,0.22,0.225,58557
PFG,20200211,0.077,0.077,0.077,0.077,100000
PFP,20200211,3.5,3.52,3.5,3.51,29490
PG1,20200211,0.125,0.155,0.125,0.14,442591
PGC,20200211,0.31,0.31,0.285,0.29,536889
PGF,20200211,1.23,1.265,1.23,1.265,336859
PGG,20200211,2.06,2.07,2.05,2.07,518516
PGH,20200211,2.6,2.65,2.6,2.62,209126
PGI,20200211,0.031,0.031,0.03,0.03,516402
PGL,20200211,2,2.03,1.97,2.02,10799
PGM,20200211,0.02,0.02,0.02,0.02,90100
PGX,20200211,0.39,0.39,0.39,0.39,28925
PIA,20200211,1.165,1.17,1.165,1.17,159154
PIC,20200211,1.055,1.075,1.05,1.065,263899
PIO,20200211,0.013,0.013,0.012,0.012,1325000
PIQ,20200211,0.27,0.28,0.27,0.28,69497
PKO,20200211,0.015,0.015,0.014,0.014,40000
PKS,20200211,0.15,0.15,0.15,0.15,9900
PL8,20200211,1.185,1.195,1.18,1.18,551580
PLL,20200211,0.125,0.125,0.12,0.122,179252
PLS,20200211,0.32,0.34,0.315,0.32,12966378
PLX,20200211,0.63,0.63,0.63,0.63,876
PM1,20200211,0.021,0.021,0.019,0.02,11957655
PMC,20200211,1.55,1.55,1.53,1.53,334048
PME,20200211,26.6,27.87,26.38,27.07,316196
PMV,20200211,20.08,20.39,20,20.2,171031
PNC,20200211,1.745,1.75,1.74,1.745,211074
PNI,20200211,6,6.13,5.97,6.03,1293549
PNN,20200211,0.003,0.003,0.002,0.002,594168
PNR,20200211,0.11,0.11,0.1,0.1,2352399
PNV,20200211,2.95,3.05,2.91,3,5105523
PNW,20200211,0.3,0.3,0.25,0.255,9984
PNX,20200211,0.007,0.007,0.006,0.006,461571
PO3,20200211,2.82,2.95,2.8,2.95,5289
POD,20200211,0.039,0.039,0.039,0.039,200000
POS,20200211,0.036,0.037,0.034,0.036,5481546
POU,20200211,18.85,18.85,18.85,18.85,400
POW,20200211,0.004,0.004,0.004,0.004,338458
PPC,20200211,1.32,1.37,1.32,1.345,23544
PPE,20200211,3.87,3.87,3.77,3.77,67080
PPH,20200211,4.34,4.35,4.3,4.32,98056
PPK,20200211,6.31,6.71,6.3,6.6,100879
PPS,20200211,0.485,0.49,0.46,0.47,1767329
PPT,20200211,42.5,43.49,42.47,43.2,245369
PRN,20200211,1.55,1.555,1.495,1.515,2136118
PRO,20200211,0.805,0.805,0.785,0.785,66886
PRT,20200211,0.155,0.16,0.155,0.155,233797
PRU,20200211,1.14,1.165,1.13,1.16,4478162
PRX,20200211,0.061,0.062,0.06,0.06,1097245
PSI,20200211,3.2,3.32,3.2,3.27,56718
PSZ,20200211,0.026,0.026,0.026,0.026,495520
PTB,20200211,0.87,0.87,0.81,0.82,128923
PTL,20200211,0.315,0.315,0.315,0.315,6500
PTM,20200211,4.76,4.82,4.69,4.72,1035746
PTR,20200211,0.065,0.071,0.064,0.071,2165774
PTX,20200211,0.048,0.05,0.048,0.05,1286737
PUR,20200211,0.006,0.009,0.006,0.008,10894254
PVS,20200211,1.65,1.65,1.65,1.65,63388
PWG,20200211,1.38,1.45,1.38,1.45,597483
PWH,20200211,4.66,4.8,4.66,4.77,65618
PWL,20200211,0.155,0.16,0.155,0.16,63249
PWN,20200211,0.006,0.006,0.006,0.006,950000
PXS,20200211,0.11,0.115,0.11,0.11,426829
PXX,20200211,0.033,0.036,0.032,0.032,150000
PYC,20200211,0.063,0.064,0.062,0.062,1569563
PYG,20200211,0.665,0.665,0.66,0.66,1700
QAG,20200211,5.51,5.51,5.51,5.51,4510
QAN,20200211,6.5,6.51,6.37,6.41,9192381
QAU,20200211,16,16,15.73,15.76,31883
QBE,20200211,14.05,14.2,14.03,14.15,1914208
QCB,20200211,7.63,7.68,7.63,7.68,2389
QFE,20200211,0.33,0.33,0.33,0.33,140665
QFN,20200211,11.2,11.21,11.19,11.21,2721
QFY,20200211,0.004,0.004,0.003,0.003,337500
QHL,20200211,0.13,0.135,0.125,0.135,1825595
QIP,20200211,1.29,1.29,1.28,1.28,25507
QMS,20200211,1.23,1.235,1.23,1.235,427354
QOZ,20200211,14.12,14.15,14.1,14.11,140592
QRE,20200211,6.45,6.48,6.45,6.47,15520
QRI,20200211,1.64,1.64,1.62,1.62,161388
QTM,20200211,0.04,0.04,0.04,0.04,435000
QUB,20200211,3.45,3.48,3.44,3.46,2637928
QUS,20200211,40.93,40.98,40.93,40.98,2349
QVE,20200211,1.035,1.045,1.035,1.035,249435
RAC,20200211,0.27,0.28,0.265,0.265,290305
RAG,20200211,0.006,0.006,0.006,0.006,1000000
RAN,20200211,0.014,0.014,0.013,0.013,690000
RAP,20200211,0.245,0.25,0.24,0.25,300969
RBL,20200211,1.145,1.17,1.12,1.125,152027
RBR,20200211,0.013,0.013,0.013,0.013,499661
RCB,20200211,20.81,20.85,20.8,20.8,15354
RCE,20200211,0.39,0.42,0.38,0.405,341629
RCL,20200211,0.35,0.35,0.35,0.35,10000
RCT,20200211,2.43,2.43,2.36,2.36,4796
RDC,20200211,1.12,1.13,1.115,1.13,107871
RDF,20200211,0.65,0.65,0.645,0.645,3853
RDG,20200211,0.017,0.017,0.017,0.017,24536
RDH,20200211,1.75,1.9,1.75,1.8,11692
RDV,20200211,30.64,30.69,30.6,30.64,20830
RDY,20200211,2.1,2.1,2.08,2.09,25366
REA,20200211,114.79,116.93,112.05,113,252902
RED,20200211,0.295,0.3,0.29,0.29,3383080
REE,20200211,0.037,0.037,0.036,0.037,605000
REG,20200211,2.36,2.405,2.34,2.35,161030
REH,20200211,11.19,11.42,11.19,11.39,51758
RES,20200211,0.08,0.08,0.08,0.08,87499
REV,20200211,0.01,0.01,0.009,0.009,60000
REX,20200211,1.09,1.09,1.065,1.07,88867
RF1,20200211,2.68,2.68,2.63,2.63,130401
RFF,20200211,1.91,1.955,1.9,1.92,677312
RFG,20200211,0.1,0.105,0.1,0.1,356754
RFN,20200211,0.002,0.002,0.002,0.002,1752796
RFT,20200211,0.045,0.045,0.042,0.042,940957
RFX,20200211,0.042,0.043,0.041,0.041,1198573
RGB,20200211,23.21,23.21,23.2,23.2,1524
RGI,20200211,0.12,0.12,0.12,0.12,53916
RGL,20200211,0.01,0.01,0.01,0.01,788828
RGS,20200211,0.058,0.061,0.058,0.061,33334
RHC,20200211,79.57,80.51,79.52,80.11,345226
RHP,20200211,2.15,2.15,2.05,2.05,207745
RHT,20200211,0.21,0.21,0.195,0.195,746495
RHY,20200211,0.09,0.09,0.09,0.09,7500
RIC,20200211,0.99,1.01,0.985,1,187487
RIM,20200211,0.003,0.003,0.003,0.003,465500
RIO,20200211,97.8,98.8,97.08,98.63,1339824
RKN,20200211,0.65,0.685,0.65,0.66,70280
RLE,20200211,0.026,0.026,0.025,0.026,298732
RLG,20200211,0.027,0.028,0.027,0.028,413500
RLT,20200211,1.35,1.35,1.31,1.32,45911
RMC,20200211,1.41,1.435,1.41,1.425,76437
RMD,20200211,25.87,25.96,25.78,25.84,759007
RML,20200211,0.069,0.072,0.062,0.062,1873014
RMP,20200211,0.011,0.012,0.011,0.012,2533161
RMS,20200211,1.25,1.29,1.23,1.275,5112014
RMX,20200211,0.005,0.005,0.005,0.005,358200
RMY,20200211,0.585,0.615,0.56,0.615,778019
RND,20200211,2.3,2.3,2.21,2.29,5721
RNE,20200211,0.025,0.025,0.025,0.025,1200
RNO,20200211,0.165,0.165,0.16,0.16,482272
RNT,20200211,0.053,0.053,0.05,0.051,347272
RNU,20200211,0.01,0.011,0.01,0.011,1875909
ROG,20200211,0.002,0.002,0.002,0.002,13930000
ROO,20200211,0.04,0.04,0.039,0.04,96446
RPM,20200211,0.185,0.185,0.185,0.185,51239
RRL,20200211,4.41,4.46,4.38,4.38,1922578
RSG,20200211,1.14,1.16,1.125,1.13,13190479
RSH,20200211,0.083,0.087,0.083,0.083,77094
RTE,20200211,0.415,0.415,0.41,0.41,42309
RTG,20200211,0.087,0.087,0.085,0.085,324782
RTR,20200211,0.086,0.087,0.085,0.087,823230
RUL,20200211,1.095,1.1,1.07,1.08,263579
RVR,20200211,0.1,0.105,0.096,0.1,2839635
RWC,20200211,4.76,4.76,4.67,4.71,2210523
RXH,20200211,0.005,0.005,0.005,0.005,10300
RXL,20200211,0.028,0.028,0.026,0.027,11277884
RXM,20200211,0.06,0.06,0.058,0.06,59059
RXP,20200211,0.465,0.465,0.455,0.46,269236
RZI,20200211,0.97,0.97,0.965,0.965,13446
S32,20200211,2.54,2.55,2.52,2.55,10020488
S66,20200211,0.53,0.58,0.53,0.58,19000
SAR,20200211,4.2,4.22,4.1,4.11,6835450
SAU,20200211,0.16,0.16,0.155,0.155,73000
SBM,20200211,2.8,2.84,2.765,2.77,4022386
SBR,20200211,0.002,0.002,0.002,0.002,3125348
SBW,20200211,0.135,0.14,0.135,0.14,167928
SCG,20200211,3.91,3.93,3.87,3.88,21518361
SCI,20200211,0.008,0.008,0.008,0.008,481598
SCL,20200211,0.017,0.017,0.016,0.016,2789439
SCN,20200211,0.03,0.03,0.025,0.025,221140
SCP,20200211,3.06,3.11,3.04,3.08,3154739
SCU,20200211,0.016,0.016,0.015,0.015,290112
SDF,20200211,4,4.1,3.95,3.99,2181052
SDG,20200211,1.75,1.8,1.75,1.8,1515
SDI,20200211,0.85,0.855,0.85,0.855,5342
SDV,20200211,0.715,0.745,0.71,0.745,177891
SDX,20200211,0.036,0.036,0.036,0.036,155000
SE1,20200211,0.015,0.015,0.012,0.012,5253238
SEC,20200211,1.835,1.84,1.835,1.835,84235
SEI,20200211,0.044,0.044,0.035,0.037,1386580
SEK,20200211,22.95,23.175,22.64,23.05,839220
SEN,20200211,0.067,0.068,0.065,0.068,356182
SER,20200211,0.005,0.005,0.004,0.004,300000
SES,20200211,0.081,0.081,0.08,0.08,145050
SF1,20200211,0.021,0.021,0.02,0.02,3192785
SFG,20200211,0.07,0.071,0.07,0.071,361796
SFR,20200211,5.11,5.19,5.09,5.18,1181426
SFX,20200211,0.175,0.18,0.16,0.165,1165053
SFY,20200211,64.62,64.78,64.6,64.67,3586
SGC,20200211,0.032,0.032,0.032,0.032,46196
SGF,20200211,2.13,2.27,2.13,2.27,65212
SGH,20200211,1.04,1.04,1.02,1.02,34479
SGI,20200211,0.09,0.09,0.088,0.09,106112
SGM,20200211,10.78,10.84,10.61,10.77,712166
SGP,20200211,4.97,5.02,4.96,4.99,5988533
SGQ,20200211,0.115,0.115,0.115,0.115,470538
SGR,20200211,4.25,4.27,4.145,4.19,2511204
SHH,20200211,0.003,0.003,0.003,0.003,95660
SHJ,20200211,0.93,0.93,0.927,0.93,29443
SHL,20200211,31.71,32,31.61,31.95,659834
SHM,20200211,0.73,0.755,0.715,0.715,50215
SHV,20200211,8.65,9.18,8.51,9.07,466922
SIG,20200211,0.595,0.605,0.595,0.605,1027540
SIO,20200211,0.385,0.395,0.385,0.395,30926
SIQ,20200211,6.84,6.93,6.77,6.77,919091
SIS,20200211,0.014,0.014,0.014,0.014,285002
SIT,20200211,0.061,0.061,0.059,0.059,90000
SKC,20200211,3.42,3.48,3.41,3.43,735123
SKF,20200211,0.185,0.195,0.185,0.19,311382
SKI,20200211,2.15,2.17,2.13,2.15,3654737
SKN,20200211,0.012,0.012,0.01,0.01,175000
SKO,20200211,4.75,4.8,4.69,4.69,56564
SKT,20200211,0.615,0.615,0.585,0.6,201964
SKY,20200211,0.235,0.245,0.22,0.225,4319024
SLC,20200211,0.855,0.885,0.855,0.875,595177
SLF,20200211,14.9,15.02,14.87,14.87,50917
SLK,20200211,4.08,4.08,3.97,4,419992
SLM,20200211,0.83,0.845,0.82,0.845,16088
SLR,20200211,1.645,1.705,1.64,1.68,8229474
SLX,20200211,0.37,0.4,0.365,0.365,230716
SLZ,20200211,0.072,0.075,0.071,0.071,505000
SM1,20200211,7.68,7.9,7.68,7.85,58650
SM8,20200211,0.057,0.057,0.057,0.057,36090
SMI,20200211,0.005,0.005,0.004,0.004,3480000
SMN,20200211,0.805,0.81,0.785,0.785,51373
SMP,20200211,0.69,0.705,0.655,0.695,878789
SMR,20200211,0.93,0.93,0.925,0.925,15572
SMX,20200211,0.38,0.41,0.37,0.37,250617
SNC,20200211,0.83,0.835,0.83,0.835,29000
SNS,20200211,0.135,0.135,0.135,0.135,192802
SO4,20200211,0.64,0.64,0.625,0.635,217696
SOL,20200211,20.99,20.99,20.74,20.82,236108
SOM,20200211,3.26,3.3,3.25,3.3,12515
SOP,20200211,0.04,0.045,0.04,0.045,158888
SOR,20200211,0.083,0.083,0.079,0.082,109868
SP3,20200211,0.105,0.11,0.105,0.105,165838
SPK,20200211,4.59,4.64,4.565,4.59,2425940
SPL,20200211,1.16,1.185,1.125,1.125,189771
SPQ,20200211,0.005,0.005,0.005,0.005,156485
SPT,20200211,0.525,0.54,0.505,0.51,945168
SPX,20200211,0.13,0.14,0.13,0.135,30438384
SPY,20200211,500.47,501.34,500.47,500.99,136
SPZ,20200211,0.235,0.235,0.225,0.225,391513
SRG,20200211,0.37,0.375,0.365,0.37,117316
SRH,20200211,0.18,0.18,0.175,0.175,25000
SRI,20200211,0.064,0.064,0.064,0.064,78340
SRK,20200211,0.05,0.05,0.05,0.05,142083
SRN,20200211,0.002,0.002,0.002,0.002,5268183
SRV,20200211,4.25,4.37,4.22,4.33,24827
SSG,20200211,0.65,0.67,0.65,0.665,83005
SSM,20200211,2.36,2.36,2.24,2.3,8836610
ST1,20200211,0.17,0.17,0.17,0.17,19019
STA,20200211,0.11,0.125,0.11,0.125,710070
STG,20200211,1.3,1.425,1.28,1.28,110121
STM,20200211,0.009,0.01,0.009,0.01,1271900
STN,20200211,0.45,0.45,0.45,0.45,18347
STO,20200211,8.21,8.3,8.18,8.27,3287922
STW,20200211,65.13,65.34,65.12,65.2,194175
STX,20200211,0.165,0.175,0.165,0.17,4717209
SUD,20200211,0.055,0.055,0.055,0.055,195986
SUL,20200211,9.37,9.37,9.19,9.2,1162029
SUN,20200211,11.95,12.38,11.93,12.35,8860122
SUP,20200211,0.011,0.011,0.011,0.011,56778
SVA,20200211,0.025,0.025,0.025,0.025,37383
SVD,20200211,0.008,0.008,0.008,0.008,61713
SVL,20200211,0.105,0.105,0.1,0.105,140966
SVM,20200211,0.14,0.14,0.137,0.14,728093
SVW,20200211,20.01,20.14,19.56,19.62,399102
SVY,20200211,0.695,0.72,0.69,0.69,265519
SW1,20200211,0.076,0.077,0.071,0.076,264321
SWF,20200211,0.15,0.165,0.145,0.155,1423219
SWM,20200211,0.25,0.255,0.245,0.245,2000481
SXE,20200211,0.62,0.62,0.605,0.615,93401
SXL,20200211,0.83,0.83,0.815,0.82,1595401
SXY,20200211,0.31,0.322,0.31,0.32,2517280
SYA,20200211,0.014,0.014,0.013,0.013,3081918
SYD,20200211,8.5,8.65,8.5,8.58,3184393
SYI,20200211,29.92,30.02,29.9,29.96,5635
SYR,20200211,0.54,0.555,0.53,0.54,2005598
SYT,20200211,0.001,0.001,0.001,0.001,3000000
SZL,20200211,1.845,1.86,1.82,1.835,113407
TAH,20200211,4.65,4.68,4.64,4.65,2600968
TAM,20200211,0.041,0.042,0.041,0.041,1133033
TAO,20200211,0.071,0.071,0.07,0.07,50000
TAP,20200211,0.105,0.105,0.105,0.105,5290
TAS,20200211,0.041,0.043,0.039,0.043,220965
TBR,20200211,5.08,5.08,4.75,4.8,82185
TCL,20200211,16.27,16.38,16.18,16.33,4081851
TD1,20200211,0.038,0.039,0.036,0.037,10451967
TDI,20200211,1.71,1.71,1.68,1.685,44300
TEG,20200211,0.048,0.048,0.046,0.046,224921
TEK,20200211,0.27,0.275,0.27,0.275,165112
TER,20200211,0.295,0.295,0.29,0.295,66500
TFL,20200211,0.115,0.115,0.115,0.115,24625
TGA,20200211,0.215,0.215,0.215,0.215,97542
TGF,20200211,1.77,1.77,1.735,1.74,106219
TGG,20200211,1.35,1.355,1.345,1.355,133681
TGH,20200211,0.15,0.15,0.15,0.15,42523
TGM,20200211,0.22,0.225,0.21,0.225,58610
TGN,20200211,0.165,0.165,0.165,0.165,60000
TGO,20200211,0.145,0.15,0.1,0.1,87729
TGP,20200211,1.12,1.13,1.1,1.1,65550
TGR,20200211,4.15,4.15,4.11,4.12,1416185
THC,20200211,0.385,0.39,0.38,0.38,72837
THR,20200211,0.006,0.006,0.006,0.006,330053
TIE,20200211,0.32,0.32,0.3,0.31,477012
TIN,20200211,0.084,0.084,0.084,0.084,11905
TIP,20200211,0.68,0.68,0.655,0.66,223649
TLG,20200211,0.45,0.45,0.43,0.43,544769
TLM,20200211,0.081,0.082,0.077,0.08,397236
TLS,20200211,3.86,3.915,3.85,3.89,33635168
TLT,20200211,3.5,3.52,3.27,3.34,29614
TLX,20200211,1.46,1.495,1.445,1.455,1278712
TMK,20200211,0.009,0.009,0.009,0.009,200000
TMR,20200211,0.2,0.2,0.195,0.195,54577
TMT,20200211,0.125,0.125,0.12,0.125,50169
TMZ,20200211,0.03,0.03,0.03,0.03,977
TNE,20200211,8.76,8.915,8.68,8.91,842098
TNG,20200211,0.084,0.085,0.084,0.084,263702
TNK,20200211,1.28,1.28,1.28,1.28,10456
TNR,20200211,0.009,0.009,0.009,0.009,796945
TNT,20200211,0.07,0.079,0.069,0.079,16385032
TNY,20200211,1.72,1.72,1.65,1.65,153291
TOE,20200211,0.008,0.008,0.008,0.008,2642424
TON,20200211,0.037,0.038,0.035,0.035,1136590
TOP,20200211,0.655,0.655,0.645,0.655,198029
TOT,20200211,1.065,1.065,1.06,1.06,555040
TOU,20200211,0.057,0.06,0.053,0.06,246188
TPM,20200211,7.35,7.38,7.175,7.22,578085
TPP,20200211,0.072,0.072,0.068,0.068,369528
TPW,20200211,4.14,4.3,4.13,4.18,203506
TRS,20200211,4.24,4.49,4.24,4.45,120445
TRT,20200211,0.023,0.023,0.022,0.022,225000
TRY,20200211,0.092,0.092,0.091,0.091,30745
TSC,20200211,0.009,0.009,0.007,0.008,28084505
TSL,20200211,0.04,0.04,0.039,0.039,279226
TSO,20200211,0.026,0.031,0.026,0.031,3987829
TTB,20200211,0.695,0.705,0.68,0.685,63865
TTM,20200211,0.12,0.12,0.12,0.12,163310
TTT,20200211,0.94,1.03,0.84,0.865,926364
TWD,20200211,3.44,3.44,3.43,3.43,2000
TWE,20200211,11.77,11.85,11.24,11.59,10110728
TWR,20200211,0.685,0.685,0.675,0.675,1719
TYM,20200211,0.03,0.03,0.03,0.03,24411
TYR,20200211,4.29,4.5,4.28,4.49,2308082
TYX,20200211,0.002,0.002,0.002,0.002,217000
TZL,20200211,0.1,0.1,0.097,0.097,309386
UBA,20200211,23.29,23.35,23.29,23.32,2669
UBE,20200211,24.97,24.98,24.97,24.98,1384
UBI,20200211,0.175,0.175,0.175,0.175,30000
UBP,20200211,30,30.1,30,30.1,665
UBU,20200211,36.3,36.4,36.3,36.4,457
UBW,20200211,32.26,32.35,32.26,32.29,1206
UCM,20200211,0.4,0.495,0.34,0.37,8658607
UCW,20200211,0.21,0.21,0.21,0.21,4081
UNL,20200211,0.042,0.042,0.042,0.042,25000
UNV,20200211,0.24,0.245,0.24,0.245,50306
UOS,20200211,0.855,0.855,0.845,0.845,122
URF,20200211,0.44,0.465,0.43,0.46,565581
URW,20200211,10.02,10.18,10.02,10.14,875102
USD,20200211,14.54,14.55,14.49,14.51,10625
UWL,20200211,1.54,1.57,1.54,1.55,484449
VAE,20200211,71.03,71.75,71.01,71.67,4651
VAF,20200211,52.54,52.56,52.47,52.49,129428
VAH,20200211,0.14,0.14,0.13,0.13,1094313
VAL,20200211,0.002,0.002,0.002,0.002,23475065
VAN,20200211,0.145,0.145,0.145,0.145,2889
VAP,20200211,95.49,96.23,95.28,95.29,42464
VAR,20200211,0.028,0.028,0.028,0.028,134824
VAS,20200211,89.13,89.45,89.12,89.25,120983
VBS,20200211,0.55,0.575,0.55,0.575,25262
VCF,20200211,51.19,51.25,51,51.13,10101
VCX,20200211,2.57,2.59,2.54,2.55,6637165
VEA,20200211,1.71,1.735,1.695,1.72,3079934
VEE,20200211,0.46,0.46,0.45,0.45,77978
VEN,20200211,0.145,0.145,0.14,0.145,110933
VEQ,20200211,62.31,62.39,62.13,62.27,3435
VEU,20200211,79.6,80.2,79.6,79.95,12868
VG1,20200211,2.28,2.3,2.27,2.28,589191
VG8,20200211,2.29,2.29,2.27,2.27,128782
VGB,20200211,53.55,53.58,53.48,53.48,12760
VGE,20200211,72.06,72.77,72.06,72.65,8308
VGI,20200211,12.2,12.68,12.2,12.68,8909
VGL,20200211,3.05,3.06,3.05,3.06,6214
VGS,20200211,87,88.49,87,87.16,53411
VHT,20200211,1.77,1.795,1.77,1.78,234232
VHY,20200211,61.95,62.4,61.94,62.4,37380
VIF,20200211,51.01,51.16,51.01,51.03,10352
VLC,20200211,71.83,72.08,71.83,71.99,1160
VLT,20200211,0.295,0.295,0.28,0.28,299007
VMC,20200211,0.185,0.205,0.185,0.195,1026261
VML,20200211,0.009,0.009,0.009,0.009,636710
VMS,20200211,0.013,0.013,0.013,0.013,700000
VMT,20200211,0.285,0.285,0.275,0.285,170558
VMX,20200211,0.28,0.28,0.275,0.275,25000
VMY,20200211,0.044,0.044,0.043,0.044,307609
VN8,20200211,0.11,0.11,0.1,0.1,60956
VOC,20200211,3.46,3.49,3.41,3.43,880726
VOL,20200211,1.61,1.61,1.6,1.6,1847
VOR,20200211,0.007,0.008,0.007,0.008,748000
VR1,20200211,0.021,0.021,0.021,0.021,37500
VR8,20200211,0.022,0.025,0.02,0.025,2660365
VRL,20200211,3.95,3.98,3.94,3.96,205421
VRS,20200211,0.067,0.067,0.067,0.067,100000
VRT,20200211,4.21,4.3,4.15,4.25,393869
VRX,20200211,0.1,0.1,0.1,0.1,678150
VSO,20200211,61.79,62.47,61.79,62.12,5982
VTG,20200211,1.195,1.215,1.19,1.215,76770
VTH,20200211,0.78,0.79,0.78,0.79,51301
VTI,20200211,0.04,0.04,0.04,0.04,12800
VTS,20200211,253.87,254.98,253.87,254.27,8959
VUK,20200211,3.45,3.51,3.44,3.47,3139625
VUL,20200211,0.22,0.27,0.22,0.245,437388
VVA,20200211,2.86,2.88,2.86,2.88,2458
VVR,20200211,2.77,2.8,2.76,2.78,1395609
VXR,20200211,0.097,0.097,0.093,0.093,291960
VYS,20200211,0.065,0.066,0.065,0.065,310395
WAA,20200211,1.065,1.08,1.065,1.08,28832
WAF,20200211,0.495,0.515,0.485,0.485,2719484
WAM,20200211,2.3,2.32,2.29,2.29,583119
WAX,20200211,1.455,1.46,1.45,1.45,155294
WBC,20200211,25.1,25.245,25.03,25.1,4580475
WBE,20200211,0.008,0.009,0.008,0.008,8801025
WBT,20200211,0.38,0.38,0.37,0.38,116639
WEB,20200211,12.66,12.715,12.21,12.28,755209
WEL,20200211,0.049,0.049,0.046,0.049,256394
WES,20200211,46.09,46.18,45.69,45.85,1111268
WGB,20200211,2.24,2.27,2.24,2.265,433556
WGN,20200211,1.9,1.91,1.835,1.9,670521
WGO,20200211,0.2,0.205,0.2,0.2,232911
WGX,20200211,2.19,2.25,2.17,2.2,468147
WHC,20200211,2.54,2.56,2.47,2.52,7214525
WHF,20200211,5.42,5.42,5.39,5.4,13678
WHK,20200211,0.074,0.077,0.074,0.074,140246
WIC,20200211,1.105,1.105,1.09,1.09,99857
WJA,20200211,0.12,0.12,0.11,0.11,197234
WKT,20200211,0.18,0.19,0.18,0.19,121438
WLD,20200211,0.061,0.061,0.061,0.061,25172
WLE,20200211,1.285,1.295,1.28,1.29,560061
WMI,20200211,1.5,1.515,1.495,1.515,114164
WML,20200211,0.017,0.017,0.015,0.015,385000
WNB,20200211,0.005,0.005,0.004,0.005,10806509
WND,20200211,0.925,0.94,0.92,0.94,76345
WNR,20200211,0.28,0.28,0.28,0.28,13500
WOA,20200211,0.14,0.14,0.14,0.14,93644
WOR,20200211,14.58,14.59,14.345,14.39,1410533
WOW,20200211,43.48,43.71,43.025,43.2,1751620
WPL,20200211,33.69,33.95,33.48,33.95,1785220
WPP,20200211,0.54,0.542,0.53,0.535,150940
WQG,20200211,1.25,1.285,1.25,1.265,401934
WRM,20200211,0.004,0.004,0.003,0.004,16049891
WSA,20200211,2.53,2.55,2.5,2.52,2956414
WSI,20200211,0.021,0.022,0.021,0.022,987403
WSP,20200211,1.43,1.44,1.415,1.42,36324
WTC,20200211,28.03,28.59,28.01,28.35,650950
WWG,20200211,0.15,0.15,0.15,0.15,18000
WWI,20200211,0.014,0.018,0.014,0.016,12461553
WZR,20200211,0.315,0.32,0.3,0.31,5134098
XAM,20200211,0.036,0.036,0.036,0.036,132900
XCD,20200211,0.01,0.01,0.01,0.01,1339188
XF1,20200211,0.24,0.26,0.24,0.26,15900
XPE,20200211,0.001,0.001,0.001,0.001,1000000
XPL,20200211,0.1,0.12,0.1,0.12,640942
XRF,20200211,0.23,0.23,0.23,0.23,112275
XRO,20200211,86.98,87.8,86.47,87.5,323913
XST,20200211,0.003,0.003,0.003,0.003,980024
XTC,20200211,0.002,0.002,0.002,0.002,29484000
XTE,20200211,0.54,0.54,0.48,0.5,335802
YAL,20200211,2.88,2.89,2.88,2.89,12534
YOJ,20200211,0.044,0.046,0.044,0.046,450999
YOW,20200211,0.062,0.062,0.06,0.06,555351
YRL,20200211,0.215,0.22,0.215,0.22,78363
Z1P,20200211,4.09,4.22,4.05,4.08,7649884
ZEL,20200211,4.22,4.22,4.15,4.19,59542
ZEN,20200211,0.655,0.74,0.655,0.74,1480037
ZLD,20200211,0.058,0.058,0.055,0.058,818624
ZMI,20200211,0.058,0.061,0.058,0.061,331322
ZNC,20200211,0.053,0.053,0.052,0.052,45457
ZNO,20200211,1.375,1.395,1.2,1.22,5077143
XAF,20200211,6906.9,6955.8,6906.9,6944.7,0
XAO,20200211,7108,7165.9,7108,7151.4,28397000
XAT,20200211,6953.6,7010.4,6953.6,6995.8,0
XDJ,20200211,2836,2866.6,2836,2847.4,0
XEC,20200211,1584.1,1595.6,1584,1591.6,0
XEJ,20200211,10945.3,11000.4,10898.9,10998.3,0
XFJ,20200211,6234.4,6285.8,6234.4,6267,0
XFL,20200211,6965.2,7014.5,6965.2,7002.5,0
XGD,20200211,7195.9,7273.2,7169.1,7185.9,0
XHJ,20200211,46742,47219.7,46609,47084.1,0
XIJ,20200211,1570.8,1599.3,1570.8,1597.5,0
XJO,20200211,7012.5,7070.2,7012.5,7055.3,0
XJR,20200211,4838.5,4865.5,4827.6,4862.1,0
XKO,20200211,6965.6,7023.3,6965.6,7008.6,0
XMD,20200211,7544.9,7642.8,7544.9,7609.1,0
XMJ,20200211,13864.1,13958,13860,13945.4,0
XMM,20200211,4472.5,4499.6,4461.2,4494.6,0
XNJ,20200211,7144.3,7251.6,7144.3,7208.3,0
XPJ,20200211,1683,1706.5,1683,1689.4,0
XSJ,20200211,13425.3,13550.4,13424.5,13473.3,0
XSO,20200211,2995.9,3036.6,2995.9,3023.5,0
XTJ,20200211,1354.3,1380.5,1354.3,1368.2,0
XTL,20200211,3892.2,3918.8,3892.2,3913.7,0
XTO,20200211,5816.1,5861,5816.1,5850,0
XUJ,20200211,8087.3,8198.2,8087.3,8134.5,0
XXJ,20200211,6953.4,7010.8,6953.4,6989.8,0
