360,20200203,3.28,3.28,3.15,3.17,96249
14D,20200203,0.175,0.175,0.17,0.17,135850
1AD,20200203,0.105,0.105,0.1,0.1,100000
1AG,20200203,0.042,0.042,0.038,0.038,667017
1ST,20200203,0.061,0.061,0.058,0.061,169462
2BE,20200203,0.125,0.125,0.11,0.11,96957
3DA,20200203,0.31,0.31,0.275,0.29,471859
3DP,20200203,0.045,0.046,0.044,0.045,3000554
3PL,20200203,0.83,0.83,0.8,0.8,40184
4DS,20200203,0.062,0.064,0.06,0.062,1964919
5GN,20200203,0.87,0.9,0.85,0.865,183758
88E,20200203,0.023,0.023,0.022,0.022,17927338
8CO,20200203,0.076,0.081,0.075,0.078,1248601
8EC,20200203,0.077,0.077,0.076,0.076,60773
8IH,20200203,0.14,0.145,0.14,0.145,61824
9SP,20200203,0.019,0.02,0.017,0.017,3539589
A1G,20200203,0.185,0.185,0.16,0.16,130738
A2B,20200203,1.47,1.475,1.435,1.44,12205
A2M,20200203,13.9,14.18,13.75,14.16,4477195
A3D,20200203,0.14,0.14,0.13,0.135,175929
A4N,20200203,0.235,0.26,0.225,0.255,2718903
AAA,20200203,50.08,50.08,50.07,50.08,146399
AAC,20200203,1.105,1.115,1.09,1.105,459106
AAJ,20200203,0.002,0.003,0.002,0.003,1716567
AAR,20200203,0.12,0.12,0.11,0.115,200498
ABA,20200203,6.15,6.17,6.12,6.12,7891
ABC,20200203,3.54,3.59,3.49,3.5,1908756
ABP,20200203,3.71,3.75,3.7,3.72,782047
ABR,20200203,0.45,0.455,0.405,0.44,299584
ABV,20200203,0.031,0.031,0.03,0.03,474446
ABX,20200203,0.105,0.11,0.105,0.11,46692
AC8,20200203,0.295,0.295,0.28,0.285,469193
ACB,20200203,0.009,0.009,0.008,0.008,59911
ACF,20200203,0.35,0.35,0.34,0.345,165017
ACP,20200203,0.008,0.008,0.008,0.008,58000
ACQ,20200203,1.16,1.17,1.15,1.165,72394
ACR,20200203,0.175,0.185,0.17,0.185,391955
ACW,20200203,0.035,0.035,0.034,0.035,1211892
AD8,20200203,7.82,7.9,7.71,7.77,255178
ADA,20200203,0.59,0.605,0.56,0.6,208120
ADD,20200203,0.034,0.039,0.032,0.037,587942
ADH,20200203,2.22,2.22,2.15,2.18,290444
ADI,20200203,3.06,3.1,3.03,3.1,297714
ADN,20200203,0.046,0.048,0.044,0.045,12996030
ADO,20200203,0.028,0.029,0.026,0.029,1007718
ADR,20200203,0.04,0.04,0.034,0.036,658574
ADT,20200203,1.63,1.63,1.505,1.545,636294
ADV,20200203,0.004,0.004,0.004,0.004,175000
ADX,20200203,0.009,0.009,0.008,0.008,1522222
AEE,20200203,0.006,0.006,0.005,0.005,5417318
AEF,20200203,4.64,4.64,4.2,4.2,793071
AEG,20200203,1.11,1.12,1.105,1.12,209627
AEI,20200203,0.38,0.395,0.36,0.37,193182
AER,20200203,0.145,0.145,0.14,0.14,17070
AFG,20200203,2.84,2.86,2.73,2.8,165512
AFI,20200203,7.09,7.12,7.05,7.09,434916
AFL,20200203,0.15,0.15,0.15,0.15,104345
AFR,20200203,0.036,0.036,0.035,0.035,234373
AGD,20200203,0.095,0.097,0.095,0.095,12530
AGG,20200203,6.07,6.07,6,6.04,12942
AGH,20200203,0.455,0.455,0.435,0.435,610922
AGI,20200203,0.732,0.732,0.62,0.635,338395
AGL,20200203,19.62,19.91,19.6,19.84,1219916
AGM,20200203,2.07,2.08,2.02,2.02,28681
AGS,20200203,0.105,0.105,0.105,0.105,524
AGY,20200203,0.072,0.074,0.068,0.073,963934
AHF,20200203,0.096,0.096,0.095,0.095,830213
AHL,20200203,0.007,0.007,0.006,0.007,2018534
AHY,20200203,1.075,1.11,1.075,1.11,113971
AHZ,20200203,0.078,0.078,0.075,0.076,1402501
AIA,20200203,8.17,8.19,8.06,8.09,87152
AIS,20200203,0.053,0.053,0.053,0.053,151474
AIV,20200203,0.13,0.145,0.13,0.145,40787
AIZ,20200203,2.63,2.66,2.63,2.65,179076
AJL,20200203,0.072,0.072,0.066,0.066,47731
AJQ,20200203,0.056,0.056,0.055,0.056,430967
AJX,20200203,0.063,0.064,0.062,0.062,325026
AKG,20200203,0.525,0.525,0.52,0.52,10900
AKM,20200203,0.115,0.115,0.11,0.115,148354
AKP,20200203,15.3,15.3,13,14.11,10113
ALC,20200203,0.205,0.207,0.195,0.2,1580324
ALF,20200203,0.975,0.985,0.975,0.985,126132
ALG,20200203,1.33,1.41,1.295,1.39,1197566
ALI,20200203,2.5,2.54,2.49,2.49,69731
ALK,20200203,0.8,0.825,0.785,0.81,2924757
ALL,20200203,35.38,35.91,35.34,35.59,1510515
ALQ,20200203,9.45,9.59,9.37,9.55,676136
ALT,20200203,0.003,0.003,0.003,0.003,3722000
ALU,20200203,38.9,39.51,38.61,39.21,326161
ALX,20200203,7.98,8.06,7.93,8.03,2364487
ALY,20200203,0.011,0.011,0.011,0.011,180885
AMA,20200203,0.895,0.895,0.875,0.88,1770293
AMC,20200203,15.76,15.91,15.7,15.83,3298395
AMD,20200203,0.007,0.007,0.007,0.007,135797
AME,20200203,0.032,0.032,0.03,0.03,492253
AMG,20200203,0.065,0.066,0.063,0.063,379555
AMH,20200203,0.975,0.98,0.975,0.98,52918
AMI,20200203,0.435,0.435,0.425,0.43,1204258
AML,20200203,0.16,0.16,0.13,0.145,978011
AMN,20200203,0.47,0.47,0.45,0.45,339131
AMP,20200203,1.805,1.81,1.715,1.75,22267956
AMS,20200203,1.405,1.41,1.355,1.36,303330
AMX,20200203,2.1,2.19,2.06,2.17,133103
ANA,20200203,0.014,0.014,0.013,0.013,1425635
ANG,20200203,0.205,0.215,0.205,0.215,116773
ANL,20200203,0.002,0.003,0.002,0.003,8344251
ANN,20200203,31.82,32.34,31.63,32.17,515352
ANO,20200203,5.7,5.77,5.6,5.77,73247
ANP,20200203,0.066,0.066,0.061,0.064,828635
ANR,20200203,0.33,0.34,0.28,0.325,210291
ANZ,20200203,25.25,25.37,25.12,25.29,5846559
AO1,20200203,0.007,0.007,0.007,0.007,103811
AOF,20200203,2.99,2.99,2.97,2.99,67645
AON,20200203,0.024,0.025,0.024,0.025,125000
AOU,20200203,0.065,0.065,0.065,0.065,164893
APA,20200203,11.15,11.45,11.145,11.43,2671234
APC,20200203,0.093,0.095,0.092,0.095,99447
APD,20200203,0.625,0.645,0.625,0.645,1161658
APE,20200203,8.85,9,8.65,8.86,302666
APG,20200203,0.001,0.001,0.001,0.001,50000
APH,20200203,0.165,0.165,0.16,0.16,31608
API,20200203,1.31,1.315,1.29,1.295,625046
APL,20200203,1.015,1.025,1,1.015,1021494
APT,20200203,37.57,38.3,37.15,38.06,1712505
APV,20200203,0.225,0.225,0.21,0.21,170529
APW,20200203,1.47,1.47,1.47,1.47,1200
APX,20200203,24.42,25.82,24.14,25.71,730746
APZ,20200203,1.155,1.155,1.155,1.155,909
AQD,20200203,0.011,0.011,0.011,0.011,996831
AQG,20200203,6.73,6.98,6.73,6.86,451984
AQI,20200203,0.056,0.056,0.049,0.053,296493
AQR,20200203,3.69,3.82,3.6,3.77,69114
AQS,20200203,0.032,0.032,0.032,0.032,4149
AQX,20200203,0.026,0.027,0.025,0.026,2428657
AQZ,20200203,2.62,2.62,2.54,2.55,45410
ARB,20200203,18.54,18.54,18.23,18.52,173966
ARD,20200203,0.016,0.017,0.015,0.016,458032
ARE,20200203,0.006,0.006,0.005,0.005,1730555
ARF,20200203,3.08,3.09,3.02,3.05,225975
ARG,20200203,8.77,8.8,8.65,8.73,340795
ARL,20200203,0.51,0.51,0.47,0.48,86688
ARN,20200203,0.15,0.15,0.135,0.14,219768
ARQ,20200203,0.345,0.36,0.335,0.335,125914
ARS,20200203,0.018,0.019,0.018,0.018,2086500
ARU,20200203,0.078,0.078,0.075,0.075,1654118
ARV,20200203,0.028,0.029,0.028,0.029,3302025
AS1,20200203,0.16,0.16,0.155,0.155,98671
ASB,20200203,3.88,3.96,3.85,3.93,2173259
ASG,20200203,1.64,1.685,1.64,1.67,472305
ASH,20200203,0.44,0.44,0.44,0.44,94458
ASN,20200203,0.036,0.036,0.035,0.035,81193
AST,20200203,1.74,1.77,1.74,1.77,2902830
ASW,20200203,0.73,0.76,0.73,0.75,14002
ASX,20200203,84.16,85.15,84.035,84.56,262759
ATC,20200203,0.093,0.1,0.093,0.1,1580326
ATH,20200203,0.019,0.02,0.019,0.02,60881
ATL,20200203,0.36,0.36,0.335,0.335,349200
ATS,20200203,0.083,0.083,0.078,0.078,1839407
ATU,20200203,0.35,0.35,0.34,0.34,201769
ATX,20200203,0.073,0.073,0.071,0.071,220133
AU8,20200203,0.089,0.089,0.083,0.084,2514710
AUB,20200203,13.21,13.44,12.75,13.16,279531
AUC,20200203,0.017,0.017,0.016,0.016,5505558
AUH,20200203,0.003,0.003,0.003,0.003,23650
AUI,20200203,10.25,10.25,10.01,10.01,36950
AUQ,20200203,0.017,0.017,0.017,0.017,50000
AUR,20200203,0.02,0.02,0.02,0.02,18422
AUT,20200203,0.024,0.024,0.021,0.021,21474085
AUZ,20200203,0.015,0.015,0.014,0.015,9584714
AV1,20200203,0.23,0.23,0.215,0.22,687365
AVA,20200203,0.145,0.15,0.145,0.145,172706
AVE,20200203,0.004,0.004,0.004,0.004,495011
AVG,20200203,0.495,0.495,0.49,0.495,42183
AVH,20200203,0.65,0.71,0.645,0.7,12212881
AVJ,20200203,0.61,0.615,0.61,0.615,33983
AVL,20200203,0.012,0.012,0.011,0.012,4124662
AVN,20200203,2.97,2.98,2.88,2.89,206323
AVZ,20200203,0.056,0.057,0.053,0.057,16114482
AWC,20200203,2.15,2.16,2.1,2.12,9898822
AWN,20200203,0.13,0.13,0.125,0.125,13450
AWV,20200203,0.009,0.009,0.009,0.009,553554
AWY,20200203,0.035,0.035,0.035,0.035,570078
AX1,20200203,1.665,1.72,1.62,1.715,1115885
AX8,20200203,0.036,0.036,0.036,0.036,107369
AXE,20200203,0.24,0.24,0.22,0.225,722495
AYS,20200203,0.355,0.355,0.31,0.32,139404
AZI,20200203,0.008,0.008,0.008,0.008,6319338
AZJ,20200203,5.31,5.41,5.31,5.38,5526523
AZM,20200203,0.033,0.033,0.033,0.033,440000
AZS,20200203,0.14,0.14,0.14,0.14,217591
AZY,20200203,0.012,0.012,0.012,0.012,2353735
BAF,20200203,0.87,0.875,0.87,0.87,191873
BAP,20200203,6.26,6.365,6.22,6.35,841452
BAS,20200203,0.002,0.002,0.002,0.002,1000000
BAT,20200203,0.007,0.007,0.007,0.007,71435
BBC,20200203,0.605,0.605,0.6,0.6,62336
BBN,20200203,3.3,3.36,3.25,3.32,614254
BBX,20200203,0.125,0.125,0.115,0.115,144517
BC8,20200203,0.37,0.375,0.365,0.365,86109
BCB,20200203,0.058,0.058,0.054,0.056,1279052
BCC,20200203,0.325,0.33,0.32,0.32,55691
BCI,20200203,0.165,0.17,0.165,0.165,315673
BCN,20200203,0.035,0.036,0.032,0.032,2322693
BCT,20200203,0.135,0.135,0.12,0.135,463763
BD1,20200203,0.033,0.034,0.032,0.034,6972040
BDA,20200203,0.285,0.285,0.26,0.265,98889
BDC,20200203,0.08,0.081,0.079,0.08,827579
BDG,20200203,0.087,0.087,0.086,0.087,200000
BEE,20200203,0.016,0.018,0.016,0.018,588327
BEL,20200203,0.04,0.04,0.04,0.04,8366
BEN,20200203,10.28,10.33,10.19,10.19,2048799
BET,20200203,0.205,0.255,0.195,0.255,6128683
BFC,20200203,0.089,0.089,0.083,0.083,642065
BFG,20200203,1.34,1.37,1.315,1.37,266203
BGA,20200203,4.29,4.48,4.28,4.45,549557
BGL,20200203,0.48,0.49,0.47,0.47,806715
BGT,20200203,0.18,0.185,0.175,0.185,154702
BHP,20200203,38.03,38.59,38.01,38.25,7567864
BID,20200203,1.06,1.065,1.04,1.05,363836
BIN,20200203,2.7,2.765,2.67,2.73,1671722
BIQ,20200203,0.01,0.01,0.01,0.01,41391
BIS,20200203,1.04,1.05,1,1.05,16102
BIT,20200203,0.085,0.093,0.083,0.09,51749035
BKI,20200203,1.705,1.715,1.695,1.705,192065
BKL,20200203,89.2,91.98,86.48,87.17,142220
BKT,20200203,0.049,0.052,0.048,0.05,265893
BKW,20200203,19.79,19.88,19.59,19.65,93259
BKY,20200203,0.21,0.215,0.207,0.21,3547102
BLD,20200203,4.87,4.935,4.835,4.91,4215000
BLG,20200203,0.087,0.091,0.087,0.09,112465
BLK,20200203,0.012,0.012,0.011,0.011,13566395
BLT,20200203,0.037,0.037,0.036,0.036,101431
BLU,20200203,0.042,0.044,0.041,0.044,205669
BLX,20200203,1.06,1.09,1.04,1.05,114837
BLY,20200203,1.5,1.54,1.5,1.53,7248
BLZ,20200203,0.017,0.017,0.017,0.017,23947
BMG,20200203,0.005,0.005,0.005,0.005,100000
BMN,20200203,0.035,0.038,0.034,0.038,370495
BNL,20200203,0.007,0.007,0.007,0.007,4833913
BNO,20200203,0.071,0.072,0.065,0.066,1232765
BOC,20200203,0.27,0.27,0.27,0.27,2482
BOE,20200203,0.048,0.048,0.047,0.048,2475057
BOL,20200203,0.13,0.13,0.125,0.125,72192
BOQ,20200203,7.56,7.57,7.47,7.47,2727100
BOT,20200203,0.087,0.089,0.083,0.087,1657348
BPH,20200203,0.001,0.001,0.001,0.001,45527972
BPP,20200203,0.017,0.017,0.017,0.017,400000
BPT,20200203,2.54,2.6,2.52,2.52,13885819
BRB,20200203,0.255,0.255,0.245,0.245,426919
BRG,20200203,18.34,18.37,18.09,18.19,118597
BRK,20200203,0.007,0.007,0.007,0.007,71458
BRL,20200203,0.11,0.11,0.105,0.11,249826
BRN,20200203,0.051,0.051,0.049,0.049,3139299
BRU,20200203,0.165,0.17,0.165,0.165,403516
BRV,20200203,0.019,0.02,0.018,0.018,2027529
BSA,20200203,0.405,0.405,0.385,0.39,67867
BSE,20200203,0.23,0.24,0.23,0.24,68653
BSL,20200203,13.78,13.95,13.67,13.73,3736836
BSM,20200203,0.006,0.006,0.006,0.006,1675650
BSR,20200203,0.014,0.014,0.014,0.014,2121291
BSX,20200203,0.16,0.165,0.15,0.155,2140635
BTC,20200203,0.145,0.145,0.135,0.14,170146
BTH,20200203,0.98,0.98,0.92,0.94,1499711
BTI,20200203,1.075,1.085,1.07,1.085,113836
BUB,20200203,0.785,0.785,0.72,0.725,9704534
BUD,20200203,0.023,0.03,0.022,0.029,25646727
BUX,20200203,0.08,0.08,0.08,0.08,43050
BUY,20200203,0.005,0.005,0.005,0.005,1639375
BVS,20200203,5.43,5.45,5.34,5.43,942834
BWF,20200203,0.595,0.6,0.55,0.55,11324
BWP,20200203,4.08,4.11,4.07,4.09,686905
BWR,20200203,1.36,1.36,1.335,1.335,28017
BWX,20200203,4.04,4.15,4.03,4.08,332053
BXB,20200203,12.36,12.56,12.36,12.51,2415328
BYE,20200203,0.285,0.285,0.27,0.275,1291385
BYH,20200203,0.044,0.044,0.041,0.041,40000
C6C,20200203,0.765,0.765,0.76,0.76,23142
CAD,20200203,0.001,0.001,0.001,0.001,50000
CAF,20200203,0.12,0.125,0.12,0.125,169301
CAG,20200203,0.58,0.6,0.58,0.58,27435
CAI,20200203,0.26,0.27,0.26,0.27,382001
CAJ,20200203,0.25,0.25,0.25,0.25,290216
CAM,20200203,0.96,0.965,0.955,0.955,125428
CAN,20200203,1.25,1.25,1.01,1.2,2502007
CAP,20200203,0.03,0.03,0.03,0.03,38961
CAR,20200203,16.99,17.17,16.81,17.08,494393
CAT,20200203,1.96,1.96,1.885,1.895,632695
CAU,20200203,0.2,0.2,0.17,0.18,506434
CAY,20200203,0.145,0.145,0.145,0.145,233847
CAZ,20200203,0.023,0.023,0.023,0.023,458547
CBA,20200203,84.15,84.95,84.06,84.55,2139581
CBE,20200203,0.24,0.24,0.22,0.23,2385357
CBR,20200203,4.03,4.22,4.02,4.09,163489
CBY,20200203,0.165,0.18,0.165,0.18,48740
CCA,20200203,0.165,0.175,0.16,0.16,226591
CCE,20200203,0.001,0.001,0.001,0.001,1252300
CCG,20200203,0.061,0.061,0.061,0.061,42743
CCL,20200203,11.76,12.06,11.76,12,1050703
CCP,20200203,35.3,35.46,34.67,35.33,245561
CCV,20200203,0.23,0.23,0.22,0.22,701746
CCX,20200203,3.06,3.19,3.06,3.12,373267
CCZ,20200203,0.02,0.02,0.019,0.019,1648462
CD1,20200203,1.545,1.545,1.54,1.545,11612
CD2,20200203,1.8,1.8,1.745,1.745,19491
CD3,20200203,1.39,1.39,1.39,1.39,5654
CDA,20200203,7.52,7.6,7.19,7.55,421483
CDD,20200203,0.38,0.39,0.35,0.37,842130
CDM,20200203,0.745,0.745,0.735,0.74,363307
CDP,20200203,6.05,6.06,5.94,5.95,2380
CDV,20200203,0.38,0.395,0.38,0.39,274669
CDX,20200203,0.027,0.027,0.027,0.027,250000
CDY,20200203,0.205,0.205,0.2,0.2,274615
CE1,20200203,0.005,0.005,0.005,0.005,644400
CEL,20200203,0.18,0.18,0.165,0.17,878797
CEN,20200203,7.13,7.15,7,7,12038
CFE,20200203,0.007,0.007,0.007,0.007,583445
CFO,20200203,0.066,0.066,0.065,0.065,40614
CG1,20200203,0.455,0.46,0.43,0.435,8109505
CGA,20200203,0.445,0.45,0.445,0.45,19598
CGB,20200203,0.016,0.016,0.015,0.015,4283608
CGC,20200203,2.69,2.76,2.66,2.73,1680322
CGF,20200203,8.8,8.86,8.66,8.73,1122684
CGL,20200203,4.7,5.04,4.55,5.03,297477
CGO,20200203,0.235,0.235,0.235,0.235,2500
CGR,20200203,0.54,0.56,0.535,0.56,176655
CGS,20200203,0.42,0.425,0.42,0.425,25188
CHC,20200203,12.73,12.86,12.64,12.77,963079
CHK,20200203,0.011,0.011,0.011,0.011,5581738
CHN,20200203,0.285,0.305,0.275,0.285,1199707
CHZ,20200203,0.105,0.11,0.105,0.11,1134918
CI1,20200203,0.022,0.022,0.02,0.02,1848513
CIA,20200203,2.36,2.42,2.33,2.35,596994
CIE,20200203,0.85,0.85,0.83,0.83,177341
CIM,20200203,28.04,28.64,28.02,28.51,649336
CIN,20200203,31.66,31.66,31.5,31.5,2910
CIP,20200203,3.62,3.67,3.62,3.65,788380
CIW,20200203,0.675,0.7,0.675,0.695,112419
CKA,20200203,0.044,0.044,0.044,0.044,340000
CKF,20200203,8.48,8.57,8.26,8.55,629710
CL1,20200203,1.99,2.05,1.96,2.05,173047
CL8,20200203,0.016,0.016,0.015,0.015,3984967
CLA,20200203,0.014,0.014,0.013,0.013,335934
CLB,20200203,0.068,0.068,0.066,0.066,194486
CLF,20200203,1.31,1.32,1.29,1.29,42882
CLH,20200203,1.07,1.07,1.045,1.05,285183
CLQ,20200203,0.24,0.245,0.24,0.245,340518
CLV,20200203,2.63,2.63,2.53,2.54,201806
CLW,20200203,5.67,5.7,5.615,5.65,1599282
CLZ,20200203,0.003,0.003,0.002,0.002,9803332
CM8,20200203,0.02,0.02,0.02,0.02,671930
CMA,20200203,2.98,2.99,2.94,2.96,1138663
CMD,20200203,0.007,0.007,0.007,0.007,16500
CML,20200203,0.017,0.017,0.017,0.017,370004
CMM,20200203,1.25,1.25,1.225,1.23,330961
CMP,20200203,0.65,0.65,0.635,0.64,81905
CMW,20200203,1.215,1.225,1.205,1.21,4224626
CNI,20200203,2.4,2.46,2.4,2.43,978672
CNU,20200203,6.19,6.31,6.16,6.19,373747
CNW,20200203,0.035,0.035,0.031,0.032,1695896
COB,20200203,0.14,0.14,0.125,0.135,604609
COE,20200203,0.55,0.555,0.54,0.55,2137840
COG,20200203,0.094,0.095,0.093,0.093,1290000
COH,20200203,238.64,241.57,237.38,239.75,102179
COI,20200203,0.17,0.17,0.16,0.17,357786
COL,20200203,16.4,16.55,16.33,16.5,1858041
COO,20200203,0.077,0.077,0.077,0.077,999
COS,20200203,0.33,0.33,0.32,0.33,128132
CP1,20200203,0.145,0.145,0.145,0.145,23375
CPH,20200203,0.165,0.165,0.155,0.155,355156
CPT,20200203,0.077,0.077,0.076,0.076,21875
CPU,20200203,17.8,18.03,17.71,17.95,1100210
CPV,20200203,0.16,0.165,0.16,0.165,152640
CQE,20200203,3.44,3.5,3.4,3.42,433119
CQR,20200203,4.68,4.71,4.67,4.7,1451725
CR1,20200203,0.19,0.205,0.19,0.205,68582
CRM,20200203,0.17,0.17,0.17,0.17,15000
CRN,20200203,2.01,2.05,1.97,2.02,275881
CRO,20200203,0.005,0.005,0.005,0.005,1100000
CRS,20200203,0.145,0.145,0.14,0.145,83635
CSL,20200203,309.5,312.77,309.01,311.41,743911
CSR,20200203,4.77,4.85,4.75,4.78,2924076
CSS,20200203,0.735,0.735,0.715,0.715,56958
CSV,20200203,0.307,0.307,0.305,0.305,182196
CT1,20200203,0.028,0.03,0.028,0.029,4034814
CTD,20200203,17.29,17.8,17.05,17.5,744730
CTM,20200203,0.011,0.011,0.011,0.011,7816413
CTP,20200203,0.13,0.13,0.125,0.13,890312
CTX,20200203,34.16,34.5,33.56,33.77,884725
CUE,20200203,0.14,0.14,0.13,0.14,354218
CUP,20200203,1.18,1.195,1.14,1.195,104986
CUV,20200203,27.5,27.58,26.47,26.55,201512
CV1,20200203,0.125,0.125,0.115,0.12,543610
CVC,20200203,2.05,2.1,2.05,2.1,5474
CVF,20200203,1,1,0.98,0.99,142726
CVL,20200203,0.425,0.44,0.425,0.44,5000
CVN,20200203,0.33,0.33,0.32,0.33,2550072
CVV,20200203,0.028,0.028,0.028,0.028,31229
CVW,20200203,0.425,0.45,0.42,0.425,39790
CWL,20200203,0.063,0.065,0.062,0.065,356030
CWN,20200203,11.33,11.53,11.28,11.51,1641975
CWP,20200203,7.94,8.1,7.8,8.1,104534
CWX,20200203,0.2,0.21,0.18,0.185,188909
CWY,20200203,2,2,1.965,1.97,6559981
CXL,20200203,0.8,0.8,0.77,0.79,75493
CXM,20200203,0.041,0.041,0.039,0.039,256265
CXO,20200203,0.035,0.036,0.031,0.032,2695616
CXZ,20200203,0.02,0.02,0.019,0.02,1439216
CY5,20200203,0.05,0.05,0.05,0.05,932
CYC,20200203,1.15,1.15,1.12,1.12,10809
CYG,20200203,1.05,1.08,1.05,1.05,25522
CYL,20200203,2.925,2.925,2.8,2.89,9703
CYP,20200203,1.08,1.08,1.06,1.075,37658
CYQ,20200203,0.001,0.001,0.001,0.001,1380046
CZI,20200203,0.09,0.091,0.088,0.09,490483
CZL,20200203,0.009,0.009,0.007,0.007,17107999
CZN,20200203,0.004,0.004,0.004,0.004,29416693
D2O,20200203,1.455,1.48,1.435,1.47,47372
DBF,20200203,1.14,1.14,1.14,1.14,26000
DCC,20200203,0.031,0.031,0.03,0.03,645179
DCG,20200203,0.4,0.405,0.385,0.395,711678
DCL,20200203,0.06,0.06,0.058,0.058,33000
DDD,20200203,0.002,0.002,0.002,0.002,7100000
DDR,20200203,6.7,6.73,6.53,6.71,85265
DDT,20200203,0.007,0.007,0.007,0.007,336742
DEG,20200203,0.048,0.048,0.045,0.046,5786220
DEM,20200203,0.24,0.24,0.235,0.24,192954
DEV,20200203,0.049,0.049,0.046,0.046,343065
DGH,20200203,1.45,1.45,1.45,1.45,935
DGR,20200203,0.075,0.075,0.071,0.071,46999
DHG,20200203,3.75,3.82,3.75,3.78,744819
DHR,20200203,0.002,0.002,0.002,0.002,200000
DIV,20200203,24,24,23.86,23.86,2420
DJW,20200203,3.44,3.44,3.35,3.38,311122
DKM,20200203,0.155,0.16,0.145,0.145,122204
DME,20200203,0.19,0.19,0.19,0.19,20000
DMP,20200203,54.58,54.59,53.53,54.02,205621
DNA,20200203,0.073,0.08,0.071,0.071,1804298
DNK,20200203,0.57,0.57,0.555,0.56,71239
DOR,20200203,0.04,0.041,0.04,0.04,172270
DOW,20200203,7.2,7.355,7.2,7.25,1413606
DRE,20200203,0.005,0.006,0.005,0.006,10950000
DRO,20200203,0.215,0.23,0.215,0.23,507024
DRX,20200203,0.011,0.012,0.011,0.012,722809
DSE,20200203,0.044,0.044,0.042,0.042,294977
DTC,20200203,1.07,1.08,1.055,1.065,89843
DTL,20200203,4.47,4.62,4.39,4.52,1182445
DTM,20200203,0.08,0.08,0.075,0.075,51898
DTR,20200203,0.003,0.003,0.002,0.002,1125202
DTS,20200203,0.14,0.14,0.135,0.135,69183
DTZ,20200203,0.061,0.062,0.061,0.062,105616
DUB,20200203,1.185,1.2,1.12,1.175,1078086
DUI,20200203,5.14,5.14,5.03,5.14,61022
DVL,20200203,0.026,0.026,0.026,0.026,19852
DW8,20200203,0.008,0.008,0.007,0.008,3280080
DWS,20200203,1.075,1.09,1.075,1.08,79897
DXB,20200203,0.14,0.14,0.14,0.14,285000
DXN,20200203,0.048,0.048,0.045,0.045,221319
DXS,20200203,12.63,12.72,12.58,12.62,3852564
DYL,20200203,0.265,0.265,0.255,0.26,10482
E25,20200203,0.155,0.155,0.155,0.155,20000
E2E,20200203,0.003,0.003,0.003,0.003,14186198
E2M,20200203,0.18,0.18,0.18,0.18,104840
EAF,20200203,1.315,1.315,1.31,1.31,94069
EAI,20200203,1,1.025,1,1.02,351813
EAS,20200203,0.9,0.905,0.9,0.905,7544
EBG,20200203,0.98,0.98,0.98,0.98,158
EBO,20200203,22.58,22.7,22.51,22.6,77269
ECF,20200203,1.29,1.29,1.28,1.285,71483
ECL,20200203,1.38,1.38,1.38,1.38,8973
ECP,20200203,1.09,1.09,1.085,1.085,9241
ECS,20200203,0.05,0.05,0.048,0.048,1092101
ECT,20200203,0.001,0.001,0.001,0.001,5150000
ECX,20200203,1.585,1.615,1.55,1.59,711784
ED1,20200203,1.01,1.045,1,1.045,56700
EDC,20200203,1.105,1.125,1.1,1.125,70423
EDE,20200203,0.036,0.036,0.034,0.035,1880688
EEG,20200203,0.41,0.41,0.39,0.395,138346
EFE,20200203,0.004,0.004,0.004,0.004,250000
EFF,20200203,1.74,1.74,1.74,1.74,54772
EGD,20200203,2.41,2.41,2.4,2.4,96195
EGF,20200203,1.81,1.81,1.77,1.77,79823
EGG,20200203,1.94,1.94,1.94,1.94,11492
EGH,20200203,0.385,0.385,0.385,0.385,153144
EGI,20200203,1.19,1.19,1.16,1.18,61793
EGL,20200203,0.038,0.038,0.038,0.038,6173
EGN,20200203,0.65,0.65,0.65,0.65,4293
EGR,20200203,0.088,0.088,0.084,0.084,302147
EGY,20200203,0.25,0.25,0.25,0.25,3000
EHE,20200203,2.42,2.44,2.4,2.44,457839
EHH,20200203,0.12,0.125,0.12,0.12,192060
EHL,20200203,2.24,2.28,2.14,2.2,854699
EHX,20200203,0.115,0.115,0.105,0.105,217618
ELD,20200203,7.18,7.56,7.18,7.47,559384
ELO,20200203,6.92,7,6.78,6.97,37043
ELS,20200203,0.39,0.39,0.36,0.385,49746
ELT,20200203,0.003,0.003,0.003,0.003,1300000
ELX,20200203,0.84,0.84,0.795,0.795,158056
EM1,20200203,0.011,0.011,0.01,0.01,1892220
EM2,20200203,0.14,0.15,0.14,0.15,15613
EML,20200203,5.12,5.21,5.05,5.16,1957076
EMR,20200203,0.048,0.048,0.045,0.045,7292392
EMT,20200203,0.013,0.013,0.013,0.013,150000
EMU,20200203,0.04,0.04,0.04,0.04,200000
EMV,20200203,0.85,0.85,0.81,0.82,39143
EN1,20200203,0.019,0.02,0.019,0.02,404875
ENN,20200203,2.14,2.14,2.06,2.1,554575
ENR,20200203,0.11,0.11,0.11,0.11,6500
EOF,20200203,3.05,3.05,2.83,2.84,213224
EOL,20200203,3.49,3.5,3.46,3.5,13453
EOS,20200203,10,10.56,9.85,10.47,684001
EPD,20200203,0.39,0.39,0.39,0.39,4830
EPM,20200203,0.005,0.005,0.005,0.005,1000000
EQE,20200203,0.013,0.013,0.013,0.013,1169206
EQT,20200203,31.2,31.95,30.48,31.49,6698
ERA,20200203,0.155,0.165,0.155,0.165,235785
ERF,20200203,1.225,1.24,1.225,1.24,790
ERG,20200203,0.065,0.065,0.065,0.065,204000
ERM,20200203,0.086,0.086,0.082,0.082,526698
ERX,20200203,0.059,0.063,0.059,0.062,821689
ESE,20200203,0.011,0.011,0.011,0.011,16003
ESH,20200203,0.01,0.01,0.009,0.009,676110
ETF,20200203,22.7,22.82,22.7,22.82,1376
EUC,20200203,0.016,0.016,0.016,0.016,576741
EUR,20200203,0.08,0.08,0.078,0.078,532991
EVE,20200203,0.006,0.006,0.006,0.006,12355291
EVN,20200203,3.78,3.86,3.76,3.82,12250706
EVO,20200203,0.16,0.16,0.15,0.155,3028694
EVS,20200203,0.24,0.24,0.225,0.23,1102058
EVT,20200203,12.59,12.83,12.3,12.7,64667
EVZ,20200203,0.165,0.165,0.165,0.165,30000
EWC,20200203,0.071,0.071,0.069,0.071,422769
EXL,20200203,0.665,0.665,0.56,0.63,3274322
EXP,20200203,0.205,0.21,0.205,0.21,343740
EXR,20200203,0.02,0.02,0.019,0.019,383228
EZL,20200203,1.07,1.07,1.06,1.06,65066
FAM,20200203,0.049,0.05,0.045,0.048,94054
FAR,20200203,0.04,0.04,0.037,0.038,44856600
FAU,20200203,0.01,0.01,0.009,0.009,106000
FBR,20200203,0.048,0.049,0.046,0.046,1571181
FBU,20200203,5.3,5.34,5.27,5.31,570195
FCL,20200203,3.06,3.21,3.04,3.2,151825
FCT,20200203,0.13,0.135,0.125,0.125,326553
FDV,20200203,1.13,1.15,0.995,1.065,611001
FEL,20200203,0.014,0.014,0.013,0.013,550000
FEX,20200203,0.05,0.054,0.05,0.052,96950
FFC,20200203,0.089,0.09,0.089,0.09,74122
FFL,20200203,0.37,0.37,0.36,0.36,79700
FFR,20200203,0.051,0.051,0.051,0.051,79167
FGG,20200203,1.255,1.255,1.235,1.25,419894
FGO,20200203,0.002,0.002,0.002,0.002,1000000
FGR,20200203,0.19,0.195,0.165,0.17,3354466
FGX,20200203,1.15,1.15,1.135,1.135,581572
FHS,20200203,0.014,0.014,0.013,0.014,4421944
FID,20200203,5.62,5.65,5.51,5.51,12367
FIJ,20200203,0.095,0.099,0.094,0.099,93295
FLC,20200203,0.395,0.395,0.365,0.37,1449553
FLN,20200203,0.48,0.48,0.47,0.48,280006
FLT,20200203,38.37,38.79,37.96,38.6,438195
FMG,20200203,10.94,11.18,10.79,11,16988408
FML,20200203,0.265,0.27,0.265,0.27,34347
FNP,20200203,4.8,4.8,4.64,4.64,437774
FNT,20200203,0.011,0.011,0.011,0.011,4612861
FOD,20200203,0.065,0.065,0.064,0.064,202043
FOR,20200203,1.17,1.17,1.155,1.16,31830
FPC,20200203,1.03,1.03,0.99,0.99,33331
FPH,20200203,22.22,22.69,22.18,22.54,360421
FPL,20200203,0.005,0.006,0.005,0.006,683218
FPP,20200203,0.925,0.925,0.84,0.84,44478
FRI,20200203,0.86,0.87,0.86,0.86,116461
FRN,20200203,0.02,0.02,0.02,0.02,810187
FSA,20200203,1.36,1.365,1.36,1.365,54748
FSF,20200203,3.89,3.89,3.85,3.85,630
FSG,20200203,0.02,0.02,0.02,0.02,80437
FSI,20200203,1.97,1.97,1.95,1.95,4944
FTC,20200203,0.105,0.105,0.105,0.105,70000
FTZ,20200203,0.08,0.08,0.08,0.08,9000
FWD,20200203,2.05,2.09,2.03,2.06,5375
FXL,20200203,1.94,1.945,1.835,1.87,5116104
FYI,20200203,0.05,0.05,0.049,0.049,120000
FZO,20200203,0.155,0.16,0.155,0.155,441551
FZR,20200203,0.195,0.195,0.19,0.19,4899
G1A,20200203,0.3,0.3,0.285,0.285,90787
G88,20200203,0.046,0.05,0.046,0.05,110000
GAL,20200203,0.165,0.165,0.15,0.15,855362
GAP,20200203,0.195,0.195,0.19,0.19,96732
GAS,20200203,0.6,0.6,0.6,0.6,10949
GBP,20200203,0.032,0.032,0.032,0.032,16666
GBZ,20200203,0.07,0.07,0.07,0.07,40000
GC1,20200203,0.795,0.795,0.79,0.79,71494
GCI,20200203,2.04,2.05,2.03,2.04,80086
GDF,20200203,1.4,1.405,1.39,1.405,180265
GDG,20200203,0.86,0.86,0.85,0.85,2690
GDI,20200203,1.525,1.54,1.525,1.535,231771
GDX,20200203,43,43.61,43,43.1,23679
GEM,20200203,1.865,1.88,1.835,1.855,4563105
GEV,20200203,0.145,0.15,0.145,0.15,234592
GGE,20200203,0.006,0.006,0.006,0.006,664661
GGG,20200203,0.125,0.125,0.12,0.12,1407430
GGX,20200203,0.003,0.003,0.003,0.003,1010832
GIB,20200203,0.048,0.048,0.045,0.045,93177
GLB,20200203,1.815,1.815,1.78,1.78,983
GLN,20200203,0.195,0.195,0.19,0.19,60647
GMA,20200203,3.61,3.63,3.49,3.61,948154
GMC,20200203,0.006,0.006,0.005,0.005,1249900
GMD,20200203,0.034,0.035,0.032,0.033,3170327
GME,20200203,0.053,0.053,0.053,0.053,30000
GMG,20200203,14.83,14.98,14.795,14.94,2930544
GML,20200203,0.016,0.016,0.015,0.015,270156
GMN,20200203,0.069,0.069,0.069,0.069,100000
GMR,20200203,0.009,0.01,0.009,0.01,6407179
GMV,20200203,0.115,0.115,0.1,0.1,866434
GNC,20200203,8.35,8.58,8.32,8.58,992387
GNE,20200203,3.02,3.02,2.9,2.9,25912
GNG,20200203,0.91,0.915,0.9,0.915,15128
GNM,20200203,0.008,0.008,0.008,0.008,4007004
GNX,20200203,0.21,0.21,0.205,0.205,309134
GO2,20200203,0.019,0.019,0.018,0.018,63321
GOR,20200203,1.45,1.47,1.435,1.46,6910124
GOW,20200203,2.34,2.35,2.3,2.3,31436
GOZ,20200203,4.4,4.4,4.33,4.34,648464
GPR,20200203,0.46,0.46,0.43,0.44,91595
GPT,20200203,5.94,6.05,5.935,6,6252221
GRB,20200203,0.082,0.082,0.078,0.078,662409
GRL,20200203,0.2,0.2,0.19,0.195,95256
GRR,20200203,0.23,0.235,0.225,0.23,2068086
GRV,20200203,0.018,0.018,0.018,0.018,347822
GSN,20200203,0.052,0.054,0.052,0.054,120000
GSS,20200203,1.115,1.285,1.1,1.205,546738
GSW,20200203,0.56,0.565,0.5,0.56,79557
GTE,20200203,0.003,0.004,0.003,0.003,4025965
GTG,20200203,0.011,0.011,0.01,0.01,2375202
GTK,20200203,1.96,1.96,1.9,1.96,124486
GTN,20200203,0.77,0.775,0.77,0.775,16727
GTR,20200203,0.008,0.008,0.008,0.008,150000
GUD,20200203,11.95,12.3,11.83,12.21,755085
GUL,20200203,0.031,0.031,0.031,0.031,14157
GVF,20200203,1.09,1.095,1.085,1.095,96410
GWA,20200203,3.59,3.59,3.475,3.53,1287099
GWR,20200203,0.081,0.081,0.08,0.08,13623
GXY,20200203,0.99,0.995,0.965,0.995,2783771
HAS,20200203,0.125,0.13,0.122,0.125,72938
HAW,20200203,0.087,0.087,0.079,0.079,270682
HCD,20200203,0.052,0.061,0.052,0.06,167346
HCH,20200203,0.029,0.029,0.028,0.028,4291201
HCT,20200203,0.095,0.132,0.095,0.115,10360315
HE8,20200203,0.185,0.19,0.18,0.19,1028865
HFR,20200203,0.74,0.745,0.69,0.715,194939
HGO,20200203,0.059,0.059,0.059,0.059,43500
HHM,20200203,0.033,0.033,0.032,0.032,40000
HIL,20200203,0.41,0.415,0.395,0.415,550987
HIP,20200203,0.019,0.02,0.018,0.019,782500
HIT,20200203,1.325,1.325,1.305,1.305,13829
HLA,20200203,1.27,1.28,1.22,1.22,29809
HLO,20200203,4.09,4.1,4.01,4.01,128241
HLS,20200203,2.93,2.94,2.89,2.92,1114342
HLX,20200203,0.014,0.015,0.014,0.014,1040462
HM1,20200203,3.24,3.34,3.24,3.27,84434
HMC,20200203,3.66,3.78,3.66,3.73,62390
HMD,20200203,0.165,0.165,0.155,0.155,1025224
HMX,20200203,0.023,0.023,0.021,0.021,646703
HNR,20200203,0.008,0.008,0.008,0.008,522280
HPI,20200203,3.37,3.39,3.35,3.37,165751
HPR,20200203,0.097,0.097,0.09,0.09,248690
HRL,20200203,0.125,0.125,0.115,0.12,458606
HRN,20200203,0.2,0.2,0.18,0.18,15802
HRR,20200203,0.083,0.084,0.076,0.076,531253
HRZ,20200203,0.105,0.115,0.1,0.115,256390
HSC,20200203,0.006,0.007,0.006,0.006,27211850
HSN,20200203,3.67,3.67,3.59,3.61,85681
HT1,20200203,1.675,1.7,1.67,1.7,2858
HTA,20200203,0.135,0.135,0.13,0.13,115081
HUB,20200203,10.84,10.84,10.38,10.39,248894
HUO,20200203,4.5,4.5,4.45,4.45,3282
HVM,20200203,0.195,0.195,0.17,0.17,577765
HVN,20200203,4.18,4.27,4.16,4.26,3524696
HWH,20200203,0.038,0.038,0.035,0.035,794472
HWK,20200203,0.008,0.008,0.005,0.006,23815894
HXG,20200203,0.052,0.052,0.048,0.048,199443
HYD,20200203,0.24,0.24,0.235,0.235,44825
HZN,20200203,0.12,0.12,0.11,0.115,1864766
HZR,20200203,0.43,0.435,0.415,0.42,201427
IAA,20200203,94.2,94.53,92.46,94.43,13179
IAF,20200203,116.16,116.36,116.04,116.12,124045
IAG,20200203,7.03,7.06,6.95,7.01,5020490
IAP,20200203,1.505,1.545,1.505,1.53,65660
IBC,20200203,0.525,0.525,0.525,0.525,7174
IBG,20200203,0.012,0.012,0.012,0.012,117237
IBX,20200203,0.026,0.027,0.025,0.026,2683682
ICE,20200203,0.23,0.23,0.22,0.23,182691
ICG,20200203,0.001,0.001,0.001,0.001,1000000
ICN,20200203,0.005,0.005,0.005,0.005,31487
ICQ,20200203,0.345,0.355,0.335,0.35,1187582
ICS,20200203,1.85,1.85,1.835,1.835,15000
ICT,20200203,0.042,0.043,0.041,0.041,486552
ICU,20200203,0.009,0.009,0.009,0.009,125179
IDA,20200203,0.026,0.026,0.025,0.025,503931
IDT,20200203,0.145,0.15,0.145,0.145,114251
IDX,20200203,4.07,4.13,3.98,4.02,752823
IEL,20200203,16.43,16.93,16.05,16.58,2758012
IEM,20200203,63,63.69,62.81,63.33,39565
IEU,20200203,68.2,68.8,67.5,68.37,21629
IFL,20200203,7.65,7.755,7.39,7.7,1690026
IFM,20200203,1.97,2.02,1.96,1.995,355697
IFN,20200203,0.785,0.785,0.775,0.775,1203646
IFT,20200203,5.16,5.16,5.16,5.16,6
IGB,20200203,114.97,114.97,114.66,114.67,3198
IGL,20200203,2.28,2.29,2.25,2.26,378060
IGO,20200203,5.89,6,5.78,5.8,4341244
IHD,20200203,14.2,14.25,14.17,14.24,36105
IHL,20200203,0.064,0.066,0.064,0.065,387650
IHR,20200203,0.096,0.096,0.092,0.093,74148
IJH,20200203,299.5,301.7,299.5,301.64,418
IJP,20200203,85.22,87.36,85.22,87.24,4350
IJR,20200203,122.67,122.67,120.06,121.35,11909
IKO,20200203,88.7,88.88,87.22,88.88,885
ILB,20200203,130.91,131.32,130.75,131.3,1202
ILC,20200203,26.68,26.86,26.68,26.86,14646
ILU,20200203,9.5,9.5,9.3,9.33,1367513
IMA,20200203,0.23,0.23,0.21,0.22,476970
IMC,20200203,0.135,0.135,0.13,0.13,221703
IMD,20200203,1.425,1.43,1.395,1.42,278288
IME,20200203,0.031,0.032,0.029,0.03,8009475
IMF,20200203,4.57,4.89,4.56,4.87,908820
IMM,20200203,0.335,0.335,0.315,0.325,1616201
IMR,20200203,1.43,1.485,1.43,1.43,28551
IMS,20200203,0.007,0.007,0.007,0.007,827012
IMU,20200203,0.034,0.034,0.03,0.032,29563799
INA,20200203,4.73,4.77,4.73,4.74,478053
INF,20200203,0.06,0.06,0.06,0.06,11070
ING,20200203,3.55,3.6,3.51,3.57,919947
INP,20200203,0.02,0.02,0.02,0.02,168880
INR,20200203,0.175,0.18,0.175,0.18,1013012
IOO,20200203,81,81.65,81,81.47,30740
IOZ,20200203,28.12,28.3,28.1,28.2,232735
IP1,20200203,0.008,0.008,0.007,0.007,1166504
IPD,20200203,0.125,0.125,0.115,0.115,1197719
IPH,20200203,9.05,9.38,9.03,9.32,524643
IPL,20200203,3.2,3.235,3.14,3.16,6501874
IPT,20200203,0.008,0.008,0.008,0.008,1183100
IRD,20200203,0.069,0.069,0.069,0.069,752
IRE,20200203,14,14,13.61,13.68,310829
IRI,20200203,2.9,2.93,2.85,2.91,281271
ISD,20200203,0.26,0.26,0.252,0.26,244139
ISO,20200203,5.07,5.07,5.045,5.05,11372
ISU,20200203,0.495,0.51,0.48,0.495,172766
ITG,20200203,0.435,0.435,0.427,0.43,234242
ITW,20200203,60,60,59.72,59.72,315
IVC,20200203,13.4,13.52,13.11,13.51,363080
IVE,20200203,101.33,101.97,100.71,101.5,914
IVR,20200203,0.024,0.024,0.023,0.024,2299870
IVV,20200203,484.03,486.85,483.49,486.23,17190
IVX,20200203,0.012,0.012,0.012,0.012,1050000
IVZ,20200203,0.025,0.025,0.025,0.025,300000
IXC,20200203,1.11,1.165,1.06,1.11,145038
IXI,20200203,82.01,83.24,82.01,83.24,1560
IXJ,20200203,104,104,101.5,101.9,8814
IZZ,20200203,59,60.43,58.5,59.85,34115
JAL,20200203,0.19,0.19,0.19,0.19,20521
JAN,20200203,0.46,0.46,0.46,0.46,4158
JAT,20200203,0.05,0.054,0.048,0.049,9523357
JBH,20200203,39.1,39.85,37.5,39.77,476775
JCS,20200203,0.028,0.028,0.027,0.027,90898
JDR,20200203,0.012,0.012,0.012,0.012,22660
JHC,20200203,0.96,0.97,0.92,0.92,534667
JHG,20200203,37.51,38.07,37.18,37.92,224418
JHX,20200203,31.48,31.94,31.15,31.79,1231141
JIN,20200203,13.32,13.36,13.02,13.18,575516
JLG,20200203,2.36,2.5,2.35,2.47,163692
JMS,20200203,0.285,0.285,0.275,0.275,3914145
JRV,20200203,0.245,0.245,0.24,0.24,80914
JXT,20200203,0.12,0.125,0.11,0.11,33221
JYC,20200203,1.5,1.51,1.485,1.51,22000
K2F,20200203,0.24,0.24,0.235,0.24,673190
KAI,20200203,0.007,0.007,0.006,0.006,3448447
KAR,20200203,1.1,1.115,1.07,1.07,6543492
KAS,20200203,0.013,0.013,0.013,0.013,12000
KAT,20200203,0.855,0.86,0.855,0.855,56200
KCN,20200203,0.565,0.565,0.54,0.55,269529
KEY,20200203,0.006,0.006,0.005,0.005,1224374
KFE,20200203,0.062,0.062,0.058,0.058,258225
KGL,20200203,0.23,0.23,0.23,0.23,2500
KGM,20200203,0.005,0.005,0.005,0.005,80000
KGN,20200203,5.01,5.11,4.96,5.01,1283525
KIN,20200203,0.034,0.043,0.034,0.043,2614929
KIS,20200203,0.057,0.057,0.056,0.056,50000
KKC,20200203,2.46,2.47,2.44,2.47,580247
KLA,20200203,61.31,62.5,61.31,61.4,3845
KLL,20200203,0.5,0.505,0.49,0.495,634204
KMD,20200203,2.81,2.86,2.81,2.84,226831
KME,20200203,1.49,1.52,1.49,1.5,10221
KMT,20200203,0.005,0.005,0.005,0.005,4001147
KNM,20200203,0.02,0.02,0.017,0.019,1252511
KNO,20200203,0.083,0.083,0.083,0.083,33671
KOR,20200203,0.01,0.01,0.01,0.01,89153
KOV,20200203,4.3,4.3,4.23,4.26,23600
KP2,20200203,0.02,0.02,0.02,0.02,5620
KPG,20200203,0.9,0.9,0.86,0.86,2000
KPO,20200203,0.032,0.033,0.032,0.032,986970
KRM,20200203,0.031,0.031,0.03,0.03,1168118
KRR,20200203,0.02,0.02,0.019,0.02,869239
KSL,20200203,1.4,1.42,1.35,1.385,251662
KSN,20200203,0.19,0.19,0.18,0.19,422810
KSS,20200203,0.36,0.36,0.33,0.34,586599
KTA,20200203,0.031,0.031,0.03,0.03,509263
KTD,20200203,0.385,0.385,0.37,0.375,425314
KTG,20200203,0.192,0.2,0.177,0.18,325551
KWR,20200203,0.145,0.145,0.135,0.14,263996
KYK,20200203,0.089,0.089,0.082,0.084,589808
KZA,20200203,0.615,0.62,0.59,0.61,42272
KZR,20200203,0.625,0.655,0.6,0.615,724346
LAU,20200203,0.345,0.36,0.345,0.36,41454
LAW,20200203,0.072,0.072,0.072,0.072,15921
LBL,20200203,0.715,0.72,0.69,0.705,152453
LBT,20200203,0.15,0.152,0.15,0.15,441123
LCK,20200203,0.125,0.14,0.12,0.13,435372
LCM,20200203,0.195,0.195,0.195,0.195,16477
LCT,20200203,0.018,0.019,0.018,0.019,442000
LEG,20200203,0.079,0.08,0.076,0.079,4210840
LEP,20200203,5.56,5.65,5.56,5.61,16055
LER,20200203,0.025,0.025,0.025,0.025,144707
LI3,20200203,0.034,0.034,0.034,0.034,14999
LIC,20200203,9.07,9.11,8.94,9,75156
LIN,20200203,0.039,0.04,0.037,0.038,3675133
LIO,20200203,0.02,0.02,0.02,0.02,196200
LIT,20200203,0.06,0.06,0.055,0.056,2328643
LLC,20200203,17.84,18.02,17.72,17.73,1462036
LLO,20200203,1.88,1.9,1.88,1.89,2498
LME,20200203,1.83,1.86,1.83,1.83,6176
LMG,20200203,0.015,0.016,0.015,0.016,111719
LML,20200203,0.005,0.005,0.005,0.005,1000000
LMW,20200203,0.14,0.14,0.14,0.14,53936
LNG,20200203,0.155,0.157,0.14,0.15,2148728
LNK,20200203,6.6,6.65,6.44,6.46,2853725
LNU,20200203,0.029,0.029,0.025,0.027,713189
LOM,20200203,0.11,0.11,0.11,0.11,251945
LON,20200203,0.15,0.16,0.15,0.16,79385
LOT,20200203,0.049,0.049,0.049,0.049,7000
LOV,20200203,10.98,11.19,10.65,10.8,380073
LPD,20200203,0.013,0.013,0.012,0.013,10174847
LPE,20200203,0.57,0.57,0.57,0.57,3473
LPI,20200203,0.265,0.265,0.265,0.265,92450
LSF,20200203,1.47,1.47,1.425,1.445,687386
LSH,20200203,0.034,0.034,0.034,0.034,4858
LSR,20200203,0.009,0.009,0.009,0.009,678332
LSX,20200203,0.445,0.445,0.445,0.445,7000
LTR,20200203,0.083,0.083,0.075,0.08,6378164
LVE,20200203,0.042,0.042,0.042,0.042,11878
LVH,20200203,0.215,0.215,0.195,0.195,216877
LVT,20200203,0.245,0.255,0.24,0.24,5202133
LYC,20200203,2.17,2.18,2.12,2.13,4082516
LYL,20200203,6.1,6.23,6.05,6.09,53159
M7T,20200203,0.785,0.822,0.755,0.805,628867
M8S,20200203,0.165,0.165,0.165,0.165,47416
MA1,20200203,1.015,1.015,1.015,1.015,25875
MAD,20200203,1.1,1.1,1.1,1.1,17781
MAG,20200203,0.38,0.38,0.33,0.35,1089366
MAH,20200203,0.27,0.275,0.265,0.265,344835
MAI,20200203,0.63,0.65,0.63,0.63,57271
MAM,20200203,0.57,0.57,0.57,0.57,15000
MAN,20200203,0.015,0.015,0.015,0.015,1000000
MAQ,20200203,26.95,26.95,26,26.2,5262
MAT,20200203,0.135,0.135,0.125,0.125,881516
MAU,20200203,0.6,0.6,0.57,0.57,12500
MAY,20200203,0.01,0.01,0.01,0.01,1452614
MBK,20200203,0.007,0.007,0.007,0.007,25000
MCA,20200203,0.145,0.15,0.145,0.15,128413
MCP,20200203,2.55,2.62,2.55,2.58,845555
MCR,20200203,0.65,0.655,0.625,0.63,994387
MCT,20200203,0.005,0.005,0.004,0.004,1195000
MCY,20200203,5,5.02,4.97,4.97,2475
MDC,20200203,0.33,0.33,0.315,0.315,146885
MDI,20200203,0.004,0.004,0.004,0.004,200000
MDR,20200203,0.49,0.49,0.43,0.46,288234
MEB,20200203,0.009,0.009,0.009,0.009,840325
MEC,20200203,0.965,0.965,0.96,0.96,62811
MEI,20200203,0.021,0.022,0.02,0.022,3654605
MEL,20200203,0.045,0.045,0.045,0.045,38462
MEM,20200203,0.049,0.049,0.047,0.047,307637
MEP,20200203,0.045,0.045,0.042,0.042,495102
MEU,20200203,0.043,0.044,0.038,0.039,3028215
MEY,20200203,0.07,0.07,0.061,0.061,64413
MEZ,20200203,5.1,5.14,5.04,5.06,28349
MFD,20200203,1.06,1.09,1.04,1.08,142746
MFF,20200203,3.65,3.65,3.55,3.59,514486
MFG,20200203,65.99,66.39,64.55,65.85,415250
MGC,20200203,0.435,0.435,0.435,0.435,44000
MGE,20200203,4.23,4.24,4.22,4.24,1246204
MGG,20200203,2.06,2.11,2.06,2.09,928987
MGL,20200203,0.017,0.017,0.017,0.017,11222
MGR,20200203,3.38,3.455,3.37,3.44,10200796
MGU,20200203,0.055,0.055,0.055,0.055,51000
MGV,20200203,0.092,0.092,0.088,0.088,191268
MGX,20200203,0.89,0.89,0.855,0.865,1893172
MHC,20200203,0.006,0.006,0.005,0.005,8801254
MHG,20200203,3.63,3.64,3.61,3.64,172195
MHH,20200203,1.655,1.665,1.63,1.655,945339
MHJ,20200203,0.6,0.625,0.57,0.605,158682
MIL,20200203,0.45,0.45,0.45,0.45,9135
MIN,20200203,16.55,16.7,16.35,16.42,1180304
MIO,20200203,0.215,0.215,0.21,0.215,51145
MIR,20200203,2.62,2.66,2.6,2.6,80557
MLD,20200203,0.935,0.94,0.92,0.92,246073
MLL,20200203,0.098,0.098,0.09,0.096,143937
MLM,20200203,0.014,0.014,0.013,0.013,364800
MLS,20200203,0.001,0.001,0.001,0.001,31566363
MLT,20200203,5.03,5.06,5,5.01,106181
MLX,20200203,0.079,0.079,0.073,0.079,3336056
MME,20200203,1.5,1.5,1.45,1.49,22845
MMI,20200203,0.155,0.16,0.15,0.155,2246051
MMJ,20200203,0.13,0.135,0.125,0.125,217402
MML,20200203,0.79,0.79,0.755,0.765,374374
MMM,20200203,0.36,0.36,0.33,0.33,526395
MMS,20200203,12.58,12.98,12.51,12.8,315083
MND,20200203,17.46,17.46,16.78,17.09,245301
MNF,20200203,4.95,4.95,4.78,4.82,46628
MNS,20200203,0.1,0.1,0.096,0.096,864665
MNW,20200203,0.017,0.017,0.017,0.017,45761
MNY,20200203,2.43,2.43,2.35,2.4,165850
MOB,20200203,0.1,0.1,0.1,0.1,169423
MOC,20200203,1.3,1.305,1.28,1.305,143375
MOE,20200203,5.5,5.5,5.17,5.31,74006
MOT,20200203,2.06,2.075,2.06,2.07,200726
MOZ,20200203,1.71,1.71,1.67,1.675,53327
MP1,20200203,11,11.05,10.69,10.86,511461
MPL,20200203,3.06,3.08,3.05,3.05,7778894
MPP,20200203,0.25,0.25,0.25,0.25,17179
MPR,20200203,0.024,0.024,0.024,0.024,68000
MPW,20200203,0.091,0.091,0.086,0.086,730459
MQG,20200203,142,142,140.425,141.85,969480
MQR,20200203,0.053,0.053,0.053,0.053,14833
MRC,20200203,0.28,0.287,0.28,0.287,34000
MRD,20200203,0.002,0.002,0.002,0.002,800000
MRL,20200203,0.455,0.455,0.455,0.455,5000
MRM,20200203,0.17,0.17,0.16,0.16,495614
MRQ,20200203,0.012,0.012,0.01,0.011,33802559
MRV,20200203,0.003,0.003,0.003,0.003,1689028
MRZ,20200203,0.235,0.235,0.215,0.215,76240
MSB,20200203,2.9,3.02,2.81,2.96,2437303
MSE,20200203,0.012,0.012,0.012,0.012,814215
MSG,20200203,0.02,0.02,0.015,0.016,4665774
MSM,20200203,0.013,0.013,0.013,0.013,260833
MSR,20200203,0.002,0.002,0.002,0.002,110000
MSV,20200203,0.061,0.063,0.061,0.062,844229
MTC,20200203,0.046,0.052,0.046,0.05,3222541
MTH,20200203,0.01,0.01,0.009,0.01,802154
MTO,20200203,1.95,1.965,1.95,1.965,17264
MTS,20200203,2.58,2.59,2.55,2.57,2919680
MVA,20200203,26.2,26.27,26.12,26.12,379051
MVB,20200203,26.73,26.83,26.63,26.83,9789
MVE,20200203,29.8,29.8,29.61,29.73,9527
MVF,20200203,1,1.002,0.965,0.985,435630
MVP,20200203,9.85,10.94,9.75,10.82,311456
MVR,20200203,30.1,30.1,29.5,29.5,3843
MVS,20200203,20.25,20.5,20.25,20.5,3584
MVW,20200203,31.56,31.65,31.48,31.53,97692
MWR,20200203,0.21,0.217,0.19,0.195,849681
MWY,20200203,1.8,1.8,1.645,1.68,193767
MX1,20200203,0.15,0.15,0.14,0.14,320267
MXC,20200203,0.033,0.034,0.032,0.032,3825606
MXI,20200203,0.205,0.205,0.205,0.205,115000
MXT,20200203,2.03,2.04,2.02,2.04,1245942
MYE,20200203,0.92,0.945,0.92,0.945,15637
MYL,20200203,0.05,0.05,0.048,0.048,2291289
MYQ,20200203,0.18,0.19,0.18,0.185,311510
MYR,20200203,0.43,0.435,0.415,0.425,1300555
MYS,20200203,5.39,5.59,5.35,5.53,274426
MYX,20200203,0.45,0.46,0.445,0.46,3576269
N1H,20200203,0.083,0.083,0.083,0.083,1833
NAB,20200203,25.35,25.56,25.25,25.5,6115068
NAC,20200203,0.98,0.985,0.98,0.985,86400
NAG,20200203,0.049,0.049,0.049,0.049,100000
NAN,20200203,6.92,6.92,6.73,6.85,643988
NBI,20200203,2.06,2.07,2.05,2.05,438643
NCC,20200203,1.04,1.045,1.04,1.04,22802
NCK,20200203,7.03,7.14,6.85,7.1,207594
NCM,20200203,29.75,30.03,29.43,29.45,2577248
NCR,20200203,0.011,0.011,0.011,0.011,1500000
NCZ,20200203,0.205,0.21,0.185,0.19,5143718
NDQ,20200203,22.77,22.99,22.77,22.96,200650
NEA,20200203,1.65,1.74,1.6,1.74,23106298
NEC,20200203,1.865,1.865,1.805,1.81,7126973
NET,20200203,0.099,0.099,0.086,0.086,4253528
NEU,20200203,2.71,2.83,2.71,2.73,51046
NEW,20200203,1.225,1.225,1.18,1.19,365290
NGE,20200203,0.64,0.645,0.64,0.645,24671
NGI,20200203,3.16,3.2,3.07,3.2,251337
NGY,20200203,0.018,0.018,0.018,0.018,70000
NHC,20200203,1.88,1.89,1.83,1.83,2083159
NHF,20200203,5.34,5.375,5.31,5.32,1813681
NIC,20200203,0.605,0.605,0.57,0.585,4647334
NML,20200203,0.11,0.11,0.1,0.1,676705
NMT,20200203,0.19,0.19,0.185,0.185,235458
NNW,20200203,0.07,0.07,0.07,0.07,10000
NOR,20200203,0.046,0.048,0.043,0.048,835200
NOV,20200203,0.19,0.19,0.185,0.19,220080
NOX,20200203,0.24,0.24,0.22,0.22,167697
NSB,20200203,0.165,0.175,0.155,0.17,81745
NSC,20200203,0.69,0.695,0.65,0.68,206266
NSR,20200203,2.13,2.16,2.13,2.14,1467004
NST,20200203,13.1,13.17,12.89,12.91,3629241
NTD,20200203,0.4,0.4,0.385,0.39,546214
NTI,20200203,0.01,0.01,0.009,0.009,517242
NTO,20200203,1.6,1.63,1.565,1.59,3275
NTU,20200203,0.05,0.05,0.047,0.048,2114591
NUC,20200203,3.5,3.5,3.43,3.43,55282
NUF,20200203,5.4,5.45,5.25,5.27,1788435
NUH,20200203,0.028,0.028,0.025,0.025,5373134
NUS,20200203,0.31,0.315,0.3,0.315,27428
NVA,20200203,0.04,0.04,0.039,0.039,1638950
NVL,20200203,3.65,3.67,3.65,3.66,356298
NVO,20200203,0.019,0.019,0.017,0.017,3103089
NVU,20200203,0.034,0.034,0.034,0.034,35000
NVX,20200203,0.46,0.46,0.45,0.45,25318
NWC,20200203,0.014,0.014,0.014,0.014,302507
NWE,20200203,0.005,0.005,0.004,0.005,33604628
NWF,20200203,0.15,0.15,0.15,0.15,95
NWH,20200203,3,3.03,2.93,2.95,2394309
NWL,20200203,8,8,7.82,7.85,217103
NWM,20200203,0.145,0.145,0.11,0.11,61630
NWS,20200203,21.16,21.16,20.71,20.9,216358
NXE,20200203,0.007,0.007,0.007,0.007,495887
NXS,20200203,2.7,2.7,2.48,2.55,200135
NXT,20200203,7.46,7.575,7.43,7.51,1974100
NYR,20200203,0.21,0.21,0.2,0.2,744534
NZC,20200203,0.36,0.365,0.357,0.36,973338
NZK,20200203,2.11,2.11,2.11,2.11,928
NZM,20200203,0.375,0.375,0.375,0.375,8374
NZS,20200203,0.013,0.014,0.013,0.013,575730
OAR,20200203,0.004,0.004,0.004,0.004,8960000
OAU,20200203,0.021,0.021,0.02,0.021,106000
OBM,20200203,0.18,0.19,0.18,0.19,62478
OCC,20200203,0.475,0.5,0.465,0.5,410074
OCL,20200203,6.5,6.59,6.37,6.59,22649
ODA,20200203,0.195,0.2,0.185,0.185,4167
OEC,20200203,0.44,0.51,0.42,0.49,993748
OEL,20200203,0.031,0.031,0.029,0.029,3783426
OEX,20200203,0.003,0.003,0.003,0.003,34000
OFX,20200203,1.515,1.522,1.49,1.5,616656
OGA,20200203,0.13,0.13,0.13,0.13,24698
OGC,20200203,3.1,3.13,3.03,3.06,875085
OIL,20200203,0.035,0.035,0.035,0.035,92296
OKR,20200203,0.08,0.08,0.075,0.075,33104
OKU,20200203,0.235,0.24,0.22,0.225,753733
OLI,20200203,0.096,0.098,0.085,0.088,1831756
OLL,20200203,0.195,0.2,0.18,0.185,887697
OMH,20200203,0.43,0.43,0.42,0.43,254953
OML,20200203,3.33,3.345,3.255,3.28,823692
ONE,20200203,0.15,0.15,0.15,0.15,15000
ONX,20200203,0.081,0.081,0.08,0.08,277085
OOO,20200203,13.55,13.55,13.03,13.26,80398
OPC,20200203,3.89,3.89,3.77,3.77,41069
OPH,20200203,2.66,2.69,2.63,2.66,129460
OPL,20200203,0.13,0.13,0.11,0.13,192413
OPT,20200203,3.4,3.49,3.33,3.42,378515
OPY,20200203,1.21,1.215,1.19,1.2,229533
ORA,20200203,3.15,3.17,3.13,3.15,1953220
ORE,20200203,3,3.12,2.97,3.08,1090846
ORG,20200203,7.99,8.06,7.9,7.91,7736367
ORI,20200203,22.21,22.34,21.88,21.98,1447319
ORN,20200203,0.021,0.021,0.018,0.018,4821999
ORR,20200203,0.44,0.44,0.43,0.43,129521
OSH,20200203,6.51,6.86,6.41,6.72,11436941
OSL,20200203,0.19,0.19,0.175,0.175,3328044
OSP,20200203,0.025,0.025,0.023,0.023,1323051
OSX,20200203,0.62,0.62,0.57,0.595,93118
OTW,20200203,4.38,4.38,4.29,4.34,23865
OVH,20200203,0.36,0.36,0.325,0.345,505364
OVL,20200203,0.009,0.009,0.009,0.009,2017903
OVN,20200203,0.39,0.395,0.385,0.385,131599
OVT,20200203,0.048,0.048,0.048,0.048,4400
OZF,20200203,19.77,19.82,19.69,19.8,9520
OZL,20200203,9.95,10.02,9.66,9.72,3386152
OZR,20200203,11.84,11.86,11.81,11.81,16368
P2P,20200203,0.053,0.055,0.048,0.053,147316
PAA,20200203,0.11,0.115,0.096,0.105,815023
PAB,20200203,0.018,0.018,0.018,0.018,1737537
PAC,20200203,6.3,6.41,6.25,6.34,84010
PAF,20200203,0.895,0.9,0.885,0.89,146500
PAI,20200203,1.015,1.04,1.005,1.015,661288
PAL,20200203,1.01,1.01,0.91,0.925,315859
PAN,20200203,0.23,0.23,0.215,0.225,3470999
PAR,20200203,3.99,4.09,3.9,4.03,1019895
PBH,20200203,5.3,5.37,5.15,5.2,1347711
PBP,20200203,2.22,2.22,2.15,2.2,191645
PCG,20200203,1.555,1.555,1.535,1.535,6251
PCH,20200203,0.002,0.002,0.002,0.002,11159612
PCI,20200203,1.13,1.135,1.125,1.125,816159
PCK,20200203,0.145,0.16,0.135,0.16,5067860
PCL,20200203,0.001,0.001,0.001,0.001,100000
PDI,20200203,0.008,0.008,0.008,0.008,681490
PDL,20200203,8.7,8.71,8.6,8.66,435420
PDN,20200203,0.082,0.087,0.082,0.087,775840
PDZ,20200203,0.195,0.21,0.195,0.21,264403
PE1,20200203,1.505,1.505,1.42,1.435,270916
PEK,20200203,0.041,0.043,0.039,0.04,5602717
PEN,20200203,0.165,0.165,0.155,0.155,520592
PET,20200203,0.7,0.725,0.68,0.69,1448359
PEX,20200203,0.235,0.24,0.23,0.23,121428
PFP,20200203,3.55,3.55,3.47,3.48,35812
PG1,20200203,0.105,0.105,0.105,0.105,6792
PGC,20200203,0.37,0.37,0.32,0.34,1442089
PGF,20200203,1.215,1.225,1.205,1.225,122661
PGG,20200203,2.05,2.06,2.05,2.06,365573
PGH,20200203,2.72,2.75,2.665,2.69,454194
PGI,20200203,0.036,0.037,0.035,0.035,239946
PGL,20200203,2.03,2.03,1.89,1.995,158669
PGM,20200203,0.02,0.02,0.02,0.02,1617124
PGR,20200203,0.13,0.135,0.125,0.125,109109
PGX,20200203,0.385,0.39,0.385,0.385,179398
PIA,20200203,1.135,1.15,1.135,1.14,263298
PIC,20200203,1.06,1.067,1.045,1.06,387371
PIN,20200203,0.11,0.11,0.105,0.105,195000
PIO,20200203,0.012,0.012,0.012,0.012,54772
PIQ,20200203,0.27,0.27,0.26,0.26,168930
PKD,20200203,0.069,0.069,0.06,0.06,36406
PKS,20200203,0.15,0.15,0.15,0.15,20500
PL8,20200203,1.18,1.19,1.175,1.18,613625
PLL,20200203,0.12,0.12,0.12,0.12,589346
PLS,20200203,0.28,0.29,0.275,0.285,10562949
PLX,20200203,0.695,0.695,0.695,0.695,88
PM1,20200203,0.019,0.019,0.018,0.018,3469045
PMC,20200203,1.62,1.625,1.59,1.59,451402
PME,20200203,23.49,25.39,23.25,25.05,399696
PMV,20200203,19.45,19.5,19.03,19.3,105914
PMY,20200203,0.005,0.006,0.005,0.006,858000
PNC,20200203,1.77,1.77,1.76,1.765,56427
PNI,20200203,4.7,4.87,4.63,4.7,546090
PNN,20200203,0.002,0.002,0.002,0.002,638330
PNR,20200203,0.099,0.105,0.098,0.099,1805463
PNV,20200203,2.74,2.88,2.73,2.83,4261961
PNX,20200203,0.006,0.007,0.006,0.007,2036067
PO3,20200203,3.24,3.24,3.2,3.23,9948
POD,20200203,0.035,0.035,0.035,0.035,118000
POS,20200203,0.035,0.035,0.03,0.033,5619220
POU,20200203,19.26,19.29,19.24,19.24,12850
PPC,20200203,1.325,1.325,1.31,1.32,17162
PPE,20200203,3.56,3.66,3.55,3.55,66998
PPG,20200203,0.11,0.11,0.11,0.11,50000
PPH,20200203,4.4,4.41,4.26,4.26,333818
PPK,20200203,5.51,5.99,5.5,5.9,21249
PPL,20200203,0.01,0.011,0.01,0.01,193373
PPS,20200203,0.47,0.47,0.445,0.45,3845617
PPT,20200203,41,41.84,40.74,41.33,248541
PRM,20200203,0.001,0.001,0.001,0.001,16000
PRN,20200203,1.51,1.52,1.435,1.44,3010859
PRO,20200203,0.7,0.755,0.7,0.755,191933
PRT,20200203,0.155,0.16,0.15,0.15,197119
PRU,20200203,1.185,1.21,1.135,1.14,7487967
PRX,20200203,0.066,0.066,0.066,0.066,392127
PSC,20200203,0.18,0.18,0.18,0.18,30477
PSI,20200203,3.07,3.2,3.03,3.14,34373
PSQ,20200203,1.8,1.8,1.76,1.76,3585
PSZ,20200203,0.029,0.029,0.029,0.029,5000
PTB,20200203,0.93,0.96,0.92,0.945,556856
PTL,20200203,0.32,0.32,0.32,0.32,3332
PTM,20200203,4.65,4.65,4.53,4.56,1397386
PTR,20200203,0.045,0.046,0.043,0.045,589029
PTX,20200203,0.054,0.054,0.051,0.052,2945924
PUA,20200203,0.014,0.014,0.013,0.013,418947
PVS,20200203,1.69,1.69,1.65,1.67,15940
PWG,20200203,1.295,1.3,1.295,1.3,27158
PWH,20200203,4.69,4.79,4.64,4.78,159486
PWL,20200203,0.175,0.175,0.175,0.175,1850
PWN,20200203,0.007,0.007,0.006,0.007,12940010
PXS,20200203,0.115,0.125,0.115,0.115,278270
PXX,20200203,0.037,0.037,0.034,0.035,438119
PYC,20200203,0.059,0.059,0.057,0.058,1423960
PYG,20200203,0.69,0.7,0.69,0.7,17500
QAG,20200203,5.48,5.48,5.48,5.48,5510
QAN,20200203,6.2,6.375,6.2,6.37,7993246
QAU,20200203,15.89,16.35,15.87,15.9,73905
QBE,20200203,13.47,13.67,13.43,13.64,2621972
QCB,20200203,7.6,7.65,7.57,7.65,817
QEM,20200203,0.099,0.099,0.099,0.099,1686
QFE,20200203,0.34,0.34,0.32,0.325,702850
QFN,20200203,11.01,11.05,10.97,11.04,32795
QFY,20200203,0.004,0.004,0.003,0.003,3519000
QGL,20200203,0.05,0.05,0.05,0.05,2
QHL,20200203,0.13,0.13,0.12,0.13,1500249
QIP,20200203,1.325,1.325,1.325,1.325,6000
QMS,20200203,1.23,1.23,1.22,1.225,5143747
QOZ,20200203,13.89,13.96,13.88,13.9,65566
QRE,20200203,6.48,6.5,6.43,6.43,80597
QRI,20200203,1.62,1.625,1.62,1.625,372758
QUB,20200203,3.4,3.46,3.4,3.43,2582564
QUS,20200203,39.91,39.91,39.91,39.91,75
QVE,20200203,1.025,1.025,1.015,1.015,154735
RAC,20200203,0.245,0.25,0.24,0.25,177081
RAG,20200203,0.006,0.006,0.005,0.005,1400000
RAN,20200203,0.014,0.016,0.014,0.016,2054981
RAP,20200203,0.245,0.245,0.235,0.235,584863
RBL,20200203,1,1.015,0.965,0.97,668338
RCB,20200203,20.95,20.95,20.87,20.87,12103
RCE,20200203,0.355,0.355,0.32,0.34,260823
RCT,20200203,2.43,2.43,2.43,2.43,2770
RDC,20200203,1.125,1.13,1.12,1.13,18123
RDH,20200203,1.735,1.735,1.68,1.69,29017
RDM,20200203,0.094,0.094,0.092,0.092,46285
RDV,20200203,30,30.09,29.95,30.02,25669
RDY,20200203,2.15,2.2,2.14,2.15,73161
REA,20200203,112,112.86,111.31,112.31,175715
RED,20200203,0.305,0.32,0.295,0.3,5696451
REE,20200203,0.039,0.039,0.039,0.039,50000
REG,20200203,2.35,2.39,2.32,2.35,413016
REH,20200203,11.32,11.32,10.59,11.05,84959
RES,20200203,0.079,0.079,0.077,0.077,206331
REV,20200203,0.013,0.013,0.013,0.013,200000
REX,20200203,1.11,1.125,1.11,1.125,106135
REY,20200203,0.29,0.3,0.29,0.3,20000
REZ,20200203,0.016,0.016,0.016,0.016,700000
RF1,20200203,2.7,2.7,2.66,2.66,91429
RFF,20200203,1.845,1.845,1.805,1.82,555080
RFG,20200203,0.1,0.105,0.1,0.1,250012
RFR,20200203,0.11,0.11,0.105,0.105,121284
RFT,20200203,0.041,0.042,0.041,0.041,336392
RFX,20200203,0.045,0.045,0.044,0.044,526727
RGB,20200203,23.4,23.4,23.37,23.37,1250
RGI,20200203,0.125,0.125,0.125,0.125,52075
RGS,20200203,0.075,0.075,0.071,0.071,188224
RHC,20200203,77.5,78.74,76.5,78.53,358375
RHP,20200203,2.14,2.19,2.12,2.15,284985
RHT,20200203,0.19,0.195,0.18,0.185,1197739
RHY,20200203,0.1,0.1,0.1,0.1,106826
RIC,20200203,1.02,1.02,1,1.01,165790
RIO,20200203,96.67,97.62,96.06,96.86,1595960
RKN,20200203,0.685,0.685,0.655,0.68,18352
RLE,20200203,0.025,0.025,0.024,0.024,376762
RLG,20200203,0.032,0.033,0.03,0.03,793832
RLT,20200203,1.105,1.23,1.105,1.21,171830
RMC,20200203,1.3,1.31,1.28,1.31,129260
RMD,20200203,23.91,24.24,23.74,23.91,1693732
RMP,20200203,0.011,0.011,0.01,0.011,1903446
RMS,20200203,1.33,1.38,1.33,1.34,3752112
RMX,20200203,0.005,0.005,0.005,0.005,100000
RMY,20200203,0.405,0.435,0.4,0.435,299659
RND,20200203,2.31,2.31,2,2.11,44977
RNE,20200203,0.027,0.027,0.025,0.025,58338
RNO,20200203,0.175,0.18,0.175,0.175,275120
ROG,20200203,0.002,0.002,0.002,0.002,11566734
ROO,20200203,0.04,0.04,0.037,0.04,685523
RPM,20200203,0.165,0.165,0.16,0.16,6930
RRL,20200203,4.54,4.57,4.48,4.5,2011637
RSG,20200203,1.15,1.17,1.115,1.115,18308640
RSH,20200203,0.083,0.083,0.075,0.078,152403
RSM,20200203,21.58,21.63,21.58,21.63,1457
RTG,20200203,0.087,0.088,0.087,0.088,20594
RTR,20200203,0.081,0.081,0.079,0.079,649552
RUL,20200203,1.085,1.115,1.07,1.1,383086
RVR,20200203,0.11,0.11,0.105,0.105,440374
RVS,20200203,0.825,0.825,0.715,0.715,21144
RWC,20200203,4.39,4.45,4.37,4.43,1216292
RXL,20200203,0.028,0.028,0.026,0.026,5573919
RXM,20200203,0.062,0.063,0.059,0.061,1409597
RXP,20200203,0.47,0.485,0.465,0.485,110055
RYD,20200203,1.45,1.45,1.45,1.45,7042
RZI,20200203,0.87,0.88,0.85,0.88,106505
S2R,20200203,0.11,0.11,0.1,0.1,439171
S32,20200203,2.58,2.6,2.52,2.53,18925044
S66,20200203,0.47,0.47,0.455,0.46,48200
SAR,20200203,4.1,4.11,3.93,3.93,6820171
SAU,20200203,0.16,0.16,0.16,0.16,7486
SBM,20200203,2.76,2.785,2.7,2.7,3893419
SBR,20200203,0.002,0.002,0.002,0.002,143000
SCG,20200203,3.85,3.88,3.82,3.83,8528968
SCI,20200203,0.008,0.008,0.008,0.008,1966269
SCL,20200203,0.017,0.018,0.015,0.015,8859832
SCP,20200203,2.89,2.89,2.85,2.86,1676953
SCT,20200203,0.071,0.071,0.071,0.071,55552
SCU,20200203,0.018,0.018,0.017,0.018,907130
SDF,20200203,3.75,3.82,3.72,3.79,937227
SDG,20200203,1.75,1.76,1.735,1.75,65749
SDI,20200203,0.84,0.86,0.825,0.86,120454
SDV,20200203,0.76,0.76,0.72,0.73,408605
SDX,20200203,0.04,0.045,0.038,0.045,494896
SE1,20200203,0.03,0.042,0.014,0.019,12351968
SEC,20200203,1.8,1.825,1.79,1.8,87500
SEI,20200203,0.05,0.05,0.05,0.05,66411
SEK,20200203,22.14,22.33,21.65,21.83,1347274
SEN,20200203,0.069,0.069,0.067,0.067,553410
SES,20200203,0.087,0.087,0.081,0.081,284675
SFC,20200203,15.5,15.5,15.5,15.5,3
SFG,20200203,0.07,0.07,0.065,0.066,2947699
SFR,20200203,5.46,5.49,5.41,5.45,1152723
SFX,20200203,0.275,0.275,0.215,0.23,308839
SFY,20200203,63.44,63.85,63.1,63.77,5127
SGC,20200203,0.036,0.036,0.034,0.034,143176
SGF,20200203,2.2,2.2,2.15,2.17,120885
SGH,20200203,1,1,0.995,0.995,2187
SGI,20200203,0.092,0.092,0.088,0.088,75000
SGM,20200203,9.79,10.34,9.725,10.09,1653467
SGP,20200203,4.91,4.93,4.87,4.9,5231984
SGQ,20200203,0.115,0.115,0.105,0.105,2681516
SGR,20200203,4.05,4.09,3.98,4.03,6349914
SHJ,20200203,0.91,0.91,0.905,0.905,32775
SHL,20200203,31.63,31.67,31.38,31.49,857533
SHM,20200203,0.71,0.72,0.7,0.72,26877
SHV,20200203,8.31,8.53,8.31,8.51,439411
SIG,20200203,0.59,0.59,0.575,0.59,1449596
SIL,20200203,0.046,0.046,0.045,0.045,197786
SIQ,20200203,6.59,6.655,6.54,6.64,762216
SIS,20200203,0.018,0.018,0.014,0.017,1614637
SIT,20200203,0.06,0.06,0.06,0.06,140000
SIV,20200203,0.635,0.635,0.63,0.63,28518
SKC,20200203,3.44,3.5,3.38,3.45,508165
SKF,20200203,0.17,0.17,0.17,0.17,102840
SKI,20200203,2.18,2.2,2.15,2.19,3322575
SKO,20200203,4.85,4.85,4.72,4.77,132497
SKT,20200203,0.67,0.675,0.66,0.675,87889
SKY,20200203,0.105,0.11,0.105,0.11,224076
SLC,20200203,0.86,0.865,0.84,0.845,803995
SLF,20200203,14.62,14.67,14.55,14.62,25707
SLK,20200203,4.3,4.35,4.16,4.21,358675
SLM,20200203,0.81,0.81,0.805,0.805,44197
SLR,20200203,1.65,1.655,1.615,1.62,6910738
SLX,20200203,0.33,0.33,0.32,0.33,57407
SM1,20200203,8.31,8.35,8.2,8.35,42117
SM8,20200203,0.063,0.063,0.059,0.059,567310
SMC,20200203,0.46,0.46,0.46,0.46,10000
SMD,20200203,0.005,0.005,0.005,0.005,180000
SMI,20200203,0.004,0.004,0.004,0.004,43056259
SMN,20200203,0.855,0.885,0.835,0.835,116234
SMP,20200203,0.565,0.585,0.56,0.58,416321
SMR,20200203,0.96,0.96,0.9,0.925,133343
SMX,20200203,0.355,0.355,0.35,0.35,44200
SNC,20200203,0.825,0.825,0.82,0.82,61116
SND,20200203,0.5,0.5,0.475,0.5,41392
SNL,20200203,4.36,4.36,4.3,4.3,13139
SNS,20200203,0.11,0.11,0.11,0.11,310060
SNZ,20200203,8.57,8.58,8.57,8.57,412
SO4,20200203,0.67,0.67,0.63,0.64,255614
SOL,20200203,21.25,21.34,20.77,20.77,543055
SOM,20200203,3.23,3.25,3.19,3.23,16604
SOR,20200203,0.084,0.084,0.08,0.08,310057
SP3,20200203,0.11,0.11,0.105,0.11,118650
SPK,20200203,4.45,4.49,4.4,4.47,929170
SPL,20200203,1.18,1.182,1.155,1.165,84680
SPQ,20200203,0.006,0.006,0.006,0.006,300000
SPT,20200203,0.59,0.59,0.57,0.57,1294489
SPX,20200203,0.091,0.091,0.088,0.089,361294
SPY,20200203,483.95,484.25,482.41,484.25,148
SPZ,20200203,0.23,0.23,0.225,0.23,114723
SRG,20200203,0.4,0.4,0.385,0.385,283465
SRI,20200203,0.067,0.067,0.064,0.064,1137745
SRK,20200203,0.047,0.047,0.047,0.047,440495
SRN,20200203,0.002,0.002,0.002,0.002,500000
SRV,20200203,4.35,4.37,4.35,4.36,7080
SSG,20200203,0.645,0.645,0.595,0.63,302464
SSM,20200203,2.6,2.77,2.56,2.76,2356909
SSO,20200203,15.69,15.69,15.69,15.69,99
STA,20200203,0.115,0.115,0.11,0.11,78250
STG,20200203,1.33,1.335,1.245,1.245,83278
STM,20200203,0.013,0.013,0.012,0.013,3348845
STN,20200203,0.47,0.47,0.45,0.455,316082
STO,20200203,8.4,8.4,8.2,8.25,6935707
STW,20200203,63.78,64.18,63.75,64,193063
STX,20200203,0.17,0.17,0.16,0.16,4226123
SUD,20200203,0.056,0.058,0.055,0.055,68225
SUL,20200203,9.3,9.36,9.1,9.31,1147395
SUN,20200203,12.75,12.78,12.58,12.59,3369721
SUP,20200203,0.011,0.011,0.011,0.011,1765115
SVA,20200203,0.024,0.025,0.024,0.025,23680
SVD,20200203,0.006,0.006,0.006,0.006,75000
SVL,20200203,0.115,0.115,0.105,0.105,2472821
SVM,20200203,0.13,0.13,0.12,0.12,276666
SVW,20200203,19.08,19.66,19.04,19.6,544047
SVY,20200203,0.76,0.765,0.68,0.73,1092713
SW1,20200203,0.081,0.081,0.08,0.08,36681
SWF,20200203,0.14,0.145,0.13,0.135,678132
SWK,20200203,0.17,0.17,0.165,0.165,239718
SWM,20200203,0.255,0.255,0.245,0.245,3087573
SXA,20200203,0.056,0.056,0.056,0.056,118591
SXE,20200203,0.62,0.62,0.595,0.6,114774
SXL,20200203,0.87,0.88,0.852,0.86,1980790
SXY,20200203,0.305,0.307,0.3,0.305,2484684
SYA,20200203,0.016,0.016,0.013,0.013,13053706
SYD,20200203,8.07,8.28,8.07,8.27,11755453
SYI,20200203,29.44,29.61,29.42,29.51,8680
SYR,20200203,0.47,0.5,0.46,0.5,3755871
SZL,20200203,1.935,1.935,1.88,1.91,74820
TAH,20200203,4.64,4.65,4.605,4.61,3887252
TAM,20200203,0.04,0.04,0.039,0.04,485000
TAO,20200203,0.11,0.11,0.11,0.11,22727
TAP,20200203,0.11,0.11,0.105,0.105,215930
TAR,20200203,0.014,0.014,0.014,0.014,61937
TBL,20200203,0.445,0.445,0.4,0.405,44072
TBR,20200203,5.69,5.69,4.63,5.02,87437
TCL,20200203,15.5,15.84,15.5,15.76,3876511
TD1,20200203,0.041,0.046,0.041,0.044,19224755
TDI,20200203,1.71,1.725,1.705,1.705,81940
TDO,20200203,0.083,0.083,0.083,0.083,410791
TEG,20200203,0.05,0.05,0.041,0.043,1880903
TEK,20200203,0.275,0.275,0.265,0.265,379515
TER,20200203,0.32,0.32,0.305,0.32,111198
TFL,20200203,0.125,0.125,0.125,0.125,25000
TGA,20200203,0.225,0.23,0.215,0.215,68616
TGF,20200203,1.94,1.94,1.9,1.9,61883
TGG,20200203,1.345,1.345,1.325,1.325,246452
TGH,20200203,0.16,0.16,0.15,0.15,378024
TGM,20200203,0.225,0.225,0.205,0.21,99046
TGN,20200203,0.165,0.165,0.165,0.165,88037
TGO,20200203,0.145,0.145,0.14,0.14,2500
TGP,20200203,1.085,1.09,1.08,1.08,22841
TGR,20200203,4.25,4.27,4.19,4.23,541858
THC,20200203,0.38,0.385,0.37,0.37,209909
THR,20200203,0.007,0.007,0.007,0.007,779380
TIE,20200203,0.305,0.31,0.295,0.295,543945
TKM,20200203,0.021,0.021,0.021,0.021,24000
TLG,20200203,0.52,0.525,0.47,0.47,325138
TLM,20200203,0.088,0.088,0.088,0.088,11363
TLS,20200203,3.79,3.85,3.78,3.83,15478039
TLX,20200203,1.51,1.51,1.47,1.49,588067
TMG,20200203,0.071,0.071,0.062,0.062,504016
TMK,20200203,0.009,0.009,0.009,0.009,5288566
TMR,20200203,0.19,0.19,0.185,0.19,190096
TMT,20200203,0.12,0.12,0.12,0.12,23553
TNE,20200203,8.39,8.47,8.26,8.33,917323
TNG,20200203,0.084,0.084,0.082,0.082,311264
TNK,20200203,1.33,1.365,1.33,1.365,6665
TNR,20200203,0.009,0.009,0.009,0.009,40000
TNT,20200203,0.066,0.068,0.064,0.066,4178700
TNY,20200203,2.1,2.26,1.93,1.98,188485
TON,20200203,0.037,0.038,0.036,0.036,702525
TOP,20200203,0.66,0.66,0.62,0.645,506959
TOT,20200203,1.055,1.055,1.05,1.05,177061
TOU,20200203,0.076,0.08,0.055,0.055,596182
TPM,20200203,7.38,7.38,7.17,7.17,800383
TPP,20200203,0.051,0.058,0.051,0.056,282115
TPS,20200203,0.145,0.145,0.145,0.145,53256
TPW,20200203,2.85,2.85,2.76,2.83,87791
TRS,20200203,4.9,4.9,4.53,4.65,196081
TRT,20200203,0.023,0.023,0.023,0.023,7833
TRY,20200203,0.095,0.095,0.091,0.091,474268
TSC,20200203,0.008,0.008,0.008,0.008,6711321
TSL,20200203,0.032,0.032,0.029,0.031,1570888
TTB,20200203,0.685,0.72,0.68,0.72,30808
TTI,20200203,0.013,0.013,0.013,0.013,250000
TTM,20200203,0.135,0.135,0.13,0.13,386903
TTT,20200203,0.62,0.655,0.595,0.6,491780
TWD,20200203,3.28,3.28,3.27,3.28,19672
TWE,20200203,12.65,12.85,12.3,12.45,6079968
TYR,20200203,3.75,3.88,3.72,3.86,867994
UBA,20200203,23.19,23.19,22.87,22.95,4601
UBE,20200203,24.47,24.47,24.47,24.47,500
UBP,20200203,28.58,28.58,28.55,28.56,6165
UBU,20200203,34.91,35.05,34.91,35.05,1099
UBW,20200203,31.43,31.44,31.43,31.44,884
UCM,20200203,0.13,0.13,0.13,0.13,75000
UCW,20200203,0.235,0.235,0.215,0.215,163487
UNL,20200203,0.041,0.041,0.039,0.04,690714
UNV,20200203,0.265,0.265,0.24,0.25,1801156
UOS,20200203,0.845,0.865,0.845,0.865,15947
URF,20200203,0.53,0.53,0.52,0.53,345633
URW,20200203,10.12,10.215,10.09,10.18,1337866
USD,20200203,14.53,14.54,14.51,14.52,253908
UUV,20200203,0.002,0.002,0.002,0.002,45533791
UWL,20200203,1.505,1.51,1.48,1.505,578962
VAE,20200203,69,69,67.28,67.88,219523
VAF,20200203,52.87,52.87,52.76,52.79,31552
VAH,20200203,0.145,0.145,0.14,0.14,268184
VAL,20200203,0.003,0.003,0.003,0.003,10007332
VAN,20200203,0.145,0.145,0.14,0.14,643826
VAP,20200203,93.97,94.05,93.52,94,48343
VAR,20200203,0.034,0.034,0.033,0.033,258999
VAS,20200203,87.72,87.88,87.25,87.61,144883
VCF,20200203,51.25,51.25,50.99,51.17,4624
VCX,20200203,2.51,2.53,2.49,2.5,6175674
VEA,20200203,1.715,1.725,1.68,1.68,1970083
VEN,20200203,0.155,0.155,0.155,0.155,7233
VEQ,20200203,61,61.34,60.52,61.14,12982
VEU,20200203,78.7,78.7,77.7,78.12,29376
VG1,20200203,2.21,2.23,2.19,2.23,584058
VG8,20200203,2.29,2.3,2.29,2.3,84508
VGB,20200203,53.93,53.93,53.82,53.84,50198
VGE,20200203,70.11,70.9,69.65,70.85,20713
VGI,20200203,11.76,12.19,11.7,11.85,35484
VGL,20200203,3.37,3.39,3.35,3.36,13482
VGS,20200203,84.27,84.9,84.2,84.61,503433
VHT,20200203,1.79,1.79,1.76,1.785,302301
VHY,20200203,61.7,61.7,60.82,61.13,172882
VIF,20200203,51.24,51.24,51.1,51.21,22922
VKA,20200203,0.01,0.01,0.01,0.01,28330
VLC,20200203,70.47,70.93,70,70,16415
VLS,20200203,0.63,0.63,0.63,0.63,3500
VLT,20200203,0.3,0.3,0.255,0.27,801459
VMC,20200203,0.18,0.18,0.18,0.18,46728
VMG,20200203,0.002,0.002,0.001,0.001,497696
VML,20200203,0.011,0.011,0.01,0.01,1020631
VMS,20200203,0.015,0.016,0.013,0.014,4446715
VMT,20200203,0.28,0.28,0.262,0.28,604264
VMX,20200203,0.285,0.285,0.26,0.26,23699
VMY,20200203,0.04,0.041,0.04,0.04,225906
VN8,20200203,0.1,0.1,0.096,0.098,135897
VOC,20200203,3.35,3.36,3.29,3.31,1085284
VOL,20200203,1.635,1.635,1.62,1.62,16078
VOR,20200203,0.007,0.008,0.007,0.008,605600
VPR,20200203,0.001,0.001,0.001,0.001,500000
VR1,20200203,0.025,0.025,0.024,0.025,347100
VR8,20200203,0.025,0.026,0.025,0.026,562820
VRC,20200203,0.013,0.013,0.013,0.013,454614
VRL,20200203,3.99,3.995,3.97,3.97,52467
VRT,20200203,4.22,4.29,4.22,4.26,115577
VRX,20200203,0.115,0.12,0.115,0.115,2687416
VSO,20200203,60.94,60.97,60.1,60.1,4204
VTG,20200203,1.19,1.19,1.14,1.165,118762
VTH,20200203,0.75,0.785,0.75,0.785,12909
VTI,20200203,0.04,0.04,0.038,0.039,1371879
VTS,20200203,248,248,245.04,246.01,19767
VUK,20200203,3.22,3.33,3.21,3.29,3702575
VUL,20200203,0.195,0.195,0.185,0.185,99750
VVA,20200203,2.8,2.92,2.8,2.89,23550
VVR,20200203,2.75,2.76,2.73,2.75,904478
VXR,20200203,0.1,0.1,0.095,0.095,377341
VYS,20200203,0.065,0.065,0.063,0.063,887857
WAA,20200203,1.075,1.075,1.055,1.075,109426
WAF,20200203,0.48,0.49,0.475,0.475,2426569
WAM,20200203,2.25,2.26,2.215,2.23,1259669
WAT,20200203,2.25,2.25,2.25,2.25,1740
WAX,20200203,1.455,1.455,1.43,1.43,246831
WBA,20200203,1.992,1.995,1.992,1.995,1053412
WBC,20200203,24.9,24.91,24.52,24.81,7767079
WBE,20200203,0.01,0.01,0.01,0.01,9404636
WBT,20200203,0.4,0.4,0.39,0.4,114813
WCN,20200203,0.004,0.004,0.004,0.004,10434460
WEB,20200203,11.25,11.75,10.91,11.57,2552767
WEC,20200203,0.069,0.069,0.069,0.069,59116
WEL,20200203,0.047,0.05,0.047,0.048,617605
WES,20200203,44.8,45.21,44.55,45.09,1325076
WGB,20200203,2.21,2.23,2.21,2.21,742248
WGN,20200203,2.12,2.13,2.07,2.08,180270
WGO,20200203,0.22,0.22,0.207,0.215,1386129
WGX,20200203,2.18,2.24,2.13,2.13,2053765
WHC,20200203,2.49,2.49,2.39,2.46,9528188
WHF,20200203,5.35,5.35,5.29,5.34,59001
WHK,20200203,0.073,0.073,0.068,0.072,765190
WIC,20200203,1.09,1.1,1.06,1.06,103099
WJA,20200203,0.135,0.135,0.13,0.13,38546
WKT,20200203,0.185,0.185,0.185,0.185,10800
WLD,20200203,0.059,0.059,0.058,0.059,262085
WLE,20200203,1.265,1.265,1.25,1.26,1143131
WMI,20200203,1.45,1.45,1.435,1.435,251302
WML,20200203,0.016,0.016,0.015,0.015,1267062
WNB,20200203,0.007,0.007,0.005,0.006,31068498
WND,20200203,0.945,0.945,0.935,0.935,3796
WOA,20200203,0.12,0.12,0.12,0.12,14007
WOR,20200203,14.5,14.5,13.71,13.95,5451321
WOW,20200203,41.32,42.01,41.32,41.82,2181969
WPL,20200203,34,34.03,33.56,33.7,3019227
WPP,20200203,0.565,0.575,0.56,0.575,174148
WQG,20200203,1.21,1.21,1.19,1.19,325404
WRM,20200203,0.005,0.005,0.005,0.005,38000
WSA,20200203,2.53,2.545,2.47,2.49,4255468
WSI,20200203,0.022,0.023,0.022,0.022,452545
WSP,20200203,1.47,1.48,1.43,1.47,117169
WTC,20200203,24.2,25.08,24.01,24.89,674065
WWG,20200203,0.16,0.165,0.15,0.15,274079
WWI,20200203,0.012,0.017,0.012,0.012,7708435
WZR,20200203,0.255,0.275,0.255,0.265,4429196
XAM,20200203,0.035,0.035,0.034,0.034,1460621
XCD,20200203,0.011,0.011,0.011,0.011,485284
XF1,20200203,0.3,0.305,0.285,0.305,27178
XPL,20200203,0.07,0.072,0.069,0.072,342681
XRF,20200203,0.225,0.23,0.215,0.22,638705
XRO,20200203,84.66,86.14,84.45,85.8,327765
XTC,20200203,0.002,0.002,0.002,0.002,3800000
XTE,20200203,0.6,0.6,0.535,0.57,139898
YAL,20200203,2.87,2.9,2.86,2.86,16085
YOJ,20200203,0.048,0.052,0.048,0.051,756736
YOW,20200203,0.06,0.06,0.06,0.06,993654
YPB,20200203,0.004,0.004,0.003,0.003,27761918
YRL,20200203,0.215,0.22,0.215,0.22,90000
Z1P,20200203,3.9,3.925,3.84,3.87,3417866
ZEL,20200203,4.28,4.34,4.25,4.32,67421
ZEN,20200203,0.675,0.675,0.645,0.675,157843
ZGL,20200203,0.087,0.087,0.087,0.087,5500
ZIM,20200203,12.47,12.47,12.04,12.04,279
ZMI,20200203,0.065,0.065,0.06,0.061,74541
ZNO,20200203,0.87,0.965,0.825,0.94,8538426
XAF,20200203,6917.2,6917.2,6801.3,6831.2,0
XAO,20200203,7121.2,7121.2,6995,7019.9,883075100
XAT,20200203,6960,6960,6841.1,6867.1,0
XDJ,20200203,2802.8,2802.8,2752,2773.8,0
XEC,20200203,1593,1593,1557.3,1559.5,0
XEJ,20200203,11582.1,11582.1,11108.7,11113.4,0
XFJ,20200203,6255.4,6255.4,6131.8,6167.5,0
XFL,20200203,6975.7,6975.7,6859.9,6889.4,0
XGD,20200203,6989.4,7154.3,6989.4,7021.8,0
XHJ,20200203,45527.9,45527.9,45035.3,45324.1,0
XIJ,20200203,1562.9,1562.9,1531,1547.5,0
XJO,20200203,7017.2,7017.2,6897,6923.3,0
XJR,20200203,4960,4960,4821,4821,0
XKO,20200203,6972.7,6972.7,6852.9,6878.4,0
XMD,20200203,7537.4,7537.4,7360.2,7392.7,0
XMJ,20200203,14062.8,14062.8,13745.1,13755.1,0
XMM,20200203,4533.8,4533.8,4427.8,4427.8,0
XNJ,20200203,7090.2,7090.2,6955.8,7024.2,0
XPJ,20200203,1667.7,1667.7,1656.5,1662.4,0
XSJ,20200203,13207.1,13207.1,13021.4,13114.7,0
XSO,20200203,2995.5,2995.5,2938.5,2950.7,0
XTJ,20200203,1359.4,1359.4,1338.8,1348,0
XTL,20200203,3883.7,3883.7,3824,3840.9,0
XTO,20200203,5822.8,5822.8,5723.2,5745,0
XUJ,20200203,8205.3,8216.6,8095.2,8212.4,0
XXJ,20200203,6976.8,6976.8,6839,6878.8,0
