360,20200213,3.29,3.32,3.27,3.295,51140
14D,20200213,0.18,0.18,0.18,0.18,11247
1AG,20200213,0.034,0.034,0.034,0.034,332066
1ST,20200213,0.062,0.067,0.058,0.064,858574
3DA,20200213,0.31,0.31,0.29,0.295,437346
3DP,20200213,0.044,0.044,0.042,0.042,916776
3PL,20200213,0.8,0.8,0.8,0.8,26504
4DS,20200213,0.064,0.064,0.061,0.062,957894
5GN,20200213,1.015,1.02,0.947,0.95,705036
88E,20200213,0.022,0.024,0.022,0.023,16067742
8EC,20200213,0.079,0.079,0.079,0.079,200000
8IH,20200213,0.125,0.13,0.125,0.13,25000
9SP,20200213,0.024,0.025,0.023,0.023,7091059
A1M,20200213,0.32,0.325,0.32,0.325,37000
A2B,20200213,1.415,1.435,1.41,1.41,2404
A2M,20200213,15.02,15.28,14.665,15.2,4860196
A3D,20200213,0.16,0.185,0.16,0.16,701504
A4N,20200213,0.235,0.24,0.232,0.24,1063476
AAA,20200213,50.09,50.1,50.09,50.09,79817
AAC,20200213,1.26,1.277,1.25,1.27,350329
AAR,20200213,0.125,0.125,0.115,0.12,1177471
ABA,20200213,6.36,6.36,6.3,6.3,23614
ABC,20200213,3.29,3.32,3.24,3.24,1412818
ABP,20200213,3.84,3.84,3.76,3.79,989258
ABR,20200213,0.435,0.45,0.43,0.43,196083
ABT,20200213,0.03,0.03,0.02,0.025,1033386
ABV,20200213,0.036,0.036,0.036,0.036,51410
ABX,20200213,0.11,0.11,0.11,0.11,32272
AC8,20200213,0.28,0.28,0.27,0.28,228248
ACF,20200213,0.35,0.35,0.345,0.345,38726
ACQ,20200213,1.2,1.23,1.2,1.23,55700
ACR,20200213,0.175,0.175,0.175,0.175,55000
ACU,20200213,0.12,0.13,0.12,0.13,81114
ACW,20200213,0.033,0.033,0.032,0.032,1741926
AD8,20200213,8.5,8.5,8.28,8.43,130344
ADA,20200213,0.65,0.655,0.645,0.65,37697
ADD,20200213,0.034,0.036,0.034,0.036,30000
ADH,20200213,2.45,2.55,2.41,2.5,2006514
ADI,20200213,3.09,3.11,3.08,3.09,253499
ADJ,20200213,0.027,0.027,0.027,0.027,165099
ADN,20200213,0.045,0.047,0.044,0.044,10976824
ADO,20200213,0.032,0.032,0.03,0.031,197552
ADR,20200213,0.034,0.034,0.034,0.034,160000
ADT,20200213,1.62,1.675,1.6,1.63,300668
ADV,20200213,0.003,0.003,0.003,0.003,1907692
AEE,20200213,0.005,0.005,0.005,0.005,4624999
AEF,20200213,5.13,5.2,4.93,5,55609
AEG,20200213,1.16,1.2,1.16,1.2,315956
AEI,20200213,0.495,0.535,0.46,0.465,1322714
AER,20200213,0.15,0.15,0.15,0.15,10000
AEV,20200213,0.011,0.012,0.011,0.011,267474
AFG,20200213,2.64,2.73,2.62,2.68,370018
AFI,20200213,7.1,7.15,7.08,7.12,371734
AGG,20200213,5.76,5.86,5.71,5.86,11893
AGH,20200213,0.37,0.38,0.37,0.38,390902
AGI,20200213,0.68,0.69,0.66,0.66,297357
AGL,20200213,20.5,20.63,20.075,20.22,4069008
AGM,20200213,2.07,2.07,2.06,2.06,20904
AGR,20200213,0.11,0.11,0.1,0.1,96424
AGS,20200213,0.11,0.11,0.11,0.11,489663
AGY,20200213,0.073,0.073,0.071,0.073,438754
AHF,20200213,0.089,0.09,0.087,0.087,418440
AHL,20200213,0.006,0.006,0.006,0.006,91666
AHQ,20200213,0.13,0.13,0.13,0.13,225820
AHX,20200213,0.465,0.47,0.46,0.47,93913
AHY,20200213,1.08,1.09,1.075,1.085,134005
AHZ,20200213,0.078,0.078,0.075,0.075,564266
AIA,20200213,8.21,8.29,8.1,8.18,210427
AIR,20200213,0.73,0.73,0.73,0.73,1000
AIS,20200213,0.06,0.065,0.06,0.065,968406
AIV,20200213,0.17,0.17,0.17,0.17,10000
AIZ,20200213,2.71,2.74,2.695,2.74,32032
AJC,20200213,0.001,0.001,0.001,0.001,2500000
AJL,20200213,0.073,0.073,0.073,0.073,64890
AJX,20200213,0.06,0.06,0.059,0.06,154363
AKG,20200213,0.51,0.51,0.5,0.51,37888
AKP,20200213,14.2,14.23,14,14.22,5018
ALC,20200213,0.23,0.235,0.225,0.225,4161015
ALF,20200213,0.975,0.975,0.965,0.97,426820
ALG,20200213,1.42,1.475,1.415,1.455,444068
ALI,20200213,2.59,2.62,2.57,2.62,65921
ALK,20200213,1.16,1.16,0.975,0.975,11482835
ALL,20200213,37.55,37.6,37.12,37.44,1149224
ALQ,20200213,9.7,9.795,9.59,9.77,1285829
ALU,20200213,41.89,42,41.42,41.87,364190
ALX,20200213,8.39,8.44,8.31,8.33,1820602
ALY,20200213,0.011,0.011,0.011,0.011,4800
AMA,20200213,0.88,0.917,0.88,0.91,2420401
AMC,20200213,15.57,15.57,15.09,15.26,8389947
AMD,20200213,0.007,0.007,0.007,0.007,1430000
AME,20200213,0.031,0.031,0.031,0.031,87760
AMG,20200213,0.055,0.059,0.052,0.056,2652674
AMH,20200213,0.995,0.995,0.98,0.995,384219
AMI,20200213,0.42,0.425,0.415,0.415,1070013
AML,20200213,0.145,0.157,0.145,0.155,242601
AMN,20200213,0.43,0.43,0.42,0.42,238938
AMP,20200213,1.77,1.88,1.74,1.815,27366567
AMS,20200213,1.21,1.28,1.2,1.275,555712
AMX,20200213,2.39,2.48,2.36,2.41,139810
ANA,20200213,0.013,0.013,0.013,0.013,2115128
ANG,20200213,0.2,0.2,0.195,0.2,45503
ANL,20200213,0.002,0.002,0.002,0.002,850009
ANN,20200213,32.6,32.68,31.75,31.9,696134
ANO,20200213,6.64,6.64,6.35,6.35,30870
ANP,20200213,0.061,0.065,0.06,0.064,1001150
ANR,20200213,0.235,0.25,0.235,0.25,24129
ANZ,20200213,26.5,26.655,26.35,26.43,5805261
AOF,20200213,3,3,2.99,2.99,95003
AON,20200213,0.027,0.027,0.027,0.027,33734
AOP,20200213,0.23,0.23,0.23,0.23,19192
AOU,20200213,0.064,0.066,0.064,0.066,167434
APA,20200213,11.38,11.5,11.36,11.46,1825444
APC,20200213,0.1,0.1,0.098,0.1,166056
APD,20200213,0.685,0.69,0.685,0.69,150820
APE,20200213,8.97,9.135,8.855,8.96,306970
APH,20200213,0.13,0.13,0.115,0.12,164787
API,20200213,1.28,1.29,1.265,1.275,1085050
APL,20200213,1.02,1.03,1.02,1.025,1121830
APT,20200213,38.55,39.12,38.49,38.56,1012715
APV,20200213,0.22,0.22,0.215,0.22,314941
APX,20200213,27.28,27.64,26.93,27.08,518677
AQD,20200213,0.011,0.011,0.011,0.011,1130671
AQG,20200213,6.98,7.05,6.91,7.05,267556
AQI,20200213,0.069,0.07,0.066,0.069,390071
AQR,20200213,3.8,3.86,3.76,3.8,91410
AQX,20200213,0.049,0.05,0.036,0.036,48107274
AQZ,20200213,2.68,2.69,2.63,2.65,229697
ARB,20200213,20.05,20.2,19.92,20.2,196467
ARD,20200213,0.016,0.019,0.016,0.017,8157237
ARE,20200213,0.005,0.005,0.005,0.005,769231
ARF,20200213,3.16,3.21,3.155,3.18,849098
ARG,20200213,9.09,9.11,9.05,9.05,186402
ARL,20200213,0.525,0.525,0.495,0.525,61792
ARM,20200213,0.009,0.009,0.009,0.009,10750
ARN,20200213,0.19,0.195,0.19,0.19,151085
ARQ,20200213,0.28,0.285,0.25,0.25,987773
ARS,20200213,0.022,0.023,0.02,0.02,5029658
ARU,20200213,0.076,0.076,0.072,0.072,1699291
ARV,20200213,0.031,0.033,0.03,0.032,9486121
AS1,20200213,0.16,0.16,0.155,0.16,112092
ASB,20200213,4.06,4.11,4.04,4.11,2902186
ASG,20200213,1.64,1.645,1.62,1.645,6594
ASH,20200213,0.45,0.45,0.45,0.45,25000
ASN,20200213,0.031,0.033,0.029,0.033,824456
ASQ,20200213,0.037,0.037,0.034,0.034,100000
AST,20200213,1.74,1.745,1.72,1.73,3995420
ASX,20200213,87.03,87.04,83.28,83.7,425586
ATC,20200213,0.084,0.086,0.084,0.085,118703
ATH,20200213,0.017,0.017,0.017,0.017,44775
ATL,20200213,0.32,0.32,0.31,0.315,166118
ATP,20200213,0.008,0.008,0.008,0.008,11032
ATS,20200213,0.07,0.07,0.067,0.067,1354413
ATU,20200213,0.34,0.35,0.33,0.33,6918040
ATX,20200213,0.085,0.105,0.084,0.105,1217127
AU8,20200213,0.078,0.082,0.078,0.08,541221
AUB,20200213,12.95,13,12.74,12.78,1320472
AUC,20200213,0.017,0.017,0.016,0.016,140000
AUH,20200213,0.003,0.003,0.003,0.003,299000
AUI,20200213,10.26,10.3,10.22,10.26,17993
AUR,20200213,0.018,0.018,0.018,0.018,612809
AUT,20200213,0.022,0.024,0.021,0.024,3005542
AUZ,20200213,0.016,0.016,0.015,0.015,2012057
AV1,20200213,0.22,0.23,0.215,0.23,212662
AVA,20200213,0.135,0.14,0.135,0.14,140962
AVC,20200213,0.22,0.22,0.22,0.22,23891
AVE,20200213,0.003,0.003,0.003,0.003,63666
AVG,20200213,0.47,0.47,0.46,0.465,12769
AVH,20200213,0.805,0.805,0.775,0.785,10788668
AVJ,20200213,0.61,0.61,0.6,0.61,46814
AVL,20200213,0.013,0.013,0.012,0.013,1098928
AVN,20200213,2.91,2.93,2.87,2.9,1775208
AVZ,20200213,0.071,0.073,0.068,0.073,12694204
AWC,20200213,2.18,2.2,2.17,2.19,7138517
AWN,20200213,0.115,0.12,0.115,0.12,45869
AWV,20200213,0.008,0.008,0.008,0.008,25146
AWY,20200213,0.035,0.035,0.035,0.035,171275
AX1,20200213,1.895,1.935,1.895,1.92,622371
AXE,20200213,0.195,0.205,0.185,0.19,1297433
AYF,20200213,5.82,5.82,5.82,5.82,10441
AYR,20200213,0.002,0.002,0.002,0.002,37600
AYS,20200213,0.31,0.325,0.31,0.325,353253
AZI,20200213,0.008,0.008,0.007,0.007,1151435
AZJ,20200213,5.47,5.55,5.46,5.53,6131933
AZM,20200213,0.032,0.032,0.032,0.032,2041902
AZS,20200213,0.13,0.13,0.125,0.125,160000
AZV,20200213,0.095,0.115,0.095,0.105,3798983
AZY,20200213,0.012,0.013,0.012,0.013,4895120
BAF,20200213,0.845,0.85,0.84,0.85,238121
BAP,20200213,7.2,7.21,6.72,6.79,2157633
BAR,20200213,0.019,0.02,0.018,0.018,396200
BAS,20200213,0.002,0.002,0.002,0.002,950000
BAT,20200213,0.008,0.008,0.007,0.007,1306371
BBC,20200213,0.6,0.605,0.6,0.605,15818
BBN,20200213,3.6,3.86,3.59,3.8,1597124
BBX,20200213,0.165,0.175,0.162,0.17,140635
BC8,20200213,0.37,0.382,0.365,0.367,245005
BCB,20200213,0.05,0.051,0.05,0.051,1120750
BCC,20200213,0.32,0.32,0.315,0.315,4900
BCI,20200213,0.165,0.165,0.16,0.16,101449
BCN,20200213,0.032,0.032,0.032,0.032,913054
BCT,20200213,0.115,0.12,0.115,0.12,284209
BD1,20200213,0.033,0.036,0.033,0.035,3803737
BDA,20200213,0.28,0.28,0.275,0.275,11821
BDC,20200213,0.079,0.08,0.078,0.079,1097258
BEE,20200213,0.018,0.018,0.018,0.018,176599
BEN,20200213,10.55,10.625,10.37,10.38,2677386
BET,20200213,0.345,0.355,0.335,0.34,1392074
BFC,20200213,0.081,0.081,0.08,0.08,151262
BFG,20200213,1.35,1.37,1.34,1.35,371234
BGA,20200213,4.35,4.415,4.3,4.32,396141
BGL,20200213,0.53,0.565,0.525,0.565,2881262
BGP,20200213,3.84,3.84,3.84,3.84,22725
BGT,20200213,0.17,0.17,0.165,0.17,99768
BHP,20200213,38.81,38.99,38.43,38.54,5438297
BID,20200213,1.235,1.29,1.23,1.29,587943
BIN,20200213,3.07,3.2,3.06,3.16,4868398
BIQ,20200213,0.012,0.012,0.011,0.012,2916869
BIS,20200213,1.02,1.02,1.02,1.02,400
BIT,20200213,0.14,0.142,0.115,0.12,31405412
BKI,20200213,1.68,1.695,1.67,1.67,227775
BKL,20200213,78.01,79.88,76.5,76.97,295411
BKT,20200213,0.05,0.05,0.05,0.05,176708
BKW,20200213,20.05,20.31,19.89,20.31,171294
BKY,20200213,0.19,0.19,0.19,0.19,2277622
BLD,20200213,4.8,4.83,4.73,4.74,4708981
BLG,20200213,0.071,0.071,0.065,0.065,1156745
BLK,20200213,0.01,0.011,0.01,0.01,6624735
BLT,20200213,0.037,0.038,0.037,0.038,164608
BLU,20200213,0.039,0.042,0.039,0.042,397649
BLY,20200213,1.2,1.205,1.15,1.2,18740
BMG,20200213,0.004,0.004,0.004,0.004,256886
BMN,20200213,0.034,0.034,0.031,0.031,162901
BNL,20200213,0.007,0.007,0.007,0.007,952071
BNO,20200213,0.065,0.065,0.06,0.06,465407
BNR,20200213,0.024,0.025,0.024,0.025,68509
BOC,20200213,0.275,0.275,0.245,0.245,67071
BOE,20200213,0.049,0.055,0.049,0.055,3372696
BOL,20200213,0.125,0.13,0.125,0.125,334348
BOQ,20200213,7.6,7.66,7.57,7.57,1981945
BOT,20200213,0.087,0.087,0.085,0.086,1570456
BPH,20200213,0.001,0.001,0.001,0.001,4235050
BPL,20200213,0.017,0.017,0.017,0.017,70294
BPT,20200213,2.28,2.32,2.13,2.14,15661418
BRB,20200213,0.265,0.265,0.245,0.25,363227
BRG,20200213,22,26.18,21.7,25.5,1667808
BRK,20200213,0.008,0.008,0.007,0.007,432423
BRL,20200213,0.1,0.105,0.1,0.105,16188
BRN,20200213,0.053,0.054,0.052,0.052,3986488
BRU,20200213,0.165,0.165,0.155,0.155,85011
BRV,20200213,0.028,0.028,0.023,0.023,14708649
BSA,20200213,0.4,0.4,0.4,0.4,4397
BSE,20200213,0.245,0.25,0.245,0.25,163378
BSL,20200213,14.47,14.56,14.26,14.33,1825344
BSM,20200213,0.006,0.006,0.006,0.006,852216
BSR,20200213,0.013,0.014,0.012,0.014,1601233
BSX,20200213,0.18,0.185,0.17,0.175,951967
BTC,20200213,0.155,0.16,0.155,0.16,100000
BTH,20200213,0.91,1.015,0.91,0.985,2525813
BTI,20200213,1.1,1.125,1.1,1.12,378427
BUB,20200213,0.71,0.715,0.695,0.695,3138587
BUD,20200213,0.03,0.03,0.029,0.03,1803434
BUY,20200213,0.005,0.005,0.005,0.005,670000
BVS,20200213,5.5,5.62,5.385,5.42,2287968
BWF,20200213,0.55,0.55,0.51,0.51,59022
BWP,20200213,4.02,4.02,3.98,3.99,1226436
BWR,20200213,1.32,1.32,1.31,1.31,23369
BWX,20200213,4.3,4.37,4.23,4.32,370238
BXB,20200213,12.78,12.79,12.61,12.68,2882842
BXN,20200213,0.013,0.013,0.013,0.013,200000
BYE,20200213,0.32,0.325,0.31,0.32,4127226
CAF,20200213,0.125,0.125,0.125,0.125,100000
CAG,20200213,0.51,0.52,0.5,0.5,80559
CAI,20200213,0.27,0.27,0.265,0.265,252891
CAJ,20200213,0.25,0.26,0.247,0.255,578046
CAM,20200213,0.965,0.975,0.96,0.96,180413
CAN,20200213,1.15,1.15,1,1.055,1512834
CAP,20200213,0.03,0.03,0.03,0.03,10330
CAR,20200213,18.66,19.04,18.44,18.99,2088191
CAT,20200213,2.07,2.15,2.03,2.09,705703
CAU,20200213,0.175,0.18,0.17,0.17,285979
CAV,20200213,0.002,0.002,0.002,0.002,115000
CAY,20200213,0.145,0.145,0.14,0.145,76674
CAZ,20200213,0.022,0.022,0.021,0.021,1647731
CBA,20200213,88.49,88.73,87.87,88.73,4143011
CBE,20200213,0.23,0.24,0.23,0.235,287089
CBR,20200213,4.36,4.39,4.2,4.25,60930
CCA,20200213,0.19,0.19,0.18,0.18,358609
CCE,20200213,0.002,0.002,0.001,0.002,1503500
CCG,20200213,0.058,0.058,0.058,0.058,17500
CCL,20200213,12,12.02,11.79,11.85,1592266
CCP,20200213,37.62,37.89,37.32,37.44,208724
CCV,20200213,0.21,0.215,0.21,0.21,288970
CCX,20200213,3.16,3.18,3.1,3.12,81064
CCZ,20200213,0.018,0.018,0.017,0.017,803414
CD1,20200213,1.545,1.545,1.54,1.54,2026
CD2,20200213,1.535,1.535,1.535,1.535,17223
CDA,20200213,8,8.26,8,8.23,158532
CDD,20200213,0.365,0.37,0.35,0.355,196257
CDM,20200213,0.735,0.737,0.725,0.725,386242
CDP,20200213,5.9,5.9,5.85,5.87,508911
CDT,20200213,0.01,0.01,0.01,0.01,440186
CDV,20200213,0.36,0.37,0.355,0.365,217488
CDX,20200213,0.026,0.027,0.026,0.027,894384
CDY,20200213,0.19,0.19,0.19,0.19,244785
CE1,20200213,0.006,0.006,0.005,0.005,963333
CEL,20200213,0.185,0.187,0.175,0.175,1708892
CEN,20200213,7.3,7.34,7.21,7.21,30968
CFE,20200213,0.006,0.006,0.006,0.006,350000
CFO,20200213,0.075,0.075,0.075,0.075,75000
CG1,20200213,0.46,0.46,0.455,0.46,379117
CGA,20200213,0.43,0.44,0.43,0.44,58011
CGB,20200213,0.015,0.015,0.014,0.014,2467370
CGC,20200213,3.04,3.05,2.95,2.99,2070785
CGF,20200213,10.15,10.225,10.05,10.16,2340874
CGL,20200213,5.42,5.55,5.39,5.51,177965
CGR,20200213,0.56,0.56,0.55,0.555,40431
CGS,20200213,0.45,0.47,0.45,0.47,42147
CHC,20200213,12.86,13.01,12.85,12.89,842204
CHK,20200213,0.009,0.009,0.008,0.008,1457160
CHN,20200213,0.3,0.305,0.295,0.3,345611
CHZ,20200213,0.098,0.1,0.096,0.1,271891
CI1,20200213,0.022,0.022,0.022,0.022,791343
CIA,20200213,2.4,2.41,2.32,2.33,978242
CIE,20200213,0.845,0.845,0.835,0.84,82560
CIM,20200213,27.75,28.01,27.38,27.66,1138928
CIN,20200213,31.9,32.01,31.9,32.01,955
CIP,20200213,3.72,3.74,3.7,3.71,450469
CIW,20200213,0.69,0.69,0.69,0.69,90828
CKA,20200213,0.044,0.044,0.042,0.042,950328
CKF,20200213,9.69,9.845,9.52,9.81,726593
CL1,20200213,2.06,2.13,2.03,2.09,229570
CL8,20200213,0.014,0.016,0.014,0.016,1421830
CLA,20200213,0.012,0.012,0.012,0.012,578798
CLF,20200213,1.32,1.32,1.32,1.32,45931
CLH,20200213,1.07,1.085,1.07,1.085,195098
CLQ,20200213,0.265,0.265,0.252,0.26,262577
CLV,20200213,2.77,2.79,2.73,2.74,378609
CLW,20200213,5.67,5.79,5.64,5.71,2580047
CLX,20200213,0.825,0.865,0.825,0.865,18918
CLZ,20200213,0.003,0.003,0.002,0.002,900016
CM8,20200213,0.024,0.024,0.023,0.023,2161146
CMD,20200213,0.007,0.007,0.007,0.007,300000
CML,20200213,0.016,0.016,0.016,0.016,819444
CMM,20200213,1.21,1.25,1.21,1.22,112413
CMP,20200213,0.69,0.69,0.68,0.68,1908
CMW,20200213,1.225,1.225,1.205,1.21,3745974
CNB,20200213,0.07,0.07,0.069,0.07,283126
CNI,20200213,2.6,2.73,2.57,2.7,2308179
CNU,20200213,6.14,6.14,6.09,6.09,444312
CNW,20200213,0.033,0.033,0.033,0.033,400000
COB,20200213,0.135,0.135,0.135,0.135,101000
COE,20200213,0.56,0.565,0.55,0.55,8170210
COF,20200213,3.17,3.26,3.16,3.18,1648641
COG,20200213,0.091,0.091,0.091,0.091,174439
COH,20200213,237,237,227.75,228.21,249201
COI,20200213,0.14,0.145,0.14,0.145,321933
COL,20200213,17.17,17.17,17,17.1,2413995
COO,20200213,0.079,0.079,0.079,0.079,97431
COS,20200213,0.33,0.34,0.33,0.33,70388
CP1,20200213,0.12,0.145,0.12,0.145,20804
CPH,20200213,0.135,0.135,0.12,0.13,922768
CPT,20200213,0.064,0.064,0.063,0.064,36072
CPU,20200213,17.59,17.76,17.41,17.54,2421096
CPV,20200213,0.15,0.155,0.14,0.155,203259
CQE,20200213,3.55,3.6,3.55,3.59,1079700
CQR,20200213,4.97,4.975,4.92,4.96,1512828
CRN,20200213,2.01,2.02,1.97,2.01,272008
CRO,20200213,0.005,0.005,0.005,0.005,813000
CSL,20200213,331.67,333,328.06,330.99,831417
CSR,20200213,4.97,4.97,4.885,4.92,3004199
CSS,20200213,0.72,0.74,0.72,0.74,129760
CT1,20200213,0.039,0.039,0.038,0.039,1365570
CTD,20200213,17.07,17.13,16.5,16.97,1397522
CTM,20200213,0.011,0.013,0.01,0.013,17989271
CTP,20200213,0.125,0.127,0.12,0.122,1960792
CTX,20200213,34.5,34.65,33.52,33.73,3136215
CUE,20200213,0.135,0.135,0.135,0.135,2888
CUL,20200213,0.012,0.012,0.012,0.012,574684
CUP,20200213,1.27,1.27,1.24,1.245,44117
CUV,20200213,26,26.47,25.65,25.7,197568
CV1,20200213,0.12,0.12,0.12,0.12,297999
CVF,20200213,0.99,0.99,0.99,0.99,45744
CVL,20200213,0.48,0.48,0.48,0.48,60000
CVN,20200213,0.33,0.335,0.32,0.325,1021034
CWL,20200213,0.069,0.072,0.069,0.072,180640
CWN,20200213,11.96,11.98,11.73,11.78,1480314
CWP,20200213,8,8.06,8,8,36730
CWX,20200213,0.255,0.28,0.235,0.235,752349
CWY,20200213,1.96,1.965,1.905,1.915,5212075
CWZ,20200213,0.17,0.17,0.17,0.17,33000
CXL,20200213,0.93,0.95,0.91,0.93,391478
CXM,20200213,0.043,0.043,0.042,0.042,20000
CXO,20200213,0.037,0.038,0.037,0.037,5118290
CXZ,20200213,0.02,0.021,0.02,0.021,268427
CYC,20200213,1.09,1.09,1.045,1.06,29019
CYG,20200213,1.08,1.11,1.08,1.11,2912
CYM,20200213,0.21,0.21,0.205,0.21,15384
CYP,20200213,1.09,1.09,1.07,1.075,106049
CZI,20200213,0.095,0.095,0.091,0.092,1087066
CZL,20200213,0.009,0.009,0.009,0.009,1615517
CZN,20200213,0.004,0.004,0.003,0.003,9492704
CZR,20200213,0.01,0.01,0.009,0.009,1682769
D2O,20200213,1.515,1.525,1.515,1.525,51474
DAF,20200213,0.019,0.019,0.019,0.019,26068
DCC,20200213,0.031,0.031,0.03,0.03,783607
DCG,20200213,0.38,0.41,0.38,0.39,676447
DCL,20200213,0.065,0.068,0.065,0.065,19600
DDR,20200213,7.15,7.24,6.87,7.09,120713
DDT,20200213,0.007,0.007,0.007,0.007,20000
DEG,20200213,0.145,0.175,0.14,0.175,16168205
DEM,20200213,0.21,0.21,0.205,0.205,156086
DEV,20200213,0.062,0.062,0.061,0.062,94561
DGO,20200213,1.61,1.74,1.61,1.74,22450
DHG,20200213,3.81,3.88,3.8,3.8,1517666
DHR,20200213,0.002,0.003,0.002,0.003,1100000
DIV,20200213,24.76,24.76,24.62,24.62,2259
DJW,20200213,3.38,3.38,3.34,3.34,165200
DKM,20200213,0.16,0.16,0.155,0.155,101792
DME,20200213,0.19,0.19,0.19,0.19,10500
DMP,20200213,57.82,58.645,57.61,57.94,358618
DNA,20200213,0.081,0.081,0.075,0.077,1850150
DNK,20200213,0.565,0.575,0.565,0.575,99886
DOW,20200213,7.09,7.11,6.67,6.9,7011230
DRE,20200213,0.005,0.005,0.005,0.005,63000
DRO,20200213,0.205,0.205,0.2,0.2,157151
DSE,20200213,0.046,0.046,0.046,0.046,378655
DTC,20200213,1.11,1.11,1.075,1.075,133597
DTL,20200213,4.8,4.945,4.775,4.89,194035
DTM,20200213,0.065,0.065,0.065,0.065,20000
DTS,20200213,0.14,0.14,0.14,0.14,25000
DTZ,20200213,0.056,0.058,0.056,0.058,26650
DUB,20200213,1.09,1.14,1.09,1.13,565728
DUI,20200213,5.17,5.26,5.13,5.26,169458
DW8,20200213,0.007,0.007,0.006,0.007,1135996
DWS,20200213,1.08,1.085,1.075,1.075,48697
DXB,20200213,0.14,0.145,0.14,0.142,99368
DXN,20200213,0.041,0.042,0.04,0.042,1823814
DXS,20200213,13.19,13.22,13.02,13.1,6042350
DYL,20200213,0.245,0.25,0.24,0.24,130129
E2E,20200213,0.003,0.003,0.003,0.003,2080000
E2M,20200213,0.145,0.16,0.145,0.145,205955
EAF,20200213,1.4,1.4,1.4,1.4,127350
EAI,20200213,1.08,1.08,1.08,1.08,417604
EAS,20200213,1,1.005,1,1.005,7119
EBO,20200213,21.92,22.63,21.92,22.59,1886
ECF,20200213,1.31,1.33,1.305,1.32,489086
ECG,20200213,0.042,0.042,0.042,0.042,6666
ECL,20200213,1.395,1.395,1.385,1.385,19564
ECP,20200213,1.09,1.09,1.09,1.09,10000
ECS,20200213,0.046,0.047,0.046,0.047,58000
ECT,20200213,0.001,0.001,0.001,0.001,204692
ECX,20200213,1.8,1.81,1.77,1.79,1129645
ED1,20200213,1,1.035,1,1.035,94054
EDC,20200213,1.11,1.11,1.11,1.11,21000
EDE,20200213,0.04,0.041,0.04,0.041,138450
EEG,20200213,0.37,0.38,0.37,0.375,82796
EFF,20200213,1.78,1.79,1.78,1.78,30089
EGD,20200213,2.62,2.63,2.62,2.62,132620
EGF,20200213,1.84,1.85,1.84,1.84,115022
EGG,20200213,1.85,1.85,1.8,1.8,33004
EGI,20200213,1.2,1.2,1.195,1.195,84246
EGN,20200213,0.59,0.595,0.59,0.595,21033
EGR,20200213,0.079,0.079,0.079,0.079,7000
EHE,20200213,2.33,2.37,2.315,2.35,658801
EHH,20200213,0.115,0.12,0.11,0.11,176961
EHL,20200213,2.06,2.08,2.05,2.05,704747
EHX,20200213,0.11,0.11,0.11,0.11,194834
ELD,20200213,8.35,8.38,8.25,8.32,741075
ELO,20200213,7.8,8.14,7.8,8.02,343243
ELS,20200213,0.38,0.38,0.35,0.37,10671
ELT,20200213,0.003,0.003,0.003,0.003,250000
ELX,20200213,0.82,0.83,0.805,0.83,146782
EM1,20200213,0.008,0.008,0.008,0.008,3147058
EM2,20200213,0.145,0.15,0.145,0.15,75000
EMD,20200213,0.15,0.15,0.13,0.13,1842948
EME,20200213,0.11,0.11,0.1,0.1,10000
EML,20200213,5.52,5.65,5.5,5.5,2535710
EMP,20200213,0.034,0.034,0.028,0.028,461465
EMR,20200213,0.048,0.048,0.047,0.047,1352214
EMT,20200213,0.014,0.015,0.014,0.014,2572447
EMV,20200213,0.86,0.905,0.86,0.88,97738
EN1,20200213,0.019,0.019,0.018,0.018,6111937
ENE,20200213,0.175,0.21,0.175,0.21,6660
ENN,20200213,2.15,2.16,2.14,2.15,62551
ENR,20200213,0.093,0.093,0.089,0.091,287822
EOF,20200213,2.9,2.91,2.82,2.82,91849
EOL,20200213,3.5,3.5,3.5,3.5,1500
EOS,20200213,9.81,9.99,9.64,9.82,312684
EPD,20200213,0.43,0.43,0.43,0.43,2049503
EQE,20200213,0.013,0.013,0.013,0.013,926470
EQT,20200213,31.1,32.33,30.85,30.87,7189
EQX,20200213,0.26,0.26,0.26,0.26,118214
ERA,20200213,0.16,0.16,0.155,0.155,30362051
ERF,20200213,1.22,1.24,1.22,1.23,2471479
ERL,20200213,0.011,0.014,0.01,0.014,1037356
ERM,20200213,0.089,0.089,0.084,0.084,317000
ERX,20200213,0.067,0.067,0.064,0.064,169549
ESE,20200213,0.01,0.01,0.01,0.01,256548
ESH,20200213,0.007,0.007,0.007,0.007,3155000
ESK,20200213,0.2,0.2,0.2,0.2,3000
ESR,20200213,0.009,0.009,0.009,0.009,100000
ETF,20200213,23.5,23.5,23.5,23.5,35
EUC,20200213,0.016,0.017,0.016,0.016,166582
EUR,20200213,0.084,0.084,0.084,0.084,58333
EVE,20200213,0.006,0.006,0.006,0.006,2050000
EVN,20200213,3.99,4.125,3.98,4.1,25883648
EVO,20200213,0.145,0.145,0.135,0.135,798629
EVS,20200213,0.22,0.23,0.21,0.215,476165
EVT,20200213,12.6,12.71,12.49,12.56,28329
EWC,20200213,0.069,0.069,0.068,0.068,113644
EX1,20200213,0.37,0.39,0.305,0.335,773408
EXL,20200213,0.63,0.65,0.575,0.58,969992
EXP,20200213,0.2,0.21,0.2,0.21,58448
EXR,20200213,0.047,0.048,0.039,0.04,7355007
EZL,20200213,1.03,1.035,1.03,1.035,12389
FAR,20200213,0.036,0.036,0.034,0.034,5538078
FAU,20200213,0.011,0.013,0.011,0.013,3190701
FBR,20200213,0.053,0.056,0.053,0.053,1890829
FBU,20200213,5.09,5.16,5.06,5.13,1385939
FCL,20200213,3.4,3.44,3.4,3.4,9497
FCT,20200213,0.145,0.165,0.145,0.165,1027706
FDV,20200213,1.095,1.11,1.055,1.085,33694
FFG,20200213,0.009,0.01,0.009,0.01,2000000
FFL,20200213,0.395,0.4,0.39,0.39,55184
FFR,20200213,0.043,0.043,0.043,0.043,170316
FGG,20200213,1.28,1.285,1.275,1.28,432578
FGO,20200213,0.001,0.001,0.001,0.001,33173
FGR,20200213,0.175,0.175,0.165,0.165,442635
FGX,20200213,1.15,1.155,1.145,1.155,248632
FHS,20200213,0.021,0.022,0.02,0.021,2927527
FID,20200213,6,6,5.75,5.9,22389
FLC,20200213,0.375,0.38,0.34,0.34,780344
FLN,20200213,0.475,0.475,0.465,0.465,57427
FLT,20200213,38.8,38.93,38.13,38.57,385157
FMG,20200213,11.21,11.28,10.93,11.04,10444431
FMS,20200213,0.049,0.049,0.045,0.045,174399
FNP,20200213,4.83,4.88,4.53,4.59,838975
FNT,20200213,0.01,0.01,0.01,0.01,522380
FOD,20200213,0.056,0.058,0.056,0.056,93798
FOR,20200213,1.165,1.165,1.16,1.165,80011
FPC,20200213,1.06,1.06,1.055,1.055,199447
FPH,20200213,23.73,23.94,23.3,23.39,389231
FPL,20200213,0.005,0.006,0.004,0.006,7652493
FPP,20200213,0.925,0.935,0.925,0.935,8149
FRI,20200213,0.915,0.94,0.915,0.94,48042
FRM,20200213,0.3,0.305,0.3,0.305,14373
FRN,20200213,0.022,0.022,0.021,0.022,467727
FSA,20200213,1.4,1.4,1.4,1.4,8799
FTC,20200213,0.1,0.1,0.1,0.1,20339
FTT,20200213,0.003,0.003,0.003,0.003,166667
FTZ,20200213,0.082,0.082,0.081,0.081,57553
FUN,20200213,0.015,0.015,0.015,0.015,44
FWD,20200213,1.99,2.02,1.985,2.02,50651
FXL,20200213,1.89,1.957,1.89,1.92,1457422
FYI,20200213,0.059,0.06,0.057,0.059,193914
FZO,20200213,0.145,0.145,0.145,0.145,26959
FZR,20200213,0.2,0.2,0.2,0.2,2760
G1A,20200213,0.29,0.29,0.285,0.285,52880
G88,20200213,0.05,0.05,0.05,0.05,30000
GAL,20200213,0.16,0.16,0.155,0.155,125016
GAP,20200213,0.19,0.195,0.185,0.185,111646
GBE,20200213,0.017,0.017,0.017,0.017,22917
GBR,20200213,0.037,0.039,0.037,0.038,194411
GBZ,20200213,0.063,0.063,0.061,0.063,24185
GC1,20200213,0.805,0.82,0.805,0.815,185252
GCI,20200213,2.03,2.04,2.02,2.02,246967
GDF,20200213,1.425,1.425,1.415,1.42,35200
GDG,20200213,0.85,0.85,0.85,0.85,7500
GDI,20200213,1.55,1.56,1.535,1.545,472659
GDX,20200213,42.49,42.49,41.75,42.33,16765
GED,20200213,0.023,0.023,0.023,0.023,200000
GEM,20200213,1.83,1.855,1.77,1.77,2685538
GEV,20200213,0.155,0.16,0.155,0.155,338884
GGE,20200213,0.005,0.005,0.005,0.005,166700
GGG,20200213,0.115,0.12,0.115,0.115,125987
GGX,20200213,0.003,0.004,0.003,0.003,3623800
GIB,20200213,0.047,0.048,0.045,0.048,345022
GID,20200213,0.012,0.012,0.012,0.012,75000
GLB,20200213,1.74,1.74,1.74,1.74,575
GLL,20200213,0.7,0.72,0.635,0.68,339599
GLN,20200213,0.2,0.26,0.195,0.23,2349008
GMA,20200213,3.85,3.87,3.73,3.75,669136
GMD,20200213,0.034,0.034,0.034,0.034,322531
GMG,20200213,16.6,16.6,15.88,16.3,10925830
GML,20200213,0.013,0.013,0.013,0.013,152642
GMN,20200213,0.07,0.07,0.068,0.068,119717
GMR,20200213,0.011,0.011,0.01,0.01,2925000
GMV,20200213,0.096,0.096,0.094,0.094,193266
GNC,20200213,8.94,8.99,8.82,8.86,7909516
GNE,20200213,3.08,3.1,3.04,3.04,12669
GNG,20200213,0.955,0.96,0.925,0.94,27891
GNX,20200213,0.2,0.2,0.195,0.2,132774
GO2,20200213,0.019,0.02,0.019,0.019,459000
GOR,20200213,1.63,1.677,1.62,1.67,8429979
GOW,20200213,2.33,2.33,2.33,2.33,20000
GOZ,20200213,4.33,4.375,4.32,4.34,1070123
GPT,20200213,6.33,6.35,6.24,6.27,7726465
GPX,20200213,0.11,0.125,0.11,0.11,39720
GRB,20200213,0.068,0.068,0.068,0.068,539919
GRL,20200213,0.23,0.23,0.21,0.21,89737
GRR,20200213,0.23,0.232,0.225,0.225,895278
GSM,20200213,0.096,0.096,0.08,0.087,1056353
GSN,20200213,0.06,0.06,0.057,0.057,980207
GSS,20200213,1.17,1.175,1.15,1.15,197064
GSW,20200213,0.57,0.59,0.57,0.58,65387
GTE,20200213,0.003,0.003,0.003,0.003,128500
GTG,20200213,0.009,0.01,0.009,0.01,4362470
GTK,20200213,2.28,2.29,2.23,2.27,25075
GTN,20200213,0.8,0.82,0.785,0.82,234867
GTR,20200213,0.007,0.007,0.007,0.007,772138
GUD,20200213,12.7,12.73,12.575,12.63,217798
GVF,20200213,1.105,1.105,1.095,1.105,83629
GWA,20200213,3.9,3.9,3.83,3.87,1180165
GWR,20200213,0.079,0.079,0.079,0.079,3712
GXY,20200213,1.14,1.155,1.09,1.095,3257189
HAS,20200213,0.125,0.125,0.125,0.125,128547
HAV,20200213,0.1,0.1,0.1,0.1,27688
HCD,20200213,0.045,0.045,0.045,0.045,150000
HCH,20200213,0.03,0.03,0.029,0.029,2477465
HCT,20200213,0.15,0.17,0.14,0.145,9714266
HE8,20200213,0.17,0.177,0.17,0.175,222340
HFR,20200213,0.645,0.67,0.645,0.65,140806
HGO,20200213,0.052,0.055,0.047,0.048,528760
HHM,20200213,0.025,0.025,0.025,0.025,135000
HIL,20200213,0.445,0.47,0.445,0.465,927456
HIP,20200213,0.017,0.018,0.016,0.016,30000
HIT,20200213,1.575,1.7,1.575,1.61,59484
HLA,20200213,1.3,1.31,1.3,1.3,58834
HLO,20200213,4.3,4.32,4.23,4.27,56003
HLS,20200213,2.94,2.95,2.9,2.9,1240938
HLX,20200213,0.012,0.012,0.012,0.012,700000
HM1,20200213,3.43,3.53,3.43,3.48,45685
HMC,20200213,3.8,3.82,3.75,3.78,47693
HMD,20200213,0.17,0.17,0.16,0.16,131551
HMX,20200213,0.024,0.025,0.024,0.024,923239
HNR,20200213,0.008,0.008,0.008,0.008,116235
HOT,20200213,0.135,0.135,0.135,0.135,1045
HPI,20200213,3.47,3.535,3.46,3.5,209857
HRL,20200213,0.15,0.15,0.145,0.15,176651
HRN,20200213,0.175,0.175,0.17,0.17,12195
HRR,20200213,0.08,0.08,0.078,0.078,85100
HRZ,20200213,0.11,0.11,0.105,0.105,71546
HSC,20200213,0.007,0.007,0.006,0.007,12450747
HSN,20200213,3.75,3.78,3.71,3.73,204150
HT1,20200213,1.52,1.575,1.455,1.52,111290
HTA,20200213,0.175,0.18,0.155,0.165,2524426
HUB,20200213,11.01,11.315,10.83,10.9,363601
HVM,20200213,0.155,0.16,0.155,0.155,112603
HVN,20200213,4.79,4.81,4.73,4.75,4806520
HWH,20200213,0.032,0.032,0.032,0.032,120989
HXG,20200213,0.052,0.052,0.05,0.05,16240
HYD,20200213,0.22,0.22,0.215,0.22,76152
HZN,20200213,0.08,0.089,0.08,0.081,4234498
HZR,20200213,0.45,0.455,0.44,0.45,193618
IAA,20200213,101.03,101.03,99.33,99.33,12669
IAF,20200213,115.2,115.28,115.03,115.22,30225
IAG,20200213,6.92,6.92,6.75,6.79,7424298
IAP,20200213,1.56,1.56,1.52,1.54,75415
IBC,20200213,0.525,0.525,0.525,0.525,552
IBG,20200213,0.012,0.012,0.012,0.012,901360
IBX,20200213,0.037,0.04,0.031,0.031,57613597
ICE,20200213,0.245,0.245,0.237,0.245,98151
ICG,20200213,0.001,0.002,0.001,0.002,5252525
ICN,20200213,0.005,0.005,0.005,0.005,630269
ICQ,20200213,0.37,0.38,0.37,0.38,52549
ICT,20200213,0.04,0.04,0.04,0.04,75000
IDT,20200213,0.135,0.14,0.135,0.135,150342
IDX,20200213,4.2,4.2,4.06,4.12,258791
IEL,20200213,23,25.17,22.26,22.82,2432332
IEM,20200213,66.25,66.83,65.9,66.19,22338
IEU,20200213,69.49,70.16,69.48,69.81,22836
IFL,20200213,7.1,7.235,7.08,7.14,3281631
IFM,20200213,2.02,2.055,2.02,2.05,132984
IFN,20200213,0.71,0.725,0.7,0.72,4463594
IGB,20200213,113.57,113.68,113.55,113.68,3553
IGL,20200213,2.3,2.37,2.3,2.34,382854
IGN,20200213,0.026,0.026,0.025,0.025,98857
IGO,20200213,5.8,5.84,5.68,5.74,1571907
IHD,20200213,14.55,14.55,14.42,14.44,16191
IHL,20200213,0.065,0.07,0.063,0.064,3175591
IJH,20200213,309.5,311.69,309.48,309.9,727
IJP,20200213,89,89,87.8,87.9,4529
IJR,20200213,124.05,124.58,124.05,124.44,6598
IKO,20200213,94.9,95.5,94.71,95.24,1240
ILB,20200213,129.17,129.44,129.05,129.44,2155
ILC,20200213,27.69,27.77,27.53,27.54,12967
ILU,20200213,9.58,9.67,9.46,9.51,1677743
IMA,20200213,0.21,0.22,0.205,0.215,1215515
IMC,20200213,0.135,0.135,0.135,0.135,103756
IMD,20200213,1.485,1.525,1.445,1.515,1320747
IME,20200213,0.029,0.03,0.029,0.029,1924028
IMF,20200213,4.8,4.85,4.72,4.75,403430
IMM,20200213,0.385,0.39,0.375,0.38,2416572
IMR,20200213,1.75,1.755,1.75,1.75,24360
IMU,20200213,0.032,0.034,0.032,0.034,15126719
INA,20200213,4.98,5.01,4.93,4.98,797061
INF,20200213,0.056,0.056,0.055,0.055,270714
ING,20200213,3.74,3.76,3.51,3.55,3669578
INR,20200213,0.175,0.185,0.175,0.18,964297
IOD,20200213,0.165,0.165,0.16,0.16,224639
IOO,20200213,84.25,84.41,83.91,84,27125
IOZ,20200213,29.07,29.12,28.87,28.92,917204
IP1,20200213,0.008,0.008,0.008,0.008,63700
IPB,20200213,0.03,0.03,0.03,0.03,100000
IPC,20200213,1.04,1.04,1.04,1.04,1500
IPD,20200213,0.11,0.115,0.098,0.098,4655967
IPH,20200213,9.75,10.14,9.75,9.95,1184717
IPL,20200213,3.15,3.2,3.09,3.11,4993102
IPT,20200213,0.013,0.013,0.01,0.011,14953465
IRE,20200213,14.36,14.36,13.955,13.99,425476
IRI,20200213,2.92,2.96,2.915,2.93,148324
IS3,20200213,0.14,0.14,0.14,0.14,5000
ISD,20200213,0.27,0.27,0.26,0.26,251201
ISO,20200213,5.24,5.27,5.23,5.23,28537
ITG,20200213,0.44,0.45,0.43,0.435,1032395
ITW,20200213,62.95,62.95,62.95,62.95,87
IVC,20200213,13.34,13.34,13.17,13.21,438625
IVE,20200213,104.56,104.56,103.39,103.59,5261
IVR,20200213,0.023,0.024,0.023,0.023,1407495
IVV,20200213,503.87,504.19,502.56,502.99,9803
IVX,20200213,0.01,0.01,0.01,0.01,2167657
IVZ,20200213,0.026,0.026,0.024,0.025,809219
IXC,20200213,1.135,1.135,1.05,1.075,238649
IXI,20200213,83.01,83.45,83.01,83.33,7477
IXJ,20200213,105.89,105.98,105.02,105.2,7748
IXU,20200213,0.059,0.059,0.059,0.059,72000
IZZ,20200213,63.31,63.89,63,63,26807
JAN,20200213,0.43,0.45,0.425,0.45,29077
JAT,20200213,0.049,0.049,0.049,0.049,454421
JBH,20200213,42.57,42.9,41.36,41.58,566505
JDR,20200213,0.012,0.012,0.012,0.012,300000
JHC,20200213,0.915,0.935,0.91,0.92,477040
JHG,20200213,40.18,40.46,40.07,40.15,727850
JHL,20200213,0.022,0.023,0.02,0.02,533949
JHX,20200213,31.55,31.62,30.2,30.48,2533613
JIN,20200213,13.13,13.48,13,13.17,471358
JLG,20200213,2.635,2.64,2.55,2.61,173724
JMS,20200213,0.29,0.295,0.285,0.29,3286424
JPR,20200213,0.004,0.006,0.004,0.006,133915
JRL,20200213,0.3,0.3,0.3,0.3,8000
JRV,20200213,0.28,0.28,0.265,0.265,825909
JYC,20200213,1.51,1.53,1.51,1.53,750
KAI,20200213,0.009,0.009,0.009,0.009,550000
KAR,20200213,1.085,1.12,1.085,1.1,3406230
KAS,20200213,0.011,0.011,0.011,0.011,50000
KAT,20200213,0.835,0.835,0.83,0.83,57416
KCN,20200213,0.56,0.56,0.52,0.525,579064
KEY,20200213,0.005,0.005,0.005,0.005,1521440
KFE,20200213,0.059,0.06,0.057,0.057,442754
KGL,20200213,0.22,0.22,0.22,0.22,20377
KGM,20200213,0.004,0.004,0.004,0.004,126249
KGN,20200213,5.17,5.26,5.13,5.14,611878
KIN,20200213,0.045,0.048,0.045,0.047,1040351
KKC,20200213,2.45,2.47,2.45,2.45,411558
KLA,20200213,55.42,55.57,54,54.2,2083
KLL,20200213,0.5,0.505,0.5,0.505,289352
KMD,20200213,3.42,3.48,3.405,3.45,92642
KME,20200213,1.48,1.51,1.48,1.51,23721
KMT,20200213,0.006,0.006,0.006,0.006,2000000
KNM,20200213,0.016,0.016,0.016,0.016,26256
KNO,20200213,0.08,0.08,0.078,0.078,253678
KOR,20200213,0.009,0.009,0.009,0.009,767542
KOV,20200213,4.6,4.6,4.5,4.55,15665
KP2,20200213,0.016,0.016,0.016,0.016,124690
KPG,20200213,0.88,0.9,0.865,0.88,31072
KPO,20200213,0.039,0.04,0.038,0.039,2022623
KRM,20200213,0.033,0.034,0.033,0.033,30395
KRR,20200213,0.024,0.024,0.023,0.023,120786
KSC,20200213,1.55,1.55,1.55,1.55,130
KSL,20200213,1.345,1.36,1.28,1.36,615084
KSM,20200213,2.34,2.34,2.34,2.34,9645
KSN,20200213,0.18,0.195,0.18,0.185,286950
KSS,20200213,0.36,0.36,0.35,0.36,158371
KTA,20200213,0.035,0.035,0.031,0.033,3319542
KTD,20200213,0.36,0.36,0.34,0.34,336931
KTG,20200213,0.175,0.177,0.17,0.175,222551
KWR,20200213,0.205,0.205,0.17,0.17,211154
KYK,20200213,0.078,0.079,0.075,0.075,290730
KZA,20200213,0.62,0.62,0.57,0.595,32690
KZR,20200213,0.645,0.735,0.645,0.735,1091797
LAU,20200213,0.35,0.36,0.35,0.355,30352
LAW,20200213,0.067,0.067,0.067,0.067,406372
LBL,20200213,0.745,0.745,0.735,0.735,39706
LBT,20200213,0.13,0.135,0.13,0.135,116162
LCK,20200213,0.12,0.12,0.11,0.115,445285
LCL,20200213,0.038,0.038,0.036,0.037,748414
LCM,20200213,0.19,0.19,0.19,0.19,18357
LEG,20200213,0.1,0.1,0.09,0.092,6690503
LEP,20200213,5.6,5.61,5.59,5.6,21304
LEX,20200213,0.195,0.195,0.195,0.195,14850
LI3,20200213,0.029,0.029,0.029,0.029,18333
LIC,20200213,9.02,9.09,9.02,9.09,128571
LIN,20200213,0.034,0.037,0.034,0.036,6663150
LIT,20200213,0.065,0.068,0.065,0.067,4498851
LKE,20200213,0.04,0.04,0.037,0.038,1476939
LLC,20200213,17.9,18.1,17.83,17.95,993462
LLO,20200213,2.02,2.03,1.985,1.995,11135
LME,20200213,1.86,1.86,1.725,1.85,11873
LMG,20200213,0.013,0.013,0.012,0.012,289459
LNG,20200213,0.11,0.115,0.105,0.115,2003532
LNK,20200213,6.5,6.55,6.26,6.3,2664040
LNU,20200213,0.023,0.024,0.023,0.023,370999
LOM,20200213,0.13,0.13,0.115,0.115,772330
LON,20200213,0.15,0.15,0.15,0.15,50188
LOT,20200213,0.05,0.052,0.05,0.052,42884
LOV,20200213,11.25,11.3,11.08,11.22,256290
LPD,20200213,0.013,0.013,0.012,0.013,2748516
LPE,20200213,0.51,0.51,0.495,0.495,72312
LPI,20200213,0.3,0.3,0.28,0.285,42229
LRS,20200213,0.004,0.004,0.004,0.004,299000
LSF,20200213,1.425,1.43,1.4,1.405,1155243
LSR,20200213,0.008,0.008,0.008,0.008,1180000
LSX,20200213,0.47,0.47,0.46,0.46,3727810
LTR,20200213,0.12,0.12,0.1,0.105,16182812
LVE,20200213,0.036,0.036,0.036,0.036,23209
LVH,20200213,0.205,0.215,0.205,0.215,86541
LVT,20200213,0.345,0.355,0.335,0.34,2308268
LYC,20200213,2.18,2.32,2.17,2.28,10753762
LYL,20200213,6.18,6.18,6.17,6.17,1073
M7T,20200213,0.89,0.89,0.815,0.85,2620724
M8S,20200213,0.165,0.165,0.165,0.165,197500
MA1,20200213,1.04,1.04,1.03,1.04,111884
MAD,20200213,1.1,1.1,1.07,1.07,18300
MAG,20200213,0.46,0.46,0.36,0.4,1875992
MAH,20200213,0.285,0.29,0.28,0.28,2146836
MAI,20200213,0.645,0.65,0.645,0.65,104955
MAM,20200213,0.525,0.525,0.52,0.52,51231
MAN,20200213,0.015,0.015,0.015,0.015,37500
MAQ,20200213,26.78,27.03,26.78,27.03,343
MAT,20200213,0.135,0.135,0.135,0.135,462247
MAU,20200213,0.68,0.695,0.675,0.695,40876
MAY,20200213,0.009,0.009,0.009,0.009,12000
MBK,20200213,0.007,0.007,0.007,0.007,420462
MCA,20200213,0.14,0.14,0.14,0.14,316905
MCE,20200213,0.355,0.355,0.355,0.355,9338
MCP,20200213,2.96,3.07,2.96,3.02,1925421
MCR,20200213,0.65,0.655,0.63,0.64,408580
MCT,20200213,0.005,0.005,0.005,0.005,100000
MCX,20200213,0.065,0.065,0.065,0.065,110
MCY,20200213,5.17,5.17,5.1,5.12,3658
MDC,20200213,0.31,0.32,0.3,0.3,142769
MDI,20200213,0.005,0.006,0.005,0.006,5200000
MDR,20200213,0.56,0.565,0.505,0.52,488662
MEA,20200213,0.32,0.32,0.31,0.31,10402
MEB,20200213,0.008,0.008,0.008,0.008,1109290
MEC,20200213,0.995,1.01,0.995,1.01,120299
MEI,20200213,0.025,0.025,0.024,0.024,1718621
MEM,20200213,0.069,0.069,0.067,0.067,250027
MEP,20200213,0.041,0.042,0.041,0.041,603345
MEU,20200213,0.038,0.038,0.037,0.038,401183
MEY,20200213,0.067,0.071,0.067,0.071,51521
MEZ,20200213,5.45,5.47,5.25,5.25,16971
MFD,20200213,1.11,1.115,1.11,1.115,276264
MFF,20200213,3.72,3.72,3.68,3.69,211999
MFG,20200213,73.51,74.21,71.01,71.53,461237
MGC,20200213,0.435,0.435,0.435,0.435,24021
MGE,20200213,4.37,4.39,4.37,4.38,397567
MGG,20200213,2.1,2.12,2.08,2.08,815427
MGR,20200213,3.33,3.35,3.28,3.3,15498934
MGU,20200213,0.055,0.055,0.055,0.055,284
MGV,20200213,0.1,0.11,0.1,0.105,1151983
MGX,20200213,0.83,0.85,0.83,0.845,1500891
MHC,20200213,0.007,0.007,0.006,0.006,6287556
MHG,20200213,3.79,3.8,3.79,3.79,57882
MHH,20200213,1.715,1.73,1.705,1.72,514649
MHJ,20200213,0.61,0.615,0.605,0.605,154200
MIL,20200213,0.555,0.555,0.545,0.55,32721
MIN,20200213,18,19.09,17.87,18.43,3475829
MIR,20200213,2.63,2.64,2.63,2.63,63426
MLD,20200213,0.91,0.945,0.91,0.92,116986
MLL,20200213,0.087,0.091,0.084,0.09,430057
MLT,20200213,4.95,4.97,4.92,4.93,308494
MLX,20200213,0.105,0.105,0.099,0.099,2068264
MME,20200213,1.91,1.93,1.79,1.79,247739
MMI,20200213,0.14,0.14,0.135,0.135,605610
MMJ,20200213,0.12,0.12,0.12,0.12,376966
MML,20200213,0.74,0.75,0.71,0.75,248215
MMM,20200213,0.31,0.31,0.29,0.29,183308
MMS,20200213,12.49,12.49,12.21,12.26,227054
MND,20200213,16.6,16.64,16.21,16.29,258414
MNF,20200213,5.01,5.01,4.81,4.91,69190
MNS,20200213,0.11,0.11,0.1,0.105,716699
MNW,20200213,0.017,0.017,0.017,0.017,212158
MNY,20200213,2.72,2.75,2.675,2.73,365090
MOC,20200213,1.36,1.425,1.36,1.42,189308
MOE,20200213,5.76,5.84,5.71,5.81,41112
MOH,20200213,0.091,0.091,0.073,0.078,5252272
MOQ,20200213,0.21,0.21,0.21,0.21,2450
MOT,20200213,2.07,2.08,2.06,2.06,255293
MOZ,20200213,1.68,1.68,1.65,1.66,76338
MP1,20200213,11.05,11.73,10.9,11.73,1747248
MPH,20200213,0.2,0.2,0.18,0.18,20000
MPL,20200213,3.1,3.1,3.055,3.07,5127863
MPR,20200213,0.029,0.03,0.029,0.03,332793
MPW,20200213,0.078,0.078,0.078,0.078,90000
MQG,20200213,148.2,149.48,147.74,149.31,759319
MQR,20200213,0.06,0.06,0.06,0.06,103906
MRC,20200213,0.28,0.29,0.28,0.29,28667
MRL,20200213,0.425,0.425,0.42,0.42,34339
MRM,20200213,0.16,0.16,0.155,0.155,199195
MRQ,20200213,0.012,0.012,0.01,0.011,17548767
MSB,20200213,2.97,2.97,2.86,2.87,4345478
MSE,20200213,0.012,0.013,0.012,0.013,1810808
MSG,20200213,0.017,0.018,0.017,0.017,1518022
MSM,20200213,0.012,0.012,0.012,0.012,162202
MTB,20200213,0.002,0.002,0.002,0.002,185000
MTC,20200213,0.05,0.053,0.05,0.052,446456
MTH,20200213,0.012,0.012,0.01,0.01,4061709
MTO,20200213,1.75,1.805,1.75,1.805,17590
MTS,20200213,2.74,2.8,2.72,2.78,9251929
MVA,20200213,26.71,26.96,26.67,26.71,8124
MVB,20200213,28,28.02,27.83,27.83,3805
MVE,20200213,30.71,30.82,30.66,30.66,3750
MVF,20200213,0.985,1,0.98,1,134471
MVP,20200213,10.45,10.79,10.37,10.49,297082
MVR,20200213,29.82,30.2,29.81,29.84,1721
MVS,20200213,21.25,21.25,21.14,21.14,2902
MVW,20200213,32.49,32.5,32.2,32.5,281750
MWR,20200213,0.185,0.185,0.18,0.185,438987
MWY,20200213,1.625,1.665,1.62,1.665,17350
MX1,20200213,0.215,0.27,0.185,0.2,14569779
MXI,20200213,0.215,0.215,0.21,0.21,9380
MXR,20200213,0.041,0.041,0.041,0.041,43108
MXT,20200213,2.02,2.03,2.01,2.01,917325
MYE,20200213,0.975,1,0.96,1,50429
MYL,20200213,0.051,0.052,0.05,0.051,1331987
MYQ,20200213,0.215,0.24,0.215,0.24,93203
MYR,20200213,0.415,0.425,0.41,0.41,1448255
MYS,20200213,5.8,5.81,5.675,5.68,85505
MYX,20200213,0.425,0.425,0.415,0.415,3346517
NAB,20200213,26.7,27.05,26.38,26.49,10868109
NAC,20200213,1.01,1.01,1.01,1.01,24997
NAE,20200213,0.003,0.003,0.003,0.003,232000
NAM,20200213,0.36,0.36,0.36,0.36,42493
NAN,20200213,7.55,7.63,7.44,7.47,642275
NBI,20200213,2.06,2.06,2.05,2.05,422391
NC6,20200213,0.065,0.065,0.059,0.059,157379
NCC,20200213,1.08,1.08,1.07,1.07,24310
NCK,20200213,8.04,8.12,7.98,8.02,258098
NCL,20200213,0.029,0.029,0.029,0.029,33333
NCM,20200213,29.89,29.89,28.82,29.04,3191727
NCR,20200213,0.011,0.011,0.011,0.011,1146227
NCZ,20200213,0.2,0.21,0.197,0.2,1216462
NDQ,20200213,24.23,24.27,24.15,24.17,91573
NEA,20200213,1.945,2.03,1.942,1.95,5277196
NEC,20200213,1.885,1.915,1.875,1.875,4348931
NES,20200213,0.04,0.04,0.04,0.04,5882
NEU,20200213,2.9,2.91,2.83,2.86,23090
NEW,20200213,1.16,1.175,1.16,1.165,582278
NGE,20200213,0.635,0.635,0.635,0.635,20539
NGI,20200213,3.4,3.54,3.27,3.34,1455057
NHC,20200213,1.9,1.935,1.87,1.88,1526791
NHF,20200213,5.43,5.48,5.36,5.41,1242554
NIC,20200213,0.6,0.605,0.585,0.585,1498958
NME,20200213,0.017,0.017,0.017,0.017,136644
NML,20200213,0.115,0.117,0.115,0.117,409693
NMT,20200213,0.225,0.225,0.215,0.215,386665
NNW,20200213,0.069,0.069,0.069,0.069,60540
NOR,20200213,0.051,0.054,0.051,0.052,429748
NOV,20200213,0.2,0.2,0.195,0.195,5354
NSC,20200213,0.71,0.72,0.71,0.715,173091
NSR,20200213,2.19,2.285,2.175,2.21,3663836
NST,20200213,13.65,13.91,13.28,13.76,4873601
NTD,20200213,0.41,0.415,0.41,0.41,28244
NTM,20200213,0.08,0.08,0.08,0.08,576237
NTO,20200213,1.87,1.88,1.785,1.82,1340031
NTU,20200213,0.042,0.044,0.042,0.043,1556183
NUC,20200213,3.42,3.42,3.31,3.35,78505
NUF,20200213,5.83,5.93,5.83,5.88,719945
NUH,20200213,0.028,0.029,0.028,0.029,391355
NUS,20200213,0.28,0.285,0.265,0.285,81563
NVA,20200213,0.041,0.047,0.041,0.044,7569844
NVL,20200213,3.67,3.675,3.665,3.67,1524483
NVO,20200213,0.016,0.016,0.015,0.015,918900
NVU,20200213,0.035,0.035,0.035,0.035,5000
NVX,20200213,0.41,0.42,0.41,0.42,9233
NWC,20200213,0.013,0.014,0.013,0.013,298414
NWE,20200213,0.005,0.005,0.004,0.005,9124615
NWF,20200213,0.145,0.145,0.145,0.145,79351
NWH,20200213,3.02,3.06,2.89,2.92,1939809
NWL,20200213,8.19,8.23,8.01,8.04,452355
NWS,20200213,22,22.2,21.9,22.03,263393
NXS,20200213,2.3,2.3,2.175,2.24,195154
NXT,20200213,7.95,7.98,7.81,7.85,2782530
NYR,20200213,0.21,0.21,0.205,0.205,204096
NZC,20200213,0.36,0.362,0.36,0.362,246999
NZM,20200213,0.37,0.375,0.37,0.375,3586
NZS,20200213,0.013,0.013,0.012,0.012,270000
OAR,20200213,0.003,0.003,0.003,0.003,3683698
OAU,20200213,0.02,0.02,0.02,0.02,30000
OBM,20200213,0.185,0.185,0.18,0.18,340195
OCA,20200213,1.19,1.19,1.19,1.19,8300
OCC,20200213,0.48,0.49,0.47,0.475,354547
OCL,20200213,6.34,6.4,6.32,6.34,9336
ODA,20200213,0.21,0.21,0.18,0.18,85554
OEC,20200213,0.57,0.635,0.57,0.615,184791
OEL,20200213,0.025,0.027,0.024,0.024,7615262
OFX,20200213,1.425,1.44,1.42,1.43,49913
OGA,20200213,0.12,0.12,0.115,0.12,218355
OGC,20200213,2.81,2.89,2.79,2.87,528540
OIL,20200213,0.031,0.031,0.031,0.031,70000
OKR,20200213,0.076,0.076,0.076,0.076,13610
OKU,20200213,0.23,0.242,0.23,0.24,418653
OLI,20200213,0.092,0.092,0.087,0.087,507565
OLL,20200213,0.18,0.23,0.18,0.225,1079421
OMH,20200213,0.43,0.435,0.41,0.41,28047
OML,20200213,3.1,3.16,3.04,3.08,2189684
ONX,20200213,0.079,0.08,0.079,0.079,52000
OOO,20200213,13.31,13.31,13.15,13.25,39709
OPC,20200213,4.36,4.5,4.36,4.46,9507
OPH,20200213,2.73,2.74,2.72,2.73,192672
OPL,20200213,0.12,0.12,0.11,0.11,72301
OPT,20200213,3.4,3.4,3.29,3.31,866571
OPY,20200213,1.35,1.42,1.35,1.395,761972
ORA,20200213,2.97,2.99,2.88,2.94,7901233
ORE,20200213,3.65,3.67,3.44,3.45,1008916
ORG,20200213,7.85,7.895,7.8,7.86,8989758
ORI,20200213,22.56,22.56,22.3,22.38,575419
ORN,20200213,0.02,0.02,0.02,0.02,50000
ORR,20200213,0.435,0.44,0.43,0.43,53679
OSH,20200213,6.47,6.48,6.37,6.42,8088678
OSL,20200213,0.19,0.192,0.185,0.185,1913528
OSP,20200213,0.019,0.019,0.017,0.018,1168459
OSX,20200213,0.63,0.63,0.62,0.63,55382
OTW,20200213,4.39,4.4,4.24,4.39,15120
OVH,20200213,0.305,0.305,0.295,0.295,655849
OVL,20200213,0.007,0.007,0.007,0.007,1916187
OVN,20200213,0.425,0.48,0.42,0.46,591236
OZF,20200213,20.58,20.59,20.5,20.5,1753
OZG,20200213,0.175,0.175,0.175,0.175,350000
OZL,20200213,10.41,10.48,10.14,10.16,1442342
OZR,20200213,11.92,11.92,11.88,11.88,30521
P2P,20200213,0.069,0.072,0.069,0.072,121970
PAA,20200213,0.105,0.105,0.102,0.102,80000
PAC,20200213,6.25,6.32,6.15,6.31,33743
PAF,20200213,0.91,0.91,0.9,0.9,82869
PAI,20200213,1.07,1.075,1.065,1.07,330481
PAL,20200213,0.88,0.88,0.81,0.86,100181
PAN,20200213,0.23,0.23,0.225,0.225,258834
PAR,20200213,4.4,4.45,4.12,4.13,1013382
PBH,20200213,5.9,6.15,5.72,6.1,1422057
PBP,20200213,2.41,2.435,2.37,2.37,64088
PCG,20200213,1.46,1.5,1.45,1.5,21548
PCI,20200213,1.145,1.15,1.14,1.14,337884
PCK,20200213,0.135,0.14,0.132,0.135,2109020
PCL,20200213,0.002,0.002,0.002,0.002,1000000
PDL,20200213,9.19,9.23,9.01,9.06,852486
PDN,20200213,0.1,0.1,0.094,0.095,2965218
PDZ,20200213,0.2,0.2,0.2,0.2,2364
PE1,20200213,1.415,1.42,1.395,1.42,29563
PEC,20200213,0.04,0.041,0.04,0.041,200000
PEK,20200213,0.04,0.04,0.038,0.038,677665
PEN,20200213,0.175,0.185,0.17,0.17,894394
PET,20200213,0.77,0.78,0.74,0.74,563159
PEX,20200213,0.22,0.225,0.22,0.22,103125
PFG,20200213,0.076,0.076,0.076,0.076,12600
PFP,20200213,3.55,3.6,3.515,3.6,53796
PG1,20200213,0.13,0.13,0.13,0.13,16146
PGC,20200213,0.27,0.277,0.265,0.27,672204
PGF,20200213,1.265,1.265,1.25,1.25,166903
PGG,20200213,2.05,2.07,2.05,2.06,319540
PGH,20200213,2.59,2.62,2.56,2.59,307727
PGI,20200213,0.026,0.027,0.025,0.027,588889
PGL,20200213,2.01,2.01,1.87,1.9,7074
PGM,20200213,0.019,0.019,0.019,0.019,125681
PGR,20200213,0.115,0.115,0.115,0.115,15000
PGX,20200213,0.39,0.39,0.385,0.385,213723
PGY,20200213,0.018,0.018,0.018,0.018,23000
PIA,20200213,1.17,1.17,1.165,1.165,165985
PIC,20200213,1.07,1.07,1.055,1.06,314428
PIN,20200213,0.095,0.095,0.095,0.095,10000
PIO,20200213,0.013,0.013,0.013,0.013,2816671
PIQ,20200213,0.29,0.29,0.29,0.29,3125
PKO,20200213,0.014,0.014,0.014,0.014,263
PKS,20200213,0.155,0.155,0.15,0.155,142665
PL8,20200213,1.19,1.2,1.18,1.195,682212
PLL,20200213,0.12,0.13,0.12,0.12,337192
PLS,20200213,0.325,0.327,0.31,0.31,14265939
PLX,20200213,0.68,0.68,0.67,0.67,42313
PM1,20200213,0.019,0.019,0.018,0.019,1191519
PM8,20200213,0.21,0.21,0.19,0.195,1474768
PMC,20200213,1.53,1.545,1.525,1.53,388729
PME,20200213,28.4,30.37,24.11,26.42,1201841
PMV,20200213,21,21.06,20.69,20.93,249333
PMY,20200213,0.006,0.006,0.005,0.005,419555
PNC,20200213,1.745,1.745,1.74,1.745,37635
PNI,20200213,6.2,6.4,5.92,5.95,1130866
PNR,20200213,0.105,0.105,0.1,0.1,1116492
PNV,20200213,2.97,3.1,2.96,3.08,4576598
PNX,20200213,0.008,0.008,0.008,0.008,1577500
PO3,20200213,2.85,2.85,2.6,2.6,6036
POD,20200213,0.037,0.038,0.037,0.038,310000
POS,20200213,0.036,0.036,0.035,0.035,1191708
PPC,20200213,1.39,1.39,1.305,1.305,64947
PPE,20200213,3.9,3.9,3.81,3.9,137652
PPG,20200213,0.112,0.115,0.112,0.115,40000
PPH,20200213,4.57,4.64,4.54,4.62,143187
PPK,20200213,6.47,6.7,6.32,6.52,60685
PPL,20200213,0.009,0.009,0.009,0.009,50000
PPS,20200213,0.46,0.475,0.46,0.47,1102625
PPT,20200213,44.21,44.32,43.39,43.41,303895
PPY,20200213,0.016,0.016,0.016,0.016,40000
PRM,20200213,0.002,0.002,0.002,0.002,750000
PRN,20200213,1.5,1.5,1.437,1.44,2388765
PRO,20200213,0.81,0.81,0.81,0.81,6343
PRT,20200213,0.16,0.165,0.155,0.155,74771
PRU,20200213,1.155,1.2,1.147,1.19,5714149
PRX,20200213,0.055,0.055,0.045,0.048,1159664
PSC,20200213,0.185,0.195,0.175,0.175,142997
PSI,20200213,3.25,3.25,3.25,3.25,7150
PSQ,20200213,1.85,1.85,1.85,1.85,65833
PSZ,20200213,0.026,0.028,0.025,0.025,351338
PTB,20200213,0.8,0.82,0.79,0.82,417054
PTM,20200213,4.77,4.815,4.71,4.71,732255
PTR,20200213,0.061,0.061,0.06,0.06,515000
PTX,20200213,0.048,0.051,0.048,0.049,1572243
PUA,20200213,0.012,0.012,0.012,0.012,300000
PVE,20200213,0.049,0.05,0.047,0.049,552500
PVS,20200213,1.615,1.62,1.615,1.62,5939
PWG,20200213,1.445,1.5,1.427,1.45,213708
PWH,20200213,4.73,4.91,4.72,4.9,35874
PWL,20200213,0.16,0.16,0.145,0.155,191877
PWN,20200213,0.007,0.007,0.006,0.006,4249121
PXS,20200213,0.11,0.11,0.11,0.11,67340
PXX,20200213,0.031,0.031,0.031,0.031,45490
PYC,20200213,0.062,0.063,0.062,0.063,682739
QAG,20200213,5.57,5.58,5.57,5.58,5000
QAN,20200213,6.51,6.535,6.4,6.47,5595911
QAU,20200213,15.74,15.81,15.71,15.81,32930
QBE,20200213,14.17,14.29,14.14,14.26,2711099
QCB,20200213,7.68,7.75,7.68,7.75,2333
QEM,20200213,0.089,0.089,0.089,0.089,2347
QFE,20200213,0.33,0.34,0.33,0.34,25178
QFN,20200213,11.47,11.47,11.41,11.41,7976
QFY,20200213,0.004,0.004,0.003,0.003,2851200
QGL,20200213,0.05,0.05,0.05,0.05,65000
QHL,20200213,0.14,0.145,0.135,0.14,1067652
QIP,20200213,1.29,1.29,1.28,1.29,27425
QOZ,20200213,14.25,14.34,14.22,14.22,53389
QRE,20200213,6.5,6.5,6.47,6.47,2830
QRI,20200213,1.63,1.63,1.62,1.62,568058
QTM,20200213,0.041,0.041,0.04,0.04,314000
QUB,20200213,3.5,3.505,3.47,3.48,2866659
QUS,20200213,41.09,41.09,41.07,41.07,2825
QVE,20200213,1.03,1.035,1.02,1.02,176598
RAC,20200213,0.27,0.31,0.27,0.3,914637
RAN,20200213,0.015,0.015,0.015,0.015,10624
RAP,20200213,0.25,0.25,0.245,0.245,570724
RBL,20200213,1.25,1.25,1.155,1.215,663877
RBR,20200213,0.013,0.013,0.013,0.013,1394723
RCB,20200213,20.79,20.86,20.79,20.86,14133
RCE,20200213,0.415,0.45,0.415,0.44,676146
RDC,20200213,1.125,1.13,1.12,1.12,224720
RDH,20200213,1.72,1.725,1.72,1.725,9443
RDN,20200213,0.007,0.007,0.006,0.006,491300
RDS,20200213,0.008,0.008,0.007,0.007,193650
RDV,20200213,31,31.06,30.79,30.8,9584
RDY,20200213,2.1,2.11,2.02,2.02,53700
REA,20200213,113.7,115.51,113.12,114.97,215842
RED,20200213,0.29,0.3,0.285,0.285,5872031
REE,20200213,0.037,0.038,0.037,0.038,250000
REG,20200213,2.38,2.43,2.38,2.38,164495
REH,20200213,11.78,11.84,11.64,11.69,53226
RES,20200213,0.08,0.08,0.075,0.075,8270
REV,20200213,0.01,0.01,0.009,0.009,688069
REX,20200213,1.055,1.075,1.055,1.075,38219
RF1,20200213,2.68,2.7,2.65,2.7,215287
RFF,20200213,2,2.09,2,2.05,1224122
RFG,20200213,0.1,0.105,0.1,0.1,290607
RFR,20200213,0.115,0.12,0.115,0.12,345682
RFT,20200213,0.041,0.042,0.04,0.042,1405248
RFX,20200213,0.044,0.044,0.041,0.042,463510
RGB,20200213,23.13,23.19,23.13,23.19,578
RGI,20200213,0.12,0.12,0.115,0.115,571888
RGS,20200213,0.062,0.062,0.062,0.062,97063
RHC,20200213,79.76,79.89,79.16,79.42,317816
RHP,20200213,2.12,2.185,2.12,2.15,740317
RHT,20200213,0.195,0.2,0.195,0.195,459504
RHY,20200213,0.09,0.09,0.089,0.089,113339
RIC,20200213,0.995,1.005,0.995,1,82661
RIM,20200213,0.002,0.002,0.002,0.002,500000
RIO,20200213,98.99,99.14,97.54,98.01,1513667
RKN,20200213,0.64,0.7,0.64,0.67,35478
RLE,20200213,0.025,0.025,0.024,0.024,321136
RLG,20200213,0.027,0.027,0.027,0.027,259500
RLT,20200213,1.315,1.36,1.295,1.36,58693
RMC,20200213,1.44,1.465,1.43,1.435,120113
RMD,20200213,25.87,25.93,25.68,25.68,1537845
RML,20200213,0.066,0.069,0.065,0.065,1696439
RMP,20200213,0.013,0.013,0.012,0.012,625000
RMS,20200213,1.25,1.29,1.232,1.26,4946617
RMX,20200213,0.004,0.004,0.004,0.004,909090
RMY,20200213,0.64,0.675,0.64,0.66,390277
RND,20200213,2.24,2.25,2.24,2.25,11411
RNE,20200213,0.025,0.025,0.025,0.025,25670
RNO,20200213,0.165,0.165,0.165,0.165,97499
RNT,20200213,0.05,0.05,0.05,0.05,66823
ROG,20200213,0.002,0.002,0.002,0.002,7090000
ROO,20200213,0.042,0.045,0.035,0.035,3849648
RPM,20200213,0.18,0.18,0.18,0.18,83333
RRL,20200213,4.32,4.36,4.26,4.3,2614539
RSG,20200213,1.14,1.14,1.115,1.13,8547325
RSH,20200213,0.083,0.085,0.083,0.084,703987
RSM,20200213,21.45,21.45,21.45,21.45,297
RTG,20200213,0.088,0.089,0.088,0.088,470723
RTR,20200213,0.084,0.085,0.084,0.085,382070
RUL,20200213,1.08,1.092,1.07,1.08,260686
RVR,20200213,0.105,0.105,0.1,0.1,597911
RWC,20200213,4.7,4.725,4.66,4.69,1625450
RXH,20200213,0.005,0.005,0.005,0.005,27833
RXL,20200213,0.028,0.03,0.028,0.028,10944475
RXP,20200213,0.45,0.46,0.445,0.445,239240
RYD,20200213,1.465,1.465,1.465,1.465,2439
RZI,20200213,0.95,0.95,0.94,0.94,34485
S2R,20200213,0.097,0.1,0.096,0.1,190790
S32,20200213,2.6,2.62,2.54,2.59,20284796
S66,20200213,0.56,0.57,0.56,0.57,24708
SAR,20200213,4.11,4.18,4.075,4.12,5811802
SAU,20200213,0.165,0.165,0.16,0.16,20000
SBM,20200213,2.75,2.78,2.72,2.75,4672934
SBR,20200213,0.002,0.002,0.002,0.002,2000000
SBW,20200213,0.16,0.22,0.16,0.18,890883
SCG,20200213,3.83,3.83,3.74,3.79,15485038
SCI,20200213,0.008,0.008,0.008,0.008,930750
SCL,20200213,0.016,0.017,0.016,0.016,2014489
SCN,20200213,0.028,0.029,0.025,0.026,3435881
SCP,20200213,3.13,3.13,3.09,3.12,2582416
SCT,20200213,0.058,0.058,0.058,0.058,2613
SCU,20200213,0.015,0.015,0.015,0.015,58367
SDF,20200213,4.02,4.045,3.915,3.93,1279221
SDG,20200213,1.8,1.8,1.75,1.75,22240
SDI,20200213,0.88,0.88,0.85,0.875,2232
SDV,20200213,0.87,0.89,0.82,0.855,592434
SDX,20200213,0.035,0.036,0.035,0.036,2055010
SE1,20200213,0.013,0.015,0.013,0.013,3634321
SEC,20200213,1.8,1.82,1.795,1.81,28049
SEI,20200213,0.038,0.04,0.038,0.039,676490
SEK,20200213,23.5,23.67,23.34,23.41,716101
SEN,20200213,0.066,0.066,0.066,0.066,94280
SEQ,20200213,0.195,0.2,0.195,0.2,14262
SER,20200213,0.005,0.005,0.005,0.005,50000
SES,20200213,0.08,0.08,0.08,0.08,15000
SF1,20200213,0.02,0.02,0.02,0.02,200903
SFC,20200213,16.03,16.03,16.03,16.03,200
SFG,20200213,0.071,0.071,0.069,0.069,355625
SFR,20200213,5.32,5.36,5.18,5.18,1048472
SFX,20200213,0.165,0.19,0.15,0.19,1266504
SFY,20200213,65.01,65.42,64.99,65.01,16390
SGC,20200213,0.024,0.03,0.022,0.027,579194
SGF,20200213,2.29,2.35,2.29,2.33,134253
SGH,20200213,1.02,1.035,1.01,1.01,53719
SGM,20200213,10.78,10.85,10.7,10.74,416375
SGO,20200213,0.02,0.02,0.02,0.02,25000
SGP,20200213,5.01,5.02,4.92,4.97,6176344
SGQ,20200213,0.12,0.12,0.1,0.105,2232184
SGR,20200213,4.24,4.25,4.16,4.18,5273153
SHE,20200213,0.006,0.006,0.006,0.006,500000
SHJ,20200213,0.905,0.905,0.905,0.905,100000
SHL,20200213,31.5,31.74,31.36,31.51,1131553
SHM,20200213,0.725,0.74,0.725,0.73,22681
SHO,20200213,0.025,0.025,0.025,0.025,43300
SHV,20200213,9.09,9.12,8.9,8.97,225497
SIG,20200213,0.595,0.6,0.595,0.6,2875346
SIH,20200213,0.014,0.016,0.014,0.016,535777
SIL,20200213,0.043,0.043,0.043,0.043,32892
SIO,20200213,0.385,0.385,0.385,0.385,43065
SIQ,20200213,6.94,7.04,6.9,6.9,745607
SIS,20200213,0.014,0.015,0.013,0.013,586710
SIV,20200213,0.62,0.62,0.615,0.615,19320
SKC,20200213,3.55,3.59,3.48,3.53,494462
SKF,20200213,0.19,0.19,0.185,0.185,122330
SKI,20200213,2.17,2.18,2.13,2.14,2626982
SKN,20200213,0.011,0.013,0.011,0.013,153000
SKO,20200213,4.8,4.8,4.68,4.77,41343
SKT,20200213,0.58,0.62,0.575,0.615,294338
SKY,20200213,0.27,0.285,0.25,0.265,1424723
SLC,20200213,0.865,0.89,0.85,0.875,1258082
SLF,20200213,14.94,15.5,14.94,15.5,41553
SLK,20200213,4.12,4.25,4.01,4.18,823271
SLM,20200213,0.82,0.82,0.82,0.82,46285
SLR,20200213,1.71,1.73,1.68,1.69,10417003
SLX,20200213,0.365,0.365,0.365,0.365,1973
SM1,20200213,6.65,6.68,6.41,6.54,709300
SM8,20200213,0.06,0.067,0.06,0.065,1771105
SMD,20200213,0.005,0.005,0.005,0.005,1361112
SMI,20200213,0.004,0.005,0.004,0.004,3726889
SMN,20200213,0.8,0.8,0.78,0.78,90579
SMP,20200213,0.715,0.75,0.68,0.7,733308
SMR,20200213,0.925,0.955,0.925,0.955,161672
SMX,20200213,0.38,0.4,0.38,0.4,54032
SNC,20200213,0.83,0.83,0.83,0.83,76368
SND,20200213,0.485,0.485,0.485,0.485,945
SNS,20200213,0.13,0.13,0.13,0.13,68461
SNZ,20200213,8.7,8.7,8.7,8.7,350
SO4,20200213,0.63,0.64,0.615,0.63,338645
SOL,20200213,21.21,22.39,21.21,21.52,870119
SOM,20200213,3.3,3.35,3.28,3.3,47907
SOR,20200213,0.079,0.079,0.078,0.078,172870
SP3,20200213,0.1,0.1,0.1,0.1,81000
SPK,20200213,4.6,4.615,4.55,4.59,626465
SPL,20200213,1.165,1.18,1.135,1.165,313966
SPT,20200213,0.51,0.52,0.495,0.5,569569
SPX,20200213,0.13,0.14,0.13,0.14,13782396
SPY,20200213,508.93,508.93,500.77,500.85,951
SPZ,20200213,0.225,0.225,0.225,0.225,4800
SRG,20200213,0.365,0.375,0.36,0.37,336772
SRI,20200213,0.064,0.064,0.061,0.061,81713
SRK,20200213,0.049,0.052,0.049,0.052,47894
SRN,20200213,0.002,0.002,0.002,0.002,2500000
SRV,20200213,4.1,4.19,3.93,4.15,30786
SSG,20200213,0.665,0.665,0.66,0.66,10891
SSM,20200213,2.31,2.42,2.29,2.39,5037163
SSO,20200213,16.36,16.36,16.36,16.36,1622
ST1,20200213,0.185,0.185,0.18,0.18,302783
STA,20200213,0.12,0.12,0.12,0.12,102458
STG,20200213,1.25,1.3,1.17,1.23,491928
STM,20200213,0.011,0.012,0.011,0.011,1920386
STN,20200213,0.45,0.455,0.45,0.455,50425
STO,20200213,8.24,8.29,8.17,8.23,4537864
STW,20200213,65.95,66.05,65.5,65.6,163047
STX,20200213,0.175,0.18,0.17,0.175,6623442
SUL,20200213,9.12,9.18,9.01,9.05,894215
SUN,20200213,12.41,12.43,12.31,12.37,3139151
SVA,20200213,0.023,0.028,0.021,0.028,483585
SVD,20200213,0.007,0.007,0.007,0.007,200000
SVL,20200213,0.099,0.102,0.098,0.1,2394659
SVM,20200213,0.135,0.135,0.13,0.135,5736017
SVW,20200213,19.6,20.09,19.44,19.52,364042
SVY,20200213,0.69,0.7,0.675,0.7,178888
SW1,20200213,0.075,0.075,0.073,0.073,160069
SWF,20200213,0.165,0.17,0.165,0.17,2039063
SWK,20200213,0.175,0.175,0.175,0.175,1023637
SWM,20200213,0.25,0.255,0.245,0.255,996024
SXA,20200213,0.062,0.062,0.062,0.062,300000
SXE,20200213,0.615,0.62,0.61,0.615,66670
SXL,20200213,0.82,0.835,0.81,0.81,1596708
SXY,20200213,0.32,0.34,0.32,0.335,7436100
SYA,20200213,0.012,0.012,0.012,0.012,7937144
SYD,20200213,8.56,8.62,8.53,8.59,3832732
SYI,20200213,30.26,30.43,30.22,30.22,4818
SYR,20200213,0.57,0.585,0.535,0.535,3024915
SYT,20200213,0.001,0.001,0.001,0.001,1000000
SZL,20200213,1.82,1.83,1.78,1.785,177614
TAH,20200213,4.68,4.68,4.62,4.64,3760666
TAM,20200213,0.049,0.055,0.047,0.05,4025094
TAO,20200213,0.067,0.067,0.067,0.067,5000
TAP,20200213,0.107,0.11,0.105,0.105,142449
TAS,20200213,0.041,0.041,0.041,0.041,50000
TBR,20200213,5.1,5.1,4.9,5.1,55150
TCL,20200213,16.11,16.22,16.07,16.18,4223946
TCN,20200213,0.041,0.041,0.041,0.041,25000
TD1,20200213,0.036,0.041,0.035,0.038,8698520
TDI,20200213,1.685,1.685,1.675,1.685,74302
TEG,20200213,0.047,0.047,0.046,0.046,66840
TEK,20200213,0.275,0.275,0.275,0.275,243488
TER,20200213,0.285,0.285,0.275,0.275,141322
TGA,20200213,0.21,0.21,0.205,0.205,108092
TGF,20200213,1.77,1.795,1.75,1.795,79818
TGG,20200213,1.36,1.36,1.36,1.36,8000
TGH,20200213,0.16,0.185,0.16,0.18,507518
TGN,20200213,0.155,0.165,0.15,0.15,348841
TGO,20200213,0.061,0.061,0.061,0.061,25000
TGP,20200213,1.12,1.125,1.1,1.125,21835
TGR,20200213,4.63,4.69,4.5,4.6,2071524
THC,20200213,0.38,0.38,0.365,0.365,248634
THR,20200213,0.006,0.006,0.006,0.006,704332
TIE,20200213,0.29,0.29,0.29,0.29,85424
TIG,20200213,0.009,0.009,0.009,0.009,109000
TIP,20200213,0.65,0.65,0.6,0.6,206992
TLG,20200213,0.46,0.46,0.43,0.435,252092
TLM,20200213,0.08,0.084,0.08,0.081,302665
TLS,20200213,3.84,3.94,3.7,3.76,51965767
TLT,20200213,3.25,3.25,3.2,3.2,5759
TLX,20200213,1.485,1.54,1.445,1.54,1837360
TMR,20200213,0.21,0.215,0.205,0.215,229811
TMT,20200213,0.115,0.115,0.115,0.115,211072
TMX,20200213,0.004,0.004,0.004,0.004,1447575
TNE,20200213,8.76,8.845,8.72,8.77,1200968
TNG,20200213,0.084,0.084,0.083,0.083,302905
TNK,20200213,1.25,1.37,1.25,1.295,58085
TNT,20200213,0.078,0.09,0.075,0.09,16065946
TNY,20200213,1.53,1.58,1.475,1.48,162384
TOE,20200213,0.008,0.008,0.008,0.008,55293
TON,20200213,0.036,0.036,0.035,0.035,604193
TOP,20200213,0.65,0.65,0.647,0.65,155634
TOT,20200213,1.062,1.065,1.06,1.06,68344
TOU,20200213,0.065,0.067,0.065,0.067,35292
TPD,20200213,0.003,0.003,0.002,0.002,1000000
TPM,20200213,8.15,8.78,8,8.15,7924991
TPP,20200213,0.069,0.069,0.066,0.067,159375
TPW,20200213,4.06,4.2,3.85,4.03,270957
TRM,20200213,0.008,0.008,0.008,0.008,25000
TRS,20200213,4.33,4.5,4.32,4.5,39338
TRT,20200213,0.022,0.022,0.022,0.022,42861
TRY,20200213,0.089,0.089,0.088,0.088,207714
TSC,20200213,0.008,0.009,0.008,0.008,43490394
TSL,20200213,0.04,0.044,0.039,0.043,3242785
TSO,20200213,0.031,0.031,0.026,0.026,4493804
TTB,20200213,0.76,0.77,0.76,0.77,74932
TTI,20200213,0.013,0.013,0.013,0.013,400000
TTM,20200213,0.13,0.13,0.112,0.125,641831
TTT,20200213,0.895,0.895,0.86,0.865,117278
TWD,20200213,3.43,3.43,3.3,3.39,13115
TWE,20200213,11.58,11.69,11.01,11.18,13148501
TWR,20200213,0.68,0.68,0.68,0.68,2157
TYM,20200213,0.031,0.031,0.03,0.031,157294
TYR,20200213,4.43,4.45,4.36,4.39,872091
TZN,20200213,0.039,0.039,0.033,0.033,32822
UBA,20200213,23.61,23.63,23.61,23.63,740
UBE,20200213,25.07,25.07,25.07,25.07,261
UBI,20200213,0.18,0.18,0.18,0.18,192764
UBN,20200213,0.063,0.063,0.061,0.061,132400
UBP,20200213,30.51,30.69,30.51,30.64,589
UBW,20200213,32.44,32.44,32.28,32.28,1279
UCM,20200213,0.37,0.43,0.36,0.37,5381956
UCW,20200213,0.215,0.22,0.215,0.215,241006
UNL,20200213,0.04,0.042,0.04,0.04,87500
UNV,20200213,0.24,0.245,0.24,0.24,536196
URF,20200213,0.43,0.44,0.43,0.43,712981
URW,20200213,10.3,10.52,10.25,10.52,994376
USD,20200213,14.44,14.47,14.43,14.46,26126
UUL,20200213,0.016,0.016,0.016,0.016,54000
UWL,20200213,1.58,1.595,1.55,1.56,428127
VAE,20200213,72.01,72.72,72,72,4561
VAF,20200213,52.33,52.43,52.32,52.43,44282
VAH,20200213,0.135,0.135,0.13,0.135,302502
VAL,20200213,0.002,0.002,0.001,0.001,1700000
VAN,20200213,0.1,0.13,0.08,0.125,688445
VAP,20200213,96.02,97.45,96,96.7,50643
VAS,20200213,90.21,90.41,89.63,89.71,190991
VBS,20200213,0.58,0.58,0.58,0.58,15000
VCF,20200213,51.1,51.18,51.01,51.11,8530
VCX,20200213,2.54,2.54,2.5,2.51,6084180
VEA,20200213,1.71,1.715,1.66,1.68,3914670
VEN,20200213,0.14,0.14,0.14,0.14,55000
VEQ,20200213,62.66,62.68,62.46,62.53,7722
VEU,20200213,80.5,80.5,79.85,80.14,18928
VG1,20200213,2.29,2.3,2.28,2.28,160164
VG8,20200213,2.29,2.3,2.28,2.29,176908
VGB,20200213,53.31,53.4,53.3,53.38,43353
VGE,20200213,73.1,73.5,73.1,73.11,7951
VGI,20200213,12.3,12.47,12.3,12.35,5377
VGL,20200213,3.12,3.12,3.03,3.03,4787
VGS,20200213,87.33,87.5,87.12,87.15,95744
VHT,20200213,1.8,1.81,1.77,1.795,378699
VHY,20200213,62.5,63.06,62.45,62.48,37823
VIC,20200213,0.001,0.001,0.001,0.001,1768666
VIF,20200213,51.09,51.09,50.97,51.08,6845
VLC,20200213,72.87,73.1,72.6,72.6,2971
VLS,20200213,0.58,0.605,0.58,0.605,14494
VLT,20200213,0.275,0.28,0.275,0.28,44460
VMC,20200213,0.185,0.185,0.185,0.185,181030
VMS,20200213,0.013,0.013,0.013,0.013,1010330
VMT,20200213,0.3,0.305,0.295,0.3,570723
VMX,20200213,0.28,0.29,0.27,0.28,388030
VMY,20200213,0.043,0.043,0.042,0.042,479338
VN8,20200213,0.11,0.11,0.1,0.105,152544
VOC,20200213,3.41,3.48,3.36,3.39,1446516
VOL,20200213,1.55,1.64,1.55,1.625,35738
VOR,20200213,0.008,0.008,0.007,0.007,1886297
VP7,20200213,0.035,0.035,0.03,0.03,113937
VPR,20200213,0.001,0.001,0.001,0.001,250000
VRC,20200213,0.012,0.013,0.012,0.012,1520000
VRL,20200213,3.95,4.075,3.95,4.04,185436
VRS,20200213,0.065,0.065,0.065,0.065,21290
VRT,20200213,4.3,4.38,4.3,4.31,45720
VRX,20200213,0.105,0.105,0.1,0.1,200330
VSO,20200213,62.75,62.8,62.46,62.46,10631
VTG,20200213,1.22,1.235,1.205,1.235,255109
VTH,20200213,0.78,0.785,0.77,0.78,151144
VTI,20200213,0.039,0.039,0.038,0.038,844346
VTS,20200213,254.86,255.45,254.2,254.56,14981
VUK,20200213,3.65,3.75,3.63,3.75,5308734
VVA,20200213,2.86,2.96,2.85,2.86,16238
VVR,20200213,2.77,2.82,2.76,2.78,1170138
VXR,20200213,0.097,0.1,0.097,0.1,255224
VYS,20200213,0.064,0.064,0.063,0.063,456426
WAA,20200213,1.1,1.1,1.085,1.085,50513
WAF,20200213,0.51,0.53,0.505,0.525,6202373
WAM,20200213,2.32,2.34,2.32,2.33,426590
WAX,20200213,1.46,1.465,1.455,1.46,95209
WBC,20200213,25.39,25.72,25.32,25.41,8630192
WBE,20200213,0.008,0.009,0.008,0.009,2325509
WBT,20200213,0.38,0.38,0.375,0.38,27393
WCN,20200213,0.004,0.004,0.004,0.004,10500
WEB,20200213,12.8,13.03,12.655,12.75,944079
WEC,20200213,0.076,0.076,0.076,0.076,10000
WEL,20200213,0.045,0.045,0.044,0.044,440129
WES,20200213,45.65,45.73,45.39,45.61,1510121
WGB,20200213,2.27,2.29,2.27,2.29,277668
WGN,20200213,1.87,1.91,1.83,1.9,258127
WGO,20200213,0.195,0.2,0.195,0.2,943136
WGX,20200213,2.2,2.22,2.16,2.21,1357904
WHC,20200213,2.52,2.59,2.515,2.53,4792226
WHF,20200213,5.48,5.5,5.48,5.48,11349
WHK,20200213,0.069,0.07,0.069,0.069,278057
WIC,20200213,1.11,1.12,1.105,1.12,64596
WJA,20200213,0.12,0.12,0.11,0.11,24707
WKT,20200213,0.185,0.185,0.18,0.185,65316
WLD,20200213,0.064,0.074,0.064,0.074,940217
WLE,20200213,1.3,1.325,1.3,1.305,600920
WMI,20200213,1.555,1.56,1.535,1.555,186038
WML,20200213,0.014,0.016,0.014,0.016,707516
WNB,20200213,0.004,0.005,0.004,0.004,3348892
WND,20200213,0.935,0.94,0.935,0.94,31845
WNR,20200213,0.275,0.275,0.275,0.275,20000
WOA,20200213,0.135,0.135,0.13,0.13,23500
WOR,20200213,14.71,14.77,14.42,14.47,2682977
WOW,20200213,43.38,43.38,42.59,42.88,1841934
WPL,20200213,34.28,34.34,33.51,33.74,2636072
WPP,20200213,0.545,0.56,0.545,0.56,51462
WQG,20200213,1.275,1.295,1.275,1.285,366788
WRM,20200213,0.004,0.004,0.004,0.004,2050761
WSA,20200213,2.53,2.58,2.5,2.51,2327994
WSP,20200213,1.43,1.49,1.43,1.43,65093
WTC,20200213,28.75,29.1,28.48,29.07,891275
WTL,20200213,0.036,0.036,0.036,0.036,72737
WWI,20200213,0.015,0.017,0.015,0.015,3197694
WZR,20200213,0.32,0.34,0.315,0.315,6415635
XCD,20200213,0.01,0.011,0.01,0.011,1891350
XF1,20200213,0.255,0.255,0.247,0.25,59680
XPE,20200213,0.001,0.001,0.001,0.001,1000000
XPL,20200213,0.1,0.1,0.097,0.1,198353
XRF,20200213,0.24,0.24,0.24,0.24,37998
XRO,20200213,88.67,88.88,87.16,87.47,334905
XTC,20200213,0.002,0.002,0.002,0.002,5350000
XTD,20200213,0.039,0.039,0.039,0.039,49781
XTE,20200213,0.505,0.545,0.505,0.515,75301
YAL,20200213,2.86,2.87,2.86,2.86,14843
YBR,20200213,0.084,0.084,0.084,0.084,20000
YOJ,20200213,0.046,0.047,0.046,0.046,132046
YOW,20200213,0.058,0.058,0.058,0.058,100000
YPB,20200213,0.003,0.004,0.003,0.004,4478000
YRL,20200213,0.245,0.245,0.245,0.245,2280
Z1P,20200213,4.08,4.14,4.04,4.08,2810853
ZEL,20200213,4.24,4.34,4.23,4.34,30998
ZEN,20200213,0.77,0.785,0.765,0.77,403098
ZGL,20200213,0.105,0.105,0.105,0.105,108652
ZIM,20200213,12.4,12.4,12.4,12.4,193
ZLD,20200213,0.057,0.058,0.056,0.057,1171900
ZMI,20200213,0.065,0.067,0.065,0.067,77746
ZNC,20200213,0.051,0.051,0.05,0.05,148937
ZNO,20200213,1.4,1.55,1.36,1.415,7966495
XAF,20200213,6976.4,7037.6,6976.4,6995.8,0
XAO,20200213,7185.3,7244.1,7185.3,7204.6,0
XAT,20200213,7029.3,7088.8,7029.3,7046.1,0
XDJ,20200213,2860.8,2898.9,2860.8,2883.1,0
XEC,20200213,1596.7,1616.3,1596.7,1610.1,0
XEJ,20200213,10959.9,11149.5,10959.9,11022.3,0
XFJ,20200213,6379,6440.4,6377.8,6400.7,0
XFL,20200213,7032.2,7091,7029.6,7049,0
XGD,20200213,7201.2,7228.7,7102,7182.1,0
XHJ,20200213,47272.9,47746.5,47143.3,47400.6,0
XIJ,20200213,1588.9,1612.8,1588.9,1594.2,0
XJO,20200213,7088.2,7145.8,7086.8,7103.2,0
XJR,20200213,4851,4911.7,4851,4865.4,0
XKO,20200213,7041.7,7098.6,7041.2,7057.2,0
XMD,20200213,7643.4,7681.9,7622.9,7636.3,0
XMJ,20200213,13895.4,14001.4,13845.1,13867.4,0
XMM,20200213,4488.1,4536.1,4488.1,4497.8,0
XNJ,20200213,7168.3,7200.6,7158.9,7187.8,0
XPJ,20200213,1695.4,1721.4,1694.5,1704.4,0
XSJ,20200213,13494.2,13494.2,13302.8,13382.6,0
XSO,20200213,3049.1,3083.8,3049.1,3063.1,0
XTJ,20200213,1359.2,1388.2,1331.4,1352.7,0
XTL,20200213,3936.4,3974.8,3936.4,3951.4,0
XTO,20200213,5875,5920.7,5871.2,5886.2,0
XUJ,20200213,8119,8306.6,8119,8245,0
XXJ,20200213,7114.8,7183.3,7113.4,7138.9,0
