360,20200224,3.08,3.09,2.97,3,104497
14D,20200224,0.17,0.17,0.16,0.165,504869
1AD,20200224,0.081,0.081,0.078,0.078,218482
1ST,20200224,0.05,0.05,0.048,0.05,587187
2BE,20200224,0.099,0.135,0.096,0.135,876687
3DA,20200224,0.235,0.25,0.225,0.23,750347
3DP,20200224,0.046,0.046,0.044,0.044,1119437
3PL,20200224,0.71,0.715,0.7,0.71,58935
4DS,20200224,0.059,0.059,0.055,0.057,3645474
5GN,20200224,0.995,0.995,0.92,0.95,1426817
88E,20200224,0.024,0.024,0.023,0.024,21414359
8CO,20200224,0.08,0.08,0.076,0.076,735484
8IH,20200224,0.1,0.1,0.1,0.1,53900
8VI,20200224,0.34,0.35,0.33,0.33,21900
9SP,20200224,0.023,0.023,0.02,0.021,9858314
A1G,20200224,0.15,0.15,0.125,0.125,279590
A1M,20200224,0.325,0.325,0.325,0.325,45928
A2B,20200224,1.475,1.475,1.405,1.405,38685
A2M,20200224,15.33,15.4,14.84,14.84,6028336
A3D,20200224,0.22,0.22,0.2,0.2,265455
A4N,20200224,0.23,0.23,0.22,0.225,565056
AAA,20200224,50.1,50.11,50.1,50.11,469744
AAC,20200224,1.165,1.19,1.125,1.145,649659
AAJ,20200224,0.003,0.003,0.003,0.003,750000
AAP,20200224,0.011,0.011,0.009,0.009,401250
AAR,20200224,0.115,0.115,0.11,0.11,571988
ABA,20200224,6.73,6.78,6.61,6.66,42407
ABC,20200224,3.16,3.17,3.07,3.07,2039828
ABP,20200224,3.9,3.93,3.875,3.9,976314
ABR,20200224,0.49,0.49,0.45,0.47,670987
ABT,20200224,0.025,0.025,0.02,0.022,487914
ABX,20200224,0.11,0.11,0.11,0.11,65273
AC8,20200224,0.28,0.295,0.275,0.28,889834
ACF,20200224,0.345,0.345,0.33,0.335,167047
ACQ,20200224,1.19,1.19,1.16,1.16,104181
ACR,20200224,0.18,0.18,0.175,0.18,242815
ACU,20200224,0.145,0.145,0.135,0.135,80453
ACW,20200224,0.03,0.031,0.029,0.029,1495663
AD8,20200224,6.75,6.88,5.82,6.49,2195910
ADA,20200224,0.82,0.82,0.79,0.81,226101
ADD,20200224,0.032,0.032,0.031,0.031,204125
ADH,20200224,2.61,2.74,2.57,2.6,27848440
ADI,20200224,3.2,3.22,3.1,3.12,385505
ADJ,20200224,0.026,0.026,0.025,0.025,1059000
ADN,20200224,0.044,0.044,0.041,0.042,8736380
ADO,20200224,0.027,0.027,0.027,0.027,177752
ADR,20200224,0.031,0.031,0.029,0.03,1873278
ADT,20200224,1.65,1.73,1.61,1.65,438840
ADV,20200224,0.004,0.004,0.004,0.004,1218800
ADX,20200224,0.008,0.008,0.007,0.007,7211310
ADY,20200224,0.006,0.006,0.006,0.006,1428
AEE,20200224,0.005,0.005,0.004,0.005,8571388
AEF,20200224,4.48,4.48,4.01,4.03,390246
AEG,20200224,1.23,1.23,1.21,1.21,65397
AEI,20200224,0.58,0.58,0.49,0.5,1232550
AER,20200224,0.14,0.14,0.135,0.135,47506
AEV,20200224,0.009,0.009,0.009,0.009,60000
AFG,20200224,3.1,3.1,2.99,2.99,727806
AFI,20200224,7.12,7.14,7.05,7.08,642690
AFL,20200224,0.13,0.13,0.11,0.13,826836
AFR,20200224,0.032,0.032,0.032,0.032,28008
AGD,20200224,0.16,0.165,0.15,0.165,175000
AGG,20200224,6.5,6.99,6.5,6.8,76118
AGH,20200224,0.355,0.355,0.325,0.33,1210153
AGI,20200224,0.67,0.68,0.67,0.67,64872
AGL,20200224,21.04,21.04,20.77,20.9,1751054
AGM,20200224,2.09,2.09,2.09,2.09,2494
AGY,20200224,0.075,0.075,0.071,0.073,1079673
AHF,20200224,0.087,0.09,0.087,0.088,441861
AHQ,20200224,0.11,0.11,0.11,0.11,32000
AHY,20200224,1.13,1.185,1.13,1.15,907014
AHZ,20200224,0.078,0.08,0.072,0.074,762164
AIA,20200224,8.09,8.1,7.9,7.93,241568
AIB,20200224,0.1,0.1,0.1,0.1,863
AIS,20200224,0.059,0.059,0.048,0.053,601021
AIZ,20200224,2.55,2.55,2.47,2.48,277311
AJC,20200224,0.001,0.001,0.001,0.001,399999
AJL,20200224,0.07,0.07,0.068,0.069,102000
AJQ,20200224,0.052,0.052,0.052,0.052,20416
AJX,20200224,0.054,0.054,0.052,0.054,171796
AKG,20200224,0.465,0.465,0.44,0.44,278343
AKM,20200224,0.105,0.105,0.105,0.105,28176
AKP,20200224,14.11,14.46,14.1,14.1,3115
AL8,20200224,0.018,0.018,0.018,0.018,42504
ALC,20200224,0.205,0.205,0.185,0.19,3384262
ALF,20200224,0.99,0.995,0.99,0.995,1738614
ALG,20200224,1.37,1.37,1.11,1.18,3756797
ALI,20200224,2.6,2.61,2.57,2.61,149893
ALK,20200224,1.075,1.085,0.985,1,5291786
ALL,20200224,36.36,36.69,35.68,36.58,1031264
ALQ,20200224,9.76,9.78,9.32,9.46,1382557
ALT,20200224,0.002,0.002,0.002,0.002,500000
ALU,20200224,33.8,33.8,32.68,32.87,1902575
ALX,20200224,8.32,8.35,8.27,8.3,3433856
ALY,20200224,0.013,0.014,0.013,0.013,2921572
AMA,20200224,0.86,0.86,0.82,0.83,1154846
AMC,20200224,15.41,15.44,15.19,15.31,2141222
AMD,20200224,0.008,0.008,0.008,0.008,380000
AME,20200224,0.062,0.065,0.06,0.065,20807293
AMG,20200224,0.047,0.052,0.047,0.05,1699485
AMH,20200224,1.01,1.01,0.985,0.985,180544
AMI,20200224,0.425,0.49,0.42,0.48,23515308
AML,20200224,0.135,0.135,0.125,0.125,337352
AMN,20200224,0.43,0.455,0.4,0.41,54917
AMP,20200224,2.02,2.03,1.965,1.965,20730948
AMS,20200224,1.13,1.13,1.02,1.09,701199
AMX,20200224,2.15,2.15,1.98,2.09,356813
ANA,20200224,0.011,0.011,0.01,0.01,1549391
ANN,20200224,30.85,30.91,30.53,30.8,564978
ANO,20200224,6.12,6.12,5.61,5.84,88279
ANP,20200224,0.074,0.074,0.067,0.067,935634
ANR,20200224,0.24,0.24,0.21,0.215,133323
ANW,20200224,0.001,0.001,0.001,0.001,4200000
ANZ,20200224,26.94,26.99,26.66,26.83,5165130
AOF,20200224,3.01,3.01,2.99,3.01,328025
AON,20200224,0.023,0.023,0.023,0.023,1112340
AOP,20200224,0.235,0.255,0.235,0.255,590228
APA,20200224,11.2,11.27,11.07,11.15,1568987
APC,20200224,0.094,0.094,0.093,0.093,120000
APD,20200224,0.74,0.74,0.73,0.735,4398235
APE,20200224,9.2,9.27,9.1,9.2,368397
APH,20200224,0.13,0.13,0.13,0.13,23434
API,20200224,1.28,1.28,1.245,1.25,1993611
APL,20200224,1.01,1.01,0.98,1,1426977
APT,20200224,38.05,38.61,36.95,36.97,1656175
APV,20200224,0.205,0.21,0.2,0.205,51717
APX,20200224,25,25.11,23.85,23.85,1160918
APZ,20200224,1.17,1.17,1.17,1.17,1504
AQD,20200224,0.012,0.012,0.012,0.012,200000
AQG,20200224,7.81,7.95,7.74,7.85,519555
AQI,20200224,0.083,0.088,0.078,0.088,3761457
AQR,20200224,4,4.01,3.98,3.99,67080
AQX,20200224,0.033,0.033,0.032,0.032,15156325
AQZ,20200224,2.64,2.66,2.61,2.65,61302
AR9,20200224,0.1,0.1,0.096,0.1,139126
ARB,20200224,18.92,19.01,18.45,18.58,123840
ARD,20200224,0.022,0.022,0.02,0.02,6975563
ARE,20200224,0.006,0.006,0.005,0.006,357000
ARF,20200224,3.33,3.37,3.31,3.33,159270
ARG,20200224,8.75,8.75,8.65,8.65,298020
ARL,20200224,0.49,0.49,0.41,0.46,233521
ARM,20200224,0.008,0.008,0.008,0.008,7350
ARN,20200224,0.275,0.305,0.255,0.265,1062067
ARQ,20200224,0.21,0.22,0.205,0.22,230346
ARS,20200224,0.024,0.026,0.023,0.024,14353636
ARU,20200224,0.074,0.075,0.072,0.072,1351600
ARV,20200224,0.037,0.038,0.035,0.035,4452906
AS1,20200224,0.15,0.155,0.15,0.15,56292
ASB,20200224,4.3,4.34,4.1,4.13,2980847
ASG,20200224,1.66,1.67,1.62,1.67,39578
ASH,20200224,0.44,0.44,0.42,0.43,130215
ASN,20200224,0.03,0.03,0.03,0.03,143932
ASP,20200224,0.01,0.01,0.01,0.01,402296
AST,20200224,1.74,1.742,1.705,1.71,2956077
ASX,20200224,80.5,80.53,78.73,79.3,451077
ATC,20200224,0.078,0.078,0.077,0.078,955938
ATH,20200224,0.017,0.018,0.017,0.018,85952
ATL,20200224,0.3,0.3,0.27,0.27,171840
ATP,20200224,0.008,0.008,0.007,0.007,1344000
ATS,20200224,0.068,0.068,0.063,0.065,532468
ATU,20200224,0.3,0.3,0.265,0.285,150692
ATX,20200224,0.087,0.087,0.083,0.083,173899
AU1,20200224,0.06,0.06,0.059,0.06,59667
AU8,20200224,0.077,0.082,0.076,0.076,859785
AUB,20200224,12.8,13.11,12.65,12.94,313525
AUC,20200224,0.017,0.018,0.017,0.017,7777222
AUH,20200224,0.003,0.003,0.003,0.003,50000
AUI,20200224,10.12,10.12,9.93,9.95,26592
AUQ,20200224,0.016,0.016,0.014,0.014,150000
AUR,20200224,0.02,0.02,0.019,0.019,289162
AUT,20200224,0.039,0.046,0.038,0.04,15466193
AUZ,20200224,0.015,0.015,0.014,0.014,7664779
AV1,20200224,0.22,0.22,0.19,0.2,1305136
AVA,20200224,0.14,0.14,0.14,0.14,100000
AVG,20200224,0.475,0.475,0.475,0.475,15000
AVH,20200224,0.755,0.755,0.72,0.72,11757450
AVJ,20200224,0.605,0.61,0.605,0.61,55204
AVL,20200224,0.013,0.013,0.012,0.013,5380958
AVN,20200224,3.02,3.03,2.98,2.98,820253
AVZ,20200224,0.096,0.105,0.092,0.093,34853655
AWC,20200224,2.21,2.24,2.16,2.16,12605432
AWV,20200224,0.011,0.011,0.011,0.011,1050000
AWY,20200224,0.035,0.037,0.035,0.037,1136667
AX1,20200224,1.99,1.99,1.83,1.87,2143441
AX8,20200224,0.036,0.036,0.036,0.036,30000
AXE,20200224,0.2,0.2,0.17,0.17,2469621
AYS,20200224,0.32,0.33,0.32,0.32,116661
AZI,20200224,0.007,0.007,0.006,0.006,5731125
AZJ,20200224,5.31,5.34,5.22,5.23,20038820
AZS,20200224,0.125,0.13,0.115,0.12,420838
AZV,20200224,0.12,0.12,0.105,0.11,309800
AZY,20200224,0.013,0.013,0.013,0.013,2057739
BAF,20200224,0.865,0.865,0.855,0.86,122122
BAP,20200224,6.58,6.59,6.41,6.47,950117
BAR,20200224,0.02,0.02,0.02,0.02,280991
BAT,20200224,0.007,0.007,0.007,0.007,1078572
BBC,20200224,0.635,0.635,0.635,0.635,1600
BBN,20200224,3.52,3.57,3.4,3.45,818748
BBX,20200224,0.19,0.19,0.18,0.185,143027
BC8,20200224,0.4,0.41,0.397,0.4,451878
BCB,20200224,0.051,0.052,0.05,0.05,1184288
BCC,20200224,0.26,0.26,0.23,0.23,31252
BCI,20200224,0.16,0.17,0.16,0.16,155686
BCK,20200224,0.025,0.025,0.024,0.024,271972
BCN,20200224,0.034,0.036,0.034,0.035,7556573
BCT,20200224,0.12,0.12,0.105,0.11,594113
BD1,20200224,0.034,0.034,0.034,0.034,1758476
BDA,20200224,0.27,0.27,0.265,0.265,36016
BDC,20200224,0.082,0.083,0.074,0.079,3938426
BEE,20200224,0.015,0.015,0.014,0.014,1721698
BEM,20200224,0.041,0.041,0.039,0.039,30858
BEN,20200224,9.96,9.97,9.87,9.94,3118435
BET,20200224,0.38,0.385,0.355,0.385,1342334
BFC,20200224,0.079,0.079,0.079,0.079,67381
BFG,20200224,1.465,1.465,1.395,1.42,637363
BGA,20200224,4.43,4.49,4.29,4.29,377680
BGL,20200224,0.615,0.655,0.61,0.64,7493095
BGT,20200224,0.205,0.205,0.165,0.165,648626
BHP,20200224,37.93,37.97,37.01,37.09,6373151
BID,20200224,1.19,1.19,1.035,1.105,653935
BIN,20200224,3.17,3.24,3.125,3.14,2740417
BIQ,20200224,0.01,0.01,0.01,0.01,535849
BIS,20200224,0.97,0.97,0.94,0.94,99563
BIT,20200224,0.115,0.13,0.115,0.125,13236634
BKI,20200224,1.66,1.66,1.62,1.63,744093
BKL,20200224,71.5,72.47,69.3,69.72,127340
BKT,20200224,0.049,0.049,0.047,0.047,463817
BKW,20200224,19.61,19.7,19.32,19.35,114776
BKY,20200224,0.195,0.195,0.195,0.195,434063
BLD,20200224,4.95,4.995,4.82,4.88,5395579
BLG,20200224,0.066,0.066,0.062,0.064,905163
BLT,20200224,0.04,0.04,0.039,0.039,299680
BLU,20200224,0.039,0.039,0.036,0.037,1969358
BLX,20200224,1.06,1.06,1.025,1.035,71089
BLY,20200224,1.08,1.115,1.08,1.115,32273
BLZ,20200224,0.014,0.014,0.014,0.014,2184
BMG,20200224,0.003,0.003,0.003,0.003,1113350
BMN,20200224,0.032,0.032,0.03,0.031,467253
BNO,20200224,0.064,0.064,0.06,0.061,515712
BOA,20200224,0.24,0.24,0.24,0.24,20000
BOC,20200224,0.27,0.275,0.25,0.25,35004
BOE,20200224,0.055,0.058,0.054,0.055,1078164
BOL,20200224,0.13,0.13,0.13,0.13,71891
BOQ,20200224,7.64,7.64,7.5,7.54,1807444
BOT,20200224,0.088,0.089,0.087,0.088,1935750
BPH,20200224,0.001,0.001,0.001,0.001,5015000
BPL,20200224,0.016,0.016,0.016,0.016,100000
BPP,20200224,0.017,0.017,0.017,0.017,150000
BPT,20200224,2.05,2.06,2.02,2.04,8558135
BRB,20200224,0.275,0.28,0.26,0.27,316981
BRG,20200224,21.87,21.87,21.28,21.4,244873
BRI,20200224,1.605,1.605,1.6,1.6,9000
BRK,20200224,0.009,0.009,0.009,0.009,1035180
BRL,20200224,0.1,0.1,0.095,0.097,378918
BRN,20200224,0.06,0.06,0.055,0.057,6069070
BRU,20200224,0.155,0.16,0.15,0.155,265717
BRV,20200224,0.039,0.043,0.036,0.04,18179241
BSA,20200224,0.4,0.4,0.395,0.395,23012
BSE,20200224,0.24,0.24,0.225,0.225,215161
BSL,20200224,13.28,13.28,12.44,12.63,5100274
BSM,20200224,0.005,0.005,0.005,0.005,2038423
BSR,20200224,0.017,0.017,0.016,0.017,3313683
BSX,20200224,0.165,0.17,0.155,0.16,1009032
BTH,20200224,0.935,0.935,0.86,0.885,1516585
BTI,20200224,1.11,1.11,1.045,1.045,321665
BUB,20200224,0.78,0.78,0.75,0.76,4391948
BUD,20200224,0.03,0.03,0.029,0.029,9559310
BUX,20200224,0.077,0.077,0.077,0.077,48396
BUY,20200224,0.007,0.007,0.006,0.006,2331863
BVS,20200224,5.47,5.65,5.43,5.59,3913633
BWP,20200224,4.02,4.03,3.99,4,490172
BWR,20200224,1.35,1.35,1.33,1.33,6929
BWX,20200224,4.17,4.25,3.95,4.06,1224394
BXB,20200224,12.85,12.96,12.645,12.77,3028100
BXN,20200224,0.013,0.013,0.012,0.012,460000
BYE,20200224,0.335,0.34,0.32,0.32,1860062
BYH,20200224,0.045,0.045,0.042,0.042,259000
C6C,20200224,0.7,0.7,0.685,0.69,124602
CAA,20200224,0.14,0.14,0.135,0.135,121095
CAD,20200224,0.001,0.001,0.001,0.001,5158169
CAF,20200224,0.11,0.11,0.105,0.105,252439
CAG,20200224,0.52,0.52,0.52,0.52,40000
CAI,20200224,0.315,0.347,0.315,0.33,2083300
CAJ,20200224,0.29,0.292,0.265,0.265,734979
CAM,20200224,0.965,0.965,0.955,0.955,612086
CAN,20200224,1.05,1.07,1.005,1.005,477595
CAP,20200224,0.032,0.032,0.029,0.029,437000
CAR,20200224,17.95,18.25,17.795,17.9,1113178
CAT,20200224,2.09,2.09,1.93,1.93,740829
CAU,20200224,0.155,0.155,0.155,0.155,6515
CAY,20200224,0.135,0.14,0.125,0.135,1105585
CAZ,20200224,0.026,0.026,0.024,0.025,1803847
CBA,20200224,87.61,87.99,87.4,87.99,2432907
CBE,20200224,0.275,0.295,0.26,0.28,692776
CBR,20200224,4.15,4.155,3.91,3.92,220306
CBY,20200224,0.16,0.18,0.16,0.18,25000
CCA,20200224,0.185,0.185,0.175,0.175,446870
CCE,20200224,0.001,0.001,0.001,0.001,1200000
CCG,20200224,0.06,0.06,0.06,0.06,58884
CCL,20200224,12.83,12.89,12.71,12.75,4434207
CCP,20200224,36.8,36.83,36.02,36.02,226953
CCV,20200224,0.2,0.2,0.185,0.19,499786
CCX,20200224,3.56,3.6,3.27,3.39,1267580
CCZ,20200224,0.02,0.02,0.018,0.018,6351543
CD1,20200224,1.55,1.55,1.55,1.55,11497
CD2,20200224,1.54,1.54,1.54,1.54,35282
CD3,20200224,1.12,1.12,1.12,1.12,45394
CDA,20200224,8.35,8.64,8.26,8.43,885796
CDD,20200224,0.38,0.395,0.37,0.395,240448
CDM,20200224,0.715,0.715,0.675,0.71,1138462
CDP,20200224,5.79,5.79,5.67,5.7,3567
CDT,20200224,0.009,0.009,0.007,0.008,6218240
CDV,20200224,0.345,0.37,0.345,0.37,1725130
CDX,20200224,0.026,0.026,0.024,0.025,2630227
CDY,20200224,0.185,0.185,0.185,0.185,16922
CE1,20200224,0.008,0.008,0.008,0.008,10364263
CEL,20200224,0.18,0.19,0.15,0.155,4816895
CEN,20200224,7.16,7.16,7.12,7.12,1666
CG1,20200224,0.425,0.425,0.39,0.395,371655
CGB,20200224,0.012,0.012,0.012,0.012,5475152
CGC,20200224,3.15,3.15,2.96,2.97,3832700
CGF,20200224,10.09,10.14,10.02,10.07,1497480
CGL,20200224,4.71,4.71,4.6,4.65,291318
CGR,20200224,0.55,0.55,0.54,0.54,532663
CGS,20200224,0.475,0.475,0.43,0.44,177706
CHC,20200224,13.76,13.84,13.66,13.77,948542
CHK,20200224,0.009,0.009,0.008,0.008,5816588
CHN,20200224,0.28,0.295,0.28,0.295,1060020
CHZ,20200224,0.105,0.105,0.1,0.105,838080
CI1,20200224,0.033,0.038,0.028,0.028,14838415
CIA,20200224,2.18,2.25,2.18,2.24,1115962
CIE,20200224,0.87,0.89,0.855,0.855,313698
CIM,20200224,27.87,27.87,27.14,27.14,733252
CIN,20200224,31.5,31.55,31.3,31.55,2772
CIO,20200224,0.002,0.002,0.002,0.002,473787
CIP,20200224,3.73,3.79,3.71,3.79,472702
CIW,20200224,0.55,0.55,0.55,0.55,38429
CKA,20200224,0.041,0.041,0.039,0.039,1450694
CKF,20200224,9.79,9.8,9.45,9.46,337422
CL1,20200224,1.79,1.805,1.74,1.77,279468
CL8,20200224,0.016,0.016,0.014,0.014,963184
CLA,20200224,0.011,0.011,0.01,0.01,1314029
CLF,20200224,1.3,1.3,1.29,1.29,66029
CLQ,20200224,0.235,0.235,0.22,0.22,910351
CLT,20200224,0.16,0.16,0.16,0.16,35907
CLV,20200224,2.82,2.84,2.71,2.77,379503
CLW,20200224,5.75,5.78,5.7,5.75,826143
CLX,20200224,0.825,0.86,0.825,0.86,5224
CLZ,20200224,0.003,0.003,0.002,0.002,21850000
CM8,20200224,0.023,0.023,0.023,0.023,73675
CML,20200224,0.018,0.018,0.017,0.017,2428000
CMM,20200224,1.44,1.455,1.405,1.43,655035
CMP,20200224,0.78,0.78,0.71,0.745,313568
CMW,20200224,1.205,1.21,1.185,1.19,3303887
CNB,20200224,0.074,0.074,0.07,0.07,78796
CNI,20200224,2.71,2.72,2.66,2.68,2520396
CNJ,20200224,0.009,0.009,0.008,0.008,656518
CNL,20200224,0.125,0.125,0.125,0.125,7588
CNU,20200224,6.23,6.47,6.23,6.42,719384
CNW,20200224,0.032,0.032,0.03,0.03,1008100
COB,20200224,0.13,0.13,0.125,0.125,92679
COE,20200224,0.535,0.54,0.5,0.51,9822502
COF,20200224,3.27,3.27,3.23,3.24,653979
COG,20200224,0.091,0.091,0.091,0.091,2703
COH,20200224,229.49,229.68,224.18,224.51,163839
COI,20200224,0.13,0.13,0.115,0.125,411279
COL,20200224,15.93,15.95,15.65,15.65,6206141
COO,20200224,0.072,0.072,0.063,0.068,1092622
COS,20200224,0.345,0.345,0.33,0.335,164984
COY,20200224,0.005,0.005,0.005,0.005,50000
CP1,20200224,0.125,0.13,0.125,0.125,42803
CPH,20200224,0.107,0.11,0.102,0.105,1307501
CPT,20200224,0.061,0.065,0.061,0.065,3863
CPU,20200224,16.97,17.03,16.625,16.72,1573093
CPV,20200224,0.14,0.145,0.13,0.145,465531
CQE,20200224,3.79,3.85,3.76,3.78,348332
CQR,20200224,4.89,4.96,4.89,4.91,1413830
CR1,20200224,0.23,0.23,0.21,0.21,102200
CRL,20200224,0.024,0.024,0.023,0.023,1034000
CRN,20200224,1.85,1.89,1.795,1.815,458238
CRO,20200224,0.004,0.005,0.004,0.005,363158
CSD,20200224,0.16,0.16,0.13,0.13,17500
CSL,20200224,333,333.99,325.02,325.46,1061043
CSR,20200224,4.74,4.74,4.56,4.57,3309005
CSS,20200224,0.72,0.725,0.705,0.71,45646
CST,20200224,0.19,0.225,0.18,0.195,2318739
CT1,20200224,0.037,0.037,0.029,0.029,11324182
CTD,20200224,15.7,15.83,15.45,15.62,1264024
CTE,20200224,0.05,0.05,0.05,0.05,7000
CTM,20200224,0.014,0.014,0.013,0.013,1311296
CTO,20200224,0.005,0.005,0.004,0.005,1220223
CTP,20200224,0.115,0.125,0.11,0.12,1183227
CTX,20200224,34.5,34.9,34.3,34.47,2334065
CUE,20200224,0.115,0.12,0.115,0.12,599801
CUL,20200224,0.012,0.012,0.012,0.012,250000
CUP,20200224,1.15,1.2,1.145,1.2,231978
CUV,20200224,25,25.11,24.14,24.14,205598
CV1,20200224,0.11,0.11,0.095,0.1,883231
CVF,20200224,0.98,0.98,0.975,0.975,105158
CVN,20200224,0.3,0.305,0.295,0.295,5558336
CVV,20200224,0.04,0.04,0.04,0.04,15000
CWL,20200224,0.1,0.1,0.1,0.1,461205
CWN,20200224,11.5,11.54,10.975,11.03,3321784
CWP,20200224,8,8.08,7.88,8,82837
CWX,20200224,0.275,0.275,0.26,0.265,225400
CWY,20200224,2.29,2.29,2.255,2.26,5785218
CWZ,20200224,0.155,0.155,0.155,0.155,3389
CXL,20200224,0.92,0.92,0.845,0.845,154908
CXM,20200224,0.043,0.043,0.043,0.043,25073
CXO,20200224,0.039,0.04,0.038,0.04,1368679
CXZ,20200224,0.027,0.027,0.022,0.022,5087686
CY5,20200224,0.041,0.041,0.041,0.041,26400
CYC,20200224,1.1,1.15,1.1,1.15,5335
CYG,20200224,1.05,1.05,1.04,1.04,28050
CYL,20200224,3,3,2.9,2.9,37805
CYM,20200224,0.22,0.22,0.21,0.21,39192
CYP,20200224,1.08,1.08,1.03,1.035,112493
CZI,20200224,0.097,0.097,0.09,0.092,684739
CZN,20200224,0.003,0.003,0.003,0.003,18277570
CZR,20200224,0.01,0.01,0.009,0.01,1392999
D2O,20200224,1.57,1.59,1.565,1.57,46421
DBF,20200224,1.12,1.12,1.12,1.12,1000
DCC,20200224,0.029,0.03,0.028,0.028,333797
DCG,20200224,0.425,0.425,0.395,0.41,363574
DCL,20200224,0.063,0.063,0.063,0.063,2665
DDD,20200224,0.003,0.003,0.003,0.003,39662932
DDR,20200224,6.83,6.83,6.31,6.38,190482
DDT,20200224,0.007,0.007,0.007,0.007,75000
DEM,20200224,0.195,0.195,0.17,0.18,599133
DEV,20200224,0.066,0.07,0.063,0.063,1073876
DGH,20200224,1.46,1.46,1.46,1.46,20800
DGR,20200224,0.075,0.078,0.075,0.075,388248
DHG,20200224,3.52,3.58,3.41,3.47,2406118
DHR,20200224,0.003,0.003,0.003,0.003,167000
DIV,20200224,24.42,24.42,23.9,23.9,5582
DJW,20200224,3.33,3.36,3.3,3.31,87864
DKM,20200224,0.15,0.15,0.15,0.15,45476
DMP,20200224,61,62.19,59.69,61.36,503317
DNA,20200224,0.078,0.079,0.077,0.079,83635
DNK,20200224,0.58,0.58,0.555,0.555,20336
DOW,20200224,6.86,6.87,6.52,6.54,2291914
DRE,20200224,0.005,0.005,0.005,0.005,2357759
DRO,20200224,0.19,0.205,0.19,0.19,727256
DRX,20200224,0.011,0.011,0.011,0.011,455000
DSE,20200224,0.044,0.044,0.04,0.042,1306198
DTC,20200224,1.06,1.1,1.04,1.07,177082
DTL,20200224,4.68,4.74,4.33,4.4,979269
DTM,20200224,0.075,0.077,0.07,0.07,57181
DTS,20200224,0.135,0.135,0.12,0.12,288486
DUB,20200224,1.035,1.035,0.95,0.99,779504
DUI,20200224,5.25,5.25,5.14,5.14,61035
DW8,20200224,0.008,0.008,0.007,0.007,7045773
DWS,20200224,1.07,1.07,1.05,1.065,132512
DXB,20200224,0.16,0.16,0.15,0.155,385763
DXN,20200224,0.039,0.039,0.038,0.039,225213
DXS,20200224,13.12,13.17,13.03,13.08,2655833
DYL,20200224,0.2,0.215,0.195,0.2,144489
E25,20200224,0.165,0.175,0.16,0.17,85185
E2M,20200224,0.15,0.15,0.15,0.15,10925
EAF,20200224,1.38,1.38,1.38,1.38,68271
EAI,20200224,1.07,1.08,1.055,1.055,339811
EAS,20200224,1.195,1.195,1.1,1.145,79271
EBG,20200224,1,1,1,1,153
EBO,20200224,24,24.25,23.98,24.25,3525
ECF,20200224,1.305,1.305,1.29,1.295,255331
ECG,20200224,0.042,0.042,0.042,0.042,6976
ECL,20200224,1.4,1.4,1.4,1.4,20000
ECP,20200224,1.11,1.11,1.1,1.1,29382
ECS,20200224,0.044,0.044,0.043,0.043,1855322
ECX,20200224,1.715,1.73,1.605,1.615,1220855
ED1,20200224,0.95,0.98,0.95,0.96,67001
EDE,20200224,0.038,0.038,0.037,0.037,734526
EEG,20200224,0.345,0.355,0.32,0.33,765765
EGD,20200224,2.65,2.65,2.59,2.65,140330
EGF,20200224,1.87,1.87,1.85,1.85,186069
EGG,20200224,1.615,1.72,1.615,1.715,11270
EGH,20200224,0.385,0.39,0.385,0.387,26082
EGI,20200224,1.185,1.185,1.165,1.165,265281
EGL,20200224,0.037,0.04,0.037,0.04,100000
EGN,20200224,0.53,0.535,0.53,0.535,5329
EGR,20200224,0.076,0.077,0.075,0.075,114391
EHE,20200224,2.32,2.345,2.29,2.3,832096
EHH,20200224,0.17,0.17,0.16,0.17,1173045
EHL,20200224,2.4,2.44,2.26,2.28,1500671
EHX,20200224,0.11,0.11,0.105,0.105,460826
ELD,20200224,8.01,8.22,7.92,8.16,956189
ELO,20200224,7.75,7.93,7.58,7.78,75127
ELS,20200224,0.335,0.335,0.322,0.322,6321
ELT,20200224,0.002,0.002,0.002,0.002,1500000
ELX,20200224,0.73,0.735,0.71,0.71,309167
EM1,20200224,0.008,0.008,0.008,0.008,500669
EM2,20200224,0.135,0.135,0.12,0.12,155848
EMB,20200224,10.96,10.96,10.94,10.95,3918
EMD,20200224,0.135,0.14,0.13,0.13,745847
EMH,20200224,0.285,0.285,0.265,0.265,18010
EML,20200224,4.46,4.48,4.07,4.16,6176857
EMN,20200224,0.125,0.125,0.12,0.12,63804
EMR,20200224,0.048,0.048,0.045,0.047,3347170
EMT,20200224,0.014,0.014,0.013,0.013,270325
EMU,20200224,0.045,0.045,0.04,0.04,50000
EMV,20200224,0.895,0.9,0.815,0.825,225789
EN1,20200224,0.018,0.02,0.018,0.018,16087191
ENE,20200224,0.19,0.19,0.19,0.19,10450
ENN,20200224,2.09,2.09,2.045,2.09,193050
ENR,20200224,0.12,0.122,0.12,0.12,76702
EOF,20200224,2.88,2.88,2.76,2.77,82253
EOL,20200224,3.69,3.71,3.69,3.71,6446
EOS,20200224,9.17,9.18,8.16,8.2,1649285
EPD,20200224,0.375,0.375,0.375,0.375,51597
EPM,20200224,0.005,0.005,0.005,0.005,1712625
EQT,20200224,30.2,30.5,30,30,16536
EQX,20200224,0.25,0.25,0.25,0.25,37061
ERA,20200224,0.16,0.165,0.157,0.165,161397
ERF,20200224,1.245,1.245,1.24,1.24,17000
ERG,20200224,0.067,0.067,0.067,0.067,31000
ERL,20200224,0.014,0.014,0.013,0.014,771450
ERM,20200224,0.08,0.082,0.08,0.082,502215
ERX,20200224,0.062,0.064,0.062,0.064,1531890
ESE,20200224,0.009,0.009,0.008,0.008,591854
ESH,20200224,0.008,0.008,0.007,0.007,6391222
ESR,20200224,0.008,0.008,0.008,0.008,43545
ETF,20200224,23.6,23.6,23.1,23.1,1320
EUC,20200224,0.013,0.013,0.013,0.013,160136
EUR,20200224,0.084,0.085,0.084,0.084,122153
EVE,20200224,0.005,0.005,0.005,0.005,2807919
EVN,20200224,4.58,4.61,4.5,4.56,37925434
EVO,20200224,0.125,0.125,0.125,0.125,1450660
EVS,20200224,0.22,0.22,0.185,0.185,1816453
EVT,20200224,12.39,12.49,12.23,12.35,128499
EWC,20200224,0.082,0.083,0.078,0.079,573665
EX1,20200224,0.31,0.31,0.29,0.29,146524
EXL,20200224,0.54,0.54,0.475,0.485,585285
EXP,20200224,0.22,0.22,0.215,0.22,194872
EXR,20200224,0.046,0.046,0.042,0.042,3310948
EZL,20200224,1.02,1.02,1.01,1.015,44000
FAM,20200224,0.043,0.043,0.041,0.041,18760
FAR,20200224,0.032,0.032,0.027,0.031,41343950
FAU,20200224,0.012,0.013,0.012,0.012,3253767
FBR,20200224,0.052,0.052,0.049,0.049,2093115
FBU,20200224,5.22,5.24,5.14,5.16,777562
FCL,20200224,3.39,3.5,3.37,3.5,103896
FCT,20200224,0.16,0.175,0.155,0.155,1119306
FDV,20200224,1.1,1.1,1.05,1.05,261226
FEX,20200224,0.047,0.05,0.047,0.05,179534
FFG,20200224,0.008,0.008,0.008,0.008,1115131
FFI,20200224,4.75,4.75,4.75,4.75,126
FFL,20200224,0.35,0.35,0.34,0.34,41369
FFR,20200224,0.042,0.042,0.038,0.038,65118
FGG,20200224,1.285,1.295,1.275,1.28,704222
FGO,20200224,0.001,0.001,0.001,0.001,292139
FGR,20200224,0.165,0.165,0.155,0.155,1364740
FGX,20200224,1.165,1.17,1.155,1.16,925454
FHS,20200224,0.035,0.037,0.032,0.035,2650675
FID,20200224,6.15,6.15,5.85,5.85,40436
FIJ,20200224,0.094,0.105,0.093,0.105,192560
FIN,20200224,0.013,0.013,0.012,0.012,3047031
FLC,20200224,0.345,0.35,0.305,0.32,1272860
FLN,20200224,0.42,0.425,0.39,0.395,324803
FLT,20200224,38.84,38.85,37.435,37.53,556186
FMG,20200224,11.1,11.16,10.945,11,12523490
FML,20200224,0.255,0.255,0.245,0.245,13700
FMS,20200224,0.047,0.047,0.047,0.047,10000
FNP,20200224,4.65,4.71,4.55,4.58,447522
FNT,20200224,0.01,0.01,0.01,0.01,2835703
FOD,20200224,0.082,0.088,0.081,0.084,3133926
FOR,20200224,1.17,1.17,1.16,1.16,97371
FPC,20200224,1.085,1.085,1.06,1.06,181232
FPH,20200224,24.56,25.02,24.54,24.68,577741
FPL,20200224,0.004,0.004,0.004,0.004,100200
FPP,20200224,0.95,0.975,0.925,0.975,33727
FRI,20200224,0.98,0.98,0.955,0.955,144579
FRM,20200224,0.3,0.3,0.3,0.3,17600
FRN,20200224,0.025,0.028,0.024,0.025,5616964
FRX,20200224,0.03,0.03,0.024,0.024,359714
FSA,20200224,1.4,1.4,1.315,1.33,184956
FSF,20200224,3.8,3.8,3.8,3.8,21962
FSI,20200224,1.955,1.955,1.95,1.95,3216
FTC,20200224,0.091,0.091,0.091,0.091,34018
FTT,20200224,0.002,0.002,0.002,0.002,2235494
FTZ,20200224,0.09,0.09,0.09,0.09,11111
FWD,20200224,1.955,1.955,1.82,1.875,485875
FXL,20200224,1.86,1.87,1.81,1.835,2249773
FYI,20200224,0.075,0.075,0.067,0.069,685280
FZO,20200224,0.125,0.125,0.125,0.125,630930
G1A,20200224,0.265,0.265,0.24,0.245,1001423
G88,20200224,0.051,0.051,0.051,0.051,9460
GAL,20200224,0.18,0.18,0.145,0.145,2257759
GAP,20200224,0.175,0.175,0.16,0.16,455135
GAS,20200224,0.555,0.555,0.54,0.54,29792
GBR,20200224,0.039,0.039,0.036,0.036,150324
GBZ,20200224,0.071,0.08,0.07,0.072,588162
GC1,20200224,0.85,0.85,0.845,0.845,295958
GCI,20200224,2.05,2.05,2.03,2.03,158179
GDF,20200224,1.405,1.405,1.37,1.38,258730
GDG,20200224,0.85,0.85,0.83,0.83,54207
GDI,20200224,1.53,1.535,1.52,1.52,272350
GDX,20200224,46.6,48.21,46.5,47.72,45582
GED,20200224,0.017,0.017,0.017,0.017,88888
GEM,20200224,1.825,1.85,1.72,1.73,6620755
GEV,20200224,0.15,0.15,0.145,0.145,653606
GFL,20200224,1.995,1.995,1.995,1.995,300
GGG,20200224,0.115,0.115,0.105,0.105,2121179
GIB,20200224,0.054,0.054,0.045,0.045,303500
GID,20200224,0.009,0.009,0.008,0.008,965000
GLB,20200224,1.56,1.56,1.53,1.53,65190
GLH,20200224,0.13,0.13,0.13,0.13,15822
GLL,20200224,0.655,0.655,0.64,0.65,43518
GLN,20200224,0.3,0.3,0.26,0.26,1673315
GMA,20200224,3.57,3.57,3.5,3.54,1180683
GMD,20200224,0.036,0.038,0.036,0.037,7800996
GMG,20200224,16.02,16.22,16.02,16.07,3751217
GML,20200224,0.015,0.017,0.015,0.017,417635
GMN,20200224,0.065,0.065,0.065,0.065,9230
GMR,20200224,0.009,0.01,0.009,0.01,258333
GMV,20200224,0.078,0.08,0.077,0.077,1199232
GNC,20200224,8.35,8.37,8.17,8.18,613976
GNE,20200224,3.12,3.16,3.06,3.13,27716
GNG,20200224,0.88,0.905,0.88,0.905,1398
GNM,20200224,0.006,0.006,0.006,0.006,1121780
GNX,20200224,0.19,0.19,0.185,0.185,227266
GOR,20200224,1.735,1.787,1.73,1.77,6903804
GOW,20200224,2.26,2.26,2.23,2.25,49584
GOZ,20200224,4.32,4.35,4.3,4.3,467207
GPR,20200224,0.47,0.52,0.47,0.51,126140
GPS,20200224,0.055,0.055,0.055,0.055,10000
GPT,20200224,6.16,6.185,6.12,6.16,4512916
GPX,20200224,0.099,0.1,0.09,0.09,225882
GRB,20200224,0.07,0.07,0.068,0.068,1612781
GRL,20200224,0.23,0.23,0.22,0.22,97802
GRR,20200224,0.225,0.23,0.22,0.22,3594666
GSM,20200224,0.085,0.085,0.085,0.085,54961
GSN,20200224,0.06,0.06,0.059,0.059,260982
GSS,20200224,1.165,1.24,1.165,1.2,699240
GSW,20200224,0.58,0.585,0.56,0.56,106985
GTE,20200224,0.004,0.004,0.004,0.004,1113840
GTG,20200224,0.009,0.009,0.009,0.009,155600
GTK,20200224,2.17,2.17,2,2,39427
GTN,20200224,0.82,0.82,0.82,0.82,292
GTR,20200224,0.006,0.006,0.006,0.006,325000
GUD,20200224,11.35,11.42,11.08,11.23,662080
GUL,20200224,0.047,0.057,0.047,0.055,335000
GVF,20200224,1.09,1.095,1.08,1.08,261718
GWA,20200224,3.63,3.74,3.53,3.67,1387157
GXY,20200224,1.07,1.08,1,1.005,3728615
HAS,20200224,0.115,0.12,0.1,0.12,500545
HAW,20200224,0.084,0.084,0.084,0.084,15000
HCD,20200224,0.047,0.052,0.047,0.047,638035
HCH,20200224,0.028,0.028,0.026,0.028,5120340
HE8,20200224,0.16,0.165,0.14,0.155,1095450
HFR,20200224,0.63,0.63,0.575,0.62,112009
HGO,20200224,0.056,0.056,0.055,0.055,73333
HIL,20200224,0.45,0.455,0.437,0.442,805761
HIP,20200224,0.017,0.017,0.017,0.017,450000
HIT,20200224,1.62,1.62,1.55,1.58,26268
HLA,20200224,1.33,1.33,1.29,1.3,74690
HLO,20200224,4.23,4.23,4.08,4.08,89876
HLS,20200224,2.89,2.895,2.82,2.83,957785
HLX,20200224,0.014,0.016,0.014,0.016,534138
HM1,20200224,3.38,3.38,3.17,3.17,533403
HMC,20200224,3.76,3.77,3.71,3.75,63386
HMD,20200224,0.145,0.145,0.135,0.135,421345
HMX,20200224,0.021,0.021,0.02,0.02,2537974
HNR,20200224,0.008,0.008,0.008,0.008,464426
HPI,20200224,3.44,3.46,3.4,3.43,125157
HRL,20200224,0.155,0.155,0.15,0.15,323503
HRN,20200224,0.255,0.26,0.245,0.25,59542
HRR,20200224,0.078,0.078,0.075,0.077,80372
HRZ,20200224,0.105,0.105,0.098,0.1,347080
HSC,20200224,0.006,0.006,0.005,0.005,19706213
HSN,20200224,3.7,3.7,3.5,3.52,294763
HT1,20200224,1.48,1.55,1.47,1.475,211614
HTA,20200224,0.155,0.155,0.155,0.155,234090
HUB,20200224,10.83,11.03,10.67,10.67,421461
HUO,20200224,4.43,4.45,4.2,4.2,2263
HVM,20200224,0.19,0.19,0.185,0.185,20000
HVN,20200224,4.67,4.71,4.54,4.55,2666106
HWH,20200224,0.032,0.032,0.029,0.029,3344001
HWK,20200224,0.005,0.006,0.005,0.006,9463286
HXG,20200224,0.051,0.051,0.05,0.05,387553
HYD,20200224,0.21,0.21,0.205,0.205,39625
HZN,20200224,0.077,0.078,0.066,0.071,4321584
HZR,20200224,0.55,0.55,0.49,0.495,850436
IAA,20200224,98,98,95,95.78,30219
IAF,20200224,116.21,116.44,116.21,116.26,14683
IAG,20200224,6.67,6.71,6.6,6.67,5935435
IAP,20200224,1.545,1.545,1.52,1.535,734839
IBG,20200224,0.01,0.01,0.01,0.01,1202880
IBX,20200224,0.03,0.03,0.028,0.029,3537990
ICE,20200224,0.29,0.29,0.225,0.225,1032389
ICG,20200224,0.001,0.001,0.001,0.001,1000000
ICI,20200224,0.017,0.017,0.015,0.015,400308
ICN,20200224,0.006,0.006,0.006,0.006,10000
ICQ,20200224,0.44,0.48,0.35,0.37,3003447
ICS,20200224,2,2.02,2,2.02,10449
ICT,20200224,0.04,0.04,0.037,0.037,165000
IDT,20200224,0.15,0.15,0.14,0.14,169357
IDX,20200224,4.24,4.24,4.07,4.12,750548
IDZ,20200224,0.007,0.007,0.007,0.007,550000
IEL,20200224,23.86,24.29,23.2,24.03,1462461
IEM,20200224,65.1,65.435,64.03,64.3,34157
IEU,20200224,69.84,69.93,68.91,68.96,21607
IFL,20200224,6.76,6.78,6.5,6.52,2347030
IFM,20200224,2.05,2.05,1.962,1.97,715594
IFN,20200224,0.725,0.732,0.707,0.725,1924924
IFT,20200224,5.35,5.35,5.28,5.28,4073
IGB,20200224,114.92,114.97,114.76,114.86,353
IGL,20200224,2.15,2.17,2.1,2.1,571973
IGO,20200224,5.71,5.74,5.555,5.69,3051532
IHD,20200224,14.42,14.42,14.17,14.19,49714
IHL,20200224,0.06,0.061,0.059,0.059,414089
IHR,20200224,0.08,0.08,0.075,0.075,85702
IJH,20200224,316.9,316.9,310.49,310.71,1121
IJP,20200224,85,85,83.3,83.3,4470
IJR,20200224,126.17,126.17,123.4,123.82,10046
IKO,20200224,90,90,86.7,86.71,3837
ILB,20200224,130.32,130.43,130.27,130.39,3027
ILC,20200224,27.55,27.98,27.38,27.45,15000
ILU,20200224,9.52,9.72,9.295,9.36,3058831
IMA,20200224,0.21,0.215,0.2,0.215,518594
IMC,20200224,0.15,0.155,0.15,0.15,490539
IMD,20200224,1.69,1.7,1.635,1.66,2067782
IME,20200224,0.029,0.029,0.026,0.026,3123172
IMF,20200224,4.49,4.5,4.26,4.27,1331987
IMM,20200224,0.415,0.415,0.385,0.39,1939046
IMR,20200224,1.7,1.705,1.68,1.7,36145
IMS,20200224,0.005,0.005,0.005,0.005,50000
IMU,20200224,0.033,0.034,0.031,0.032,25371257
INA,20200224,5.2,5.2,5.14,5.15,1062727
INF,20200224,0.057,0.057,0.052,0.052,616228
ING,20200224,3.56,3.68,3.56,3.62,3112072
INP,20200224,0.022,0.022,0.022,0.022,168396
INR,20200224,0.185,0.185,0.17,0.18,1459998
IOD,20200224,0.16,0.16,0.155,0.155,263580
IOO,20200224,84.2,84.2,82.47,82.5,62467
IOZ,20200224,28.77,28.82,28.5,28.54,319975
IP1,20200224,0.008,0.008,0.008,0.008,118823
IPB,20200224,0.022,0.022,0.022,0.022,51800
IPD,20200224,0.105,0.105,0.1,0.1,366354
IPH,20200224,9.54,9.64,9.43,9.5,708860
IPL,20200224,3,3.02,2.96,2.99,3783676
IPT,20200224,0.015,0.016,0.014,0.015,17330628
IRD,20200224,0.056,0.056,0.055,0.055,162733
IRE,20200224,12.11,12.11,11.855,12,1030238
IRI,20200224,3.09,3.095,2.98,3.01,274572
ISD,20200224,0.28,0.28,0.25,0.25,1897206
ISO,20200224,5.23,5.23,5.14,5.14,115906
ISU,20200224,0.41,0.41,0.37,0.38,39519
ITG,20200224,0.425,0.425,0.42,0.425,57708
ITW,20200224,62,62,62,62,15
IVC,20200224,13.18,13.24,12.78,12.86,297108
IVE,20200224,102.99,102.99,101.14,101.14,5770
IVR,20200224,0.022,0.022,0.022,0.022,2773654
IVV,20200224,506.39,506.39,499.64,500.31,26545
IVX,20200224,0.01,0.01,0.01,0.01,635695
IVZ,20200224,0.023,0.023,0.021,0.022,1147278
IXC,20200224,1.16,1.16,1,1.125,148489
IXI,20200224,84.66,85.15,83.5,83.5,6823
IXJ,20200224,107.29,107.29,104.71,104.71,15840
IXU,20200224,0.055,0.055,0.055,0.055,27281
IZZ,20200224,63.99,63.99,61.81,62.17,20610
JAL,20200224,0.18,0.18,0.18,0.18,9500
JAN,20200224,0.4,0.4,0.4,0.4,157147
JAT,20200224,0.049,0.049,0.048,0.048,869144
JAY,20200224,0.29,0.29,0.28,0.28,112972
JBH,20200224,39.11,39.3,37.73,38.29,582077
JCS,20200224,0.033,0.034,0.033,0.034,179146
JDR,20200224,0.012,0.012,0.012,0.012,12245
JHC,20200224,0.92,0.94,0.92,0.94,1289052
JHG,20200224,39.48,39.48,37.57,38.5,221015
JHX,20200224,29.88,30,29.45,29.73,1069720
JIN,20200224,12.23,13.23,11.68,11.68,1551790
JLG,20200224,2.71,2.72,2.56,2.61,535781
JMS,20200224,0.28,0.282,0.26,0.27,10893207
JRV,20200224,0.25,0.25,0.237,0.24,368392
JXT,20200224,0.089,0.089,0.075,0.08,580027
JYC,20200224,1.52,1.545,1.52,1.545,13757
K2F,20200224,0.23,0.23,0.22,0.225,296475
KAI,20200224,0.01,0.01,0.01,0.01,623703
KAR,20200224,1.05,1.055,1.005,1.015,4294096
KAS,20200224,0.012,0.012,0.012,0.012,12100
KCN,20200224,0.525,0.535,0.505,0.52,856541
KEY,20200224,0.005,0.006,0.005,0.006,5442579
KFE,20200224,0.054,0.054,0.052,0.052,93659
KGM,20200224,0.003,0.003,0.003,0.003,84750
KGN,20200224,5.27,5.29,4.92,4.99,1733473
KIN,20200224,0.064,0.065,0.064,0.064,573175
KKC,20200224,2.45,2.47,2.43,2.43,815815
KLA,20200224,54.51,56.7,54.51,55.3,6447
KMD,20200224,3.36,3.36,3.31,3.35,63563
KME,20200224,1.48,1.48,1.38,1.39,69891
KMT,20200224,0.006,0.006,0.006,0.006,718800
KNM,20200224,0.016,0.016,0.016,0.016,454518
KNO,20200224,0.072,0.073,0.071,0.071,192616
KOV,20200224,4.5,4.5,4.44,4.44,11176
KPG,20200224,0.84,0.84,0.8,0.83,50891
KPO,20200224,0.061,0.064,0.051,0.054,6227618
KRM,20200224,0.031,0.033,0.03,0.033,962445
KRR,20200224,0.032,0.041,0.032,0.039,10842508
KSL,20200224,1.32,1.32,1.26,1.275,415898
KSM,20200224,2.37,2.37,2.37,2.37,418
KSN,20200224,0.2,0.215,0.19,0.19,1687096
KSS,20200224,0.32,0.32,0.295,0.31,175963
KTA,20200224,0.03,0.03,0.028,0.028,245530
KTD,20200224,0.32,0.32,0.315,0.315,190342
KTE,20200224,0.008,0.008,0.008,0.008,42500
KTG,20200224,0.185,0.185,0.165,0.17,148932
KWR,20200224,0.18,0.18,0.175,0.18,237391
KYK,20200224,0.079,0.079,0.072,0.072,409997
KZA,20200224,0.63,0.63,0.59,0.61,54378
KZR,20200224,0.7,0.71,0.65,0.66,598399
LAU,20200224,0.37,0.37,0.365,0.365,262122
LAW,20200224,0.069,0.069,0.066,0.066,2399062
LBL,20200224,0.58,0.58,0.48,0.48,693458
LBT,20200224,0.16,0.16,0.15,0.15,220763
LCD,20200224,0.014,0.014,0.014,0.014,10000
LCK,20200224,0.115,0.117,0.115,0.117,255393
LCL,20200224,0.04,0.04,0.038,0.039,420624
LCM,20200224,0.19,0.19,0.185,0.185,77667
LEG,20200224,0.1,0.1,0.09,0.09,4687274
LEP,20200224,5.56,5.6,5.53,5.58,12583
LER,20200224,0.022,0.022,0.021,0.021,64000
LEX,20200224,0.17,0.17,0.17,0.17,54900
LGP,20200224,0.49,0.49,0.41,0.41,1059943
LHM,20200224,0.013,0.013,0.013,0.013,7127
LIC,20200224,8.8,8.8,8.2,8.45,485708
LIN,20200224,0.038,0.039,0.022,0.025,35765837
LIO,20200224,0.02,0.02,0.02,0.02,40000
LIT,20200224,0.063,0.068,0.061,0.062,1984505
LKE,20200224,0.046,0.048,0.042,0.042,20126406
LLC,20200224,18.88,19.15,18.85,19.05,1587711
LLO,20200224,2.37,2.39,2.37,2.39,4134
LME,20200224,1.805,1.85,1.805,1.85,75043
LMG,20200224,0.011,0.011,0.01,0.011,2230136
LNG,20200224,0.13,0.13,0.12,0.12,655598
LNK,20200224,6.29,6.29,6.16,6.18,2008795
LNU,20200224,0.022,0.023,0.022,0.023,429227
LNY,20200224,0.006,0.006,0.006,0.006,3449990
LOM,20200224,0.13,0.135,0.13,0.135,710487
LON,20200224,0.15,0.155,0.15,0.155,162771
LOT,20200224,0.052,0.054,0.049,0.05,530075
LOV,20200224,11.5,11.5,11.11,11.17,703570
LPD,20200224,0.012,0.012,0.011,0.011,5992608
LPE,20200224,0.52,0.52,0.5,0.5,15240
LPI,20200224,0.28,0.28,0.255,0.255,386081
LRS,20200224,0.005,0.005,0.005,0.005,7805199
LRT,20200224,4.99,4.99,4.99,4.99,2176
LSA,20200224,0.009,0.01,0.009,0.01,4276637
LSF,20200224,1.395,1.395,1.365,1.37,1337431
LSR,20200224,0.009,0.009,0.009,0.009,111221
LSX,20200224,0.48,0.485,0.48,0.48,12944
LTR,20200224,0.14,0.14,0.12,0.12,10853410
LVE,20200224,0.038,0.038,0.038,0.038,50000
LVH,20200224,0.24,0.24,0.235,0.235,16766
LVT,20200224,0.31,0.315,0.29,0.29,6132216
LYC,20200224,2.19,2.19,2.12,2.12,2954555
LYL,20200224,6.08,6.1,5.92,6.09,41634
M7T,20200224,0.88,0.88,0.81,0.82,1211620
M8S,20200224,0.16,0.16,0.155,0.155,21178
MA1,20200224,1.02,1.02,1.005,1.01,233058
MAD,20200224,1.12,1.12,1.105,1.105,102332
MAG,20200224,0.38,0.385,0.335,0.365,574464
MAH,20200224,0.295,0.305,0.29,0.3,6789165
MAI,20200224,0.59,0.59,0.555,0.555,183174
MAM,20200224,0.505,0.53,0.5,0.51,180116
MAN,20200224,0.015,0.015,0.014,0.014,1250000
MAQ,20200224,28,28,27.5,28,1855
MAT,20200224,0.16,0.16,0.15,0.15,124328
MAU,20200224,0.68,0.68,0.67,0.67,7345
MAY,20200224,0.01,0.01,0.009,0.009,3525878
MBK,20200224,0.007,0.007,0.007,0.007,2379225
MCA,20200224,0.14,0.14,0.14,0.14,780790
MCE,20200224,0.35,0.35,0.335,0.35,32780
MCM,20200224,0.45,0.45,0.45,0.45,1552
MCP,20200224,2.8,2.83,2.72,2.82,1056936
MCR,20200224,0.675,0.68,0.62,0.635,1543091
MCT,20200224,0.005,0.005,0.005,0.005,1300000
MCY,20200224,5.21,5.21,5.13,5.17,6495
MDC,20200224,0.3,0.3,0.29,0.29,184177
MDI,20200224,0.009,0.011,0.009,0.01,85487584
MDR,20200224,0.475,0.48,0.445,0.45,667703
MEA,20200224,0.32,0.35,0.32,0.34,811057
MEB,20200224,0.008,0.008,0.008,0.008,457540
MEC,20200224,1.045,1.045,1.035,1.035,208575
MEI,20200224,0.028,0.028,0.026,0.026,1372501
MEL,20200224,0.04,0.04,0.04,0.04,20000
MEM,20200224,0.061,0.061,0.058,0.059,679488
MEP,20200224,0.039,0.043,0.039,0.042,540874
MEU,20200224,0.043,0.045,0.041,0.041,1902689
MEY,20200224,0.069,0.071,0.069,0.071,73662
MEZ,20200224,5.29,5.3,5.07,5.1,42362
MFD,20200224,1.02,1.02,1,1,39688
MFF,20200224,3.76,3.77,3.62,3.63,454262
MFG,20200224,70,70.26,67.84,68,521102
MGC,20200224,0.435,0.435,0.435,0.435,156441
MGE,20200224,4.42,4.42,4.39,4.39,831756
MGG,20200224,2.16,2.16,2.05,2.06,1321070
MGR,20200224,3.29,3.31,3.25,3.27,7045178
MGU,20200224,0.055,0.055,0.05,0.051,402244
MGV,20200224,0.115,0.115,0.11,0.112,614298
MGX,20200224,0.8,0.8,0.76,0.76,2321793
MHC,20200224,0.007,0.008,0.007,0.007,5312811
MHG,20200224,3.75,3.77,3.74,3.74,126991
MHH,20200224,1.715,1.715,1.6,1.61,1821715
MHJ,20200224,0.6,0.61,0.59,0.6,144676
MIL,20200224,0.4,0.44,0.335,0.44,101093
MIN,20200224,19.06,19.16,18.5,18.97,1332365
MIO,20200224,0.205,0.215,0.2,0.21,124905
MIR,20200224,2.59,2.6,2.55,2.55,97695
MKG,20200224,0.069,0.071,0.069,0.071,420706
MLD,20200224,1.05,1.05,1,1.015,821772
MLL,20200224,0.086,0.086,0.083,0.083,150245
MLM,20200224,0.012,0.012,0.012,0.012,10000
MLS,20200224,0.001,0.001,0.001,0.001,3000000
MLT,20200224,4.91,4.91,4.82,4.87,302167
MLX,20200224,0.098,0.098,0.09,0.09,3902611
MME,20200224,1.65,1.7,1.64,1.66,516984
MMI,20200224,0.14,0.145,0.137,0.14,9837250
MMJ,20200224,0.11,0.11,0.105,0.105,306171
MML,20200224,0.715,0.73,0.69,0.69,596661
MMM,20200224,0.28,0.295,0.27,0.27,259897
MMS,20200224,11.97,11.97,11.46,11.46,286567
MND,20200224,16.67,16.7,16.15,16.26,278002
MNF,20200224,4.8,4.85,4.66,4.7,143945
MNS,20200224,0.097,0.099,0.08,0.085,2592740
MNW,20200224,0.016,0.016,0.015,0.015,259540
MNY,20200224,2.99,3.01,2.93,2.96,1735255
MOC,20200224,1.09,1.1,1.015,1.05,711279
MOE,20200224,5.87,5.9,5.69,5.77,121105
MOH,20200224,0.105,0.115,0.1,0.1,1275340
MOQ,20200224,0.22,0.22,0.22,0.22,4000
MOT,20200224,2.06,2.06,2.04,2.05,232768
MOZ,20200224,1.73,1.815,1.73,1.795,15261
MP1,20200224,12,12.13,11.7,11.99,737492
MPH,20200224,0.19,0.19,0.18,0.18,29210
MPL,20200224,2.86,2.92,2.86,2.9,9279502
MPR,20200224,0.023,0.023,0.023,0.023,73915
MPW,20200224,0.077,0.077,0.077,0.077,100000
MQG,20200224,149.17,149.28,145.47,145.69,1047587
MRC,20200224,0.28,0.28,0.27,0.27,68200
MRD,20200224,0.002,0.002,0.002,0.002,200000
MRL,20200224,0.43,0.46,0.43,0.46,46184
MRM,20200224,0.155,0.165,0.155,0.16,16743322
MRQ,20200224,0.008,0.008,0.007,0.008,5769656
MRZ,20200224,0.235,0.235,0.23,0.23,8382
MSB,20200224,2.73,2.74,2.53,2.59,3120382
MSE,20200224,0.01,0.01,0.01,0.01,3011180
MSR,20200224,0.002,0.002,0.002,0.002,7250000
MSV,20200224,0.65,0.65,0.62,0.62,271487
MTC,20200224,0.085,0.085,0.077,0.08,493037
MTH,20200224,0.011,0.011,0.01,0.01,878181
MTS,20200224,2.78,2.815,2.755,2.78,4755298
MVA,20200224,27.18,27.18,26.71,26.79,8715
MVB,20200224,28.45,28.45,27.95,27.95,6843
MVE,20200224,30.22,30.22,29.84,29.84,6196
MVF,20200224,1.02,1.04,1,1.005,294606
MVP,20200224,10.59,10.59,9.19,9.66,1139893
MVR,20200224,29.67,29.67,29.5,29.5,1020
MVS,20200224,21.05,21.05,20.65,20.65,1437
MVW,20200224,31.98,31.98,31.5,31.56,62026
MWR,20200224,0.18,0.18,0.175,0.177,91520
MWY,20200224,1.635,1.635,1.58,1.58,72142
MX1,20200224,0.195,0.205,0.185,0.195,2816632
MXC,20200224,0.028,0.028,0.027,0.027,1391920
MXI,20200224,0.2,0.2,0.195,0.195,95379
MXR,20200224,0.04,0.04,0.039,0.039,107001
MXT,20200224,2.02,2.03,2.02,2.03,989535
MYE,20200224,0.995,1,0.99,1,34768
MYL,20200224,0.053,0.053,0.048,0.048,2550693
MYQ,20200224,0.24,0.24,0.22,0.22,120460
MYR,20200224,0.395,0.395,0.37,0.375,820155
MYS,20200224,5.85,6,5.69,5.85,382949
MYX,20200224,0.37,0.37,0.337,0.345,8786621
MZZ,20200224,0.22,0.23,0.22,0.225,216000
NAB,20200224,27.07,27.165,26.88,27.11,6619522
NAC,20200224,1.005,1.005,0.97,0.97,140714
NAG,20200224,0.044,0.044,0.044,0.044,1300
NAN,20200224,7.22,7.22,6.78,6.82,1392343
NBI,20200224,2.06,2.06,2.03,2.03,1604248
NCC,20200224,1.1,1.135,1.09,1.105,39882
NCK,20200224,7.9,7.91,7.63,7.66,293891
NCM,20200224,29.65,30.26,29.565,30.17,5764357
NCR,20200224,0.01,0.01,0.01,0.01,291
NCZ,20200224,0.165,0.165,0.152,0.16,4356748
NDQ,20200224,24.06,24.06,23.77,23.83,356709
NEA,20200224,1.925,1.925,1.81,1.81,5690090
NEC,20200224,1.725,1.725,1.67,1.68,8859741
NES,20200224,0.04,0.04,0.04,0.04,107400
NET,20200224,0.065,0.065,0.059,0.06,9140146
NEU,20200224,2.75,2.75,2.56,2.6,93250
NEW,20200224,1.21,1.22,1.195,1.195,322266
NGE,20200224,0.63,0.63,0.615,0.62,244467
NGI,20200224,3.36,3.39,3.24,3.28,284015
NHC,20200224,1.59,1.59,1.525,1.555,7656791
NHF,20200224,5.18,5.21,4.85,4.95,5452422
NIC,20200224,0.6,0.6,0.537,0.555,5424934
NME,20200224,0.013,0.013,0.013,0.013,9588
NML,20200224,0.11,0.115,0.11,0.11,574312
NMT,20200224,0.205,0.21,0.205,0.21,151728
NNW,20200224,0.067,0.067,0.067,0.067,27806
NOR,20200224,0.061,0.065,0.06,0.063,246723
NOV,20200224,0.2,0.2,0.185,0.185,188822
NOX,20200224,0.29,0.29,0.24,0.25,1522803
NSB,20200224,0.155,0.155,0.15,0.15,120518
NSC,20200224,0.715,0.72,0.705,0.705,159818
NSR,20200224,2.4,2.41,2.39,2.39,8629312
NST,20200224,14.72,15.28,14.72,14.96,4481177
NSX,20200224,0.185,0.2,0.17,0.18,274516
NTD,20200224,0.4,0.43,0.4,0.4,618578
NTI,20200224,0.008,0.009,0.008,0.009,1041345
NTL,20200224,0.006,0.006,0.006,0.006,300000
NTM,20200224,0.077,0.079,0.076,0.079,200194
NTO,20200224,1.8,1.8,1.74,1.74,187518
NTU,20200224,0.042,0.042,0.04,0.04,3818446
NUC,20200224,3.38,3.38,3.2,3.2,23063
NUF,20200224,5.98,6.05,5.75,5.79,754879
NUH,20200224,0.026,0.027,0.026,0.027,1072544
NVA,20200224,0.055,0.061,0.055,0.058,10955619
NVL,20200224,3.69,3.69,3.67,3.67,257065
NVO,20200224,0.014,0.014,0.012,0.012,6060281
NVX,20200224,0.425,0.425,0.425,0.425,2142
NWC,20200224,0.015,0.015,0.015,0.015,290000
NWE,20200224,0.005,0.005,0.004,0.004,4353109
NWF,20200224,0.165,0.165,0.165,0.165,16000
NWH,20200224,3.15,3.19,2.95,2.95,4955896
NWL,20200224,8.38,8.48,8.25,8.4,517819
NWM,20200224,0.165,0.165,0.165,0.165,4000
NWS,20200224,21.89,22.22,21.89,21.96,222886
NXE,20200224,0.008,0.008,0.008,0.008,107666
NXM,20200224,0.045,0.045,0.045,0.045,200000
NXS,20200224,1.9,1.92,1.84,1.92,144293
NXT,20200224,7.69,7.74,7.63,7.63,2112208
NYR,20200224,0.2,0.2,0.19,0.19,382745
NZC,20200224,0.365,0.367,0.365,0.365,2588060
NZK,20200224,2.13,2.13,2.13,2.13,236
NZM,20200224,0.325,0.35,0.325,0.34,60317
NZS,20200224,0.01,0.01,0.01,0.01,400000
OAR,20200224,0.003,0.003,0.003,0.003,1321654
OAU,20200224,0.022,0.024,0.022,0.024,1684983
OBM,20200224,0.19,0.21,0.185,0.195,3058334
OCC,20200224,0.47,0.47,0.435,0.445,967012
OCL,20200224,5.9,5.9,5.66,5.75,50765
ODA,20200224,0.18,0.2,0.18,0.2,30832
OEC,20200224,0.67,0.67,0.535,0.56,442986
OEL,20200224,0.029,0.029,0.026,0.026,5787982
OEX,20200224,0.003,0.003,0.003,0.003,48000
OFX,20200224,1.445,1.465,1.43,1.45,767622
OGA,20200224,0.115,0.115,0.115,0.115,304898
OGC,20200224,2.89,3,2.89,2.95,770105
OIL,20200224,0.031,0.031,0.031,0.031,50505
OKJ,20200224,0.028,0.03,0.028,0.03,175000
OKR,20200224,0.07,0.08,0.07,0.08,117827
OKU,20200224,0.245,0.255,0.23,0.23,1337781
OLI,20200224,0.086,0.086,0.085,0.085,225916
OLL,20200224,0.195,0.195,0.18,0.18,500656
OMH,20200224,0.48,0.48,0.417,0.46,118259
OML,20200224,2.9,2.92,2.83,2.83,3229016
ONE,20200224,0.12,0.12,0.115,0.115,19100
ONT,20200224,6.45,6.45,6.39,6.39,1412
ONX,20200224,0.067,0.067,0.067,0.067,55762
OOO,20200224,13.65,13.65,13.25,13.31,25807
OPC,20200224,4.51,4.99,4.5,4.74,33428
OPH,20200224,2.75,2.75,2.62,2.66,347613
OPL,20200224,0.1,0.1,0.087,0.087,104654
OPT,20200224,3.29,3.3,3.16,3.26,358360
OPY,20200224,1.22,1.22,1.17,1.17,377961
ORA,20200224,2.85,2.88,2.82,2.84,4175780
ORE,20200224,3.37,3.395,3.25,3.36,2555205
ORG,20200224,7.69,7.69,7.45,7.53,4335497
ORI,20200224,21.47,21.78,21.4,21.42,1489618
ORN,20200224,0.02,0.02,0.019,0.019,1112745
ORR,20200224,0.425,0.45,0.425,0.44,138657
OSH,20200224,6.26,6.27,6.11,6.15,5047914
OSL,20200224,0.16,0.16,0.137,0.145,4553504
OSP,20200224,0.018,0.018,0.016,0.017,2607904
OSX,20200224,0.62,0.62,0.61,0.61,8272
OTW,20200224,3.3,3.3,3.11,3.3,112634
OVH,20200224,0.295,0.3,0.29,0.295,200646
OVL,20200224,0.01,0.01,0.009,0.009,11101678
OVN,20200224,0.665,0.7,0.62,0.62,455126
OVT,20200224,0.053,0.053,0.053,0.053,46100
OZF,20200224,20.56,20.56,20.56,20.56,32
OZG,20200224,0.17,0.17,0.17,0.17,375067
OZL,20200224,9.75,9.78,9.55,9.64,1756951
OZR,20200224,11.75,11.75,11.65,11.66,37289
PAA,20200224,0.105,0.105,0.096,0.096,788209
PAB,20200224,0.016,0.017,0.016,0.017,187620
PAC,20200224,5.76,5.93,5.76,5.84,39527
PAF,20200224,0.885,0.895,0.885,0.885,98059
PAI,20200224,1.07,1.07,1.045,1.045,424997
PAK,20200224,0.025,0.025,0.025,0.025,98650
PAL,20200224,0.85,0.85,0.84,0.84,100225
PAN,20200224,0.22,0.22,0.205,0.21,3481815
PAR,20200224,3.58,3.61,3.38,3.44,1548084
PBH,20200224,5.37,5.45,5.04,5.11,1134198
PBP,20200224,2.39,2.4,2.15,2.2,274123
PCG,20200224,1.46,1.46,1.46,1.46,5780
PCI,20200224,1.14,1.15,1.14,1.14,540120
PCK,20200224,0.13,0.13,0.12,0.12,2234916
PCL,20200224,0.002,0.002,0.001,0.001,3731001
PDI,20200224,0.008,0.008,0.008,0.008,2610344
PDL,20200224,8.6,8.61,8.33,8.33,2311087
PDN,20200224,0.088,0.088,0.084,0.085,2412975
PE1,20200224,1.47,1.47,1.405,1.44,150794
PEK,20200224,0.039,0.039,0.036,0.037,1336775
PEN,20200224,0.165,0.165,0.157,0.16,156229
PET,20200224,0.735,0.74,0.69,0.695,1847302
PEX,20200224,0.22,0.22,0.185,0.205,1045431
PFP,20200224,3.64,3.64,3.54,3.61,65711
PG1,20200224,0.115,0.115,0.115,0.115,100000
PGC,20200224,0.27,0.27,0.242,0.245,1070405
PGF,20200224,1.25,1.25,1.22,1.225,586713
PGG,20200224,2.07,2.08,2.04,2.04,824513
PGH,20200224,2.39,2.39,2.29,2.3,656056
PGI,20200224,0.028,0.032,0.028,0.028,1900677
PGL,20200224,1.845,1.855,1.845,1.85,37000
PGM,20200224,0.024,0.031,0.024,0.026,11682876
PGR,20200224,0.098,0.098,0.097,0.097,84000
PGX,20200224,0.38,0.38,0.365,0.365,95169
PGY,20200224,0.018,0.018,0.018,0.018,100000
PIA,20200224,1.16,1.16,1.14,1.14,306118
PIC,20200224,1.06,1.06,1.045,1.045,466674
PIO,20200224,0.015,0.015,0.014,0.014,8030278
PIQ,20200224,0.325,0.345,0.325,0.345,60228
PKD,20200224,0.071,0.071,0.071,0.071,50000
PKS,20200224,0.16,0.16,0.155,0.155,95766
PL8,20200224,1.185,1.19,1.185,1.185,699351
PLL,20200224,0.125,0.125,0.125,0.125,549074
PLS,20200224,0.305,0.305,0.285,0.29,14263174
PM1,20200224,0.017,0.017,0.017,0.017,1563384
PM8,20200224,0.235,0.235,0.22,0.225,319210
PMC,20200224,1.51,1.53,1.49,1.495,500646
PME,20200224,22.7,22.7,22.01,22.01,330410
PMV,20200224,20.16,20.2,19.5,19.57,135186
PMY,20200224,0.005,0.005,0.004,0.004,2496305
PNC,20200224,1.73,1.73,1.72,1.72,598055
PNI,20200224,6.4,6.4,5.93,6,909817
PNN,20200224,0.002,0.002,0.002,0.002,29108036
PNR,20200224,0.099,0.099,0.096,0.097,7474604
PNV,20200224,3.03,3.04,2.84,2.88,5587718
PO3,20200224,2.55,2.55,2.42,2.42,942
POD,20200224,0.041,0.052,0.038,0.039,6701208
POS,20200224,0.033,0.034,0.032,0.032,1392834
POU,20200224,19.21,19.21,19.18,19.18,1026
PPC,20200224,1.31,1.35,1.3,1.35,2379762
PPE,20200224,3.73,3.73,3.55,3.59,91115
PPG,20200224,0.105,0.105,0.1,0.1,61032
PPH,20200224,4.09,4.09,3.92,4.01,444994
PPK,20200224,6.1,6.16,5.51,5.6,148537
PPL,20200224,0.009,0.009,0.008,0.008,202721
PPS,20200224,0.435,0.435,0.405,0.415,1929142
PPT,20200224,43.45,44.03,42.83,42.84,329870
PRM,20200224,0.001,0.001,0.001,0.001,636800
PRN,20200224,1.435,1.44,1.38,1.38,2125808
PRO,20200224,0.8,0.8,0.79,0.79,115224
PRT,20200224,0.15,0.15,0.145,0.15,171220
PRU,20200224,1.295,1.305,1.245,1.255,8353343
PRX,20200224,0.064,0.064,0.06,0.061,936290
PSI,20200224,3.1,3.15,3.1,3.13,350231
PSQ,20200224,2,2.04,2,2,15632
PSZ,20200224,0.021,0.021,0.019,0.02,1792108
PTB,20200224,0.82,0.82,0.75,0.75,595519
PTL,20200224,0.33,0.335,0.33,0.335,65967
PTM,20200224,4.55,4.55,4.25,4.27,2525908
PTR,20200224,0.06,0.061,0.059,0.059,899998
PTX,20200224,0.053,0.053,0.05,0.051,2195043
PUA,20200224,0.02,0.02,0.015,0.016,1428465
PUR,20200224,0.01,0.01,0.007,0.007,4874213
PVS,20200224,1.235,1.59,1.235,1.54,4838
PWG,20200224,1.4,1.425,1.355,1.355,70918
PWH,20200224,4.7,4.7,4.44,4.44,102485
PWL,20200224,0.155,0.155,0.15,0.15,80990
PWN,20200224,0.007,0.007,0.005,0.005,12370730
PXS,20200224,0.11,0.115,0.11,0.11,113426
PXX,20200224,0.03,0.031,0.03,0.03,652212
PYC,20200224,0.069,0.069,0.062,0.063,4668583
PYG,20200224,0.76,0.76,0.705,0.71,135775
QAG,20200224,5.5,5.5,5.5,5.5,180
QAN,20200224,6.25,6.29,5.97,6.02,11357539
QAU,20200224,16.7,16.99,16.61,16.7,177514
QBE,20200224,14.86,14.94,14.79,14.79,4146726
QEM,20200224,0.07,0.088,0.07,0.088,510562
QFE,20200224,0.325,0.33,0.3,0.31,595574
QFN,20200224,11.53,11.53,11.42,11.42,7000
QFY,20200224,0.004,0.004,0.003,0.003,6487143
QGL,20200224,0.04,0.04,0.035,0.037,68144
QHL,20200224,0.125,0.125,0.11,0.12,1323715
QIP,20200224,1.3,1.325,1.295,1.295,26214
QOZ,20200224,14.23,14.23,14.1,14.11,44120
QRE,20200224,6.42,6.42,6.345,6.345,2833434
QRI,20200224,1.63,1.64,1.625,1.64,245443
QTM,20200224,0.05,0.05,0.05,0.05,106804
QUB,20200224,3.35,3.35,3.28,3.28,5104485
QUS,20200224,40.94,40.97,40.8,40.84,7645
QVE,20200224,1,1,0.965,0.985,245927
RAC,20200224,0.485,0.485,0.39,0.415,1111059
RAP,20200224,0.23,0.23,0.205,0.23,1940333
RBL,20200224,1.16,1.2,1.08,1.1,769820
RBR,20200224,0.013,0.013,0.013,0.013,40000
RCB,20200224,20.89,20.95,20.88,20.94,17840
RCE,20200224,0.47,0.49,0.45,0.46,599863
RCL,20200224,0.32,0.32,0.32,0.32,62302
RCT,20200224,2.37,2.38,2.35,2.38,6339
RDC,20200224,1.13,1.135,1.125,1.125,546267
RDF,20200224,0.68,0.685,0.675,0.685,31715
RDG,20200224,0.019,0.019,0.019,0.019,120000
RDH,20200224,1.8,1.8,1.75,1.75,1267
RDM,20200224,0.085,0.085,0.085,0.085,15000
RDN,20200224,0.006,0.006,0.006,0.006,1617722
RDS,20200224,0.008,0.008,0.008,0.008,140000
RDV,20200224,30.71,30.71,30.25,30.36,13912
RDY,20200224,2.15,2.17,2.12,2.14,36186
REA,20200224,111.2,111.78,109.26,109.4,217218
RED,20200224,0.355,0.37,0.355,0.36,11668398
REE,20200224,0.033,0.035,0.032,0.035,654000
REG,20200224,2.34,2.34,2.3,2.33,177961
REH,20200224,11.98,11.99,11.74,11.78,56008
REV,20200224,0.011,0.011,0.01,0.011,400000
REX,20200224,1.125,1.135,1.105,1.125,28868
REZ,20200224,0.017,0.019,0.017,0.017,1414806
RF1,20200224,2.67,2.67,2.625,2.64,122074
RFF,20200224,2.07,2.07,2,2.03,414868
RFG,20200224,0.098,0.099,0.097,0.098,1182605
RFN,20200224,0.004,0.004,0.003,0.004,40107065
RFR,20200224,0.11,0.11,0.1,0.1,211220
RFT,20200224,0.04,0.04,0.039,0.039,691156
RFX,20200224,0.04,0.041,0.04,0.04,261728
RGB,20200224,23.5,23.5,23.38,23.38,1885
RGI,20200224,0.115,0.115,0.105,0.105,360516
RGL,20200224,0.012,0.013,0.012,0.013,175000
RGS,20200224,0.06,0.06,0.058,0.058,229886
RHC,20200224,76.38,77.87,76.38,77.48,294091
RHI,20200224,0.21,0.21,0.21,0.21,10000
RHP,20200224,2.01,2.01,1.915,1.95,562205
RHT,20200224,0.185,0.185,0.14,0.14,5798824
RHY,20200224,0.093,0.095,0.093,0.093,148105
RIC,20200224,0.98,0.995,0.97,0.97,562400
RIM,20200224,0.003,0.003,0.003,0.003,13183162
RIO,20200224,97.5,97.53,94.89,95.26,1851231
RKN,20200224,0.71,0.725,0.71,0.71,128001
RLE,20200224,0.024,0.024,0.022,0.022,1018108
RLG,20200224,0.027,0.028,0.027,0.027,504485
RLT,20200224,1.7,1.7,1.65,1.65,64400
RMC,20200224,1.58,1.58,1.495,1.53,436535
RMD,20200224,26.24,26.24,25.88,25.96,1119410
RMI,20200224,0.006,0.006,0.006,0.006,41250
RML,20200224,0.072,0.078,0.066,0.069,3286040
RMP,20200224,0.012,0.013,0.012,0.013,500124
RMS,20200224,1.32,1.475,1.295,1.455,18105453
RMY,20200224,0.63,0.63,0.51,0.555,822449
RND,20200224,2.2,2.245,2.16,2.19,10416
RNE,20200224,0.026,0.026,0.026,0.026,21212
RNO,20200224,0.15,0.155,0.15,0.155,260853
RNT,20200224,0.049,0.049,0.049,0.049,111893
RNU,20200224,0.009,0.01,0.009,0.009,1743391
ROO,20200224,0.033,0.033,0.031,0.031,623964
RPM,20200224,0.155,0.155,0.15,0.15,68559
RRL,20200224,4.61,4.765,4.61,4.72,4446936
RSG,20200224,1.225,1.265,1.21,1.25,14516095
RSH,20200224,0.078,0.08,0.076,0.079,1658880
RSM,20200224,21.57,21.57,21.55,21.55,651
RTE,20200224,0.4,0.415,0.4,0.415,8668
RTG,20200224,0.081,0.081,0.081,0.081,323098
RTR,20200224,0.081,0.086,0.079,0.08,2298980
RUL,20200224,1.215,1.24,1.18,1.225,581502
RVR,20200224,0.1,0.1,0.095,0.095,897038
RVS,20200224,0.7,0.71,0.7,0.7,13858
RWC,20200224,3.46,3.64,3.34,3.42,25084051
RXL,20200224,0.033,0.033,0.029,0.029,14552549
RXM,20200224,0.065,0.067,0.065,0.066,2193849
RXP,20200224,0.45,0.45,0.437,0.437,219976
RYD,20200224,1.45,1.45,1.405,1.405,13218
RZI,20200224,0.95,0.95,0.885,0.9,54180
S2R,20200224,0.105,0.12,0.096,0.096,976480
S32,20200224,2.53,2.54,2.46,2.47,22529264
SAR,20200224,4.26,4.53,4.26,4.5,13817316
SAU,20200224,0.17,0.17,0.165,0.165,35303
SBM,20200224,2.95,3.06,2.9,3,13844581
SBR,20200224,0.002,0.002,0.002,0.002,220000
SBW,20200224,0.17,0.17,0.17,0.17,9550
SCG,20200224,3.71,3.73,3.67,3.68,13126394
SCI,20200224,0.009,0.009,0.009,0.009,261111
SCL,20200224,0.017,0.017,0.016,0.016,3234164
SCN,20200224,0.025,0.025,0.024,0.024,1133024
SCP,20200224,3.08,3.12,3.07,3.1,1840814
SCT,20200224,0.065,0.065,0.065,0.065,42613
SCU,20200224,0.014,0.014,0.011,0.011,2788667
SDF,20200224,3.93,3.95,3.91,3.91,2287237
SDG,20200224,1.74,1.74,1.7,1.7,27927
SDI,20200224,1.045,1.05,0.995,0.995,127565
SDV,20200224,0.87,0.885,0.78,0.78,737525
SDX,20200224,0.036,0.036,0.033,0.033,345000
SE1,20200224,0.009,0.009,0.009,0.009,1447315
SEC,20200224,1.77,1.77,1.705,1.705,69914
SEI,20200224,0.043,0.046,0.043,0.046,29110
SEK,20200224,22.46,22.52,22.25,22.41,1589629
SEN,20200224,0.063,0.067,0.062,0.064,38371
SEQ,20200224,0.22,0.22,0.22,0.22,7000
SER,20200224,0.005,0.005,0.005,0.005,1254667
SES,20200224,0.081,0.081,0.077,0.077,20889
SFC,20200224,17,17.01,16.98,16.98,490
SFG,20200224,0.066,0.066,0.058,0.06,1683471
SFR,20200224,4.84,4.89,4.695,4.83,2055607
SFX,20200224,0.14,0.14,0.13,0.13,204079
SFY,20200224,65.18,65.18,64,64.58,5977
SGF,20200224,2.3,2.33,2.25,2.3,415918
SGH,20200224,1,1,0.995,1,13000
SGM,20200224,10.69,10.69,10.43,10.44,1400740
SGP,20200224,5.23,5.31,5.23,5.23,7917659
SGQ,20200224,0.1,0.1,0.096,0.096,1568534
SGR,20200224,4.16,4.16,3.98,4.04,4824021
SHJ,20200224,0.905,0.91,0.9,0.91,52441
SHL,20200224,30.66,30.84,30.43,30.6,1033964
SHM,20200224,0.76,0.76,0.74,0.74,14120
SHO,20200224,0.024,0.025,0.024,0.025,96445
SHV,20200224,7.92,7.92,7.03,7.19,1446610
SI6,20200224,0.003,0.003,0.002,0.003,2500000
SIG,20200224,0.59,0.59,0.57,0.585,2060795
SIL,20200224,0.034,0.034,0.033,0.033,96338
SIO,20200224,0.37,0.37,0.37,0.37,25000
SIQ,20200224,7.33,7.33,6.95,7.04,1790343
SIS,20200224,0.018,0.018,0.016,0.016,488114
SIV,20200224,0.575,0.575,0.545,0.575,36010
SKC,20200224,3.55,3.58,3.47,3.47,798707
SKF,20200224,0.22,0.22,0.195,0.195,915682
SKI,20200224,2.16,2.17,2.06,2.06,4854559
SKN,20200224,0.014,0.014,0.014,0.014,66666
SKO,20200224,4.58,4.62,4.3,4.3,51500
SKT,20200224,0.605,0.605,0.58,0.585,99410
SKY,20200224,0.26,0.28,0.26,0.275,1873043
SLC,20200224,0.87,0.885,0.83,0.83,2650782
SLF,20200224,15.18,15.18,14.96,15,150529
SLK,20200224,4.17,4.23,4.13,4.15,212768
SLM,20200224,0.83,0.83,0.815,0.83,109467
SLR,20200224,1.76,1.79,1.66,1.72,15810054
SLX,20200224,0.37,0.37,0.33,0.33,473474
SLZ,20200224,0.089,0.09,0.085,0.085,329875
SM1,20200224,6.47,6.47,6.21,6.34,100792
SM8,20200224,0.11,0.11,0.092,0.097,2821298
SMD,20200224,0.005,0.005,0.005,0.005,50000
SMI,20200224,0.005,0.005,0.004,0.004,52000042
SMN,20200224,0.775,0.785,0.765,0.77,33801
SMP,20200224,0.705,0.705,0.66,0.66,844476
SMR,20200224,0.8,0.8,0.67,0.705,1040958
SMX,20200224,0.405,0.405,0.4,0.4,110638
SNC,20200224,0.84,0.84,0.82,0.83,701208
SNL,20200224,4.22,4.3,4.22,4.3,5890
SNS,20200224,0.13,0.13,0.12,0.12,133480
SO4,20200224,0.6,0.6,0.56,0.575,190357
SOL,20200224,22.28,22.28,21.66,21.67,1029139
SOM,20200224,3.37,3.37,3.26,3.27,13579
SOR,20200224,0.075,0.076,0.075,0.075,234554
SP3,20200224,0.096,0.096,0.091,0.091,371279
SPK,20200224,4.6,4.63,4.52,4.52,617985
SPL,20200224,1.21,1.21,1.14,1.15,205398
SPT,20200224,0.48,0.48,0.45,0.46,1013210
SPX,20200224,0.14,0.157,0.14,0.15,53535555
SPY,20200224,506.39,506.39,497.93,498.83,1030
SPZ,20200224,0.225,0.225,0.19,0.2,258904
SRG,20200224,0.365,0.38,0.36,0.38,178234
SRH,20200224,0.175,0.175,0.175,0.175,10000
SRI,20200224,0.06,0.06,0.06,0.06,148334
SRK,20200224,0.046,0.046,0.046,0.046,200
SRV,20200224,4.04,4.04,3.95,3.95,14020
SSG,20200224,0.78,0.805,0.74,0.74,635193
SSM,20200224,2.26,2.26,2.2,2.22,2261845
SSO,20200224,16.22,16.22,15.97,15.97,2933
ST1,20200224,0.21,0.21,0.195,0.195,33248
STG,20200224,1.14,1.14,1.02,1.05,12605
STM,20200224,0.012,0.012,0.011,0.012,3901580
STN,20200224,0.57,0.61,0.57,0.58,539144
STO,20200224,7.61,7.79,7.54,7.66,7085714
STW,20200224,65.26,65.34,64.63,64.71,201553
STX,20200224,0.18,0.18,0.17,0.175,2839891
SUD,20200224,0.055,0.055,0.054,0.054,203333
SUL,20200224,9.54,9.59,9.305,9.37,1489213
SUN,20200224,12.28,12.3,12.16,12.22,2619072
SVD,20200224,0.009,0.009,0.009,0.009,100000
SVL,20200224,0.105,0.11,0.1,0.11,5463465
SVM,20200224,0.135,0.135,0.13,0.135,391300
SVW,20200224,20.29,20.3,19.74,19.94,1560152
SVY,20200224,0.71,0.71,0.67,0.67,430249
SW1,20200224,0.061,0.061,0.061,0.061,98875
SWF,20200224,0.165,0.165,0.15,0.155,1289343
SWK,20200224,0.18,0.18,0.175,0.18,179220
SWM,20200224,0.19,0.19,0.18,0.18,4529732
SXA,20200224,0.066,0.066,0.066,0.066,5136
SXE,20200224,0.61,0.625,0.605,0.625,83302
SXL,20200224,0.835,0.835,0.767,0.785,5571863
SXY,20200224,0.34,0.34,0.335,0.335,2293355
SYA,20200224,0.014,0.014,0.013,0.013,3283526
SYD,20200224,8.28,8.31,8.13,8.2,6998842
SYI,20200224,30.42,30.42,29.89,29.92,19885
SYR,20200224,0.5,0.5,0.487,0.5,1335502
SZL,20200224,1.84,1.845,1.72,1.72,92681
TAH,20200224,4.05,4.06,3.96,4.04,7687901
TAM,20200224,0.053,0.054,0.052,0.053,899048
TAP,20200224,0.105,0.105,0.1,0.105,232369
TAR,20200224,0.013,0.013,0.012,0.012,97706
TAS,20200224,0.038,0.038,0.037,0.037,160000
TBR,20200224,5.3,5.65,5.3,5.58,137149
TCL,20200224,16.18,16.2,16.03,16.07,3129754
TCN,20200224,0.035,0.035,0.035,0.035,20670
TD1,20200224,0.035,0.036,0.031,0.031,14589283
TDI,20200224,1.68,1.68,1.665,1.665,36494
TDL,20200224,0.026,0.026,0.026,0.026,3740
TDO,20200224,0.082,0.085,0.082,0.085,112375
TDY,20200224,0.21,0.21,0.185,0.185,188978
TEG,20200224,0.045,0.045,0.041,0.041,2040964
TEK,20200224,0.27,0.27,0.27,0.27,37650
TER,20200224,0.26,0.26,0.245,0.26,229373
TFL,20200224,0.11,0.11,0.11,0.11,30753
TGA,20200224,0.185,0.195,0.17,0.195,216800
TGF,20200224,1.72,1.72,1.56,1.57,430767
TGG,20200224,1.36,1.36,1.35,1.35,322134
TGH,20200224,0.18,0.185,0.177,0.18,250644
TGM,20200224,0.245,0.25,0.23,0.25,166185
TGN,20200224,0.175,0.175,0.175,0.175,32538
TGP,20200224,1.1,1.12,1.075,1.075,74305
TGR,20200224,4.24,4.24,4.13,4.14,1098857
THC,20200224,0.365,0.365,0.35,0.35,331717
THR,20200224,0.006,0.006,0.006,0.006,307142
TIE,20200224,0.285,0.295,0.275,0.285,546177
TIN,20200224,0.08,0.08,0.08,0.08,2689
TKL,20200224,0.007,0.007,0.007,0.007,392752
TLG,20200224,0.42,0.42,0.385,0.39,468508
TLM,20200224,0.081,0.082,0.08,0.081,678504
TLS,20200224,3.72,3.74,3.69,3.71,25202934
TLT,20200224,3.33,3.33,3.28,3.28,1550
TLX,20200224,1.59,1.59,1.48,1.51,325876
TMG,20200224,0.06,0.06,0.06,0.06,9000
TMR,20200224,0.23,0.245,0.225,0.23,407764
TMT,20200224,0.12,0.12,0.12,0.12,51900
TMX,20200224,0.004,0.004,0.004,0.004,727425
TMZ,20200224,0.025,0.026,0.025,0.026,55630
TNE,20200224,7.95,8.13,7.89,8.04,1393473
TNG,20200224,0.082,0.082,0.082,0.082,234576
TNK,20200224,1.275,1.28,1.27,1.28,16620
TNR,20200224,0.008,0.008,0.008,0.008,520654
TNT,20200224,0.088,0.088,0.076,0.084,8459563
TNY,20200224,1.59,1.595,1.42,1.42,78260
TOE,20200224,0.007,0.007,0.006,0.007,14174983
TON,20200224,0.034,0.034,0.032,0.032,105348
TOP,20200224,0.645,0.645,0.64,0.645,136769
TOT,20200224,1.085,1.085,1.07,1.07,235472
TOU,20200224,0.07,0.07,0.069,0.069,87852
TPM,20200224,7.92,7.97,7.84,7.86,453445
TPW,20200224,3.85,3.85,3.64,3.7,326141
TRS,20200224,4.13,4.13,3.8,3.8,128753
TRT,20200224,0.02,0.02,0.019,0.019,102000
TRY,20200224,0.093,0.105,0.093,0.095,2461296
TSC,20200224,0.007,0.008,0.007,0.008,26540480
TSL,20200224,0.044,0.044,0.039,0.039,2573944
TSO,20200224,0.027,0.027,0.025,0.026,3929975
TTB,20200224,0.73,0.73,0.69,0.705,59361
TTM,20200224,0.115,0.115,0.11,0.115,209464
TWD,20200224,3.55,3.58,3.4,3.4,19112
TWE,20200224,11.62,11.81,11.56,11.63,3822914
TWR,20200224,0.7,0.7,0.675,0.675,10100
TYM,20200224,0.032,0.032,0.032,0.032,100000
TYR,20200224,4.28,4.31,4.06,4.09,1051646
TYX,20200224,0.003,0.003,0.003,0.003,500000
TZL,20200224,0.095,0.095,0.095,0.095,85333
UBA,20200224,23.5,23.5,23.18,23.21,10985
UBE,20200224,24.72,24.72,24.72,24.72,405
UBJ,20200224,26.61,26.61,26.17,26.17,50
UBN,20200224,0.056,0.056,0.054,0.056,1170246
UBP,20200224,29.44,29.53,29.43,29.43,1745
UBU,20200224,36.6,36.6,36.19,36.19,1269
UBW,20200224,32.8,32.8,32.02,32.09,1389
UCM,20200224,0.3,0.31,0.272,0.285,1486365
UCW,20200224,0.23,0.23,0.225,0.225,37507
UNL,20200224,0.041,0.041,0.041,0.041,64144
UNV,20200224,0.22,0.23,0.21,0.22,969958
UOS,20200224,0.8,0.8,0.78,0.78,57143
URF,20200224,0.43,0.43,0.42,0.42,202631
URW,20200224,10.01,10.03,9.8,9.8,920577
USD,20200224,14.73,14.74,14.7,14.73,74704
UUV,20200224,0.002,0.002,0.002,0.002,3785003
UWL,20200224,1.72,1.73,1.58,1.6,826146
VAE,20200224,71.8,71.8,69.39,70.25,10332
VAF,20200224,52.92,52.93,52.82,52.82,39146
VAH,20200224,0.13,0.13,0.125,0.13,274831
VAL,20200224,0.002,0.002,0.002,0.002,204030
VAN,20200224,0.11,0.115,0.1,0.1,320890
VAP,20200224,97.49,97.52,96.03,96.23,39982
VAR,20200224,0.026,0.026,0.025,0.025,263436
VAS,20200224,89.9,89.98,88.45,88.63,231986
VCF,20200224,51.61,51.61,51.32,51.5,12207
VCX,20200224,2.34,2.34,2.295,2.31,8063002
VEA,20200224,1.89,1.96,1.865,1.91,14918332
VEE,20200224,0.47,0.475,0.44,0.46,42088
VEN,20200224,0.13,0.13,0.13,0.13,248029
VEQ,20200224,63.02,63.02,61.53,61.88,5778
VEU,20200224,80,80,78.3,78.51,47870
VG1,20200224,2.3,2.31,2.29,2.29,414795
VG8,20200224,2.27,2.28,2.27,2.28,296144
VGB,20200224,54,54,53.86,53.88,26933
VGE,20200224,73.2,73.2,71.43,72.07,21898
VGI,20200224,12.31,12.31,12.15,12.15,28914
VGL,20200224,3.09,3.15,2.98,3.15,13717
VGS,20200224,87.29,87.29,86.31,86.43,96698
VHT,20200224,1.68,1.68,1.585,1.605,652573
VHY,20200224,62.75,62.75,61.59,61.8,67224
VIF,20200224,51.28,51.47,51.28,51.39,16529
VKA,20200224,0.009,0.009,0.009,0.009,427002
VLC,20200224,72.58,72.58,71.97,72.18,2881
VLS,20200224,0.65,0.65,0.65,0.65,2300
VLT,20200224,0.26,0.26,0.23,0.235,959727
VMC,20200224,0.23,0.23,0.23,0.23,4999
VML,20200224,0.01,0.011,0.01,0.01,2210414
VMS,20200224,0.014,0.014,0.014,0.014,417500
VMX,20200224,0.275,0.275,0.275,0.275,12549
VMY,20200224,0.043,0.043,0.041,0.041,292735
VN8,20200224,0.105,0.105,0.105,0.105,10000
VOC,20200224,3.67,3.67,3.53,3.57,2089901
VOL,20200224,1.595,1.595,1.58,1.58,6155
VOR,20200224,0.007,0.007,0.007,0.007,574990
VP7,20200224,0.03,0.03,0.03,0.03,110038
VR8,20200224,0.022,0.022,0.02,0.02,1000000
VRC,20200224,0.012,0.013,0.012,0.012,1909120
VRL,20200224,3.84,3.85,3.73,3.8,535774
VRS,20200224,0.064,0.065,0.064,0.064,720956
VRT,20200224,4.67,4.79,4.6,4.6,281945
VRX,20200224,0.1,0.1,0.09,0.092,1583483
VSO,20200224,62.25,62.25,61.18,61.5,11441
VTG,20200224,1.535,1.63,1.5,1.54,1186123
VTH,20200224,0.74,0.77,0.74,0.74,151793
VTI,20200224,0.038,0.039,0.035,0.039,1610188
VTS,20200224,256.4,256.4,253.22,253.79,35205
VUK,20200224,3.57,3.57,3.42,3.44,2820054
VUL,20200224,0.365,0.38,0.295,0.295,2486054
VVA,20200224,2.78,2.78,2.7,2.7,73619
VVR,20200224,2.73,2.79,2.71,2.77,7981954
VXR,20200224,0.115,0.12,0.105,0.11,250819
VYS,20200224,0.065,0.065,0.062,0.064,327000
WAA,20200224,1.105,1.105,1.075,1.075,327085
WAF,20200224,0.605,0.635,0.605,0.61,7286615
WAM,20200224,2.36,2.36,2.33,2.33,919887
WAT,20200224,2.3,2.35,2.3,2.35,8000
WAX,20200224,1.57,1.57,1.515,1.515,329918
WBC,20200224,25.65,25.69,25.22,25.5,10185952
WBE,20200224,0.009,0.009,0.008,0.008,19803134
WBT,20200224,0.44,0.45,0.435,0.44,322812
WCN,20200224,0.004,0.004,0.004,0.004,3041277
WEB,20200224,13.15,13.15,12.32,12.39,1556845
WEC,20200224,0.073,0.074,0.073,0.074,36822
WEL,20200224,0.039,0.039,0.035,0.036,208073
WES,20200224,44.32,44.545,44.03,44.13,3198830
WGB,20200224,2.32,2.32,2.26,2.27,723157
WGN,20200224,1.84,1.855,1.74,1.78,355024
WGO,20200224,0.185,0.185,0.17,0.175,1335070
WGX,20200224,2.38,2.56,2.38,2.51,2795676
WHC,20200224,2.21,2.21,2.1,2.11,13550433
WHF,20200224,5.4,5.46,5.39,5.39,20590
WHK,20200224,0.069,0.069,0.063,0.063,1686094
WIC,20200224,1.075,1.075,1.05,1.05,42406
WKT,20200224,0.17,0.17,0.135,0.145,1417154
WLD,20200224,0.072,0.072,0.067,0.069,353506
WLE,20200224,1.29,1.29,1.26,1.26,1294404
WMI,20200224,1.56,1.565,1.535,1.54,148653
WNB,20200224,0.004,0.004,0.003,0.003,34128079
WND,20200224,0.945,0.945,0.92,0.92,153965
WNR,20200224,0.255,0.265,0.255,0.265,47272
WOA,20200224,0.125,0.125,0.12,0.12,120000
WOR,20200224,13.99,14.355,13.55,13.85,3702990
WOW,20200224,42.71,42.97,42.51,42.65,1680215
WPL,20200224,31.72,31.73,30.945,31.08,4371310
WPP,20200224,0.585,0.635,0.585,0.62,1201287
WQG,20200224,1.305,1.305,1.28,1.295,178020
WRM,20200224,0.004,0.005,0.004,0.004,1510000
WSA,20200224,2.65,2.65,2.52,2.57,3486945
WSI,20200224,0.02,0.02,0.02,0.02,1847800
WSP,20200224,1.58,1.61,1.53,1.545,71719
WTC,20200224,19,19.18,18.41,18.83,1580196
WWI,20200224,0.012,0.012,0.011,0.012,1241899
WZR,20200224,0.255,0.255,0.23,0.24,12191215
XAM,20200224,0.034,0.035,0.034,0.034,350366
XCD,20200224,0.009,0.009,0.009,0.009,1838576
XF1,20200224,0.255,0.26,0.235,0.25,242630
XPE,20200224,0.001,0.001,0.001,0.001,400000
XPL,20200224,0.093,0.093,0.09,0.09,86689
XRF,20200224,0.26,0.26,0.245,0.245,889067
XRO,20200224,86.5,86.605,83.39,83.5,499111
XST,20200224,0.003,0.003,0.003,0.003,7263608
XTD,20200224,0.036,0.036,0.035,0.035,155021
XTE,20200224,0.68,0.72,0.66,0.66,63073
YAL,20200224,2.87,2.88,2.68,2.69,65678
YBR,20200224,0.089,0.089,0.089,0.089,7295
YOJ,20200224,0.045,0.045,0.041,0.041,2254179
YOW,20200224,0.056,0.056,0.055,0.055,67431
YPB,20200224,0.003,0.003,0.003,0.003,9140274
YRL,20200224,0.22,0.22,0.215,0.215,90000
Z1P,20200224,3.61,3.61,3.45,3.55,4221223
ZEL,20200224,4.35,4.43,4.33,4.43,208179
ZEN,20200224,0.76,0.76,0.73,0.74,667382
ZER,20200224,0.265,0.265,0.265,0.265,1500
ZIM,20200224,12.74,12.74,12.66,12.66,1091
ZLD,20200224,0.053,0.054,0.05,0.05,2558679
ZNC,20200224,0.055,0.055,0.053,0.053,100000
ZNO,20200224,1.71,1.815,1.635,1.695,4834851
XAF,20200224,7040.8,7040.8,6874.8,6892,0
XAO,20200224,7230.4,7230.4,7058.3,7065.4,0
XAT,20200224,7080.7,7080.7,6909.3,6919.7,0
XDJ,20200224,2873.2,2873.2,2761.4,2768.9,0
XEC,20200224,1603.3,1603.3,1539,1543.2,0
XEJ,20200224,10876.2,10876.2,10419.5,10446.8,0
XFJ,20200224,6494.3,6494.3,6348.9,6381.8,0
XFL,20200224,7096.4,7096.4,6931.6,6950.1,0
XGD,20200224,7391.5,7749.7,7391.5,7700.2,0
XHJ,20200224,47922,47922,46480.7,46504.1,0
XIJ,20200224,1495,1495,1436.5,1436.5,0
XJO,20200224,7139,7139,6967.9,6978.3,0
XJR,20200224,4851.5,4851.5,4735.9,4746.8,0
XKO,20200224,7092.4,7092.4,6923,6933.1,0
XMD,20200224,7616.9,7616.9,7365.1,7365.1,0
XMJ,20200224,13875,13875,13617.6,13654.6,0
XMM,20200224,4506.4,4506.4,4429.8,4441.6,0
XNJ,20200224,7229,7229,6990.7,7008,0
XPJ,20200224,1718.2,1718.2,1689.8,1692,0
XSJ,20200224,13474,13474,13169,13169,0
XSO,20200224,3068.7,3068.7,2997.8,2997.8,0
XTJ,20200224,1341.8,1342.4,1319.6,1323,0
XTL,20200224,3985.2,3985.2,3894.7,3906,0
XTO,20200224,5917.8,5917.8,5775.2,5785.3,0
XUJ,20200224,8377.1,8377.1,8204,8223.4,0
XXJ,20200224,7243.3,7243.3,7081.2,7117.8,0
