360,20200326,1.675,1.785,1.65,1.7,221066
14D,20200326,0.094,0.105,0.093,0.105,168977
1ST,20200326,0.021,0.022,0.02,0.021,3222565
2BE,20200326,0.072,0.072,0.072,0.072,1377
3DA,20200326,0.08,0.09,0.08,0.089,342242
3DP,20200326,0.019,0.021,0.019,0.02,3742011
3PL,20200326,0.75,0.755,0.745,0.75,159834
4DS,20200326,0.03,0.032,0.029,0.029,491493
5GN,20200326,0.61,0.625,0.58,0.625,386209
88E,20200326,0.016,0.017,0.016,0.016,7048930
8CO,20200326,0.047,0.047,0.047,0.047,6000
8VI,20200326,0.26,0.26,0.255,0.255,3000
9SP,20200326,0.012,0.012,0.012,0.012,462336
A1G,20200326,0.039,0.039,0.038,0.038,100000
A2B,20200326,0.66,0.675,0.65,0.66,477787
A2M,20200326,16,16.49,15.72,16,4336588
A3D,20200326,0.074,0.075,0.065,0.072,448309
A4N,20200326,0.099,0.105,0.097,0.097,614709
AAA,20200326,50.1,50.11,50.1,50.1,169062
AAC,20200326,1.09,1.105,1.06,1.09,687785
AAJ,20200326,0.002,0.002,0.002,0.002,2200000
AAR,20200326,0.088,0.09,0.085,0.09,645928
ABA,20200326,3.75,4.1,3.75,3.84,42501
ABC,20200326,2.06,2.15,2,2.11,2341919
ABP,20200326,2.46,2.57,2.37,2.52,1360777
ABR,20200326,0.15,0.17,0.15,0.17,1806586
ABX,20200326,0.085,0.088,0.085,0.088,65000
AC8,20200326,0.155,0.16,0.15,0.155,754057
ACF,20200326,0.18,0.205,0.17,0.2,320695
ACQ,20200326,0.865,0.87,0.82,0.84,58609
ACR,20200326,0.11,0.11,0.11,0.11,27600
ACU,20200326,0.05,0.051,0.05,0.051,248822
ACW,20200326,0.016,0.018,0.016,0.017,2616066
AD8,20200326,3.35,3.65,3.35,3.6,427446
ADA,20200326,0.34,0.395,0.34,0.355,46832
ADD,20200326,0.017,0.017,0.017,0.017,166473
ADH,20200326,0.65,0.89,0.635,0.79,3286485
ADI,20200326,1.95,2.12,1.91,2.05,399618
ADJ,20200326,0.011,0.011,0.008,0.01,6243200
ADN,20200326,0.027,0.027,0.025,0.027,5841093
ADO,20200326,0.014,0.015,0.014,0.015,2046147
ADR,20200326,0.017,0.017,0.014,0.015,681294
ADT,20200326,0.98,1,0.93,0.935,269907
ADY,20200326,0.004,0.004,0.004,0.004,10000
AEE,20200326,0.003,0.003,0.003,0.003,29544575
AEF,20200326,2.62,2.98,2.62,2.98,237707
AEG,20200326,1,1.02,0.99,1.005,118510
AEI,20200326,0.47,0.475,0.445,0.47,314160
AEV,20200326,0.005,0.006,0.005,0.006,453851
AFG,20200326,1.1,1.375,1.1,1.32,1338810
AFI,20200326,5.23,5.46,5.19,5.34,1015253
AFR,20200326,0.013,0.013,0.013,0.013,1772
AGD,20200326,0.165,0.165,0.16,0.16,13160
AGG,20200326,6.4,6.8,6.4,6.8,21257
AGH,20200326,0.19,0.21,0.18,0.205,665090
AGI,20200326,0.36,0.38,0.33,0.365,303245
AGL,20200326,15.79,16.49,15.6,16.07,4860892
AGR,20200326,0.067,0.07,0.067,0.07,154000
AGS,20200326,0.09,0.09,0.09,0.09,10000
AGY,20200326,0.033,0.034,0.03,0.03,1280917
AHF,20200326,0.069,0.075,0.068,0.073,402004
AHL,20200326,0.003,0.003,0.003,0.003,544877
AHQ,20200326,0.06,0.065,0.057,0.06,888037
AHX,20200326,0.4,0.4,0.4,0.4,10266
AHY,20200326,0.975,0.98,0.94,0.96,839026
AHZ,20200326,3.41,4.5,3.41,3.73,11509
AIA,20200326,5.94,5.99,5.72,5.84,742488
AIS,20200326,0.043,0.043,0.043,0.043,22495
AIZ,20200326,0.89,0.9,0.87,0.89,2446414
AJL,20200326,0.045,0.045,0.04,0.04,74687
AJM,20200326,0.031,0.035,0.03,0.035,3978207
AJQ,20200326,0.03,0.039,0.029,0.039,1108561
AJX,20200326,0.042,0.042,0.034,0.034,332025
AKM,20200326,0.075,0.075,0.068,0.068,28600
AKP,20200326,10.02,10.5,10.01,10.49,5703
ALC,20200326,0.11,0.125,0.11,0.125,1614931
ALF,20200326,0.84,0.855,0.835,0.855,406129
ALG,20200326,0.125,0.16,0.12,0.15,7759615
ALI,20200326,1.795,1.88,1.785,1.835,305933
ALK,20200326,0.635,0.665,0.625,0.64,5293287
ALL,20200326,20.52,21.66,19.81,20.45,4762129
ALQ,20200326,4.97,5.16,4.8,5.11,2583490
ALU,20200326,25.64,27.48,25.29,26.99,1077163
ALX,20200326,5.2,5.32,4.92,5.27,5161080
ALY,20200326,0.012,0.012,0.01,0.01,608000
AMA,20200326,0.19,0.24,0.19,0.22,6239166
AMC,20200326,12.84,13.03,12.6,12.64,4135996
AMD,20200326,0.004,0.004,0.004,0.004,537499
AME,20200326,0.061,0.061,0.058,0.058,192000
AMG,20200326,0.04,0.041,0.035,0.041,2479426
AMH,20200326,0.77,0.8,0.76,0.8,112933
AMI,20200326,0.25,0.25,0.227,0.24,9869781
AML,20200326,0.069,0.07,0.061,0.069,628532
AMN,20200326,0.2,0.2,0.19,0.195,77613
AMP,20200326,1.145,1.25,1.11,1.235,31943417
AMS,20200326,0.345,0.41,0.335,0.41,559635
AMT,20200326,0.155,0.155,0.155,0.155,10000
AMX,20200326,1.015,1.215,1,1.05,223378
ANA,20200326,0.005,0.005,0.005,0.005,170700
ANG,20200326,0.115,0.115,0.115,0.115,460000
ANL,20200326,0.001,0.001,0.001,0.001,4230000
ANN,20200326,24.12,25.15,23.58,23.92,683382
ANP,20200326,0.038,0.043,0.038,0.042,1567823
ANR,20200326,0.15,0.17,0.15,0.17,103706
ANW,20200326,0.001,0.002,0.001,0.002,41351321
ANZ,20200326,16.96,16.99,16.14,16.7,12373719
AOF,20200326,1.74,1.895,1.74,1.89,271678
AON,20200326,0.012,0.012,0.012,0.012,215118
AOP,20200326,0.165,0.165,0.165,0.165,61000
APA,20200326,9.67,9.81,9.5,9.73,3802580
APC,20200326,0.067,0.07,0.067,0.067,218504
APD,20200326,0.435,0.465,0.432,0.455,74771
APE,20200326,3,3.19,2.86,3.01,2024631
API,20200326,1.25,1.252,1.205,1.22,4171691
APL,20200326,0.875,0.89,0.87,0.87,1391477
APT,20200326,15.49,20.13,14.95,19.41,14408454
APV,20200326,0.115,0.115,0.1,0.105,288851
APX,20200326,19.25,20.85,18.53,20.3,1624455
APZ,20200326,0.885,0.885,0.885,0.885,4
AQG,20200326,5.7,5.89,5.66,5.72,2721540
AQI,20200326,0.04,0.045,0.04,0.045,521854
AQR,20200326,2.86,2.9,2.78,2.89,473628
AQX,20200326,0.014,0.014,0.013,0.014,1908536
AQZ,20200326,1.185,1.44,1.185,1.32,344066
ARA,20200326,0.48,0.48,0.48,0.48,40000
ARB,20200326,11.25,12.71,10.98,12.64,752212
ARD,20200326,0.013,0.013,0.011,0.011,596045
ARE,20200326,0.003,0.003,0.003,0.003,200000
ARF,20200326,1.665,1.725,1.615,1.705,250995
ARG,20200326,6.06,6.54,6.06,6.3,525210
ARL,20200326,0.195,0.22,0.19,0.205,216356
ARN,20200326,0.087,0.087,0.084,0.084,104760
ARQ,20200326,0.07,0.079,0.067,0.067,510438
ARS,20200326,0.016,0.018,0.016,0.017,1540062
ARU,20200326,0.051,0.052,0.05,0.051,1337279
ARV,20200326,0.022,0.023,0.021,0.023,1087019
ASB,20200326,2.73,2.91,2.69,2.85,2814239
ASG,20200326,0.755,0.755,0.565,0.665,13844
ASH,20200326,0.21,0.21,0.21,0.21,60416
ASN,20200326,0.016,0.017,0.015,0.017,1401590
AST,20200326,1.705,1.76,1.675,1.685,16171599
ASX,20200326,74.14,75,71.3,71.3,1012698
ATC,20200326,0.033,0.045,0.033,0.042,2816671
ATH,20200326,0.016,0.017,0.015,0.017,132150
ATL,20200326,0.082,0.088,0.081,0.086,213502
ATP,20200326,0.007,0.008,0.006,0.006,300426
ATS,20200326,0.01,0.013,0.01,0.012,29884342
ATU,20200326,0.125,0.18,0.125,0.175,79851210
ATX,20200326,0.055,0.057,0.055,0.056,126275
AU8,20200326,0.039,0.045,0.039,0.039,833752
AUB,20200326,10.77,11.17,10.62,10.62,271315
AUC,20200326,0.011,0.011,0.011,0.011,363627
AUH,20200326,0.002,0.002,0.002,0.002,1000000
AUI,20200326,7.15,7.25,7.1,7.25,57151
AUQ,20200326,0.016,0.016,0.016,0.016,200000
AUR,20200326,0.012,0.012,0.011,0.011,862175
AUT,20200326,0.018,0.02,0.018,0.019,2389916
AUZ,20200326,0.007,0.009,0.006,0.008,13364021
AV1,20200326,0.075,0.081,0.075,0.077,624054
AVA,20200326,0.1,0.1,0.09,0.1,1036373
AVE,20200326,0.003,0.003,0.002,0.002,1359961
AVG,20200326,0.35,0.35,0.34,0.34,85581
AVH,20200326,0.43,0.5,0.425,0.48,29900871
AVJ,20200326,0.38,0.45,0.36,0.39,202104
AVL,20200326,0.008,0.008,0.007,0.008,2499202
AVN,20200326,1.585,1.74,1.555,1.585,1825822
AVW,20200326,0.002,0.002,0.002,0.002,250000
AVZ,20200326,0.05,0.051,0.048,0.051,8244689
AWC,20200326,1.445,1.595,1.435,1.525,21290737
AWV,20200326,0.009,0.009,0.008,0.008,1460000
AX1,20200326,0.61,0.685,0.605,0.615,6573381
AXE,20200326,0.165,0.165,0.15,0.15,93783
AYR,20200326,0.001,0.001,0.001,0.001,850000
AYS,20200326,0.265,0.27,0.26,0.27,385065
AZI,20200326,0.004,0.004,0.004,0.004,200000
AZJ,20200326,4.3,4.55,4.23,4.23,20385330
AZS,20200326,0.051,0.055,0.051,0.051,343573
AZV,20200326,0.063,0.068,0.063,0.068,106273
AZY,20200326,0.013,0.013,0.012,0.013,5943452
BAF,20200326,0.63,0.675,0.615,0.67,131869
BAP,20200326,3.22,3.92,3.2,3.85,4459560
BAR,20200326,0.014,0.014,0.012,0.013,578137
BAS,20200326,0.001,0.001,0.001,0.001,1600000
BBN,20200326,1.73,1.8,1.665,1.7,1039871
BBX,20200326,0.11,0.11,0.09,0.09,122222
BC8,20200326,0.25,0.28,0.25,0.28,75986
BCB,20200326,0.028,0.03,0.028,0.03,945845
BCC,20200326,0.17,0.17,0.15,0.15,20512
BCI,20200326,0.11,0.11,0.105,0.105,1078146
BCN,20200326,0.028,0.028,0.026,0.026,1653156
BCT,20200326,0.058,0.058,0.054,0.054,338526
BD1,20200326,0.021,0.022,0.021,0.021,769809
BDA,20200326,0.14,0.14,0.13,0.135,51799
BDC,20200326,0.051,0.051,0.048,0.049,2760029
BEM,20200326,0.025,0.025,0.025,0.025,25758
BEN,20200326,5.85,6.26,5.76,6.15,5593643
BET,20200326,0.089,0.107,0.089,0.1,16772507
BFC,20200326,0.073,0.08,0.07,0.07,688956
BFG,20200326,0.65,0.76,0.65,0.75,460200
BGA,20200326,4.33,4.46,4.19,4.26,1406289
BGL,20200326,0.43,0.44,0.39,0.41,4421278
BGT,20200326,0.13,0.14,0.13,0.14,97040
BHP,20200326,31.49,31.72,30.47,30.67,13923124
BID,20200326,0.5,0.58,0.5,0.53,251258
BIN,20200326,1.89,1.975,1.82,1.875,6401583
BIS,20200326,0.72,0.72,0.72,0.72,15000
BIT,20200326,0.081,0.081,0.075,0.078,3362201
BKI,20200326,1.14,1.17,1.14,1.16,560492
BKL,20200326,66.7,68,65.34,66,102520
BKT,20200326,0.03,0.03,0.028,0.03,488555
BKW,20200326,15,16.46,14.51,15.05,368565
BKY,20200326,0.13,0.14,0.13,0.14,286511
BLD,20200326,1.875,2.2,1.845,2.12,14961119
BLG,20200326,0.027,0.029,0.027,0.029,110000
BLK,20200326,0.01,0.01,0.009,0.01,9827517
BLT,20200326,0.023,0.029,0.023,0.027,737142
BLU,20200326,0.021,0.021,0.019,0.019,3025567
BLX,20200326,0.47,0.507,0.435,0.495,159832
BLY,20200326,0.485,0.485,0.485,0.485,10847
BMN,20200326,0.022,0.022,0.019,0.019,660911
BNL,20200326,0.004,0.004,0.004,0.004,2582048
BNO,20200326,0.035,0.035,0.03,0.032,782160
BOC,20200326,0.17,0.17,0.16,0.16,26000
BOE,20200326,0.034,0.035,0.032,0.033,2339993
BOL,20200326,0.094,0.094,0.093,0.093,50000
BOQ,20200326,4.92,5.09,4.8,4.94,4685266
BOT,20200326,0.027,0.03,0.025,0.026,19503981
BPL,20200326,0.011,0.012,0.011,0.012,136088
BPP,20200326,0.016,0.016,0.016,0.016,30375
BPT,20200326,1.095,1.13,1.045,1.1,13889578
BRB,20200326,0.14,0.15,0.13,0.14,281116
BRG,20200326,13.5,15.22,13.31,14.85,1208050
BRK,20200326,0.003,0.003,0.003,0.003,39692
BRL,20200326,0.05,0.05,0.047,0.047,3711023
BRN,20200326,0.042,0.044,0.04,0.042,5215032
BRU,20200326,0.078,0.078,0.075,0.075,164663
BRV,20200326,0.017,0.018,0.016,0.018,2380512
BSA,20200326,0.25,0.28,0.242,0.25,314004
BSE,20200326,0.13,0.14,0.13,0.135,202442
BSL,20200326,9.3,9.35,8.65,8.91,3046964
BSR,20200326,0.012,0.012,0.011,0.011,2278314
BSX,20200326,0.09,0.092,0.09,0.091,300325
BTH,20200326,0.46,0.515,0.46,0.48,3175668
BTI,20200326,0.58,0.6,0.55,0.55,250815
BUB,20200326,0.535,0.56,0.53,0.55,4319111
BUD,20200326,0.009,0.009,0.009,0.009,664666
BUY,20200326,0.005,0.005,0.005,0.005,1068500
BVS,20200326,3.62,3.81,3.59,3.76,1352387
BWF,20200326,0.35,0.35,0.3,0.3,11814
BWP,20200326,3.32,3.48,3.25,3.42,1886066
BWR,20200326,0.95,1,0.95,1,108131
BWX,20200326,2.67,2.84,2.61,2.8,332745
BXB,20200326,10.65,10.92,10.1,10.25,8607407
BYE,20200326,0.125,0.125,0.12,0.12,1249348
BYH,20200326,0.024,0.024,0.02,0.02,206465
C6C,20200326,0.42,0.45,0.42,0.45,17691
CAA,20200326,0.095,0.095,0.09,0.091,356841
CAD,20200326,0.001,0.001,0.001,0.001,495000
CAF,20200326,0.08,0.08,0.08,0.08,2894
CAG,20200326,0.32,0.32,0.31,0.31,90905
CAI,20200326,0.21,0.21,0.205,0.205,134869
CAJ,20200326,0.17,0.19,0.17,0.17,4921889
CAM,20200326,0.69,0.76,0.69,0.76,56710
CAN,20200326,0.64,0.68,0.63,0.66,401018
CAP,20200326,0.013,0.013,0.013,0.013,200000
CAR,20200326,11.4,12.5,11.24,12.23,1349965
CAT,20200326,0.55,0.692,0.55,0.64,1616471
CAU,20200326,0.075,0.09,0.075,0.086,423018
CAY,20200326,0.06,0.063,0.058,0.06,1409723
CAZ,20200326,0.019,0.019,0.019,0.019,383343
CBA,20200326,62.9,63.21,60.06,61.8,5841282
CBE,20200326,0.099,0.099,0.085,0.085,470117
CBR,20200326,1.045,1.2,1.01,1.12,863594
CBY,20200326,0.091,0.091,0.09,0.09,120104
CCA,20200326,0.06,0.065,0.06,0.06,530995
CCE,20200326,0.001,0.001,0.001,0.001,3600000
CCG,20200326,0.034,0.034,0.034,0.034,20000
CCL,20200326,8.59,8.86,8.38,8.45,3150338
CCP,20200326,10.4,11.98,10,11.79,1283419
CCV,20200326,0.125,0.15,0.125,0.135,496664
CCX,20200326,1.03,1.125,1,1.08,881512
CCZ,20200326,0.012,0.014,0.009,0.009,3858642
CD2,20200326,0.85,0.85,0.85,0.85,13330
CDA,20200326,4.9,5.14,4.7,5.14,572026
CDD,20200326,0.235,0.245,0.23,0.245,574433
CDM,20200326,0.46,0.475,0.455,0.465,456852
CDP,20200326,2.92,3,2.9,2.9,47348
CDT,20200326,0.005,0.005,0.005,0.005,500000
CDV,20200326,0.325,0.36,0.32,0.36,818624
CDX,20200326,0.016,0.017,0.015,0.017,985187
CE1,20200326,0.004,0.004,0.003,0.004,3520032
CEL,20200326,0.084,0.091,0.08,0.089,2167544
CEN,20200326,5,5,5,5,4900
CFE,20200326,0.002,0.002,0.001,0.001,3001560
CFO,20200326,0.03,0.03,0.03,0.03,10000
CG1,20200326,0.14,0.15,0.135,0.15,627047
CGA,20200326,0.28,0.285,0.28,0.285,30984
CGB,20200326,0.007,0.007,0.007,0.007,2809088
CGC,20200326,2.8,2.89,2.74,2.8,5609734
CGF,20200326,3.91,4.13,3.77,3.92,5145896
CGL,20200326,1.8,2.34,1.785,2.04,740735
CGR,20200326,0.4,0.405,0.4,0.405,14849
CGS,20200326,0.3,0.32,0.3,0.3,130751
CHC,20200326,7,7,6.1,6.35,3919333
CHK,20200326,0.004,0.004,0.004,0.004,1007602
CHN,20200326,0.41,0.545,0.41,0.5,4434780
CI1,20200326,0.029,0.03,0.029,0.03,1044583
CIA,20200326,1.7,1.72,1.645,1.695,472946
CIE,20200326,0.545,0.55,0.53,0.55,84493
CIM,20200326,22.78,24.67,22.1,24.1,1664210
CIN,20200326,19.6,20.03,19.6,20,5400
CIO,20200326,0.002,0.002,0.002,0.002,464041
CIP,20200326,2.45,2.89,2.45,2.8,1252880
CIW,20200326,0.4,0.4,0.39,0.4,29639
CKA,20200326,0.028,0.029,0.028,0.029,100000
CKF,20200326,5.28,5.76,5.27,5.52,1083418
CL1,20200326,1,1.132,0.965,1.07,281157
CL8,20200326,0.007,0.01,0.007,0.01,1061998
CLA,20200326,0.009,0.009,0.009,0.009,1017200
CLF,20200326,0.935,0.935,0.93,0.93,6198
CLQ,20200326,0.12,0.125,0.115,0.115,509021
CLV,20200326,1.4,1.65,1.365,1.625,1002717
CLW,20200326,3.94,4.23,3.83,4.14,2949022
CLX,20200326,0.525,0.525,0.525,0.525,1502
CM8,20200326,0.013,0.014,0.013,0.014,435508
CMM,20200326,1.03,1.03,0.985,1.02,408443
CMP,20200326,0.295,0.33,0.28,0.31,222953
CMW,20200326,0.88,0.88,0.837,0.865,8204967
CNI,20200326,1.485,1.755,1.455,1.675,2965971
CNJ,20200326,0.005,0.007,0.005,0.007,1048705
CNU,20200326,6.25,6.89,6.11,6.6,824591
CNW,20200326,0.016,0.016,0.016,0.016,39394
COB,20200326,0.078,0.085,0.077,0.085,105000
COE,20200326,0.415,0.44,0.405,0.42,5954144
COF,20200326,1.55,1.625,1.502,1.58,3859031
COG,20200326,0.039,0.042,0.039,0.04,1269961
COH,20200326,172.5,185.49,163.48,182.17,737353
COI,20200326,0.056,0.056,0.054,0.055,529251
COL,20200326,16.94,16.94,16.3,16.55,6721667
COO,20200326,0.04,0.04,0.04,0.04,37588
COS,20200326,0.255,0.255,0.255,0.255,12000
CP1,20200326,0.071,0.086,0.071,0.086,16640
CPH,20200326,0.054,0.061,0.054,0.06,1979937
CPT,20200326,0.022,0.022,0.021,0.021,27364
CPU,20200326,9.39,9.75,9.02,9.22,3830581
CPV,20200326,0.055,0.055,0.05,0.05,431537
CQE,20200326,1.59,1.645,1.55,1.59,2265369
CQR,20200326,3.55,3.61,3.39,3.47,1727482
CRL,20200326,0.01,0.01,0.008,0.008,582733
CRN,20200326,1.1,1.175,1.1,1.12,1293159
CRO,20200326,0.002,0.002,0.002,0.002,851811
CRS,20200326,0.12,0.12,0.12,0.12,30000
CSL,20200326,292.91,301.99,289.59,301.99,1853038
CSR,20200326,3.05,3.31,3.035,3.24,2366102
CSS,20200326,0.46,0.48,0.44,0.45,139292
CST,20200326,0.088,0.095,0.084,0.084,193474
CT1,20200326,0.016,0.017,0.016,0.017,693424
CTD,20200326,8,8.3,7.86,8.3,822010
CTM,20200326,0.007,0.007,0.006,0.007,26440933
CTO,20200326,0.003,0.003,0.003,0.003,800999
CTP,20200326,0.074,0.08,0.071,0.078,1328935
CTX,20200326,21.75,23.46,21.5,22.62,1935195
CUE,20200326,0.078,0.078,0.078,0.078,17810
CUL,20200326,0.008,0.008,0.008,0.008,57363
CUP,20200326,0.8,0.8,0.78,0.8,130599
CUV,20200326,18.78,18.96,17.26,18.1,254673
CV1,20200326,0.056,0.065,0.056,0.065,412500
CVC,20200326,1.06,1.065,1.06,1.065,41
CVF,20200326,0.7,0.7,0.69,0.7,22777
CVL,20200326,0.39,0.425,0.38,0.425,15550
CVN,20200326,0.135,0.15,0.135,0.145,4880093
CVW,20200326,0.22,0.245,0.22,0.245,115000
CWN,20200326,6.9,8,6.81,7.41,4808153
CWP,20200326,3.45,3.88,3.45,3.8,637745
CWX,20200326,0.175,0.185,0.15,0.17,457580
CWY,20200326,1.665,1.74,1.645,1.66,8572508
CXL,20200326,0.595,0.74,0.595,0.74,43684
CXO,20200326,0.016,0.021,0.016,0.02,2962157
CXX,20200326,0.031,0.031,0.03,0.03,28000
CXZ,20200326,0.011,0.011,0.011,0.011,956218
CY5,20200326,0.038,0.041,0.038,0.041,98394
CYC,20200326,0.94,0.94,0.825,0.825,12513
CYG,20200326,0.5,0.5,0.49,0.5,58050
CYL,20200326,2.16,2.16,2,2.11,5313
CYM,20200326,0.1,0.1,0.091,0.091,134703
CYP,20200326,0.7,0.795,0.7,0.775,131055
CZI,20200326,0.07,0.07,0.069,0.07,1384411
CZL,20200326,0.004,0.004,0.003,0.003,10338950
CZN,20200326,0.002,0.002,0.002,0.002,5250000
CZR,20200326,0.006,0.007,0.006,0.007,1299555
D2O,20200326,1.13,1.13,1.08,1.08,189985
DAU,20200326,0.02,0.02,0.02,0.02,30000
DBF,20200326,1.04,1.05,1.04,1.05,9000
DCC,20200326,0.015,0.016,0.015,0.015,854873
DCX,20200326,0.003,0.004,0.003,0.003,860062
DDR,20200326,4.86,5.3,4.8,5.27,217687
DDT,20200326,0.004,0.004,0.004,0.004,1455200
DEG,20200326,0.25,0.26,0.22,0.225,13376234
DEM,20200326,0.13,0.15,0.13,0.145,378459
DEV,20200326,0.035,0.035,0.035,0.035,166804
DGO,20200326,1.79,1.79,1.79,1.79,400
DGR,20200326,0.048,0.055,0.048,0.055,280397
DHG,20200326,1.79,1.945,1.78,1.93,4058344
DHR,20200326,0.002,0.002,0.002,0.002,476666
DIV,20200326,17.21,18.24,17.21,18.19,25468
DJW,20200326,2.34,2.34,2.3,2.34,141635
DKM,20200326,0.12,0.12,0.12,0.12,20000
DLC,20200326,0.005,0.005,0.005,0.005,250000
DMP,20200326,50.5,52.88,48.93,50.24,563572
DNA,20200326,0.032,0.036,0.032,0.036,430846
DNK,20200326,0.33,0.355,0.325,0.325,416043
DOW,20200326,2.85,3.095,2.68,3.01,7165045
DRO,20200326,0.1,0.105,0.1,0.1,560786
DRX,20200326,0.008,0.008,0.008,0.008,363000
DSE,20200326,0.039,0.041,0.036,0.038,2740241
DTC,20200326,0.53,0.6,0.53,0.6,164854
DTL,20200326,3.1,3.32,3.1,3.23,1125649
DTS,20200326,0.096,0.1,0.096,0.099,308090
DTZ,20200326,0.04,0.044,0.04,0.044,939126
DUB,20200326,0.75,0.875,0.74,0.775,1548361
DUI,20200326,3.62,3.76,3.61,3.64,181007
DVL,20200326,0.01,0.01,0.01,0.01,900000
DVN,20200326,0.09,0.095,0.09,0.095,72772
DW8,20200326,0.005,0.006,0.005,0.006,5531150
DWS,20200326,0.65,0.655,0.605,0.62,127795
DXB,20200326,0.12,0.125,0.115,0.115,474290
DXN,20200326,0.017,0.017,0.016,0.017,486573
DXS,20200326,10,10,9.22,9.22,7613121
DYL,20200326,0.15,0.16,0.125,0.125,209765
E25,20200326,0.11,0.11,0.11,0.11,10000
EAF,20200326,1.22,1.22,1.22,1.22,189648
EAI,20200326,0.895,0.92,0.895,0.92,384771
EBO,20200326,21.11,22.05,21.1,21.1,697
ECF,20200326,0.93,0.95,0.92,0.925,525864
ECS,20200326,0.021,0.023,0.019,0.019,1222443
ECT,20200326,0.001,0.001,0.001,0.001,2016000
ECX,20200326,0.5,0.53,0.48,0.49,5413836
ED1,20200326,0.58,0.6,0.58,0.585,32285
EDC,20200326,0.93,0.93,0.93,0.93,5000
EDE,20200326,0.023,0.026,0.022,0.025,1768994
EEG,20200326,0.17,0.19,0.17,0.18,376366
EEU,20200326,17.67,17.7,17.67,17.7,2026
EGD,20200326,2.26,2.26,2.22,2.26,211216
EGF,20200326,1.53,1.56,1.53,1.53,163309
EGG,20200326,0.867,0.877,0.83,0.83,89845
EGI,20200326,0.775,0.8,0.775,0.8,82181
EGN,20200326,0.4,0.4,0.385,0.385,20329
EGR,20200326,0.051,0.051,0.048,0.048,233525
EHE,20200326,1.185,1.28,1.145,1.28,1225699
EHH,20200326,0.145,0.155,0.145,0.15,940076
EHL,20200326,0.88,0.88,0.735,0.805,2441603
EHX,20200326,0.086,0.086,0.085,0.085,65000
ELD,20200326,7.39,7.69,7.31,7.48,1289651
ELO,20200326,4.1,4.1,3.92,4.07,133824
ELS,20200326,0.25,0.25,0.23,0.24,15729
ELT,20200326,0.002,0.002,0.001,0.001,750000
ELX,20200326,0.55,0.57,0.54,0.54,173230
EM1,20200326,0.006,0.006,0.006,0.006,140789
EM2,20200326,0.08,0.08,0.08,0.08,6250
EMD,20200326,0.05,0.05,0.045,0.05,120122
EMH,20200326,0.185,0.245,0.185,0.245,64996
EML,20200326,1.5,1.955,1.46,1.92,8355006
EMN,20200326,0.13,0.13,0.125,0.125,78668
EMT,20200326,0.008,0.008,0.007,0.007,1628380
EMV,20200326,0.52,0.54,0.5,0.51,111921
EN1,20200326,0.017,0.017,0.016,0.016,2563739
ENA,20200326,0.012,0.012,0.012,0.012,1000000
ENN,20200326,0.79,0.81,0.78,0.79,176007
ENR,20200326,0.079,0.085,0.079,0.08,313008
ENX,20200326,0.007,0.007,0.007,0.007,140168
EOF,20200326,1.45,1.675,1.45,1.52,317300
EOL,20200326,1.6,1.7,1.575,1.7,6287
EOS,20200326,3.78,4.39,3.65,4.3,1423753
EPD,20200326,0.22,0.225,0.22,0.22,4840
EPM,20200326,0.003,0.003,0.003,0.003,125000
EQE,20200326,0.005,0.005,0.005,0.005,2575055
EQT,20200326,18.55,20.16,17.9,19.5,43285
ERA,20200326,0.145,0.15,0.145,0.15,93248
ERF,20200326,0.825,0.83,0.825,0.83,292272
ERG,20200326,0.065,0.065,0.064,0.064,208000
ERL,20200326,0.007,0.009,0.007,0.008,234633
ERM,20200326,0.083,0.083,0.078,0.078,317000
ERX,20200326,0.03,0.03,0.028,0.029,1431591
ESE,20200326,0.005,0.005,0.005,0.005,864843
ESH,20200326,0.005,0.005,0.005,0.005,3603502
ESR,20200326,0.006,0.006,0.005,0.005,480673
ETF,20200326,16,16.19,16,16.1,2185
EUC,20200326,0.01,0.011,0.01,0.01,2133171
EUR,20200326,0.04,0.04,0.035,0.035,4016500
EVE,20200326,0.004,0.004,0.003,0.004,19594603
EVN,20200326,4.3,4.38,4.16,4.16,15198204
EVO,20200326,0.063,0.068,0.059,0.06,596457
EVS,20200326,0.093,0.093,0.081,0.083,4570832
EVT,20200326,6.74,7.4,6.6,7.27,117304
EVZ,20200326,0.074,0.074,0.074,0.074,1137
EWC,20200326,0.049,0.049,0.046,0.047,56210
EX1,20200326,0.16,0.175,0.16,0.17,26089
EXL,20200326,0.22,0.245,0.21,0.23,934279
EXP,20200326,0.061,0.071,0.061,0.071,1089424
EXR,20200326,0.02,0.02,0.017,0.017,3133291
EZL,20200326,0.7,0.755,0.7,0.74,57172
FAM,20200326,0.022,0.022,0.022,0.022,6391
FAR,20200326,0.01,0.011,0.009,0.01,19098553
FAU,20200326,0.006,0.007,0.006,0.007,1021435
FBR,20200326,0.015,0.017,0.015,0.017,4589893
FBU,20200326,3.4,3.4,3.07,3.21,1345431
FCL,20200326,2.94,2.94,2.74,2.79,113895
FCT,20200326,0.1,0.11,0.091,0.11,178322
FDV,20200326,0.635,0.67,0.6,0.65,123909
FEX,20200326,0.029,0.03,0.028,0.029,1745826
FFL,20200326,0.15,0.15,0.145,0.145,60000
FFR,20200326,0.024,0.024,0.024,0.024,1333
FGG,20200326,1.04,1.075,1.03,1.055,410386
FGO,20200326,0.001,0.001,0.001,0.001,1362900
FGR,20200326,0.087,0.09,0.086,0.089,404404
FGX,20200326,0.83,0.86,0.83,0.855,216310
FHS,20200326,0.021,0.024,0.019,0.023,2745126
FID,20200326,4,4.01,3.85,3.85,47574
FIJ,20200326,0.04,0.041,0.04,0.041,70783
FLC,20200326,0.27,0.285,0.255,0.28,365944
FLN,20200326,0.3,0.3,0.29,0.29,11334
FMG,20200326,10.37,10.77,10.32,10.52,13518188
FML,20200326,0.17,0.17,0.17,0.17,42000
FMS,20200326,0.036,0.036,0.036,0.036,127000
FNP,20200326,4.62,5,4.51,4.55,1992739
FNT,20200326,0.008,0.008,0.007,0.007,59854
FOD,20200326,0.073,0.073,0.069,0.072,975252
FOR,20200326,0.65,0.65,0.625,0.625,201176
FPC,20200326,0.65,0.66,0.65,0.66,19984
FPH,20200326,27.84,28.65,27.27,27.52,1036353
FPL,20200326,0.002,0.002,0.002,0.002,7982917
FRM,20200326,0.24,0.24,0.235,0.235,45827
FRN,20200326,0.015,0.016,0.015,0.016,862342
FSA,20200326,0.72,0.81,0.72,0.81,44828
FSF,20200326,3.67,3.91,3.64,3.66,14424
FSI,20200326,1.38,1.41,1.38,1.4,3092
FTC,20200326,0.061,0.061,0.061,0.061,6172
FTT,20200326,0.001,0.001,0.001,0.001,9066666
FTZ,20200326,0.06,0.06,0.06,0.06,108000
FUN,20200326,0.01,0.01,0.01,0.01,30000
FWD,20200326,1.135,1.225,1.135,1.2,39954
FXL,20200326,0.46,0.63,0.46,0.565,6054219
FYI,20200326,0.036,0.036,0.036,0.036,64668
FZO,20200326,0.08,0.08,0.08,0.08,5639
G1A,20200326,0.167,0.17,0.167,0.17,20097779
G88,20200326,0.023,0.026,0.02,0.026,238671
GAL,20200326,0.11,0.12,0.11,0.115,152641
GAP,20200326,0.11,0.115,0.11,0.115,271586
GBP,20200326,0.014,0.014,0.014,0.014,14245
GBZ,20200326,0.05,0.062,0.05,0.062,14201
GC1,20200326,0.54,0.55,0.53,0.53,80493
GCI,20200326,1.56,1.635,1.53,1.54,268092
GDF,20200326,0.895,0.93,0.875,0.93,297033
GDG,20200326,0.455,0.47,0.455,0.47,12500
GDI,20200326,0.91,0.975,0.91,0.95,2503783
GDX,20200326,43.2,44.55,42.37,43.15,100195
GEM,20200326,0.62,0.74,0.615,0.72,8642276
GEV,20200326,0.064,0.07,0.064,0.064,704413
GFL,20200326,1.615,1.65,1.615,1.62,15343
GGG,20200326,0.083,0.095,0.083,0.095,2071927
GIB,20200326,0.025,0.025,0.025,0.025,185888
GLB,20200326,1.18,1.2,1.18,1.2,20913
GLL,20200326,0.42,0.42,0.41,0.41,49975
GLN,20200326,0.16,0.16,0.15,0.155,503859
GLV,20200326,0.001,0.001,0.001,0.001,1000000
GMA,20200326,1.56,1.985,1.56,1.835,2426862
GMD,20200326,0.026,0.026,0.026,0.026,80000
GMG,20200326,12.8,12.85,12.14,12.46,7235478
GML,20200326,0.009,0.01,0.008,0.01,571248
GMR,20200326,0.005,0.005,0.005,0.005,1200991
GMV,20200326,0.047,0.047,0.045,0.045,223000
GNC,20200326,2.93,3.13,2.91,3.02,1905620
GNE,20200326,2.35,2.35,2.32,2.35,24445
GNG,20200326,0.745,0.75,0.745,0.75,10807
GNM,20200326,0.005,0.005,0.004,0.005,630000
GNX,20200326,0.1,0.1,0.097,0.097,512589
GO2,20200326,0.008,0.008,0.008,0.008,125000
GOR,20200326,1.39,1.485,1.365,1.42,14869432
GOW,20200326,1.45,1.6,1.45,1.475,21690
GOZ,20200326,2.49,2.72,2.48,2.66,3435421
GPR,20200326,0.26,0.26,0.23,0.23,166396
GPT,20200326,3.77,3.79,3.565,3.7,11672862
GRB,20200326,0.046,0.048,0.046,0.048,253662
GRL,20200326,0.105,0.12,0.105,0.12,64257
GRR,20200326,0.17,0.18,0.17,0.175,1158128
GSS,20200326,1.12,1.12,1.09,1.1,27486
GSW,20200326,0.34,0.35,0.33,0.33,931585
GTG,20200326,0.005,0.005,0.004,0.004,1593291
GTK,20200326,0.91,1.02,0.91,0.96,51363
GTN,20200326,0.45,0.45,0.45,0.45,259942
GTR,20200326,0.004,0.004,0.004,0.004,30000
GUD,20200326,8.1,9.06,8.1,8.66,240367
GUL,20200326,0.04,0.04,0.04,0.04,98960
GVF,20200326,0.9,0.91,0.9,0.91,18550
GWA,20200326,2.52,2.75,2.52,2.68,2660168
GXY,20200326,0.8,0.835,0.77,0.785,3238240
HAS,20200326,0.07,0.073,0.068,0.073,266451
HAV,20200326,0.075,0.075,0.075,0.075,10000
HAW,20200326,0.092,0.092,0.092,0.092,3000
HCH,20200326,0.014,0.018,0.013,0.015,15359238
HCT,20200326,0.099,0.1,0.095,0.096,2712981
HE8,20200326,0.089,0.089,0.089,0.089,92235
HFR,20200326,0.31,0.325,0.3,0.31,166688
HIL,20200326,0.17,0.18,0.17,0.17,483067
HIT,20200326,0.94,0.94,0.935,0.94,21950
HLA,20200326,0.6,0.705,0.6,0.67,13460
HLO,20200326,0.99,1,0.9,0.93,631526
HLS,20200326,2.35,2.42,2.26,2.34,1459920
HLX,20200326,0.005,0.006,0.005,0.006,640000
HM1,20200326,2.24,2.42,2.24,2.42,400605
HMC,20200326,1.59,2.01,1.59,1.92,261319
HMD,20200326,0.145,0.24,0.145,0.145,5626869
HMX,20200326,0.011,0.012,0.011,0.011,361377
HNG,20200326,0.195,0.2,0.18,0.18,78005
HNR,20200326,0.004,0.004,0.004,0.004,246262
HPI,20200326,1.8,1.975,1.705,1.915,907905
HRL,20200326,0.085,0.091,0.085,0.09,1865386
HRN,20200326,0.2,0.2,0.2,0.2,10000
HRR,20200326,0.021,0.021,0.018,0.02,1372096
HRZ,20200326,0.07,0.07,0.065,0.065,317083
HSC,20200326,0.003,0.003,0.003,0.003,3943104
HSN,20200326,3,3.07,2.95,2.95,658380
HT1,20200326,1.01,1.1,1.01,1.08,308490
HTA,20200326,0.125,0.125,0.122,0.125,146772
HUB,20200326,6.94,7.25,6.61,7.13,528541
HUO,20200326,3.55,3.55,3.54,3.55,104292
HVM,20200326,0.14,0.14,0.14,0.14,43400
HVN,20200326,2.85,2.95,2.78,2.9,4491316
HWH,20200326,0.014,0.016,0.014,0.016,125000
HWK,20200326,0.004,0.004,0.004,0.004,902203
HXG,20200326,0.033,0.035,0.031,0.031,159712
HYD,20200326,0.105,0.105,0.1,0.105,136997
HZN,20200326,0.049,0.051,0.045,0.045,1183267
HZR,20200326,0.275,0.32,0.275,0.285,275478
IAA,20200326,93.52,94.59,92.6,93.93,10792
IAF,20200326,115.27,115.74,113.01,115.7,66976
IAG,20200326,6.21,6.39,6.1,6.13,9438293
IAP,20200326,1.075,1.135,1.005,1.075,1357693
IBC,20200326,0.375,0.385,0.375,0.385,17779
IBG,20200326,0.005,0.005,0.005,0.005,2801269
IBX,20200326,0.011,0.014,0.011,0.012,1704701
ICE,20200326,0.125,0.13,0.125,0.125,93277
ICG,20200326,0.001,0.001,0.001,0.001,3455000
ICQ,20200326,0.17,0.175,0.145,0.175,366105
ICS,20200326,1.5,1.5,1.5,1.5,650
IDT,20200326,0.086,0.086,0.086,0.086,24000
IDX,20200326,2.3,2.41,2.21,2.38,3247081
IDZ,20200326,0.003,0.003,0.002,0.002,2249999
IEM,20200326,57.01,57.91,56.73,57.31,84131
IEU,20200326,56.01,58.03,56.01,56.85,38215
IFL,20200326,3.3,3.55,3.26,3.47,1715523
IFM,20200326,1.335,1.54,1.335,1.49,562305
IFN,20200326,0.41,0.43,0.39,0.4,4343790
IFT,20200326,3.75,3.75,3.75,3.75,2500
IGB,20200326,114.82,114.99,114.08,114.18,3886
IGL,20200326,0.36,0.45,0.35,0.42,1290462
IGO,20200326,4.43,4.58,4.17,4.28,5428694
IHD,20200326,10.53,10.64,10.32,10.64,116927
IHL,20200326,0.032,0.033,0.03,0.032,3148830
IJH,20200326,229.99,233.74,229.99,233.26,1340
IJP,20200326,80.62,81.6,80.58,81.17,14475
IJR,20200326,87,90,86.8,89.72,1358
IKE,20200326,0.8,0.8,0.75,0.75,2986
IKO,20200326,79.55,80.26,79,79.96,1832
ILB,20200326,118.02,122.49,118.01,119.5,1257
ILC,20200326,20.76,20.88,20.33,20.52,32478
ILU,20200326,7.2,7.57,7.05,7.29,2582362
IMA,20200326,0.135,0.135,0.125,0.125,1246788
IMC,20200326,0.07,0.076,0.07,0.075,207097
IMD,20200326,0.815,0.85,0.79,0.85,1354309
IME,20200326,0.018,0.02,0.018,0.02,854237
IMF,20200326,3.65,3.77,3.62,3.73,516961
IMM,20200326,0.16,0.16,0.11,0.115,9242237
IMR,20200326,0.85,0.85,0.765,0.79,45825
IMS,20200326,0.004,0.004,0.004,0.004,255000
IMU,20200326,0.019,0.021,0.018,0.019,11651960
INA,20200326,3.08,3.16,2.86,3.08,2034970
INF,20200326,0.036,0.038,0.035,0.038,1227915
ING,20200326,3.5,3.58,3.38,3.43,2719905
INR,20200326,0.078,0.084,0.077,0.084,2008794
IOD,20200326,0.085,0.085,0.065,0.065,151090
IOO,20200326,71.4,73.29,71.37,71.41,48454
IOZ,20200326,21,21.36,20.66,21.07,801375
IPD,20200326,0.048,0.051,0.047,0.047,968213
IPH,20200326,6.65,7.18,6.35,6.87,1532706
IPL,20200326,1.85,1.99,1.835,1.95,11355067
IPT,20200326,0.005,0.006,0.005,0.006,5077328
IQ3,20200326,0.18,0.18,0.18,0.18,7000
IRD,20200326,0.053,0.053,0.052,0.052,131020
IRE,20200326,10.11,10.76,9.81,10.43,511190
IRI,20200326,2.38,2.47,2.3,2.47,537852
ISD,20200326,0.12,0.13,0.12,0.12,208318
ISO,20200326,3.54,3.62,3.52,3.58,62546
ISU,20200326,0.232,0.26,0.232,0.24,46214
ITG,20200326,0.19,0.2,0.185,0.2,528271
IVC,20200326,10.17,10.725,9.88,10.51,1682709
IVE,20200326,87,88.78,86.88,86.88,4215
IVR,20200326,0.015,0.015,0.014,0.014,1306816
IVV,20200326,410.5,426.34,410.5,417,35995
IVX,20200326,0.006,0.007,0.006,0.007,1085796
IXC,20200326,0.61,0.62,0.61,0.62,126754
IXI,20200326,76.43,76.87,75.6,75.6,1920
IXJ,20200326,93.77,95.72,93.77,94.09,30982
IXR,20200326,0.005,0.005,0.004,0.004,1200000
IXU,20200326,0.03,0.03,0.03,0.03,25000
IZZ,20200326,62.45,64.3,62,62.96,10701
JAN,20200326,0.26,0.28,0.25,0.255,159851
JAT,20200326,0.037,0.037,0.035,0.036,210959
JBH,20200326,24.46,26.175,23.69,25.84,1268971
JHC,20200326,0.435,0.455,0.425,0.455,868715
JHG,20200326,23.82,24.4,23.38,24.13,602645
JHX,20200326,17.6,19.36,17.5,18,3266549
JIN,20200326,9.7,10.13,9.44,9.55,894840
JLG,20200326,2.2,2.3,2.055,2.12,386393
JMS,20200326,0.23,0.24,0.215,0.22,8821550
JRV,20200326,0.15,0.165,0.15,0.15,600255
JXT,20200326,0.023,0.023,0.019,0.019,1850000
K2F,20200326,0.15,0.16,0.15,0.15,132000
KAI,20200326,0.006,0.006,0.006,0.006,1952843
KAM,20200326,0.029,0.03,0.026,0.026,402470
KAR,20200326,0.405,0.47,0.405,0.455,6371876
KAS,20200326,0.02,0.02,0.02,0.02,1500
KAU,20200326,0.15,0.155,0.14,0.14,289950
KCN,20200326,0.335,0.36,0.335,0.35,377281
KEY,20200326,0.003,0.003,0.003,0.003,118364
KFE,20200326,0.025,0.025,0.024,0.024,64319
KGL,20200326,0.1,0.105,0.1,0.1,84630
KGN,20200326,4.99,5.04,4.64,4.95,913149
KIN,20200326,0.049,0.05,0.049,0.049,298182
KKC,20200326,1.325,1.45,1.325,1.425,587234
KLA,20200326,53.96,55,53,54.22,4358
KMD,20200326,0.845,0.89,0.82,0.845,1875272
KME,20200326,0.8,0.84,0.8,0.82,140669
KMT,20200326,0.003,0.003,0.003,0.003,2000000
KNM,20200326,0.011,0.015,0.011,0.015,1232174
KOR,20200326,0.005,0.005,0.005,0.005,100000
KOV,20200326,3.2,3.2,3.19,3.19,6786
KP2,20200326,0.01,0.01,0.01,0.01,91550
KPG,20200326,0.65,0.65,0.63,0.63,14285
KPO,20200326,0.02,0.027,0.018,0.027,41929349
KRR,20200326,0.02,0.022,0.02,0.022,608314
KSL,20200326,0.74,0.82,0.735,0.8,438627
KSN,20200326,0.095,0.105,0.095,0.105,261837
KSS,20200326,0.185,0.205,0.185,0.19,229332
KTA,20200326,0.032,0.035,0.031,0.031,555537
KTD,20200326,0.34,0.35,0.3,0.32,919335
KTG,20200326,0.07,0.072,0.07,0.072,208213
KWR,20200326,0.105,0.12,0.105,0.12,290230
KYK,20200326,0.041,0.051,0.041,0.05,234500
KZA,20200326,0.46,0.46,0.45,0.45,26200
KZR,20200326,0.33,0.37,0.33,0.35,242035
LAU,20200326,0.335,0.335,0.315,0.32,125386
LAW,20200326,0.028,0.03,0.028,0.03,138366
LBL,20200326,0.31,0.345,0.3,0.32,110481
LBT,20200326,0.115,0.12,0.1,0.1,931431
LCK,20200326,0.09,0.1,0.087,0.092,782261
LCL,20200326,0.017,0.018,0.017,0.017,947625
LCM,20200326,0.13,0.135,0.13,0.13,36800
LCT,20200326,0.01,0.012,0.01,0.012,17326
LCY,20200326,0.001,0.001,0.001,0.001,200000
LEG,20200326,0.062,0.067,0.061,0.067,1321317
LEP,20200326,3.79,4.3,3.745,4.1,338996
LGP,20200326,0.2,0.225,0.185,0.22,198033
LIC,20200326,5.19,5.85,5.17,5.72,584290
LIN,20200326,0.012,0.013,0.012,0.013,1232351
LIT,20200326,0.04,0.04,0.036,0.036,1911892
LKE,20200326,0.027,0.027,0.026,0.027,3523396
LLC,20200326,10.12,11.06,10.12,10.41,3438208
LLO,20200326,1.35,1.455,1.345,1.455,14551
LNK,20200326,3.07,3.33,3.07,3.3,2466793
LNU,20200326,0.008,0.008,0.008,0.008,55240
LNY,20200326,0.003,0.003,0.003,0.003,10000
LOM,20200326,0.07,0.083,0.07,0.071,1391407
LON,20200326,0.07,0.07,0.07,0.07,1581763
LOT,20200326,0.028,0.029,0.028,0.028,554525
LOV,20200326,4,5.14,4,4.95,1613284
LPD,20200326,0.008,0.008,0.006,0.006,8901476
LPE,20200326,0.195,0.2,0.195,0.2,64200
LPI,20200326,0.14,0.14,0.115,0.115,222467
LSA,20200326,0.005,0.005,0.005,0.005,2265000
LSF,20200326,0.825,0.825,0.8,0.82,2015508
LSH,20200326,0.05,0.069,0.05,0.057,4984606
LSR,20200326,0.005,0.005,0.005,0.005,38538
LSX,20200326,0.38,0.4,0.38,0.4,11461
LTR,20200326,0.063,0.071,0.063,0.069,3884389
LVH,20200326,0.085,0.09,0.084,0.088,306310
LVT,20200326,0.14,0.165,0.14,0.15,8018907
LYC,20200326,1.345,1.345,1.235,1.29,4276914
LYL,20200326,4,4.35,3.94,4.35,30053
M7T,20200326,0.45,0.47,0.43,0.47,306885
MA1,20200326,0.7,0.715,0.7,0.715,41307
MAD,20200326,0.75,0.75,0.73,0.75,81637
MAG,20200326,0.25,0.25,0.23,0.24,222664
MAH,20200326,0.165,0.17,0.16,0.17,1288313
MAI,20200326,0.28,0.28,0.25,0.28,31689
MAM,20200326,0.24,0.24,0.24,0.24,3700
MAN,20200326,0.01,0.01,0.01,0.01,368692
MAQ,20200326,21.2,21.3,20.9,20.9,14178
MAT,20200326,0.096,0.096,0.089,0.089,191248
MAU,20200326,0.545,0.55,0.54,0.55,124593
MAY,20200326,0.004,0.004,0.004,0.004,389333
MCA,20200326,0.098,0.115,0.098,0.1,695023
MCE,20200326,0.2,0.2,0.18,0.2,137925
MCP,20200326,1.8,1.8,1.62,1.675,160408
MCR,20200326,0.485,0.51,0.485,0.485,1451144
MCT,20200326,0.003,0.003,0.003,0.003,500000
MCY,20200326,4.16,4.25,4.04,4.15,36366
MDC,20200326,0.18,0.18,0.15,0.15,171572
MDI,20200326,0.007,0.007,0.007,0.007,3071756
MDR,20200326,0.36,0.45,0.35,0.405,1421903
MEA,20200326,0.18,0.185,0.17,0.175,183353
MEB,20200326,0.006,0.006,0.005,0.005,799292
MEC,20200326,0.815,0.815,0.815,0.815,33431
MEI,20200326,0.009,0.009,0.009,0.009,1421435
MEM,20200326,0.037,0.039,0.037,0.038,181856
MEP,20200326,0.026,0.026,0.026,0.026,90000
MEU,20200326,0.026,0.026,0.026,0.026,100000
MEY,20200326,0.043,0.043,0.043,0.043,99794
MEZ,20200326,4.25,4.3,4.14,4.21,69744
MFD,20200326,0.545,0.64,0.51,0.55,13174
MFF,20200326,2.64,2.69,2.64,2.67,318340
MFG,20200326,42.89,42.89,38.58,39.72,1269242
MGC,20200326,0.42,0.42,0.42,0.42,4014
MGE,20200326,3.92,3.94,3.87,3.88,1844692
MGG,20200326,1.48,1.6,1.47,1.58,2429978
MGR,20200326,2.13,2.26,2.05,2.17,28807706
MGV,20200326,0.082,0.084,0.082,0.082,279449
MGX,20200326,0.715,0.765,0.715,0.745,3818457
MHC,20200326,0.004,0.004,0.004,0.004,4252990
MHG,20200326,3,3.02,2.97,3.01,482244
MHH,20200326,1.28,1.325,1.255,1.29,982254
MHJ,20200326,0.24,0.245,0.23,0.24,96314
MIN,20200326,14.64,15.27,14.34,15,1145858
MIR,20200326,1.78,1.92,1.78,1.92,61033
MKG,20200326,0.032,0.04,0.032,0.038,271937
MLD,20200326,0.595,0.605,0.55,0.6,578079
MLL,20200326,0.042,0.046,0.041,0.046,476377
MLT,20200326,3.43,3.59,3.42,3.56,344160
MLX,20200326,0.056,0.063,0.056,0.061,1452678
MME,20200326,0.625,0.65,0.62,0.65,104458
MMI,20200326,0.099,0.11,0.099,0.11,186927
MMJ,20200326,0.067,0.071,0.067,0.071,247075
MML,20200326,0.565,0.565,0.53,0.555,605959
MMM,20200326,0.56,0.67,0.505,0.57,2090421
MMS,20200326,6.89,7,6.34,6.45,536113
MND,20200326,9.33,9.67,8.97,9.3,673916
MNF,20200326,4.9,4.9,4.55,4.69,547874
MNS,20200326,0.055,0.061,0.053,0.061,653277
MNW,20200326,0.008,0.008,0.008,0.008,250000
MNY,20200326,0.99,1.055,0.975,0.995,1665889
MOC,20200326,0.625,0.67,0.625,0.655,543153
MOE,20200326,1.33,1.815,1.33,1.705,1320604
MOH,20200326,0.059,0.061,0.056,0.056,103333
MOT,20200326,1.4,1.5,1.4,1.44,149118
MOZ,20200326,0.24,0.31,0.195,0.26,608466
MP1,20200326,9,9.63,8.99,9.35,1303878
MPL,20200326,2.73,2.78,2.58,2.62,23084442
MPR,20200326,0.007,0.01,0.007,0.01,52564
MPW,20200326,0.045,0.045,0.036,0.036,1841417
MQG,20200326,86,86.75,83.34,85.15,2571100
MRC,20200326,0.175,0.18,0.165,0.165,61107
MRD,20200326,0.001,0.001,0.001,0.001,3500000
MRG,20200326,0.011,0.011,0.01,0.01,937600
MRM,20200326,0.07,0.073,0.07,0.071,610767
MRQ,20200326,0.005,0.005,0.005,0.005,1200000
MRZ,20200326,0.17,0.17,0.125,0.125,72213
MSB,20200326,1.24,1.335,1.205,1.29,3199068
MSE,20200326,0.005,0.005,0.005,0.005,360000
MSM,20200326,0.008,0.008,0.008,0.008,250000
MSV,20200326,0.285,0.32,0.285,0.32,625914
MTC,20200326,0.042,0.042,0.042,0.042,618298
MTH,20200326,0.007,0.007,0.007,0.007,105000
MTO,20200326,0.63,0.65,0.61,0.635,166161
MTS,20200326,3.25,3.31,3.16,3.17,9760818
MVA,20200326,15.65,16.76,15.65,16.44,36596
MVB,20200326,17.72,17.75,17.15,17.51,34355
MVE,20200326,20.57,21.07,20.57,20.98,7834
MVF,20200326,0.44,0.46,0.415,0.42,578224
MVP,20200326,4.54,5.43,4.4,5.23,498473
MVR,20200326,22.64,22.64,22.3,22.54,2386
MVS,20200326,13.21,14.18,13.21,14.14,9526
MVW,20200326,21.73,22.83,21.73,22.47,194779
MWR,20200326,0.07,0.077,0.069,0.076,518642
MWY,20200326,0.995,1,0.965,0.995,47487
MX1,20200326,0.125,0.14,0.12,0.135,2383385
MXI,20200326,0.135,0.135,0.135,0.135,20000
MXT,20200326,1.535,1.65,1.535,1.6,797542
MYE,20200326,0.55,0.55,0.45,0.5,30282
MYL,20200326,0.035,0.039,0.032,0.039,1309565
MYR,20200326,0.12,0.12,0.105,0.105,6227374
MYS,20200326,3.4,3.51,3.31,3.51,294399
MYX,20200326,0.25,0.275,0.24,0.255,15571255
MZZ,20200326,0.125,0.13,0.12,0.125,233000
NAB,20200326,16,16.19,15.45,16.14,15849821
NAC,20200326,0.61,0.61,0.61,0.61,122440
NAG,20200326,0.044,0.044,0.044,0.044,35689
NAN,20200326,4.98,5.29,4.95,5.21,1920553
NBI,20200326,1.27,1.37,1.24,1.355,470871
NC6,20200326,0.035,0.035,0.035,0.035,14500
NCC,20200326,0.8,0.8,0.76,0.76,6630
NCK,20200326,3.49,3.5,3.09,3.25,1602581
NCM,20200326,26.69,26.8,25.61,25.98,4997174
NCR,20200326,0.006,0.006,0.005,0.005,486200
NCZ,20200326,0.058,0.072,0.058,0.065,1330109
NDQ,20200326,21.52,21.72,21.23,21.23,330961
NEA,20200326,0.9,1.057,0.885,0.995,8912422
NEC,20200326,0.98,1.04,0.98,1.03,9293498
NES,20200326,0.04,0.04,0.037,0.037,142501
NEU,20200326,1.04,1.07,0.975,1.05,394792
NEW,20200326,1.02,1.04,0.98,1,346055
NGE,20200326,0.36,0.36,0.35,0.36,41790
NGI,20200326,2.18,2.26,2.06,2.23,222887
NHC,20200326,1.3,1.347,1.24,1.3,5016465
NHF,20200326,5,5.08,4.87,4.98,2908512
NIC,20200326,0.41,0.425,0.385,0.42,7169935
NML,20200326,0.064,0.068,0.063,0.068,528399
NMT,20200326,0.145,0.15,0.14,0.15,523011
NNW,20200326,0.05,0.05,0.049,0.05,29000
NOR,20200326,0.024,0.025,0.024,0.025,205778
NOV,20200326,0.085,0.086,0.085,0.085,104500
NSB,20200326,0.16,0.165,0.16,0.165,68203
NSC,20200326,0.38,0.42,0.38,0.42,148129
NSR,20200326,1.535,1.68,1.505,1.62,8368968
NST,20200326,12.69,12.69,11.18,11.47,11676066
NSX,20200326,0.12,0.13,0.12,0.13,83251
NTD,20200326,0.26,0.27,0.25,0.25,90714
NTI,20200326,0.004,0.004,0.004,0.004,700000
NTM,20200326,0.05,0.051,0.048,0.048,1210125
NTO,20200326,0.92,0.94,0.89,0.92,343482
NTU,20200326,0.022,0.024,0.022,0.024,4251191
NUC,20200326,1.6,1.6,1.53,1.6,25553
NUF,20200326,5,5.1,4.78,4.87,2090072
NUH,20200326,0.011,0.014,0.011,0.014,645014
NUS,20200326,0.23,0.23,0.23,0.23,43470
NVA,20200326,0.03,0.03,0.024,0.025,10899952
NVO,20200326,0.007,0.008,0.007,0.007,2932124
NVX,20200326,0.3,0.335,0.27,0.335,42141
NWE,20200326,0.002,0.002,0.002,0.002,450000
NWF,20200326,0.15,0.15,0.15,0.15,35002
NWH,20200326,1.295,1.475,1.25,1.33,4550199
NWL,20200326,6.11,6.56,5.79,6.5,1401291
NWS,20200326,14.71,15.31,14.38,14.41,331256
NXE,20200326,0.005,0.005,0.005,0.005,8000
NXS,20200326,1.195,1.27,1.145,1.18,416727
NXT,20200326,7.9,8.3,7.89,8.04,3267248
NYR,20200326,0.12,0.13,0.115,0.115,66500
NZM,20200326,0.175,0.175,0.175,0.175,25000
NZS,20200326,0.009,0.01,0.009,0.009,1478055
OAU,20200326,0.014,0.014,0.014,0.014,251000
OBM,20200326,0.13,0.13,0.12,0.12,628185
OCA,20200326,0.6,0.6,0.57,0.6,13261
OCC,20200326,0.22,0.245,0.22,0.24,755920
OCL,20200326,4.55,5.03,4.54,5,72780
ODA,20200326,0.11,0.13,0.1,0.13,259736
ODM,20200326,0.027,0.027,0.027,0.027,250000
OEC,20200326,0.45,0.48,0.42,0.48,26133
OEX,20200326,0.002,0.002,0.001,0.001,46061
OFX,20200326,1.18,1.2,1.15,1.185,348459
OGA,20200326,0.07,0.075,0.07,0.075,355547
OGC,20200326,1.76,1.835,1.76,1.81,1212454
OIL,20200326,0.024,0.024,0.024,0.024,177494
OKU,20200326,0.18,0.18,0.165,0.18,563046
OLI,20200326,0.051,0.051,0.048,0.048,613925
OLL,20200326,0.235,0.24,0.22,0.23,726265
OMH,20200326,0.325,0.34,0.32,0.33,109928
ONE,20200326,0.049,0.052,0.049,0.049,77484
ONT,20200326,5.1,5.1,5.1,5.1,1164
ONX,20200326,0.033,0.033,0.03,0.03,74175
OOO,20200326,6.23,6.23,6.04,6.1,223380
OPC,20200326,3.8,3.85,3.66,3.85,69914
OPH,20200326,1.94,2,1.915,1.98,302970
OPT,20200326,1.65,1.8,1.635,1.76,879019
OPY,20200326,0.4,0.432,0.4,0.42,227854
ORA,20200326,2.6,2.64,2.49,2.59,3672690
ORE,20200326,2.29,2.38,2.15,2.19,1648567
ORG,20200326,4.4,4.53,4.33,4.45,12595957
ORI,20200326,16.11,16.48,15.45,16.2,1590490
ORR,20200326,0.28,0.28,0.25,0.25,315694
OSH,20200326,2.19,2.45,2.19,2.43,12130654
OSL,20200326,0.1,0.115,0.1,0.105,2057166
OSP,20200326,0.011,0.011,0.011,0.011,10498
OSX,20200326,0.31,0.35,0.31,0.35,46540
OTW,20200326,2.14,2.4,2.14,2.4,56637
OVH,20200326,0.135,0.175,0.135,0.16,788771
OVN,20200326,0.19,0.215,0.187,0.2,1400750
OVT,20200326,0.013,0.014,0.011,0.013,702259
OZF,20200326,13.92,13.92,13.32,13.6,15282
OZG,20200326,0.115,0.115,0.11,0.11,70000
OZL,20200326,7.27,7.47,7.155,7.16,2744331
OZR,20200326,9.19,9.26,9.05,9.16,25678
P2P,20200326,0.045,0.045,0.045,0.045,100000
PAA,20200326,0.065,0.067,0.065,0.065,53524
PAB,20200326,0.012,0.012,0.011,0.012,1149066
PAC,20200326,4.25,4.39,4.25,4.34,64699
PAF,20200326,0.69,0.7,0.69,0.69,84867
PAI,20200326,0.95,0.97,0.945,0.95,581669
PAL,20200326,0.56,0.565,0.53,0.56,40295
PAN,20200326,0.125,0.14,0.115,0.14,1182433
PAR,20200326,1.615,1.69,1.505,1.665,1534762
PBH,20200326,1.4,1.69,1.4,1.64,2736181
PBP,20200326,1.835,1.835,1.72,1.825,83920
PCI,20200326,0.815,0.875,0.815,0.875,441764
PCK,20200326,0.082,0.089,0.076,0.08,3066772
PCL,20200326,0.001,0.002,0.001,0.002,1709377
PDI,20200326,0.007,0.007,0.006,0.006,620000
PDL,20200326,4.05,4.25,3.8,4.14,2060726
PDN,20200326,0.054,0.057,0.05,0.053,5182406
PE1,20200326,1.235,1.37,1.235,1.37,270224
PEN,20200326,0.092,0.092,0.085,0.085,741611
PET,20200326,0.37,0.47,0.35,0.425,3510196
PEX,20200326,0.11,0.115,0.11,0.115,147215
PFG,20200326,0.045,0.045,0.045,0.045,115710
PFP,20200326,2.2,2.26,2.19,2.2,696426
PG1,20200326,0.078,0.078,0.072,0.072,69423
PGC,20200326,0.105,0.115,0.099,0.115,1048419
PGF,20200326,0.845,0.88,0.84,0.865,317161
PGG,20200326,1.28,1.44,1.23,1.44,273504
PGH,20200326,1.435,1.5,1.41,1.435,625780
PGI,20200326,0.021,0.021,0.021,0.021,43363
PGL,20200326,0.5,0.5,0.49,0.5,86879
PGM,20200326,0.012,0.013,0.012,0.013,969520
PGX,20200326,0.135,0.135,0.13,0.13,11000
PGY,20200326,0.012,0.012,0.012,0.012,140989
PIA,20200326,0.855,0.93,0.855,0.895,191592
PIC,20200326,0.66,0.735,0.66,0.725,1340579
PIO,20200326,0.01,0.01,0.009,0.009,188995
PIQ,20200326,0.22,0.24,0.21,0.21,68456
PKS,20200326,0.09,0.11,0.09,0.093,97735
PL8,20200326,0.84,0.86,0.84,0.85,624606
PLL,20200326,0.073,0.074,0.073,0.073,1160224
PLS,20200326,0.17,0.175,0.16,0.17,11818293
PM1,20200326,0.01,0.011,0.01,0.011,830437
PM8,20200326,0.12,0.125,0.12,0.12,449540
PMC,20200326,1.225,1.28,1.225,1.28,204308
PME,20200326,17.04,18.07,16.88,17.78,399162
PMV,20200326,10.53,11.38,9.28,10.42,1588446
PMY,20200326,0.003,0.003,0.003,0.003,5675000
PNC,20200326,0.41,0.42,0.37,0.37,45934
PNI,20200326,2.68,2.75,2.46,2.55,2823927
PNN,20200326,0.001,0.001,0.001,0.001,1918353
PNV,20200326,1.49,1.65,1.48,1.55,6824750
PNX,20200326,0.004,0.005,0.004,0.005,785203
PO3,20200326,2.05,2.12,2.05,2.12,5561
POD,20200326,0.019,0.019,0.019,0.019,136842
POS,20200326,0.033,0.039,0.029,0.031,7329577
POU,20200326,19.6,19.74,19.54,19.54,4831
PPC,20200326,0.59,0.775,0.59,0.775,2258912
PPE,20200326,1.02,1.16,0.9,1.09,2683296
PPG,20200326,0.086,0.086,0.085,0.085,138115
PPH,20200326,3.14,3.26,3.1,3.1,615312
PPK,20200326,2,2.1,1.85,2.1,178549
PPS,20200326,0.225,0.26,0.225,0.25,1815434
PPT,20200326,22.2,24.22,22.05,23.72,225981
PPY,20200326,0.011,0.011,0.01,0.01,16600
PRN,20200326,0.56,0.57,0.515,0.56,9750090
PRO,20200326,0.31,0.355,0.3,0.32,65378
PRT,20200326,0.095,0.095,0.09,0.09,178889
PRU,20200326,1.06,1.147,1.035,1.05,20418020
PRX,20200326,0.045,0.055,0.045,0.055,201934
PSA,20200326,0.021,0.021,0.02,0.02,100000
PSI,20200326,2.3,2.3,2.15,2.15,17921
PSQ,20200326,0.805,0.89,0.78,0.79,510251
PSZ,20200326,0.018,0.019,0.018,0.019,100000
PTB,20200326,0.375,0.385,0.365,0.385,219205
PTL,20200326,0.355,0.355,0.355,0.355,34907
PTM,20200326,3.21,3.3,3.12,3.24,1301833
PTR,20200326,0.03,0.03,0.03,0.03,53122
PTX,20200326,0.025,0.029,0.025,0.027,1426631
PUA,20200326,0.01,0.01,0.01,0.01,34482
PVS,20200326,0.93,0.93,0.9,0.93,27000
PWG,20200326,0.815,0.83,0.79,0.83,462151
PWH,20200326,2.94,3.32,2.94,3.2,208277
PWL,20200326,0.1,0.1,0.09,0.09,300964
PXS,20200326,0.069,0.074,0.069,0.074,366860
PXX,20200326,0.015,0.015,0.015,0.015,100000
PYC,20200326,0.06,0.062,0.06,0.06,1633673
PYG,20200326,0.45,0.45,0.45,0.45,6000
QAG,20200326,5.17,5.17,5.13,5.17,4113
QAN,20200326,3.32,3.61,3.17,3.25,30471600
QAU,20200326,16.19,16.22,15.9,15.95,201365
QBE,20200326,8.88,8.95,8.47,8.62,7099759
QCB,20200326,6.31,6.31,6.25,6.25,7628
QEM,20200326,0.055,0.065,0.055,0.065,40100
QFE,20200326,0.15,0.18,0.15,0.175,1077731
QFN,20200326,7.58,7.58,7.44,7.54,16854
QFY,20200326,0.001,0.001,0.001,0.001,490025
QHL,20200326,0.06,0.065,0.059,0.062,833359
QIP,20200326,1.03,1.03,0.97,1.01,16266
QOZ,20200326,10.1,10.26,9.95,10.09,52828
QRE,20200326,5.04,5.11,4.98,5.08,36158
QRI,20200326,1.27,1.34,1.27,1.295,250617
QTM,20200326,0.032,0.032,0.03,0.03,50000
QUB,20200326,1.965,2.25,1.9,2.21,10214035
QUS,20200326,32.42,32.66,32.11,32.11,3522
QVE,20200326,0.685,0.715,0.685,0.7,210108
RAC,20200326,0.255,0.255,0.235,0.25,46107
RAG,20200326,0.003,0.003,0.003,0.003,1632973
RAN,20200326,0.01,0.012,0.01,0.012,375000
RAP,20200326,0.165,0.17,0.15,0.16,4368612
RBL,20200326,0.535,0.605,0.505,0.505,762652
RCB,20200326,19,20.62,19,20.5,72069
RCE,20200326,0.24,0.25,0.235,0.25,165830
RCL,20200326,0.3,0.32,0.285,0.3,81529
RCT,20200326,1.62,1.62,1.62,1.62,10000
RCW,20200326,0.19,0.19,0.19,0.19,87952
RDC,20200326,0.575,0.635,0.555,0.61,2851578
RDF,20200326,0.315,0.33,0.315,0.33,173136
RDM,20200326,0.054,0.054,0.046,0.046,35000
RDV,20200326,20.6,21,20.33,20.9,15082
RDY,20200326,1.055,1.06,1.04,1.04,50954
REA,20200326,72,77.49,70.5,77.28,611364
REG,20200326,1.195,1.245,1.13,1.18,1073150
REH,20200326,8.5,8.84,8.46,8.6,218792
RES,20200326,0.05,0.05,0.044,0.044,450000
REX,20200326,0.5,0.57,0.4,0.4,391083
REZ,20200326,0.006,0.006,0.006,0.006,1470000
RF1,20200326,1.41,1.51,1.41,1.46,212386
RFF,20200326,1.9,1.955,1.88,1.93,965490
RFG,20200326,0.032,0.036,0.031,0.033,4104873
RFT,20200326,0.025,0.028,0.025,0.028,892013
RFX,20200326,0.026,0.029,0.026,0.026,1074476
RGB,20200326,23.57,23.58,23.55,23.57,10650
RGI,20200326,0.046,0.046,0.043,0.043,329840
RGS,20200326,0.077,0.077,0.066,0.066,150000
RHC,20200326,49,60.97,49,58.27,1118778
RHP,20200326,1.6,1.6,1.515,1.55,107793
RHT,20200326,0.11,0.11,0.105,0.105,271663
RIC,20200326,0.71,0.74,0.69,0.715,905455
RIM,20200326,0.002,0.002,0.002,0.002,10165334
RIO,20200326,86.9,89.94,86.5,88.13,3827875
RKN,20200326,0.475,0.475,0.475,0.475,5000
RLE,20200326,0.013,0.016,0.013,0.015,511067
RLG,20200326,0.011,0.012,0.011,0.012,537722
RMC,20200326,0.5,0.595,0.5,0.56,344455
RMD,20200326,22.87,23.21,22.66,22.82,1728164
RML,20200326,0.048,0.048,0.04,0.045,2716604
RMP,20200326,0.007,0.007,0.007,0.007,109538
RMS,20200326,1.15,1.15,1.02,1.02,6516075
RMX,20200326,0.003,0.003,0.003,0.003,1170000
RMY,20200326,0.225,0.235,0.21,0.235,301638
RNE,20200326,0.02,0.02,0.02,0.02,5406
RNO,20200326,0.06,0.075,0.06,0.075,329748
RNU,20200326,0.006,0.006,0.005,0.005,1368788
RNX,20200326,0.001,0.002,0.001,0.002,3048000
ROG,20200326,0.001,0.001,0.001,0.001,1000000
ROO,20200326,0.009,0.01,0.009,0.009,386742
RPM,20200326,0.14,0.14,0.14,0.14,100000
RRL,20200326,3.99,4.09,3.84,3.93,3644636
RSG,20200326,0.88,0.945,0.85,0.925,15828316
RSM,20200326,21.58,21.59,21.5,21.58,2180
RTG,20200326,0.054,0.055,0.053,0.055,295000
RTR,20200326,0.052,0.057,0.052,0.057,210000
RUL,20200326,0.7,0.755,0.68,0.755,154490
RVR,20200326,0.05,0.05,0.048,0.049,886628
RWC,20200326,1.96,2.37,1.945,2.28,6007806
RWD,20200326,0.08,0.08,0.08,0.08,50000
RXL,20200326,0.017,0.017,0.015,0.016,3004596
RXM,20200326,0.038,0.038,0.034,0.034,100965
RXP,20200326,0.225,0.225,0.225,0.225,81448
RZI,20200326,0.35,0.43,0.34,0.4,160399
S2R,20200326,0.08,0.081,0.08,0.08,151505
S32,20200326,1.905,1.945,1.82,1.88,20189200
S66,20200326,0.435,0.44,0.435,0.44,16700
SAR,20200326,3.59,3.73,3.35,3.54,12756753
SAU,20200326,0.115,0.115,0.115,0.115,7220
SBM,20200326,2.23,2.29,2.16,2.18,12043743
SCG,20200326,1.84,1.84,1.625,1.725,38416335
SCI,20200326,0.007,0.007,0.007,0.007,100000
SCL,20200326,0.011,0.012,0.011,0.012,1121254
SCP,20200326,2.6,2.6,2.49,2.53,6692102
SDF,20200326,2.89,2.89,2.66,2.68,3269304
SDG,20200326,1.085,1.11,1.085,1.11,76234
SDI,20200326,0.725,0.75,0.71,0.75,102080
SDV,20200326,0.33,0.4,0.31,0.4,684333
SE1,20200326,0.003,0.004,0.002,0.004,13099929
SEC,20200326,1.08,1.15,1.08,1.13,57391
SEI,20200326,0.029,0.029,0.029,0.029,20534
SEK,20200326,13.75,15.02,13.58,14.5,3467100
SEN,20200326,0.04,0.042,0.04,0.042,18733
SFC,20200326,10,10.05,10,10.05,435
SFR,20200326,3.03,3.27,3.03,3.23,3079408
SFX,20200326,0.07,0.075,0.067,0.07,829989
SFY,20200326,47.77,49,47.28,47.51,37272
SGF,20200326,1,1.19,1,1.19,320793
SGH,20200326,0.68,0.735,0.68,0.735,24774
SGM,20200326,5.79,6.05,5.54,5.89,1932221
SGP,20200326,2.32,2.375,2.18,2.35,19749127
SGQ,20200326,0.065,0.068,0.063,0.067,396328
SGR,20200326,1.76,2.02,1.76,1.96,12223204
SHJ,20200326,0.68,0.71,0.68,0.71,18046
SHK,20200326,0.002,0.002,0.002,0.002,697132
SHL,20200326,23.67,25.04,23.31,24.82,4130214
SHM,20200326,0.44,0.45,0.44,0.45,11421
SHO,20200326,0.003,0.006,0.003,0.006,375248
SHV,20200326,7.1,7.49,7.02,7.02,361761
SIG,20200326,0.69,0.705,0.66,0.68,6841435
SIO,20200326,0.21,0.21,0.21,0.21,17324
SIQ,20200326,4.87,5.09,4.72,4.82,971386
SIS,20200326,0.013,0.015,0.013,0.015,1430128
SIV,20200326,0.35,0.35,0.35,0.35,3000
SKC,20200326,1.6,1.7,1.54,1.635,1549521
SKF,20200326,0.09,0.095,0.09,0.095,225156
SKI,20200326,1.86,1.91,1.85,1.89,6091000
SKN,20200326,0.016,0.016,0.013,0.016,3780299
SKO,20200326,1.39,1.985,1.36,1.93,207517
SKT,20200326,0.3,0.3,0.25,0.275,469388
SKY,20200326,0.17,0.175,0.165,0.165,819655
SLC,20200326,0.515,0.565,0.495,0.545,1078388
SLF,20200326,9.66,9.66,9.17,9.35,74572
SLK,20200326,2.75,2.96,2.75,2.8,216369
SLM,20200326,0.75,0.755,0.745,0.75,428705
SLR,20200326,1.445,1.535,1.44,1.475,9850849
SLX,20200326,0.23,0.23,0.2,0.22,166047
SLZ,20200326,0.073,0.075,0.073,0.075,424200
SM1,20200326,5.14,5.29,5.14,5.28,140715
SM8,20200326,0.085,0.086,0.083,0.083,335939
SMN,20200326,0.46,0.505,0.46,0.505,65697
SMP,20200326,0.32,0.34,0.295,0.31,443380
SMR,20200326,0.74,0.78,0.74,0.77,152618
SMX,20200326,0.27,0.28,0.265,0.28,98145
SNC,20200326,0.525,0.59,0.525,0.55,120172
SNL,20200326,3.05,3.05,3.05,3.05,690
SNS,20200326,0.06,0.06,0.056,0.057,102642
SNZ,20200326,5.1,5.3,5.1,5.29,4006
SO4,20200326,0.355,0.355,0.34,0.35,216025
SOL,20200326,18.8,19.97,18.68,19.73,535211
SOM,20200326,1,1.25,1,1.25,24798
SOR,20200326,0.033,0.035,0.033,0.035,232426
SP3,20200326,0.048,0.055,0.048,0.055,11267
SPK,20200326,3.97,4.08,3.91,4.05,1086832
SPL,20200326,0.75,0.79,0.72,0.785,729161
SPT,20200326,0.265,0.32,0.26,0.315,3421394
SPX,20200326,0.13,0.13,0.115,0.12,865991
SPY,20200326,413.31,423,411.53,417,721
SPZ,20200326,0.088,0.092,0.086,0.09,225469
SRG,20200326,0.21,0.23,0.195,0.215,724344
SRI,20200326,0.028,0.029,0.028,0.028,62207
SRV,20200326,2.15,2.3,2.15,2.2,74068
SRY,20200326,0.011,0.011,0.011,0.011,25000
SSG,20200326,0.255,0.295,0.255,0.27,473814
SSL,20200326,5.5,5.5,5.5,5.5,4829
SSM,20200326,1.855,1.905,1.735,1.86,4804341
ST1,20200326,0.14,0.145,0.125,0.14,123766
STA,20200326,0.078,0.08,0.078,0.08,260523
STG,20200326,0.6,0.6,0.54,0.6,107937
STM,20200326,0.006,0.006,0.005,0.006,3316282
STO,20200326,3.79,3.95,3.72,3.79,16633356
STW,20200326,47.74,48.53,46.9,47.84,877628
STX,20200326,0.105,0.105,0.1,0.105,492495
SUD,20200326,0.04,0.043,0.039,0.042,195962
SUL,20200326,4,4.55,3.81,4.28,2730888
SUN,20200326,8.65,8.94,8.4,8.54,4576485
SVL,20200326,0.083,0.083,0.078,0.082,2282522
SVM,20200326,0.095,0.12,0.095,0.1,435000
SVW,20200326,11.71,12.47,11.29,11.61,1281822
SVY,20200326,0.375,0.38,0.37,0.38,113206
SW1,20200326,0.018,0.02,0.018,0.02,729383
SWF,20200326,0.105,0.11,0.105,0.105,1638887
SWK,20200326,0.11,0.12,0.1,0.11,585898
SWM,20200326,0.072,0.084,0.072,0.077,5313577
SXA,20200326,0.052,0.052,0.05,0.05,47000
SXE,20200326,0.395,0.405,0.39,0.39,317388
SXY,20200326,0.15,0.15,0.145,0.145,3236190
SYA,20200326,0.008,0.008,0.006,0.007,2249983
SYD,20200326,5.7,6.11,5.63,6.11,11139634
SYI,20200326,21.51,21.88,21.23,21.73,5073
SYR,20200326,0.255,0.255,0.225,0.255,9489400
SZL,20200326,0.455,0.5,0.455,0.5,495159
TAH,20200326,2.38,2.64,2.36,2.59,11028846
TAM,20200326,0.043,0.043,0.04,0.041,312931
TAO,20200326,0.045,0.045,0.044,0.045,70597
TAP,20200326,0.065,0.065,0.065,0.065,71503
TBL,20200326,0.125,0.15,0.12,0.12,471651
TBR,20200326,5,5.01,4.78,5.01,13495
TCL,20200326,12,12.78,12,12.76,11252568
TCN,20200326,0.032,0.032,0.032,0.032,100000
TD1,20200326,0.017,0.026,0.017,0.02,29894748
TDI,20200326,1.225,1.31,1.19,1.31,210993
TDO,20200326,0.05,0.05,0.04,0.05,130000
TDY,20200326,0.1,0.1,0.098,0.098,26488
TEG,20200326,0.024,0.024,0.022,0.022,74000
TEK,20200326,0.165,0.175,0.165,0.175,94119
TER,20200326,0.185,0.185,0.16,0.16,87598
TGA,20200326,0.04,0.05,0.037,0.046,665179
TGF,20200326,0.81,0.81,0.775,0.8,110754
TGG,20200326,1.03,1.08,1.03,1.06,112343
TGH,20200326,0.11,0.15,0.11,0.15,91057
TGM,20200326,0.19,0.195,0.19,0.19,30440
TGN,20200326,0.12,0.13,0.105,0.105,82237
TGP,20200326,0.785,0.88,0.785,0.88,520428
TGR,20200326,3.15,3.4,3.1,3.31,1575435
THC,20200326,0.205,0.205,0.19,0.2,190830
TIE,20200326,0.17,0.23,0.17,0.21,2232353
TIP,20200326,0.54,0.54,0.54,0.54,32144
TLG,20200326,0.27,0.27,0.25,0.255,296219
TLM,20200326,0.063,0.063,0.063,0.063,40000
TLS,20200326,3.16,3.22,3.1,3.16,33357849
TLX,20200326,0.87,0.885,0.85,0.88,901509
TMR,20200326,0.105,0.12,0.105,0.115,25120
TMT,20200326,0.07,0.072,0.07,0.072,197500
TMX,20200326,0.002,0.002,0.002,0.002,1712081
TMZ,20200326,0.01,0.01,0.01,0.01,29325
TNE,20200326,7.18,7.8,7.13,7.75,1511829
TNG,20200326,0.048,0.048,0.048,0.048,86250
TNK,20200326,0.65,0.675,0.645,0.645,21749
TNR,20200326,0.006,0.009,0.006,0.008,5780954
TNT,20200326,0.033,0.04,0.03,0.038,3267225
TNY,20200326,0.69,0.9,0.67,0.9,152093
TOE,20200326,0.005,0.005,0.005,0.005,426715
TON,20200326,0.022,0.025,0.022,0.024,171247
TOP,20200326,0.365,0.37,0.36,0.365,142001
TOT,20200326,0.81,0.84,0.81,0.81,265457
TPD,20200326,0.001,0.001,0.001,0.001,740000
TPM,20200326,6.82,7.15,6.77,6.94,1490585
TPP,20200326,0.028,0.03,0.028,0.03,40000
TPS,20200326,0.05,0.05,0.05,0.05,27415
TPW,20200326,1.9,2.47,1.9,2.4,197654
TRS,20200326,2.51,2.84,2.51,2.79,249891
TRY,20200326,0.071,0.071,0.069,0.069,159963
TSC,20200326,0.005,0.005,0.004,0.004,3047060
TSL,20200326,0.048,0.048,0.046,0.046,29956
TSO,20200326,0.03,0.03,0.028,0.028,1796753
TTB,20200326,0.305,0.34,0.3,0.33,153366
TTI,20200326,0.011,0.012,0.011,0.012,36181
TTM,20200326,0.037,0.04,0.037,0.04,494947
TTT,20200326,0.52,0.545,0.5,0.545,221843
TWD,20200326,2.53,2.72,2.53,2.7,30249
TWE,20200326,9.9,10.2,9.72,10.02,4621930
TYR,20200326,1.6,1.85,1.515,1.64,4417304
TZL,20200326,0.028,0.028,0.028,0.028,666
TZN,20200326,0.03,0.03,0.03,0.03,55505
UBA,20200326,16.75,17.15,16.72,17.09,3057
UBE,20200326,20.42,20.42,20.42,20.42,2034
UBI,20200326,0.14,0.16,0.14,0.16,20226
UBJ,20200326,25,25.05,25,25.05,1525
UBP,20200326,28.64,29,28.59,28.59,5319
UBU,20200326,30.29,30.71,29.95,29.95,3666
UBW,20200326,26.84,27.56,26.84,26.9,5708
UCM,20200326,0.3,0.335,0.255,0.26,2751839
UMG,20200326,4.15,4.3,4,4.13,1018187
UNV,20200326,0.14,0.14,0.125,0.125,700239
UOS,20200326,0.61,0.665,0.6,0.66,169271
URF,20200326,0.25,0.25,0.245,0.245,18771
URW,20200326,5.19,5.2,5.01,5.11,2189167
USD,20200326,16.48,16.56,16.39,16.42,186447
UUV,20200326,0.001,0.002,0.001,0.001,59337084
UWL,20200326,1.025,1.095,1.025,1.08,1881624
VAE,20200326,65,66.5,64.01,65.5,7884
VAF,20200326,52.14,52.65,52.07,52.48,30155
VAH,20200326,0.075,0.086,0.072,0.083,9869561
VAN,20200326,0.105,0.105,0.098,0.105,221516
VAP,20200326,57,62.24,57,60.22,374123
VAR,20200326,0.012,0.012,0.01,0.01,75423
VAS,20200326,65,66.1,63.95,65.21,556059
VCF,20200326,44.5,46.6,44.5,45.64,7498
VCX,20200326,1.085,1.09,1.005,1.06,45016672
VEA,20200326,1.3,1.325,1.215,1.25,4185382
VEE,20200326,0.46,0.46,0.46,0.46,19656
VEN,20200326,0.053,0.062,0.053,0.054,686729
VEQ,20200326,49.8,51.1,49.8,50.77,12024
VEU,20200326,65.1,69,65.1,67.3,118912
VG1,20200326,2.15,2.27,2.15,2.24,559932
VG8,20200326,2.16,2.24,2.15,2.22,258388
VGB,20200326,54,54,53.51,53.93,101907
VGE,20200326,60.04,63.44,60.04,63.37,41444
VGI,20200326,8.48,9,8.4,8.7,26162
VGL,20200326,1.245,1.245,1.17,1.2,161129
VGS,20200326,70.5,74,70.5,72.65,88288
VHT,20200326,0.92,1.05,0.92,1.02,881463
VHY,20200326,45,46.05,44.5,45.5,102365
VIC,20200326,0.001,0.001,0.001,0.001,1500000
VIF,20200326,50.5,51,50.29,51,75942
VLC,20200326,54,54.99,53.48,54.55,11849
VLT,20200326,0.12,0.125,0.115,0.125,399234
VMC,20200326,0.14,0.14,0.14,0.14,40000
VML,20200326,0.006,0.007,0.006,0.006,950141
VMS,20200326,0.009,0.009,0.008,0.008,124555
VMT,20200326,0.145,0.16,0.145,0.15,659278
VMY,20200326,0.023,0.023,0.02,0.021,1248391
VOC,20200326,2.01,2.2,1.985,2.14,2746878
VOL,20200326,0.98,0.98,0.98,0.98,39547
VP7,20200326,0.5,0.5,0.5,0.5,8164
VR1,20200326,0.015,0.018,0.015,0.018,263250
VR8,20200326,0.01,0.01,0.009,0.009,434104
VRC,20200326,0.005,0.005,0.005,0.005,3235584
VRL,20200326,1.01,1.1,0.985,1,725641
VRS,20200326,0.022,0.022,0.022,0.022,63000
VRT,20200326,1.925,2,1.785,1.785,390935
VSO,20200326,42,42.99,41.75,42.41,25639
VTG,20200326,0.68,0.68,0.61,0.64,944269
VTH,20200326,0.655,0.66,0.64,0.64,72476
VTS,20200326,208,211.82,207.07,207.49,40284
VUK,20200326,1.35,1.435,1.295,1.395,8681829
VUL,20200326,0.18,0.18,0.17,0.17,271553
VVA,20200326,0.78,0.955,0.77,0.88,119300
VVR,20200326,2.35,2.44,2.28,2.35,3924187
VXR,20200326,0.061,0.065,0.06,0.064,413056
WAA,20200326,0.81,0.825,0.76,0.76,404646
WAF,20200326,0.47,0.5,0.47,0.47,5863666
WAM,20200326,1.65,1.83,1.64,1.79,1149196
WAX,20200326,1.1,1.22,1.1,1.19,352971
WBC,20200326,15.99,16.25,15.5,16.02,16508976
WBT,20200326,0.22,0.24,0.22,0.24,55069
WEC,20200326,0.065,0.065,0.065,0.065,1000
WEL,20200326,0.019,0.019,0.018,0.018,794800
WES,20200326,34.4,35.39,33.96,34.77,3616308
WGB,20200326,1.55,1.655,1.54,1.61,348051
WGN,20200326,0.65,0.685,0.635,0.655,327867
WGO,20200326,0.095,0.097,0.092,0.093,188986
WGX,20200326,1.7,1.775,1.665,1.7,11177344
WHC,20200326,1.86,1.89,1.795,1.825,4026396
WHF,20200326,4.1,4.1,3.9,3.99,17462
WHK,20200326,0.03,0.031,0.029,0.031,631846
WIC,20200326,0.65,0.657,0.65,0.65,57545
WKT,20200326,0.115,0.115,0.11,0.11,512204
WLD,20200326,0.036,0.036,0.036,0.036,91470
WLE,20200326,0.87,0.99,0.87,0.96,2186454
WMI,20200326,0.99,1.07,0.99,1.04,360059
WML,20200326,0.008,0.008,0.008,0.008,154734
WNB,20200326,0.005,0.006,0.005,0.006,3158658
WND,20200326,0.83,0.83,0.81,0.815,59925
WOA,20200326,0.1,0.11,0.1,0.11,77652
WOR,20200326,5.65,6.09,5.65,5.98,3323556
WOW,20200326,36.75,37.28,35.62,36.73,4423085
WPL,20200326,17.56,18.2,17.01,18,6867687
WPP,20200326,0.275,0.29,0.265,0.27,673918
WQG,20200326,1,1.03,0.98,0.98,189884
WRM,20200326,0.004,0.004,0.003,0.003,580000
WSA,20200326,1.9,1.995,1.85,1.935,2053211
WSI,20200326,0.011,0.012,0.011,0.012,520698
WSP,20200326,0.92,1.21,0.92,1.2,281413
WTC,20200326,12.8,14.11,12.19,13.8,1202810
WTL,20200326,0.024,0.024,0.024,0.024,24950
WWI,20200326,0.011,0.011,0.008,0.009,1659000
WZR,20200326,0.087,0.096,0.085,0.09,23886948
XAM,20200326,0.025,0.025,0.025,0.025,25779
XF1,20200326,0.15,0.15,0.13,0.135,148500
XPL,20200326,0.057,0.057,0.057,0.057,57265
XRF,20200326,0.155,0.155,0.155,0.155,31292
XRO,20200326,66.38,69.19,64.5,67.82,1102363
XTD,20200326,0.022,0.022,0.022,0.022,100000
XTE,20200326,0.435,0.45,0.425,0.45,40008
YAL,20200326,2.04,2.1,2.04,2.1,42260
YBR,20200326,0.061,0.061,0.051,0.051,520000
YOJ,20200326,0.019,0.019,0.014,0.016,2183915
YOW,20200326,0.045,0.045,0.04,0.04,47770
YPB,20200326,0.002,0.002,0.002,0.002,12141000
YRL,20200326,0.145,0.155,0.145,0.15,105000
Z1P,20200326,1.47,1.695,1.47,1.57,10804681
ZEL,20200326,3,3.05,2.85,2.89,69776
ZEN,20200326,0.865,0.9,0.85,0.88,624088
ZLD,20200326,0.028,0.032,0.028,0.03,817653
ZNO,20200326,1.345,1.56,1.325,1.48,5274737
XAF,20200326,5013.5,5173.4,5008.1,5115.9,0
XAO,20200326,5006.2,5193.8,5006.2,5135.2,1653819900
XAT,20200326,4945.3,5119.4,4945.3,5060.2,0
XDJ,20200326,1766.7,1868.1,1761.7,1844.5,0
XEC,20200326,830.6,897.1,830.8,892.5,0
XEJ,20200326,5713.3,6072.9,5713.3,5968.8,0
XFJ,20200326,4163.2,4249.5,4072.9,4178.7,0
XFL,20200326,5050.1,5210.4,5045.4,5152.5,0
XGD,20200326,6608.8,6616.7,6353,6377,0
XHJ,20200326,38885.7,41428.5,38885.7,41428.5,0
XIJ,20200326,946.4,1029.5,946.4,1016.8,0
XJO,20200326,4998.1,5174.4,4998.1,5113.3,0
XJR,20200326,3629.4,3722,3605.4,3641,0
XKO,20200326,4946.1,5122.1,4946.1,5062.3,0
XMD,20200326,4955.4,5201.2,4955.4,5126.8,0
XMJ,20200326,11037.1,11303.6,10995.1,11054.8,0
XMM,20200326,3701.3,3769.5,3663.2,3681.7,0
XNJ,20200326,4892.5,5105.1,4892.5,5066.8,0
XPJ,20200326,1011.3,1075.5,1011.3,1050.2,0
XSJ,20200326,11970.1,12213.1,11840.3,12021.6,0
XSO,20200326,1999.5,2097,1999.5,2069.8,0
XTJ,20200326,1036.4,1071.8,1031.5,1056.7,0
XTL,20200326,2896.4,2970.2,2877.4,2945.2,0
XTO,20200326,4159.4,4301.4,4159.4,4251.7,0
XUJ,20200326,6719.3,7051.4,6719.3,6944.7,0
XXJ,20200326,4643.4,4739.7,4542.6,4660.7,0
