360,20200318,1.96,1.99,1.96,1.96,41235
14D,20200318,0.13,0.13,0.11,0.13,140261
1AD,20200318,0.049,0.059,0.049,0.059,94647
1ST,20200318,0.03,0.03,0.023,0.023,5941752
3DA,20200318,0.094,0.094,0.084,0.084,398652
3DP,20200318,0.026,0.026,0.022,0.026,414080
3PL,20200318,0.765,0.765,0.7,0.725,62485
4DS,20200318,0.04,0.04,0.032,0.032,6327297
5GN,20200318,0.62,0.62,0.56,0.565,458172
88E,20200318,0.015,0.015,0.014,0.014,9068650
8CO,20200318,0.05,0.05,0.048,0.048,110000
8VI,20200318,0.35,0.35,0.35,0.35,3600
9SP,20200318,0.014,0.014,0.012,0.013,1245244
A2B,20200318,0.76,0.78,0.73,0.77,255732
A2M,20200318,15.16,15.98,14.92,15.95,10135353
A3D,20200318,0.095,0.095,0.086,0.088,361617
A4N,20200318,0.15,0.15,0.125,0.125,838734
AAA,20200318,50.09,50.1,50.09,50.1,393888
AAC,20200318,1.005,1.045,0.98,1.045,1493916
AAR,20200318,0.11,0.11,0.09,0.095,2934901
ABA,20200318,4.4,4.43,4.27,4.38,45816
ABC,20200318,2.32,2.38,2.11,2.15,2954406
ABP,20200318,2.61,2.74,2.61,2.62,10968312
ABR,20200318,0.255,0.255,0.225,0.23,725524
ABT,20200318,0.02,0.02,0.02,0.02,25000
ABV,20200318,0.017,0.019,0.017,0.019,331112
ABX,20200318,0.085,0.085,0.085,0.085,55000
AC8,20200318,0.17,0.18,0.165,0.18,953500
ACF,20200318,0.21,0.22,0.2,0.205,208617
ACQ,20200318,0.935,0.935,0.9,0.9,17501
ACR,20200318,0.11,0.11,0.105,0.11,69808
ACW,20200318,0.017,0.018,0.017,0.018,755594
AD8,20200318,5.08,5.08,4.06,4.11,576198
ADA,20200318,0.425,0.425,0.38,0.4,315055
ADH,20200318,1.09,1.105,0.9,0.925,6167927
ADI,20200318,2.3,2.34,2.215,2.22,747217
ADJ,20200318,0.011,0.012,0.01,0.01,5337650
ADN,20200318,0.03,0.031,0.026,0.027,15387001
ADO,20200318,0.015,0.016,0.015,0.016,1946016
ADR,20200318,0.02,0.02,0.02,0.02,31485
ADT,20200318,0.935,0.965,0.9,0.95,457236
AEE,20200318,0.005,0.005,0.004,0.005,22360074
AEF,20200318,2.58,2.6,2.52,2.54,171863
AEG,20200318,1.05,1.05,1.03,1.03,126038
AEI,20200318,0.49,0.66,0.48,0.525,6351814
AFG,20200318,1.365,1.475,1.25,1.305,1302917
AFI,20200318,5.73,5.75,5.52,5.52,1068606
AFL,20200318,0.1,0.1,0.095,0.095,60744
AFP,20200318,3.6,3.6,3.6,3.6,180
AGD,20200318,0.135,0.14,0.135,0.14,25871
AGE,20200318,0.002,0.002,0.002,0.002,1800000
AGG,20200318,5.7,6.18,5.7,5.97,15881
AGH,20200318,0.19,0.21,0.18,0.195,990327
AGI,20200318,0.62,0.62,0.57,0.57,46442
AGL,20200318,16.75,16.89,16.15,16.41,5082414
AGM,20200318,1.49,1.49,1.49,1.49,72280
AGR,20200318,0.08,0.08,0.07,0.07,22500
AGS,20200318,0.091,0.091,0.091,0.091,6109
AGY,20200318,0.039,0.039,0.036,0.036,1346404
AHF,20200318,0.073,0.074,0.07,0.074,132397
AHL,20200318,0.003,0.003,0.003,0.003,1022859
AHQ,20200318,0.08,0.08,0.069,0.073,224185
AHX,20200318,0.425,0.425,0.425,0.425,4001200
AHY,20200318,0.935,0.97,0.925,0.94,533044
AHZ,20200318,4.5,4.5,4.36,4.36,3446
AIA,20200318,5.07,5.21,4.875,5,774520
AIS,20200318,0.039,0.044,0.039,0.04,917076
AJL,20200318,0.058,0.058,0.051,0.051,75000
AJM,20200318,0.038,0.04,0.035,0.035,4292625
AJX,20200318,0.043,0.043,0.041,0.041,439129
AKG,20200318,0.37,0.37,0.37,0.37,1466
AKM,20200318,0.069,0.069,0.062,0.062,72423
AKP,20200318,12,12.99,12,12.02,10441
ALC,20200318,0.13,0.13,0.11,0.115,5774345
ALF,20200318,0.86,0.86,0.845,0.845,513208
ALG,20200318,0.25,0.25,0.185,0.205,3353974
ALI,20200318,2.08,2.12,2.05,2.08,151696
ALK,20200318,0.54,0.585,0.51,0.555,3749364
ALL,20200318,20.37,21.28,17.28,19.01,6996534
ALQ,20200318,5,5.6,4.75,4.91,3181674
ALT,20200318,0.002,0.002,0.002,0.002,3480000
ALU,20200318,25.98,25.98,23.11,24.88,1797375
ALX,20200318,5.22,5.39,4.85,5.05,8532398
ALY,20200318,0.011,0.011,0.011,0.011,90000
AMA,20200318,0.285,0.315,0.24,0.24,7151908
AMC,20200318,10.04,10.78,10,10.34,14230107
AME,20200318,0.05,0.057,0.05,0.054,909991
AMG,20200318,0.031,0.035,0.029,0.033,1061308
AMH,20200318,0.82,0.82,0.8,0.815,243544
AMI,20200318,0.245,0.28,0.24,0.265,6364654
AML,20200318,0.085,0.085,0.07,0.085,481422
AMN,20200318,0.24,0.25,0.23,0.25,23058
AMO,20200318,0.055,0.055,0.055,0.055,199273
AMP,20200318,1.44,1.45,1.33,1.37,29212281
AMS,20200318,0.43,0.445,0.35,0.35,1133341
AMT,20200318,0.15,0.15,0.15,0.15,138444
AMX,20200318,1.06,1.06,0.81,0.86,98406
ANA,20200318,0.005,0.005,0.005,0.005,2460000
ANG,20200318,0.13,0.13,0.13,0.13,42227
ANL,20200318,0.001,0.001,0.001,0.001,120000
ANN,20200318,26.7,26.79,23.36,24.01,1147169
ANP,20200318,0.044,0.046,0.038,0.038,1038300
ANR,20200318,0.18,0.205,0.18,0.2,14000
ANZ,20200318,18.08,18.25,16.43,16.62,18588946
AOF,20200318,2.5,2.5,2.5,2.5,17
AOP,20200318,0.165,0.17,0.16,0.165,588587
AOU,20200318,0.035,0.035,0.031,0.031,284785
APA,20200318,8.76,9.36,8.7,9.15,7399482
APC,20200318,0.069,0.069,0.068,0.068,51313
APD,20200318,0.535,0.535,0.47,0.49,279477
APE,20200318,4.91,4.99,4.16,4.26,2441355
API,20200318,1.17,1.225,1.165,1.2,3519790
APL,20200318,0.87,0.9,0.87,0.885,1284206
APT,20200318,18.4,18.73,11.92,12.76,14676342
APV,20200318,0.13,0.135,0.13,0.13,324814
APX,20200318,19.05,19.73,18.17,19.06,2185889
APZ,20200318,0.91,0.91,0.9,0.9,28497
AQC,20200318,0.12,0.12,0.115,0.115,23706
AQD,20200318,0.009,0.009,0.008,0.008,1861450
AQG,20200318,5.45,5.98,5.45,5.8,899932
AQI,20200318,0.041,0.041,0.04,0.04,219390
AQR,20200318,3,3,2.87,2.88,214970
AQS,20200318,0.014,0.016,0.014,0.016,180000
AQX,20200318,0.015,0.016,0.014,0.014,4013338
AQZ,20200318,1.24,1.285,1.21,1.21,668367
ARB,20200318,14.7,15.09,14,14.62,462218
ARD,20200318,0.011,0.011,0.011,0.011,1753571
ARF,20200318,1.74,1.885,1.715,1.735,2086527
ARG,20200318,7.14,7.19,6.8,6.81,508427
ARL,20200318,0.195,0.24,0.185,0.19,501364
ARN,20200318,0.09,0.1,0.09,0.1,110000
ARQ,20200318,0.081,0.09,0.076,0.08,346160
ARS,20200318,0.015,0.015,0.014,0.014,1581808
ARU,20200318,0.062,0.062,0.057,0.057,1325203
ARV,20200318,0.024,0.025,0.022,0.022,1152469
AS1,20200318,0.115,0.115,0.11,0.11,31068
ASB,20200318,3.03,3.09,2.63,2.77,4484436
ASG,20200318,1.095,1.095,1.05,1.06,339679
ASH,20200318,0.27,0.27,0.265,0.265,29873
ASN,20200318,0.021,0.021,0.02,0.02,267818
AST,20200318,1.6,1.725,1.59,1.71,15257184
ASX,20200318,69.51,72.79,67.5,69.45,1288696
ATC,20200318,0.052,0.052,0.048,0.051,1861921
ATH,20200318,0.013,0.013,0.012,0.012,319937
ATL,20200318,0.13,0.13,0.115,0.125,176729
ATP,20200318,0.008,0.008,0.007,0.007,90918
ATS,20200318,0.02,0.02,0.019,0.019,2736466
ATU,20200318,0.142,0.142,0.135,0.14,793818
ATX,20200318,0.05,0.05,0.05,0.05,10000
AU8,20200318,0.037,0.037,0.033,0.034,1278894
AUB,20200318,11.92,13.22,10.98,11.75,942843
AUC,20200318,0.01,0.011,0.01,0.011,876002
AUH,20200318,0.002,0.002,0.002,0.002,3322889
AUI,20200318,7.54,7.54,7.25,7.29,47963
AUP,20200318,3,3,3,3,1000
AUQ,20200318,0.019,0.019,0.017,0.017,217826
AUT,20200318,0.019,0.02,0.018,0.018,4868950
AUZ,20200318,0.009,0.01,0.008,0.008,5015742
AV1,20200318,0.088,0.097,0.088,0.092,264155
AVE,20200318,0.002,0.002,0.002,0.002,4500000
AVG,20200318,0.39,0.395,0.375,0.375,202316
AVH,20200318,0.375,0.38,0.335,0.34,30410645
AVJ,20200318,0.45,0.47,0.435,0.435,264815
AVL,20200318,0.009,0.009,0.008,0.008,5066587
AVN,20200318,2.04,2.08,1.9,1.9,1597225
AVZ,20200318,0.053,0.053,0.048,0.049,7318487
AWC,20200318,1.54,1.56,1.43,1.465,20531090
AWV,20200318,0.007,0.007,0.007,0.007,24000
AWY,20200318,0.028,0.028,0.025,0.025,250000
AX1,20200318,1.045,1.045,0.88,0.905,4852001
AX8,20200318,0.026,0.026,0.024,0.024,376047
AXE,20200318,0.16,0.185,0.15,0.15,363246
AXI,20200318,0.042,0.042,0.042,0.042,53431
AYS,20200318,0.26,0.265,0.25,0.265,1464542
AZI,20200318,0.005,0.005,0.004,0.004,612792
AZJ,20200318,3.88,3.97,3.76,3.87,17518295
AZS,20200318,0.063,0.072,0.063,0.072,412170
AZV,20200318,0.07,0.07,0.07,0.07,7646
AZY,20200318,0.013,0.013,0.011,0.011,8556994
BAF,20200318,0.7,0.702,0.695,0.695,86737
BAP,20200318,4.56,4.63,4.36,4.45,3873890
BAS,20200318,0.001,0.001,0.001,0.001,132035
BAT,20200318,0.006,0.006,0.006,0.006,175518
BBC,20200318,0.5,0.5,0.45,0.45,2803
BBN,20200318,2.24,2.28,1.895,1.9,1072573
BC8,20200318,0.235,0.235,0.235,0.235,6500
BCB,20200318,0.033,0.037,0.028,0.03,3656922
BCC,20200318,0.195,0.2,0.195,0.2,29315
BCI,20200318,0.12,0.12,0.115,0.12,159221
BCK,20200318,0.018,0.018,0.018,0.018,604
BCN,20200318,0.029,0.029,0.027,0.029,5030261
BCT,20200318,0.07,0.07,0.059,0.063,905291
BD1,20200318,0.022,0.023,0.022,0.023,682519
BDA,20200318,0.14,0.15,0.13,0.13,281016
BDC,20200318,0.056,0.056,0.048,0.05,6530158
BDG,20200318,0.06,0.061,0.06,0.06,161666
BEN,20200318,6.4,6.4,6.07,6.18,4392584
BET,20200318,0.18,0.18,0.13,0.145,2752073
BFC,20200318,0.07,0.07,0.064,0.064,37988
BFG,20200318,0.785,0.785,0.725,0.735,361109
BGA,20200318,4.04,4.3,4,4.14,2135161
BGL,20200318,0.37,0.385,0.34,0.34,8342070
BGT,20200318,0.11,0.11,0.1,0.1,50000
BHP,20200318,28.38,28.92,26.82,27.14,21303555
BID,20200318,0.595,0.595,0.475,0.48,406418
BIN,20200318,2.29,2.36,2.05,2.08,5888006
BIT,20200318,0.098,0.1,0.088,0.089,4707466
BKI,20200318,1.345,1.35,1.28,1.3,372781
BKL,20200318,69.38,71.96,67.44,70.5,159391
BKT,20200318,0.031,0.031,0.029,0.029,259799
BKW,20200318,14.84,15.55,14.52,15.16,508151
BKY,20200318,0.115,0.115,0.115,0.115,20000
BLD,20200318,2.74,2.74,2.27,2.37,34403091
BLG,20200318,0.04,0.04,0.033,0.033,1298289
BLK,20200318,0.008,0.009,0.008,0.008,10862160
BLT,20200318,0.024,0.024,0.023,0.023,100325
BLU,20200318,0.024,0.024,0.019,0.019,2186161
BLV,20200318,0.25,0.26,0.25,0.26,23364
BLX,20200318,0.8,0.815,0.71,0.71,33178
BLY,20200318,0.59,0.63,0.53,0.53,11986
BLZ,20200318,0.007,0.007,0.007,0.007,193756
BMG,20200318,0.002,0.002,0.002,0.002,245000
BMN,20200318,0.024,0.024,0.019,0.02,1800929
BNL,20200318,0.004,0.004,0.004,0.004,578445
BNO,20200318,0.04,0.042,0.037,0.042,377439
BOA,20200318,0.21,0.22,0.18,0.22,37966
BOC,20200318,0.23,0.23,0.215,0.215,5000
BOE,20200318,0.042,0.042,0.035,0.04,1177752
BOL,20200318,0.115,0.115,0.115,0.115,116861
BOQ,20200318,5.45,5.54,5.22,5.44,4478483
BOT,20200318,0.08,0.082,0.076,0.078,1092657
BPH,20200318,0.001,0.001,0.001,0.001,500000
BPL,20200318,0.012,0.012,0.011,0.011,50000
BPT,20200318,1.16,1.17,1.075,1.105,22457528
BRB,20200318,0.13,0.13,0.115,0.12,129165
BRG,20200318,14.47,14.47,12.48,12.5,700467
BRI,20200318,1.45,1.45,1.45,1.45,608
BRK,20200318,0.004,0.004,0.004,0.004,5081711
BRL,20200318,0.07,0.07,0.066,0.068,375388
BRN,20200318,0.033,0.034,0.031,0.031,1817324
BRU,20200318,0.089,0.091,0.086,0.089,423272
BRV,20200318,0.019,0.021,0.017,0.017,5939223
BSA,20200318,0.3,0.3,0.28,0.3,58719
BSE,20200318,0.155,0.16,0.147,0.147,30404899
BSL,20200318,9.85,10.22,9.36,9.4,4778554
BSM,20200318,0.004,0.004,0.004,0.004,300000
BSR,20200318,0.013,0.013,0.012,0.012,2887736
BSX,20200318,0.098,0.098,0.093,0.093,263827
BTC,20200318,0.071,0.076,0.071,0.076,118121
BTH,20200318,0.395,0.42,0.35,0.365,2650126
BTI,20200318,0.73,0.73,0.72,0.72,60447
BUB,20200318,0.53,0.56,0.51,0.545,9490562
BUD,20200318,0.01,0.011,0.008,0.008,12094053
BUY,20200318,0.005,0.005,0.005,0.005,80000
BVS,20200318,3.45,3.45,3.14,3.25,2790865
BWP,20200318,3.18,3.33,2.92,2.92,4032656
BWR,20200318,1.15,1.15,1.15,1.15,6861
BWX,20200318,2.69,2.87,2.64,2.81,928885
BXB,20200318,9.52,9.7,9.13,9.27,13659343
BXN,20200318,0.01,0.01,0.01,0.01,50000
BYE,20200318,0.135,0.14,0.13,0.135,1401099
BYH,20200318,0.023,0.025,0.023,0.025,55638
C6C,20200318,0.38,0.42,0.38,0.42,9980
CAA,20200318,0.089,0.089,0.085,0.085,736629
CAD,20200318,0.001,0.001,0.001,0.001,2000000
CAF,20200318,0.085,0.089,0.085,0.089,140405
CAG,20200318,0.325,0.325,0.29,0.325,132420
CAI,20200318,0.21,0.24,0.205,0.215,158765
CAJ,20200318,0.225,0.23,0.215,0.225,1365319
CAM,20200318,0.76,0.77,0.735,0.735,44989
CAN,20200318,0.71,0.745,0.65,0.65,544168
CAP,20200318,0.013,0.015,0.013,0.014,1457824
CAR,20200318,12.45,12.95,11.76,12.19,2212738
CAT,20200318,0.8,0.8,0.65,0.66,1232794
CAU,20200318,0.087,0.095,0.086,0.089,415420
CAY,20200318,0.07,0.07,0.062,0.062,1895355
CAZ,20200318,0.019,0.019,0.019,0.019,1133600
CBA,20200318,65.96,66.9,61.96,63.95,10404325
CBE,20200318,0.12,0.12,0.09,0.09,502658
CBR,20200318,1.7,1.705,1.25,1.31,2523964
CBY,20200318,0.1,0.1,0.092,0.092,75000
CCA,20200318,0.077,0.082,0.07,0.07,617975
CCE,20200318,0.001,0.001,0.001,0.001,1850876
CCG,20200318,0.041,0.041,0.041,0.041,75000
CCL,20200318,9.87,10.04,8.52,8.86,5724730
CCP,20200318,15.45,15.45,12,12.31,1088877
CCV,20200318,0.145,0.15,0.14,0.145,433719
CCX,20200318,1.88,1.88,1.51,1.6,4170816
CCZ,20200318,0.011,0.012,0.011,0.011,1250000
CD3,20200318,1,1,1,1,5000
CDA,20200318,5.45,5.6,4.62,4.95,710739
CDD,20200318,0.29,0.335,0.255,0.335,367354
CDM,20200318,0.46,0.46,0.41,0.41,1219342
CDP,20200318,3.81,3.99,3.75,3.8,32837
CDT,20200318,0.005,0.005,0.005,0.005,2449970
CDV,20200318,0.34,0.355,0.295,0.305,1657128
CDX,20200318,0.018,0.018,0.018,0.018,151516
CDY,20200318,0.09,0.09,0.083,0.083,168342
CE1,20200318,0.004,0.004,0.004,0.004,215000
CEL,20200318,0.11,0.11,0.098,0.105,5313785
CEN,20200318,6.3,6.3,5.53,5.53,5514
CG1,20200318,0.19,0.19,0.18,0.18,83529
CGC,20200318,2.98,3.11,2.92,2.97,10190546
CGF,20200318,4.85,4.91,4.1,4.1,5835913
CGL,20200318,1.55,1.59,1.4,1.55,672174
CGN,20200318,0.008,0.008,0.008,0.008,5000
CGR,20200318,0.49,0.49,0.48,0.49,104816
CGS,20200318,0.355,0.355,0.35,0.355,232462
CHC,20200318,7.31,7.68,6.81,7.04,6427229
CHZ,20200318,0.055,0.055,0.05,0.055,265362
CI1,20200318,0.028,0.028,0.025,0.026,2338284
CIA,20200318,1.715,1.715,1.485,1.54,1086308
CIE,20200318,0.67,0.67,0.655,0.66,27346
CII,20200318,0.91,0.91,0.91,0.91,50
CIM,20200318,19.64,19.68,18.2,18.92,1427791
CIN,20200318,23.3,23.4,22,23.4,6910
CIO,20200318,0.002,0.002,0.002,0.002,1935001
CIP,20200318,2.77,2.77,2.66,2.73,1296987
CKA,20200318,0.03,0.03,0.03,0.03,99910
CKF,20200318,4.22,5,3.5,4.98,4352782
CL1,20200318,1.05,1.135,0.965,0.97,600739
CL8,20200318,0.009,0.009,0.009,0.009,271662
CLA,20200318,0.008,0.008,0.007,0.007,497546
CLB,20200318,0.051,0.051,0.048,0.048,70000
CLF,20200318,0.98,0.98,0.96,0.96,20730
CLQ,20200318,0.145,0.145,0.125,0.13,660984
CLV,20200318,2,2,1.76,1.76,360043
CLW,20200318,4.3,4.4,4.08,4.14,4016160
CLZ,20200318,0.001,0.001,0.001,0.001,4450000
CM8,20200318,0.017,0.017,0.016,0.016,299408
CML,20200318,0.007,0.007,0.006,0.007,1172900
CMM,20200318,1,1.05,1,1.02,211117
CMP,20200318,0.41,0.41,0.35,0.36,498031
CMW,20200318,1,1,0.95,0.95,14723115
CNB,20200318,0.046,0.046,0.045,0.046,100000
CNI,20200318,1.95,2.05,1.89,1.985,2438147
CNJ,20200318,0.005,0.005,0.005,0.005,500000
CNL,20200318,0.12,0.12,0.12,0.12,20000
CNU,20200318,6.14,6.44,6.09,6.32,1274379
CNW,20200318,0.017,0.019,0.017,0.017,429232
COB,20200318,0.098,0.098,0.092,0.095,53639
COE,20200318,0.415,0.43,0.39,0.39,6869000
COF,20200318,2.19,2.2,2.11,2.14,1406302
COG,20200318,0.045,0.045,0.036,0.036,4317901
COH,20200318,169.03,178.82,160.2,170.67,709454
COI,20200318,0.068,0.072,0.063,0.063,1918420
COL,20200318,17.1,17.42,16.71,16.97,12754213
COY,20200318,0.004,0.004,0.004,0.004,25000
CP1,20200318,0.105,0.105,0.105,0.105,1500
CPH,20200318,0.058,0.058,0.054,0.056,845639
CPT,20200318,0.028,0.028,0.028,0.028,30479
CPU,20200318,9.47,9.49,8.8,9.01,4345154
CPV,20200318,0.063,0.063,0.062,0.062,60210
CQE,20200318,1.91,1.95,1.8,1.83,2032619
CQR,20200318,3.77,3.97,3.32,3.38,3654891
CR1,20200318,0.15,0.15,0.15,0.15,20000
CRL,20200318,0.015,0.015,0.015,0.015,40000
CRN,20200318,1.35,1.45,1.21,1.23,290984
CRS,20200318,0.105,0.105,0.092,0.1,185330
CSL,20200318,297.2,298,270.26,271.4,2602707
CSR,20200318,3.39,3.41,3.125,3.24,5985960
CSS,20200318,0.5,0.5,0.45,0.48,54565
CT1,20200318,0.018,0.018,0.013,0.015,447777
CTD,20200318,7.22,7.23,6.54,6.54,1103760
CTM,20200318,0.007,0.007,0.006,0.007,6373738
CTO,20200318,0.003,0.003,0.003,0.003,2891145
CTP,20200318,0.08,0.08,0.075,0.08,687447
CTX,20200318,20.99,21.27,19.7,19.77,3230329
CUP,20200318,0.83,0.85,0.82,0.85,24352
CUV,20200318,15.04,15.5,13.79,13.95,265127
CUX,20200318,0.004,0.004,0.004,0.004,129149
CV1,20200318,0.075,0.075,0.075,0.075,132500
CVC,20200318,1.4,1.4,1.37,1.37,13946
CVF,20200318,0.8,0.8,0.78,0.78,18289
CVL,20200318,0.48,0.48,0.46,0.48,25500
CVN,20200318,0.15,0.155,0.145,0.145,3300354
CVW,20200318,0.26,0.26,0.24,0.25,226151
CWN,20200318,7,7.06,6.28,6.35,5265285
CWP,20200318,5.1,5.15,4.94,5.03,92387
CWX,20200318,0.17,0.17,0.155,0.155,238974
CWY,20200318,1.845,1.86,1.655,1.655,20448958
CXL,20200318,0.74,0.75,0.71,0.73,107917
CXO,20200318,0.023,0.023,0.021,0.022,2190162
CXU,20200318,0.013,0.014,0.013,0.014,91316
CY5,20200318,0.03,0.03,0.03,0.03,35000
CYG,20200318,0.73,0.73,0.715,0.715,4445
CYL,20200318,2.13,2.14,2.11,2.11,30524
CYM,20200318,0.16,0.16,0.15,0.15,26712
CYP,20200318,0.785,0.79,0.75,0.777,266598
CZI,20200318,0.062,0.062,0.059,0.059,230365
CZL,20200318,0.004,0.004,0.004,0.004,3477989
CZN,20200318,0.002,0.002,0.002,0.002,999999
D2O,20200318,1.275,1.3,1.205,1.205,251081
DAV,20200318,0.035,0.035,0.035,0.035,50000
DBF,20200318,1.05,1.05,0.98,0.98,690669
DCC,20200318,0.012,0.013,0.012,0.012,3079453
DDD,20200318,0.001,0.001,0.001,0.001,1000000
DDR,20200318,5.2,5.36,4.89,5.11,258800
DDT,20200318,0.005,0.005,0.005,0.005,445076
DEG,20200318,0.205,0.225,0.19,0.195,20314308
DEM,20200318,0.115,0.13,0.115,0.12,79415
DEV,20200318,0.033,0.04,0.033,0.04,152050
DGH,20200318,1.2,1.2,1.2,1.2,20100
DGO,20200318,1.6,1.6,1.6,1.6,1009980
DGR,20200318,0.05,0.054,0.05,0.053,17000
DHG,20200318,2.12,2.14,1.93,1.975,1604745
DHR,20200318,0.002,0.002,0.001,0.002,7262768
DIV,20200318,18.3,18.3,17.33,17.33,62515
DJW,20200318,2.52,2.53,2.41,2.44,176002
DKM,20200318,0.1,0.1,0.1,0.1,25000
DLC,20200318,0.005,0.005,0.005,0.005,300000
DMP,20200318,50,52.97,46.35,48.38,998353
DNA,20200318,0.037,0.039,0.034,0.034,1996078
DNK,20200318,0.31,0.32,0.305,0.305,196582
DOW,20200318,3.57,3.59,3.26,3.46,6491904
DRE,20200318,0.003,0.003,0.003,0.003,72000
DRO,20200318,0.115,0.12,0.105,0.105,203025
DRX,20200318,0.008,0.009,0.008,0.009,1016687
DSE,20200318,0.034,0.037,0.033,0.036,1444318
DTC,20200318,0.767,0.77,0.76,0.77,67320
DTL,20200318,2.92,3.13,2.8,2.92,2412319
DTR,20200318,0.002,0.002,0.002,0.002,485000
DTS,20200318,0.086,0.086,0.086,0.086,35738
DTZ,20200318,0.046,0.046,0.045,0.045,47532
DUB,20200318,0.61,0.62,0.5,0.525,1402928
DUI,20200318,3.78,3.78,3.65,3.71,97198
DVL,20200318,0.016,0.016,0.016,0.016,9642
DW8,20200318,0.005,0.005,0.005,0.005,172800
DWS,20200318,0.71,0.72,0.68,0.69,212621
DXB,20200318,0.14,0.145,0.14,0.145,178337
DXS,20200318,10.56,10.785,10.02,10.02,11171766
DYL,20200318,0.155,0.165,0.15,0.16,68538
E25,20200318,0.105,0.11,0.105,0.11,81770
E2E,20200318,0.001,0.001,0.001,0.001,5700000
EAF,20200318,1.2,1.205,1.2,1.2,80055
EAI,20200318,0.94,0.94,0.9,0.935,518375
EAS,20200318,0.75,0.75,0.75,0.75,4000
EAX,20200318,0.135,0.135,0.135,0.135,6800
EBO,20200318,19.81,21.725,19.81,21.725,22354
ECF,20200318,1.07,1.07,1.02,1.035,424097
ECG,20200318,0.025,0.025,0.025,0.025,25000
ECL,20200318,1.155,1.155,1.155,1.155,3282
ECS,20200318,0.02,0.02,0.02,0.02,70422
ECX,20200318,0.825,0.835,0.675,0.715,4845018
EDC,20200318,1.03,1.03,0.97,0.97,25000
EDE,20200318,0.023,0.023,0.021,0.021,925977
EEG,20200318,0.2,0.2,0.19,0.19,158429
EEU,20200318,17.61,17.61,17.59,17.59,1155
EFE,20200318,0.003,0.003,0.003,0.003,787500
EFF,20200318,1.28,1.28,1.28,1.28,13817
EGD,20200318,2.2,2.21,2.18,2.18,347664
EGF,20200318,1.47,1.54,1.47,1.47,92315
EGG,20200318,1.13,1.13,1.01,1.02,839546
EGH,20200318,0.3,0.3,0.3,0.3,122298
EGI,20200318,0.83,0.83,0.83,0.83,192777
EGN,20200318,0.445,0.45,0.44,0.45,42833
EGR,20200318,0.057,0.059,0.054,0.054,283469
EHE,20200318,1.14,1.18,1.065,1.1,2784734
EHH,20200318,0.155,0.165,0.14,0.15,2629276
EHL,20200318,0.92,0.93,0.84,0.875,2492660
ELD,20200318,7.87,8.43,7.77,8.12,1182115
ELO,20200318,5.45,5.45,4.63,4.8,197869
ELS,20200318,0.29,0.29,0.26,0.27,43747
ELX,20200318,0.515,0.55,0.485,0.55,335882
EM1,20200318,0.005,0.007,0.005,0.007,1058214
EMD,20200318,0.046,0.046,0.044,0.044,125000
EML,20200318,1.95,1.95,1.52,1.54,8113057
EMP,20200318,0.022,0.022,0.022,0.022,13334
EMR,20200318,0.039,0.039,0.036,0.038,977299
EMT,20200318,0.01,0.01,0.01,0.01,1500000
EMV,20200318,0.51,0.51,0.46,0.47,95630
EN1,20200318,0.019,0.019,0.017,0.017,4647504
ENN,20200318,1.38,1.38,1.25,1.3,308477
ENR,20200318,0.082,0.094,0.082,0.083,25639
EOF,20200318,1.32,1.365,1.25,1.35,632104
EOL,20200318,2.25,2.25,2.25,2.25,8356
EOS,20200318,4,4.04,3.5,3.88,2404112
EPD,20200318,0.29,0.3,0.29,0.3,36773
EPM,20200318,0.004,0.004,0.004,0.004,2200000
EQE,20200318,0.006,0.006,0.005,0.005,2474000
EQT,20200318,22.8,23.34,22.01,22.25,20629
ERA,20200318,0.147,0.15,0.145,0.15,112116
ERF,20200318,1.11,1.11,1.01,1.01,7108
ERG,20200318,0.059,0.062,0.059,0.062,111998
ERL,20200318,0.009,0.009,0.008,0.008,724229
ERM,20200318,0.071,0.079,0.071,0.071,302268
ERX,20200318,0.036,0.036,0.033,0.033,522111
ESH,20200318,0.005,0.005,0.005,0.005,640000
ETF,20200318,17.2,17.3,16.35,16.35,5207
EUC,20200318,0.01,0.01,0.01,0.01,11000
EUR,20200318,0.044,0.044,0.04,0.04,666521
EVE,20200318,0.004,0.004,0.004,0.004,2750000
EVN,20200318,3.72,4.13,3.72,3.95,20931343
EVO,20200318,0.06,0.063,0.059,0.059,2795619
EVS,20200318,0.089,0.089,0.081,0.083,1254730
EVT,20200318,8.1,8.1,6.51,7.2,388658
EWC,20200318,0.061,0.061,0.056,0.056,651952
EX1,20200318,0.2,0.2,0.16,0.19,136088
EXL,20200318,0.26,0.28,0.215,0.215,1337492
EXP,20200318,0.086,0.086,0.07,0.07,855629
EXR,20200318,0.025,0.026,0.025,0.025,1352489
EZL,20200318,0.8,0.8,0.72,0.78,144710
FAR,20200318,0.014,0.014,0.012,0.012,37012807
FAU,20200318,0.008,0.008,0.008,0.008,137173
FBR,20200318,0.018,0.02,0.016,0.016,5117780
FBU,20200318,3.91,3.91,3.5,3.6,2800417
FCL,20200318,2.39,2.4,2.16,2.32,269022
FCT,20200318,0.105,0.105,0.09,0.098,178087
FDV,20200318,0.715,0.715,0.665,0.695,101182
FEX,20200318,0.033,0.036,0.033,0.036,1042740
FFG,20200318,0.004,0.004,0.004,0.004,139501
FFI,20200318,4.71,5,4.71,5,1584
FFL,20200318,0.26,0.26,0.175,0.18,507924
FGG,20200318,1.085,1.09,1.075,1.085,357964
FGO,20200318,0.002,0.002,0.001,0.001,2000000
FGR,20200318,0.1,0.1,0.092,0.092,343808
FGX,20200318,0.905,0.905,0.875,0.875,374545
FHS,20200318,0.025,0.025,0.024,0.024,2518353
FID,20200318,4.4,4.4,4.01,4.12,45903
FLC,20200318,0.365,0.38,0.325,0.365,495933
FLN,20200318,0.35,0.35,0.31,0.31,77700
FLT,20200318,15.6,15.71,14.12,14.8,2562497
FMG,20200318,10.69,10.98,9.92,10.35,26270041
FML,20200318,0.175,0.18,0.175,0.175,31000
FMS,20200318,0.031,0.031,0.031,0.031,197943
FNP,20200318,4.82,5.09,4.75,4.95,1567517
FNT,20200318,0.008,0.008,0.007,0.007,673131
FOD,20200318,0.077,0.078,0.073,0.073,514243
FOR,20200318,0.75,0.75,0.68,0.68,151834
FPC,20200318,0.69,0.71,0.685,0.71,85722
FPH,20200318,27.73,27.96,25.36,26,1675574
FPL,20200318,0.002,0.002,0.002,0.002,560520
FPP,20200318,0.68,0.68,0.68,0.68,1489
FRI,20200318,0.7,0.75,0.65,0.745,21035
FRM,20200318,0.21,0.23,0.21,0.23,33746
FSA,20200318,1.02,1.05,0.96,0.96,34803
FSF,20200318,3.61,3.78,3.61,3.78,1230
FSI,20200318,1.425,1.425,1.37,1.37,54500
FTC,20200318,0.072,0.084,0.072,0.075,40241
FTZ,20200318,0.07,0.072,0.07,0.07,116779
FUN,20200318,0.015,0.015,0.01,0.01,267071
FWD,20200318,1.33,1.35,1.235,1.35,97103
FXL,20200318,1.025,1.04,0.795,0.795,2935613
FYI,20200318,0.046,0.046,0.042,0.043,304062
FZO,20200318,0.08,0.085,0.078,0.085,758689
G1A,20200318,0.167,0.195,0.167,0.195,1183764
GAL,20200318,0.13,0.13,0.11,0.11,301279
GAP,20200318,0.125,0.135,0.117,0.12,833203
GAS,20200318,0.38,0.38,0.38,0.38,40000
GBE,20200318,0.01,0.01,0.01,0.01,964538
GBP,20200318,0.018,0.018,0.018,0.018,4702
GBR,20200318,0.028,0.028,0.028,0.028,25000
GBZ,20200318,0.06,0.06,0.05,0.05,50000
GC1,20200318,0.61,0.61,0.58,0.58,30510
GCI,20200318,1.65,1.68,1.6,1.62,74818
GDF,20200318,1.13,1.15,1.12,1.12,137477
GDI,20200318,1.105,1.26,1.09,1.125,1937899
GDX,20200318,37.89,42,37.89,40.15,77881
GEM,20200318,0.86,0.86,0.76,0.76,8832883
GES,20200318,0.006,0.006,0.006,0.006,150000
GEV,20200318,0.08,0.08,0.08,0.08,175178
GFL,20200318,1.6,1.6,1.59,1.6,13313
GGG,20200318,0.08,0.082,0.073,0.073,700530
GIB,20200318,0.03,0.03,0.03,0.03,10000
GLL,20200318,0.43,0.43,0.35,0.405,151653
GLN,20200318,0.18,0.19,0.16,0.185,469202
GMA,20200318,2.25,2.25,2,2.03,1581698
GMD,20200318,0.026,0.027,0.026,0.026,1034713
GMG,20200318,11.62,12.03,11.28,11.36,14211363
GML,20200318,0.012,0.012,0.012,0.012,91666
GMR,20200318,0.007,0.008,0.005,0.005,12796940
GMV,20200318,0.046,0.066,0.045,0.06,1643642
GNC,20200318,7.18,7.68,7.18,7.38,2076173
GNE,20200318,2.52,2.6,2.5,2.52,56406
GNG,20200318,0.72,0.795,0.72,0.795,8854
GNM,20200318,0.005,0.005,0.005,0.005,24945
GNX,20200318,0.115,0.12,0.1,0.11,614625
GO2,20200318,0.011,0.011,0.011,0.011,38246
GOR,20200318,1.07,1.18,1.02,1.02,21110034
GOW,20200318,1.6,1.6,1.55,1.55,19840
GOZ,20200318,3.3,3.36,2.91,2.91,2831945
GPR,20200318,0.29,0.31,0.28,0.28,135254
GPT,20200318,4.68,4.68,4.05,4.05,14951192
GPX,20200318,0.042,0.042,0.04,0.04,397719
GRB,20200318,0.049,0.049,0.045,0.045,458876
GRL,20200318,0.125,0.14,0.125,0.125,68557
GRR,20200318,0.18,0.185,0.17,0.17,1527030
GRV,20200318,0.018,0.018,0.018,0.018,66666
GSM,20200318,0.081,0.081,0.078,0.078,10000
GSN,20200318,0.04,0.041,0.04,0.04,351121
GSS,20200318,1.03,1.06,0.96,1,426003
GSW,20200318,0.295,0.33,0.29,0.295,197607
GTE,20200318,0.002,0.002,0.002,0.002,2000000
GTG,20200318,0.004,0.004,0.004,0.004,91285
GTK,20200318,1.3,1.3,1.09,1.17,26786
GTN,20200318,0.5,0.535,0.49,0.5,80677
GTR,20200318,0.004,0.004,0.004,0.004,189856
GUD,20200318,9.33,9.47,8.83,8.94,455563
GVF,20200318,0.9,0.9,0.855,0.89,95872
GWA,20200318,2.69,2.92,2.62,2.66,2702820
GXY,20200318,0.82,0.845,0.77,0.785,3498279
HAS,20200318,0.07,0.07,0.055,0.06,793848
HAV,20200318,0.07,0.07,0.07,0.07,50000
HCH,20200318,0.014,0.014,0.012,0.012,7096347
HCT,20200318,0.093,0.093,0.082,0.086,1999138
HE8,20200318,0.092,0.092,0.083,0.083,209586
HFR,20200318,0.405,0.405,0.36,0.365,279122
HGO,20200318,0.039,0.039,0.039,0.039,7399
HIL,20200318,0.205,0.205,0.19,0.2,435122
HIP,20200318,0.009,0.013,0.007,0.013,739560
HIT,20200318,1.03,1.03,0.9,0.93,57500
HLA,20200318,0.87,0.87,0.85,0.85,34300
HLO,20200318,1.6,1.6,1.42,1.42,283181
HLS,20200318,2.48,2.67,2.47,2.58,6573124
HLX,20200318,0.007,0.007,0.007,0.007,100000
HM1,20200318,2.18,2.18,2.09,2.15,346781
HMC,20200318,2.6,2.66,2.24,2.3,277575
HMD,20200318,0.073,0.073,0.065,0.065,195919
HMX,20200318,0.013,0.013,0.011,0.011,2048062
HNR,20200318,0.004,0.004,0.004,0.004,68006
HPI,20200318,2.13,2.18,1.95,1.95,846647
HRL,20200318,0.09,0.09,0.089,0.089,163789
HRN,20200318,0.2,0.2,0.2,0.2,3080
HRR,20200318,0.049,0.049,0.049,0.049,112781
HRZ,20200318,0.071,0.071,0.069,0.069,439164
HSC,20200318,0.004,0.004,0.004,0.004,88022
HSN,20200318,2.75,2.9,2.71,2.85,618547
HT1,20200318,1.185,1.445,1.185,1.305,81007
HT8,20200318,0.016,0.016,0.016,0.016,8600
HTA,20200318,0.15,0.15,0.13,0.13,105912
HUB,20200318,6.55,6.82,6.3,6.47,1000068
HUO,20200318,3.85,4.1,3.76,4.09,399041
HVM,20200318,0.14,0.16,0.13,0.14,98526
HVN,20200318,3.07,3.07,2.85,2.85,7299109
HWH,20200318,0.02,0.02,0.02,0.02,100000
HWK,20200318,0.005,0.005,0.005,0.005,1239500
HXG,20200318,0.034,0.034,0.034,0.034,142850
HYD,20200318,0.115,0.13,0.115,0.13,15082
HZN,20200318,0.055,0.056,0.05,0.05,1158741
HZR,20200318,0.33,0.33,0.28,0.285,319919
IAA,20200318,87.8,90,87.13,87.45,23630
IAF,20200318,114.25,114.99,113,113.07,37218
IAG,20200318,5.97,6.26,5.8,5.95,12744828
IAP,20200318,1.155,1.22,1.095,1.125,956370
IBG,20200318,0.006,0.006,0.006,0.006,2150000
IBX,20200318,0.015,0.016,0.015,0.016,523185
ICE,20200318,0.13,0.13,0.11,0.13,374159
ICG,20200318,0.001,0.001,0.001,0.001,1684420
ICI,20200318,0.017,0.017,0.017,0.017,158782
ICN,20200318,0.006,0.006,0.006,0.006,22500
ICQ,20200318,0.21,0.21,0.18,0.195,828163
ICS,20200318,1.765,1.765,1.76,1.76,5000
ICT,20200318,0.033,0.033,0.033,0.033,250000
IDT,20200318,0.09,0.1,0.09,0.1,411846
IDX,20200318,3.1,3.16,2.71,2.85,1735601
IDZ,20200318,0.003,0.003,0.002,0.003,6279362
IEL,20200318,17.18,17.49,12.2,14.8,3459266
IEM,20200318,54.86,55.93,54.17,55.35,56703
IEU,20200318,52.45,53.26,52.06,52.57,19947
IFL,20200318,3.79,3.82,3.31,3.46,2895746
IFM,20200318,1.59,1.735,1.52,1.575,792253
IFN,20200318,0.45,0.48,0.42,0.44,2890624
IFT,20200318,4.01,4.01,3.9,3.9,1021
IGB,20200318,113.08,113.13,112.1,112.1,5287
IGL,20200318,1.09,1.11,0.97,0.99,434831
IGO,20200318,3.77,3.8,3.47,3.55,5374338
IHD,20200318,10.8,10.89,10.1,10.39,65070
IJH,20200318,230.8,230.8,225,225.86,4317
IJP,20200318,76.05,78.5,74.86,77.75,10123
IJR,20200318,88.01,90.22,84,86,18673
IKO,20200318,74.02,75.97,74.02,75.76,90739
ILB,20200318,117.51,118.1,117.5,118.08,7926
ILC,20200318,21.34,21.34,19.75,20.35,65995
ILU,20200318,7.03,7.33,6.83,7.04,2538396
IMA,20200318,0.16,0.16,0.145,0.15,806720
IMC,20200318,0.082,0.086,0.082,0.086,333487
IMD,20200318,1,1.035,0.945,1.02,1338410
IMF,20200318,3.75,3.98,3.67,3.84,821685
IMM,20200318,0.32,0.335,0.295,0.3,677699
IMR,20200318,1.08,1.08,1.01,1.045,34419
IMS,20200318,0.004,0.004,0.004,0.004,1007500
IMU,20200318,0.019,0.019,0.017,0.018,7598127
INA,20200318,3.5,3.61,3.35,3.4,1735947
INF,20200318,0.04,0.044,0.037,0.037,179512
ING,20200318,3.32,3.44,3.04,3.06,3894428
INP,20200318,0.017,0.017,0.017,0.017,45244
INR,20200318,0.095,0.105,0.083,0.088,3161876
INV,20200318,0.056,0.056,0.055,0.055,57574
IOO,20200318,70.09,70.09,68.11,68.31,52879
IOZ,20200318,21.47,21.62,20.16,20.69,596279
IPB,20200318,0.015,0.015,0.015,0.015,434765
IPD,20200318,0.063,0.064,0.052,0.055,1934627
IPH,20200318,6.93,7.2,6.87,6.93,2156863
IPL,20200318,1.835,1.87,1.745,1.785,13481256
IPT,20200318,0.007,0.007,0.006,0.006,871991
IRD,20200318,0.05,0.05,0.05,0.05,66000
IRE,20200318,9.55,10.31,9.25,9.76,1316017
IRI,20200318,2.55,2.76,2.48,2.66,590970
ISD,20200318,0.155,0.16,0.15,0.16,258067
ISO,20200318,3.78,3.78,3.58,3.58,28347
ISU,20200318,0.265,0.265,0.21,0.215,32771
ITG,20200318,0.28,0.29,0.28,0.285,56638
IVC,20200318,13.5,14.63,13.35,13.72,961111
IVE,20200318,82.34,82.34,81,81.48,2266
IVR,20200318,0.01,0.012,0.01,0.012,3097964
IVV,20200318,415.39,416.99,402.51,402.61,42093
IVX,20200318,0.007,0.007,0.007,0.007,1345284
IVZ,20200318,0.011,0.017,0.011,0.017,2565316
IXC,20200318,0.87,0.875,0.82,0.83,36054
IXI,20200318,77.95,79,76.86,76.86,11754
IXJ,20200318,95.64,95.64,92.99,93.99,7724
IZZ,20200318,58.23,59.7,58.23,59,7906
JAN,20200318,0.34,0.34,0.34,0.34,47277
JAT,20200318,0.036,0.04,0.034,0.036,1573711
JBH,20200318,30.01,30.48,28.25,29.01,1578707
JCS,20200318,0.029,0.029,0.022,0.027,443258
JHC,20200318,0.495,0.51,0.46,0.495,1462689
JHG,20200318,24.97,25.75,22.82,23.56,612746
JHL,20200318,0.012,0.012,0.012,0.012,23500
JHX,20200318,20.12,20.34,18.51,18.99,3036382
JIN,20200318,8.4,8.4,7.78,8.25,1509183
JLG,20200318,2.04,2.055,1.92,2,415367
JMS,20200318,0.225,0.225,0.2,0.205,5740267
JRV,20200318,0.155,0.165,0.145,0.15,590401
JYC,20200318,1.12,1.12,1.05,1.05,26374
K2F,20200318,0.17,0.17,0.165,0.165,31206
KAI,20200318,0.007,0.007,0.007,0.007,738000
KAR,20200318,0.385,0.385,0.345,0.355,4887403
KAT,20200318,0.65,0.65,0.65,0.65,50000
KAU,20200318,0.17,0.17,0.165,0.165,61900
KCN,20200318,0.37,0.395,0.36,0.38,444019
KEY,20200318,0.002,0.002,0.002,0.002,600000
KFE,20200318,0.031,0.033,0.028,0.033,287981
KGN,20200318,4,4.28,4,4.22,970427
KIN,20200318,0.045,0.051,0.044,0.051,238454
KKC,20200318,1.795,1.795,1.495,1.51,965543
KLA,20200318,45.54,49,45.54,49,5590
KMD,20200318,1.62,1.62,1.335,1.515,782292
KME,20200318,0.855,0.9,0.85,0.885,75992
KNM,20200318,0.008,0.008,0.008,0.008,150000
KOR,20200318,0.005,0.006,0.005,0.006,972742
KOV,20200318,3.25,3.28,3,3,21684
KPG,20200318,0.7,0.7,0.675,0.675,111033
KPO,20200318,0.02,0.02,0.019,0.019,2890483
KRM,20200318,0.025,0.027,0.025,0.027,50000
KRR,20200318,0.022,0.023,0.022,0.023,229000
KSC,20200318,1.48,1.48,1.48,1.48,8150
KSL,20200318,0.86,0.88,0.83,0.85,352281
KSN,20200318,0.094,0.096,0.085,0.085,652025
KSS,20200318,0.15,0.175,0.15,0.175,343328
KTA,20200318,0.032,0.035,0.03,0.03,1371210
KTD,20200318,0.22,0.235,0.21,0.21,280937
KTG,20200318,0.082,0.082,0.078,0.078,138064
KWR,20200318,0.1,0.1,0.095,0.095,66667
KYK,20200318,0.051,0.051,0.05,0.05,309992
KZA,20200318,0.52,0.52,0.515,0.515,43922
KZR,20200318,0.37,0.455,0.33,0.355,708734
LAA,20200318,0.011,0.011,0.011,0.011,90000
LAU,20200318,0.34,0.34,0.32,0.32,45354
LAW,20200318,0.05,0.05,0.044,0.044,570000
LBL,20200318,0.34,0.34,0.33,0.33,29705
LBT,20200318,0.115,0.115,0.11,0.115,394041
LCD,20200318,0.01,0.01,0.01,0.01,932986
LCK,20200318,0.1,0.105,0.1,0.105,690279
LCL,20200318,0.024,0.025,0.02,0.02,1677931
LCM,20200318,0.13,0.13,0.13,0.13,15000
LCT,20200318,0.013,0.014,0.01,0.01,796624
LEG,20200318,0.062,0.065,0.054,0.057,2845475
LEP,20200318,4.25,4.42,4.12,4.36,231162
LGP,20200318,0.23,0.24,0.2,0.2,317041
LIC,20200318,6.77,6.9,6.22,6.39,423226
LIN,20200318,0.016,0.016,0.015,0.015,816666
LIO,20200318,0.017,0.017,0.017,0.017,50000
LIT,20200318,0.039,0.042,0.037,0.037,1757553
LKE,20200318,0.031,0.034,0.031,0.032,3137692
LLC,20200318,11.9,12.645,11.21,11.47,3893478
LLO,20200318,0.99,0.99,0.985,0.985,7980
LMG,20200318,0.008,0.008,0.008,0.008,40000
LML,20200318,0.003,0.003,0.003,0.003,26250
LNG,20200318,0.091,0.1,0.087,0.099,3224354
LNK,20200318,3.25,3.27,3.06,3.09,3720627
LNU,20200318,0.011,0.012,0.009,0.011,1758920
LNY,20200318,0.004,0.004,0.003,0.003,2929001
LOM,20200318,0.09,0.097,0.087,0.094,376746
LON,20200318,0.091,0.091,0.09,0.09,338135
LOT,20200318,0.028,0.028,0.022,0.022,769134
LOV,20200318,5.4,5.64,3.95,4.36,2016988
LPD,20200318,0.008,0.008,0.007,0.007,2900422
LPE,20200318,0.36,0.36,0.3,0.3,34800
LPI,20200318,0.16,0.17,0.14,0.14,20059639
LSA,20200318,0.004,0.004,0.004,0.004,200000
LSF,20200318,0.85,0.86,0.82,0.83,1771303
LSH,20200318,0.025,0.025,0.025,0.025,70000
LSR,20200318,0.005,0.005,0.005,0.005,808417
LSX,20200318,0.36,0.4,0.36,0.4,27011
LTR,20200318,0.082,0.082,0.076,0.078,5630200
LVH,20200318,0.14,0.14,0.14,0.14,48447
LVT,20200318,0.13,0.135,0.11,0.12,9121682
LYC,20200318,1.17,1.175,1.07,1.08,8237114
LYL,20200318,4.45,4.51,4.41,4.45,14980
M7T,20200318,0.53,0.53,0.455,0.47,854861
M8S,20200318,0.075,0.075,0.07,0.07,150000
MA1,20200318,0.83,0.83,0.775,0.78,41361
MAD,20200318,0.83,0.845,0.8,0.8,265260
MAG,20200318,0.19,0.215,0.19,0.195,687897
MAH,20200318,0.2,0.22,0.195,0.21,10531709
MAI,20200318,0.37,0.37,0.36,0.365,97855
MAM,20200318,0.28,0.28,0.28,0.28,150000
MAN,20200318,0.013,0.013,0.013,0.013,198798
MAQ,20200318,20.75,20.75,20.1,20.28,5720
MAR,20200318,0.001,0.001,0.001,0.001,9187223
MAT,20200318,0.088,0.092,0.082,0.082,221152
MAU,20200318,0.38,0.45,0.365,0.45,128421
MAY,20200318,0.004,0.004,0.003,0.003,4939518
MBK,20200318,0.005,0.005,0.005,0.005,1000000
MCA,20200318,0.125,0.125,0.115,0.115,2423676
MCE,20200318,0.22,0.25,0.2,0.25,191930
MCP,20200318,1.62,1.695,1.475,1.6,716542
MCR,20200318,0.53,0.535,0.51,0.525,1004045
MCY,20200318,4,4.09,4,4,4967
MDC,20200318,0.2,0.21,0.2,0.2,83700
MDI,20200318,0.008,0.008,0.006,0.006,4978696
MDR,20200318,0.415,0.45,0.38,0.38,213086
MEA,20200318,0.21,0.21,0.19,0.19,97975
MEB,20200318,0.006,0.006,0.005,0.005,202000
MEC,20200318,0.75,0.75,0.75,0.75,40000
MEI,20200318,0.01,0.01,0.009,0.009,495020
MEM,20200318,0.04,0.04,0.04,0.04,38000
MEP,20200318,0.025,0.025,0.025,0.025,29600
MEU,20200318,0.026,0.026,0.025,0.026,319820
MEY,20200318,0.034,0.034,0.034,0.034,14378
MEZ,20200318,4.26,4.29,4,4.1,32641
MFD,20200318,0.7,0.72,0.69,0.7,66262
MFF,20200318,2.7,2.72,2.51,2.53,646738
MFG,20200318,40.26,41.39,36.23,37.14,1695689
MGC,20200318,0.42,0.42,0.42,0.42,115503
MGE,20200318,3.81,3.82,3.7,3.77,831222
MGG,20200318,1.66,1.665,1.55,1.56,1653701
MGR,20200318,2.42,2.45,2.04,2.08,38589888
MGV,20200318,0.082,0.082,0.079,0.079,339767
MGX,20200318,0.75,0.775,0.675,0.75,9532152
MHC,20200318,0.004,0.004,0.004,0.004,1060000
MHG,20200318,2.97,2.98,2.91,2.98,267786
MHH,20200318,1.38,1.39,1.3,1.33,917287
MIN,20200318,14.21,14.32,13.36,13.97,1951941
MIO,20200318,0.092,0.092,0.092,0.092,10000
MIR,20200318,1.9,1.92,1.89,1.9,170061
MKG,20200318,0.055,0.055,0.05,0.05,27000
MLD,20200318,0.79,0.82,0.73,0.82,482236
MLL,20200318,0.052,0.052,0.049,0.05,362859
MLM,20200318,0.008,0.008,0.008,0.008,123350
MLS,20200318,0.001,0.001,0.001,0.001,2536000
MLT,20200318,3.82,3.94,3.72,3.79,295851
MLX,20200318,0.063,0.063,0.06,0.062,497860
MME,20200318,0.7,0.88,0.7,0.88,265633
MMI,20200318,0.095,0.096,0.094,0.095,334756
MMJ,20200318,0.076,0.077,0.071,0.071,380657
MML,20200318,0.465,0.51,0.465,0.475,197926
MMM,20200318,0.24,0.26,0.24,0.25,70351
MMS,20200318,7.63,7.68,6.62,6.62,824844
MNB,20200318,0.001,0.001,0.001,0.001,13000000
MND,20200318,12.16,12.43,10.5,10.5,676989
MNF,20200318,3,3.01,2.83,2.96,414753
MNS,20200318,0.058,0.065,0.055,0.065,253451
MNW,20200318,0.01,0.01,0.007,0.008,500059
MNY,20200318,1.325,1.455,1.21,1.21,1577172
MOC,20200318,0.76,0.76,0.695,0.71,306811
MOE,20200318,2.49,2.69,2.25,2.35,267760
MOH,20200318,0.06,0.061,0.055,0.06,173500
MOQ,20200318,0.15,0.15,0.15,0.15,3074
MOT,20200318,1.68,1.68,1.48,1.5,315636
MOZ,20200318,0.625,0.625,0.49,0.49,357241
MP1,20200318,7.64,7.64,6.9,7.34,770742
MPH,20200318,0.14,0.14,0.14,0.14,5000
MPL,20200318,2.79,2.875,2.7,2.72,29161205
MQG,20200318,104.64,105,89.3,91.05,3678861
MQR,20200318,0.031,0.031,0.031,0.031,60000
MRC,20200318,0.185,0.185,0.185,0.185,3000
MRG,20200318,0.013,0.013,0.01,0.01,3387283
MRL,20200318,0.265,0.265,0.25,0.25,28500
MRM,20200318,0.1,0.1,0.083,0.083,958737
MRQ,20200318,0.005,0.005,0.005,0.005,1442800
MRZ,20200318,0.15,0.15,0.14,0.14,30000
MSB,20200318,1.245,1.245,1.09,1.15,11033559
MSE,20200318,0.004,0.004,0.004,0.004,3684986
MSG,20200318,0.01,0.01,0.009,0.01,741060
MSR,20200318,0.002,0.002,0.002,0.002,500000
MSV,20200318,0.36,0.36,0.33,0.35,1134458
MTC,20200318,0.041,0.041,0.041,0.041,24417
MTH,20200318,0.009,0.009,0.008,0.008,510000
MTO,20200318,1.15,1.15,0.99,1.015,91911
MTS,20200318,3.03,3.38,3,3.13,31480715
MVA,20200318,17.99,19.2,16.95,17.23,37315
MVB,20200318,19.8,19.8,17.9,17.9,20235
MVE,20200318,20.87,20.87,20.12,20.12,3061
MVF,20200318,0.67,0.67,0.63,0.64,511755
MVP,20200318,5.02,5.14,4.72,4.77,233770
MVR,20200318,22.06,22.06,21.3,21.39,2494
MVS,20200318,14.64,14.64,14.21,14.23,3692
MVW,20200318,23,23,21.5,22.22,481227
MWR,20200318,0.086,0.091,0.085,0.091,101975
MWY,20200318,1.09,1.09,0.95,1.03,74173
MX1,20200318,0.15,0.15,0.14,0.145,231014
MXC,20200318,0.018,0.018,0.017,0.017,2156322
MXI,20200318,0.15,0.15,0.14,0.14,205676
MXR,20200318,0.032,0.032,0.032,0.032,7999
MXT,20200318,1.7,1.76,1.6,1.6,1224136
MYL,20200318,0.03,0.03,0.026,0.029,4535762
MYQ,20200318,0.115,0.12,0.11,0.12,23895
MYR,20200318,0.215,0.22,0.17,0.17,14117379
MYS,20200318,4.01,4.06,3.76,4.06,289123
MYX,20200318,0.28,0.28,0.235,0.235,14764589
MZZ,20200318,0.125,0.135,0.115,0.115,1071809
NAB,20200318,17.33,17.35,15.92,16.01,22237359
NAG,20200318,0.033,0.033,0.033,0.033,226175
NAM,20200318,0.29,0.29,0.29,0.29,3900
NAN,20200318,5.48,5.5,5.02,5.05,4259550
NBI,20200318,1.4,1.405,1.35,1.35,504967
NCC,20200318,1,1,0.95,0.99,48314
NCK,20200318,4.86,4.86,3.98,4.34,1155947
NCM,20200318,24.75,25.9,23.77,24.39,7182863
NCR,20200318,0.007,0.007,0.007,0.007,510000
NCZ,20200318,0.092,0.092,0.081,0.085,2985073
NDQ,20200318,20.75,20.75,20.07,20.15,218615
NEA,20200318,1.25,1.25,1.04,1.05,15459465
NEC,20200318,1.08,1.11,0.995,1.025,16717215
NES,20200318,0.022,0.022,0.021,0.021,57500
NEU,20200318,1.2,1.225,1.1,1.1,148991
NEW,20200318,1.08,1.095,1.025,1.05,126844
NGI,20200318,2.07,2.07,1.895,2.02,273338
NGY,20200318,0.009,0.009,0.009,0.009,18711
NHC,20200318,1.145,1.185,1.07,1.08,5886003
NHF,20200318,4.22,4.45,4.11,4.38,5646933
NIC,20200318,0.315,0.33,0.3,0.325,47804996
NML,20200318,0.065,0.067,0.063,0.065,1446350
NMT,20200318,0.145,0.145,0.14,0.14,494173
NNW,20200318,0.055,0.055,0.047,0.047,73300
NOR,20200318,0.026,0.03,0.026,0.026,2731090
NOV,20200318,0.1,0.1,0.1,0.1,10000
NOX,20200318,0.17,0.17,0.155,0.155,199012
NSB,20200318,0.175,0.185,0.145,0.165,842487
NSC,20200318,0.45,0.455,0.435,0.45,157784
NSR,20200318,1.8,1.85,1.26,1.295,25266612
NST,20200318,11.6,12.24,11.25,11.86,11909658
NSX,20200318,0.135,0.135,0.12,0.12,22440
NTD,20200318,0.3,0.31,0.28,0.305,39861
NTO,20200318,0.95,0.97,0.87,0.88,2118815
NTU,20200318,0.027,0.027,0.026,0.026,4137736
NUC,20200318,1.95,1.95,1.75,1.845,25369
NUF,20200318,4.79,5.33,4.74,5,5497843
NUH,20200318,0.013,0.014,0.012,0.012,1996114
NUS,20200318,0.26,0.26,0.25,0.26,126399
NVA,20200318,0.031,0.032,0.029,0.029,4467272
NVL,20200318,3.6,3.61,3.58,3.59,1411601
NVO,20200318,0.008,0.008,0.006,0.006,6638188
NVU,20200318,0.037,0.037,0.037,0.037,26622
NVX,20200318,0.29,0.29,0.265,0.265,20078
NWE,20200318,0.003,0.003,0.003,0.003,2192018
NWF,20200318,0.15,0.15,0.15,0.15,35885
NWH,20200318,1.515,1.525,1.375,1.38,7260208
NWL,20200318,5.14,6,5.08,5.77,1113355
NWS,20200318,17.55,17.88,16.86,16.91,1353168
NXE,20200318,0.006,0.006,0.006,0.006,850
NXM,20200318,0.046,0.046,0.042,0.042,263157
NXS,20200318,1.585,1.635,1.565,1.6,173252
NXT,20200318,7.13,7.2,6.78,7.06,3341246
NYR,20200318,0.125,0.125,0.11,0.12,219000
NZK,20200318,1.63,1.65,1.63,1.65,13
NZM,20200318,0.245,0.25,0.245,0.25,6433
OAU,20200318,0.012,0.012,0.01,0.01,859916
OBM,20200318,0.125,0.13,0.12,0.13,522394
OCC,20200318,0.25,0.27,0.245,0.27,431895
OCL,20200318,4.61,4.75,4.5,4.74,63586
ODA,20200318,0.165,0.165,0.16,0.16,80829
ODM,20200318,0.027,0.027,0.027,0.027,150000
OEC,20200318,0.43,0.455,0.42,0.42,53644
OEL,20200318,0.012,0.012,0.01,0.01,7171897
OFX,20200318,1.2,1.275,1.17,1.205,1003891
OGA,20200318,0.099,0.1,0.091,0.091,340364
OGC,20200318,2,2,1.85,1.91,479665
OIL,20200318,0.015,0.015,0.015,0.015,59000
OKU,20200318,0.155,0.155,0.15,0.15,1043396
OLI,20200318,0.08,0.08,0.075,0.076,2265643
OLL,20200318,0.215,0.235,0.2,0.2,3423362
OMH,20200318,0.31,0.345,0.31,0.345,233232
OML,20200318,1.01,1.07,0.895,1,12655181
ONT,20200318,5.6,5.7,5.4,5.5,17966
ONX,20200318,0.04,0.04,0.04,0.04,90761
OOO,20200318,7.56,7.56,6.9,6.94,370193
OPC,20200318,3.93,4.04,3.9,3.95,73114
OPH,20200318,2.1,2.18,1.95,2.04,490057
OPL,20200318,0.07,0.07,0.068,0.068,23000
OPT,20200318,2.23,2.23,1.44,1.645,1926286
OPY,20200318,0.49,0.49,0.41,0.43,167768
ORA,20200318,2.4,2.43,2.3,2.37,7954464
ORE,20200318,2.31,2.38,2.11,2.19,1907051
ORG,20200318,5.01,5.06,4.36,4.4,15964280
ORI,20200318,15.26,15.46,14.36,14.5,3589226
ORN,20200318,0.014,0.014,0.014,0.014,20000
ORR,20200318,0.29,0.29,0.28,0.28,132274
OSH,20200318,2.6,2.62,2.17,2.44,21277908
OSL,20200318,0.135,0.14,0.099,0.12,8124951
OSP,20200318,0.012,0.012,0.012,0.012,207266
OSX,20200318,0.365,0.365,0.36,0.365,16000
OTW,20200318,2.45,2.45,2.13,2.25,102174
OVH,20200318,0.2,0.2,0.15,0.16,839297
OVL,20200318,0.006,0.006,0.005,0.006,7460950
OVN,20200318,0.34,0.34,0.28,0.28,260553
OVT,20200318,0.022,0.022,0.019,0.019,268408
OZF,20200318,13.95,13.95,13.58,13.58,6217
OZG,20200318,0.13,0.13,0.13,0.13,200000
OZL,20200318,7.35,7.44,6.37,6.55,4247546
OZR,20200318,8.68,8.83,8.38,8.57,20502
P2P,20200318,0.046,0.046,0.046,0.046,20000
PAA,20200318,0.07,0.072,0.066,0.07,728340
PAB,20200318,0.014,0.014,0.014,0.014,338000
PAC,20200318,4.5,4.56,4.49,4.56,55614
PAI,20200318,0.92,0.935,0.91,0.93,437718
PAL,20200318,0.68,0.68,0.64,0.64,18125
PAN,20200318,0.185,0.195,0.175,0.175,1022394
PAR,20200318,1.45,1.45,1.25,1.27,2120740
PBH,20200318,1.78,1.78,1.565,1.59,1167816
PBP,20200318,1.965,1.977,1.88,1.91,222315
PCG,20200318,1,1,1,1,10558
PCI,20200318,0.855,0.855,0.79,0.81,383476
PCK,20200318,0.071,0.075,0.066,0.068,2855267
PCL,20200318,0.002,0.002,0.002,0.002,250000
PDI,20200318,0.005,0.005,0.005,0.005,51419
PDL,20200318,4.47,4.5,3.76,4,3622530
PDN,20200318,0.051,0.055,0.047,0.05,4087536
PE1,20200318,1.27,1.27,1.205,1.25,485636
PEK,20200318,0.027,0.027,0.023,0.023,360071
PEN,20200318,0.099,0.099,0.093,0.093,61071
PET,20200318,0.46,0.46,0.415,0.415,996089
PEX,20200318,0.125,0.125,0.11,0.115,540667
PFG,20200318,0.055,0.056,0.055,0.056,40000
PFP,20200318,2.9,2.95,2.81,2.9,166791
PG1,20200318,0.079,0.08,0.079,0.08,11480
PGC,20200318,0.16,0.16,0.14,0.14,684606
PGF,20200318,0.9,0.94,0.885,0.9,1187290
PGG,20200318,1.68,1.68,1.505,1.63,116919
PGH,20200318,1.4,1.49,1.35,1.43,2218964
PGI,20200318,0.02,0.02,0.02,0.02,118155
PGL,20200318,0.83,0.83,0.695,0.75,130005
PGM,20200318,0.013,0.015,0.013,0.013,381472
PGX,20200318,0.185,0.185,0.16,0.16,58416
PGY,20200318,0.012,0.012,0.012,0.012,52058
PIA,20200318,0.87,0.88,0.86,0.865,488688
PIC,20200318,0.8,0.8,0.74,0.75,574573
PIO,20200318,0.009,0.01,0.008,0.008,1286988
PIQ,20200318,0.255,0.26,0.21,0.21,401694
PKS,20200318,0.11,0.11,0.096,0.096,423492
PL8,20200318,0.915,0.94,0.82,0.82,1278620
PLL,20200318,0.073,0.074,0.07,0.07,1119402
PLS,20200318,0.19,0.19,0.165,0.165,16960789
PM1,20200318,0.014,0.014,0.012,0.012,1144823
PM8,20200318,0.18,0.18,0.165,0.165,192052
PMC,20200318,1.22,1.22,1.18,1.18,210390
PME,20200318,15.65,16.04,14.92,15.82,761216
PMV,20200318,12.3,12.92,11.83,11.83,793843
PMY,20200318,0.004,0.004,0.004,0.004,965000
PNC,20200318,1.11,1.11,0.955,1,202537
PNI,20200318,3.2,3.355,2.94,3.13,1246732
PNN,20200318,0.002,0.002,0.002,0.002,492525
PNR,20200318,0.079,0.083,0.079,0.082,2217580
PNV,20200318,1.525,1.575,1.405,1.515,8942173
PNX,20200318,0.004,0.005,0.004,0.005,9089974
PO3,20200318,2.3,2.3,2.1,2.2,8534
POS,20200318,0.026,0.027,0.025,0.027,1398769
POU,20200318,19.79,19.79,19.72,19.72,36299
PPC,20200318,0.9,0.955,0.85,0.85,533350
PPE,20200318,2.19,2.4,2.07,2.2,241994
PPG,20200318,0.075,0.075,0.066,0.067,358610
PPH,20200318,3.32,3.4,2.92,2.99,346324
PPK,20200318,2.8,2.8,2.46,2.5,96951
PPS,20200318,0.265,0.265,0.235,0.24,1749485
PPT,20200318,27.8,28.22,26,26.41,428130
PPY,20200318,0.013,0.013,0.013,0.013,39230
PRN,20200318,0.855,0.885,0.73,0.73,5726891
PRO,20200318,0.385,0.425,0.385,0.39,13367
PRT,20200318,0.11,0.11,0.105,0.105,2444747
PRU,20200318,0.8,0.862,0.795,0.805,11873853
PRX,20200318,0.03,0.04,0.029,0.036,809146
PSA,20200318,0.027,0.028,0.027,0.028,50000
PSC,20200318,0.105,0.105,0.1,0.1,239946
PSI,20200318,2.25,2.25,2.12,2.15,35798
PSQ,20200318,1.11,1.12,1.095,1.1,77717
PTB,20200318,0.46,0.465,0.425,0.44,316370
PTL,20200318,0.36,0.36,0.35,0.36,35184
PTM,20200318,3.1,3.11,2.92,3.04,2459988
PTR,20200318,0.032,0.032,0.031,0.031,14000
PTX,20200318,0.028,0.029,0.026,0.026,1349761
PUA,20200318,0.012,0.012,0.012,0.012,100000
PUR,20200318,0.003,0.003,0.003,0.003,1659412
PVE,20200318,0.051,0.051,0.051,0.051,40000
PVS,20200318,1.32,1.32,1.11,1.11,8640
PWG,20200318,1,1,0.95,0.95,47679
PWH,20200318,2.92,3.42,2.85,3.1,400717
PWL,20200318,0.1,0.1,0.1,0.1,10417241
PWN,20200318,0.003,0.003,0.003,0.003,2613725
PXS,20200318,0.067,0.07,0.067,0.067,166918
PXX,20200318,0.018,0.018,0.016,0.016,135000
PYC,20200318,0.055,0.055,0.05,0.052,1451264
PYG,20200318,0.57,0.57,0.57,0.57,3400
QAN,20200318,2.8,2.8,2.26,2.53,52790278
QAU,20200318,15,15.39,15,15.24,794252
QBE,20200318,9.13,9.2,8.31,8.4,8874880
QCB,20200318,6.28,6.28,6.19,6.21,2540
QFE,20200318,0.205,0.21,0.19,0.19,310470
QFN,20200318,7.8,7.82,7.68,7.82,34640
QFY,20200318,0.002,0.002,0.001,0.001,3000000
QGL,20200318,0.038,0.038,0.038,0.038,30000
QHL,20200318,0.075,0.08,0.075,0.08,144160
QIP,20200318,1.105,1.115,1.105,1.115,55000
QOZ,20200318,10.65,10.65,9.9,10.2,274649
QRE,20200318,4.75,4.77,4.58,4.67,179215
QRI,20200318,1.23,1.3,1.195,1.3,128948
QTM,20200318,0.032,0.032,0.03,0.03,483242
QUB,20200318,2.05,2.1,1.915,1.98,9826316
QUS,20200318,31.72,31.72,31.09,31.09,12195
QVE,20200318,0.71,0.73,0.71,0.72,419019
RAC,20200318,0.28,0.3,0.275,0.29,340122
RAN,20200318,0.014,0.014,0.012,0.012,525757
RAP,20200318,0.087,0.087,0.079,0.079,3167188
RBL,20200318,0.6,0.675,0.555,0.56,923707
RBR,20200318,0.006,0.006,0.006,0.006,10000
RCB,20200318,20.15,20.35,19.14,19.14,21544
RCE,20200318,0.302,0.34,0.28,0.29,582958
RCL,20200318,0.29,0.32,0.29,0.32,12073
RDC,20200318,0.645,0.655,0.59,0.63,1797855
RDF,20200318,0.42,0.42,0.42,0.42,3803
RDH,20200318,0.85,0.85,0.85,0.85,1435
RDM,20200318,0.054,0.054,0.049,0.049,210000
RDV,20200318,21.65,22,20.2,20.22,15659
RDY,20200318,1.25,1.25,1.195,1.2,43507
REA,20200318,77.67,83.28,73.15,81,895459
RED,20200318,0.23,0.24,0.205,0.205,10081825
REE,20200318,0.016,0.016,0.013,0.013,50256
REG,20200318,0.93,0.955,0.855,0.88,1884769
REH,20200318,9.98,9.98,9.42,9.58,227034
RES,20200318,0.06,0.06,0.058,0.058,100715
REX,20200318,0.79,0.79,0.575,0.71,240668
REY,20200318,0.215,0.215,0.215,0.215,4651
REZ,20200318,0.01,0.01,0.009,0.009,653308
RF1,20200318,1.7,1.7,1.56,1.56,72959
RFF,20200318,1.75,1.8,1.71,1.77,1674088
RFG,20200318,0.053,0.053,0.037,0.038,10136798
RFN,20200318,0.002,0.002,0.002,0.002,916667
RFR,20200318,0.06,0.06,0.06,0.06,210000
RFT,20200318,0.028,0.028,0.028,0.028,24800
RFX,20200318,0.032,0.032,0.029,0.03,299692
RGB,20200318,23.01,23.06,23.01,23.05,854
RGI,20200318,0.069,0.069,0.065,0.065,91740
RGS,20200318,0.075,0.075,0.07,0.071,99719
RHC,20200318,59.32,63.13,53.94,54.44,1481753
RHP,20200318,1.5,1.575,1.405,1.47,457170
RHT,20200318,0.105,0.11,0.1,0.1,658607
RHY,20200318,0.053,0.054,0.05,0.05,326731
RIC,20200318,0.84,0.84,0.78,0.79,204682
RIM,20200318,0.003,0.003,0.003,0.003,2650000
RIO,20200318,82.45,82.89,77.71,79.91,3039026
RKN,20200318,0.555,0.56,0.55,0.55,89837
RLE,20200318,0.013,0.013,0.013,0.013,119859
RLT,20200318,1.07,1.07,1.07,1.07,5000
RMC,20200318,0.705,0.705,0.6,0.6,311777
RMD,20200318,26.42,26.66,24.34,25,5129906
RML,20200318,0.045,0.048,0.04,0.042,2039275
RMP,20200318,0.007,0.007,0.007,0.007,437292
RMS,20200318,0.94,1.03,0.91,0.92,8247890
RMY,20200318,0.305,0.315,0.27,0.305,217665
RND,20200318,1.5,1.615,1.5,1.6,14267
RNE,20200318,0.02,0.02,0.02,0.02,96726
RNO,20200318,0.1,0.1,0.1,0.1,175346
RNT,20200318,0.032,0.034,0.032,0.034,120000
RNU,20200318,0.007,0.007,0.007,0.007,1528000
ROG,20200318,0.001,0.001,0.001,0.001,1500000
ROO,20200318,0.015,0.015,0.015,0.015,207416
RRL,20200318,3.46,3.84,3.46,3.65,8367950
RSG,20200318,0.8,0.83,0.765,0.77,11002509
RTG,20200318,0.079,0.079,0.079,0.079,707054
RTR,20200318,0.055,0.055,0.052,0.053,385387
RUL,20200318,0.83,0.83,0.725,0.75,609718
RVR,20200318,0.05,0.052,0.048,0.05,2135206
RWC,20200318,2.2,2.24,1.955,2,4167467
RXL,20200318,0.018,0.019,0.016,0.016,13376251
RXM,20200318,0.041,0.041,0.04,0.04,584738
RXP,20200318,0.25,0.25,0.23,0.24,454126
RYD,20200318,1.28,1.28,1.28,1.28,4000
RZI,20200318,0.48,0.52,0.43,0.48,113530
S2R,20200318,0.068,0.08,0.068,0.08,218433
S32,20200318,1.905,1.93,1.735,1.76,33098737
S66,20200318,0.46,0.475,0.46,0.46,48415
SAR,20200318,3.71,3.96,3.47,3.66,18582076
SAU,20200318,0.145,0.145,0.125,0.125,218535
SBM,20200318,2.17,2.26,2.06,2.13,9911780
SBR,20200318,0.001,0.001,0.001,0.001,4000000
SCG,20200318,2.1,2.15,1.8,1.8,57442686
SCI,20200318,0.007,0.007,0.006,0.006,2400295
SCL,20200318,0.01,0.01,0.008,0.01,3517600
SCP,20200318,2.39,2.69,2.2,2.28,9514152
SCU,20200318,0.01,0.012,0.01,0.01,656421
SDF,20200318,3.31,3.31,2.91,3.17,5862376
SDG,20200318,1.25,1.26,1.205,1.205,40319
SDI,20200318,0.76,0.765,0.7,0.755,121677
SDV,20200318,0.43,0.43,0.335,0.37,1666436
SDX,20200318,0.027,0.029,0.025,0.025,1129894
SE1,20200318,0.007,0.007,0.006,0.006,3352909
SEC,20200318,1.2,1.24,1.14,1.15,73250
SEI,20200318,0.03,0.03,0.03,0.03,77120
SEK,20200318,14.83,15.04,14.01,14.38,4377031
SEN,20200318,0.042,0.044,0.042,0.044,101634
SER,20200318,0.004,0.004,0.004,0.004,300000
SFC,20200318,13.26,13.26,11.97,11.97,5938
SFG,20200318,0.043,0.046,0.038,0.038,1743479
SFR,20200318,3.24,3.39,3.02,3.02,2062899
SFX,20200318,0.08,0.08,0.07,0.073,905671
SFY,20200318,49.83,49.83,45.9,47.6,46707
SGC,20200318,0.013,0.013,0.011,0.011,254647
SGF,20200318,1.54,1.575,1.46,1.49,283508
SGH,20200318,0.8,0.8,0.765,0.775,5073
SGM,20200318,7.24,7.38,6.89,7.03,1070832
SGO,20200318,0.016,0.016,0.016,0.016,1667
SGP,20200318,3.21,3.3,2.77,2.77,26037476
SGQ,20200318,0.076,0.076,0.071,0.071,439544
SGR,20200318,2.02,2.02,1.705,1.74,9118697
SHJ,20200318,0.75,0.75,0.7,0.735,37565
SHL,20200318,29.35,29.35,25.78,26.53,3942467
SHM,20200318,0.47,0.47,0.465,0.465,30080
SHO,20200318,0.013,0.013,0.013,0.013,293
SHV,20200318,6.27,6.49,5.98,6.28,880993
SI6,20200318,0.002,0.002,0.002,0.002,2010000
SIG,20200318,0.55,0.62,0.55,0.62,6775816
SIH,20200318,0.007,0.01,0.006,0.006,686000
SIQ,20200318,5.46,5.71,5.28,5.55,1340581
SIS,20200318,0.01,0.01,0.01,0.01,45500
SIV,20200318,0.34,0.425,0.34,0.425,11100
SKC,20200318,2.1,2.15,1.805,1.805,1451993
SKF,20200318,0.083,0.087,0.079,0.079,1111404
SKI,20200318,1.815,1.955,1.81,1.955,14183843
SKO,20200318,1.72,1.765,1.65,1.65,71923
SKT,20200318,0.3,0.31,0.27,0.295,112128
SKY,20200318,0.17,0.17,0.16,0.17,305546
SLC,20200318,0.585,0.595,0.535,0.56,1499008
SLF,20200318,10.51,10.51,9.43,9.59,114936
SLK,20200318,3.2,3.45,3.02,3.04,419955
SLM,20200318,0.77,0.77,0.76,0.77,28472
SLR,20200318,1.33,1.425,1.27,1.27,14574142
SLX,20200318,0.25,0.25,0.235,0.235,129970
SLZ,20200318,0.08,0.08,0.07,0.07,245000
SM1,20200318,4.63,4.79,4.53,4.59,51065
SM8,20200318,0.075,0.075,0.072,0.072,413546
SMC,20200318,0.4,0.4,0.4,0.4,20000
SMI,20200318,0.002,0.002,0.002,0.002,891400
SMN,20200318,0.4,0.4,0.35,0.37,39894
SMP,20200318,0.355,0.365,0.33,0.335,402298
SMR,20200318,0.81,0.81,0.75,0.75,58124
SMX,20200318,0.3,0.3,0.275,0.28,121500
SNC,20200318,0.63,0.63,0.615,0.62,119934
SNL,20200318,3.4,3.5,3.4,3.5,10660
SNS,20200318,0.069,0.069,0.068,0.068,261535
SNZ,20200318,4.58,4.58,4.58,4.58,100
SO4,20200318,0.38,0.38,0.35,0.355,272027
SOL,20200318,20.82,21.25,19.5,20.6,837452
SOP,20200318,0.024,0.024,0.021,0.021,1493250
SOR,20200318,0.041,0.041,0.041,0.041,22888
SP3,20200318,0.067,0.07,0.067,0.07,54494
SPK,20200318,4.14,4.22,4,4.09,1656973
SPL,20200318,0.85,0.86,0.775,0.8,548315
SPT,20200318,0.315,0.315,0.26,0.275,1219621
SPX,20200318,0.105,0.115,0.105,0.105,4662551
SPY,20200318,412.46,413,401.16,404.51,406
SPZ,20200318,0.125,0.125,0.12,0.12,56086
SRG,20200318,0.245,0.245,0.23,0.23,721642
SRH,20200318,0.15,0.15,0.15,0.15,3000
SRI,20200318,0.041,0.042,0.041,0.042,100000
SRK,20200318,0.037,0.037,0.037,0.037,26500
SRN,20200318,0.002,0.002,0.002,0.002,800000
SRV,20200318,2.85,3.1,2.85,3.07,9386
SSG,20200318,0.49,0.51,0.46,0.47,348218
SSM,20200318,1.81,1.865,1.755,1.815,4254014
SSO,20200318,11.53,11.53,11.4,11.4,385
ST1,20200318,0.145,0.145,0.125,0.13,89572
STA,20200318,0.091,0.096,0.086,0.086,216652
STG,20200318,0.77,0.79,0.76,0.76,10418
STM,20200318,0.005,0.005,0.005,0.005,6419406
STN,20200318,0.36,0.36,0.35,0.36,6947
STO,20200318,3.4,3.45,3.11,3.13,18142343
STW,20200318,49.5,49.5,45.74,46.52,710825
STX,20200318,0.105,0.11,0.105,0.11,5943301
SUD,20200318,0.044,0.044,0.043,0.043,44153
SUL,20200318,6.34,6.39,5.52,5.52,1867655
SUN,20200318,9.29,9.35,8.31,8.6,8115656
SUP,20200318,0.006,0.007,0.006,0.007,1636675
SVA,20200318,0.018,0.018,0.018,0.018,81739
SVD,20200318,0.006,0.006,0.006,0.006,1150000
SVL,20200318,0.072,0.079,0.07,0.075,8260175
SVM,20200318,0.093,0.093,0.087,0.087,238964
SVW,20200318,12.19,12.36,11.25,11.68,1366668
SVY,20200318,0.385,0.4,0.36,0.375,512954
SW1,20200318,0.029,0.029,0.027,0.028,196599
SWF,20200318,0.13,0.135,0.125,0.13,213345
SWK,20200318,0.13,0.13,0.13,0.13,169834
SWM,20200318,0.12,0.12,0.105,0.11,4580623
SXE,20200318,0.47,0.48,0.43,0.435,334528
SXL,20200318,0.42,0.43,0.34,0.345,10604954
SXY,20200318,0.175,0.18,0.16,0.175,8120665
SYA,20200318,0.009,0.009,0.008,0.008,1455095
SYD,20200318,4.9,5.06,4.86,4.91,38013867
SYI,20200318,22.34,22.53,20.86,21.01,19902
SYR,20200318,0.27,0.275,0.175,0.195,23878057
SZL,20200318,0.75,0.76,0.65,0.7,773334
TAH,20200318,2.65,2.65,2.47,2.53,18760052
TAM,20200318,0.038,0.042,0.038,0.042,99958
TAP,20200318,0.07,0.07,0.068,0.068,261000
TAR,20200318,0.007,0.007,0.007,0.007,659879
TAS,20200318,0.026,0.026,0.025,0.025,61162
TBR,20200318,4.56,4.805,4.56,4.75,31454
TCL,20200318,10.82,11.1,10.01,10.35,16128005
TD1,20200318,0.018,0.018,0.017,0.017,516878
TDI,20200318,1.29,1.29,1.25,1.25,9174
TDY,20200318,0.1,0.1,0.085,0.095,106000
TEG,20200318,0.024,0.024,0.023,0.024,424759
TEK,20200318,0.205,0.205,0.18,0.185,643532
TER,20200318,0.175,0.19,0.14,0.15,537252
TFL,20200318,0.086,0.086,0.086,0.086,113453
TGA,20200318,0.053,0.053,0.041,0.041,5814124
TGF,20200318,1.095,1.095,1.03,1.05,42697
TGG,20200318,1.07,1.07,1.05,1.06,699333
TGH,20200318,0.09,0.09,0.089,0.089,81328
TGM,20200318,0.19,0.19,0.18,0.18,71410
TGO,20200318,0.09,0.09,0.079,0.079,10000
TGP,20200318,0.86,0.87,0.755,0.86,80965
TGR,20200318,3.12,3.21,3.06,3.09,1565027
THC,20200318,0.225,0.23,0.215,0.215,221826
TIE,20200318,0.185,0.185,0.17,0.17,203805
TIP,20200318,0.56,0.6,0.555,0.555,78100
TKL,20200318,0.005,0.005,0.005,0.005,219317
TKM,20200318,0.014,0.014,0.014,0.014,43589
TLG,20200318,0.3,0.305,0.26,0.27,395549
TLM,20200318,0.067,0.068,0.067,0.067,129174
TLS,20200318,3.4,3.44,3.14,3.18,79875678
TLT,20200318,2.76,2.8,2.76,2.8,510
TLX,20200318,1.02,1.02,0.915,0.96,529280
TMR,20200318,0.135,0.135,0.135,0.135,48869
TMT,20200318,0.06,0.071,0.059,0.071,361481
TMX,20200318,0.003,0.003,0.003,0.003,275000
TMZ,20200318,0.015,0.015,0.015,0.015,114590
TNE,20200318,7,7.52,7,7.15,2803654
TNG,20200318,0.053,0.055,0.05,0.052,1316497
TNR,20200318,0.007,0.007,0.006,0.006,742940
TNT,20200318,0.047,0.049,0.043,0.043,1172107
TNY,20200318,0.76,0.8,0.74,0.78,56572
TOE,20200318,0.005,0.006,0.005,0.005,427950
TON,20200318,0.016,0.018,0.016,0.016,266100
TOP,20200318,0.44,0.44,0.41,0.415,135997
TOT,20200318,0.89,0.89,0.825,0.825,174754
TOU,20200318,0.04,0.04,0.04,0.04,12693
TPC,20200318,0.82,0.82,0.82,0.82,1000
TPD,20200318,0.001,0.001,0.001,0.001,4440943
TPM,20200318,7.4,7.77,6.83,7.2,2834447
TPP,20200318,0.032,0.032,0.031,0.031,80000
TPW,20200318,2.29,2.29,1.935,2.06,712888
TRS,20200318,2.84,2.84,2.65,2.84,184444
TRY,20200318,0.064,0.065,0.063,0.063,644687
TSC,20200318,0.005,0.005,0.004,0.005,5224906
TSL,20200318,0.045,0.045,0.045,0.045,38095
TSO,20200318,0.035,0.037,0.034,0.034,5949479
TTB,20200318,0.405,0.425,0.365,0.4,275678
TTM,20200318,0.04,0.054,0.038,0.04,2652038
TTT,20200318,0.61,0.61,0.56,0.575,322980
TWE,20200318,9.02,9.07,8.78,8.8,9098691
TWR,20200318,0.58,0.58,0.58,0.58,4123
TYR,20200318,1.55,1.55,1.35,1.415,3471577
UBA,20200318,17.96,17.96,16.7,16.7,14930
UBE,20200318,19,19,18.87,18.89,7905
UBI,20200318,0.155,0.155,0.155,0.155,6451
UBJ,20200318,23.5,24,23.5,24,468
UBN,20200318,0.043,0.043,0.04,0.04,677108
UBP,20200318,27.3,27.5,26.4,27.23,2989
UBU,20200318,29.5,29.5,29.07,29.37,6374
UBW,20200318,25.41,26,25.32,26,15982
UCM,20200318,0.25,0.26,0.24,0.24,194461
UOS,20200318,0.675,0.68,0.665,0.68,113663
URF,20200318,0.36,0.36,0.35,0.36,19609
URW,20200318,4.46,4.77,4.17,4.32,10493569
USD,20200318,16.24,16.27,16.16,16.18,238187
UUV,20200318,0.001,0.001,0.001,0.001,1500000
UWL,20200318,0.91,0.915,0.795,0.83,1409093
VAE,20200318,63.54,64,62.3,62.76,11620
VAF,20200318,51.87,51.87,51,51.41,70227
VAH,20200318,0.071,0.072,0.064,0.067,5756873
VAL,20200318,0.001,0.001,0.001,0.001,450000
VAN,20200318,0.091,0.098,0.09,0.09,98684
VAP,20200318,67.83,67.83,60.75,61.52,88672
VAR,20200318,0.015,0.016,0.014,0.015,769484
VAS,20200318,66.7,67,62.29,63.51,805085
VCF,20200318,47.5,48.05,47.43,47.44,12908
VCX,20200318,1.365,1.465,1.245,1.3,33495305
VEA,20200318,1.39,1.435,1.305,1.315,9708263
VEE,20200318,0.465,0.49,0.465,0.49,17922
VEN,20200318,0.075,0.076,0.071,0.074,212158
VEQ,20200318,47.2,47.3,46.21,46.59,8177
VEU,20200318,64.2,64.35,63,63.94,37450
VG1,20200318,2.02,2.05,2,2.03,969403
VG8,20200318,2.16,2.2,2.1,2.1,345266
VGB,20200318,52.9,53,52.37,52.51,32468
VGE,20200318,61.79,62.2,59.5,61.25,20128
VGI,20200318,9.86,9.86,8.5,8.99,6145
VGL,20200318,1.46,1.46,1.21,1.25,16549
VGS,20200318,70.77,70.77,69,69.2,74879
VHT,20200318,1.18,1.22,1.105,1.14,504621
VHY,20200318,47,47,43.35,44.45,139258
VIC,20200318,0.001,0.001,0.001,0.001,500000
VIF,20200318,49.7,51.32,49.7,51.32,17912
VLC,20200318,56.17,56.17,52,53.82,1758
VLT,20200318,0.13,0.13,0.13,0.13,87000
VMC,20200318,0.15,0.15,0.145,0.145,58646
VMG,20200318,0.002,0.002,0.002,0.002,1050500
VML,20200318,0.007,0.007,0.007,0.007,1688046
VMS,20200318,0.009,0.009,0.009,0.009,920000
VMT,20200318,0.15,0.155,0.135,0.14,317947
VMX,20200318,0.19,0.19,0.19,0.19,20000
VMY,20200318,0.028,0.028,0.024,0.024,1288910
VN8,20200318,0.076,0.083,0.075,0.08,245000
VOC,20200318,2.46,2.5,2.24,2.34,4578134
VOL,20200318,0.99,0.99,0.99,0.99,2480
VOR,20200318,0.005,0.005,0.004,0.004,5901900
VPR,20200318,0.001,0.001,0.001,0.001,75500
VRC,20200318,0.006,0.007,0.006,0.007,1148105
VRL,20200318,1.7,1.705,1.24,1.24,509591
VRS,20200318,0.035,0.035,0.031,0.031,503718
VRT,20200318,3.1,3.12,2.7,2.77,269797
VRX,20200318,0.072,0.072,0.07,0.07,35640
VSO,20200318,43.35,44.15,41.26,42.08,9431
VTG,20200318,0.985,0.99,0.905,0.905,726978
VTH,20200318,0.68,0.68,0.66,0.68,118316
VTI,20200318,0.025,0.026,0.023,0.023,524266
VTS,20200318,205.89,205.99,199.58,199.8,34677
VUK,20200318,1.77,1.835,1.715,1.77,7502047
VUL,20200318,0.2,0.22,0.19,0.195,487378
VVA,20200318,0.94,0.94,0.915,0.92,26225
VVR,20200318,2.17,2.26,2.16,2.2,6117521
VXR,20200318,0.07,0.075,0.07,0.075,181779
VYS,20200318,0.045,0.045,0.043,0.043,570333
WAA,20200318,0.885,0.895,0.885,0.89,60999
WAF,20200318,0.5,0.53,0.455,0.455,4317965
WAM,20200318,1.91,1.94,1.82,1.9,1091273
WAX,20200318,1.215,1.25,1.205,1.23,173008
WBC,20200318,17.07,17.08,15.9,15.9,23558831
WBE,20200318,0.003,0.004,0.003,0.004,45542703
WBT,20200318,0.29,0.315,0.28,0.28,205006
WEB,20200318,4.33,4.33,3.76,3.76,3149432
WEC,20200318,0.065,0.065,0.065,0.065,10312
WEL,20200318,0.019,0.019,0.018,0.018,305173
WES,20200318,37.98,38.1,33.11,34.2,6532054
WGB,20200318,1.77,1.78,1.68,1.69,490046
WGN,20200318,0.835,0.835,0.655,0.75,495518
WGO,20200318,0.1,0.1,0.095,0.096,1250906
WGX,20200318,1.67,1.74,1.62,1.71,2359821
WHC,20200318,1.535,1.535,1.445,1.45,6295037
WHF,20200318,4.19,4.19,3.985,4,104961
WHK,20200318,0.039,0.039,0.035,0.035,176688
WIC,20200318,0.79,0.81,0.75,0.75,86142
WJA,20200318,0.07,0.07,0.07,0.07,10000
WKT,20200318,0.145,0.15,0.13,0.135,240036
WLD,20200318,0.039,0.04,0.039,0.04,96939
WLE,20200318,1.01,1.01,0.95,0.975,959954
WMI,20200318,1.1,1.105,1.06,1.06,230706
WNB,20200318,0.006,0.008,0.005,0.007,305449286
WND,20200318,0.9,0.905,0.89,0.9,116089
WOA,20200318,0.1,0.1,0.1,0.1,80000
WOR,20200318,6.9,6.9,5.55,5.55,6048491
WOW,20200318,40.17,40.89,38.25,39.6,9265711
WPL,20200318,18.9,18.9,17.23,17.23,9051886
WPP,20200318,0.475,0.475,0.45,0.46,1190346
WQG,20200318,1.015,1.065,0.96,1,434460
WRM,20200318,0.003,0.003,0.003,0.003,1763000
WSA,20200318,1.98,2.06,1.85,1.87,3668137
WSI,20200318,0.013,0.013,0.012,0.012,351666
WSP,20200318,1.07,1.12,0.96,0.98,92382
WTC,20200318,12.2,12.55,11.35,11.88,2786867
WTL,20200318,0.023,0.024,0.023,0.024,138577
WWI,20200318,0.008,0.01,0.008,0.01,1275666
WZR,20200318,0.097,0.098,0.087,0.088,19968471
XAM,20200318,0.028,0.028,0.028,0.028,203550
XCD,20200318,0.006,0.006,0.005,0.005,1708450
XF1,20200318,0.19,0.19,0.18,0.18,283299
XRF,20200318,0.17,0.18,0.17,0.175,368216
XRO,20200318,69.2,70.28,64.75,66.61,1472091
XTE,20200318,0.492,0.5,0.492,0.5,27689
YAL,20200318,2.15,2.2,2.02,2.02,20622
YBR,20200318,0.061,0.065,0.06,0.065,68000
YOJ,20200318,0.02,0.02,0.017,0.018,1745395
YOW,20200318,0.035,0.048,0.032,0.032,228591
YPB,20200318,0.001,0.001,0.001,0.001,1500000
YRL,20200318,0.17,0.17,0.17,0.17,3334
Z1P,20200318,1.6,1.605,1.275,1.32,12949708
ZEL,20200318,3.53,3.62,3.25,3.41,164511
ZEN,20200318,0.88,0.89,0.86,0.87,450090
ZER,20200318,0.2,0.2,0.175,0.175,30000
ZGL,20200318,0.05,0.05,0.05,0.05,10000
ZIM,20200318,8.91,9.88,8.91,9.15,7647
ZLD,20200318,0.032,0.032,0.031,0.031,999689
ZMI,20200318,0.05,0.054,0.045,0.045,106229
ZNC,20200318,0.032,0.032,0.032,0.032,11900
ZNO,20200318,1.63,1.65,1.365,1.4,4036902
XAF,20200318,5293,5293,4877.4,4943.9,0
XAO,20200318,5332.8,5332.8,4935.3,4998.8,0
XAT,20200318,5246.5,5246.5,4837.2,4902.1,0
XDJ,20200318,2024.6,2024.6,1788.5,1832.8,0
XEC,20200318,946,960.3,902.1,905.2,0
XEJ,20200318,6266,6266,5600,5600,0
XFJ,20200318,4582.5,4582.5,4165.8,4232.3,0
XFL,20200318,5319.3,5319.3,4900,4966.1,0
XGD,20200318,5778.2,6314.4,5778.2,6062.6,0
XHJ,20200318,41330.6,41330.6,38159.7,38330.6,0
XIJ,20200318,1023.5,1023.5,908,923.3,0
XJO,20200318,5293.4,5293.4,4888.1,4953.2,0
XJR,20200318,3526.2,3551.3,3323.3,3369.3,0
XKO,20200318,5241.6,5241.6,4846.5,4910.4,0
XMD,20200318,5330.3,5330.3,4966.9,5048.3,0
XMJ,20200318,10569.2,10679.4,10061,10224.4,0
XMM,20200318,3493.9,3556.2,3338.7,3399,0
XNJ,20200318,4714.9,4714.9,4412.5,4459,0
XPJ,20200318,1187.6,1188.4,1065.1,1065.1,0
XSJ,20200318,12568.5,12743.3,12160.3,12450,0
XSO,20200318,2181,2181,2053.1,2069.5,0
XTJ,20200318,1161.7,1161.7,1061.8,1074.8,0
XTL,20200318,3026.6,3026.6,2787.6,2826.7,0
XTO,20200318,4393.6,4393.6,4053.9,4109.9,0
XUJ,20200318,6723.3,6968.4,6660.8,6868.7,0
XXJ,20200318,5111,5111,4646.3,4720.4,0
