360,20200430,1.96,2.08,1.95,2,904351
14D,20200430,0.115,0.145,0.11,0.135,426200
1AD,20200430,0.066,0.072,0.061,0.061,246000
1ST,20200430,0.029,0.031,0.028,0.03,5275246
3DA,20200430,0.155,0.175,0.15,0.17,799896
3DP,20200430,0.04,0.042,0.037,0.037,2842038
3PL,20200430,0.755,0.755,0.75,0.75,65138
4DS,20200430,0.042,0.049,0.04,0.043,2734841
5GN,20200430,0.935,0.97,0.92,0.93,696419
88E,20200430,0.006,0.006,0.005,0.006,10987732
8CO,20200430,0.06,0.06,0.06,0.06,535073
8IH,20200430,0.099,0.099,0.098,0.098,30000
9SP,20200430,0.016,0.017,0.016,0.016,2545089
A1G,20200430,0.096,0.096,0.088,0.088,13889
A2B,20200430,0.67,0.865,0.67,0.79,325710
A2M,20200430,18.75,18.8,18.22,18.22,3089299
A3D,20200430,0.085,0.09,0.079,0.079,303172
A4N,20200430,0.16,0.16,0.16,0.16,100265
AAA,20200430,50.1,50.11,50.09,50.11,103402
AAC,20200430,1.11,1.17,1.095,1.16,1084428
AAJ,20200430,0.003,0.003,0.002,0.003,9406991
AAR,20200430,0.14,0.15,0.13,0.135,510792
ABA,20200430,4.41,4.46,4.35,4.36,20422
ABC,20200430,2.55,2.74,2.52,2.73,3347993
ABP,20200430,2.51,2.53,2.44,2.53,993185
ABR,20200430,0.35,0.38,0.35,0.36,593807
ABT,20200430,0.02,0.022,0.02,0.022,120000
ABV,20200430,0.024,0.024,0.022,0.022,925204
AC8,20200430,0.195,0.2,0.19,0.19,504604
ACB,20200430,0.015,0.015,0.014,0.014,821250
ACF,20200430,0.24,0.25,0.235,0.24,186091
ACQ,20200430,0.895,0.935,0.895,0.9,200628
ACU,20200430,0.067,0.069,0.067,0.068,314829
ACW,20200430,0.02,0.022,0.02,0.021,1084154
AD1,20200430,0.012,0.012,0.011,0.011,501263
AD8,20200430,5.34,6.18,5.34,6.09,798453
ADA,20200430,0.425,0.425,0.405,0.42,45302
ADD,20200430,0.016,0.016,0.016,0.016,200000
ADH,20200430,1.54,1.595,1.49,1.58,1511321
ADI,20200430,2.11,2.14,2.07,2.08,272850
ADJ,20200430,0.022,0.023,0.022,0.022,4977175
ADN,20200430,0.049,0.05,0.048,0.049,6035448
ADO,20200430,0.025,0.025,0.021,0.023,4907609
ADR,20200430,0.038,0.038,0.032,0.032,2277181
ADT,20200430,1.2,1.205,1.167,1.185,281407
ADV,20200430,0.004,0.004,0.004,0.004,125000
ADX,20200430,0.006,0.008,0.006,0.006,10143542
ADY,20200430,0.005,0.005,0.005,0.005,1
AEE,20200430,0.003,0.004,0.003,0.004,635000
AEF,20200430,4.31,4.73,4.3,4.66,259421
AEG,20200430,1.15,1.165,1.15,1.165,246496
AEI,20200430,0.63,0.635,0.57,0.57,1812588
AEV,20200430,0.009,0.009,0.009,0.009,52000
AFG,20200430,1.51,1.595,1.49,1.565,830195
AFI,20200430,5.79,5.83,5.78,5.8,847167
AFL,20200430,0.17,0.17,0.17,0.17,29425
AFR,20200430,0.025,0.029,0.025,0.029,298163
AGD,20200430,0.155,0.165,0.155,0.16,62625
AGE,20200430,0.003,0.003,0.003,0.003,535000
AGG,20200430,7.99,8.22,7.99,8.22,36334
AGH,20200430,0.39,0.405,0.38,0.39,1437885
AGI,20200430,0.445,0.455,0.432,0.435,250248
AGL,20200430,16.9,17.09,16.75,16.96,4262528
AGM,20200430,1.54,1.55,1.54,1.54,72567
AGY,20200430,0.04,0.044,0.04,0.043,1499137
AHF,20200430,0.082,0.085,0.08,0.081,447191
AHL,20200430,0.005,0.005,0.005,0.005,100000
AHQ,20200430,0.07,0.071,0.068,0.07,135801
AHX,20200430,0.44,0.44,0.44,0.44,2670
AHY,20200430,0.985,1.05,0.985,1.03,1026462
AHZ,20200430,7.3,7.5,7.3,7.3,3626
AIA,20200430,5.55,5.85,5.52,5.74,913986
AIR,20200430,0.86,0.86,0.86,0.86,3055
AIS,20200430,0.049,0.049,0.047,0.047,43300
AIZ,20200430,1.27,1.29,1.255,1.265,3124896
AJL,20200430,0.052,0.055,0.051,0.055,98671
AJM,20200430,0.049,0.05,0.048,0.05,1159651
AJQ,20200430,0.038,0.038,0.037,0.037,274243
AJX,20200430,0.062,0.062,0.055,0.058,658040
AKG,20200430,0.315,0.315,0.315,0.315,1600
AKM,20200430,0.079,0.085,0.079,0.081,156622
AKP,20200430,13.89,14.89,13.89,14,33318
AL3,20200430,0.195,0.215,0.19,0.19,1839738
AL8,20200430,0.019,0.019,0.019,0.019,51842
ALC,20200430,0.17,0.17,0.16,0.16,1244368
ALF,20200430,0.85,0.86,0.85,0.855,207436
ALG,20200430,0.35,0.395,0.34,0.365,6773709
ALI,20200430,2.11,2.18,2.1,2.14,182694
ALK,20200430,0.74,0.76,0.715,0.75,3299016
ALL,20200430,25,25.88,24.58,25.49,4803149
ALQ,20200430,6.85,6.9,6.63,6.81,1321416
ALU,20200430,34.07,34.45,33.37,34.15,860451
ALX,20200430,6.03,6.26,5.92,6.25,8288729
ALY,20200430,0.012,0.012,0.012,0.012,83333
AMA,20200430,0.4,0.43,0.385,0.425,5900927
AMC,20200430,14.13,14.19,13.88,14.07,3303143
AMD,20200430,0.005,0.005,0.005,0.005,201333
AME,20200430,0.064,0.064,0.063,0.063,159417
AMG,20200430,0.045,0.046,0.045,0.046,463143
AMH,20200430,0.82,0.835,0.81,0.835,225761
AMI,20200430,0.315,0.33,0.305,0.33,20283842
AML,20200430,0.096,0.105,0.091,0.1,462542
AMN,20200430,0.355,0.355,0.34,0.345,31801
AMO,20200430,0.04,0.04,0.04,0.04,50000
AMP,20200430,1.36,1.435,1.355,1.43,17937999
AMS,20200430,0.5,0.55,0.46,0.55,2415045
AMX,20200430,1.74,1.75,1.665,1.705,108931
ANA,20200430,0.006,0.006,0.005,0.006,4097300
ANG,20200430,0.14,0.14,0.14,0.14,7142
ANL,20200430,0.002,0.002,0.002,0.002,550999
ANN,20200430,28.95,29.09,28.22,28.55,575700
ANO,20200430,4.5,4.6,4.37,4.46,44019
ANP,20200430,0.049,0.049,0.047,0.048,430001
ANR,20200430,0.185,0.185,0.185,0.185,3200
ANW,20200430,0.001,0.001,0.001,0.001,6596009
ANZ,20200430,16.66,16.905,16.23,16.9,21390148
AO1,20200430,0.011,0.013,0.01,0.012,920222
AOF,20200430,2.02,2.07,2.02,2.05,163397
AON,20200430,0.018,0.018,0.018,0.018,628618
AOP,20200430,0.23,0.23,0.215,0.215,119813
AOU,20200430,0.057,0.057,0.055,0.055,323000
APA,20200430,11.2,11.25,10.91,10.92,3290086
APD,20200430,0.49,0.5,0.49,0.5,287897
APE,20200430,4.15,5.25,4.15,5.14,3207440
APH,20200430,0.1,0.1,0.1,0.1,18
API,20200430,1.165,1.185,1.145,1.17,2024222
APL,20200430,0.925,0.95,0.92,0.95,1174733
APT,20200430,28.89,31.45,28.76,31.2,5934586
APV,20200430,0.155,0.165,0.15,0.165,81602
APX,20200430,24.72,25.89,24.55,25.83,1009534
APZ,20200430,1,1.01,1,1.01,882
AQC,20200430,0.14,0.145,0.14,0.145,8000
AQD,20200430,0.014,0.014,0.013,0.013,2300000
AQG,20200430,7.9,7.9,7.63,7.89,728992
AQI,20200430,0.075,0.082,0.075,0.081,2607558
AQR,20200430,3.1,3.22,3.085,3.2,278975
AQX,20200430,0.019,0.019,0.018,0.018,1189268
AQZ,20200430,2.05,2.135,2.04,2.12,136423
AR9,20200430,0.08,0.08,0.08,0.08,150000
ARA,20200430,0.4,0.4,0.4,0.4,4000
ARB,20200430,14.69,15.34,14.27,15.23,249328
ARD,20200430,0.017,0.017,0.016,0.017,924534
ARF,20200430,2.25,2.29,2.19,2.26,273929
ARG,20200430,7.21,7.4,7.21,7.36,193633
ARL,20200430,0.25,0.27,0.25,0.27,261894
ARM,20200430,0.014,0.015,0.013,0.014,2295804
ARN,20200430,0.12,0.12,0.12,0.12,2500
ARQ,20200430,0.11,0.11,0.1,0.105,514047
ARU,20200430,0.073,0.074,0.071,0.073,523168
ARV,20200430,0.033,0.034,0.033,0.034,3643543
AS1,20200430,0.14,0.145,0.125,0.145,34356
ASB,20200430,3.12,3.37,3.11,3.36,1452669
ASG,20200430,0.715,0.745,0.715,0.74,21681
ASH,20200430,0.265,0.27,0.265,0.27,98955
AST,20200430,1.905,1.917,1.855,1.875,10479069
ASX,20200430,84,84.15,81.55,81.55,781242
AT1,20200430,0.485,0.495,0.47,0.48,5389797
ATC,20200430,0.048,0.048,0.044,0.045,1119018
ATH,20200430,0.02,0.02,0.02,0.02,154739
ATL,20200430,0.28,0.3,0.265,0.27,473005
ATS,20200430,0.028,0.028,0.026,0.027,4946271
ATU,20200430,0.235,0.235,0.23,0.23,500374
ATX,20200430,0.076,0.08,0.076,0.08,168439
AU8,20200430,0.056,0.056,0.054,0.055,531352
AUB,20200430,11.66,11.94,11.31,11.67,237703
AUC,20200430,0.015,0.015,0.014,0.014,568572
AUH,20200430,0.002,0.002,0.002,0.002,3599999
AUI,20200430,7.56,7.84,7.56,7.63,50319
AUR,20200430,0.016,0.021,0.016,0.021,2033816
AUT,20200430,0.049,0.054,0.048,0.054,15191366
AUZ,20200430,0.01,0.01,0.009,0.009,8481694
AV1,20200430,0.094,0.096,0.089,0.089,426706
AVA,20200430,0.12,0.14,0.12,0.135,616338
AVC,20200430,0.195,0.2,0.195,0.2,8337
AVE,20200430,0.007,0.007,0.007,0.007,403997
AVG,20200430,0.42,0.425,0.39,0.415,61517
AVH,20200430,0.45,0.475,0.44,0.465,13172841
AVJ,20200430,0.36,0.395,0.36,0.395,212281
AVL,20200430,0.009,0.009,0.009,0.009,140509
AVN,20200430,1.69,1.73,1.64,1.71,782061
AWC,20200430,1.585,1.745,1.58,1.735,25371510
AWV,20200430,0.008,0.008,0.008,0.008,57980
AWY,20200430,0.85,0.85,0.845,0.85,14813
AX1,20200430,1.255,1.28,1.175,1.18,3894214
AXE,20200430,0.18,0.19,0.18,0.185,348621
AYF,20200430,5.35,5.4,5.35,5.4,3500
AYR,20200430,0.016,0.017,0.016,0.017,160000
AYS,20200430,0.33,0.33,0.315,0.315,262258
AZI,20200430,0.004,0.005,0.004,0.004,664268
AZJ,20200430,4.75,4.81,4.63,4.69,8362155
AZS,20200430,0.08,0.083,0.078,0.083,321439
AZV,20200430,0.065,0.07,0.065,0.07,166519
AZY,20200430,0.018,0.019,0.018,0.018,10057993
BAF,20200430,0.71,0.72,0.71,0.72,135230
BAP,20200430,4.93,5.01,4.84,4.94,3403008
BAR,20200430,0.016,0.022,0.016,0.017,4532085
BAS,20200430,0.001,0.001,0.001,0.001,12000000
BAT,20200430,0.005,0.006,0.005,0.006,1280000
BBC,20200430,0.41,0.41,0.4,0.4,217193
BBL,20200430,0.38,0.38,0.38,0.38,2857
BBN,20200430,2.91,2.94,2.69,2.73,726974
BBX,20200430,0.11,0.11,0.11,0.11,37921
BC8,20200430,0.4,0.4,0.39,0.4,62058
BCB,20200430,0.05,0.05,0.049,0.049,102000
BCC,20200430,0.185,0.185,0.185,0.185,60816
BCI,20200430,0.14,0.14,0.14,0.14,939154
BCL,20200430,0.2,0.265,0.165,0.245,6110677
BCN,20200430,0.042,0.042,0.04,0.04,2979010
BCT,20200430,0.063,0.063,0.058,0.062,968575
BD1,20200430,0.027,0.027,0.025,0.025,930167
BDA,20200430,0.27,0.27,0.265,0.27,21045
BDC,20200430,0.074,0.074,0.068,0.068,5494746
BEE,20200430,0.013,0.014,0.013,0.014,401858
BEL,20200430,0.028,0.028,0.028,0.028,1588
BEM,20200430,0.03,0.03,0.029,0.029,129529
BEN,20200430,6.17,6.56,6.15,6.54,6036178
BET,20200430,0.29,0.295,0.275,0.28,3264177
BFC,20200430,0.073,0.075,0.073,0.075,189649
BFG,20200430,1.09,1.14,1.07,1.12,536005
BGA,20200430,4.82,4.94,4.77,4.84,766146
BGL,20200430,0.595,0.605,0.567,0.57,1480207
BGP,20200430,3.1,3.35,3.1,3.35,4274
BGT,20200430,0.2,0.2,0.185,0.185,606964
BHP,20200430,32,32.43,31.55,32.35,11017212
BID,20200430,0.845,0.86,0.81,0.82,358354
BIN,20200430,2.2,2.38,2.17,2.35,3166773
BIS,20200430,1,1.01,1,1.01,35216
BIT,20200430,0.1,0.1,0.097,0.098,3322472
BKI,20200430,1.36,1.395,1.36,1.365,556951
BKL,20200430,73.2,76.39,72.8,75.76,94158
BKT,20200430,0.034,0.034,0.032,0.032,48123
BKW,20200430,13.13,13.72,13.1,13.65,770672
BKY,20200430,0.185,0.195,0.185,0.195,5035
BLD,20200430,2.83,3.08,2.81,3.02,16320820
BLG,20200430,0.022,0.024,0.022,0.023,1950407
BLK,20200430,0.011,0.011,0.01,0.011,11975078
BLU,20200430,0.018,0.019,0.017,0.018,4169457
BLX,20200430,0.635,0.75,0.635,0.72,50215
BLY,20200430,0.63,0.7,0.6,0.7,39368
BMG,20200430,0.002,0.002,0.002,0.002,267525
BMN,20200430,0.04,0.047,0.04,0.043,2345509
BNL,20200430,0.005,0.005,0.005,0.005,9541063
BNO,20200430,0.046,0.048,0.043,0.044,751596
BNR,20200430,0.048,0.048,0.047,0.048,101990
BOA,20200430,0.175,0.195,0.175,0.195,26142
BOC,20200430,0.255,0.255,0.24,0.25,1052
BOE,20200430,0.068,0.075,0.065,0.07,8748593
BOL,20200430,0.086,0.086,0.086,0.086,92250
BOQ,20200430,4.8,5.21,4.8,5.21,6821888
BOT,20200430,0.046,0.049,0.046,0.047,9365363
BPT,20200430,1.45,1.52,1.44,1.52,24923618
BRB,20200430,0.24,0.245,0.19,0.2,914947
BRG,20200430,17.36,17.89,17.01,17.56,348087
BRK,20200430,0.004,0.005,0.004,0.005,19065729
BRL,20200430,0.059,0.06,0.058,0.059,577704
BRN,20200430,0.052,0.055,0.05,0.05,6145925
BRU,20200430,0.084,0.09,0.084,0.09,491578
BRV,20200430,0.025,0.025,0.024,0.024,1535149
BSA,20200430,0.28,0.28,0.275,0.28,145984
BSE,20200430,0.13,0.14,0.127,0.13,1060674
BSL,20200430,10.05,10.48,9.91,10.25,5855025
BSM,20200430,0.005,0.005,0.004,0.004,3300000
BSX,20200430,0.175,0.175,0.165,0.175,587556
BTC,20200430,0.074,0.074,0.074,0.074,10000
BTH,20200430,0.75,0.8,0.75,0.77,3728054
BTI,20200430,0.71,0.81,0.71,0.81,156464
BUB,20200430,0.91,0.915,0.9,0.9,2849008
BUX,20200430,0.079,0.081,0.079,0.081,31636
BUY,20200430,0.008,0.008,0.008,0.008,3208521
BVS,20200430,4.93,5.02,4.73,4.86,1552982
BWF,20200430,0.295,0.295,0.295,0.295,188
BWP,20200430,3.47,3.57,3.44,3.53,1645991
BWR,20200430,1.205,1.25,1.205,1.25,11919
BWX,20200430,3.43,3.69,3.4,3.61,405126
BXB,20200430,11.19,11.28,10.98,11.08,5274343
BXN,20200430,0.01,0.011,0.01,0.011,207284
BYE,20200430,0.14,0.145,0.135,0.145,1173319
BYH,20200430,0.029,0.029,0.028,0.028,405714
C6C,20200430,0.5,0.51,0.5,0.51,52267
CAA,20200430,0.099,0.1,0.099,0.1,294016
CAF,20200430,0.083,0.088,0.083,0.088,116959
CAG,20200430,0.54,0.55,0.54,0.55,5273
CAI,20200430,0.305,0.32,0.3,0.32,426579
CAJ,20200430,0.19,0.2,0.19,0.2,1311281
CAM,20200430,0.77,0.77,0.755,0.76,170422
CAN,20200430,0.92,0.925,0.885,0.925,366812
CAP,20200430,0.024,0.024,0.023,0.023,337861
CAR,20200430,14.44,14.44,13.88,14.19,1682901
CAT,20200430,1.1,1.23,1.1,1.215,831600
CAU,20200430,0.105,0.11,0.098,0.11,294768
CAY,20200430,0.085,0.099,0.085,0.098,931589
CAZ,20200430,0.022,0.022,0.022,0.022,102000
CBA,20200430,61.88,62.93,61.26,62.69,5477696
CBE,20200430,0.175,0.2,0.17,0.19,236153
CBR,20200430,1.55,1.745,1.525,1.725,878227
CBY,20200430,0.08,0.08,0.08,0.08,63000
CCA,20200430,0.06,0.06,0.058,0.058,95677
CCE,20200430,0.001,0.001,0.001,0.001,1000000
CCG,20200430,0.067,0.07,0.067,0.07,410554
CCL,20200430,8.39,8.77,8.33,8.68,3526180
CCP,20200430,15.5,17.75,14.95,16.55,2924902
CCV,20200430,0.145,0.155,0.145,0.155,15515905
CCX,20200430,2.2,2.49,2.19,2.38,1565964
CCZ,20200430,0.019,0.019,0.018,0.019,2487805
CD2,20200430,0.9,0.9,0.9,0.9,1167
CDA,20200430,6.4,6.66,6.4,6.54,534907
CDD,20200430,0.24,0.255,0.23,0.25,221267
CDM,20200430,0.54,0.555,0.54,0.55,316519
CDP,20200430,3.2,3.23,3.11,3.2,65693
CDT,20200430,0.006,0.007,0.006,0.007,722619
CDV,20200430,0.375,0.39,0.375,0.375,490784
CDX,20200430,0.023,0.023,0.023,0.023,50000
CDY,20200430,0.22,0.22,0.21,0.215,334683
CE1,20200430,0.007,0.007,0.005,0.006,684292
CEL,20200430,0.115,0.15,0.115,0.14,3979188
CEN,20200430,6,6,5.9,5.9,2140
CFE,20200430,0.002,0.002,0.002,0.002,2658398
CFO,20200430,0.048,0.05,0.046,0.046,117068
CG1,20200430,0.25,0.25,0.25,0.25,30822
CGB,20200430,0.008,0.008,0.007,0.008,2307332
CGC,20200430,2.79,2.91,2.77,2.89,2242092
CGF,20200430,4.54,5.04,4.54,4.96,5937163
CGL,20200430,3.6,3.68,3.43,3.47,536395
CGO,20200430,0.092,0.093,0.09,0.09,45000
CGS,20200430,0.355,0.39,0.35,0.35,119430
CHC,20200430,7.33,7.86,7.29,7.65,2789207
CHK,20200430,0.006,0.006,0.005,0.005,269850
CHN,20200430,1.13,1.135,1.075,1.125,1437483
CHZ,20200430,0.062,0.063,0.06,0.063,811052
CI1,20200430,0.032,0.032,0.031,0.032,492716
CIA,20200430,1.95,2.05,1.95,2,1303373
CIE,20200430,0.53,0.545,0.53,0.54,146958
CIM,20200430,23.92,25,23.59,24.64,643909
CIN,20200430,20.94,21.42,20.91,21,5357
CIO,20200430,0.02,0.02,0.02,0.02,14100
CIP,20200430,2.63,2.68,2.62,2.65,1190885
CIW,20200430,0.405,0.405,0.4,0.405,53848
CKA,20200430,0.044,0.044,0.042,0.043,286358
CKF,20200430,7,7.46,6.95,7.36,840903
CL1,20200430,1.425,1.425,1.395,1.4,43847
CL8,20200430,0.008,0.01,0.008,0.01,4428714
CLA,20200430,0.009,0.009,0.009,0.009,1
CLF,20200430,1.005,1.015,1.005,1.015,30294
CLQ,20200430,0.2,0.21,0.2,0.21,445305
CLV,20200430,2.11,2.21,2.1,2.1,545849
CLW,20200430,4.39,4.51,4.36,4.48,3363519
CLX,20200430,0.585,0.6,0.585,0.595,7633
CLZ,20200430,0.001,0.001,0.001,0.001,3239123
CM8,20200430,0.025,0.025,0.023,0.023,863658
CMD,20200430,0.009,0.009,0.008,0.008,1324096
CMM,20200430,1.38,1.38,1.355,1.365,88551
CMP,20200430,0.505,0.52,0.505,0.515,221885
CMW,20200430,0.77,0.785,0.755,0.785,8298808
CNB,20200430,0.072,0.072,0.072,0.072,60000
CNI,20200430,1.58,1.615,1.56,1.61,828461
CNJ,20200430,0.005,0.005,0.005,0.005,226600
CNL,20200430,0.08,0.08,0.08,0.08,73182
CNU,20200430,6.76,6.8,6.59,6.62,737870
CNW,20200430,0.025,0.025,0.023,0.024,576078
COB,20200430,0.135,0.14,0.135,0.14,611911
COE,20200430,0.44,0.445,0.42,0.43,4982185
COF,20200430,1.98,2.05,1.9,1.94,1096360
COG,20200430,0.042,0.044,0.042,0.043,269491
COH,20200430,187,187.66,183.53,184.5,294999
COI,20200430,0.085,0.085,0.082,0.085,1556343
COL,20200430,15.82,15.85,15.51,15.51,8077157
COO,20200430,0.046,0.046,0.046,0.046,750000
COS,20200430,0.37,0.37,0.35,0.35,60230
COY,20200430,0.009,0.009,0.009,0.009,111111
CP1,20200430,0.1,0.105,0.1,0.105,7188
CPH,20200430,0.07,0.072,0.068,0.068,1285052
CPT,20200430,0.013,0.013,0.013,0.013,43107
CPU,20200430,11.57,12.31,11.56,12.18,3867029
CPV,20200430,0.125,0.125,0.125,0.125,16600
CQE,20200430,2.32,2.46,2.29,2.44,885088
CQR,20200430,3,3.185,2.96,3.17,4207236
CR1,20200430,0.255,0.26,0.24,0.26,119250
CRL,20200430,0.011,0.011,0.009,0.01,2798505
CRN,20200430,1.22,1.25,1.185,1.19,726681
CRS,20200430,0.11,0.125,0.11,0.125,162351
CSE,20200430,0.025,0.025,0.025,0.025,92400
CSL,20200430,314.51,315.5,309.44,309.44,1200813
CSR,20200430,3.5,3.74,3.5,3.73,4771353
CSS,20200430,0.685,0.71,0.66,0.66,21233
CST,20200430,0.175,0.175,0.16,0.165,821222
CT1,20200430,0.023,0.023,0.019,0.02,2407391
CTD,20200430,11.6,12.85,11.6,12.7,1282767
CTM,20200430,0.185,0.205,0.185,0.2,1510219
CTO,20200430,0.004,0.004,0.004,0.004,1850000
CTP,20200430,0.075,0.077,0.074,0.075,917298
CTX,20200430,24,25.11,23.83,24.92,1512016
CUE,20200430,0.079,0.079,0.079,0.079,131646
CUP,20200430,0.87,0.9,0.84,0.88,108035
CUV,20200430,21.37,22.27,21.37,22.03,185068
CV1,20200430,0.083,0.105,0.079,0.098,1331571
CVC,20200430,1.155,1.155,1.145,1.15,51719
CVF,20200430,0.75,0.755,0.745,0.745,132882
CVN,20200430,0.18,0.2,0.18,0.19,7269605
CVV,20200430,0.02,0.022,0.02,0.022,361741
CVW,20200430,0.2,0.21,0.2,0.205,168623
CWN,20200430,9.72,9.9,9.51,9.89,2764893
CWP,20200430,4.19,4.31,3.99,4.25,155561
CWX,20200430,0.21,0.22,0.205,0.215,210336
CWY,20200430,1.865,1.885,1.835,1.87,9678248
CXL,20200430,0.68,0.69,0.67,0.67,43460
CXO,20200430,0.041,0.041,0.04,0.04,750462
CXZ,20200430,0.017,0.018,0.017,0.018,1226500
CY5,20200430,0.036,0.036,0.035,0.036,245475
CYC,20200430,1.32,1.32,1.32,1.32,16326
CYG,20200430,0.505,0.515,0.5,0.515,51072
CYL,20200430,2.83,2.89,2.71,2.73,10753
CYM,20200430,0.14,0.15,0.14,0.15,114992
CYP,20200430,0.64,0.66,0.635,0.635,72340
CYQ,20200430,0.001,0.002,0.001,0.001,7297394
CZI,20200430,0.094,0.096,0.093,0.096,185000
CZL,20200430,0.004,0.004,0.004,0.004,1080000
CZN,20200430,0.003,0.003,0.003,0.003,5014578
CZR,20200430,0.01,0.01,0.01,0.01,2074444
D2O,20200430,1.355,1.36,1.3,1.335,44398
DAF,20200430,0.017,0.02,0.017,0.02,850000
DBF,20200430,1,1.05,1,1.03,27566
DCC,20200430,0.03,0.032,0.03,0.031,10942912
DCG,20200430,0.15,0.24,0.15,0.225,12900887
DCL,20200430,0.042,0.042,0.041,0.041,28800
DCN,20200430,0.38,0.39,0.36,0.36,8322206
DCX,20200430,0.003,0.003,0.003,0.003,4246262
DDR,20200430,7.06,7.2,6.97,7.03,264376
DEG,20200430,0.36,0.37,0.345,0.35,6539274
DEM,20200430,0.175,0.18,0.165,0.165,397665
DEV,20200430,0.086,0.089,0.084,0.089,708214
DGO,20200430,2.1,2.15,2.08,2.1,25795
DGR,20200430,0.069,0.075,0.06,0.065,874404
DHG,20200430,2.73,2.77,2.59,2.62,2155537
DHR,20200430,0.002,0.002,0.002,0.002,216777
DIV,20200430,19.38,19.5,19.38,19.5,472
DJW,20200430,2.54,2.57,2.5,2.55,136640
DKM,20200430,0.15,0.15,0.135,0.14,950649
DLC,20200430,0.005,0.005,0.005,0.005,6320726
DMP,20200430,55.19,58.05,54.6,58.05,905615
DNA,20200430,0.034,0.037,0.034,0.035,1755699
DNK,20200430,0.38,0.38,0.37,0.37,135047
DOW,20200430,4.05,4.22,4.05,4.17,7059434
DRE,20200430,0.006,0.006,0.006,0.006,497508
DRO,20200430,0.115,0.12,0.11,0.11,1292466
DSE,20200430,0.044,0.044,0.041,0.042,441496
DTC,20200430,0.93,1.01,0.93,0.94,196837
DTI,20200430,0.026,0.026,0.026,0.026,70000
DTL,20200430,3.93,4.09,3.85,3.9,558075
DTM,20200430,0.059,0.059,0.059,0.059,50000
DTR,20200430,0.002,0.002,0.002,0.002,1000000
DTS,20200430,0.12,0.13,0.12,0.13,162330
DTZ,20200430,0.044,0.044,0.04,0.042,91766
DUB,20200430,1.015,1.03,0.91,0.91,1806275
DUI,20200430,4.07,4.23,4.07,4.22,125257
DVL,20200430,0.023,0.025,0.02,0.025,1293149
DW8,20200430,0.005,0.005,0.005,0.005,909500
DWS,20200430,0.725,0.725,0.705,0.705,96873
DXB,20200430,0.2,0.215,0.2,0.2,1461103
DXN,20200430,0.01,0.01,0.009,0.01,3324000
DXS,20200430,8.92,9.22,8.83,9.16,5383592
DYL,20200430,0.26,0.26,0.24,0.245,62427
E25,20200430,0.18,0.18,0.175,0.175,37213
E2E,20200430,0.001,0.001,0.001,0.001,10120000
E2M,20200430,0.093,0.093,0.08,0.08,54693
EAF,20200430,1.21,1.21,1.21,1.21,181814
EAI,20200430,0.945,0.965,0.945,0.96,167387
EAX,20200430,0.097,0.097,0.096,0.096,2250
EBO,20200430,21.1,21.1,20.76,20.77,1183
ECF,20200430,0.89,0.915,0.875,0.915,680213
ECL,20200430,1.185,1.19,1.185,1.19,7000
ECP,20200430,0.925,0.94,0.925,0.94,50932
ECS,20200430,0.032,0.032,0.029,0.029,260145
ECT,20200430,0.001,0.001,0.001,0.001,400000
ECX,20200430,0.7,0.735,0.662,0.725,3845221
ED1,20200430,0.595,0.6,0.565,0.6,107742
EDC,20200430,0.905,0.945,0.9,0.94,42000
EDE,20200430,0.038,0.04,0.037,0.037,3695954
EEG,20200430,0.2,0.28,0.2,0.255,355356
EEU,20200430,15.94,15.94,15.94,15.94,580
EGD,20200430,2.41,2.5,2.41,2.46,221819
EGF,20200430,1.59,1.595,1.59,1.59,178474
EGG,20200430,1.26,1.26,1.21,1.21,26251
EGH,20200430,0.29,0.3,0.28,0.3,545853
EGI,20200430,0.96,0.985,0.96,0.98,64524
EGN,20200430,0.4,0.4,0.4,0.4,40000
EGR,20200430,0.063,0.064,0.063,0.064,133498
EHE,20200430,1.495,1.54,1.43,1.505,1546300
EHL,20200430,1.18,1.21,1.155,1.17,3133822
ELD,20200430,8.69,8.7,8.545,8.67,751672
ELO,20200430,7.03,7.22,6.91,7.07,98494
ELS,20200430,0.365,0.37,0.355,0.37,117512
ELT,20200430,0.002,0.002,0.002,0.002,1000000
ELX,20200430,0.615,0.63,0.615,0.63,18194
EM1,20200430,0.007,0.007,0.007,0.007,3161229
EMD,20200430,0.062,0.068,0.062,0.068,308699
EMH,20200430,0.25,0.25,0.22,0.25,33583
EML,20200430,2.7,2.87,2.62,2.81,6535052
EMP,20200430,0.018,0.018,0.018,0.018,49000
EMR,20200430,0.5,0.525,0.495,0.5,677496
EMT,20200430,0.01,0.01,0.01,0.01,721637
EMU,20200430,0.017,0.019,0.017,0.019,259520
EMV,20200430,0.82,0.85,0.82,0.85,232018
EN1,20200430,0.012,0.013,0.012,0.013,3120619
ENA,20200430,0.016,0.016,0.016,0.016,84363
ENN,20200430,0.93,0.95,0.88,0.91,251904
ENR,20200430,0.1,0.115,0.1,0.115,80500
ENT,20200430,0.012,0.012,0.01,0.01,785417
ENX,20200430,0.007,0.007,0.007,0.007,83333
EOF,20200430,2.9,2.98,2.74,2.85,1129026
EOL,20200430,2.65,2.65,2.58,2.58,6320
EOS,20200430,4.75,4.81,4.45,4.7,2302136
EPD,20200430,0.36,0.36,0.345,0.35,95788
EPM,20200430,0.006,0.006,0.006,0.006,1000000
EQE,20200430,0.008,0.008,0.008,0.008,182223
EQT,20200430,20.805,21.62,20.67,21.5,31577
EQX,20200430,0.25,0.25,0.24,0.24,109542
ERA,20200430,0.175,0.18,0.175,0.18,168795
ERF,20200430,0.755,0.76,0.73,0.73,144432
ERM,20200430,0.088,0.092,0.088,0.09,134493
ERX,20200430,0.048,0.052,0.048,0.05,1085534
ESE,20200430,0.008,0.008,0.008,0.008,20000
ESH,20200430,0.007,0.007,0.006,0.007,5315644
ESK,20200430,0.13,0.155,0.13,0.155,50000
ESR,20200430,0.008,0.008,0.008,0.008,610062
ETF,20200430,17.92,18.2,17.92,18.2,500
EUR,20200430,0.044,0.046,0.044,0.046,518322
EVE,20200430,0.005,0.006,0.005,0.005,2323340
EVN,20200430,5.24,5.24,5.08,5.11,14965702
EVO,20200430,0.076,0.077,0.075,0.077,308529
EVS,20200430,0.12,0.12,0.115,0.12,2868495
EVT,20200430,7.6,7.76,7.6,7.7,194834
EX1,20200430,0.22,0.22,0.2,0.2,86471
EXP,20200430,0.1,0.11,0.095,0.095,1153458
EXR,20200430,0.026,0.026,0.025,0.026,1216538
EZL,20200430,0.82,0.84,0.82,0.84,169900
FAM,20200430,0.021,0.021,0.021,0.021,4000
FAR,20200430,0.014,0.017,0.014,0.017,35075864
FAU,20200430,0.011,0.011,0.008,0.009,6681041
FBR,20200430,0.027,0.03,0.027,0.029,2893918
FBU,20200430,3.49,3.59,3.43,3.48,1738730
FCL,20200430,3.15,3.195,3.08,3.13,257989
FCT,20200430,0.077,0.077,0.073,0.077,330950
FDV,20200430,0.925,1.115,0.925,1,391142
FEX,20200430,0.052,0.053,0.048,0.052,2173785
FFG,20200430,0.007,0.007,0.007,0.007,2953012
FFI,20200430,4.61,4.61,4.49,4.5,12976
FFL,20200430,0.265,0.265,0.265,0.265,5000
FGG,20200430,1.13,1.13,1.12,1.125,319732
FGO,20200430,0.002,0.002,0.001,0.001,3250025
FGR,20200430,0.135,0.135,0.135,0.135,211790
FGX,20200430,0.91,0.915,0.902,0.905,657492
FHS,20200430,0.029,0.029,0.029,0.029,1579279
FID,20200430,4.44,4.61,4.44,4.61,14803
FIJ,20200430,0.056,0.056,0.056,0.056,43198
FLC,20200430,0.28,0.28,0.27,0.28,1986453
FLN,20200430,0.4,0.402,0.395,0.4,379530
FLT,20200430,10.57,11.4,10.54,10.99,5175564
FMG,20200430,12.19,12.37,11.94,11.96,15112719
FML,20200430,0.245,0.245,0.245,0.245,26509
FMS,20200430,0.027,0.028,0.024,0.025,2341907
FNP,20200430,4.31,4.38,4.2,4.33,919881
FNT,20200430,0.008,0.008,0.007,0.008,2349000
FOD,20200430,0.061,0.063,0.06,0.062,1636759
FOR,20200430,0.76,0.78,0.76,0.78,31808
FPC,20200430,0.705,0.725,0.7,0.725,216313
FPH,20200430,25.99,26.2,25.3,25.3,1627135
FPL,20200430,0.004,0.004,0.003,0.004,10815000
FPP,20200430,0.705,0.705,0.69,0.69,34902
FRI,20200430,0.64,0.65,0.64,0.65,27610
FRM,20200430,0.27,0.27,0.27,0.27,17500
FRN,20200430,0.026,0.03,0.023,0.023,14089743
FRX,20200430,0.017,0.017,0.017,0.017,300000
FSA,20200430,0.91,0.91,0.91,0.91,3300
FSG,20200430,0.023,0.023,0.023,0.023,5000
FSI,20200430,1.565,1.625,1.565,1.58,47572
FTC,20200430,0.082,0.082,0.078,0.078,111549
FTT,20200430,0.003,0.003,0.003,0.003,500000
FWD,20200430,1.48,1.485,1.47,1.48,3520
FXL,20200430,0.9,0.95,0.84,0.91,4596596
FYI,20200430,0.054,0.055,0.05,0.055,226705
FZO,20200430,0.145,0.15,0.14,0.145,572158
G1A,20200430,0.185,0.185,0.185,0.185,187930
GAL,20200430,0.255,0.27,0.25,0.265,1037530
GAP,20200430,0.145,0.15,0.145,0.145,132279
GAS,20200430,0.355,0.37,0.35,0.37,100810
GBR,20200430,0.034,0.034,0.034,0.034,10250
GBZ,20200430,0.094,0.094,0.093,0.093,5099
GC1,20200430,0.63,0.63,0.63,0.63,32000
GCI,20200430,1.69,1.7,1.665,1.695,247171
GDF,20200430,0.89,0.92,0.89,0.91,69483
GDI,20200430,1.07,1.07,1.02,1.045,1571848
GDX,20200430,52.13,52.13,51.65,52,46343
GED,20200430,0.005,0.005,0.005,0.005,25068
GEM,20200430,0.815,0.895,0.81,0.88,14652939
GEV,20200430,0.066,0.066,0.066,0.066,11014
GFL,20200430,1.86,1.86,1.83,1.83,5111
GGG,20200430,0.12,0.125,0.112,0.115,1643812
GGX,20200430,0.002,0.002,0.002,0.002,4000000
GID,20200430,0.004,0.004,0.004,0.004,386000
GLB,20200430,1.135,1.135,1.13,1.13,8285
GLL,20200430,0.38,0.43,0.375,0.4,590920
GLN,20200430,0.16,0.16,0.145,0.145,419028
GMA,20200430,1.97,2.13,1.94,2.13,1327774
GMD,20200430,0.033,0.034,0.033,0.033,7092337
GME,20200430,0.04,0.04,0.04,0.04,9750
GMG,20200430,13.21,13.46,13.09,13.15,5918463
GML,20200430,0.01,0.012,0.01,0.012,1052479
GMN,20200430,0.049,0.055,0.049,0.05,1623056
GMR,20200430,0.006,0.006,0.006,0.006,533832
GNC,20200430,3.54,3.62,3.48,3.54,2014288
GNE,20200430,2.64,2.68,2.62,2.65,32040
GNG,20200430,0.7,0.7,0.68,0.68,12120
GNM,20200430,0.005,0.006,0.005,0.006,6303752
GNX,20200430,0.2,0.2,0.19,0.19,175625
GO2,20200430,0.05,0.077,0.05,0.06,32958410
GOR,20200430,1.66,1.67,1.59,1.615,6980071
GOW,20200430,1.28,1.345,1.28,1.33,34000
GOZ,20200430,2.98,3.14,2.95,3.09,1134528
GPR,20200430,0.435,0.435,0.4,0.4,223750
GPT,20200430,3.97,4.32,3.915,4.23,10177475
GRB,20200430,0.054,0.056,0.054,0.056,542730
GRL,20200430,0.125,0.13,0.12,0.12,57067
GRR,20200430,0.225,0.23,0.225,0.225,3831477
GSM,20200430,0.16,0.16,0.16,0.16,56223
GSN,20200430,0.044,0.049,0.044,0.047,444989
GSS,20200430,1.98,2.02,1.94,1.99,1708823
GSW,20200430,0.75,0.77,0.74,0.76,255494
GTE,20200430,0.001,0.002,0.001,0.001,7467363
GTG,20200430,0.005,0.005,0.005,0.005,14335191
GTK,20200430,1.385,1.46,1.38,1.405,72006
GTN,20200430,0.38,0.41,0.37,0.41,107244
GTR,20200430,0.014,0.016,0.013,0.013,31766973
GUD,20200430,9.12,9.26,8.97,9.18,415266
GVF,20200430,0.945,0.95,0.935,0.94,111042
GWA,20200430,2.65,2.77,2.58,2.77,1177672
GWR,20200430,0.07,0.07,0.07,0.07,5221
GXY,20200430,0.76,0.78,0.75,0.765,3835624
HAS,20200430,0.056,0.06,0.056,0.059,3963381
HAW,20200430,0.13,0.13,0.12,0.125,316930
HCD,20200430,0.015,0.016,0.015,0.016,107980
HCH,20200430,0.022,0.022,0.021,0.022,2444916
HCT,20200430,0.155,0.155,0.135,0.14,4361893
HE8,20200430,0.087,0.089,0.087,0.089,68127
HFR,20200430,0.335,0.37,0.33,0.355,195628
HGH,20200430,1,1,1,1,910
HGL,20200430,0.35,0.35,0.35,0.35,1000
HGO,20200430,0.037,0.04,0.037,0.04,327981
HIL,20200430,0.185,0.185,0.18,0.185,191847
HIT,20200430,1.28,1.28,1.25,1.25,3345
HLA,20200430,0.7,0.81,0.7,0.78,87025
HLO,20200430,1.64,1.905,1.62,1.745,997097
HLS,20200430,2.52,2.61,2.49,2.59,2465823
HLX,20200430,0.008,0.008,0.006,0.007,3502295
HM1,20200430,2.92,2.96,2.89,2.92,270284
HMC,20200430,2.37,2.59,2.37,2.59,141079
HMD,20200430,0.12,0.12,0.12,0.12,15962
HMX,20200430,0.02,0.022,0.02,0.022,2048952
HNR,20200430,0.006,0.006,0.006,0.006,170000
HPI,20200430,2.44,2.53,2.43,2.45,354303
HPR,20200430,0.068,0.068,0.066,0.066,345674
HRL,20200430,0.094,0.095,0.094,0.095,50000
HRN,20200430,0.22,0.22,0.22,0.22,20000
HRR,20200430,0.046,0.048,0.046,0.048,304828
HRZ,20200430,0.082,0.083,0.079,0.08,621000
HSC,20200430,0.006,0.006,0.005,0.005,22791424
HSN,20200430,2.74,2.81,2.73,2.81,582109
HT1,20200430,1.145,1.145,1.06,1.13,659009
HT8,20200430,0.041,0.044,0.039,0.039,3045570
HTA,20200430,0.145,0.15,0.145,0.15,14899
HTG,20200430,0.15,0.17,0.145,0.145,736804
HUB,20200430,9.96,10,9.58,9.77,604105
HUO,20200430,3.44,3.74,3.44,3.69,886146
HVM,20200430,0.185,0.2,0.185,0.195,173430
HVN,20200430,2.77,2.82,2.76,2.78,5561992
HWH,20200430,0.025,0.025,0.025,0.025,302000
HWK,20200430,0.005,0.005,0.005,0.005,1300000
HXG,20200430,0.07,0.071,0.07,0.07,482834
HYD,20200430,0.093,0.14,0.093,0.125,728849
HZN,20200430,0.049,0.051,0.049,0.051,3060505
HZR,20200430,0.385,0.39,0.375,0.385,57633
IAA,20200430,93,93.7,92.12,93.58,17819
IAF,20200430,115.7,115.96,115.44,115.92,11284
IAG,20200430,5.92,5.93,5.78,5.78,13252806
IAM,20200430,0.001,0.001,0.001,0.001,450000
IAP,20200430,1.07,1.08,1.06,1.08,119667
IBG,20200430,0.007,0.008,0.006,0.008,461531
IBX,20200430,0.014,0.018,0.014,0.017,31670810
ICE,20200430,0.175,0.175,0.16,0.165,124964
ICI,20200430,0.022,0.022,0.021,0.022,228261
ICN,20200430,0.008,0.008,0.006,0.006,83300
ICQ,20200430,0.19,0.205,0.19,0.205,600203
ICS,20200430,1.78,1.84,1.78,1.84,7700
IDT,20200430,0.16,0.16,0.155,0.155,2204531
IDX,20200430,3.17,3.34,3.13,3.26,346486
IDZ,20200430,0.004,0.004,0.004,0.004,1050977
IEL,20200430,14.86,14.98,14.39,14.86,1517863
IEM,20200430,57.19,58.16,57.11,57.65,37120
IEU,20200430,57.44,58.62,57.4,58.46,21071
IFL,20200430,3.83,4.52,3.82,4.32,4196942
IFM,20200430,1.69,1.705,1.59,1.615,1413036
IFN,20200430,0.575,0.6,0.57,0.59,1517881
IFT,20200430,4.41,4.45,4.29,4.29,9136
IGB,20200430,114.8,114.92,114.66,114.92,2130
IGL,20200430,0.7,0.705,0.66,0.675,1229529
IGN,20200430,0.025,0.026,0.02,0.021,1175519
IGO,20200430,4.75,4.79,4.635,4.74,3104800
IHD,20200430,11.04,11.25,11.02,11.23,43915
IHL,20200430,0.051,0.052,0.049,0.049,2298965
IHR,20200430,0.06,0.062,0.06,0.061,184942
IJH,20200430,259.42,260.69,258.17,260.12,1442
IJP,20200430,80.8,80.8,80.3,80.3,2383
IJR,20200430,100,102.45,100,101.27,1845
IKO,20200430,82.09,82.94,82.09,82.94,1626
ILB,20200430,122.44,123.68,122.44,123.6,6137
ILC,20200430,21.55,22,21.24,22,26043
ILU,20200430,7.19,7.71,7.16,7.68,3130896
IMA,20200430,0.16,0.16,0.152,0.16,1557001
IMC,20200430,0.098,0.098,0.095,0.095,34330
IMD,20200430,0.975,1.07,0.97,1.07,1489068
IME,20200430,0.031,0.032,0.031,0.031,1278596
IMM,20200430,0.175,0.195,0.17,0.175,2758901
IMR,20200430,1.1,1.15,1.1,1.1,6853
IMS,20200430,0.004,0.004,0.004,0.004,1450000
IMU,20200430,0.027,0.028,0.027,0.027,9148177
ING,20200430,3.4,3.58,3.38,3.5,1732844
INP,20200430,0.01,0.01,0.01,0.01,5000
INR,20200430,0.145,0.15,0.125,0.135,16304734
INV,20200430,0.06,0.06,0.059,0.059,19051
IOD,20200430,0.135,0.14,0.096,0.11,748723
IOO,20200430,76.51,77.2,76.51,76.96,24074
IOZ,20200430,22.4,22.71,22.24,22.59,528044
IP1,20200430,0.008,0.009,0.008,0.009,241311
IPD,20200430,0.039,0.039,0.038,0.039,3778018
IPH,20200430,7.51,7.57,7.37,7.4,712980
IPL,20200430,2.27,2.4,2.25,2.39,9713301
IPT,20200430,0.008,0.008,0.008,0.008,1257072
IRE,20200430,11,11.49,10.93,11.35,1301408
IRI,20200430,3.06,3.2,3.06,3.15,371479
ISD,20200430,0.15,0.155,0.145,0.15,1017010
ISO,20200430,4.06,4.14,4.06,4.14,22994
ISU,20200430,0.225,0.23,0.22,0.23,228987
ITG,20200430,0.23,0.27,0.23,0.27,160979
IVC,20200430,10.2,10.36,10.13,10.28,1654932
IVE,20200430,88.1,88.75,88.09,88.7,5652
IVR,20200430,0.012,0.013,0.012,0.012,2159009
IVV,20200430,450.01,453.74,450.01,451.86,14202
IVX,20200430,0.009,0.009,0.009,0.009,10000
IVZ,20200430,0.025,0.026,0.024,0.026,1582556
IXC,20200430,1.15,1.17,1.15,1.17,62508
IXI,20200430,78.64,79.21,78.27,78.27,1697
IXJ,20200430,107.16,107.16,104.26,104.55,28539
IXR,20200430,0.006,0.006,0.006,0.006,2156666
IZZ,20200430,60.17,61.45,60.17,61.42,621
JAL,20200430,0.13,0.13,0.13,0.13,3641
JAN,20200430,0.33,0.34,0.3,0.32,132572
JAT,20200430,0.053,0.054,0.049,0.049,1163952
JAY,20200430,0.1,0.11,0.1,0.11,7002
JBH,20200430,34.9,35.49,34.28,35.16,1034046
JCS,20200430,0.03,0.03,0.026,0.03,418273
JDR,20200430,0.011,0.011,0.011,0.011,468900
JHC,20200430,0.495,0.51,0.48,0.5,2958921
JHG,20200430,24.5,25.08,23.9,24.59,686738
JHL,20200430,0.025,0.025,0.025,0.025,168000
JHX,20200430,20.75,22.72,20.75,22.42,3625420
JIN,20200430,12.16,12.3,11.46,12.18,845534
JLG,20200430,2.49,2.49,2.29,2.42,555094
JMS,20200430,0.275,0.28,0.27,0.27,3256209
JRV,20200430,0.19,0.205,0.19,0.2,670773
JXT,20200430,0.059,0.062,0.054,0.054,1180737
JYC,20200430,0.89,0.95,0.89,0.95,17601
K2F,20200430,0.2,0.2,0.19,0.2,147913
KAI,20200430,0.011,0.011,0.01,0.01,3711305
KAR,20200430,0.555,0.57,0.535,0.55,5537911
KAS,20200430,0.015,0.015,0.015,0.015,733132
KAU,20200430,0.24,0.27,0.23,0.25,1413116
KCN,20200430,0.4,0.415,0.4,0.405,392602
KEY,20200430,0.003,0.004,0.002,0.004,11621150
KFE,20200430,0.029,0.032,0.029,0.032,231664
KGL,20200430,0.175,0.175,0.16,0.16,18000
KGM,20200430,0.012,0.013,0.011,0.011,1387271
KGN,20200430,7.82,8.09,7.69,7.99,1181450
KIN,20200430,0.053,0.053,0.052,0.052,453753
KIS,20200430,0.041,0.041,0.04,0.04,109002
KKC,20200430,1.78,1.795,1.77,1.78,523473
KLA,20200430,65.8,66.5,65.5,66,5262
KLO,20200430,0.068,0.074,0.068,0.074,16213
KMD,20200430,0.73,0.75,0.715,0.735,4716044
KME,20200430,1.1,1.13,1.08,1.09,53571
KMT,20200430,0.005,0.005,0.005,0.005,533300
KNM,20200430,0.017,0.019,0.017,0.019,7254340
KOR,20200430,0.007,0.007,0.007,0.007,64585
KOV,20200430,3.82,3.82,3.76,3.76,8410
KP2,20200430,0.017,0.017,0.017,0.017,1600
KPO,20200430,0.03,0.03,0.027,0.027,1954944
KPT,20200430,0.93,0.93,0.91,0.91,10453
KRM,20200430,0.034,0.034,0.032,0.034,730321
KRR,20200430,0.04,0.04,0.038,0.038,1315088
KSL,20200430,0.89,0.915,0.87,0.915,332620
KSM,20200430,1.7,1.7,1.7,1.7,1982
KSN,20200430,0.14,0.14,0.125,0.14,709011
KSS,20200430,0.185,0.185,0.17,0.18,726782
KTA,20200430,0.03,0.033,0.027,0.033,1396077
KTD,20200430,0.415,0.43,0.39,0.395,2155225
KTG,20200430,0.125,0.16,0.125,0.16,454004
KWR,20200430,0.14,0.145,0.135,0.145,124500
KYK,20200430,0.092,0.099,0.082,0.082,1038911
KZA,20200430,0.41,0.43,0.41,0.43,67220
KZR,20200430,0.405,0.415,0.385,0.385,824884
LAA,20200430,0.015,0.018,0.015,0.018,753650
LAU,20200430,0.345,0.345,0.345,0.345,50300
LAW,20200430,0.046,0.046,0.046,0.046,500000
LBL,20200430,0.425,0.51,0.425,0.51,94796
LBT,20200430,0.115,0.12,0.115,0.115,416167
LCD,20200430,0.012,0.012,0.011,0.012,1594714
LCK,20200430,0.098,0.105,0.096,0.1,358885
LCL,20200430,0.037,0.044,0.037,0.041,3592409
LCT,20200430,0.014,0.017,0.014,0.017,529847
LEG,20200430,0.2,0.21,0.195,0.195,9289452
LEP,20200430,4.2,4.235,4.18,4.2,350199
LEX,20200430,0.165,0.165,0.16,0.16,755000
LGP,20200430,0.295,0.3,0.28,0.3,251241
LI3,20200430,0.021,0.022,0.018,0.021,3955569
LIC,20200430,7.48,7.48,7.22,7.43,270417
LIN,20200430,0.017,0.017,0.016,0.016,2272730
LIT,20200430,0.047,0.048,0.045,0.046,763470
LKE,20200430,0.041,0.041,0.037,0.038,10324090
LLC,20200430,11.8,12.57,11.8,12.36,9198498
LLO,20200430,1.5,1.5,1.5,1.5,3194
LME,20200430,1.41,1.48,1.41,1.46,1053021
LNK,20200430,3.66,3.8,3.63,3.79,3157724
LNU,20200430,0.014,0.015,0.013,0.015,1020016
LNY,20200430,0.004,0.004,0.004,0.004,1500000
LOM,20200430,0.049,0.049,0.045,0.047,2727397
LON,20200430,0.12,0.16,0.12,0.145,634336
LOT,20200430,0.063,0.063,0.06,0.06,1885663
LOV,20200430,7.2,7.67,7.2,7.48,601694
LPD,20200430,0.008,0.008,0.007,0.008,3878284
LPE,20200430,0.2,0.2,0.2,0.2,21600
LPI,20200430,0.14,0.14,0.13,0.135,263365
LRS,20200430,0.004,0.004,0.003,0.003,1743206
LSA,20200430,0.006,0.006,0.006,0.006,250009
LSF,20200430,1.04,1.075,1.04,1.06,1170495
LSR,20200430,0.006,0.006,0.006,0.006,1000000
LSX,20200430,0.4,0.4,0.38,0.39,52385
LTR,20200430,0.105,0.11,0.1,0.105,1796126
LVE,20200430,0.065,0.065,0.065,0.065,16500
LVH,20200430,0.3,0.3,0.255,0.28,453051
LVT,20200430,0.225,0.23,0.22,0.225,2835521
LYC,20200430,1.61,1.75,1.61,1.745,9311219
LYL,20200430,4.25,4.4,4.25,4.4,25625
M7T,20200430,0.62,0.62,0.58,0.59,434140
M8S,20200430,0.115,0.115,0.11,0.11,84000
MA1,20200430,0.865,0.895,0.865,0.895,8168
MAD,20200430,0.8,0.8,0.8,0.8,7464
MAG,20200430,0.25,0.295,0.25,0.275,1290617
MAH,20200430,0.215,0.22,0.215,0.22,24920502
MAI,20200430,0.4,0.41,0.39,0.395,203285
MAM,20200430,0.28,0.285,0.275,0.285,37000
MAN,20200430,0.017,0.019,0.017,0.018,2070466
MAQ,20200430,27.48,27.48,26.75,27,7900
MAT,20200430,0.125,0.13,0.125,0.125,80457
MAU,20200430,0.76,0.76,0.76,0.76,1470
MAY,20200430,0.003,0.003,0.003,0.003,3267878
MCA,20200430,0.12,0.12,0.115,0.115,9596
MCE,20200430,0.195,0.195,0.19,0.19,23018
MCP,20200430,2.6,2.64,2.51,2.64,179091
MCR,20200430,0.61,0.63,0.605,0.62,697236
MCY,20200430,4.28,4.28,4.25,4.25,2140
MDC,20200430,0.25,0.25,0.24,0.24,197885
MDI,20200430,0.013,0.013,0.012,0.012,6112037
MDR,20200430,0.455,0.47,0.455,0.47,806704
MEA,20200430,0.185,0.185,0.18,0.18,10000
MEB,20200430,0.008,0.008,0.007,0.007,3657737
MEI,20200430,0.013,0.014,0.013,0.013,2301372
MEL,20200430,0.022,0.022,0.022,0.022,44500
MEM,20200430,0.05,0.05,0.048,0.048,145000
MEP,20200430,0.038,0.042,0.038,0.042,1583904
MEU,20200430,0.035,0.038,0.035,0.038,1317933
MEY,20200430,0.063,0.066,0.06,0.066,279356
MEZ,20200430,4.5,4.56,4.3,4.34,75372
MFD,20200430,0.72,0.72,0.71,0.71,10449
MFF,20200430,2.91,2.98,2.91,2.96,524582
MFG,20200430,50.95,52.06,50.2,51.02,763981
MGC,20200430,0.44,0.44,0.435,0.44,450944
MGE,20200430,4.01,4.03,4,4.01,2959222
MGG,20200430,1.775,1.815,1.755,1.78,1476271
MGR,20200430,2.13,2.25,2.13,2.24,15663628
MGT,20200430,0.002,0.002,0.002,0.002,2300000
MGV,20200430,0.125,0.125,0.12,0.12,1074565
MGX,20200430,0.61,0.642,0.595,0.635,3208470
MHC,20200430,0.009,0.01,0.009,0.009,15041866
MHG,20200430,3.34,3.35,3.3,3.3,1237043
MHH,20200430,1.425,1.445,1.425,1.44,1199967
MHJ,20200430,0.33,0.36,0.33,0.35,189376
MIN,20200430,16.41,16.88,16.37,16.78,930696
MIR,20200430,2,2.08,2,2.08,44235
MJC,20200430,0.022,0.022,0.022,0.022,200000
MLD,20200430,0.74,0.777,0.732,0.735,397134
MLL,20200430,0.072,0.076,0.066,0.069,433864
MLS,20200430,0.001,0.001,0.001,0.001,9745000
MLT,20200430,3.95,3.97,3.75,3.85,549587
MLX,20200430,0.08,0.083,0.079,0.08,816528
MME,20200430,0.855,0.915,0.855,0.915,61974
MMI,20200430,0.098,0.099,0.095,0.098,1431444
MMJ,20200430,0.13,0.13,0.125,0.13,136989
MML,20200430,0.71,0.71,0.66,0.68,152982
MMM,20200430,1.12,1.175,1.025,1.14,1553590
MMS,20200430,6.67,6.83,6.58,6.67,612150
MND,20200430,10.73,11.33,10.67,11.3,457150
MNF,20200430,4.78,4.79,4.61,4.64,73372
MNS,20200430,0.052,0.052,0.05,0.051,575445
MNW,20200430,0.006,0.006,0.006,0.006,500000
MNY,20200430,1.54,1.59,1.475,1.59,1560035
MOC,20200430,0.65,0.69,0.65,0.69,274600
MOE,20200430,2.34,2.46,2.29,2.32,541977
MOH,20200430,0.075,0.075,0.075,0.075,25000
MOQ,20200430,0.13,0.13,0.13,0.13,8000
MOT,20200430,1.61,1.66,1.59,1.595,185629
MOZ,20200430,0.57,0.605,0.55,0.57,307670
MP1,20200430,12.15,12.24,11.99,12,720061
MPH,20200430,0.155,0.16,0.155,0.16,30000
MPL,20200430,2.72,2.72,2.66,2.7,7889361
MPR,20200430,0.013,0.014,0.011,0.012,455000
MPW,20200430,0.036,0.039,0.036,0.039,357051
MQG,20200430,102.94,103.72,101.1,102.66,2025411
MQR,20200430,0.036,0.036,0.036,0.036,150000
MRG,20200430,0.012,0.013,0.012,0.013,4704564
MRM,20200430,0.076,0.081,0.076,0.079,230987
MRQ,20200430,0.007,0.008,0.007,0.008,707349
MRR,20200430,0.009,0.01,0.009,0.01,303194
MSB,20200430,3.4,3.43,3.24,3.36,11248121
MSE,20200430,0.007,0.009,0.007,0.009,2868085
MSG,20200430,0.015,0.021,0.015,0.015,6396711
MSM,20200430,0.01,0.01,0.01,0.01,1800000
MSV,20200430,0.4,0.43,0.4,0.425,720477
MTB,20200430,0.003,0.003,0.003,0.003,250000
MTC,20200430,0.165,0.165,0.155,0.155,1278438
MTH,20200430,0.006,0.006,0.006,0.006,1040000
MTO,20200430,0.7,0.79,0.65,0.79,2058823
MTS,20200430,2.44,2.5,2.39,2.49,13080272
MVA,20200430,17.9,18.23,17.3,18.23,8500
MVB,20200430,18.51,18.59,18.07,18.59,5537
MVE,20200430,24.5,24.5,24.5,24.5,1035
MVF,20200430,0.555,0.61,0.555,0.595,6188213
MVP,20200430,7.65,7.8,7.44,7.53,560220
MVR,20200430,24.8,25.45,24.8,25.45,1888
MVS,20200430,16.24,16.26,16.24,16.26,1492
MVW,20200430,24.78,26,24.78,26,54051
MWR,20200430,0.089,0.089,0.089,0.089,17044
MWY,20200430,0.94,1.01,0.93,1,157890
MX1,20200430,0.145,0.15,0.145,0.145,560323
MXC,20200430,0.027,0.029,0.027,0.028,6447229
MXR,20200430,0.033,0.033,0.033,0.033,282
MXT,20200430,1.84,1.89,1.82,1.89,990468
MYE,20200430,0.75,0.775,0.75,0.775,15315
MYL,20200430,0.041,0.042,0.04,0.041,3243435
MYQ,20200430,0.19,0.195,0.17,0.195,203926
MYR,20200430,0.195,0.2,0.19,0.2,6249322
MYS,20200430,3.75,4,3.75,3.93,213103
MYX,20200430,0.4,0.415,0.39,0.415,5793204
MZZ,20200430,0.18,0.18,0.17,0.18,233388
NAB,20200430,16.53,17.1,16.4,16.96,31298821
NAC,20200430,0.675,0.68,0.675,0.675,9713
NAE,20200430,0.003,0.003,0.003,0.003,772026
NAG,20200430,0.051,0.051,0.05,0.051,843542
NAN,20200430,6.74,6.93,6.6,6.91,1554026
NBI,20200430,1.63,1.695,1.625,1.685,325135
NC6,20200430,0.025,0.025,0.025,0.025,550000
NCC,20200430,0.76,0.77,0.745,0.76,44535
NCK,20200430,4.48,4.87,4.45,4.65,1480781
NCL,20200430,0.028,0.028,0.028,0.028,109102
NCR,20200430,0.007,0.007,0.007,0.007,304150
NCZ,20200430,0.175,0.175,0.155,0.155,2634080
NDQ,20200430,23.51,23.69,23.51,23.63,229309
NEA,20200430,1.31,1.54,1.31,1.525,11053231
NEC,20200430,1.35,1.445,1.31,1.425,18013061
NES,20200430,0.033,0.039,0.032,0.038,572629
NET,20200430,0.039,0.049,0.039,0.049,11601670
NEU,20200430,1.53,1.54,1.505,1.505,90397
NEW,20200430,1.03,1.055,1.01,1.05,366158
NGE,20200430,0.445,0.445,0.44,0.445,12285
NGI,20200430,1.295,1.335,1.255,1.3,802430
NGY,20200430,0.01,0.012,0.01,0.012,100000
NHC,20200430,1.475,1.55,1.465,1.545,2865567
NHF,20200430,4.98,5,4.86,4.92,1156337
NIC,20200430,0.525,0.56,0.525,0.55,5613182
NML,20200430,0.11,0.12,0.11,0.11,754275
NMT,20200430,0.16,0.165,0.16,0.165,274731
NNT,20200430,0.054,0.055,0.054,0.055,127000
NOR,20200430,0.028,0.028,0.028,0.028,28033
NOV,20200430,0.185,0.19,0.18,0.19,69750
NOX,20200430,0.21,0.215,0.2,0.21,1198364
NSB,20200430,0.18,0.195,0.18,0.18,291851
NSC,20200430,0.48,0.49,0.48,0.49,25065
NSR,20200430,1.72,1.765,1.69,1.735,4742517
NST,20200430,12.47,12.9,12.15,12.79,7709160
NSX,20200430,0.115,0.12,0.115,0.12,91312
NTD,20200430,0.26,0.26,0.255,0.26,82149
NTM,20200430,0.08,0.08,0.077,0.078,195436
NTO,20200430,1.35,1.38,1.34,1.35,290069
NTU,20200430,0.023,0.024,0.022,0.023,4693717
NUC,20200430,3.18,3.18,3.13,3.17,54957
NUF,20200430,5.16,5.33,5.06,5.26,1388946
NUS,20200430,0.23,0.23,0.22,0.22,115000
NVA,20200430,0.049,0.049,0.046,0.046,1703984
NVO,20200430,0.009,0.009,0.009,0.009,3356897
NVU,20200430,0.058,0.058,0.055,0.055,162061
NVX,20200430,0.35,0.355,0.33,0.35,109503
NWC,20200430,0.013,0.013,0.012,0.013,1315832
NWF,20200430,0.19,0.19,0.19,0.19,3112
NWH,20200430,1.76,1.76,1.635,1.705,5181390
NWL,20200430,8.01,8.1,7.51,7.59,411784
NWM,20200430,0.15,0.15,0.15,0.15,5000
NWS,20200430,16.42,16.68,16.35,16.49,363998
NXE,20200430,0.006,0.007,0.006,0.007,52952
NXS,20200430,1.7,1.83,1.675,1.82,152713
NXT,20200430,8.7,8.96,8.59,8.87,3363293
NYR,20200430,0.185,0.195,0.18,0.185,252545
NZK,20200430,1.75,1.75,1.75,1.75,307
NZM,20200430,0.2,0.2,0.165,0.165,298034
NZS,20200430,0.017,0.017,0.015,0.015,1439796
OAR,20200430,0.003,0.003,0.002,0.003,17852130
OAU,20200430,0.019,0.019,0.019,0.019,134998
OBL,20200430,3.85,4.05,3.84,4.02,443839
OBM,20200430,0.2,0.2,0.195,0.2,319207
OCC,20200430,0.335,0.34,0.33,0.335,480805
OCL,20200430,5.76,6.39,5.76,6.1,114065
ODA,20200430,0.11,0.11,0.1,0.105,53225
OEC,20200430,0.82,0.89,0.795,0.87,637120
OEL,20200430,0.007,0.007,0.006,0.006,1439522
OFX,20200430,1.24,1.25,1.215,1.225,234812
OGA,20200430,0.11,0.11,0.105,0.105,123688
OGC,20200430,2.49,2.5,2.41,2.5,772800
OIL,20200430,0.039,0.041,0.039,0.041,85623
OKR,20200430,0.13,0.13,0.13,0.13,94000
OKU,20200430,0.29,0.325,0.29,0.32,1519683
OLI,20200430,0.042,0.043,0.04,0.04,629206
OLL,20200430,0.19,0.2,0.18,0.18,668736
OMH,20200430,0.35,0.355,0.332,0.355,56750
OML,20200430,0.935,1.06,0.92,1.035,11862108
ONE,20200430,0.065,0.065,0.055,0.057,563562
ONT,20200430,5.02,5.08,5,5,15375
ONX,20200430,0.067,0.067,0.066,0.066,124267
OOO,20200430,2.64,2.83,2.61,2.75,3460446
OPC,20200430,4.44,4.79,4.35,4.38,119371
OPH,20200430,2.27,2.36,2.265,2.36,249114
OPL,20200430,0.07,0.07,0.07,0.07,620
OPT,20200430,2.44,2.44,2.34,2.35,2011851
OPY,20200430,0.76,0.95,0.755,0.855,1140919
ORA,20200430,2.57,2.6,2.525,2.57,4761299
ORE,20200430,2.17,2.28,2.16,2.28,2130062
ORG,20200430,5.23,5.62,5.2,5.56,8856068
ORI,20200430,17.31,18.05,17.28,17.92,1277775
ORN,20200430,0.015,0.017,0.015,0.015,372600
ORR,20200430,0.33,0.335,0.33,0.33,48300
OSH,20200430,2.95,3.05,2.91,3.05,24916813
OSP,20200430,0.012,0.012,0.012,0.012,346087
OSX,20200430,0.53,0.565,0.52,0.565,93780
OTW,20200430,2.94,2.95,2.88,2.89,26731
OVH,20200430,0.23,0.24,0.22,0.225,561418
OVT,20200430,0.01,0.017,0.01,0.016,3906086
OZF,20200430,14.04,14.24,13.98,14.24,7680
OZL,20200430,8.99,9.09,8.835,8.97,2036909
OZR,20200430,9.89,10.1,9.89,10.1,6248
PAA,20200430,0.105,0.11,0.1,0.1,383961
PAB,20200430,0.013,0.014,0.013,0.014,110000
PAC,20200430,4.6,5,4.59,4.85,127974
PAF,20200430,0.7,0.72,0.7,0.72,140410
PAI,20200430,0.975,0.98,0.965,0.97,213488
PAK,20200430,0.01,0.01,0.01,0.01,1100
PAR,20200430,1.99,1.99,1.905,1.95,2478295
PBH,20200430,4.1,4.35,4.02,4.28,2560821
PBP,20200430,1.98,1.99,1.96,1.99,79035
PCG,20200430,0.975,0.975,0.975,0.975,3234
PCI,20200430,0.975,0.98,0.94,0.97,207432
PCK,20200430,0.14,0.14,0.12,0.125,8145478
PCL,20200430,0.001,0.001,0.001,0.001,4430367
PDL,20200430,5.19,5.55,5.12,5.52,1800086
PDN,20200430,0.105,0.11,0.1,0.105,6413797
PDZ,20200430,0.115,0.125,0.115,0.125,459208
PE1,20200430,1.44,1.55,1.44,1.52,106914
PEC,20200430,0.031,0.031,0.031,0.031,54000
PEK,20200430,0.019,0.02,0.019,0.02,661461
PEN,20200430,0.145,0.155,0.145,0.15,3205337
PET,20200430,0.53,0.55,0.52,0.535,5611410
PEX,20200430,0.145,0.15,0.14,0.15,43744
PFG,20200430,0.046,0.046,0.046,0.046,481500
PFP,20200430,2.66,2.79,2.66,2.71,42320
PG1,20200430,0.094,0.099,0.094,0.099,200000
PGC,20200430,0.16,0.165,0.16,0.165,200805
PGF,20200430,0.895,0.91,0.89,0.905,744835
PGG,20200430,1.55,1.55,1.5,1.5,236780
PGH,20200430,1.91,1.98,1.875,1.915,740469
PGI,20200430,0.028,0.028,0.028,0.028,772
PGL,20200430,0.91,1,0.885,0.925,170966
PGM,20200430,0.015,0.015,0.014,0.014,740746
PGR,20200430,0.055,0.055,0.055,0.055,25000
PGX,20200430,0.21,0.22,0.21,0.22,97231
PGY,20200430,0.012,0.012,0.012,0.012,53696
PIA,20200430,0.98,1,0.98,0.995,192780
PIC,20200430,0.84,0.85,0.83,0.85,203220
PIO,20200430,0.014,0.014,0.012,0.012,1412517
PIQ,20200430,0.33,0.35,0.33,0.33,482769
PKS,20200430,0.15,0.15,0.15,0.15,57000
PL8,20200430,0.955,1.04,0.95,1.04,648329
PLL,20200430,0.094,0.1,0.09,0.098,699212
PLS,20200430,0.21,0.225,0.205,0.22,15365407
PM8,20200430,0.19,0.2,0.185,0.19,186008
PMC,20200430,1.205,1.24,1.2,1.225,406640
PME,20200430,25.24,26.16,25.17,26.16,393901
PMV,20200430,15.84,16,15.44,15.55,610826
PMY,20200430,0.004,0.005,0.004,0.005,16203792
PNC,20200430,0.215,0.255,0.212,0.245,2343893
PNI,20200430,3.91,4.03,3.88,3.96,786773
PNN,20200430,0.003,0.003,0.002,0.002,415666
PNR,20200430,0.145,0.15,0.145,0.145,610748
PNV,20200430,2.09,2.21,2.05,2.17,4025125
PNX,20200430,0.008,0.008,0.008,0.008,1850000
PO3,20200430,2.4,2.43,2.4,2.43,5760
POD,20200430,0.02,0.021,0.02,0.021,100000
POS,20200430,0.034,0.035,0.034,0.034,1489482
POU,20200430,18.62,18.65,18.59,18.59,8169
POW,20200430,0.005,0.005,0.005,0.005,2140000
PPC,20200430,0.71,0.745,0.71,0.735,2297103
PPE,20200430,1.7,1.85,1.68,1.8,1317399
PPG,20200430,0.115,0.115,0.115,0.115,592313
PPH,20200430,4.09,4.25,4.01,4.03,292315
PPK,20200430,3.05,3.21,3.02,3.05,106402
PPS,20200430,0.34,0.375,0.335,0.36,2621012
PPT,20200430,28.58,30.55,28.28,30.1,362113
PRN,20200430,0.92,0.95,0.88,0.91,7191510
PRO,20200430,0.44,0.52,0.44,0.45,133950
PRT,20200430,0.1,0.105,0.1,0.1,375000
PRU,20200430,1.02,1.025,0.962,0.965,9237183
PRX,20200430,0.037,0.039,0.037,0.039,1345811
PSQ,20200430,1.34,1.425,1.335,1.4,34281
PSZ,20200430,0.022,0.024,0.022,0.024,87480
PTB,20200430,0.455,0.565,0.455,0.48,370590
PTL,20200430,0.392,0.392,0.36,0.375,637310
PTM,20200430,3.44,3.53,3.43,3.49,2438042
PTR,20200430,0.06,0.063,0.06,0.063,76706
PTX,20200430,0.047,0.047,0.043,0.043,1512431
PUA,20200430,0.013,0.013,0.012,0.012,157097
PVE,20200430,0.037,0.04,0.037,0.04,341412
PVS,20200430,1.255,1.34,1.255,1.34,11772
PWG,20200430,0.84,0.88,0.84,0.85,161328
PWH,20200430,3.73,3.89,3.7,3.89,68626
PWN,20200430,0.004,0.004,0.004,0.004,575000
PXS,20200430,0.085,0.092,0.085,0.091,731693
PXX,20200430,0.018,0.021,0.018,0.02,781905
PYC,20200430,0.075,0.075,0.075,0.075,2150
PYG,20200430,0.52,0.58,0.52,0.58,15315
QAG,20200430,4.68,4.68,4.68,4.68,1000
QAN,20200430,3.8,3.86,3.755,3.86,15833726
QAU,20200430,17,17,16.86,16.92,65175
QBE,20200430,8.4,8.54,8.22,8.45,7332589
QCB,20200430,6,6,5.59,5.62,13036
QEM,20200430,0.075,0.078,0.075,0.078,29320
QFE,20200430,0.24,0.25,0.23,0.25,313152
QFN,20200430,7.75,7.92,7.75,7.92,15944
QFY,20200430,0.002,0.002,0.002,0.002,2947322
QGL,20200430,0.042,0.042,0.042,0.042,35715
QHL,20200430,0.073,0.073,0.07,0.07,467183
QIP,20200430,1.19,1.19,1.16,1.18,13767
QOZ,20200430,10.78,10.9,10.69,10.9,35020
QRE,20200430,5.45,5.51,5.4,5.51,10249
QRI,20200430,1.38,1.4,1.35,1.4,284904
QTM,20200430,0.041,0.041,0.041,0.041,43714
QUS,20200430,34.64,34.64,34.62,34.62,482
QVE,20200430,0.795,0.795,0.755,0.785,464301
RAC,20200430,0.29,0.29,0.28,0.285,264271
RAG,20200430,0.005,0.005,0.005,0.005,485304
RAN,20200430,0.009,0.009,0.009,0.009,5000
RAP,20200430,0.18,0.18,0.175,0.18,1116442
RBL,20200430,0.83,0.83,0.775,0.79,788997
RBR,20200430,0.007,0.007,0.007,0.007,1650000
RCB,20200430,20.94,21,20.91,21,15167
RCE,20200430,0.4,0.4,0.37,0.38,436899
RCL,20200430,0.32,0.32,0.315,0.32,23146
RCT,20200430,1.81,2.09,1.81,2.05,10182
RCW,20200430,0.185,0.185,0.185,0.185,345
RDC,20200430,0.65,0.675,0.615,0.62,791714
RDF,20200430,0.385,0.4,0.385,0.395,40976
RDH,20200430,0.575,0.58,0.55,0.55,62021
RDM,20200430,0.08,0.08,0.076,0.076,108708
RDN,20200430,0.006,0.006,0.006,0.006,1846666
RDS,20200430,0.005,0.006,0.005,0.006,677114
RDV,20200430,21.85,22.27,21.85,22.26,7911
RDY,20200430,1.4,1.405,1.4,1.4,45902
REA,20200430,89.09,89.76,85.8,89.03,408607
RED,20200430,0.195,0.197,0.19,0.19,3309725
REE,20200430,0.03,0.032,0.029,0.03,3483322
REG,20200430,1.425,1.5,1.4,1.5,917789
REH,20200430,8.6,8.94,8.56,8.83,1406980
RES,20200430,0.05,0.051,0.05,0.051,89926
REX,20200430,0.9,0.92,0.87,0.89,83672
REZ,20200430,0.016,0.016,0.015,0.015,1013491
RF1,20200430,2,2.04,2,2.04,45137
RFF,20200430,1.95,1.955,1.92,1.94,657430
RFG,20200430,0.05,0.051,0.048,0.05,2413915
RFN,20200430,0.002,0.002,0.002,0.002,15373248
RFR,20200430,0.095,0.095,0.095,0.095,9358
RFT,20200430,0.029,0.029,0.029,0.029,181802
RFX,20200430,0.032,0.032,0.028,0.03,2296423
RGB,20200430,23.49,23.54,23.49,23.54,15
RGI,20200430,0.072,0.074,0.07,0.074,124934
RGS,20200430,0.07,0.071,0.068,0.071,58605
RHC,20200430,63.9,64,62.61,62.61,2310007
RHP,20200430,1.675,1.76,1.645,1.725,1469945
RHT,20200430,0.135,0.14,0.13,0.14,1375581
RHY,20200430,0.087,0.091,0.087,0.089,75742
RIC,20200430,0.725,0.735,0.705,0.71,454225
RIM,20200430,0.005,0.005,0.004,0.004,3675000
RIO,20200430,87.98,88.14,86.92,87.51,2026373
RKN,20200430,0.615,0.615,0.59,0.605,8065
RLC,20200430,0.002,0.002,0.002,0.002,1516999
RLE,20200430,0.023,0.023,0.021,0.021,335332
RLG,20200430,0.024,0.026,0.023,0.023,3488696
RLT,20200430,1.03,1.03,1.01,1.01,366533
RMC,20200430,0.805,0.84,0.785,0.84,452079
RMD,20200430,23.99,24.04,23.25,23.4,2420846
RML,20200430,0.062,0.064,0.06,0.063,4088136
RMS,20200430,1.375,1.38,1.32,1.345,6919073
RMX,20200430,0.003,0.003,0.003,0.003,1187789
RMY,20200430,0.285,0.285,0.27,0.27,196063
RND,20200430,1.905,1.905,1.825,1.825,6623
RNE,20200430,0.023,0.023,0.022,0.022,122654
RNO,20200430,0.08,0.08,0.08,0.08,412000
RNU,20200430,0.007,0.007,0.007,0.007,2189057
RNX,20200430,0.003,0.003,0.003,0.003,995998
ROO,20200430,0.019,0.021,0.019,0.021,274000
RRL,20200430,4.57,4.57,4.45,4.5,3219351
RSG,20200430,0.94,0.945,0.912,0.945,10649322
RSH,20200430,0.069,0.07,0.066,0.069,564531
RSM,20200430,21.71,21.71,21.71,21.71,298
RTE,20200430,0.385,0.385,0.365,0.365,7343
RTR,20200430,0.064,0.068,0.064,0.068,320000
RUL,20200430,1.02,1.05,0.98,0.995,303122
RVR,20200430,0.062,0.065,0.062,0.064,863954
RVS,20200430,0.33,0.39,0.255,0.39,24920
RWC,20200430,2.61,2.74,2.59,2.73,3657769
RWD,20200430,0.12,0.12,0.115,0.12,132400
RXH,20200430,0.003,0.003,0.003,0.003,70000
RXL,20200430,0.028,0.028,0.026,0.026,3695815
RXM,20200430,0.052,0.059,0.052,0.059,158260
RXP,20200430,0.3,0.315,0.295,0.3,69872
RYD,20200430,1.26,1.26,1.23,1.23,12002
RZI,20200430,0.6,0.66,0.6,0.64,126156
S2R,20200430,0.099,0.099,0.095,0.095,10002
S32,20200430,1.915,2.02,1.91,1.985,18430905
S66,20200430,0.435,0.435,0.38,0.405,108071
SAR,20200430,4.42,4.45,4.3,4.34,10118330
SAU,20200430,0.125,0.125,0.12,0.125,40000
SBM,20200430,2.5,2.63,2.47,2.59,8261742
SBR,20200430,0.001,0.001,0.001,0.001,58573
SBW,20200430,0.07,0.07,0.066,0.066,191113
SCG,20200430,2.23,2.355,2.18,2.33,42493398
SCI,20200430,0.009,0.009,0.009,0.009,1992102
SCL,20200430,0.01,0.011,0.01,0.011,2377715
SCP,20200430,2.17,2.23,2.155,2.23,5426537
SCT,20200430,0.044,0.045,0.044,0.045,171270
SCU,20200430,0.013,0.013,0.012,0.012,263197
SDF,20200430,3,3.07,2.95,3.07,3960823
SDG,20200430,1.15,1.25,1.13,1.18,49839
SDI,20200430,0.73,0.74,0.73,0.735,56477
SDV,20200430,0.68,0.75,0.675,0.71,692814
SDX,20200430,0.055,0.056,0.055,0.055,110764
SE1,20200430,0.025,0.025,0.021,0.021,10772410
SEC,20200430,1.22,1.25,1.22,1.23,49929
SEI,20200430,0.024,0.026,0.023,0.026,366439
SEK,20200430,17.31,17.53,17.19,17.41,2281356
SEN,20200430,0.045,0.047,0.045,0.046,458834
SEQ,20200430,0.19,0.19,0.18,0.18,158297
SER,20200430,0.004,0.004,0.004,0.004,500000
SES,20200430,0.061,0.063,0.06,0.06,157283
SF1,20200430,0.01,0.011,0.01,0.011,19112
SFC,20200430,10.22,10.49,10.21,10.21,2273
SFG,20200430,0.055,0.061,0.055,0.058,2168451
SFR,20200430,4.57,4.625,4.46,4.51,1389967
SFX,20200430,0.099,0.099,0.098,0.098,146657
SFY,20200430,50.49,52,49.81,50.47,56405
SGF,20200430,1.29,1.375,1.29,1.34,153055
SGH,20200430,0.605,0.605,0.59,0.59,21330
SGM,20200430,6.83,7.21,6.78,7.02,3103259
SGO,20200430,0.021,0.021,0.021,0.021,800
SGP,20200430,2.8,2.95,2.74,2.88,14375306
SGQ,20200430,0.11,0.11,0.105,0.11,304397
SGR,20200430,2.92,3.1,2.89,3.03,16853241
SHJ,20200430,0.795,0.795,0.755,0.785,56775
SHL,20200430,27.2,27.4,26.72,27.19,3190128
SHM,20200430,0.46,0.46,0.44,0.46,34719
SHO,20200430,0.028,0.029,0.027,0.027,388676
SHV,20200430,7.39,7.39,7.06,7.23,513642
SIG,20200430,0.58,0.605,0.58,0.605,1939452
SIO,20200430,0.23,0.23,0.225,0.225,60000
SIQ,20200430,5.13,5.52,5.13,5.4,653346
SIS,20200430,0.017,0.017,0.017,0.017,434329
SIT,20200430,0.04,0.04,0.03,0.03,61905
SIV,20200430,0.45,0.51,0.45,0.51,148945
SKC,20200430,2.42,2.48,2.37,2.42,889540
SKF,20200430,0.135,0.135,0.135,0.135,3037
SKI,20200430,1.945,1.96,1.875,1.89,11536622
SKN,20200430,0.072,0.075,0.065,0.069,14710234
SKO,20200430,2.48,2.54,2.4,2.48,85679
SKT,20200430,0.285,0.285,0.27,0.275,227289
SKY,20200430,0.32,0.335,0.31,0.33,1889810
SLC,20200430,0.8,0.82,0.79,0.79,484561
SLF,20200430,9.87,10.3,9.87,10.09,185547
SLK,20200430,3.71,3.79,3.62,3.62,556247
SLM,20200430,0.785,0.79,0.785,0.79,164249
SLR,20200430,1.99,2.015,1.95,1.95,5836986
SLX,20200430,0.28,0.325,0.265,0.3,537947
SLZ,20200430,0.07,0.075,0.07,0.075,94909
SM1,20200430,6.63,6.96,6.6,6.6,89507
SMI,20200430,0.003,0.003,0.003,0.003,500000
SMN,20200430,0.415,0.415,0.395,0.41,124465
SMP,20200430,0.48,0.49,0.44,0.44,185226
SMR,20200430,1,1.005,1,1.005,3217131
SMX,20200430,0.25,0.255,0.25,0.255,96964
SNC,20200430,0.68,0.69,0.67,0.69,276114
SNS,20200430,0.105,0.11,0.097,0.097,382323
SNZ,20200430,5.85,5.85,5.65,5.65,2438
SO4,20200430,0.33,0.355,0.325,0.325,2041868
SOL,20200430,18.33,18.75,18.13,18.54,359647
SOM,20200430,1.17,1.195,1.1,1.195,66174
SOR,20200430,0.055,0.056,0.05,0.05,156796
SPK,20200430,4.3,4.31,4.15,4.18,1473754
SPL,20200430,1.02,1.06,0.99,1.05,646169
SPQ,20200430,0.003,0.004,0.003,0.004,2934299
SPT,20200430,0.5,0.515,0.465,0.505,4069534
SPX,20200430,0.15,0.155,0.15,0.15,2213974
SPY,20200430,446,452,446,451.62,582
SPZ,20200430,0.091,0.115,0.091,0.115,150177
SRG,20200430,0.26,0.275,0.255,0.26,964102
SRI,20200430,0.041,0.042,0.041,0.041,128001
SRV,20200430,2.5,2.665,2.405,2.61,82510
SRY,20200430,0.012,0.012,0.012,0.012,7548666
SSG,20200430,0.425,0.435,0.42,0.435,728082
SSM,20200430,1.795,2.04,1.79,1.965,13900069
ST1,20200430,0.135,0.135,0.13,0.135,823725
STA,20200430,0.12,0.125,0.12,0.125,1225005
STG,20200430,0.86,0.9,0.86,0.9,21280
STM,20200430,0.006,0.006,0.006,0.006,6603861
STN,20200430,0.4,0.445,0.4,0.43,60013
STO,20200430,4.7,4.97,4.6,4.94,16272263
STW,20200430,50.72,51.48,50.38,51.11,403184
STX,20200430,0.13,0.135,0.13,0.13,4826952
SUD,20200430,0.049,0.049,0.045,0.048,785649
SUL,20200430,6.33,6.63,6.11,6.35,2269827
SUN,20200430,8.99,9.26,8.97,9.19,6805336
SUP,20200430,0.053,0.053,0.051,0.051,149621
SVA,20200430,0.023,0.026,0.023,0.026,710171
SVD,20200430,0.007,0.009,0.007,0.009,278300
SVL,20200430,0.086,0.089,0.086,0.087,2540355
SVM,20200430,0.125,0.13,0.125,0.13,237200
SVS,20200430,0.18,0.18,0.18,0.18,940
SVW,20200430,14.19,15.37,14.18,15.31,1629343
SVY,20200430,0.365,0.43,0.365,0.43,624024
SW1,20200430,0.022,0.022,0.019,0.019,941419
SWF,20200430,0.23,0.255,0.23,0.235,6143042
SWK,20200430,0.125,0.13,0.125,0.13,129384
SWM,20200430,0.085,0.09,0.085,0.086,10281832
SXA,20200430,0.048,0.048,0.048,0.048,50000
SXE,20200430,0.43,0.445,0.43,0.44,673540
SXL,20200430,0.135,0.145,0.13,0.14,37034366
SXY,20200430,0.205,0.22,0.202,0.215,19187460
SYA,20200430,0.008,0.008,0.007,0.007,2635000
SYD,20200430,6,6.32,5.98,6.3,20814041
SYI,20200430,22.51,22.89,22.4,22.87,12247
SYR,20200430,0.24,0.245,0.232,0.235,3855279
SYT,20200430,0.001,0.001,0.001,0.001,500000
SZL,20200430,1.61,1.705,1.6,1.7,590132
TAH,20200430,3.28,3.32,3.16,3.22,18236496
TAM,20200430,0.045,0.045,0.042,0.043,396944
TAO,20200430,0.055,0.096,0.055,0.07,11201803
TAP,20200430,0.07,0.074,0.07,0.074,550000
TAR,20200430,0.01,0.01,0.009,0.009,170599
TAS,20200430,0.038,0.039,0.037,0.039,456573
TBL,20200430,0.16,0.17,0.15,0.155,98860
TBR,20200430,6.28,6.45,6.28,6.38,9999
TCL,20200430,13.47,14.01,13.35,13.8,10108310
TD1,20200430,0.028,0.031,0.028,0.029,5793653
TDI,20200430,1.58,1.595,1.55,1.595,347936
TDO,20200430,0.062,0.062,0.057,0.057,60157
TDY,20200430,0.17,0.17,0.155,0.165,100347
TEG,20200430,0.027,0.029,0.027,0.029,35000
TEK,20200430,0.225,0.23,0.205,0.215,248729
TER,20200430,0.12,0.135,0.112,0.13,2822384
TFL,20200430,0.091,0.096,0.091,0.096,59116
TGA,20200430,0.14,0.145,0.135,0.14,449713
TGF,20200430,1.17,1.25,1.17,1.22,212959
TGG,20200430,1.145,1.16,1.145,1.155,327515
TGH,20200430,0.15,0.15,0.15,0.15,67809
TGM,20200430,0.21,0.21,0.205,0.21,46551
TGN,20200430,0.105,0.115,0.096,0.1,757510
TGP,20200430,0.88,0.9,0.875,0.895,138870
TGR,20200430,3.81,3.83,3.72,3.77,1085408
THC,20200430,0.315,0.33,0.315,0.325,375014
THR,20200430,0.008,0.008,0.007,0.008,1580006
TIE,20200430,0.31,0.325,0.305,0.32,1148504
TIP,20200430,0.645,0.645,0.61,0.61,7957
TKL,20200430,0.004,0.004,0.004,0.004,200068
TLG,20200430,0.325,0.36,0.32,0.35,337816
TLM,20200430,0.076,0.09,0.075,0.09,276320
TLS,20200430,3.07,3.08,3.04,3.05,30832475
TLX,20200430,1.425,1.46,1.35,1.375,693456
TMG,20200430,0.061,0.062,0.061,0.062,59818
TMK,20200430,0.006,0.007,0.006,0.007,578187
TMT,20200430,0.125,0.135,0.12,0.12,611169
TMX,20200430,0.006,0.006,0.006,0.006,97508
TNE,20200430,9.25,9.5,9.16,9.5,1980668
TNG,20200430,0.058,0.062,0.058,0.06,499400
TNK,20200430,0.815,0.855,0.815,0.835,5821
TNR,20200430,0.015,0.019,0.015,0.019,8845146
TNT,20200430,0.06,0.061,0.058,0.059,3500560
TNY,20200430,1.065,1.11,1.065,1.11,62254
TOE,20200430,0.008,0.009,0.008,0.008,5056236
TON,20200430,0.029,0.029,0.029,0.029,1101
TOP,20200430,0.43,0.45,0.43,0.44,113198
TOT,20200430,0.89,0.895,0.88,0.885,136733
TPM,20200430,7.41,7.48,7.32,7.36,890469
TPW,20200430,3.94,4.08,3.84,3.9,1211879
TRA,20200430,1.55,1.55,1.54,1.54,11784
TRS,20200430,3.42,3.63,3.35,3.59,345157
TRY,20200430,0.078,0.078,0.077,0.078,277226
TSC,20200430,0.006,0.007,0.006,0.007,1392224
TSL,20200430,0.039,0.039,0.035,0.035,289063
TSO,20200430,0.057,0.058,0.055,0.058,1772826
TTB,20200430,0.485,0.51,0.465,0.465,226504
TTI,20200430,0.013,0.013,0.013,0.013,270000
TTM,20200430,0.06,0.062,0.056,0.059,347068
TTT,20200430,0.75,0.785,0.75,0.755,208350
TWE,20200430,9.96,10.225,9.88,10.15,4892691
TYR,20200430,2.83,2.92,2.77,2.87,1825774
TZL,20200430,0.052,0.052,0.052,0.052,16663
UBA,20200430,17.63,18.35,17.63,18.28,14774
UBE,20200430,20.46,20.62,20.46,20.59,6034
UBI,20200430,0.2,0.21,0.2,0.205,511309
UBJ,20200430,23.82,23.82,23.73,23.73,4770
UBN,20200430,0.049,0.049,0.049,0.049,1063396
UBP,20200430,28,28.55,28,28.54,7445
UBU,20200430,31.6,32,31.6,32,5390
UBW,20200430,28.28,28.65,28.28,28.65,3491
UCM,20200430,0.23,0.245,0.22,0.24,437300
UMG,20200430,4.22,4.33,4.22,4.26,1557927
UNV,20200430,0.15,0.15,0.14,0.15,157503
UOS,20200430,0.69,0.705,0.68,0.705,22453
URF,20200430,0.23,0.25,0.23,0.24,656815
URW,20200430,4.63,4.9,4.62,4.83,2042339
USD,20200430,14.86,14.9,14.81,14.81,77228
UUV,20200430,0.001,0.001,0.001,0.001,2476000
UWL,20200430,1.53,1.56,1.49,1.535,887155
VAE,20200430,64.91,66.34,64.91,66.34,5974
VAF,20200430,52.38,52.57,52.36,52.56,40894
VAL,20200430,0.001,0.001,0.001,0.001,1000000
VAN,20200430,0.13,0.135,0.13,0.13,188044
VAP,20200430,63.7,65.91,63.27,65.9,56129
VAS,20200430,69.36,70.4,68.9,69.89,422769
VCF,20200430,49.41,49.41,49.26,49.4,4455
VCX,20200430,1.395,1.5,1.39,1.49,26626257
VEA,20200430,1.43,1.515,1.43,1.45,6732569
VEN,20200430,0.041,0.044,0.038,0.039,727953
VEQ,20200430,50.75,51.87,50.75,51.74,8828
VEU,20200430,68.39,68.89,68.28,68.5,45410
VG1,20200430,2.14,2.15,2.12,2.12,177726
VG8,20200430,2.15,2.18,2.15,2.18,97475
VGB,20200430,53.66,53.76,53.57,53.74,69439
VGE,20200430,62.34,63.7,62.34,63.7,21731
VGI,20200430,9.7,9.95,9.65,9.95,6332
VGL,20200430,1.17,1.17,1.13,1.17,200698
VGS,20200430,76.9,77.41,76.48,77.03,100762
VHT,20200430,1.285,1.34,1.275,1.33,1054416
VHY,20200430,46.8,47.85,46.8,47.75,61286
VIC,20200430,0.001,0.001,0.001,0.001,2698000
VIF,20200430,51.71,51.96,51.7,51.95,20223
VIP,20200430,0.036,0.038,0.034,0.038,1231444
VKA,20200430,0.007,0.007,0.007,0.007,220000
VLC,20200430,56.12,56.63,55.77,56.5,2465
VLT,20200430,0.19,0.2,0.18,0.2,1506357
VMC,20200430,0.19,0.19,0.19,0.19,5120
VML,20200430,0.009,0.009,0.009,0.009,1018477
VMS,20200430,0.015,0.015,0.014,0.014,2405335
VMT,20200430,0.14,0.145,0.14,0.145,31689
VMY,20200430,0.05,0.055,0.049,0.05,3963946
VN8,20200430,0.11,0.13,0.105,0.12,904628
VOC,20200430,2.89,3.08,2.87,3.07,3148992
VOR,20200430,0.1,0.12,0.1,0.12,567844
VPR,20200430,0.002,0.002,0.001,0.001,2110000
VR1,20200430,0.019,0.019,0.019,0.019,27777
VR8,20200430,0.018,0.018,0.015,0.016,975958
VRC,20200430,0.005,0.005,0.005,0.005,350000
VRL,20200430,2.09,2.28,2.03,2.26,372357
VRS,20200430,0.022,0.022,0.021,0.021,772800
VRT,20200430,2.83,3.15,2.81,3.07,775488
VRX,20200430,0.095,0.105,0.095,0.097,671809
VSO,20200430,49.14,50.26,49.14,50.17,13632
VTG,20200430,1.03,1.12,1.025,1.1,605250
VTH,20200430,0.705,0.705,0.685,0.69,97608
VTI,20200430,0.017,0.017,0.016,0.016,1788712
VTS,20200430,225.86,227.69,225.86,226.88,32094
VUK,20200430,1.675,1.73,1.655,1.66,8829291
VUL,20200430,0.23,0.23,0.21,0.21,206623
VVA,20200430,1.98,2.03,1.96,1.96,45693
VVR,20200430,2.36,2.455,2.35,2.41,3184518
VXR,20200430,0.068,0.068,0.067,0.067,212645
WAA,20200430,0.92,0.95,0.92,0.95,70164
WAF,20200430,0.75,0.75,0.71,0.725,5170272
WAM,20200430,1.89,1.945,1.88,1.93,820261
WAX,20200430,1.21,1.24,1.21,1.22,114042
WBC,20200430,15.89,16.32,15.75,16.28,16330799
WBE,20200430,0.004,0.005,0.004,0.005,12540824
WBT,20200430,0.41,0.415,0.365,0.39,173520
WCN,20200430,0.004,0.004,0.004,0.004,670000
WEB,20200430,2.76,3.08,2.76,3.06,9984400
WEC,20200430,0.086,0.086,0.086,0.086,26143
WEL,20200430,0.017,0.018,0.017,0.018,325000
WES,20200430,37.5,38.24,37.27,37.69,2765312
WGB,20200430,1.92,1.955,1.915,1.915,368193
WGN,20200430,1.02,1.04,0.965,0.99,456990
WGO,20200430,0.13,0.13,0.13,0.13,335491
WGX,20200430,2.14,2.15,1.995,2.06,1908413
WHC,20200430,1.75,1.82,1.72,1.82,11200080
WHF,20200430,4.54,4.64,4.52,4.57,38677
WHK,20200430,0.055,0.058,0.054,0.058,2442322
WIC,20200430,0.815,0.815,0.75,0.805,396787
WKT,20200430,0.145,0.16,0.145,0.16,338416
WLD,20200430,0.041,0.045,0.041,0.041,120886
WLE,20200430,1.035,1.045,1.03,1.045,693569
WMI,20200430,1.085,1.125,1.08,1.125,230735
WML,20200430,0.01,0.01,0.01,0.01,880952
WNB,20200430,0.009,0.012,0.008,0.011,80760690
WND,20200430,0.94,0.95,0.935,0.94,122504
WNR,20200430,0.24,0.25,0.24,0.25,114682
WOA,20200430,0.14,0.14,0.125,0.125,7187
WOR,20200430,7.97,9.09,7.93,9,4535492
WOW,20200430,36.03,36.18,34.89,35.75,5782928
WPL,20200430,21.92,22.53,21.51,22.45,5617696
WPP,20200430,0.24,0.26,0.24,0.25,554854
WQG,20200430,1.16,1.18,1.15,1.18,48892
WSA,20200430,2.19,2.225,2.145,2.18,2312451
WSI,20200430,0.013,0.013,0.012,0.013,2964774
WSP,20200430,1.93,1.945,1.9,1.9,334729
WTC,20200430,18.06,18.72,17.86,18.59,1633005
WWI,20200430,0.01,0.011,0.01,0.011,1200000
WZR,20200430,0.16,0.16,0.15,0.155,10062815
XAM,20200430,0.029,0.029,0.029,0.029,3856
XCD,20200430,0.007,0.008,0.007,0.008,6383228
XF1,20200430,0.09,0.1,0.09,0.091,3125407
XPE,20200430,0.002,0.002,0.001,0.002,3870000
XPL,20200430,0.052,0.052,0.049,0.049,128030
XRF,20200430,0.2,0.205,0.2,0.2,275644
XRO,20200430,80.22,81.07,78.98,79.53,457829
XTC,20200430,0.003,0.003,0.002,0.002,17409214
XTD,20200430,0.023,0.023,0.022,0.022,386761
XTE,20200430,0.595,0.595,0.595,0.595,1500
YAL,20200430,2.11,2.14,2.1,2.14,34488
YBR,20200430,0.06,0.062,0.06,0.062,60000
YOJ,20200430,0.03,0.03,0.027,0.029,2480402
YOW,20200430,0.043,0.043,0.043,0.043,25000
YRL,20200430,0.2,0.2,0.175,0.175,25000
Z1P,20200430,2.27,2.45,2.25,2.39,10603089
ZEL,20200430,3.04,3.05,2.94,2.95,269077
ZEN,20200430,1.015,1.02,1.01,1.015,553480
ZIM,20200430,11.18,11.3,11.18,11.3,1014
ZLD,20200430,0.046,0.047,0.045,0.046,491531
ZMI,20200430,0.036,0.038,0.035,0.035,733805
ZNC,20200430,0.047,0.047,0.047,0.047,52974
ZNO,20200430,1.74,1.74,1.655,1.665,475317
XAF,20200430,5304.7,5448.4,5304.7,5418,0
XAO,20200430,5463.8,5623,5463.8,5597.7,1664887500
XAT,20200430,5340.2,5497.1,5340.2,5471.2,0
XDJ,20200430,2110.6,2182.6,2110.6,2169.9,0
XEC,20200430,1157,1186.5,1157,1185.8,0
XEJ,20200430,6784,7355.7,6784,7337.8,0
XFJ,20200430,4265.9,4403.4,4265.8,4383.8,0
XFL,20200430,5335.6,5482.4,5335.6,5452.7,0
XGD,20200430,7269.3,7272.1,7138,7192.3,0
XHJ,20200430,43640.3,43646.8,43053.2,43053.2,0
XIJ,20200430,1233.7,1298.2,1233.7,1294.3,0
XJO,20200430,5393.4,5549.1,5393.4,5522.4,0
XJR,20200430,3882,4034.4,3882,4029.3,0
XKO,20200430,5355,5509,5355,5483.2,0
XMD,20200430,5866.5,6049.4,5866.5,6032.6,0
XMJ,20200430,11688,12080.2,11688,12049.4,0
XMM,20200430,3877.2,3985.7,3877.2,3977.7,0
XNJ,20200430,5404,5653.7,5404,5617.5,0
XPJ,20200430,1114.3,1169.8,1114.3,1162.4,0
XSJ,20200430,11955.8,12097.2,11832,11955.5,0
XSO,20200430,2329.3,2409.9,2329.3,2405.3,0
XTJ,20200430,1078.7,1093.5,1078.7,1087.8,0
XTL,20200430,3020,3085.8,3020,3070.1,0
XTO,20200430,4465.1,4590.4,4465.1,4567.3,0
XUJ,20200430,7621,7629.8,7505.4,7516.7,0
XXJ,20200430,4757.9,4911.3,4757.8,4889.4,0
