360,20200330,1.81,1.91,1.81,1.91,24496
14D,20200330,0.1,0.1,0.1,0.1,65451
1AD,20200330,0.055,0.058,0.05,0.055,409417
1ST,20200330,0.03,0.03,0.026,0.027,25459844
2BE,20200330,0.074,0.074,0.074,0.074,14176
3DA,20200330,0.099,0.105,0.099,0.1,111000
3DP,20200330,0.025,0.025,0.024,0.025,442767
3PL,20200330,0.8,0.805,0.8,0.8,93188
4DS,20200330,0.029,0.029,0.027,0.028,2835708
5GN,20200330,0.67,0.71,0.665,0.705,434250
88E,20200330,0.018,0.018,0.017,0.018,17898477
8CO,20200330,0.05,0.05,0.05,0.05,23523
9SP,20200330,0.011,0.011,0.01,0.011,3470187
A2B,20200330,0.61,0.615,0.585,0.59,550703
A2M,20200330,15.66,16.88,15.66,16.88,3398048
A3D,20200330,0.072,0.072,0.065,0.065,128278
A4N,20200330,0.096,0.11,0.093,0.099,16612539
AAA,20200330,50.1,50.11,50.1,50.11,165542
AAC,20200330,1.1,1.105,1.045,1.095,1492677
AAJ,20200330,0.002,0.002,0.002,0.002,150000
AAR,20200330,0.091,0.1,0.085,0.096,259849
ABA,20200330,4.1,4.58,4.03,4.5,10284
ABC,20200330,2,2.15,1.995,2.15,2058137
ABL,20200330,0.001,0.001,0.001,0.001,2500
ABP,20200330,2.33,2.35,2.12,2.25,2570310
ABR,20200330,0.155,0.18,0.155,0.17,266214
ABX,20200330,0.083,0.083,0.07,0.08,100858
AC8,20200330,0.16,0.16,0.155,0.16,261224
ACB,20200330,0.007,0.007,0.007,0.007,446999
ACF,20200330,0.165,0.2,0.165,0.19,261052
ACQ,20200330,0.795,0.805,0.775,0.805,66634
ACR,20200330,0.115,0.115,0.115,0.115,10573
ACU,20200330,0.053,0.053,0.052,0.053,19134
ACW,20200330,0.019,0.023,0.018,0.022,1252170
AD8,20200330,3.47,3.6,3.31,3.47,217050
ADA,20200330,0.37,0.38,0.355,0.355,17186
ADD,20200330,0.017,0.02,0.015,0.02,706064
ADH,20200330,0.72,0.925,0.69,0.925,2868665
ADI,20200330,1.99,2.02,1.897,2.02,261202
ADJ,20200330,0.007,0.01,0.007,0.01,5845529
ADN,20200330,0.026,0.03,0.025,0.03,8854747
ADO,20200330,0.016,0.016,0.014,0.015,1801903
ADR,20200330,0.014,0.016,0.012,0.016,2359607
ADT,20200330,0.925,0.965,0.9,0.9,107703
ADX,20200330,0.004,0.005,0.004,0.005,1880928
ADY,20200330,0.004,0.005,0.004,0.005,196105
AEE,20200330,0.003,0.003,0.002,0.002,4893567
AEF,20200330,3.07,3.24,2.99,3.12,215910
AEG,20200330,1.025,1.035,1.01,1.01,31703
AEI,20200330,0.45,0.5,0.445,0.48,1799426
AFG,20200330,1.36,1.36,1.265,1.29,427548
AFI,20200330,5.48,5.55,5.37,5.49,623139
AFP,20200330,3.6,3.6,3.6,3.6,139
AFR,20200330,0.017,0.017,0.017,0.017,4605
AGD,20200330,0.14,0.14,0.14,0.14,15000
AGE,20200330,0.002,0.002,0.002,0.002,10456987
AGG,20200330,6.25,6.35,5.8,6,11686
AGH,20200330,0.23,0.245,0.22,0.24,1574459
AGI,20200330,0.4,0.435,0.37,0.41,144577
AGL,20200330,16.12,16.98,16.05,16.98,3046135
AGM,20200330,1.4,1.4,1.4,1.4,9922
AGY,20200330,0.032,0.032,0.03,0.032,1569929
AHF,20200330,0.073,0.075,0.07,0.07,212500
AHL,20200330,0.004,0.004,0.004,0.004,2095347
AHQ,20200330,0.08,0.09,0.08,0.085,296361
AHY,20200330,0.985,1.035,0.95,1.025,533350
AHZ,20200330,4.51,4.6,4.29,4.35,8368
AIA,20200330,5,5.3,4.87,5.15,611377
AIQ,20200330,0.095,0.095,0.095,0.095,1165
AIS,20200330,0.036,0.036,0.035,0.036,203000
AIZ,20200330,0.91,0.915,0.875,0.89,1434146
AJJ,20200330,0.03,0.03,0.03,0.03,19599
AJM,20200330,0.033,0.033,0.031,0.031,2843112
AJX,20200330,0.036,0.036,0.034,0.034,83396
AKG,20200330,0.22,0.22,0.2,0.2,7000
AKM,20200330,0.062,0.062,0.062,0.062,52508
AKP,20200330,9.5,9.7,8.69,9,13909
ALC,20200330,0.12,0.135,0.11,0.125,2671257
ALF,20200330,0.865,0.87,0.85,0.86,1021395
ALG,20200330,0.18,0.195,0.17,0.19,3178362
ALI,20200330,1.765,1.88,1.75,1.84,125163
ALK,20200330,0.625,0.625,0.582,0.61,4053157
ALL,20200330,19.75,22.22,19.7,21.59,3721542
ALQ,20200330,5.28,5.76,5.13,5.58,3221543
ALU,20200330,26,28.02,26,28.02,788251
ALX,20200330,5.32,5.96,5.17,5.96,5209273
ALY,20200330,0.011,0.011,0.011,0.011,50000
AMA,20200330,0.24,0.255,0.21,0.25,5620596
AMB,20200330,0.05,0.05,0.05,0.05,60009
AMC,20200330,12.48,13.1,12.46,13,3883403
AMD,20200330,0.005,0.005,0.005,0.005,100000
AME,20200330,0.058,0.058,0.055,0.055,590000
AMG,20200330,0.041,0.042,0.04,0.04,395074
AMH,20200330,0.8,0.8,0.8,0.8,3000
AMI,20200330,0.25,0.25,0.235,0.25,2347790
AML,20200330,0.069,0.069,0.067,0.068,53994
AMN,20200330,0.175,0.2,0.17,0.2,241191
AMP,20200330,1.25,1.335,1.24,1.335,14067395
AMS,20200330,0.4,0.415,0.355,0.39,322062
AMX,20200330,1.07,1.1,1.06,1.07,110560
ANA,20200330,0.005,0.006,0.005,0.005,908337
ANG,20200330,0.12,0.12,0.12,0.12,60329
ANL,20200330,0.001,0.001,0.001,0.001,1500000
ANN,20200330,25.15,29.31,24.22,29.03,2251776
ANP,20200330,0.05,0.05,0.046,0.047,1483500
ANR,20200330,0.15,0.16,0.14,0.16,78773
ANW,20200330,0.001,0.001,0.001,0.001,13527173
ANZ,20200330,15.47,16.78,15.4,16.78,10117975
AOF,20200330,1.85,1.945,1.845,1.9,64310
AON,20200330,0.016,0.016,0.016,0.016,30000
AOP,20200330,0.165,0.165,0.165,0.165,10000
AOU,20200330,0.024,0.025,0.024,0.024,97294
APA,20200330,9.73,10.41,9.52,10.41,4065676
APD,20200330,0.455,0.51,0.44,0.51,322849
APE,20200330,2.92,3.05,2.88,3,2658330
APG,20200330,0.001,0.001,0.001,0.001,1000000
APH,20200330,0.05,0.05,0.05,0.05,29122
API,20200330,1.16,1.19,1.13,1.19,1525636
APL,20200330,0.85,0.875,0.85,0.875,226148
APT,20200330,18,19.38,17.02,18.4,7373749
APV,20200330,0.11,0.12,0.11,0.12,70558
APX,20200330,18.9,20.2,18.65,20.2,887411
APZ,20200330,0.95,0.95,0.94,0.94,2525
AQD,20200330,0.009,0.009,0.009,0.009,260355
AQG,20200330,5.5,5.51,5.3,5.43,322095
AQI,20200330,0.042,0.046,0.042,0.046,45000
AQR,20200330,2.86,2.88,2.67,2.75,25313
AQS,20200330,0.016,0.016,0.016,0.016,31250
AQX,20200330,0.014,0.014,0.014,0.014,1128195
AQZ,20200330,1.4,1.67,1.35,1.55,241466
ARB,20200330,12.99,13.93,12.21,13.85,480743
ARD,20200330,0.012,0.012,0.012,0.012,368508
ARE,20200330,0.003,0.003,0.003,0.003,1313660
ARF,20200330,1.85,1.85,1.53,1.615,3042278
ARG,20200330,6.34,6.48,6.255,6.41,419338
ARL,20200330,0.225,0.245,0.225,0.235,319138
ARM,20200330,0.005,0.005,0.005,0.005,8500
ARN,20200330,0.083,0.083,0.083,0.083,20000
ARO,20200330,0.003,0.003,0.003,0.003,300000
ARQ,20200330,0.065,0.069,0.063,0.063,166180
ARS,20200330,0.015,0.015,0.014,0.014,4253003
ARU,20200330,0.051,0.054,0.049,0.054,1187593
ARV,20200330,0.022,0.023,0.02,0.022,1611808
AS1,20200330,0.096,0.096,0.096,0.096,8090
ASB,20200330,2.7,2.83,2.66,2.83,1722424
ASG,20200330,0.55,0.57,0.55,0.57,7300
ASH,20200330,0.2,0.2,0.2,0.2,38380
ASN,20200330,0.016,0.016,0.016,0.016,105000
AST,20200330,1.68,1.76,1.68,1.735,11168993
ASW,20200330,0.64,0.64,0.64,0.64,50000
ASX,20200330,72,77.5,72,77.5,708280
ATC,20200330,0.039,0.039,0.037,0.037,231321
ATH,20200330,0.015,0.015,0.014,0.014,221152
ATL,20200330,0.09,0.115,0.09,0.105,72201
ATS,20200330,0.012,0.013,0.011,0.012,6279247
ATU,20200330,0.17,0.185,0.165,0.17,586588
AU1,20200330,0.05,0.05,0.05,0.05,10000
AU8,20200330,0.04,0.04,0.035,0.038,886071
AUB,20200330,10.1,10.24,9.28,9.58,617885
AUC,20200330,0.012,0.012,0.01,0.011,844194
AUI,20200330,6.9,7.21,6.9,7.16,28741
AUR,20200330,0.015,0.019,0.015,0.017,4597684
AUT,20200330,0.018,0.018,0.018,0.018,68000
AUZ,20200330,0.008,0.008,0.007,0.007,9207494
AV1,20200330,0.072,0.072,0.065,0.068,117452
AVA,20200330,0.1,0.1,0.1,0.1,880458
AVC,20200330,0.19,0.19,0.17,0.17,11904
AVE,20200330,0.002,0.002,0.002,0.002,860000
AVG,20200330,0.345,0.35,0.345,0.35,150157
AVH,20200330,0.465,0.515,0.455,0.515,29856824
AVJ,20200330,0.44,0.45,0.44,0.445,11530
AVL,20200330,0.009,0.009,0.008,0.008,1654928
AVN,20200330,1.36,1.535,1.36,1.405,2764448
AVZ,20200330,0.049,0.052,0.048,0.052,5936764
AWC,20200330,1.425,1.57,1.425,1.57,10313041
AWN,20200330,0.078,0.078,0.078,0.078,26969
AWV,20200330,0.008,0.008,0.008,0.008,2296
AWY,20200330,0.028,0.028,0.028,0.028,75114
AX1,20200330,0.67,0.7,0.625,0.675,2678563
AXE,20200330,0.165,0.165,0.16,0.16,186470
AYF,20200330,4.8,4.8,4.8,4.8,250
AYR,20200330,0.002,0.002,0.001,0.001,5750000
AYS,20200330,0.26,0.27,0.255,0.255,231330
AZJ,20200330,4.44,4.83,4.4,4.83,11558912
AZY,20200330,0.013,0.013,0.013,0.013,4325000
BAF,20200330,0.635,0.665,0.63,0.665,72571
BAP,20200330,3.58,3.82,3.54,3.8,1404816
BAR,20200330,0.012,0.012,0.011,0.012,260000
BAT,20200330,0.005,0.005,0.004,0.004,4000000
BBC,20200330,0.44,0.44,0.44,0.44,2380
BBN,20200330,2.05,2.19,1.94,2.13,691271
BBX,20200330,0.09,0.09,0.09,0.09,70000
BC8,20200330,0.29,0.3,0.28,0.3,25746
BCB,20200330,0.032,0.034,0.032,0.033,89587
BCC,20200330,0.17,0.17,0.17,0.17,50000
BCI,20200330,0.11,0.115,0.11,0.11,553161
BCN,20200330,0.027,0.027,0.025,0.026,1133125
BCT,20200330,0.06,0.063,0.054,0.054,455458
BD1,20200330,0.021,0.021,0.02,0.02,2160984
BDA,20200330,0.16,0.18,0.16,0.165,204593
BDC,20200330,0.049,0.053,0.048,0.052,4557579
BDG,20200330,0.061,0.061,0.06,0.06,200000
BEE,20200330,0.009,0.009,0.009,0.009,116000
BEM,20200330,0.023,0.023,0.022,0.022,158580
BEN,20200330,6,6.44,5.96,6.44,7084439
BET,20200330,0.1,0.12,0.098,0.115,6027860
BFC,20200330,0.073,0.08,0.072,0.072,116554
BFG,20200330,0.7,0.77,0.66,0.745,299160
BGA,20200330,4.15,4.55,4.15,4.55,1071957
BGL,20200330,0.4,0.43,0.39,0.395,1835631
BHP,20200330,28.4,30.2,28.03,30.2,10114063
BID,20200330,0.535,0.565,0.49,0.53,186357
BIN,20200330,1.8,1.95,1.75,1.935,2790274
BIQ,20200330,0.004,0.004,0.004,0.004,793857
BIT,20200330,0.079,0.086,0.079,0.083,2612667
BKI,20200330,1.14,1.155,1.1,1.155,439125
BKL,20200330,66.87,71.41,66.87,71.41,86041
BKT,20200330,0.031,0.031,0.028,0.028,920261
BKW,20200330,13.18,13.85,12.82,13.85,534897
BKY,20200330,0.155,0.155,0.155,0.155,1400
BLD,20200330,1.985,2.02,1.88,2.02,10292570
BLG,20200330,0.03,0.03,0.024,0.024,772579
BLK,20200330,0.009,0.009,0.008,0.008,8435494
BLT,20200330,0.027,0.027,0.025,0.026,460929
BLU,20200330,0.018,0.019,0.016,0.019,1221887
BLV,20200330,0.28,0.28,0.28,0.28,3653
BLX,20200330,0.5,0.525,0.5,0.5,341474
BLY,20200330,0.48,0.5,0.4,0.4,80566
BMG,20200330,0.001,0.001,0.001,0.001,2500000
BMN,20200330,0.024,0.029,0.023,0.028,2624605
BNL,20200330,0.004,0.005,0.004,0.004,4624427
BNO,20200330,0.035,0.035,0.034,0.035,198776
BNR,20200330,0.02,0.02,0.019,0.019,541721
BOE,20200330,0.034,0.042,0.034,0.039,2916402
BOL,20200330,0.08,0.085,0.075,0.085,739274
BOQ,20200330,4.8,5.05,4.75,5.05,4243124
BOT,20200330,0.023,0.024,0.023,0.023,8262994
BPH,20200330,0.001,0.001,0.001,0.001,500000
BPL,20200330,0.012,0.012,0.012,0.012,6500
BPT,20200330,1.015,1.155,1,1.155,16336427
BRB,20200330,0.15,0.155,0.14,0.15,215754
BRG,20200330,14.66,16.58,14.05,16.5,740486
BRK,20200330,0.004,0.004,0.004,0.004,1000000
BRL,20200330,0.051,0.051,0.049,0.05,314891
BRN,20200330,0.04,0.04,0.037,0.037,1331020
BRU,20200330,0.073,0.073,0.069,0.071,292550
BRV,20200330,0.017,0.019,0.017,0.019,1248809
BSA,20200330,0.26,0.26,0.26,0.26,136544
BSE,20200330,0.14,0.14,0.14,0.14,137378
BSL,20200330,8.6,9.28,8.6,9.16,3762578
BSM,20200330,0.003,0.003,0.003,0.003,579999
BSR,20200330,0.011,0.013,0.011,0.013,605610
BSX,20200330,0.093,0.093,0.09,0.09,232978
BTC,20200330,0.075,0.081,0.074,0.081,130000
BTH,20200330,0.425,0.43,0.39,0.4,2583246
BTI,20200330,0.6,0.61,0.58,0.58,62963
BUB,20200330,0.545,0.565,0.53,0.555,3593151
BUD,20200330,0.007,0.009,0.007,0.009,10531739
BUX,20200330,0.045,0.045,0.044,0.044,26204
BUY,20200330,0.005,0.005,0.005,0.005,200000
BVS,20200330,3.65,3.72,3.46,3.61,1625966
BWF,20200330,0.305,0.305,0.305,0.305,12000
BWP,20200330,3.24,3.3,3.11,3.3,2197849
BWR,20200330,0.955,0.955,0.95,0.95,32579
BWX,20200330,2.65,2.82,2.61,2.8,377682
BXB,20200330,10,10.65,9.925,10.61,5628797
BXN,20200330,0.008,0.008,0.007,0.007,883061
BYE,20200330,0.12,0.13,0.12,0.13,465041
BYH,20200330,0.025,0.025,0.025,0.025,32401
BYI,20200330,0.5,0.5,0.5,0.5,692
CAA,20200330,0.091,0.092,0.09,0.092,365226
CAD,20200330,0.001,0.001,0.001,0.001,1000000
CAF,20200330,0.08,0.08,0.08,0.08,4686359
CAG,20200330,0.3,0.305,0.3,0.305,51457
CAI,20200330,0.215,0.215,0.2,0.2,137997
CAJ,20200330,0.16,0.165,0.155,0.16,1368627
CAM,20200330,0.7,0.725,0.7,0.725,32899
CAN,20200330,0.65,0.655,0.62,0.64,722350
CAR,20200330,11.54,12.49,11.15,12.49,1596025
CAT,20200330,0.67,0.67,0.585,0.6,1590368
CAU,20200330,0.095,0.095,0.087,0.09,69180
CAV,20200330,0.002,0.002,0.002,0.002,175000
CAY,20200330,0.061,0.062,0.054,0.058,1312647
CAZ,20200330,0.02,0.02,0.02,0.02,50000
CBA,20200330,57.85,63.95,57.85,63.95,5825869
CBE,20200330,0.1,0.11,0.1,0.11,1022500
CBR,20200330,1.1,1.135,1.06,1.11,382002
CBY,20200330,0.09,0.09,0.06,0.06,134000
CCE,20200330,0.001,0.001,0.001,0.001,1584345
CCL,20200330,8,8.68,7.96,8.68,2118630
CCP,20200330,10.54,11.25,10.27,10.91,1107445
CCV,20200330,0.14,0.14,0.125,0.135,255476
CCX,20200330,1.005,1.24,1.005,1.205,1553822
CCZ,20200330,0.01,0.01,0.01,0.01,229500
CD1,20200330,0.745,0.745,0.745,0.745,671
CD3,20200330,0.8,0.805,0.8,0.8,57857
CDA,20200330,4.9,5.1,4.67,5.1,546144
CDD,20200330,0.25,0.255,0.24,0.245,11279
CDM,20200330,0.475,0.485,0.47,0.485,329016
CDP,20200330,2.75,2.83,2.7,2.7,73970
CDV,20200330,0.32,0.355,0.315,0.35,723070
CDX,20200330,0.015,0.017,0.015,0.016,396255
CDY,20200330,0.4,0.49,0.22,0.31,18901479
CE1,20200330,0.003,0.003,0.003,0.003,541500
CEL,20200330,0.085,0.093,0.084,0.084,546648
CEN,20200330,5.32,5.32,5.32,5.32,4690
CFE,20200330,0.002,0.002,0.002,0.002,500000
CG1,20200330,0.16,0.16,0.16,0.16,83119
CGA,20200330,0.3,0.3,0.3,0.3,48034
CGB,20200330,0.007,0.008,0.007,0.007,1652628
CGC,20200330,2.67,2.76,2.66,2.71,5340628
CGF,20200330,3.62,4.06,3.21,4.02,5057108
CGL,20200330,2.01,2.09,1.875,2.02,354694
CGO,20200330,0.105,0.105,0.1,0.1,9000
CGR,20200330,0.405,0.405,0.405,0.405,7144
CGS,20200330,0.315,0.315,0.29,0.3,114633
CHC,20200330,6.35,6.58,6.28,6.58,3138798
CHK,20200330,0.004,0.004,0.004,0.004,2062883
CHN,20200330,0.46,0.515,0.42,0.515,5316918
CHZ,20200330,0.049,0.049,0.048,0.048,261559
CI1,20200330,0.029,0.029,0.028,0.028,236894
CIA,20200330,1.78,1.78,1.64,1.655,354237
CIE,20200330,0.54,0.55,0.52,0.55,58315
CIM,20200330,21.28,22.85,19.77,22.85,1746081
CIN,20200330,20.06,20.06,20.05,20.05,450
CIO,20200330,0.002,0.003,0.002,0.003,2833332
CIP,20200330,2.64,2.695,2.48,2.65,977815
CIW,20200330,0.4,0.4,0.39,0.4,26000
CKA,20200330,0.026,0.028,0.026,0.028,64760
CKF,20200330,5.19,5.5,5.16,5.38,638184
CL1,20200330,1.145,1.175,1.06,1.13,116783
CL8,20200330,0.007,0.007,0.007,0.007,7900
CLA,20200330,0.009,0.01,0.009,0.01,7301824
CLF,20200330,0.945,0.945,0.945,0.945,818
CLQ,20200330,0.11,0.125,0.11,0.115,655148
CLV,20200330,1.7,1.72,1.58,1.675,664615
CLW,20200330,4.04,4.45,3.9,4.22,3121180
CLZ,20200330,0.001,0.001,0.001,0.001,15444410
CM8,20200330,0.013,0.015,0.011,0.011,4250388
CML,20200330,0.006,0.006,0.006,0.006,11333
CMM,20200330,0.995,1.03,0.98,1.03,398744
CMP,20200330,0.31,0.35,0.31,0.315,310792
CMW,20200330,0.77,0.805,0.72,0.78,9728354
CNI,20200330,1.68,1.68,1.495,1.6,1799280
CNL,20200330,0.09,0.09,0.09,0.09,4955
CNU,20200330,5.95,6.78,5.95,6.78,615025
CNW,20200330,0.018,0.018,0.015,0.015,525000
COB,20200330,0.086,0.086,0.083,0.083,81443
COE,20200330,0.39,0.43,0.385,0.43,4570863
COF,20200330,1.435,1.57,1.385,1.57,1760479
COG,20200330,0.05,0.05,0.04,0.049,580903
COH,20200330,167.96,193.65,167.96,182.81,727592
COI,20200330,0.053,0.055,0.053,0.054,696086
COL,20200330,15.63,16.865,15.51,16.82,4582873
COO,20200330,0.044,0.044,0.043,0.043,42500
COS,20200330,0.26,0.26,0.26,0.26,50000
CP1,20200330,0.08,0.08,0.08,0.08,145614
CPH,20200330,0.058,0.06,0.054,0.06,301966
CPT,20200330,0.021,0.021,0.021,0.021,29270
CPU,20200330,8.96,9.71,8.94,9.71,2366547
CPV,20200330,0.06,0.06,0.06,0.06,27299
CQE,20200330,1.635,1.67,1.502,1.67,2140150
CQR,20200330,2.9,3.05,2.88,3.05,2511366
CR1,20200330,0.18,0.18,0.18,0.18,50000
CRL,20200330,0.008,0.008,0.008,0.008,40000
CRN,20200330,1.03,1.06,0.97,1.06,912133
CRS,20200330,0.12,0.12,0.12,0.12,19451
CSE,20200330,0.023,0.023,0.023,0.023,24000
CSL,20200330,282.19,312.68,279.3,312.68,1255086
CSR,20200330,3.05,3.23,3.005,3.23,4393392
CSS,20200330,0.47,0.47,0.455,0.47,33303
CST,20200330,0.078,0.09,0.07,0.078,181025
CT1,20200330,0.017,0.017,0.017,0.017,207442
CTD,20200330,8.05,8.65,7.69,8.28,826292
CTM,20200330,0.007,0.007,0.007,0.007,1441000
CTO,20200330,0.003,0.003,0.003,0.003,584363
CTP,20200330,0.073,0.074,0.072,0.073,3379879
CTX,20200330,21.5,22.3,20.7,22.3,1520444
CUP,20200330,0.755,0.79,0.755,0.79,7147
CUV,20200330,17.91,19.07,17.02,19.07,311924
CV1,20200330,0.06,0.06,0.057,0.06,177500
CVF,20200330,0.71,0.71,0.71,0.71,16441
CVL,20200330,0.425,0.425,0.42,0.42,6000
CVN,20200330,0.14,0.145,0.135,0.14,2744479
CVW,20200330,0.215,0.22,0.215,0.22,744662
CWL,20200330,0.095,0.095,0.095,0.095,5500
CWN,20200330,7.01,7.26,6.91,7.2,2848012
CWP,20200330,3.55,3.72,3.48,3.7,543637
CWX,20200330,0.17,0.17,0.125,0.15,529065
CWY,20200330,1.6,1.74,1.585,1.74,5900204
CWZ,20200330,0.145,0.15,0.145,0.15,25000
CXL,20200330,0.7,0.79,0.695,0.73,127956
CXM,20200330,0.025,0.025,0.024,0.024,40500
CXO,20200330,0.022,0.022,0.02,0.02,879411
CXU,20200330,0.012,0.012,0.012,0.012,22577
CXX,20200330,0.03,0.03,0.03,0.03,5000
CXZ,20200330,0.012,0.013,0.012,0.012,229979
CY5,20200330,0.041,0.041,0.041,0.041,3106
CYC,20200330,0.94,1,0.94,1,32779
CYG,20200330,0.5,0.5,0.5,0.5,6000
CYL,20200330,1.9,1.9,1.735,1.85,29771
CYP,20200330,0.74,0.76,0.695,0.72,18660
CZI,20200330,0.07,0.07,0.069,0.069,209345
CZL,20200330,0.003,0.003,0.003,0.003,1825000
CZN,20200330,0.002,0.002,0.002,0.002,4240023
CZR,20200330,0.007,0.007,0.007,0.007,315347
D2O,20200330,1.21,1.28,1.18,1.28,88444
DAV,20200330,0.03,0.03,0.03,0.03,5368
DCC,20200330,0.016,0.016,0.014,0.014,1693350
DCG,20200330,0.195,0.195,0.065,0.125,45399154
DCL,20200330,0.03,0.03,0.027,0.027,933888
DCX,20200330,0.003,0.003,0.003,0.003,530000
DDD,20200330,0.001,0.001,0.001,0.001,4000000
DDR,20200330,5,5.27,4.85,5.1,203369
DEG,20200330,0.22,0.235,0.22,0.235,4961272
DEM,20200330,0.145,0.145,0.135,0.14,45000
DEV,20200330,0.041,0.041,0.038,0.04,442195
DGH,20200330,1.1,1.1,1.1,1.1,1050
DGO,20200330,1.6,1.6,1.45,1.45,18684
DHG,20200330,1.92,2.05,1.81,2.05,1239848
DHR,20200330,0.002,0.002,0.002,0.002,250000
DIV,20200330,17.43,17.43,17.43,17.43,3584
DJW,20200330,2.35,2.35,2.28,2.31,101220
DMP,20200330,50.5,53.52,49.5,51.55,674557
DNA,20200330,0.037,0.037,0.034,0.035,908218
DNK,20200330,0.33,0.335,0.325,0.33,197990
DOW,20200330,2.81,2.86,2.66,2.85,5901589
DRE,20200330,0.002,0.003,0.002,0.003,2000000
DRO,20200330,0.1,0.105,0.098,0.102,602212
DSE,20200330,0.033,0.037,0.033,0.037,102578
DTC,20200330,0.59,0.6,0.59,0.6,53416
DTL,20200330,3.04,3.33,3.005,3.26,630835
DTR,20200330,0.002,0.002,0.002,0.002,2991019
DTS,20200330,0.11,0.135,0.11,0.12,824762
DTZ,20200330,0.04,0.042,0.038,0.042,35000
DUB,20200330,0.77,0.805,0.685,0.805,1521336
DUI,20200330,3.47,3.74,3.47,3.7,59602
DWS,20200330,0.585,0.59,0.565,0.59,237909
DXB,20200330,0.125,0.125,0.12,0.12,273814
DXS,20200330,8.64,9,8.625,9,12453233
DYL,20200330,0.155,0.2,0.155,0.19,508478
E2E,20200330,0.002,0.002,0.001,0.001,1160000
E2M,20200330,0.075,0.087,0.075,0.087,10246
EAF,20200330,1.19,1.19,1.19,1.19,128452
EAI,20200330,0.92,0.93,0.89,0.91,174284
EAX,20200330,0.1,0.1,0.1,0.1,6153
ECF,20200330,0.9,0.925,0.9,0.9,471516
ECL,20200330,1.19,1.19,1.19,1.19,5450
ECP,20200330,0.705,0.705,0.705,0.705,16956
ECS,20200330,0.022,0.029,0.022,0.023,1946401
ECX,20200330,0.5,0.515,0.485,0.49,1561436
ED1,20200330,0.595,0.61,0.56,0.61,48378
EDC,20200330,0.825,0.89,0.82,0.89,68114
EDE,20200330,0.024,0.024,0.022,0.023,2564547
EEU,20200330,17.38,17.38,17.3,17.35,4908
EFE,20200330,0.003,0.003,0.003,0.003,150000
EFF,20200330,1.14,1.14,1.14,1.14,33656
EGD,20200330,2.29,2.29,2.29,2.29,51654
EGF,20200330,1.54,1.54,1.54,1.54,22727
EGG,20200330,0.85,0.85,0.82,0.82,24992
EGH,20200330,0.285,0.285,0.285,0.285,34421
EGI,20200330,0.79,0.805,0.79,0.805,42130
EGN,20200330,0.41,0.41,0.41,0.41,1000
EGR,20200330,0.05,0.05,0.04,0.045,704981
EHE,20200330,1.155,1.325,1.15,1.325,1348979
EHH,20200330,0.145,0.16,0.135,0.135,2817894
EHL,20200330,0.7,0.765,0.69,0.75,2275585
EHX,20200330,0.081,0.081,0.081,0.081,36759
ELD,20200330,7.2,7.775,7.2,7.65,682650
ELO,20200330,4,4.05,3.9,4,98380
ELX,20200330,0.56,0.56,0.535,0.535,50026
EM2,20200330,0.083,0.083,0.082,0.082,15000
EMD,20200330,0.06,0.06,0.06,0.06,10000
EMH,20200330,0.27,0.27,0.25,0.25,30239
EMN,20200330,0.1,0.1,0.1,0.1,5000
EMV,20200330,0.5,0.5,0.48,0.5,31732
EN1,20200330,0.016,0.017,0.016,0.016,3618940
ENA,20200330,0.012,0.012,0.012,0.012,130000
ENN,20200330,0.74,0.765,0.72,0.765,12182
ENT,20200330,0.006,0.007,0.006,0.007,280000
EOF,20200330,1.685,1.73,1.53,1.66,275174
EOL,20200330,2.01,2.05,2.01,2.05,8238
EOS,20200330,3.97,4.25,3.86,4.05,1142017
EPM,20200330,0.003,0.003,0.003,0.003,1926665
EQE,20200330,0.005,0.005,0.005,0.005,92532
EQT,20200330,19.15,20.12,19.08,20.12,20368
EQX,20200330,0.22,0.22,0.22,0.22,20000
ERA,20200330,0.145,0.15,0.145,0.15,218267
ERF,20200330,0.845,0.85,0.845,0.85,8792
ERG,20200330,0.063,0.063,0.063,0.063,22000
ERL,20200330,0.007,0.008,0.006,0.008,1487361
ERM,20200330,0.08,0.083,0.08,0.083,188059
ERX,20200330,0.025,0.026,0.023,0.025,371261
ESH,20200330,0.005,0.006,0.005,0.005,1966107
ETF,20200330,16.25,16.34,15.88,16.34,1569
EUC,20200330,0.009,0.009,0.009,0.009,80000
EUR,20200330,0.041,0.041,0.041,0.041,3000
EVE,20200330,0.004,0.004,0.003,0.004,2259001
EVN,20200330,3.78,4.19,3.76,4.19,10560287
EVO,20200330,0.062,0.065,0.06,0.065,354716
EVS,20200330,0.085,0.088,0.081,0.087,2568291
EVT,20200330,7.1,7.1,6.44,6.75,87167
EWC,20200330,0.059,0.059,0.052,0.052,357459
EX1,20200330,0.16,0.17,0.16,0.17,12582
EXL,20200330,0.285,0.3,0.26,0.265,434318
EXP,20200330,0.078,0.078,0.066,0.069,2215532
EXR,20200330,0.019,0.019,0.018,0.019,533499
EZL,20200330,0.71,0.71,0.7,0.7,33323
FAM,20200330,0.023,0.027,0.023,0.027,2949
FAR,20200330,0.01,0.012,0.009,0.012,47175425
FBR,20200330,0.02,0.021,0.019,0.019,2788022
FBU,20200330,2.82,3.23,2.82,3.18,1387878
FCL,20200330,2.52,2.7,2.5,2.69,55352
FCT,20200330,0.099,0.11,0.099,0.11,350586
FDV,20200330,0.65,0.65,0.6,0.65,55289
FEL,20200330,0.008,0.012,0.008,0.012,1500000
FEX,20200330,0.028,0.029,0.028,0.029,80000
FFC,20200330,0.09,0.09,0.075,0.075,48516
FFI,20200330,4.8,4.8,4.8,4.8,10
FFL,20200330,0.14,0.14,0.135,0.135,55000
FFR,20200330,0.025,0.027,0.025,0.027,219354
FGG,20200330,1.05,1.05,1.025,1.05,602297
FGO,20200330,0.001,0.001,0.001,0.001,2879999
FGR,20200330,0.09,0.094,0.09,0.09,1202687
FGX,20200330,0.84,0.86,0.835,0.855,311234
FHS,20200330,0.02,0.02,0.02,0.02,743401
FID,20200330,3.93,4,3.72,3.72,46625
FIJ,20200330,0.035,0.042,0.035,0.042,182998
FLC,20200330,0.265,0.305,0.265,0.305,237669
FLN,20200330,0.31,0.31,0.3,0.3,49242
FMG,20200330,9.5,10.1,9.32,10.1,13218954
FML,20200330,0.16,0.165,0.16,0.165,26600
FMS,20200330,0.031,0.031,0.031,0.031,30000
FNP,20200330,4.2,4.59,4.19,4.56,1033009
FOD,20200330,0.069,0.073,0.066,0.072,1927496
FOR,20200330,0.63,0.63,0.6,0.6,58000
FPC,20200330,0.665,0.665,0.66,0.665,12614
FPH,20200330,27.05,30.23,27.05,30.23,1167337
FPL,20200330,0.003,0.003,0.003,0.003,333333
FPP,20200330,0.6,0.6,0.515,0.6,45068
FRI,20200330,0.64,0.64,0.605,0.61,38588
FRM,20200330,0.235,0.24,0.235,0.24,22430
FRX,20200330,0.014,0.015,0.014,0.015,350000
FSA,20200330,0.83,0.84,0.83,0.84,2026
FSF,20200330,3.67,3.68,3.67,3.68,10000
FTT,20200330,0.001,0.002,0.001,0.002,3036500
FTZ,20200330,0.056,0.061,0.056,0.061,34829
FUN,20200330,0.01,0.01,0.01,0.01,100000
FWD,20200330,1.165,1.17,1.15,1.17,136884
FXL,20200330,0.5,0.6,0.5,0.575,3102489
FYI,20200330,0.045,0.046,0.045,0.045,389627
FZO,20200330,0.088,0.088,0.085,0.088,411361
G1A,20200330,0.18,0.21,0.18,0.205,262000
G88,20200330,0.022,0.023,0.022,0.023,58000
GAL,20200330,0.17,0.18,0.165,0.175,1859279
GAP,20200330,0.11,0.11,0.105,0.105,103276
GAS,20200330,0.38,0.38,0.37,0.37,11069
GBR,20200330,0.028,0.028,0.028,0.028,85000
GC1,20200330,0.515,0.515,0.51,0.515,48638
GCI,20200330,1.505,1.545,1.495,1.51,158931
GDF,20200330,0.9,0.915,0.88,0.91,110859
GDG,20200330,0.5,0.5,0.49,0.5,22050
GDI,20200330,0.995,1,0.865,0.925,1385765
GDX,20200330,41.25,41.25,39.54,39.54,71407
GEM,20200330,0.64,0.7,0.61,0.7,3810340
GES,20200330,0.006,0.006,0.006,0.006,982688
GEV,20200330,0.06,0.065,0.06,0.065,275000
GGG,20200330,0.091,0.097,0.087,0.088,964656
GID,20200330,0.003,0.003,0.003,0.003,201000
GLL,20200330,0.41,0.41,0.395,0.4,126076
GLV,20200330,0.001,0.001,0.001,0.001,1000000
GMA,20200330,1.65,1.835,1.585,1.825,1898833
GMD,20200330,0.025,0.025,0.025,0.025,204000
GMG,20200330,11.15,11.93,10.99,11.93,9409649
GML,20200330,0.01,0.01,0.01,0.01,10000
GMR,20200330,0.005,0.005,0.004,0.005,397599
GNC,20200330,3.16,3.18,2.99,3.11,2714859
GNE,20200330,2.22,2.22,2.22,2.22,4557
GNG,20200330,0.7,0.7,0.7,0.7,4500
GNX,20200330,0.14,0.195,0.135,0.15,4387525
GO2,20200330,0.008,0.008,0.008,0.008,50000
GOR,20200330,1.325,1.395,1.29,1.39,9000089
GOW,20200330,1.53,1.53,1.5,1.5,5604
GOZ,20200330,2.55,2.6,2.37,2.44,2526848
GPR,20200330,0.225,0.225,0.215,0.215,79448
GPT,20200330,3.29,3.56,3.29,3.56,11751728
GRB,20200330,0.049,0.049,0.047,0.048,170231
GRL,20200330,0.105,0.105,0.105,0.105,4082
GRR,20200330,0.17,0.175,0.165,0.175,1741681
GRV,20200330,0.011,0.011,0.011,0.011,31445
GSM,20200330,0.085,0.094,0.085,0.086,91569
GSS,20200330,1.63,1.64,1.325,1.36,1250172
GSW,20200330,0.375,0.38,0.355,0.355,41673
GTG,20200330,0.005,0.005,0.005,0.005,2023200
GTK,20200330,1.03,1.03,0.98,1.02,25363
GTN,20200330,0.46,0.48,0.4,0.48,131735
GUD,20200330,8.1,8.81,8.1,8.81,302024
GVF,20200330,0.925,0.925,0.925,0.925,10613
GWA,20200330,2.5,2.69,2.48,2.69,1779564
GWR,20200330,0.055,0.055,0.052,0.052,37559
GXY,20200330,0.78,0.8,0.77,0.795,2042193
HAS,20200330,0.071,0.078,0.07,0.078,688648
HAV,20200330,0.074,0.074,0.074,0.074,40000
HAW,20200330,0.098,0.098,0.098,0.098,192308
HCD,20200330,0.015,0.016,0.015,0.015,486807
HCH,20200330,0.014,0.014,0.013,0.013,2555177
HCT,20200330,0.11,0.12,0.105,0.11,5119279
HE8,20200330,0.089,0.089,0.082,0.089,1366619
HFR,20200330,0.32,0.325,0.315,0.325,55499
HGO,20200330,0.037,0.037,0.037,0.037,18000
HIL,20200330,0.185,0.185,0.17,0.185,39711
HIP,20200330,0.013,0.013,0.013,0.013,24328
HIT,20200330,0.93,0.965,0.92,0.96,21637
HLA,20200330,0.57,0.57,0.51,0.57,110000
HLO,20200330,1,1.215,0.96,1.185,625134
HLS,20200330,2.06,2.1,1.96,2.09,3565338
HM1,20200330,2.25,2.44,2.2,2.44,194877
HMC,20200330,1.96,1.96,1.795,1.955,41631
HMD,20200330,0.14,0.175,0.13,0.16,1094832
HMX,20200330,0.012,0.012,0.012,0.012,214546
HNG,20200330,0.18,0.18,0.15,0.15,140485
HNR,20200330,0.004,0.004,0.004,0.004,34000
HPI,20200330,1.9,1.995,1.835,1.98,681613
HRN,20200330,0.2,0.2,0.2,0.2,36373
HRR,20200330,0.019,0.019,0.017,0.017,672869
HRZ,20200330,0.065,0.065,0.06,0.061,370783
HSC,20200330,0.003,0.003,0.003,0.003,8386666
HSN,20200330,2.82,2.9,2.78,2.85,750627
HT1,20200330,1.015,1.09,1.01,1.09,286184
HTA,20200330,0.125,0.125,0.125,0.125,137100
HUB,20200330,6.91,7.38,6.58,7.38,440489
HUO,20200330,3.47,3.49,3.25,3.33,17814
HVM,20200330,0.13,0.14,0.115,0.14,18500
HVN,20200330,2.84,3.04,2.83,3.04,3060659
HWK,20200330,0.004,0.004,0.004,0.004,29000
HXG,20200330,0.034,0.034,0.032,0.032,156995
HYD,20200330,0.1,0.105,0.095,0.095,23852
HZN,20200330,0.043,0.045,0.043,0.045,171570
HZR,20200330,0.275,0.295,0.275,0.29,71960
IAA,20200330,89.36,90,86,89.97,16200
IAF,20200330,115.23,116.49,115.23,116.47,21788
IAG,20200330,5.77,6.4,5.77,6.4,8179436
IAP,20200330,1.09,1.09,1,1.035,662553
IBX,20200330,0.012,0.012,0.012,0.012,50000
ICG,20200330,0.001,0.001,0.001,0.001,6416694
ICI,20200330,0.015,0.015,0.015,0.015,672653
ICQ,20200330,0.155,0.165,0.15,0.165,159056
ICS,20200330,1.45,1.5,1.45,1.48,52564
ICT,20200330,0.031,0.033,0.031,0.033,140000
IDA,20200330,0.02,0.02,0.02,0.02,73998
IDT,20200330,0.12,0.12,0.11,0.11,19191
IDX,20200330,2.11,2.21,2.02,2.15,907022
IDZ,20200330,0.002,0.002,0.002,0.002,500000
IEM,20200330,57.5,57.5,53.25,54.83,69837
IEU,20200330,54.75,56.49,54.75,56.48,14412
IFL,20200330,3.24,3.34,3.145,3.29,1217455
IFM,20200330,1.39,1.425,1.31,1.37,1069176
IFN,20200330,0.405,0.445,0.395,0.445,3737388
IFT,20200330,4.11,4.11,4,4.1,6246
IGB,20200330,115.15,115.89,115.15,115.35,4450
IGL,20200330,0.505,0.525,0.395,0.4,2582396
IGO,20200330,4.25,4.49,3.96,4.32,4611199
IHD,20200330,9.96,10.35,9.96,10.35,12366
IHL,20200330,0.031,0.036,0.029,0.035,2262560
IHR,20200330,0.046,0.046,0.046,0.046,30000
IJH,20200330,235,235,220,232.5,4026
IJP,20200330,79.84,82.31,79.84,81.6,63941
IJR,20200330,90.37,90.37,87.34,89.4,2910
IKO,20200330,75.67,77.1,74.06,76.5,6520
ILB,20200330,122.5,126,119.91,120.51,1755
ILC,20200330,19.37,20.62,19.37,20.35,76990
ILU,20200330,6.66,6.87,6.37,6.84,3071189
IMA,20200330,0.135,0.14,0.13,0.14,888412
IMC,20200330,0.079,0.08,0.075,0.08,132469
IMD,20200330,0.855,0.86,0.795,0.83,1012591
IME,20200330,0.02,0.02,0.019,0.02,4173882
IMF,20200330,3.54,3.74,3.54,3.72,1005812
IMM,20200330,0.11,0.12,0.1,0.12,2430664
IMR,20200330,0.76,0.76,0.75,0.75,2136
IMS,20200330,0.004,0.004,0.004,0.004,210000
IMU,20200330,0.019,0.019,0.018,0.018,11358105
INA,20200330,2.99,3.17,2.95,3.17,2890298
INF,20200330,0.033,0.033,0.033,0.033,100000
ING,20200330,3.2,3.41,3.2,3.4,2100730
INP,20200330,0.012,0.012,0.012,0.012,500000
INR,20200330,0.085,0.09,0.08,0.08,1933498
IOD,20200330,0.066,0.071,0.066,0.071,83183
IOO,20200330,69.99,71.09,69.35,70.97,25906
IOZ,20200330,19.83,21.08,19.8,20.91,1116580
IPH,20200330,6.64,7.26,6.61,7.25,742536
IPL,20200330,1.875,1.96,1.815,1.96,6304187
IPT,20200330,0.005,0.005,0.004,0.004,2620894
IQ3,20200330,0.11,0.11,0.11,0.11,10000
IRD,20200330,0.05,0.05,0.05,0.05,24447
IRE,20200330,10.09,10.92,10.09,10.87,788308
IRI,20200330,2.4,2.61,2.4,2.61,321045
ISD,20200330,0.145,0.165,0.13,0.15,70785
ISO,20200330,3.45,3.55,3.4,3.55,90667
ISU,20200330,0.27,0.27,0.225,0.26,34083
IVC,20200330,9.97,10.37,9.67,10.37,1050534
IVE,20200330,84.67,86.5,84.67,86.06,17646
IVR,20200330,0.013,0.016,0.011,0.012,18137731
IVV,20200330,407,416.55,406.42,416.5,42263
IVX,20200330,0.007,0.008,0.007,0.007,2786403
IVZ,20200330,0.012,0.013,0.012,0.013,490099
IXC,20200330,0.7,0.71,0.7,0.7,33651
IXI,20200330,76,76.99,75.21,76.65,1030
IXJ,20200330,93.84,95.99,93.5,95.46,12244
IXR,20200330,0.004,0.005,0.004,0.005,2000
IZZ,20200330,59.32,60.42,58.59,60.42,56934
JAN,20200330,0.28,0.28,0.26,0.26,51671
JAT,20200330,0.035,0.036,0.034,0.034,345675
JBH,20200330,24,26.85,23.56,26.85,856418
JHC,20200330,0.455,0.495,0.455,0.495,605161
JHG,20200330,23,24.38,23,24.02,315936
JHL,20200330,0.014,0.015,0.014,0.015,60049
JHX,20200330,17.35,18.74,16.85,18.74,2128896
JIN,20200330,8.7,9.56,8.59,9.56,654015
JLG,20200330,2.01,2.12,2.01,2.1,336556
JMS,20200330,0.21,0.23,0.2,0.23,5721815
JRV,20200330,0.14,0.16,0.14,0.14,122421
JXT,20200330,0.014,0.015,0.013,0.013,2328619
JYC,20200330,0.885,0.885,0.87,0.87,9232
K2F,20200330,0.145,0.16,0.145,0.16,131484
KAI,20200330,0.006,0.006,0.005,0.005,10154158
KAM,20200330,0.027,0.027,0.027,0.027,37037
KAR,20200330,0.455,0.455,0.425,0.425,4105882
KAS,20200330,0.026,0.037,0.026,0.037,48783
KAU,20200330,0.145,0.145,0.145,0.145,33448
KCN,20200330,0.37,0.37,0.36,0.36,18705
KEY,20200330,0.002,0.002,0.002,0.002,76000
KFE,20200330,0.023,0.023,0.021,0.021,450000
KGL,20200330,0.11,0.11,0.11,0.11,20847
KGM,20200330,0.003,0.003,0.003,0.003,8000
KGN,20200330,5,5.38,4.91,5.33,1334470
KIN,20200330,0.046,0.048,0.046,0.048,27038
KIS,20200330,0.035,0.035,0.035,0.035,100000
KKC,20200330,1.49,1.495,1.4,1.49,471346
KLA,20200330,54.3,54.3,49.7,52.19,2069
KMD,20200330,1,1.005,0.925,0.98,581082
KME,20200330,0.885,0.92,0.81,0.85,91655
KMT,20200330,0.003,0.003,0.003,0.003,745001
KNM,20200330,0.014,0.015,0.014,0.015,135833
KNO,20200330,0.04,0.045,0.04,0.045,31638
KOV,20200330,3.11,3.11,3.11,3.11,3515
KP2,20200330,0.012,0.012,0.012,0.012,50000
KPG,20200330,0.715,0.75,0.7,0.7,22019
KPO,20200330,0.026,0.026,0.023,0.026,630704
KRM,20200330,0.027,0.029,0.026,0.029,364999
KRR,20200330,0.021,0.022,0.021,0.022,589469
KSC,20200330,1.495,1.495,1.495,1.495,10000
KSL,20200330,0.81,0.825,0.775,0.8,236562
KSN,20200330,0.11,0.11,0.1,0.1,51558
KTA,20200330,0.032,0.032,0.03,0.032,55745
KTD,20200330,0.295,0.3,0.29,0.3,142563
KTG,20200330,0.075,0.076,0.074,0.076,90705
KWR,20200330,0.11,0.11,0.11,0.11,42000
KYK,20200330,0.049,0.049,0.049,0.049,10000
KZA,20200330,0.42,0.42,0.385,0.385,185539
KZR,20200330,0.35,0.35,0.335,0.335,71156
LAA,20200330,0.014,0.015,0.014,0.015,715379
LAU,20200330,0.32,0.35,0.32,0.35,275896
LAW,20200330,0.027,0.027,0.027,0.027,996000
LBL,20200330,0.315,0.32,0.29,0.3,94500
LBT,20200330,0.105,0.115,0.1,0.1,1106267
LCK,20200330,0.09,0.09,0.09,0.09,103951
LCL,20200330,0.023,0.025,0.023,0.023,1071375
LCT,20200330,0.01,0.01,0.009,0.009,1045600
LCY,20200330,0.001,0.002,0.001,0.002,550000
LEP,20200330,3.79,3.84,3.57,3.76,1241893
LER,20200330,0.016,0.02,0.016,0.02,375000
LEX,20200330,0.175,0.175,0.17,0.17,14924
LGP,20200330,0.24,0.25,0.225,0.225,268723
LI3,20200330,0.02,0.02,0.017,0.017,30000
LIC,20200330,5.35,5.72,5.29,5.48,315354
LIN,20200330,0.014,0.014,0.013,0.013,1265000
LIT,20200330,0.036,0.038,0.036,0.037,1406104
LKE,20200330,0.029,0.031,0.029,0.031,1709442
LLC,20200330,9.5,10.26,9.5,10.26,1811582
LLO,20200330,1.45,1.45,1.45,1.45,1618
LME,20200330,1.215,1.215,1.2,1.2,1352
LNG,20200330,0.082,0.092,0.082,0.084,1478261
LNK,20200330,3.05,3.19,3.03,3.19,2193443
LNU,20200330,0.01,0.01,0.01,0.01,898004
LOM,20200330,0.069,0.07,0.068,0.069,217381
LON,20200330,0.076,0.076,0.075,0.075,99457
LOT,20200330,0.031,0.037,0.031,0.036,1320048
LOV,20200330,4.5,4.62,4.16,4.43,1357380
LPD,20200330,0.007,0.007,0.007,0.007,3266070
LPE,20200330,0.19,0.195,0.19,0.19,29000
LPI,20200330,0.12,0.12,0.115,0.12,34827
LRS,20200330,0.003,0.003,0.003,0.003,500000
LSF,20200330,0.805,0.82,0.8,0.82,1316026
LSH,20200330,0.061,0.074,0.052,0.056,5729759
LSX,20200330,0.4,0.4,0.38,0.38,15589
LTR,20200330,0.067,0.067,0.059,0.061,6832918
LVE,20200330,0.041,0.041,0.041,0.041,17441
LVH,20200330,0.084,0.084,0.083,0.083,21500
LVT,20200330,0.145,0.155,0.135,0.15,3156136
LYC,20200330,1.25,1.305,1.185,1.305,4091312
LYL,20200330,3.9,4,3.84,4,9709
M7T,20200330,0.44,0.455,0.425,0.45,65321
M8S,20200330,0.052,0.052,0.045,0.045,390961
MAD,20200330,0.72,0.72,0.72,0.72,390502
MAG,20200330,0.21,0.235,0.2,0.235,189543
MAH,20200330,0.175,0.175,0.16,0.165,5082265
MAI,20200330,0.29,0.35,0.29,0.33,118694
MAN,20200330,0.01,0.01,0.01,0.01,250000
MAQ,20200330,20.07,21,20.07,20.41,6552
MAT,20200330,0.09,0.09,0.085,0.085,521650
MAU,20200330,0.59,0.595,0.59,0.595,14500
MAY,20200330,0.004,0.004,0.004,0.004,150000
MBK,20200330,0.005,0.005,0.005,0.005,120000
MCA,20200330,0.1,0.12,0.1,0.12,228261
MCP,20200330,1.72,1.845,1.65,1.835,433386
MCR,20200330,0.485,0.51,0.482,0.5,732022
MCY,20200330,4,4,4,4,500
MDC,20200330,0.135,0.19,0.135,0.18,213565
MDI,20200330,0.007,0.007,0.007,0.007,600000
MDR,20200330,0.39,0.42,0.36,0.4,371169
MEA,20200330,0.19,0.2,0.19,0.2,82477
MEB,20200330,0.006,0.007,0.006,0.007,9734556
MEI,20200330,0.009,0.009,0.009,0.009,1373722
MEM,20200330,0.037,0.037,0.035,0.036,176667
MEP,20200330,0.025,0.025,0.025,0.025,30551
MEU,20200330,0.027,0.027,0.027,0.027,209000
MEY,20200330,0.048,0.054,0.048,0.054,81235
MEZ,20200330,3.73,3.95,3.73,3.84,7749
MFD,20200330,0.57,0.57,0.49,0.55,190396
MFF,20200330,2.5,2.54,2.45,2.54,578828
MFG,20200330,38.15,42.22,37.7,42.22,952496
MGC,20200330,0.425,0.43,0.425,0.425,92867
MGE,20200330,3.83,3.83,3.74,3.8,1644959
MGG,20200330,1.555,1.59,1.495,1.57,1746666
MGL,20200330,0.013,0.013,0.013,0.013,433779
MGR,20200330,1.92,2,1.92,2,22829314
MGT,20200330,0.002,0.002,0.001,0.001,1050000
MGV,20200330,0.085,0.085,0.085,0.085,74000
MGX,20200330,0.685,0.705,0.635,0.695,2528041
MHG,20200330,3.03,3.03,2.98,3.03,685843
MHH,20200330,1.28,1.3,1.215,1.275,765551
MHI,20200330,0.12,0.12,0.12,0.12,80000
MHJ,20200330,0.25,0.255,0.23,0.245,114679
MIL,20200330,0.235,0.235,0.235,0.235,8391
MIN,20200330,13.76,14.93,13.35,14.93,1305767
MIR,20200330,1.8,1.895,1.79,1.81,157979
MLD,20200330,0.615,0.64,0.575,0.64,624701
MLL,20200330,0.044,0.044,0.044,0.044,25000
MLM,20200330,0.01,0.01,0.01,0.01,349
MLT,20200330,3.39,3.57,3.37,3.5,378326
MLX,20200330,0.055,0.062,0.054,0.062,828516
MME,20200330,0.6,0.6,0.52,0.53,41271
MMI,20200330,0.095,0.096,0.095,0.096,122273
MMJ,20200330,0.08,0.08,0.073,0.076,307598
MML,20200330,0.52,0.52,0.475,0.48,229022
MMM,20200330,0.71,0.825,0.71,0.785,1631412
MMS,20200330,6.57,6.85,6.26,6.85,483774
MND,20200330,9,9.61,8,9.6,819923
MNF,20200330,4.5,4.5,4.4,4.47,180094
MNS,20200330,0.071,0.071,0.05,0.053,3518617
MNY,20200330,0.9,0.905,0.825,0.84,965958
MOB,20200330,0.061,0.061,0.057,0.057,153138
MOC,20200330,0.58,0.63,0.58,0.63,217102
MOE,20200330,1.65,1.8,1.61,1.65,301136
MOH,20200330,0.056,0.056,0.056,0.056,50000
MOQ,20200330,0.12,0.12,0.115,0.115,13808
MOT,20200330,1.45,1.45,1.4,1.41,67226
MOZ,20200330,0.35,0.35,0.29,0.3,376499
MP1,20200330,8.7,9.68,8.7,9.54,1026143
MPL,20200330,2.63,2.82,2.62,2.82,13514651
MPR,20200330,0.011,0.011,0.01,0.01,222076
MQG,20200330,80.07,85.74,80.06,85.65,2767649
MRC,20200330,0.17,0.175,0.17,0.175,61000
MRG,20200330,0.012,0.013,0.012,0.013,1446040
MRM,20200330,0.07,0.07,0.07,0.07,495005
MRQ,20200330,0.005,0.005,0.005,0.005,1270000
MRR,20200330,0.007,0.009,0.007,0.009,613711
MRZ,20200330,0.13,0.13,0.13,0.13,100000
MSB,20200330,1.32,1.41,1.28,1.39,3708088
MSE,20200330,0.006,0.006,0.006,0.006,408764
MSG,20200330,0.01,0.01,0.01,0.01,629400
MSV,20200330,0.32,0.32,0.295,0.3,55465
MTC,20200330,0.045,0.046,0.045,0.046,184417
MTH,20200330,0.007,0.007,0.006,0.006,590946
MTO,20200330,0.65,0.65,0.625,0.64,31087
MTS,20200330,3.06,3.27,3.06,3.27,6724147
MVA,20200330,15.38,15.38,14.8,15.1,289975
MVB,20200330,16.59,17.08,16.59,17.03,4805
MVE,20200330,20,20.94,20,20.88,75153
MVF,20200330,0.415,0.48,0.4,0.415,664442
MVP,20200330,4.85,5.16,4.73,5.07,243798
MVR,20200330,21.2,21.65,20.82,21.65,3872
MVS,20200330,13.51,13.51,13.51,13.51,88743
MVW,20200330,21.14,22.47,21.14,22.36,84675
MWR,20200330,0.075,0.076,0.075,0.076,157361
MWY,20200330,0.96,0.97,0.925,0.935,26751
MX1,20200330,0.12,0.13,0.12,0.13,1415211
MXI,20200330,0.13,0.13,0.13,0.13,20000
MXT,20200330,1.57,1.645,1.57,1.61,358510
MYE,20200330,0.57,0.57,0.57,0.57,2010
MYL,20200330,0.036,0.037,0.035,0.036,192079
MYQ,20200330,0.078,0.12,0.078,0.12,51098
MYR,20200330,0.11,0.125,0.11,0.115,10147326
MYS,20200330,3.5,3.54,3.4,3.5,143779
MYX,20200330,0.265,0.33,0.26,0.33,12518063
MZZ,20200330,0.115,0.12,0.11,0.12,103650
NAB,20200330,15.14,16.31,15.07,16.31,13189000
NAC,20200330,0.6,0.625,0.6,0.6,91811
NAG,20200330,0.036,0.036,0.036,0.036,60000
NAN,20200330,5.24,5.63,5.02,5.63,1793433
NBI,20200330,1.365,1.385,1.295,1.325,334380
NCC,20200330,0.775,0.775,0.75,0.775,3098
NCK,20200330,3.08,3.16,2.9,3,629658
NCM,20200330,23.9,24.51,23.61,24.51,4973790
NCZ,20200330,0.072,0.072,0.067,0.067,1333406
NDQ,20200330,20.69,21.04,20.51,21.04,141576
NEA,20200330,0.995,1.082,0.975,1.075,4193264
NEC,20200330,0.95,1.06,0.93,1.05,9595631
NEU,20200330,1,1.055,0.985,1,57730
NEW,20200330,1,1.01,0.99,1,198763
NGI,20200330,2.12,2.16,1.99,2.16,255975
NHC,20200330,1.27,1.365,1.25,1.36,2977109
NHF,20200330,5.04,5.35,4.91,5.35,1900656
NIC,20200330,0.43,0.47,0.425,0.47,12052164
NML,20200330,0.074,0.075,0.071,0.074,97554
NMT,20200330,0.145,0.145,0.14,0.14,47114
NNW,20200330,0.049,0.049,0.048,0.048,19082
NOR,20200330,0.027,0.027,0.027,0.027,61088
NSB,20200330,0.19,0.19,0.165,0.165,32000
NSR,20200330,1.505,1.595,1.505,1.58,3957720
NST,20200330,10.45,11.4,10.09,11.4,5559344
NSX,20200330,0.12,0.12,0.12,0.12,30000
NTD,20200330,0.25,0.255,0.25,0.255,7989
NTI,20200330,0.004,0.004,0.004,0.004,458168
NTL,20200330,0.005,0.005,0.005,0.005,45872
NTM,20200330,0.052,0.052,0.05,0.052,196627
NTO,20200330,0.98,1,0.91,0.97,100332
NTU,20200330,0.024,0.024,0.022,0.023,1815453
NUC,20200330,1.7,1.8,1.7,1.755,42143
NUF,20200330,4.63,4.89,4.59,4.86,1746336
NUH,20200330,0.015,0.015,0.012,0.013,618600
NUS,20200330,0.22,0.22,0.22,0.22,36000
NVA,20200330,0.025,0.025,0.023,0.024,3910457
NVO,20200330,0.007,0.007,0.007,0.007,1400000
NVX,20200330,0.34,0.34,0.33,0.33,10000
NWE,20200330,0.003,0.003,0.002,0.003,370510
NWF,20200330,0.15,0.15,0.15,0.15,23249
NWH,20200330,1.21,1.215,1.15,1.165,3285292
NWL,20200330,6.5,6.78,6.14,6.64,781467
NWS,20200330,13.52,14.4,13.52,14.4,391782
NXE,20200330,0.007,0.007,0.007,0.007,223000
NXM,20200330,0.041,0.041,0.04,0.04,136200
NXS,20200330,1.22,1.245,1.12,1.205,124709
NXT,20200330,7.86,9.01,7.83,9.01,3180146
NYR,20200330,0.115,0.13,0.115,0.13,14456
NZM,20200330,0.18,0.18,0.17,0.17,465195
NZS,20200330,0.01,0.012,0.01,0.012,1427990
OAR,20200330,0.002,0.002,0.002,0.002,9168333
OAU,20200330,0.012,0.012,0.01,0.01,1047878
OBM,20200330,0.11,0.12,0.105,0.12,288347
OCA,20200330,0.66,0.66,0.66,0.66,50000
OCC,20200330,0.22,0.24,0.22,0.24,888905
OCL,20200330,4.9,5.01,4.86,5.01,43636
ODA,20200330,0.135,0.14,0.135,0.14,21905
ODM,20200330,0.027,0.027,0.026,0.026,150000
OEC,20200330,0.45,0.455,0.435,0.435,9705
OEX,20200330,0.001,0.001,0.001,0.001,40000
OFX,20200330,1.165,1.215,1.165,1.2,351929
OGC,20200330,1.7,1.73,1.66,1.7,395337
OKR,20200330,0.041,0.041,0.04,0.04,811192
OKU,20200330,0.16,0.16,0.16,0.16,47241
OLI,20200330,0.046,0.056,0.046,0.047,218607
OLL,20200330,0.255,0.265,0.245,0.25,1047238
OMH,20200330,0.315,0.315,0.295,0.3,354097
OML,20200330,0.61,0.645,0.55,0.585,10327328
ONE,20200330,0.038,0.038,0.035,0.035,103563
ONT,20200330,4.8,5.1,4.8,4.95,1200
OOO,20200330,5.5,5.6,5.14,5.32,1506204
OPC,20200330,3.95,4.1,3.89,4.1,7461
OPH,20200330,1.965,2,1.885,1.97,298170
OPT,20200330,1.8,1.82,1.685,1.73,646481
OPY,20200330,0.48,0.5,0.47,0.5,81045
ORA,20200330,2.41,2.57,2.38,2.57,3888594
ORE,20200330,2.01,2.12,1.99,2.1,1013792
ORG,20200330,4.3,4.45,4.2,4.43,10412360
ORI,20200330,15.21,16.36,14.82,16.31,1245550
ORN,20200330,0.011,0.011,0.01,0.011,1636914
ORR,20200330,0.235,0.27,0.23,0.24,128797
OSH,20200330,2.28,2.48,2.22,2.33,14972724
OSL,20200330,0.125,0.135,0.125,0.13,1189099
OSP,20200330,0.012,0.012,0.012,0.012,175870
OSX,20200330,0.34,0.37,0.34,0.37,19483
OTW,20200330,2.36,2.61,2.36,2.6,20729
OVH,20200330,0.155,0.16,0.15,0.16,251971
OVN,20200330,0.23,0.245,0.22,0.23,91323
OZF,20200330,12.81,13.22,12.81,13.22,144914
OZL,20200330,7.08,7.245,6.92,7.22,1675084
OZR,20200330,8.53,8.64,8.53,8.64,42816
PAA,20200330,0.062,0.062,0.057,0.062,276403
PAB,20200330,0.013,0.013,0.012,0.012,725900
PAC,20200330,4.31,4.45,4.095,4.43,76891
PAF,20200330,0.695,0.695,0.65,0.695,37000
PAI,20200330,0.94,0.95,0.93,0.95,357586
PAK,20200330,0.016,0.016,0.016,0.016,45500
PAL,20200330,0.55,0.55,0.45,0.48,128126
PAN,20200330,0.12,0.12,0.11,0.115,899124
PAR,20200330,1.59,1.62,1.485,1.565,906143
PBH,20200330,1.8,2.06,1.78,2.03,1754629
PBP,20200330,1.75,1.9,1.75,1.89,116782
PCG,20200330,0.86,0.86,0.86,0.86,4000
PCI,20200330,0.885,0.89,0.86,0.86,107836
PCK,20200330,0.08,0.08,0.075,0.076,952225
PCL,20200330,0.001,0.001,0.001,0.001,352500
PDI,20200330,0.005,0.005,0.005,0.005,24285
PDL,20200330,3.94,4.35,3.88,4.35,2500397
PDN,20200330,0.055,0.062,0.053,0.056,9201157
PE1,20200330,1.3,1.37,1.3,1.37,185286
PEK,20200330,0.02,0.025,0.02,0.024,1247617
PEN,20200330,0.098,0.125,0.094,0.11,1687881
PET,20200330,0.405,0.475,0.405,0.475,2009241
PEX,20200330,0.115,0.115,0.115,0.115,24000
PFP,20200330,2.42,2.42,2.2,2.38,80783
PG1,20200330,0.08,0.08,0.071,0.071,17160
PGC,20200330,0.12,0.14,0.12,0.13,661952
PGF,20200330,0.85,0.855,0.84,0.855,370863
PGG,20200330,1.535,1.55,1.48,1.5,181949
PGH,20200330,1.51,1.525,1.385,1.445,1111589
PGL,20200330,0.5,0.5,0.49,0.49,107829
PGM,20200330,0.013,0.013,0.012,0.013,841080
PGX,20200330,0.155,0.155,0.145,0.145,207000
PIA,20200330,0.88,0.91,0.875,0.905,262133
PIC,20200330,0.71,0.77,0.7,0.76,193592
PIO,20200330,0.009,0.009,0.008,0.008,943889
PIQ,20200330,0.23,0.24,0.23,0.24,53757
PKS,20200330,0.1,0.1,0.087,0.096,413985
PL8,20200330,0.84,0.85,0.825,0.84,325709
PLL,20200330,0.074,0.074,0.07,0.07,136636
PLS,20200330,0.165,0.17,0.155,0.17,8965214
PM1,20200330,0.01,0.01,0.01,0.01,479778
PM8,20200330,0.125,0.125,0.11,0.11,103671
PMC,20200330,1.3,1.31,1.23,1.26,172849
PME,20200330,18.31,20.1,18.31,19.55,625955
PMV,20200330,10.39,11.41,10.145,11.18,704163
PMY,20200330,0.003,0.003,0.003,0.003,2275895
PNC,20200330,0.34,0.365,0.33,0.365,56701
PNI,20200330,2.61,2.66,2.43,2.66,1886688
PNR,20200330,0.084,0.089,0.082,0.082,404978
PNV,20200330,1.54,1.685,1.525,1.685,3737478
PNX,20200330,0.004,0.004,0.004,0.004,1200000
PO3,20200330,2,2.15,2,2.15,4485
POD,20200330,0.019,0.02,0.019,0.02,199252
POS,20200330,0.032,0.032,0.027,0.029,2180172
POU,20200330,19.81,19.81,19.76,19.78,6242
PPC,20200330,0.705,0.8,0.645,0.76,1116281
PPE,20200330,1.03,1.225,0.98,1.18,482661
PPG,20200330,0.08,0.08,0.08,0.08,87500
PPH,20200330,3.19,3.28,3.1,3.19,148385
PPK,20200330,1.9,2.1,1.9,1.95,188973
PPL,20200330,0.005,0.005,0.004,0.004,312945
PPS,20200330,0.225,0.235,0.21,0.23,1338690
PPT,20200330,22.5,24.18,22.02,23.87,277690
PPY,20200330,0.013,0.013,0.013,0.013,44805
PRN,20200330,0.56,0.565,0.5,0.53,17001898
PRO,20200330,0.38,0.41,0.38,0.4,67000
PRT,20200330,0.105,0.105,0.1,0.105,333365
PRU,20200330,0.93,1.01,0.912,1.01,7975497
PRX,20200330,0.045,0.045,0.04,0.042,442153
PSI,20200330,2.15,2.16,2.15,2.16,20349
PSQ,20200330,0.8,0.805,0.705,0.745,452933
PSZ,20200330,0.016,0.016,0.016,0.016,377480
PTB,20200330,0.4,0.4,0.37,0.385,66561
PTL,20200330,0.37,0.37,0.365,0.365,5855
PTM,20200330,3.26,3.45,3.15,3.45,1571282
PTR,20200330,0.028,0.028,0.027,0.027,70000
PTX,20200330,0.027,0.027,0.027,0.027,35000
PUR,20200330,0.003,0.003,0.003,0.003,100000
PVS,20200330,0.95,1,0.94,1,21700
PWG,20200330,0.815,0.815,0.79,0.795,77942
PWH,20200330,3.3,3.39,3.3,3.34,140700
PXS,20200330,0.077,0.083,0.077,0.082,252871
PXX,20200330,0.013,0.013,0.013,0.013,278700
QAG,20200330,5.1,5.17,5.09,5.17,4980
QAN,20200330,3.14,3.22,2.91,3.2,15047069
QAU,20200330,16.12,16.25,15.99,15.99,125457
QBE,20200330,8.06,8.6,7.87,8.6,4701645
QCB,20200330,6.07,6.07,6.06,6.06,1293
QFE,20200330,0.175,0.18,0.16,0.18,228949
QFN,20200330,7.15,7.55,7.11,7.55,10628
QFY,20200330,0.002,0.002,0.001,0.001,1250000
QGL,20200330,0.035,0.035,0.035,0.035,61000
QHL,20200330,0.066,0.068,0.06,0.06,652692
QIP,20200330,1.04,1.04,1,1.032,18909
QOZ,20200330,9.6,10.08,9.6,9.97,132648
QRE,20200330,4.68,4.83,4.63,4.83,36940
QRI,20200330,1.26,1.29,1.25,1.25,164832
QUB,20200330,2.1,2.25,2.06,2.25,4853824
QUS,20200330,31.12,31.91,31.11,31.91,11797
QVE,20200330,0.7,0.7,0.685,0.685,188125
RAC,20200330,0.24,0.24,0.23,0.23,27134
RAG,20200330,0.003,0.003,0.003,0.003,111111
RAP,20200330,0.18,0.225,0.18,0.205,29291032
RBL,20200330,0.53,0.6,0.505,0.595,459636
RBR,20200330,0.005,0.008,0.005,0.008,57838
RCB,20200330,20.43,20.55,20,20.55,123149
RCE,20200330,0.265,0.285,0.25,0.25,246102
RCL,20200330,0.31,0.32,0.285,0.285,148777
RDC,20200330,0.59,0.6,0.555,0.58,1070421
RDG,20200330,0.015,0.015,0.015,0.015,400000
RDH,20200330,0.77,0.77,0.725,0.76,170
RDM,20200330,0.05,0.05,0.05,0.05,76345
RDV,20200330,19.69,20.59,19.69,20.59,3890
RDY,20200330,1.03,1.035,1,1,86999
REA,20200330,71.56,81.2,71.4,81.2,390493
RED,20200330,0.2,0.21,0.182,0.195,24438094
REE,20200330,0.015,0.015,0.015,0.015,50667
REG,20200330,1.21,1.445,1.145,1.445,2127657
REH,20200330,8.88,9.02,8.72,8.98,206268
RES,20200330,0.05,0.051,0.048,0.051,252529
REX,20200330,0.615,0.68,0.615,0.66,1112097
REZ,20200330,0.008,0.009,0.008,0.009,917700
RF1,20200330,1.525,1.585,1.52,1.55,5437
RFF,20200330,1.87,1.9,1.847,1.9,577557
RFG,20200330,0.035,0.035,0.026,0.031,6042320
RFN,20200330,0.001,0.001,0.001,0.001,333334
RFR,20200330,0.05,0.05,0.05,0.05,200000
RFT,20200330,0.025,0.025,0.024,0.024,75000
RFX,20200330,0.028,0.028,0.026,0.028,424937
RGB,20200330,23.56,23.77,23.56,23.76,4186
RGS,20200330,0.075,0.075,0.067,0.074,64900
RHC,20200330,52.65,58.33,52.65,58.33,630485
RHP,20200330,1.5,1.5,1.36,1.425,147142
RHT,20200330,0.1,0.1,0.095,0.098,1630396
RIC,20200330,0.72,0.73,0.665,0.665,210552
RIM,20200330,0.003,0.003,0.002,0.003,5105813
RIO,20200330,84.68,87.54,83.78,87.54,1887664
RKN,20200330,0.51,0.515,0.48,0.515,31591
RLE,20200330,0.013,0.013,0.013,0.013,100000
RLT,20200330,1.05,1.05,0.97,1.02,12750
RMC,20200330,0.54,0.55,0.475,0.5,521189
RMD,20200330,22.61,24.12,22.61,24.12,1942171
RML,20200330,0.04,0.042,0.038,0.042,342957
RMP,20200330,0.01,0.01,0.009,0.009,1464558
RMS,20200330,1,1.065,0.955,1.045,4734686
RNE,20200330,0.02,0.02,0.02,0.02,6905
RNO,20200330,0.075,0.075,0.07,0.073,383050
RNU,20200330,0.005,0.005,0.005,0.005,65000
ROG,20200330,0.001,0.001,0.001,0.001,55703525
ROO,20200330,0.01,0.01,0.009,0.01,528758
RRL,20200330,3.6,3.93,3.6,3.93,4331937
RSG,20200330,0.89,0.932,0.85,0.925,8513911
RSM,20200330,21.5,21.55,21.5,21.55,17840
RTG,20200330,0.055,0.055,0.055,0.055,253906
RTR,20200330,0.048,0.05,0.048,0.05,324381
RUL,20200330,0.72,0.74,0.68,0.74,128167
RVR,20200330,0.05,0.052,0.05,0.051,1239948
RWC,20200330,2.28,2.405,2.14,2.39,4823601
RXL,20200330,0.017,0.017,0.016,0.016,2551900
RXM,20200330,0.03,0.033,0.03,0.032,788000
RXP,20200330,0.22,0.22,0.2,0.22,269587
RZI,20200330,0.39,0.46,0.39,0.44,70219
S2R,20200330,0.08,0.082,0.075,0.075,155000
S32,20200330,1.78,1.86,1.73,1.86,20887367
SAR,20200330,3.53,3.79,3.42,3.78,9251988
SAU,20200330,0.12,0.12,0.12,0.12,24500
SBM,20200330,2.1,2.27,2.02,2.27,5854281
SBR,20200330,0.001,0.001,0.001,0.001,1000000
SBW,20200330,0.065,0.066,0.065,0.066,136000
SCG,20200330,1.51,1.52,1.385,1.475,53711700
SCI,20200330,0.005,0.005,0.005,0.005,1352800
SCL,20200330,0.01,0.011,0.009,0.011,1569064
SCP,20200330,2.28,2.4,2.17,2.29,5290665
SCU,20200330,0.01,0.01,0.01,0.01,90000
SDF,20200330,2.51,2.62,2.44,2.62,4373909
SDG,20200330,1.165,1.165,1.065,1.07,47081
SDI,20200330,0.75,0.78,0.72,0.775,158432
SDV,20200330,0.385,0.39,0.35,0.365,182585
SDX,20200330,0.022,0.022,0.022,0.022,100000
SE1,20200330,0.004,0.004,0.004,0.004,350000
SEC,20200330,1.1,1.135,1.1,1.135,27482
SEI,20200330,0.029,0.03,0.029,0.029,758253
SEK,20200330,13.5,15,13.44,14.94,2448122
SEN,20200330,0.04,0.042,0.04,0.042,255610
SER,20200330,0.004,0.004,0.003,0.004,3564375
SES,20200330,0.052,0.052,0.052,0.052,10000
SFC,20200330,10.7,10.8,10.05,10.05,7105
SFG,20200330,0.032,0.038,0.032,0.038,973482
SFR,20200330,3.08,3.22,2.94,3.22,1150589
SFX,20200330,0.07,0.074,0.07,0.07,442259
SFY,20200330,45,47.46,45,46.94,225452
SGC,20200330,0.009,0.009,0.009,0.009,105347
SGF,20200330,1.125,1.215,1.1,1.19,186471
SGH,20200330,0.685,0.685,0.65,0.65,32641
SGM,20200330,5.76,6.16,5.72,6.16,672455
SGP,20200330,2.17,2.31,2.145,2.31,23033297
SGQ,20200330,0.061,0.061,0.057,0.06,1767166
SGR,20200330,2,2.08,1.92,2.04,7844424
SHJ,20200330,0.7,0.705,0.66,0.7,54104
SHL,20200330,22.7,24.48,22.69,24.48,1983273
SHM,20200330,0.41,0.42,0.39,0.42,95876
SHO,20200330,0.005,0.005,0.003,0.003,115000
SHV,20200330,7,7.38,6.9,7.26,279916
SIG,20200330,0.63,0.645,0.605,0.62,2894548
SIO,20200330,0.215,0.215,0.215,0.215,17000
SIQ,20200330,4.6,4.87,4.41,4.85,1455445
SIS,20200330,0.015,0.015,0.015,0.015,200000
SIT,20200330,0.024,0.025,0.024,0.025,341386
SIV,20200330,0.36,0.36,0.35,0.35,56155
SKC,20200330,1.69,1.77,1.66,1.77,1231812
SKF,20200330,0.095,0.096,0.094,0.096,130992
SKI,20200330,1.88,1.97,1.87,1.97,5708868
SKO,20200330,1.845,1.845,1.575,1.7,67048
SKT,20200330,0.29,0.3,0.28,0.3,151097
SKY,20200330,0.155,0.18,0.155,0.175,593569
SLC,20200330,0.535,0.535,0.5,0.51,466768
SLF,20200330,8.24,8.63,8.24,8.63,66010
SLK,20200330,2.8,2.96,2.8,2.93,83297
SLM,20200330,0.765,0.765,0.765,0.765,1396
SLR,20200330,1.335,1.46,1.29,1.46,9438496
SLX,20200330,0.24,0.26,0.22,0.23,53300
SM1,20200330,5.4,5.89,5.36,5.85,141006
SM8,20200330,0.084,0.087,0.081,0.087,198023
SMC,20200330,0.38,0.38,0.38,0.38,1500
SMN,20200330,0.44,0.45,0.395,0.41,175053
SMP,20200330,0.31,0.31,0.257,0.28,519325
SMR,20200330,0.74,0.78,0.74,0.78,218166
SNC,20200330,0.53,0.53,0.5,0.51,304962
SNL,20200330,3.4,3.4,3.4,3.4,453
SNS,20200330,0.057,0.058,0.056,0.056,58250
SNZ,20200330,5.36,5.36,5.01,5.01,283
SO4,20200330,0.365,0.37,0.36,0.365,158942
SOL,20200330,17.91,18,17.05,17.6,641568
SOM,20200330,1.15,1.15,1.04,1.09,53856
SP3,20200330,0.055,0.061,0.05,0.061,197366
SPK,20200330,4.01,4.1,3.96,4.1,1265094
SPL,20200330,0.76,0.775,0.735,0.775,218718
SPT,20200330,0.315,0.325,0.3,0.315,553600
SPX,20200330,0.115,0.12,0.115,0.12,432124
SPY,20200330,410.01,412.62,404.5,412.62,487
SPZ,20200330,0.079,0.079,0.078,0.078,51500
SRG,20200330,0.21,0.22,0.21,0.22,54000
SRI,20200330,0.028,0.028,0.028,0.028,37860
SRK,20200330,0.03,0.03,0.03,0.03,14217
SRV,20200330,2.15,2.23,2.05,2.2,54077
SRZ,20200330,0.009,0.009,0.008,0.008,256443
SSG,20200330,0.285,0.285,0.28,0.28,105882
SSM,20200330,1.735,1.835,1.7,1.825,2944015
SSO,20200330,10.75,10.97,10.75,10.97,1558
ST1,20200330,0.14,0.145,0.13,0.13,143458
STA,20200330,0.081,0.081,0.081,0.081,20008
STG,20200330,0.63,0.63,0.63,0.63,4000
STM,20200330,0.007,0.007,0.007,0.007,275800
STN,20200330,0.29,0.32,0.28,0.32,172621
STO,20200330,3.35,3.38,3.2,3.38,16935775
STW,20200330,44.78,47.94,44.36,47.94,563568
STX,20200330,0.105,0.105,0.1,0.105,501526
SUD,20200330,0.049,0.049,0.042,0.042,407436
SUL,20200330,4.15,4.49,3.95,4.49,1543196
SUN,20200330,8.24,9.1,8.24,9.1,4763370
SVA,20200330,0.013,0.014,0.013,0.014,42857
SVL,20200330,0.077,0.077,0.071,0.072,3820677
SVM,20200330,0.095,0.095,0.095,0.095,140001
SVW,20200330,11.66,12.01,10.93,12.01,1008488
SVY,20200330,0.38,0.425,0.36,0.425,209354
SWF,20200330,0.1,0.11,0.1,0.105,562915
SWK,20200330,0.1,0.1,0.098,0.098,236348
SWM,20200330,0.077,0.08,0.072,0.073,4263903
SXA,20200330,0.05,0.05,0.05,0.05,15763
SXE,20200330,0.425,0.425,0.415,0.415,23610
SXY,20200330,0.155,0.17,0.15,0.16,4999787
SYA,20200330,0.007,0.007,0.007,0.007,155490
SYD,20200330,5.98,6.01,5.76,5.95,11267898
SYI,20200330,20.22,21.27,20.22,21.27,10893
SYR,20200330,0.25,0.265,0.235,0.235,4625263
SZL,20200330,0.585,0.59,0.515,0.555,279868
TAH,20200330,2.34,2.45,2.32,2.45,11245292
TAM,20200330,0.038,0.04,0.038,0.04,311636
TAP,20200330,0.064,0.064,0.064,0.064,20000
TAS,20200330,0.023,0.023,0.023,0.023,36000
TBL,20200330,0.14,0.145,0.13,0.13,133524
TBR,20200330,4.98,5,4.73,4.73,15524
TCL,20200330,11.55,12.15,11.49,12.15,10750269
TD1,20200330,0.019,0.02,0.019,0.019,1671229
TDI,20200330,1.4,1.4,1.32,1.345,46300
TDY,20200330,0.08,0.08,0.08,0.08,25000
TEG,20200330,0.026,0.026,0.026,0.026,75000
TEK,20200330,0.17,0.17,0.16,0.16,125000
TER,20200330,0.13,0.15,0.12,0.145,2059506
TGA,20200330,0.045,0.05,0.045,0.048,2425889
TGF,20200330,0.84,0.935,0.84,0.93,69081
TGG,20200330,1.04,1.06,1.04,1.05,189057
TGM,20200330,0.19,0.2,0.18,0.2,135799
TGN,20200330,0.13,0.135,0.13,0.135,17692
TGO,20200330,0.06,0.06,0.06,0.06,2301
TGP,20200330,0.915,0.92,0.825,0.845,207723
TGR,20200330,3.19,3.51,3.14,3.51,1753458
THC,20200330,0.205,0.205,0.195,0.195,273404
TIE,20200330,0.195,0.2,0.195,0.2,260384
TIP,20200330,0.54,0.56,0.54,0.55,40144
TKL,20200330,0.003,0.003,0.002,0.002,300000
TLG,20200330,0.265,0.27,0.245,0.26,161140
TLM,20200330,0.062,0.062,0.062,0.062,19000
TLS,20200330,3.01,3.25,3.01,3.25,35604185
TLT,20200330,2.9,2.9,2.9,2.9,645
TLX,20200330,0.9,0.92,0.83,0.92,590070
TMR,20200330,0.11,0.12,0.11,0.12,66374
TMT,20200330,0.07,0.07,0.065,0.065,133791
TMX,20200330,0.002,0.003,0.002,0.003,1799997
TNE,20200330,7.5,8.12,7.32,8.12,1288754
TNG,20200330,0.05,0.05,0.05,0.05,120000
TNK,20200330,0.655,0.7,0.65,0.7,24590
TNR,20200330,0.009,0.009,0.008,0.008,1736111
TNT,20200330,0.038,0.042,0.038,0.041,1355805
TNY,20200330,0.91,1,0.91,0.945,40815
TOE,20200330,0.004,0.005,0.004,0.005,2848161
TON,20200330,0.026,0.029,0.026,0.029,498394
TOP,20200330,0.36,0.36,0.35,0.355,84694
TOT,20200330,0.825,0.825,0.77,0.805,24322
TPC,20200330,0.82,0.82,0.82,0.82,637
TPM,20200330,6.57,7.1,6.57,7.1,1115726
TPW,20200330,2.11,2.2,1.96,2.05,84225
TRL,20200330,0.018,0.018,0.016,0.016,294916
TRS,20200330,2.57,2.59,2.46,2.55,71649
TRY,20200330,0.071,0.071,0.065,0.066,792093
TSC,20200330,0.004,0.004,0.003,0.003,6194011
TSL,20200330,0.05,0.051,0.05,0.05,78105
TSO,20200330,0.029,0.029,0.027,0.029,1305987
TTB,20200330,0.3,0.3,0.285,0.285,97737
TTI,20200330,0.012,0.012,0.012,0.012,100000
TTM,20200330,0.067,0.067,0.067,0.067,64977
TTT,20200330,0.53,0.555,0.505,0.505,919274
TWD,20200330,2.8,2.8,2.7,2.7,5505
TWE,20200330,9.15,9.84,8.81,9.83,7979550
TWR,20200330,0.54,0.54,0.54,0.54,84
TYM,20200330,0.01,0.01,0.01,0.01,32783
TYR,20200330,1.515,1.69,1.5,1.66,3760018
TZL,20200330,0.05,0.05,0.05,0.05,5000
TZN,20200330,0.029,0.029,0.025,0.025,353794
UBA,20200330,16.19,17.06,16.19,17.06,2511
UBE,20200330,20.43,20.43,20.15,20.24,2032
UBI,20200330,0.14,0.14,0.14,0.14,122134
UBN,20200330,0.037,0.038,0.036,0.037,1273439
UBP,20200330,27.7,27.7,26.73,27.58,4007
UBW,20200330,25.88,26.74,25.88,26.68,19903
UCM,20200330,0.23,0.25,0.23,0.25,373692
UMG,20200330,4.05,4.72,3.97,4.72,2117519
UNV,20200330,0.145,0.15,0.145,0.15,431379
UOS,20200330,0.615,0.62,0.61,0.61,25942
URW,20200330,4.73,4.9,4.73,4.9,1539072
USD,20200330,15.86,15.89,15.74,15.8,339387
UUV,20200330,0.001,0.001,0.001,0.001,5500000
UWL,20200330,1.02,1.105,1.005,1.105,947149
VAE,20200330,62.54,62.95,61.2,62.42,9260
VAF,20200330,52.66,52.78,52.45,52.45,168078
VAH,20200330,0.076,0.083,0.076,0.08,3683357
VAN,20200330,0.105,0.105,0.105,0.105,209350
VAP,20200330,54.72,56,53.9,56,123398
VAS,20200330,61.99,65.9,61.26,65.9,1040043
VCF,20200330,47.1,47.25,47.1,47.25,2485
VCX,20200330,0.945,0.975,0.905,0.975,39748020
VEA,20200330,1.23,1.27,1.18,1.27,2611391
VEN,20200330,0.052,0.053,0.049,0.05,542634
VEQ,20200330,49.62,50.09,48.92,49.76,5188
VEU,20200330,66.04,66.1,64.17,65.93,214591
VG1,20200330,2.17,2.2,2.06,2.2,863068
VG8,20200330,2.1,2.17,2.09,2.14,159918
VGB,20200330,54,54.13,53.74,54.01,42207
VGE,20200330,60.32,60.54,58.5,60.47,22512
VGI,20200330,8.7,8.95,8.4,8.9,10198
VGL,20200330,1.26,1.295,1.2,1.2,10410
VGS,20200330,71.82,72.2,70.03,72.02,977504
VHT,20200330,0.98,1.025,0.94,0.97,441595
VHY,20200330,43.76,45.13,42.54,45,89557
VIC,20200330,0.001,0.001,0.001,0.001,1685050
VIF,20200330,51.89,51.89,51.2,51.2,81556
VLC,20200330,52,53.6,51,53.6,5869
VLT,20200330,0.13,0.14,0.13,0.14,80436
VMC,20200330,0.135,0.14,0.135,0.14,22500
VML,20200330,0.006,0.006,0.006,0.006,4133333
VMS,20200330,0.01,0.01,0.009,0.009,327119
VMT,20200330,0.14,0.155,0.14,0.15,413723
VMX,20200330,0.175,0.18,0.16,0.18,175499
VMY,20200330,0.024,0.036,0.024,0.03,4219913
VOC,20200330,2.11,2.31,2.11,2.31,2339808
VOR,20200330,0.004,0.005,0.004,0.004,7974733
VR1,20200330,0.015,0.018,0.015,0.016,2120062
VRC,20200330,0.005,0.005,0.005,0.005,567009
VRL,20200330,1.17,1.19,1,1.12,704080
VRS,20200330,0.022,0.022,0.022,0.022,499
VRT,20200330,1.58,1.605,1.505,1.56,491847
VRX,20200330,0.065,0.065,0.065,0.065,15385
VSO,20200330,40.84,42.7,40.6,42.7,16656
VTG,20200330,0.69,0.69,0.645,0.65,217711
VTH,20200330,0.65,0.66,0.61,0.64,248840
VTS,20200330,209.36,209.36,201.72,206.85,119231
VUK,20200330,1.22,1.29,1.2,1.29,3276890
VUL,20200330,0.17,0.17,0.15,0.155,759303
VVA,20200330,0.99,0.99,0.91,0.915,104406
VVR,20200330,2.23,2.34,2.17,2.33,8182260
VYS,20200330,0.04,0.04,0.04,0.04,162000
WAA,20200330,0.75,0.76,0.75,0.76,21315
WAF,20200330,0.44,0.46,0.43,0.435,6248641
WAM,20200330,1.7,1.79,1.67,1.75,767285
WAX,20200330,1.15,1.2,1.145,1.155,223796
WBC,20200330,15.15,16.16,15.15,16.16,13940674
WBE,20200330,0.003,0.003,0.003,0.003,2247500
WBT,20200330,0.235,0.24,0.235,0.24,42711
WEC,20200330,0.065,0.065,0.065,0.065,1900
WEL,20200330,0.018,0.018,0.018,0.018,195329
WES,20200330,32.5,35.89,32.37,35.89,3109600
WGB,20200330,1.6,1.65,1.56,1.59,148063
WGN,20200330,0.735,0.85,0.735,0.84,721303
WGO,20200330,0.1,0.1,0.094,0.094,317015
WGX,20200330,1.82,1.89,1.74,1.89,1700370
WHC,20200330,1.795,1.99,1.75,1.965,10879618
WHF,20200330,3.99,4.05,3.9,4.05,47566
WHK,20200330,0.036,0.037,0.032,0.037,1052544
WKT,20200330,0.125,0.125,0.12,0.12,30347
WLD,20200330,0.045,0.045,0.044,0.045,327294
WLE,20200330,0.9,0.965,0.895,0.965,1220102
WMI,20200330,1.035,1.035,0.965,1,287431
WML,20200330,0.008,0.008,0.008,0.008,411410
WNB,20200330,0.006,0.006,0.005,0.005,18099793
WNR,20200330,0.23,0.25,0.23,0.25,167261
WOA,20200330,0.11,0.11,0.1,0.1,53587
WOR,20200330,5.79,5.96,5.48,5.96,2236576
WOW,20200330,34.37,38.14,34.37,38.14,3750817
WPL,20200330,16.86,17.97,16.85,17.97,7452111
WPP,20200330,0.26,0.26,0.205,0.21,1593371
WQG,20200330,0.95,0.975,0.91,0.955,290301
WRM,20200330,0.003,0.004,0.003,0.004,1710803
WSA,20200330,1.83,1.885,1.725,1.87,3555792
WSI,20200330,0.012,0.012,0.012,0.012,754945
WSP,20200330,1.22,1.225,1.1,1.1,62531
WTC,20200330,14.65,15.85,14.15,15.85,1575552
WZR,20200330,0.083,0.09,0.083,0.09,6974594
XCD,20200330,0.005,0.005,0.005,0.005,100000
XF1,20200330,0.12,0.12,0.1,0.115,143808
XPE,20200330,0.001,0.001,0.001,0.001,100000
XPL,20200330,0.052,0.052,0.052,0.052,20000
XRF,20200330,0.145,0.145,0.145,0.145,27857
XRO,20200330,65,68.1,65,68,742461
XTD,20200330,0.023,0.023,0.023,0.023,26823
XTE,20200330,0.41,0.415,0.41,0.41,63936
YAL,20200330,2.1,2.1,2.04,2.07,54265
YOJ,20200330,0.017,0.019,0.017,0.017,1050381
YOW,20200330,0.038,0.038,0.036,0.036,74000
YPB,20200330,0.002,0.002,0.002,0.002,1752525
YRL,20200330,0.14,0.14,0.13,0.13,90000
Z1P,20200330,1.425,1.525,1.415,1.47,5899565
ZEL,20200330,2.78,2.9,2.68,2.72,141717
ZEN,20200330,0.84,0.86,0.82,0.86,61268
ZLD,20200330,0.033,0.033,0.03,0.032,605608
ZMI,20200330,0.026,0.026,0.026,0.026,6685
ZNO,20200330,1.6,1.715,1.565,1.67,2884101
XAF,20200330,4817.3,5172.5,4805.9,5172.5,0
XAO,20200330,4874.2,5194,4862.2,5194,0
XAT,20200330,4787.7,5124.1,4778.5,5124.1,0
XDJ,20200330,1754.4,1896.7,1748.4,1896.7,0
XEC,20200330,877.8,888.5,869.8,888.5,0
XEJ,20200330,5644.3,5852.7,5528,5852.7,0
XFJ,20200330,3935.7,4282,3933.5,4282,0
XFL,20200330,4853.3,5209.7,4842.3,5209.7,0
XGD,20200330,6050.9,6255.9,5836.1,6255.9,0
XHJ,20200330,38487.6,42884.1,38487.6,42884.1,0
XIJ,20200330,991.6,1045.3,981.5,1045.3,0
XJO,20200330,4842.4,5181.4,4833.1,5181.4,0
XJR,20200330,3450.8,3584.3,3362.4,3584.3,0
XKO,20200330,4798.2,5127.4,4788.9,5127.4,0
XMD,20200330,4947.6,5257.1,4917.3,5257.1,0
XMJ,20200330,10517.5,10941,10269.1,10941,0
XMM,20200330,3495.4,3629.2,3401.9,3629.2,0
XNJ,20200330,4937.9,5109.8,4804,5109.8,0
XPJ,20200330,959,993.8,943.8,993.8,0
XSJ,20200330,11490.5,12401.4,11470.6,12401.4,0
XSO,20200330,2013,2093.4,1981.1,2093.4,0
XTJ,20200330,1015.2,1087.1,1011.7,1087.1,0
XTL,20200330,2762.4,2980.6,2753.2,2980.6,0
XTO,20200330,4018.1,4307.1,4010.1,4307.1,0
XUJ,20200330,6918.1,7345,6918.1,7345,0
XXJ,20200330,4389.6,4775.9,4387.2,4775.9,0
