360,20200505,1.965,1.97,1.95,1.97,43168
14D,20200505,0.14,0.145,0.14,0.145,176312
1AD,20200505,0.068,0.07,0.063,0.068,334165
1ST,20200505,0.029,0.03,0.029,0.03,547413
2BE,20200505,0.1,0.1,0.1,0.1,50000
3DA,20200505,0.16,0.16,0.16,0.16,31696
3DP,20200505,0.035,0.035,0.032,0.033,1514656
3PL,20200505,0.765,0.765,0.76,0.765,5468
4DS,20200505,0.052,0.052,0.048,0.048,1109785
5GN,20200505,0.895,0.895,0.87,0.875,322379
88E,20200505,0.006,0.006,0.005,0.005,9969806
8CO,20200505,0.059,0.059,0.059,0.059,10000
8IH,20200505,0.099,0.1,0.099,0.1,23301
9SP,20200505,0.016,0.016,0.016,0.016,735667
A2B,20200505,0.7,0.745,0.685,0.72,501873
A2M,20200505,18.74,18.9,18.59,18.77,1575649
A3D,20200505,0.077,0.077,0.074,0.074,85216
A4N,20200505,0.155,0.16,0.155,0.16,43739
AAA,20200505,50.08,50.08,50.07,50.07,69560
AAC,20200505,1.105,1.135,1.105,1.135,160969
AAR,20200505,0.145,0.15,0.145,0.15,195530
ABA,20200505,4.35,4.41,4.3,4.3,39622
ABC,20200505,2.5,2.58,2.5,2.5,2096616
ABP,20200505,2.44,2.51,2.43,2.48,1127405
ABR,20200505,0.37,0.38,0.35,0.37,431460
ABT,20200505,0.018,0.018,0.018,0.018,85000
ABV,20200505,0.025,0.025,0.025,0.025,100000
ABX,20200505,0.082,0.082,0.081,0.081,44500
AC8,20200505,0.19,0.19,0.18,0.185,224025
ACB,20200505,0.016,0.017,0.014,0.014,432290
ACF,20200505,0.23,0.235,0.23,0.235,51930
ACQ,20200505,0.855,0.855,0.85,0.852,47594
ACR,20200505,0.13,0.14,0.13,0.135,71394
ACU,20200505,0.065,0.065,0.062,0.062,61201
ACW,20200505,0.019,0.02,0.019,0.02,661086
AD8,20200505,5.52,5.99,5.52,5.99,289207
ADA,20200505,0.42,0.425,0.415,0.415,59284
ADH,20200505,1.47,1.617,1.45,1.53,3192132
ADI,20200505,2.09,2.1,2.06,2.09,201960
ADJ,20200505,0.021,0.021,0.02,0.02,752274
ADN,20200505,0.047,0.048,0.046,0.047,4686669
ADO,20200505,0.022,0.022,0.021,0.021,2484747
ADR,20200505,0.03,0.03,0.029,0.029,290000
ADT,20200505,1.25,1.325,1.245,1.28,357120
ADV,20200505,0.004,0.004,0.004,0.004,219395
ADX,20200505,0.005,0.005,0.005,0.005,1598566
ADY,20200505,0.005,0.005,0.005,0.005,10000
AEE,20200505,0.004,0.004,0.003,0.003,19599999
AEF,20200505,4.55,4.72,4.55,4.7,208450
AEG,20200505,1.15,1.15,1.14,1.15,253145
AEI,20200505,0.605,0.66,0.605,0.64,1184987
AFG,20200505,1.52,1.545,1.415,1.44,743351
AFI,20200505,5.74,5.79,5.73,5.74,383074
AFL,20200505,0.17,0.17,0.16,0.16,20000
AGD,20200505,0.15,0.15,0.135,0.135,101705
AGE,20200505,0.002,0.002,0.002,0.002,1167000
AGG,20200505,7.9,8.22,7.85,8.13,22637
AGH,20200505,0.39,0.395,0.38,0.38,261909
AGI,20200505,0.44,0.445,0.425,0.425,111611
AGL,20200505,16.34,16.79,16.31,16.36,2975099
AGM,20200505,1.52,1.52,1.52,1.52,28125
AGR,20200505,0.08,0.08,0.08,0.08,7902
AGS,20200505,0.09,0.09,0.09,0.09,10000
AGY,20200505,0.04,0.042,0.04,0.041,838992
AHF,20200505,0.079,0.084,0.079,0.083,353716
AHQ,20200505,0.071,0.071,0.071,0.071,85276
AHX,20200505,0.495,0.51,0.45,0.45,35307
AHY,20200505,1.025,1.03,1,1.015,113397
AHZ,20200505,7.4,7.6,7.3,7.38,881
AIA,20200505,5.53,5.67,5.46,5.59,710531
AIB,20200505,0.11,0.11,0.11,0.11,10000
AIQ,20200505,0.11,0.11,0.11,0.11,12766
AIS,20200505,0.04,0.04,0.04,0.04,121850
AIV,20200505,0.15,0.15,0.15,0.15,2037
AIZ,20200505,1.215,1.25,1.19,1.195,1919554
AJL,20200505,0.053,0.053,0.052,0.052,18760
AJM,20200505,0.04,0.04,0.038,0.038,9607438
AJQ,20200505,0.031,0.031,0.028,0.028,920066
AJX,20200505,0.053,0.054,0.052,0.054,159501
AKM,20200505,0.08,0.084,0.08,0.084,104413
AKP,20200505,14.46,14.9,14.46,14.65,10782
AL3,20200505,0.185,0.195,0.18,0.18,619982
ALC,20200505,0.165,0.165,0.16,0.16,1442285
ALF,20200505,0.855,0.86,0.855,0.86,164740
ALG,20200505,0.34,0.355,0.33,0.34,3322271
ALI,20200505,2.13,2.15,2.1,2.1,87387
ALK,20200505,0.74,0.775,0.73,0.75,2463208
ALL,20200505,23.9,24.7,23.75,24.7,1419574
ALQ,20200505,6.62,6.88,6.51,6.8,1061623
ALU,20200505,34.11,35.33,34.11,35.01,865590
ALX,20200505,5.86,6.07,5.84,6.02,3505533
ALY,20200505,0.011,0.011,0.011,0.011,156463
AMA,20200505,0.39,0.4,0.37,0.385,4043671
AMC,20200505,13.49,13.66,13.36,13.47,3599150
AMD,20200505,0.006,0.006,0.006,0.006,64000
AME,20200505,0.062,0.062,0.061,0.062,1228286
AMG,20200505,0.043,0.043,0.039,0.04,1057638
AMH,20200505,0.82,0.855,0.82,0.835,106094
AMI,20200505,0.315,0.315,0.3,0.305,2191712
AML,20200505,0.1,0.1,0.095,0.095,315824
AMO,20200505,0.042,0.046,0.042,0.046,445070
AMP,20200505,1.385,1.415,1.375,1.405,6557079
AMS,20200505,0.515,0.58,0.515,0.555,414001
AMX,20200505,1.58,1.63,1.56,1.62,46478
ANA,20200505,0.005,0.006,0.005,0.006,4563352
ANG,20200505,0.13,0.14,0.13,0.13,490525
ANL,20200505,0.002,0.002,0.001,0.002,1125000
ANN,20200505,29.2,29.48,28.92,29.31,317997
ANO,20200505,4.5,4.5,4.32,4.35,17320
ANP,20200505,0.048,0.049,0.047,0.048,1269280
ANW,20200505,0.001,0.001,0.001,0.001,1985050
ANZ,20200505,16.27,16.46,16.19,16.45,7249285
AO1,20200505,0.01,0.011,0.009,0.01,1638955
AOA,20200505,0.001,0.001,0.001,0.001,330000
AOF,20200505,2.04,2.04,2,2.01,20555
AOP,20200505,0.22,0.23,0.22,0.23,36869
AOU,20200505,0.053,0.058,0.053,0.058,34426
APA,20200505,11.1,11.25,11.01,11.24,1405282
APC,20200505,0.067,0.067,0.061,0.062,2402482
APD,20200505,0.46,0.465,0.45,0.465,157179
APE,20200505,4.35,4.44,4.27,4.34,2843190
APH,20200505,0.145,0.145,0.145,0.145,4105
API,20200505,1.105,1.125,1.09,1.12,1995945
APL,20200505,0.925,0.94,0.925,0.935,490184
APT,20200505,36.9,38.18,36.48,38.18,4142140
APV,20200505,0.17,0.17,0.15,0.15,55288
APW,20200505,1.2,1.2,1.2,1.2,420
APX,20200505,25.86,26.69,25.85,26.59,670280
APZ,20200505,1.015,1.015,1.01,1.015,17314
AQC,20200505,0.12,0.12,0.12,0.12,9557
AQD,20200505,0.013,0.014,0.013,0.014,1090920
AQG,20200505,8.04,8.21,7.92,8.1,708532
AQI,20200505,0.076,0.082,0.076,0.082,294188
AQR,20200505,3.16,3.23,3.15,3.23,355116
AQX,20200505,0.019,0.02,0.019,0.019,968000
AQZ,20200505,2.05,2.06,1.99,1.99,19950
ARA,20200505,0.43,0.43,0.43,0.43,1250
ARB,20200505,15.19,15.19,14.74,14.89,127372
ARD,20200505,0.014,0.014,0.014,0.014,705451
ARE,20200505,0.005,0.005,0.004,0.004,3810000
ARF,20200505,2.09,2.15,2.09,2.12,415550
ARG,20200505,7.15,7.24,7.12,7.17,149935
ARL,20200505,0.23,0.235,0.23,0.23,82893
ARM,20200505,0.013,0.013,0.013,0.013,140536
ARN,20200505,0.13,0.13,0.12,0.12,328309
ARQ,20200505,0.095,0.095,0.092,0.093,213602
ARU,20200505,0.071,0.072,0.068,0.072,2149745
ARV,20200505,0.032,0.032,0.031,0.031,1145959
AS1,20200505,0.14,0.14,0.14,0.14,35000
ASB,20200505,2.85,2.91,2.8,2.87,3464856
ASG,20200505,0.745,0.825,0.745,0.82,111316
ASH,20200505,0.28,0.3,0.28,0.3,40190
ASN,20200505,0.021,0.033,0.021,0.024,11530873
AST,20200505,1.89,1.9,1.87,1.89,6349464
ASX,20200505,83.24,83.85,81.98,83.46,369112
AT1,20200505,0.43,0.44,0.415,0.42,3225874
ATC,20200505,0.044,0.045,0.042,0.042,1636528
ATH,20200505,0.02,0.02,0.018,0.02,183903
ATL,20200505,0.25,0.27,0.25,0.26,151610
ATP,20200505,0.006,0.006,0.006,0.006,45833
ATS,20200505,0.026,0.026,0.024,0.024,2744219
ATX,20200505,0.088,0.088,0.088,0.088,10915
AU8,20200505,0.055,0.057,0.052,0.052,219904
AUB,20200505,11.37,12.06,11.37,11.92,130851
AUC,20200505,0.015,0.015,0.014,0.015,1780000
AUI,20200505,7.44,7.52,7.4,7.45,18469
AUL,20200505,0.255,0.255,0.22,0.22,10125
AUT,20200505,0.048,0.05,0.047,0.05,2405175
AUZ,20200505,0.01,0.01,0.009,0.01,7054660
AV1,20200505,0.09,0.095,0.09,0.095,105103
AVA,20200505,0.145,0.145,0.14,0.145,458317
AVC,20200505,0.21,0.21,0.185,0.185,26984
AVE,20200505,0.008,0.009,0.008,0.008,3049253
AVG,20200505,0.41,0.42,0.4,0.41,63558
AVH,20200505,0.44,0.445,0.43,0.44,7627476
AVJ,20200505,0.38,0.38,0.38,0.38,27870
AVL,20200505,0.01,0.01,0.009,0.01,1675000
AVN,20200505,1.695,1.745,1.68,1.72,426799
AVZ,20200505,0.063,0.066,0.061,0.063,12625677
AWC,20200505,1.58,1.6,1.555,1.585,9878659
AWN,20200505,0.05,0.05,0.047,0.05,247457
AWV,20200505,0.009,0.012,0.008,0.008,3975440
AWY,20200505,0.9,0.9,0.9,0.9,779
AX1,20200505,1.15,1.215,1.145,1.18,3086351
AX8,20200505,0.02,0.02,0.02,0.02,58000
AXE,20200505,0.29,0.41,0.285,0.4,20097711
AYM,20200505,0.002,0.002,0.002,0.002,328350
AYR,20200505,0.016,0.016,0.016,0.016,308794
AYS,20200505,0.32,0.33,0.315,0.32,187754
AZI,20200505,0.004,0.004,0.004,0.004,15214500
AZJ,20200505,4.66,4.72,4.58,4.61,3729487
AZS,20200505,0.075,0.08,0.075,0.075,93294
AZY,20200505,0.02,0.02,0.019,0.019,5835831
BAF,20200505,0.73,0.73,0.72,0.72,31000
BAP,20200505,4.7,4.87,4.7,4.85,969829
BAR,20200505,0.02,0.021,0.02,0.021,165305
BAS,20200505,0.002,0.002,0.001,0.001,8382790
BAT,20200505,0.005,0.005,0.005,0.005,1200000
BBC,20200505,0.405,0.405,0.405,0.405,8953
BBN,20200505,2.63,2.77,2.62,2.69,472363
BC8,20200505,0.395,0.45,0.39,0.44,546666
BCB,20200505,0.049,0.05,0.049,0.05,4645500
BCI,20200505,0.14,0.145,0.14,0.145,26394
BCN,20200505,0.04,0.041,0.038,0.038,5010977
BCT,20200505,0.06,0.061,0.058,0.061,229646
BD1,20200505,0.024,0.025,0.024,0.024,559432
BDA,20200505,0.315,0.33,0.31,0.31,125900
BDC,20200505,0.07,0.072,0.069,0.072,3462078
BDG,20200505,0.065,0.065,0.065,0.065,17000
BEE,20200505,0.013,0.013,0.013,0.013,39000
BEM,20200505,0.034,0.034,0.034,0.034,30000
BEN,20200505,6.01,6.14,5.95,6.14,3398487
BET,20200505,0.26,0.29,0.26,0.285,5164118
BFC,20200505,0.068,0.068,0.062,0.064,1727699
BFG,20200505,1.11,1.115,1.06,1.1,427356
BGA,20200505,4.85,4.97,4.76,4.97,546497
BGL,20200505,0.57,0.59,0.565,0.575,1814836
BGP,20200505,3.6,3.6,3.6,3.6,433
BHP,20200505,30.25,30.69,30.14,30.69,4854908
BID,20200505,0.775,0.775,0.72,0.735,278331
BIN,20200505,2.23,2.33,2.23,2.29,1681197
BIQ,20200505,0.004,0.005,0.004,0.004,1353940
BIS,20200505,1.01,1.01,1,1,10707
BIT,20200505,0.1,0.102,0.097,0.099,2733439
BKI,20200505,1.32,1.345,1.32,1.34,200563
BKL,20200505,77.77,78.22,76.01,76.15,51738
BKT,20200505,0.033,0.033,0.032,0.032,62400
BKW,20200505,12.9,13.27,12.8,13.19,272869
BKY,20200505,0.23,0.235,0.22,0.225,171460
BLD,20200505,2.72,2.775,2.68,2.71,8748717
BLG,20200505,0.022,0.023,0.022,0.022,1014197
BLK,20200505,0.011,0.011,0.01,0.01,3297835
BLU,20200505,0.017,0.017,0.016,0.016,1790646
BLV,20200505,0.2,0.2,0.2,0.2,7333
BLX,20200505,0.7,0.7,0.66,0.66,67913
BLY,20200505,0.66,0.66,0.66,0.66,198
BMN,20200505,0.042,0.043,0.039,0.04,1727957
BNL,20200505,0.006,0.007,0.005,0.005,15499772
BNO,20200505,0.042,0.042,0.042,0.042,22000
BOA,20200505,0.18,0.22,0.18,0.22,48082
BOC,20200505,0.23,0.24,0.205,0.205,32556
BOE,20200505,0.069,0.069,0.066,0.067,762761
BOL,20200505,0.086,0.086,0.086,0.086,6000
BOQ,20200505,4.82,4.88,4.76,4.81,2502711
BOT,20200505,0.044,0.044,0.042,0.043,3733630
BPL,20200505,0.015,0.015,0.013,0.013,163000
BPT,20200505,1.435,1.46,1.39,1.455,13010485
BRB,20200505,0.215,0.225,0.21,0.215,122870
BRG,20200505,17.39,17.99,16.81,17.85,134057
BRK,20200505,0.004,0.005,0.004,0.005,6425555
BRL,20200505,0.054,0.056,0.054,0.056,287800
BRN,20200505,0.053,0.053,0.049,0.051,5016838
BRU,20200505,0.086,0.088,0.086,0.087,374384
BRV,20200505,0.025,0.029,0.025,0.028,3536047
BSA,20200505,0.275,0.275,0.275,0.275,19385
BSE,20200505,0.125,0.127,0.125,0.125,23299
BSL,20200505,9.85,10.4,9.81,10.36,2942059
BSM,20200505,0.004,0.004,0.004,0.004,1107117
BSX,20200505,0.16,0.165,0.16,0.16,68198
BTH,20200505,0.735,0.75,0.705,0.715,1274859
BTI,20200505,0.76,0.775,0.73,0.73,129113
BUB,20200505,0.885,0.9,0.875,0.89,2057461
BUD,20200505,0.009,0.01,0.008,0.009,17880243
BUX,20200505,0.092,0.092,0.084,0.084,59294
BUY,20200505,0.009,0.01,0.008,0.008,3500607
BVS,20200505,4.96,5.05,4.76,4.88,1918636
BWF,20200505,0.31,0.31,0.275,0.285,89957
BWP,20200505,3.55,3.63,3.53,3.57,1163111
BWR,20200505,1.25,1.255,1.25,1.255,114147
BWX,20200505,3.67,3.7,3.52,3.59,160328
BXB,20200505,10.65,10.85,10.64,10.7,3128887
BYE,20200505,0.13,0.165,0.13,0.165,2461740
BYH,20200505,0.028,0.028,0.028,0.028,17250
C6C,20200505,0.51,0.515,0.51,0.515,8706
CAA,20200505,0.1,0.1,0.1,0.1,190306
CAD,20200505,0.002,0.002,0.001,0.001,6000023
CAF,20200505,0.088,0.088,0.081,0.088,4839
CAG,20200505,0.56,0.56,0.56,0.56,10000
CAI,20200505,0.29,0.31,0.29,0.305,294356
CAJ,20200505,0.19,0.19,0.187,0.19,279616
CAM,20200505,0.755,0.765,0.75,0.76,94316
CAN,20200505,0.91,0.91,0.88,0.89,135117
CAP,20200505,0.022,0.022,0.019,0.019,520000
CAR,20200505,13.6,13.92,13.55,13.81,701172
CAT,20200505,1.08,1.13,1.08,1.13,483132
CAU,20200505,0.091,0.11,0.088,0.105,106205
CAY,20200505,0.1,0.1,0.099,0.1,897183
CAZ,20200505,0.023,0.023,0.023,0.023,100000
CBA,20200505,60.6,61.19,60.15,60.85,3800096
CBE,20200505,0.175,0.175,0.175,0.175,13722
CBR,20200505,2,2.26,1.995,2.08,694634
CCE,20200505,0.001,0.001,0.001,0.001,3628500
CCL,20200505,8.2,8.31,8.16,8.17,2651050
CCP,20200505,14.91,15.71,14.91,15.2,1077647
CCV,20200505,0.15,0.15,0.15,0.15,331534
CCX,20200505,2.16,2.32,2.15,2.21,517673
CCZ,20200505,0.017,0.017,0.017,0.017,633823
CD3,20200505,0.905,0.905,0.905,0.905,12113
CDA,20200505,6.32,6.59,6.04,6.49,565600
CDD,20200505,0.265,0.265,0.245,0.255,337940
CDM,20200505,0.525,0.53,0.515,0.515,301210
CDP,20200505,3.17,3.18,3.06,3.07,76024
CDV,20200505,0.41,0.415,0.405,0.415,792570
CDX,20200505,0.022,0.022,0.02,0.02,1607601
CDY,20200505,0.18,0.185,0.175,0.185,499671
CE1,20200505,0.005,0.005,0.005,0.005,590679
CEL,20200505,0.17,0.175,0.165,0.17,1907200
CEN,20200505,5.82,5.82,5.82,5.82,200
CFE,20200505,0.002,0.002,0.002,0.002,4000000
CFO,20200505,0.05,0.05,0.044,0.044,26500
CG1,20200505,0.235,0.245,0.235,0.245,138208
CGB,20200505,0.007,0.007,0.007,0.007,1880336
CGC,20200505,2.85,2.89,2.84,2.87,1180678
CGF,20200505,4.4,4.63,4.4,4.63,2787747
CGL,20200505,3.29,3.4,3.18,3.18,202466
CGN,20200505,0.009,0.009,0.009,0.009,167402
CGO,20200505,0.09,0.09,0.09,0.09,100000
CGS,20200505,0.31,0.315,0.31,0.315,51518
CHC,20200505,7.02,7.31,7.02,7.31,1474500
CHK,20200505,0.006,0.006,0.006,0.006,10976615
CHN,20200505,1.255,1.295,1.22,1.265,3850069
CHZ,20200505,0.067,0.067,0.064,0.067,656046
CI1,20200505,0.032,0.032,0.031,0.031,4040963
CIA,20200505,1.85,1.94,1.85,1.9,1024309
CIE,20200505,0.525,0.54,0.52,0.52,337418
CIM,20200505,23.18,23.74,23.05,23.25,284250
CIN,20200505,20.65,21.17,20.65,20.93,9349
CIO,20200505,0.026,0.027,0.026,0.027,145000
CIP,20200505,2.61,2.655,2.6,2.64,1117477
CKA,20200505,0.047,0.047,0.044,0.044,1796825
CKF,20200505,7.31,7.72,7.19,7.68,1245670
CL1,20200505,1.38,1.4,1.375,1.39,30318
CL8,20200505,0.009,0.009,0.009,0.009,128000
CLA,20200505,0.01,0.01,0.008,0.009,1867945
CLB,20200505,0.065,0.065,0.065,0.065,14042
CLF,20200505,1.045,1.05,1.045,1.05,2100
CLQ,20200505,0.207,0.21,0.2,0.205,306454
CLV,20200505,2.07,2.19,2.04,2.13,940518
CLW,20200505,4.01,4.12,4,4.07,3600724
CLX,20200505,0.56,0.567,0.56,0.56,41938
CLZ,20200505,0.002,0.002,0.001,0.001,1809023
CM8,20200505,0.022,0.022,0.022,0.022,31500
CMD,20200505,0.007,0.007,0.007,0.007,31250
CMM,20200505,1.36,1.36,1.29,1.3,375993
CMP,20200505,0.52,0.53,0.52,0.53,24743
CMW,20200505,0.74,0.77,0.735,0.76,4065621
CNB,20200505,0.072,0.072,0.072,0.072,171775
CNI,20200505,1.61,1.67,1.59,1.625,633642
CNU,20200505,6.62,6.76,6.59,6.68,447145
CNW,20200505,0.022,0.022,0.022,0.022,110869
COB,20200505,0.125,0.13,0.125,0.125,37769
COE,20200505,0.41,0.425,0.405,0.425,3048795
COF,20200505,1.865,1.96,1.86,1.925,2322766
COG,20200505,0.042,0.042,0.042,0.042,50000
COH,20200505,182.66,183.44,179.68,182,185576
COI,20200505,0.084,0.084,0.077,0.077,555727
COL,20200505,15.54,15.615,15.28,15.47,3872088
CP1,20200505,0.095,0.095,0.095,0.095,1284
CPH,20200505,0.068,0.07,0.066,0.066,790650
CPT,20200505,0.014,0.014,0.014,0.014,100000
CPU,20200505,11.5,11.75,11.43,11.7,1053163
CPV,20200505,0.12,0.12,0.12,0.12,12933
CQE,20200505,2.3,2.34,2.21,2.27,3473544
CQR,20200505,3.08,3.21,3.06,3.08,12412678
CR1,20200505,0.23,0.25,0.23,0.24,107000
CRL,20200505,0.012,0.013,0.012,0.013,120000
CRN,20200505,1.175,1.18,1.092,1.125,297013
CRS,20200505,0.115,0.115,0.11,0.11,105000
CSL,20200505,307,309.16,304.02,305.72,647630
CSR,20200505,3.56,3.57,3.465,3.52,1885169
CSS,20200505,0.7,0.7,0.63,0.7,50493
CST,20200505,0.17,0.17,0.155,0.165,293661
CT1,20200505,0.022,0.022,0.02,0.02,851722
CTD,20200505,12.3,12.55,11.76,11.92,601585
CTM,20200505,0.195,0.215,0.195,0.205,678373
CTO,20200505,0.004,0.004,0.004,0.004,600000
CTP,20200505,0.074,0.076,0.072,0.072,1263628
CTX,20200505,23.6,24.57,23.6,24.35,932626
CUE,20200505,0.077,0.077,0.072,0.074,297900
CUP,20200505,0.91,0.91,0.865,0.9,61362
CUV,20200505,21.54,22.41,21.54,22.16,94421
CV1,20200505,0.09,0.09,0.086,0.086,39998
CVF,20200505,0.75,0.75,0.75,0.75,69000
CVL,20200505,0.39,0.39,0.39,0.39,7044
CVN,20200505,0.185,0.19,0.185,0.19,2248166
CVW,20200505,0.21,0.21,0.2,0.2,228566
CWL,20200505,0.075,0.075,0.075,0.075,25000
CWN,20200505,9.39,9.4,9.16,9.26,1856235
CWP,20200505,4.2,4.35,4.125,4.3,77927
CWX,20200505,0.2,0.205,0.195,0.205,161630
CWY,20200505,1.795,1.84,1.782,1.8,4878008
CXL,20200505,0.69,0.69,0.68,0.68,3696465
CXO,20200505,0.041,0.042,0.04,0.042,1554493
CXU,20200505,0.027,0.027,0.027,0.027,50000
CXZ,20200505,0.017,0.017,0.017,0.017,304763
CY5,20200505,0.042,0.042,0.042,0.042,129750
CYG,20200505,0.53,0.535,0.53,0.53,47835
CYL,20200505,2.92,2.92,2.89,2.91,29235
CYM,20200505,0.145,0.145,0.145,0.145,18650
CYP,20200505,0.645,0.645,0.625,0.64,87467
CZI,20200505,0.097,0.1,0.097,0.1,932251
CZL,20200505,0.004,0.004,0.004,0.004,250000
CZN,20200505,0.003,0.003,0.002,0.002,961638
CZR,20200505,0.01,0.01,0.01,0.01,2338966
D2O,20200505,1.35,1.35,1.32,1.32,28199
DAU,20200505,0.024,0.024,0.024,0.024,70169
DBF,20200505,1.07,1.085,1.07,1.085,1567
DCC,20200505,0.03,0.031,0.029,0.03,1708167
DCG,20200505,0.2,0.205,0.185,0.19,1896820
DCN,20200505,0.385,0.43,0.38,0.43,9066510
DCX,20200505,0.004,0.004,0.003,0.003,8926780
DDD,20200505,0.002,0.002,0.001,0.002,29108607
DDR,20200505,6.9,7.07,6.9,6.93,78707
DEG,20200505,0.37,0.37,0.35,0.35,5708128
DEM,20200505,0.165,0.165,0.165,0.165,3151
DEV,20200505,0.085,0.091,0.085,0.091,396190
DGO,20200505,2.04,2.05,1.9,1.9,8458
DGR,20200505,0.064,0.064,0.058,0.059,146980
DHG,20200505,2.55,2.73,2.53,2.72,3066667
DHR,20200505,0.002,0.002,0.002,0.002,113335
DIV,20200505,19.24,19.35,19.24,19.34,2404
DJW,20200505,2.44,2.47,2.44,2.44,24904
DKM,20200505,0.14,0.14,0.14,0.14,300000
DLC,20200505,0.004,0.005,0.004,0.005,1533564
DMP,20200505,56.78,57.97,56.58,57.1,277948
DNA,20200505,0.037,0.04,0.036,0.036,115974
DNK,20200505,0.37,0.37,0.35,0.36,74818
DOR,20200505,0.029,0.029,0.029,0.029,153278
DOW,20200505,4.01,4.12,3.99,4.08,3267677
DRE,20200505,0.006,0.006,0.005,0.005,17496643
DRO,20200505,0.115,0.115,0.105,0.11,644264
DRX,20200505,0.007,0.008,0.007,0.008,423316
DSE,20200505,0.046,0.049,0.046,0.049,1456567
DTC,20200505,0.9,0.9,0.88,0.895,164250
DTL,20200505,3.78,4.1,3.78,4.1,491939
DTZ,20200505,0.045,0.045,0.045,0.045,46903
DUB,20200505,0.915,0.95,0.9,0.935,299430
DUI,20200505,4.12,4.12,4.06,4.06,25655
DVL,20200505,0.027,0.028,0.026,0.026,735215
DVN,20200505,0.08,0.08,0.08,0.08,10000
DW8,20200505,0.006,0.006,0.005,0.005,13161602
DWS,20200505,0.715,0.715,0.7,0.71,22393
DXB,20200505,0.21,0.23,0.21,0.22,1405252
DXN,20200505,0.009,0.01,0.009,0.009,3300000
DXS,20200505,8.74,9.06,8.74,9.04,4635731
DYL,20200505,0.255,0.265,0.255,0.26,353945
E25,20200505,0.2,0.2,0.19,0.19,38100
EAF,20200505,1.2,1.2,1.2,1.2,155184
EAI,20200505,0.95,0.95,0.945,0.945,17000
EAS,20200505,0.755,0.76,0.75,0.755,12450
EAX,20200505,0.115,0.115,0.115,0.115,4500
EBO,20200505,21.3,21.31,21.28,21.28,3435
ECF,20200505,0.885,0.9,0.885,0.9,115095
ECG,20200505,0.025,0.025,0.022,0.022,52000
ECP,20200505,0.93,0.95,0.885,0.935,56301
ECX,20200505,0.68,0.7,0.61,0.63,4017001
ED1,20200505,0.545,0.545,0.545,0.545,16408
EDC,20200505,0.945,0.945,0.945,0.945,4009
EDE,20200505,0.037,0.038,0.035,0.036,756720
EEG,20200505,0.225,0.23,0.205,0.23,195265
EEU,20200505,16.26,16.26,16.2,16.2,1042
EFE,20200505,0.003,0.003,0.003,0.003,200000
EFF,20200505,1.28,1.28,1.28,1.28,7125
EGD,20200505,2.44,2.44,2.43,2.43,9485
EGF,20200505,1.56,1.565,1.56,1.565,14544
EGH,20200505,0.28,0.285,0.28,0.285,215280
EGI,20200505,0.96,0.965,0.96,0.96,347956
EGL,20200505,0.028,0.028,0.028,0.028,15000
EGR,20200505,0.055,0.055,0.055,0.055,9
EGY,20200505,0.2,0.2,0.2,0.2,1500
EHE,20200505,1.5,1.52,1.45,1.45,972792
EHL,20200505,1.065,1.09,1.01,1.02,1983368
ELD,20200505,9.19,9.4,9.105,9.17,827057
ELO,20200505,7.1,7.5,7,7.34,41483
ELS,20200505,0.385,0.39,0.385,0.39,171139
ELX,20200505,0.49,0.505,0.485,0.485,349371
EM1,20200505,0.007,0.007,0.007,0.007,200000
EM2,20200505,0.13,0.13,0.13,0.13,38308
EMD,20200505,0.071,0.071,0.069,0.069,191339
EME,20200505,0.12,0.12,0.12,0.12,3888
EMH,20200505,0.215,0.215,0.2,0.2,102536
EML,20200505,2.7,2.91,2.7,2.89,4967028
EMR,20200505,0.495,0.5,0.48,0.48,278565
EMT,20200505,0.011,0.011,0.011,0.011,239217
EMU,20200505,0.015,0.017,0.015,0.017,294500
EMV,20200505,0.87,0.9,0.86,0.89,129546
EN1,20200505,0.012,0.012,0.012,0.012,2157240
ENN,20200505,0.885,0.9,0.85,0.9,270785
ENR,20200505,0.11,0.11,0.11,0.11,33500
ENT,20200505,0.011,0.011,0.011,0.011,342124
EOF,20200505,2.75,2.83,2.75,2.8,567553
EOL,20200505,2.42,2.42,2.39,2.42,13660
EOS,20200505,4.23,4.28,4.13,4.2,1490414
EPD,20200505,0.335,0.35,0.335,0.34,31766
EPM,20200505,0.006,0.007,0.006,0.006,3657868
EQE,20200505,0.007,0.007,0.007,0.007,182353
EQT,20200505,20.85,20.93,20.01,20.54,15053
EQX,20200505,0.245,0.245,0.245,0.245,4081
ERA,20200505,0.17,0.18,0.17,0.18,110068
ERF,20200505,0.75,0.755,0.745,0.755,265968
ERL,20200505,0.009,0.009,0.009,0.009,327617
ERM,20200505,0.092,0.092,0.089,0.09,433973
ERX,20200505,0.052,0.052,0.049,0.049,2438170
ESE,20200505,0.009,0.009,0.009,0.009,112000
ESH,20200505,0.008,0.008,0.007,0.007,693600
ETF,20200505,18.07,18.07,18.03,18.03,18999
EUC,20200505,0.016,0.018,0.016,0.016,1921989
EUR,20200505,0.043,0.044,0.043,0.044,121400
EVE,20200505,0.006,0.006,0.005,0.005,4116570
EVN,20200505,5.08,5.24,5.04,5.23,10009130
EVO,20200505,0.076,0.076,0.075,0.075,750103
EVS,20200505,0.11,0.11,0.11,0.11,315315
EVT,20200505,7.33,7.57,7.33,7.53,45115
EWC,20200505,0.071,0.077,0.071,0.077,408427
EX1,20200505,0.21,0.21,0.21,0.21,15500
EXP,20200505,0.097,0.097,0.097,0.097,20000
EZL,20200505,0.83,0.83,0.825,0.83,35290
FAM,20200505,0.038,0.038,0.032,0.034,4524759
FAR,20200505,0.014,0.014,0.013,0.014,17149019
FAU,20200505,0.008,0.008,0.008,0.008,489350
FBR,20200505,0.025,0.026,0.023,0.024,2744944
FBU,20200505,3.4,3.51,3.37,3.42,713665
FCL,20200505,2.97,3.14,2.97,3.08,366091
FCT,20200505,0.069,0.071,0.06,0.071,584842
FDV,20200505,0.92,0.955,0.91,0.915,442096
FEX,20200505,0.052,0.052,0.045,0.048,8693295
FFL,20200505,0.25,0.27,0.25,0.26,214176
FGG,20200505,1.11,1.13,1.1,1.105,298679
FGO,20200505,0.001,0.001,0.001,0.001,1750000
FGR,20200505,0.125,0.125,0.12,0.125,286504
FGX,20200505,0.905,0.915,0.9,0.905,326959
FHS,20200505,0.028,0.028,0.028,0.028,150000
FID,20200505,4.53,4.53,4.43,4.5,24003
FIJ,20200505,0.06,0.06,0.06,0.06,100000
FLC,20200505,0.3,0.3,0.295,0.295,281961
FLN,20200505,0.375,0.385,0.375,0.385,28039
FLT,20200505,9.76,10.3,9.61,10.02,3817339
FMG,20200505,10.95,11.1,10.85,11.03,8433137
FMS,20200505,0.025,0.025,0.025,0.025,299350
FNP,20200505,4.34,4.45,4.33,4.44,346814
FNT,20200505,0.008,0.008,0.008,0.008,100636
FOD,20200505,0.061,0.062,0.06,0.06,304787
FOR,20200505,0.765,0.77,0.74,0.74,41875
FPC,20200505,0.74,0.76,0.74,0.76,9711
FPH,20200505,25.74,26.79,25.74,26.16,483125
FPL,20200505,0.003,0.004,0.003,0.004,310000
FPP,20200505,0.69,0.69,0.685,0.685,54097
FRI,20200505,0.615,0.63,0.615,0.63,50805
FRM,20200505,0.27,0.28,0.27,0.28,925
FSA,20200505,0.91,0.91,0.88,0.88,4186
FSF,20200505,3.48,3.62,3.48,3.48,5096
FSI,20200505,1.63,1.65,1.63,1.65,5942
FTC,20200505,0.08,0.08,0.08,0.08,11956
FWD,20200505,1.45,1.47,1.42,1.425,9242
FXL,20200505,0.89,0.925,0.885,0.92,2221223
FYI,20200505,0.06,0.061,0.058,0.059,766301
FZO,20200505,0.13,0.13,0.13,0.13,194397
G1A,20200505,0.25,0.28,0.25,0.255,1380588
G88,20200505,0.023,0.023,0.023,0.023,412452
GAL,20200505,0.26,0.26,0.25,0.255,1657026
GAP,20200505,0.15,0.15,0.15,0.15,50000
GAS,20200505,0.355,0.355,0.355,0.355,1250
GBP,20200505,0.029,0.032,0.029,0.032,64000
GBZ,20200505,0.08,0.08,0.08,0.08,10000
GC1,20200505,0.67,0.72,0.67,0.68,32035
GCI,20200505,1.695,1.7,1.68,1.68,59338
GDF,20200505,0.905,0.905,0.88,0.895,81117
GDI,20200505,1.035,1.04,1,1.015,1044482
GDX,20200505,52.72,52.88,52.32,52.6,62519
GED,20200505,0.006,0.009,0.006,0.007,10426053
GEM,20200505,0.855,0.87,0.827,0.84,3997095
GES,20200505,0.012,0.015,0.012,0.015,250892
GEV,20200505,0.06,0.063,0.06,0.063,148495
GFL,20200505,1.7,1.7,1.7,1.7,571
GGG,20200505,0.12,0.12,0.11,0.115,673686
GIB,20200505,0.03,0.03,0.03,0.03,46000
GLA,20200505,0.001,0.001,0.001,0.001,9400000
GLL,20200505,0.38,0.385,0.37,0.38,72032
GLN,20200505,0.155,0.155,0.15,0.15,118644
GMA,20200505,2,2.09,2,2.04,447697
GMD,20200505,0.033,0.034,0.031,0.034,1113198
GME,20200505,0.039,0.042,0.039,0.041,126200
GMG,20200505,13.33,13.68,13.29,13.6,3735812
GML,20200505,0.011,0.011,0.011,0.011,1561600
GMN,20200505,0.045,0.045,0.045,0.045,50000
GMR,20200505,0.007,0.007,0.007,0.007,489630
GMV,20200505,0.115,0.115,0.098,0.098,4435047
GNC,20200505,3.46,3.605,3.41,3.59,1401162
GNE,20200505,2.7,2.75,2.63,2.63,7086
GNG,20200505,0.65,0.66,0.65,0.66,31754
GNM,20200505,0.006,0.006,0.006,0.006,720561
GNX,20200505,0.195,0.2,0.19,0.195,314180
GO2,20200505,0.049,0.059,0.046,0.047,8733782
GOR,20200505,1.61,1.64,1.565,1.625,5304634
GOZ,20200505,2.82,2.95,2.8,2.92,1456716
GPR,20200505,0.405,0.405,0.39,0.39,151890
GPT,20200505,3.77,3.87,3.72,3.82,5004646
GRB,20200505,0.052,0.052,0.05,0.051,410662
GRL,20200505,0.12,0.155,0.12,0.14,949136
GRR,20200505,0.23,0.23,0.225,0.23,780512
GRV,20200505,0.022,0.022,0.022,0.022,69446
GSM,20200505,0.14,0.14,0.14,0.14,133699
GSN,20200505,0.042,0.048,0.042,0.048,87188
GSS,20200505,1.955,1.98,1.93,1.94,273966
GSW,20200505,0.86,0.965,0.84,0.84,962070
GTE,20200505,0.002,0.002,0.001,0.002,18459436
GTG,20200505,0.005,0.006,0.005,0.005,4360180
GTK,20200505,1.44,1.44,1.355,1.36,74324
GTN,20200505,0.39,0.405,0.375,0.375,22852
GTR,20200505,0.019,0.022,0.015,0.022,130304117
GUD,20200505,8.66,8.87,8.66,8.77,128935
GUL,20200505,0.06,0.06,0.06,0.06,84285
GWA,20200505,2.6,2.7,2.525,2.56,519000
GWR,20200505,0.065,0.065,0.065,0.065,100000
GXY,20200505,0.71,0.74,0.71,0.74,1560141
HAS,20200505,0.056,0.057,0.056,0.056,2296082
HAV,20200505,0.11,0.11,0.1,0.1,956116
HAW,20200505,0.13,0.135,0.13,0.13,124889
HCD,20200505,0.022,0.03,0.022,0.03,40000
HCH,20200505,0.02,0.02,0.02,0.02,1541636
HCT,20200505,0.165,0.177,0.165,0.17,3402239
HE8,20200505,0.088,0.088,0.087,0.087,27293
HFR,20200505,0.38,0.385,0.38,0.38,43656
HGO,20200505,0.041,0.041,0.035,0.035,286811
HIL,20200505,0.185,0.185,0.175,0.175,241983
HIT,20200505,1.32,1.35,1.27,1.3,92366
HLA,20200505,0.79,0.79,0.75,0.76,44486
HLO,20200505,1.61,1.635,1.505,1.51,659712
HLS,20200505,2.55,2.55,2.43,2.45,643628
HLX,20200505,0.006,0.008,0.006,0.008,1363559
HM1,20200505,2.8,2.84,2.79,2.8,189390
HMC,20200505,2.49,2.92,2.48,2.53,139336
HMD,20200505,0.11,0.12,0.1,0.1,26150
HMX,20200505,0.022,0.022,0.021,0.021,97618
HNR,20200505,0.006,0.006,0.006,0.006,330841
HPI,20200505,2.45,2.58,2.45,2.54,374390
HRL,20200505,0.086,0.086,0.086,0.086,2019631
HRN,20200505,0.26,0.26,0.25,0.25,85767
HRR,20200505,0.044,0.045,0.044,0.044,287971
HSC,20200505,0.005,0.006,0.005,0.005,1957429
HSN,20200505,2.8,2.82,2.76,2.81,220444
HT1,20200505,1.1,1.15,1.1,1.14,43059
HT8,20200505,0.037,0.038,0.033,0.033,826252
HTA,20200505,0.145,0.145,0.145,0.145,5262
HTG,20200505,0.13,0.14,0.13,0.14,505330
HUB,20200505,9.9,10.22,9.81,9.97,152805
HUO,20200505,3.28,3.36,3.27,3.27,6472
HVM,20200505,0.275,0.28,0.23,0.245,736042
HVN,20200505,2.77,2.8,2.74,2.78,1845603
HWK,20200505,0.005,0.008,0.005,0.008,11874085
HXG,20200505,0.069,0.069,0.062,0.067,273942
HYD,20200505,0.105,0.115,0.105,0.115,9800
HZN,20200505,0.05,0.05,0.049,0.049,1108987
HZR,20200505,0.39,0.41,0.385,0.4,459013
IAA,20200505,90.01,91.23,90.01,90.91,6056
IAF,20200505,116.35,116.35,116.08,116.16,19370
IAG,20200505,5.48,5.51,5.38,5.49,7791306
IAP,20200505,1.015,1.03,1.01,1.01,486870
IBC,20200505,0.43,0.43,0.425,0.43,100911
IBG,20200505,0.009,0.009,0.008,0.008,1930000
IBX,20200505,0.016,0.017,0.015,0.016,13398718
ICE,20200505,0.165,0.17,0.165,0.165,252437
ICG,20200505,0.002,0.002,0.001,0.001,3207522
ICI,20200505,0.023,0.023,0.023,0.023,25000
ICN,20200505,0.009,0.009,0.009,0.009,120000
ICQ,20200505,0.202,0.205,0.202,0.205,36785
ICS,20200505,1.83,1.83,1.83,1.83,3750
ICT,20200505,0.04,0.04,0.04,0.04,126330
IDT,20200505,0.155,0.155,0.15,0.15,80682
IDX,20200505,3.2,3.23,3.11,3.12,293808
IDZ,20200505,0.004,0.005,0.004,0.005,255100
IEL,20200505,14.99,15.7,14.69,15.01,951175
IEM,20200505,55.79,55.98,54,54,22009
IEU,20200505,56.57,56.82,56.04,56.57,8838
IFL,20200505,4.16,4.31,4.07,4.28,806409
IFM,20200505,1.59,1.6,1.52,1.56,437606
IFN,20200505,0.54,0.555,0.53,0.535,1313430
IFT,20200505,4.2,4.2,4.2,4.2,200
IGB,20200505,115.32,115.32,114.89,114.89,826
IGL,20200505,0.72,0.755,0.685,0.715,872784
IGN,20200505,0.021,0.022,0.02,0.02,104002
IGO,20200505,4.49,4.66,4.49,4.65,3311332
IHD,20200505,10.67,10.82,10.67,10.82,21310
IHL,20200505,0.051,0.055,0.051,0.052,2277376
IHR,20200505,0.068,0.068,0.064,0.064,38036
IJH,20200505,247.86,249.05,247.86,249,8510
IJP,20200505,78.88,79.24,78.55,79.24,8227
IJR,20200505,94.76,94.99,94.35,94.88,291
IKE,20200505,0.61,0.61,0.6,0.6,3410
IKO,20200505,80.16,80.37,79.9,80.37,567
ILB,20200505,124.8,124.8,123.31,123.35,2162
ILC,20200505,20.94,21.12,20.94,21.1,31025
ILU,20200505,7.24,7.43,7.15,7.4,1178479
IMA,20200505,0.16,0.16,0.155,0.16,285051
IMD,20200505,0.985,1.005,0.955,0.985,1254378
IME,20200505,0.03,0.034,0.03,0.032,6112221
IMM,20200505,0.135,0.14,0.135,0.135,3443015
IMR,20200505,1.16,1.245,1.15,1.225,1043391
IMS,20200505,0.004,0.004,0.004,0.004,132500
IMU,20200505,0.026,0.03,0.026,0.029,42907569
INA,20200505,3.6,3.65,3.55,3.62,1854268
INF,20200505,0.03,0.03,0.03,0.03,46598
ING,20200505,3.33,3.35,3.18,3.26,3823138
INR,20200505,0.13,0.135,0.125,0.13,903096
IOO,20200505,76,76.99,75.38,75.52,21984
IOZ,20200505,21.88,22.14,21.88,22.12,383703
IP1,20200505,0.008,0.008,0.008,0.008,34310
IPD,20200505,0.039,0.039,0.038,0.039,10928681
IPH,20200505,7.49,7.53,7.375,7.43,420991
IPL,20200505,2.32,2.36,2.26,2.28,4680595
IPT,20200505,0.008,0.008,0.008,0.008,2002670
IRE,20200505,11.04,11.285,10.9,10.95,434864
IRI,20200505,3.15,3.2,3.1,3.16,180674
ISD,20200505,0.14,0.145,0.135,0.135,562887
ISO,20200505,4.07,4.09,4.06,4.06,9258
ISU,20200505,0.21,0.215,0.2,0.215,18888
ITG,20200505,0.275,0.28,0.245,0.265,45442
IVC,20200505,10.32,10.74,10.29,10.59,506831
IVE,20200505,86.33,87.06,85.76,86.23,836
IVR,20200505,0.012,0.012,0.012,0.012,48171
IVV,20200505,443.02,444.58,441.3,441.96,10480
IVX,20200505,0.008,0.008,0.008,0.008,91549
IXC,20200505,1.255,1.35,1.255,1.32,93985
IXI,20200505,78.93,78.93,77.76,77.96,2411
IXJ,20200505,104.02,104.33,103.44,103.66,15192
IXR,20200505,0.005,0.005,0.005,0.005,1566666
IZZ,20200505,58.42,58.93,58.25,58.43,4376
JAN,20200505,0.29,0.295,0.28,0.29,415619
JAT,20200505,0.048,0.048,0.044,0.046,2723442
JBH,20200505,33.8,34.21,33.32,33.95,552725
JCS,20200505,0.03,0.03,0.03,0.03,294847
JDR,20200505,0.011,0.011,0.011,0.011,399861
JHC,20200505,0.495,0.535,0.495,0.525,1096676
JHG,20200505,28.4,29.02,28.24,28.35,541306
JHX,20200505,21.54,22.3,21.32,21.82,2752767
JIN,20200505,12.05,12.17,11.58,11.89,413380
JLG,20200505,2.34,2.36,2.25,2.25,221537
JMS,20200505,0.28,0.285,0.27,0.28,4660192
JRV,20200505,0.21,0.225,0.205,0.22,2065615
JXT,20200505,0.04,0.045,0.04,0.045,211258
K2F,20200505,0.2,0.2,0.185,0.2,69721
KAI,20200505,0.01,0.011,0.01,0.011,2203637
KAR,20200505,0.51,0.555,0.505,0.555,5723151
KAU,20200505,0.27,0.27,0.25,0.25,528648
KCN,20200505,0.4,0.41,0.395,0.41,296188
KEY,20200505,0.004,0.004,0.004,0.004,1826305
KFE,20200505,0.032,0.036,0.032,0.033,1121469
KGM,20200505,0.01,0.011,0.01,0.011,417454
KGN,20200505,7.98,8.17,7.83,8.08,832549
KIN,20200505,0.067,0.08,0.067,0.08,1439046
KIS,20200505,0.037,0.037,0.037,0.037,134076
KKC,20200505,1.7,1.73,1.7,1.725,69112
KLA,20200505,66.4,66.4,65,65.45,2425
KMD,20200505,0.78,0.81,0.76,0.785,8552310
KME,20200505,0.975,0.975,0.92,0.925,107416
KMT,20200505,0.005,0.005,0.005,0.005,500000
KNM,20200505,0.016,0.018,0.016,0.017,3244710
KNO,20200505,0.067,0.067,0.067,0.067,15000
KOR,20200505,0.007,0.007,0.007,0.007,343954
KOV,20200505,3.7,3.7,3.6,3.6,2900
KP2,20200505,0.015,0.017,0.015,0.017,100968
KPO,20200505,0.024,0.024,0.022,0.023,1375513
KPT,20200505,0.92,0.92,0.89,0.89,16801
KRM,20200505,0.032,0.033,0.032,0.033,294879
KRR,20200505,0.041,0.05,0.041,0.05,6844622
KSC,20200505,1.46,1.475,1.455,1.455,27119
KSL,20200505,0.875,0.875,0.84,0.855,248110
KSM,20200505,1.67,1.67,1.67,1.67,8000
KSN,20200505,0.15,0.15,0.135,0.15,412265
KSS,20200505,0.185,0.185,0.18,0.185,255855
KTA,20200505,0.031,0.032,0.03,0.032,1054593
KTD,20200505,0.355,0.355,0.35,0.35,340239
KTG,20200505,0.145,0.16,0.14,0.14,246629
KWR,20200505,0.125,0.155,0.125,0.155,107425
KYK,20200505,0.082,0.085,0.079,0.079,385854
KZA,20200505,0.395,0.395,0.38,0.385,317066
KZR,20200505,0.385,0.415,0.38,0.405,443703
LAA,20200505,0.012,0.012,0.01,0.011,14902903
LAU,20200505,0.345,0.345,0.34,0.345,173944
LBT,20200505,0.115,0.12,0.115,0.115,176393
LCK,20200505,0.093,0.093,0.09,0.09,351345
LCL,20200505,0.053,0.063,0.05,0.052,9661964
LCM,20200505,0.145,0.145,0.145,0.145,3827
LCT,20200505,0.013,0.013,0.013,0.013,91620
LEG,20200505,0.18,0.18,0.175,0.175,3252179
LEP,20200505,4.15,4.15,4.09,4.12,204073
LEX,20200505,0.155,0.155,0.155,0.155,12945
LGP,20200505,0.305,0.315,0.3,0.31,207155
LI3,20200505,0.022,0.022,0.02,0.02,687539
LIC,20200505,7.42,7.69,7.39,7.6,93300
LIN,20200505,0.014,0.014,0.013,0.013,3037039
LIT,20200505,0.046,0.046,0.045,0.045,843473
LKE,20200505,0.034,0.035,0.034,0.034,2067504
LLC,20200505,12.23,12.27,11.69,11.69,9456938
LME,20200505,1.38,1.415,1.35,1.41,136717
LNK,20200505,3.61,3.69,3.58,3.67,1563194
LNU,20200505,0.014,0.014,0.012,0.013,12919582
LNY,20200505,0.004,0.004,0.004,0.004,3750000
LOM,20200505,0.049,0.049,0.046,0.048,636643
LON,20200505,0.135,0.135,0.125,0.125,16569
LOT,20200505,0.072,0.081,0.07,0.074,7107086
LOV,20200505,6.69,7.13,6.69,6.99,448118
LPD,20200505,0.007,0.008,0.007,0.007,8298796
LPE,20200505,0.205,0.205,0.205,0.205,10500
LPI,20200505,0.13,0.137,0.13,0.137,136482
LRS,20200505,0.003,0.003,0.002,0.003,1514306
LSF,20200505,1.06,1.11,1.06,1.08,2159050
LSH,20200505,0.036,0.036,0.032,0.032,61844
LSX,20200505,0.42,0.42,0.42,0.42,44176
LTR,20200505,0.105,0.105,0.1,0.1,811200
LVH,20200505,0.24,0.24,0.22,0.235,142940
LVT,20200505,0.235,0.235,0.215,0.225,1222795
LYC,20200505,1.705,1.755,1.695,1.75,5756565
LYL,20200505,4.39,4.4,4.35,4.35,2551
M7T,20200505,0.525,0.57,0.525,0.54,135728
M8S,20200505,0.11,0.11,0.1,0.1,473045
MA1,20200505,0.895,0.96,0.895,0.955,74852
MAD,20200505,0.8,0.8,0.8,0.8,5750
MAG,20200505,0.3,0.32,0.29,0.3,774740
MAH,20200505,0.215,0.215,0.21,0.215,549221
MAI,20200505,0.4,0.4,0.385,0.385,46083
MAM,20200505,0.3,0.3,0.3,0.3,8000
MAN,20200505,0.018,0.019,0.018,0.019,2216381
MAQ,20200505,26.75,27.07,26.75,27.07,1411
MAT,20200505,0.115,0.115,0.115,0.115,318699
MAU,20200505,0.8,0.8,0.775,0.78,10648
MAY,20200505,0.004,0.004,0.003,0.004,872262
MBK,20200505,0.011,0.011,0.008,0.008,10487246
MCA,20200505,0.115,0.125,0.115,0.12,91238
MCP,20200505,2.58,2.73,2.57,2.72,241302
MCR,20200505,0.6,0.615,0.6,0.61,112313
MCT,20200505,0.003,0.003,0.002,0.002,629836
MCX,20200505,0.066,0.066,0.066,0.066,47
MCY,20200505,4.22,4.25,4.22,4.25,511
MDC,20200505,0.25,0.25,0.235,0.235,47170
MDI,20200505,0.012,0.012,0.011,0.011,9938033
MDR,20200505,0.45,0.49,0.45,0.48,413073
MEA,20200505,0.18,0.185,0.18,0.185,200676
MEB,20200505,0.008,0.008,0.007,0.007,705474
MEI,20200505,0.012,0.012,0.012,0.012,3361873
MEL,20200505,0.024,0.024,0.024,0.024,16179
MEM,20200505,0.06,0.06,0.06,0.06,23666
MEP,20200505,0.043,0.045,0.04,0.042,1247020
MEU,20200505,0.042,0.044,0.042,0.042,910540
MEY,20200505,0.066,0.07,0.065,0.067,301467
MEZ,20200505,4.2,4.29,4.19,4.22,33632
MFD,20200505,0.745,0.745,0.73,0.73,16979
MFF,20200505,2.88,2.92,2.85,2.89,225971
MFG,20200505,48.88,50.59,48.4,50.53,712384
MGC,20200505,0.445,0.445,0.44,0.445,328310
MGE,20200505,4.01,4.01,3.98,3.98,372260
MGG,20200505,1.765,1.79,1.76,1.79,642533
MGL,20200505,0.016,0.016,0.016,0.016,12015
MGR,20200505,2.12,2.23,2.11,2.21,12523369
MGT,20200505,0.002,0.002,0.001,0.001,5750000
MGV,20200505,0.115,0.115,0.105,0.105,1897329
MGX,20200505,0.59,0.615,0.575,0.61,2084564
MHC,20200505,0.009,0.01,0.009,0.01,7844471
MHG,20200505,3.27,3.28,3.26,3.28,263061
MHH,20200505,1.39,1.415,1.39,1.41,519441
MHJ,20200505,0.335,0.335,0.325,0.33,151872
MIN,20200505,16.28,16.69,16.07,16.61,820873
MIO,20200505,0.096,0.096,0.096,0.096,12000
MIR,20200505,2.02,2.15,2.02,2.13,79889
MLD,20200505,0.76,0.795,0.75,0.77,289045
MLL,20200505,0.065,0.065,0.06,0.065,185383
MLT,20200505,3.78,3.87,3.78,3.87,152765
MLX,20200505,0.082,0.082,0.078,0.08,912912
MME,20200505,0.89,0.98,0.89,0.95,133041
MMI,20200505,0.098,0.098,0.095,0.095,1431270
MMJ,20200505,0.125,0.125,0.12,0.12,126353
MML,20200505,0.68,0.685,0.665,0.67,200272
MMM,20200505,1.18,1.25,1.14,1.2,1649005
MMS,20200505,6,6.62,5.95,6.57,745822
MND,20200505,9.26,9.65,9.21,9.58,492245
MNF,20200505,4.74,4.94,4.65,4.94,57530
MNS,20200505,0.051,0.052,0.05,0.051,380382
MNW,20200505,0.006,0.006,0.005,0.005,5522067
MNY,20200505,1.49,1.53,1.43,1.47,391267
MOB,20200505,0.05,0.05,0.05,0.05,125059
MOC,20200505,0.65,0.665,0.64,0.645,203933
MOE,20200505,2.35,2.45,2.31,2.39,136732
MOH,20200505,0.069,0.069,0.066,0.067,700378
MOT,20200505,1.655,1.705,1.64,1.67,112293
MOZ,20200505,0.555,0.58,0.555,0.56,63397
MP1,20200505,12.4,12.43,12.06,12.22,481321
MPH,20200505,0.16,0.16,0.16,0.16,1390
MPL,20200505,2.69,2.69,2.64,2.66,7193327
MPP,20200505,0.17,0.17,0.17,0.17,100000
MPW,20200505,0.036,0.036,0.036,0.036,42900
MQG,20200505,98.03,100.58,98.03,100.24,1137653
MRC,20200505,0.235,0.24,0.23,0.24,115870
MRG,20200505,0.014,0.014,0.014,0.014,1100072
MRM,20200505,0.077,0.079,0.076,0.076,364114
MRQ,20200505,0.007,0.007,0.006,0.006,3784766
MRR,20200505,0.009,0.009,0.009,0.009,435252
MRZ,20200505,0.16,0.16,0.16,0.16,7551
MSB,20200505,3.28,3.32,3.18,3.28,5838105
MSE,20200505,0.009,0.009,0.009,0.009,1136994
MSG,20200505,0.016,0.016,0.016,0.016,450000
MSM,20200505,0.012,0.012,0.01,0.012,1946867
MSR,20200505,0.004,0.004,0.003,0.004,50972283
MSV,20200505,0.4,0.4,0.38,0.38,615981
MTC,20200505,0.16,0.16,0.155,0.16,242541
MTH,20200505,0.006,0.006,0.006,0.006,15000
MTO,20200505,0.8,0.8,0.725,0.725,93453
MTS,20200505,2.51,2.51,2.425,2.44,5154950
MVA,20200505,17.16,17.51,17.16,17.48,21501
MVB,20200505,18.25,18.25,18,18.05,6397
MVE,20200505,24.01,24.24,24.01,24.24,1570
MVF,20200505,0.58,0.6,0.57,0.58,1201068
MVP,20200505,7.5,7.89,7.35,7.69,333473
MVR,20200505,24.2,24.58,24.2,24.58,3039
MVS,20200505,15.93,20.65,15.93,20.65,366
MVW,20200505,24.43,24.81,24.43,24.79,156086
MWR,20200505,0.084,0.086,0.084,0.086,124427
MWY,20200505,0.95,0.95,0.94,0.95,7593
MX1,20200505,0.14,0.14,0.14,0.14,904460
MXC,20200505,0.028,0.029,0.026,0.027,7760757
MXI,20200505,0.15,0.15,0.15,0.15,50000
MXR,20200505,0.031,0.031,0.029,0.03,686662
MXT,20200505,1.88,1.88,1.857,1.87,360906
MYE,20200505,0.76,0.81,0.75,0.75,25620
MYL,20200505,0.039,0.041,0.039,0.04,809608
MYQ,20200505,0.175,0.175,0.175,0.175,6200
MYR,20200505,0.195,0.195,0.19,0.195,2576578
MYS,20200505,3.77,3.88,3.77,3.81,60251
MYX,20200505,0.42,0.43,0.4,0.41,8450126
MZZ,20200505,0.205,0.23,0.205,0.23,1200995
NAB,20200505,16.73,16.99,16.56,16.99,28753496
NAG,20200505,0.051,0.051,0.051,0.051,82162
NAN,20200505,6.81,6.82,6.64,6.75,674848
NBI,20200505,1.68,1.68,1.62,1.63,154000
NC6,20200505,0.036,0.036,0.035,0.035,227353
NCC,20200505,0.77,0.77,0.77,0.77,57573
NCK,20200505,4.3,4.43,4.27,4.34,832338
NCL,20200505,0.028,0.028,0.028,0.028,9620
NCM,20200505,26.78,28.03,26.44,27.77,6648518
NCR,20200505,0.007,0.007,0.007,0.007,18333
NCZ,20200505,0.16,0.17,0.155,0.16,3487392
NDQ,20200505,23.31,23.41,23.28,23.3,145072
NEA,20200505,1.45,1.515,1.425,1.515,5124363
NEC,20200505,1.415,1.45,1.365,1.4,6219286
NES,20200505,0.035,0.035,0.035,0.035,12000
NET,20200505,0.05,0.05,0.046,0.046,4237169
NEU,20200505,1.425,1.52,1.425,1.52,32885
NEW,20200505,1.035,1.07,1.03,1.055,137854
NGI,20200505,1.245,1.3,1.24,1.29,472883
NHC,20200505,1.415,1.435,1.385,1.405,2078089
NHF,20200505,4.99,5.09,4.885,4.91,651099
NIC,20200505,0.545,0.6,0.545,0.555,6641140
NML,20200505,0.11,0.11,0.105,0.105,897082
NMT,20200505,0.16,0.16,0.155,0.155,808222
NNT,20200505,0.055,0.055,0.055,0.055,20000
NOR,20200505,0.027,0.027,0.027,0.027,73003
NOV,20200505,0.175,0.175,0.17,0.17,120000
NOX,20200505,0.195,0.205,0.19,0.195,436982
NSB,20200505,0.19,0.19,0.18,0.18,28000
NSC,20200505,0.46,0.49,0.455,0.49,195524
NST,20200505,12.5,12.86,12.34,12.77,2952729
NSX,20200505,0.12,0.12,0.117,0.12,47410
NTD,20200505,0.255,0.26,0.25,0.25,206163
NTL,20200505,0.007,0.007,0.006,0.006,353335
NTM,20200505,0.079,0.079,0.078,0.078,163000
NTO,20200505,1.42,1.57,1.4,1.44,590772
NTU,20200505,0.022,0.023,0.022,0.023,3969446
NUC,20200505,3.05,3.09,3.05,3.09,34411
NUF,20200505,5.31,5.33,5.095,5.14,1642349
NUH,20200505,0.016,0.016,0.016,0.016,816124
NUS,20200505,0.225,0.23,0.215,0.22,73687
NVA,20200505,0.049,0.055,0.049,0.053,8162927
NVU,20200505,0.069,0.225,0.069,0.12,19276789
NVX,20200505,0.355,0.355,0.35,0.35,28290
NWC,20200505,0.013,0.014,0.013,0.014,1129200
NWE,20200505,0.002,0.003,0.002,0.003,485250
NWF,20200505,0.185,0.19,0.185,0.185,5500
NWH,20200505,1.52,1.565,1.467,1.555,4043879
NWL,20200505,7.21,7.57,7.21,7.49,590400
NWM,20200505,0.15,0.18,0.15,0.18,70721
NWS,20200505,15.26,15.6,15.26,15.6,62592
NXS,20200505,1.61,1.67,1.6,1.65,47650
NXT,20200505,9.61,9.76,9.44,9.45,2728513
NYR,20200505,0.175,0.18,0.175,0.175,67404
NZS,20200505,0.016,0.016,0.016,0.016,220000
OAR,20200505,0.003,0.003,0.002,0.002,20735228
OAU,20200505,0.018,0.02,0.018,0.02,140000
OBL,20200505,4.08,4.08,3.66,3.76,988965
OBM,20200505,0.185,0.185,0.175,0.18,318158
OCA,20200505,0.7,0.7,0.7,0.7,12000
OCC,20200505,0.325,0.342,0.325,0.33,364439
OCL,20200505,5.9,6.12,5.9,6.09,24533
ODM,20200505,0.035,0.035,0.032,0.032,375921
OEC,20200505,0.75,0.81,0.75,0.78,122452
OEL,20200505,0.007,0.007,0.006,0.007,7184161
OEX,20200505,0.003,0.003,0.002,0.002,2061000
OFX,20200505,1.23,1.265,1.21,1.25,565382
OGA,20200505,0.099,0.099,0.095,0.095,14000
OGC,20200505,2.4,2.47,2.37,2.43,499164
OKU,20200505,0.32,0.32,0.315,0.32,822823
OLI,20200505,0.042,0.044,0.042,0.044,1395631
OLL,20200505,0.2,0.205,0.195,0.2,400442
OMH,20200505,0.345,0.36,0.345,0.345,54960
OML,20200505,0.95,0.995,0.95,0.965,3851082
ONE,20200505,0.056,0.058,0.056,0.058,77411
ONT,20200505,5.1,5.1,5.09,5.09,360
OOO,20200505,2.79,2.85,2.78,2.85,1660533
OPC,20200505,4.39,4.69,4.39,4.69,47361
OPH,20200505,2.32,2.35,2.28,2.28,165222
OPL,20200505,0.073,0.073,0.073,0.073,10109
OPT,20200505,2.48,2.6,2.45,2.58,269594
OPY,20200505,1.2,1.25,1.19,1.205,1041107
ORA,20200505,2.47,2.49,2.44,2.48,4068811
ORE,20200505,2.08,2.16,2.08,2.16,1127823
ORG,20200505,5.39,5.63,5.36,5.55,7612960
ORI,20200505,16.7,16.96,16.67,16.9,848421
ORR,20200505,0.32,0.32,0.32,0.32,15000
OSH,20200505,2.92,2.99,2.9,2.96,13383250
OSL,20200505,0.11,0.125,0.11,0.117,3694885
OSP,20200505,0.01,0.01,0.01,0.01,2488804
OSX,20200505,0.6,0.6,0.59,0.59,44257
OTW,20200505,2.6,2.75,2.57,2.6,56928
OVH,20200505,0.23,0.23,0.215,0.22,239241
OVN,20200505,0.27,0.29,0.27,0.28,794034
OVT,20200505,0.02,0.02,0.015,0.015,537085
OZF,20200505,13.81,13.92,13.81,13.92,1096
OZG,20200505,0.15,0.15,0.15,0.15,350000
OZL,20200505,8.39,8.9,8.39,8.63,1512418
OZR,20200505,9.51,9.72,9.5,9.72,37146
PAA,20200505,0.105,0.105,0.102,0.105,197833
PAC,20200505,4.77,4.85,4.7,4.84,41677
PAF,20200505,0.715,0.715,0.675,0.695,47292
PAI,20200505,0.965,0.985,0.965,0.965,215646
PAL,20200505,0.7,0.75,0.7,0.705,10755
PAR,20200505,1.87,1.875,1.79,1.845,997348
PBH,20200505,4.18,4.57,4.18,4.51,1217524
PBP,20200505,1.97,1.97,1.91,1.93,36941
PCI,20200505,0.94,0.945,0.915,0.92,389993
PCK,20200505,0.15,0.155,0.145,0.15,4398542
PDI,20200505,0.066,0.067,0.058,0.059,32776327
PDL,20200505,5.27,5.42,5.25,5.38,636124
PDN,20200505,0.11,0.115,0.097,0.105,15294357
PDZ,20200505,0.125,0.135,0.125,0.135,2730
PE1,20200505,1.45,1.455,1.38,1.38,88779
PEC,20200505,0.027,0.027,0.02,0.022,605000
PEK,20200505,0.02,0.02,0.018,0.02,2116499
PEN,20200505,0.145,0.15,0.135,0.135,1629029
PET,20200505,0.49,0.51,0.48,0.485,1949239
PEX,20200505,0.13,0.135,0.13,0.135,11000
PFG,20200505,0.049,0.049,0.049,0.049,52408
PFP,20200505,2.72,2.74,2.66,2.66,32836
PFT,20200505,0.215,0.215,0.2,0.205,462545
PG1,20200505,0.095,0.095,0.095,0.095,5300
PGC,20200505,0.16,0.175,0.155,0.167,555286
PGF,20200505,0.89,0.89,0.875,0.88,108185
PGG,20200505,1.46,1.47,1.45,1.45,155341
PGH,20200505,1.865,1.895,1.84,1.865,251685
PGL,20200505,0.905,0.91,0.885,0.905,44649
PGM,20200505,0.015,0.017,0.015,0.017,2357982
PIA,20200505,0.975,0.98,0.97,0.98,86129
PIC,20200505,0.85,0.855,0.835,0.835,212456
PIO,20200505,0.011,0.012,0.011,0.012,722454
PIQ,20200505,0.33,0.34,0.305,0.34,54000
PKD,20200505,0.04,0.04,0.04,0.04,86357
PKS,20200505,0.15,0.16,0.15,0.16,645709
PL8,20200505,0.97,1.01,0.97,1.01,383595
PLL,20200505,0.093,0.105,0.093,0.1,2065203
PLS,20200505,0.205,0.21,0.205,0.205,1768054
PM1,20200505,0.013,0.014,0.012,0.014,3468202
PM8,20200505,0.205,0.21,0.2,0.2,538100
PMC,20200505,1.2,1.21,1.19,1.205,143256
PME,20200505,25.24,26.16,25.24,26.13,267627
PMV,20200505,15.3,15.74,15.23,15.37,403197
PMY,20200505,0.004,0.005,0.004,0.005,2410001
PNC,20200505,0.23,0.24,0.22,0.22,776599
PNI,20200505,3.57,3.66,3.49,3.52,530970
PNN,20200505,0.002,0.002,0.002,0.002,480050
PNR,20200505,0.135,0.14,0.135,0.14,471966
PNV,20200505,2.12,2.35,2.085,2.29,9501463
PNX,20200505,0.008,0.008,0.008,0.008,90000
PO3,20200505,2.15,2.18,2.12,2.18,5991
POS,20200505,0.034,0.034,0.033,0.033,71412
POU,20200505,18.93,18.93,18.9,18.9,1760
PPC,20200505,0.74,0.79,0.735,0.79,29784
PPE,20200505,1.63,1.745,1.61,1.675,289417
PPG,20200505,0.12,0.135,0.12,0.13,448925
PPH,20200505,4.28,4.39,4.23,4.37,258633
PPK,20200505,2.94,3.1,2.85,3,133634
PPS,20200505,0.32,0.33,0.315,0.32,930953
PPT,20200505,28.05,28.97,27.92,28.91,114889
PRM,20200505,0.001,0.001,0.001,0.001,2332000
PRN,20200505,0.89,0.905,0.87,0.88,4918593
PRO,20200505,0.47,0.53,0.47,0.53,40103
PRT,20200505,0.1,0.1,0.099,0.1,1321543
PRU,20200505,0.97,1,0.945,1,7159164
PSI,20200505,2.27,2.31,2.27,2.3,82894
PSQ,20200505,1.24,1.24,1.205,1.23,8676
PSZ,20200505,0.024,0.024,0.024,0.024,279095
PTL,20200505,0.38,0.38,0.355,0.36,449529
PTM,20200505,3.46,3.46,3.42,3.46,531576
PTR,20200505,0.06,0.06,0.06,0.06,50000
PTX,20200505,0.042,0.042,0.04,0.042,872083
PUA,20200505,0.013,0.014,0.013,0.014,283874
PVE,20200505,0.039,0.039,0.039,0.039,15000
PVS,20200505,1.37,1.37,1.37,1.37,10400
PWG,20200505,0.85,0.88,0.85,0.88,3141
PWH,20200505,3.68,3.68,3.56,3.56,60619
PWN,20200505,0.004,0.004,0.004,0.004,443000
PXS,20200505,0.092,0.092,0.089,0.09,279759
PXX,20200505,0.017,0.017,0.016,0.016,547054
PYC,20200505,0.074,0.074,0.072,0.073,413976
QAG,20200505,4.69,4.69,4.69,4.69,888
QAN,20200505,3.7,3.76,3.58,3.62,14373024
QAU,20200505,16.89,16.89,16.76,16.86,33679
QBE,20200505,7.7,7.83,7.67,7.75,6531183
QCB,20200505,5.75,5.9,5.75,5.9,2606
QEM,20200505,0.07,0.079,0.07,0.079,236641
QFN,20200505,7.69,7.72,7.69,7.72,1684
QFY,20200505,0.002,0.002,0.002,0.002,250000
QGL,20200505,0.037,0.037,0.037,0.037,13000
QHL,20200505,0.07,0.07,0.069,0.07,843520
QOZ,20200505,10.51,10.58,10.49,10.56,62262
QRE,20200505,5.19,5.28,5.19,5.28,8405
QRI,20200505,1.405,1.41,1.4,1.4,90212
QTM,20200505,0.042,0.042,0.042,0.042,12000
QUB,20200505,2.58,2.65,2.53,2.61,10975961
QUS,20200505,33.49,33.52,33.47,33.51,1551
QVE,20200505,0.775,0.785,0.77,0.775,235177
RAC,20200505,0.295,0.365,0.295,0.36,703900
RAG,20200505,0.004,0.004,0.004,0.004,100000
RAN,20200505,0.009,0.009,0.009,0.009,300000
RAP,20200505,0.165,0.17,0.165,0.165,500513
RBL,20200505,0.77,0.845,0.725,0.83,1838735
RCB,20200505,21.06,21.06,21,21.06,6834
RCE,20200505,0.4,0.4,0.37,0.375,477175
RCL,20200505,0.295,0.3,0.295,0.3,86748
RCT,20200505,2.09,2.1,2.04,2.04,5358
RDC,20200505,0.645,0.645,0.62,0.62,532198
RDF,20200505,0.375,0.375,0.35,0.35,50000
RDG,20200505,0.024,0.024,0.022,0.023,974908
RDH,20200505,0.535,0.535,0.535,0.535,2800
RDM,20200505,0.085,0.085,0.081,0.081,145631
RDN,20200505,0.006,0.006,0.006,0.006,1403334
RDV,20200505,21.39,21.53,21.36,21.53,9483
RDY,20200505,1.4,1.4,1.39,1.395,3005
REA,20200505,85.88,88.19,85.78,87.1,263064
RED,20200505,0.195,0.197,0.19,0.195,4585680
REE,20200505,0.027,0.03,0.027,0.029,583625
REG,20200505,1.54,1.575,1.415,1.44,992621
REH,20200505,8.15,8.26,8.05,8.24,462256
RES,20200505,0.047,0.047,0.043,0.046,106010
REX,20200505,0.85,0.87,0.845,0.845,62643
REZ,20200505,0.017,0.019,0.017,0.017,8864058
RF1,20200505,2.05,2.07,2.05,2.05,34658
RFF,20200505,1.94,1.94,1.89,1.91,443968
RFG,20200505,0.05,0.059,0.049,0.055,15626067
RFN,20200505,0.001,0.002,0.001,0.001,6970301
RFT,20200505,0.031,0.031,0.031,0.031,429928
RFX,20200505,0.031,0.032,0.03,0.03,904108
RGB,20200505,23.62,23.64,23.6,23.6,5025
RGI,20200505,0.072,0.072,0.07,0.07,55345
RGS,20200505,0.07,0.07,0.07,0.07,100000
RHC,20200505,63,63.82,62.21,63.15,656787
RHP,20200505,1.74,1.75,1.675,1.7,485019
RHT,20200505,0.13,0.13,0.13,0.13,304273
RHY,20200505,0.091,0.091,0.091,0.091,86267
RIC,20200505,0.705,0.72,0.7,0.72,207082
RIM,20200505,0.005,0.006,0.005,0.006,15887549
RIO,20200505,82.12,83.06,81.63,82.75,1323805
RKN,20200505,0.575,0.575,0.57,0.57,5058
RLC,20200505,0.002,0.002,0.002,0.002,150000
RLE,20200505,0.019,0.019,0.017,0.017,247500
RLG,20200505,0.023,0.024,0.022,0.023,1181895
RLT,20200505,0.92,0.982,0.91,0.97,10104
RMC,20200505,0.82,0.84,0.81,0.825,241483
RMD,20200505,24.16,24.23,23.73,23.85,1584488
RML,20200505,0.063,0.066,0.063,0.065,1485098
RMS,20200505,1.36,1.37,1.332,1.345,12179808
RMX,20200505,0.003,0.003,0.003,0.003,664001
RMY,20200505,0.255,0.26,0.245,0.245,103102
RND,20200505,1.9,1.9,1.9,1.9,4420
RNE,20200505,0.022,0.022,0.022,0.022,3978
RNT,20200505,0.039,0.04,0.039,0.04,356435
RNU,20200505,0.006,0.008,0.006,0.008,202175
ROO,20200505,0.02,0.02,0.02,0.02,17522
RRL,20200505,4.54,4.71,4.51,4.6,3692104
RSG,20200505,0.91,0.932,0.905,0.915,8808889
RSH,20200505,0.07,0.07,0.068,0.07,249273
RSM,20200505,21.82,21.82,21.82,21.82,198
RTR,20200505,0.069,0.069,0.066,0.068,455756
RUL,20200505,0.96,0.96,0.935,0.935,15019
RVR,20200505,0.063,0.064,0.061,0.062,695315
RVS,20200505,0.39,0.39,0.38,0.38,11101
RWC,20200505,2.48,2.52,2.41,2.45,2678615
RWD,20200505,0.135,0.135,0.135,0.135,10000
RXH,20200505,0.004,0.004,0.004,0.004,27512
RXL,20200505,0.026,0.026,0.026,0.026,3434526
RXM,20200505,0.056,0.056,0.056,0.056,17807
RXP,20200505,0.27,0.27,0.26,0.27,69534
RZI,20200505,0.6,0.64,0.6,0.62,201963
S32,20200505,1.865,1.91,1.86,1.89,20234544
SAR,20200505,4.25,4.38,4.18,4.37,6933454
SAU,20200505,0.12,0.12,0.12,0.12,42000
SBM,20200505,2.5,2.56,2.5,2.53,3722966
SBR,20200505,0.001,0.001,0.001,0.001,492525
SBW,20200505,0.07,0.07,0.067,0.067,395000
SCG,20200505,2.12,2.22,2.12,2.18,21955024
SCI,20200505,0.009,0.01,0.009,0.009,892700
SCL,20200505,0.013,0.017,0.013,0.013,13625949
SCP,20200505,2.16,2.21,2.15,2.2,3542940
SCU,20200505,0.01,0.01,0.01,0.01,100000
SDF,20200505,3.05,3.11,3.02,3.05,1595697
SDI,20200505,0.73,0.73,0.73,0.73,4887
SDV,20200505,0.675,0.73,0.66,0.71,1995857
SDX,20200505,0.056,0.056,0.053,0.053,28621
SE1,20200505,0.02,0.02,0.018,0.018,722967
SEC,20200505,1.21,1.235,1.2,1.235,38834
SEI,20200505,0.024,0.024,0.024,0.024,4501
SEK,20200505,16,16.75,16,16.63,1246271
SEN,20200505,0.046,0.046,0.045,0.046,337955
SEQ,20200505,0.185,0.185,0.185,0.185,200000
SER,20200505,0.004,0.004,0.004,0.004,24750
SES,20200505,0.06,0.06,0.06,0.06,221
SF1,20200505,0.013,0.013,0.013,0.013,63
SFC,20200505,10.34,10.35,10.22,10.35,1053
SFG,20200505,0.058,0.058,0.054,0.055,637109
SFR,20200505,4.2,4.35,4.11,4.16,1205810
SFX,20200505,0.097,0.099,0.096,0.096,270101
SFY,20200505,49.16,49.43,49,49.42,27321
SGC,20200505,0.019,0.019,0.015,0.015,735800
SGF,20200505,1.335,1.4,1.305,1.385,149699
SGH,20200505,0.59,0.625,0.59,0.625,21000
SGM,20200505,6.7,6.87,6.63,6.8,703747
SGP,20200505,2.63,2.75,2.62,2.7,6705252
SGR,20200505,2.71,2.83,2.66,2.69,3717858
SHJ,20200505,0.775,0.775,0.76,0.76,2379
SHL,20200505,26.4,26.65,26.26,26.37,1500128
SHO,20200505,0.029,0.029,0.028,0.029,277036
SHV,20200505,7.4,7.57,7.39,7.45,202688
SIG,20200505,0.585,0.59,0.565,0.575,965224
SIQ,20200505,5.14,5.57,5.14,5.46,645841
SIV,20200505,0.6,0.675,0.6,0.67,71012
SKC,20200505,2.38,2.41,2.32,2.34,851702
SKF,20200505,0.122,0.13,0.122,0.13,262647
SKI,20200505,1.91,1.95,1.89,1.93,5277553
SKN,20200505,0.07,0.073,0.07,0.07,4878780
SKO,20200505,2.2,2.2,2.06,2.07,206236
SKT,20200505,0.28,0.29,0.275,0.285,289655
SKY,20200505,0.325,0.34,0.32,0.34,1215717
SLC,20200505,0.785,0.83,0.77,0.815,1351888
SLF,20200505,9.69,9.98,9.69,9.94,136151
SLK,20200505,3.56,3.57,3.38,3.4,209536
SLM,20200505,0.85,0.85,0.815,0.827,116504
SLR,20200505,1.945,1.965,1.905,1.945,6968093
SLX,20200505,0.385,0.39,0.355,0.37,305257
SM1,20200505,6.57,6.57,6.45,6.53,113340
SMI,20200505,0.003,0.003,0.003,0.003,4537957
SMN,20200505,0.39,0.39,0.375,0.38,140167
SMP,20200505,0.355,0.37,0.355,0.37,167457
SMR,20200505,1,1.005,1,1,5036123
SNC,20200505,0.66,0.66,0.615,0.635,161326
SNL,20200505,3.52,3.52,3.47,3.47,9419
SNS,20200505,0.1,0.1,0.1,0.1,19750
SNZ,20200505,5.53,5.53,5.51,5.53,549
SO4,20200505,0.375,0.39,0.355,0.39,2009236
SOL,20200505,17.59,17.97,17.56,17.69,449281
SOM,20200505,1.1,1.12,1.1,1.11,9153
SOP,20200505,0.022,0.022,0.022,0.022,41241
SOR,20200505,0.051,0.055,0.05,0.055,342082
SP3,20200505,0.062,0.07,0.062,0.07,297985
SPK,20200505,4.19,4.23,4.15,4.17,691291
SPL,20200505,1.01,1.03,0.98,0.98,311309
SPQ,20200505,0.004,0.005,0.004,0.005,320690
SPT,20200505,0.465,0.495,0.45,0.45,2550228
SPX,20200505,0.15,0.155,0.15,0.15,451469
SPY,20200505,440.8,442.75,440.8,441.47,29
SPZ,20200505,0.11,0.115,0.105,0.105,95000
SRG,20200505,0.235,0.24,0.235,0.24,311928
SRI,20200505,0.041,0.041,0.041,0.041,11686
SRK,20200505,0.042,0.042,0.042,0.042,40000
SRV,20200505,2.4,2.56,2.35,2.35,47814
SRY,20200505,0.012,0.012,0.012,0.012,8500000
SRZ,20200505,0.007,0.007,0.007,0.007,57500
SSG,20200505,0.425,0.43,0.4,0.4,173411
SSM,20200505,2.02,2.08,1.97,2.02,2834963
STA,20200505,0.13,0.13,0.125,0.125,23151
STG,20200505,0.86,0.86,0.85,0.86,5426
STM,20200505,0.006,0.006,0.006,0.006,194445
STN,20200505,0.39,0.4,0.39,0.39,45198
STO,20200505,4.69,4.86,4.64,4.83,12724312
STW,20200505,49.61,50.19,49.59,50.18,247241
STX,20200505,0.13,0.132,0.13,0.13,1486412
SUD,20200505,0.047,0.047,0.047,0.047,22000
SUL,20200505,6.18,6.3,6.07,6.19,1067055
SUN,20200505,8.7,8.89,8.665,8.89,3158660
SVA,20200505,0.024,0.024,0.024,0.024,6747
SVD,20200505,0.01,0.01,0.01,0.01,120000
SVL,20200505,0.082,0.082,0.08,0.08,1144784
SVM,20200505,0.13,0.13,0.122,0.125,405085
SVW,20200505,13.38,13.83,13.2,13.8,431254
SVY,20200505,0.41,0.41,0.38,0.405,448514
SW1,20200505,0.018,0.018,0.018,0.018,225000
SWF,20200505,0.225,0.23,0.215,0.23,1429775
SWK,20200505,0.12,0.12,0.12,0.12,8000
SWM,20200505,0.083,0.084,0.081,0.083,4544210
SXA,20200505,0.036,0.045,0.036,0.045,89337
SXE,20200505,0.46,0.465,0.435,0.445,289534
SXL,20200505,0.135,0.14,0.13,0.135,17864167
SXY,20200505,0.205,0.205,0.195,0.195,3357088
SYA,20200505,0.007,0.007,0.006,0.006,29782142
SYD,20200505,5.9,5.93,5.68,5.68,10001240
SYI,20200505,21.8,22.03,21.8,22,6616
SYR,20200505,0.235,0.24,0.225,0.23,3101923
SZL,20200505,1.82,1.965,1.8,1.8,421602
TAH,20200505,3.08,3.14,3.07,3.13,3416481
TAM,20200505,0.041,0.043,0.041,0.043,513000
TAO,20200505,0.058,0.058,0.052,0.053,620916
TAP,20200505,0.077,0.077,0.072,0.077,308500
TAS,20200505,0.036,0.036,0.035,0.035,100000
TBL,20200505,0.15,0.15,0.15,0.15,179999
TBR,20200505,6.48,6.75,6.29,6.48,63752
TCL,20200505,13.8,13.89,13.6,13.8,5764919
TD1,20200505,0.028,0.031,0.028,0.031,2604077
TDI,20200505,1.595,1.6,1.585,1.6,30780
TEG,20200505,0.029,0.029,0.029,0.029,52000
TEK,20200505,0.235,0.25,0.235,0.24,656098
TER,20200505,0.115,0.12,0.11,0.115,1133786
TFL,20200505,0.096,0.096,0.096,0.096,5250
TGA,20200505,0.135,0.145,0.135,0.145,474374
TGF,20200505,1.14,1.17,1.14,1.15,70942
TGG,20200505,1.12,1.12,1.11,1.11,108267
TGH,20200505,0.185,0.2,0.185,0.195,186516
TGM,20200505,0.21,0.21,0.21,0.21,2390
TGN,20200505,0.1,0.105,0.1,0.1,185039
TGP,20200505,0.88,0.89,0.87,0.87,122219
TGR,20200505,3.74,3.77,3.69,3.77,1662954
THC,20200505,0.315,0.315,0.3,0.305,223206
THR,20200505,0.007,0.007,0.005,0.006,3095289
TIE,20200505,0.322,0.355,0.32,0.345,3248649
TIP,20200505,0.62,0.62,0.62,0.62,845
TKM,20200505,0.013,0.013,0.013,0.013,46270
TLG,20200505,0.36,0.36,0.33,0.33,112982
TLM,20200505,0.085,0.085,0.075,0.075,358671
TLS,20200505,3.1,3.105,3.05,3.09,20083271
TLT,20200505,2.97,3,2.96,2.99,16266
TLX,20200505,1.32,1.4,1.32,1.4,529165
TMG,20200505,0.076,0.076,0.076,0.076,13000
TMR,20200505,0.19,0.205,0.18,0.18,898298
TMT,20200505,0.13,0.13,0.13,0.13,72200
TMX,20200505,0.005,0.005,0.005,0.005,190000
TMZ,20200505,0.017,0.017,0.017,0.017,100000
TNE,20200505,9.63,9.65,9.19,9.64,1365378
TNG,20200505,0.059,0.06,0.056,0.057,1605880
TNK,20200505,0.805,0.835,0.805,0.82,31250
TNR,20200505,0.018,0.019,0.018,0.018,1539805
TNT,20200505,0.057,0.057,0.053,0.056,2407904
TNY,20200505,1.04,1.04,1.005,1.005,15664
TOE,20200505,0.008,0.009,0.008,0.009,1768347
TON,20200505,0.034,0.034,0.034,0.034,58774
TOP,20200505,0.445,0.45,0.445,0.445,61000
TOT,20200505,0.865,0.88,0.857,0.86,328223
TOU,20200505,0.08,0.08,0.075,0.075,59072
TPM,20200505,6.96,7.17,6.93,7.14,1117282
TPW,20200505,3.61,3.78,3.59,3.6,1618878
TRL,20200505,0.014,0.018,0.014,0.018,252000
TRS,20200505,3.45,3.45,3.32,3.33,66381
TRY,20200505,0.077,0.077,0.073,0.075,255276
TSC,20200505,0.006,0.007,0.006,0.007,240000
TSO,20200505,0.055,0.06,0.054,0.056,6579090
TTB,20200505,0.47,0.49,0.47,0.49,39858
TTM,20200505,0.053,0.053,0.046,0.05,5110443
TTT,20200505,0.72,0.75,0.7,0.74,120929
TWD,20200505,2.4,2.4,2.39,2.39,1000
TWE,20200505,9.83,10.01,9.77,9.97,2211397
TWR,20200505,0.58,0.585,0.58,0.585,2445
TYM,20200505,0.035,0.036,0.032,0.032,577264
TYR,20200505,2.79,3.02,2.7,3,2773451
TZL,20200505,0.045,0.047,0.042,0.042,230049
UBA,20200505,17.91,17.91,17.91,17.91,400
UBI,20200505,0.22,0.22,0.22,0.22,25711
UBJ,20200505,23.4,23.4,23.4,23.4,2750
UBN,20200505,0.052,0.052,0.05,0.05,70174
UBP,20200505,27.12,27.12,27.12,27.12,100
UBW,20200505,27.57,27.9,27.57,27.7,1500
UCM,20200505,0.24,0.24,0.235,0.24,102008
UCW,20200505,0.086,0.086,0.084,0.084,10826
UMG,20200505,4.01,4.12,3.98,4,1049914
UNV,20200505,0.155,0.155,0.15,0.15,101550
UOS,20200505,0.685,0.705,0.685,0.705,5752
URF,20200505,0.25,0.255,0.25,0.252,74101
URW,20200505,4.2,4.28,4.16,4.23,2370833
USD,20200505,15.15,15.15,15.06,15.06,144938
UUV,20200505,0.001,0.001,0.001,0.001,263500
UWL,20200505,1.45,1.515,1.43,1.47,1526965
VAE,20200505,63.95,64.55,63.7,64.05,17197
VAF,20200505,52.7,52.72,52.61,52.66,31461
VAL,20200505,0.001,0.001,0.001,0.001,200000
VAN,20200505,0.125,0.125,0.125,0.125,26000
VAP,20200505,62.26,63.92,61.9,63.57,55480
VAS,20200505,67.82,68.66,67.78,68.61,154326
VCF,20200505,49.4,49.7,49.27,49.47,5185
VCX,20200505,1.37,1.405,1.36,1.385,13338247
VEA,20200505,1.445,1.485,1.42,1.475,3559912
VEE,20200505,0.425,0.45,0.42,0.42,19836
VEN,20200505,0.046,0.046,0.042,0.042,268612
VEQ,20200505,50.2,50.33,50.09,50.31,1925
VEU,20200505,66.99,67.11,66.65,66.89,58181
VG1,20200505,2.11,2.12,2.09,2.11,92158
VG8,20200505,2.15,2.15,2.13,2.13,146667
VGB,20200505,53.97,53.97,53.84,53.9,33433
VGE,20200505,61.48,61.96,61.25,61.42,7633
VGI,20200505,9.71,9.9,9.7,9.89,6961
VGL,20200505,1.14,1.145,1.105,1.105,46556
VGS,20200505,75.49,75.57,75.01,75.14,29748
VHT,20200505,1.3,1.3,1.245,1.28,1001151
VHY,20200505,45.84,46.37,45.84,46.34,61795
VIC,20200505,0.001,0.001,0.001,0.001,49874220
VIF,20200505,51.74,51.97,51.71,51.96,6220
VIP,20200505,0.034,0.037,0.034,0.035,1391284
VLC,20200505,54.75,54.93,54.75,54.93,109
VLT,20200505,0.175,0.19,0.175,0.19,27954
VMC,20200505,0.165,0.165,0.165,0.165,18000
VMG,20200505,0.002,0.002,0.002,0.002,300000
VML,20200505,0.01,0.01,0.009,0.01,4285004
VMS,20200505,0.015,0.015,0.014,0.015,1284900
VMT,20200505,0.15,0.175,0.15,0.17,784948
VMX,20200505,0.17,0.17,0.17,0.17,67982
VMY,20200505,0.049,0.049,0.045,0.049,937181
VN8,20200505,0.13,0.135,0.11,0.11,520443
VOC,20200505,2.85,2.94,2.84,2.88,877735
VOR,20200505,0.14,0.14,0.13,0.13,140817
VR1,20200505,0.018,0.019,0.018,0.019,550000
VR8,20200505,0.016,0.016,0.015,0.015,210965
VRC,20200505,0.006,0.006,0.006,0.006,180000
VRL,20200505,1.955,1.955,1.85,1.855,210465
VRT,20200505,3.05,3.1,2.86,2.94,343855
VRX,20200505,0.09,0.098,0.09,0.098,493206
VSO,20200505,49.16,49.69,49,49,5241
VTG,20200505,1,1.02,0.95,0.965,321888
VTH,20200505,0.705,0.72,0.695,0.705,112902
VTI,20200505,0.016,0.016,0.016,0.016,400001
VTS,20200505,221.21,222.49,221.05,221.48,11625
VUK,20200505,1.42,1.435,1.39,1.42,5100686
VUL,20200505,0.22,0.22,0.2,0.21,105116
VVA,20200505,2.05,2.12,2.04,2.07,58764
VVR,20200505,2.28,2.34,2.28,2.34,3453026
VXR,20200505,0.067,0.067,0.053,0.053,439121
VYS,20200505,0.053,0.056,0.052,0.055,90822
WAA,20200505,0.9,0.9,0.87,0.88,17450
WAF,20200505,0.755,0.79,0.755,0.785,4646654
WAM,20200505,1.87,1.9,1.855,1.865,420451
WAX,20200505,1.2,1.22,1.2,1.215,24796
WBC,20200505,15.95,16.2,15.84,16.2,11678036
WBE,20200505,0.005,0.005,0.004,0.004,1319627
WBT,20200505,0.375,0.385,0.365,0.37,55211
WCN,20200505,0.005,0.005,0.005,0.005,220000
WEB,20200505,2.77,2.82,2.68,2.71,6543917
WEL,20200505,0.017,0.017,0.016,0.016,548065
WES,20200505,36.77,37.27,36.61,37.05,1523993
WGB,20200505,1.87,1.93,1.87,1.93,143140
WGN,20200505,0.925,0.93,0.8,0.86,355577
WGO,20200505,0.12,0.125,0.12,0.12,335398
WGX,20200505,2.07,2.21,2.04,2.2,974964
WHC,20200505,1.76,1.792,1.72,1.775,4718313
WHF,20200505,4.41,4.45,4.37,4.44,8035
WHK,20200505,0.056,0.056,0.054,0.054,413343
WIC,20200505,0.81,0.81,0.805,0.805,5255
WKT,20200505,0.155,0.155,0.14,0.14,75012
WLD,20200505,0.041,0.041,0.041,0.041,23888
WLE,20200505,1,1.02,0.995,1.02,565046
WMI,20200505,1.08,1.115,1.08,1.08,93809
WML,20200505,0.015,0.015,0.014,0.015,756831
WNB,20200505,0.012,0.013,0.011,0.011,29900754
WND,20200505,0.965,0.965,0.955,0.96,37605
WNR,20200505,0.25,0.25,0.25,0.25,2010
WOR,20200505,8.13,8.3,8.05,8.27,1801111
WOW,20200505,35.35,35.53,34.98,35.31,2466018
WPL,20200505,21.32,21.91,21.12,21.89,2832102
WPP,20200505,0.24,0.25,0.24,0.25,294851
WQG,20200505,1.15,1.16,1.13,1.16,203601
WRM,20200505,0.003,0.004,0.003,0.004,643334
WSA,20200505,2.04,2.115,2.04,2.11,874640
WSI,20200505,0.012,0.012,0.012,0.012,180000
WSP,20200505,1.83,1.85,1.76,1.795,129924
WTC,20200505,19.13,19.28,18.7,19.16,824786
WZR,20200505,0.15,0.15,0.145,0.145,3220330
XCD,20200505,0.008,0.008,0.007,0.007,1162857
XF1,20200505,0.1,0.1,0.091,0.092,701042
XPE,20200505,0.002,0.002,0.001,0.001,4230050
XPL,20200505,0.045,0.051,0.045,0.051,84278
XRF,20200505,0.195,0.197,0.195,0.197,27874
XRO,20200505,80.01,80.3,78.8,79.69,365748
XST,20200505,0.002,0.002,0.001,0.001,1000000
XTC,20200505,0.002,0.002,0.002,0.002,3445000
XTE,20200505,0.64,0.675,0.615,0.65,123362
YAL,20200505,2.2,2.2,2.16,2.2,27226
YBR,20200505,0.061,0.064,0.061,0.063,135500
YOJ,20200505,0.028,0.029,0.028,0.029,345000
YPB,20200505,0.003,0.003,0.003,0.003,845000
YRL,20200505,0.175,0.19,0.175,0.185,184158
Z1P,20200505,2.43,2.62,2.39,2.6,11729925
ZEL,20200505,2.92,3,2.9,2.96,155843
ZEN,20200505,1.01,1.02,1.005,1.01,739653
ZIM,20200505,10.9,10.9,10.9,10.9,2
ZLD,20200505,0.044,0.046,0.044,0.044,378481
ZNC,20200505,0.055,0.055,0.055,0.055,10000
ZNO,20200505,1.6,1.805,1.595,1.805,3906259
XAF,20200505,5215,5299.1,5215,5297.6,0
XAO,20200505,5389.5,5478.1,5389.5,5478.1,1009812300
XAT,20200505,5267.6,5356.7,5267.6,5356.7,0
XDJ,20200505,2082.5,2116.6,2078.1,2112.4,0
XEC,20200505,1144.8,1170,1144.9,1169.3,0
XEJ,20200505,6870.6,7174.2,6870.6,7157,0
XFJ,20200505,4200.2,4290.4,4200.2,4290.4,0
XFL,20200505,5242.1,5327.3,5242.1,5325.9,0
XGD,20200505,7054.8,7282.6,7016.7,7266.1,0
XHJ,20200505,42848,43003.3,42455.7,42663.4,0
XIJ,20200505,1307.5,1344.3,1307.5,1344.1,0
XJO,20200505,5319.8,5407.1,5319.8,5407.1,0
XJR,20200505,3771,3885.1,3771,3885.1,0
XKO,20200505,5283.6,5369.9,5283.6,5369.9,0
XMD,20200505,5861.8,5970.5,5861.8,5970.5,0
XMJ,20200505,11284.7,11567.9,11284.7,11567.9,0
XMM,20200505,3729.3,3830.2,3729.3,3830.2,0
XNJ,20200505,5401.5,5527.7,5401.5,5467,0
XPJ,20200505,1100.4,1135.1,1100.4,1128.6,0
XSJ,20200505,11858.8,11927.5,11773.3,11873.3,0
XSO,20200505,2331.3,2372.2,2331.3,2369.2,0
XTJ,20200505,1071.4,1084.5,1071.4,1082.8,0
XTL,20200505,2962.3,3008.2,2962.3,3008,0
XTO,20200505,4397.9,4469.9,4397.9,4469.8,0
XUJ,20200505,7473.1,7596.9,7450.5,7535.5,0
XXJ,20200505,4684.6,4785.2,4684.6,4785.2,0
