360,20200515,1.935,1.935,1.83,1.935,72252
14D,20200515,0.16,0.165,0.15,0.165,240742
1AD,20200515,0.064,0.065,0.061,0.065,341000
1ST,20200515,0.03,0.03,0.029,0.029,332000
2BE,20200515,0.105,0.105,0.105,0.105,50000
3DA,20200515,0.165,0.165,0.16,0.16,103036
3DP,20200515,0.038,0.039,0.038,0.039,189665
3PL,20200515,0.76,0.76,0.755,0.755,10369
4DS,20200515,0.045,0.05,0.045,0.049,3950414
5GN,20200515,0.855,0.885,0.855,0.88,346111
88E,20200515,0.005,0.006,0.005,0.006,9397333
8IH,20200515,0.095,0.099,0.095,0.099,2000
8VI,20200515,0.35,0.35,0.35,0.35,1000
9SP,20200515,0.016,0.016,0.015,0.016,3018603
A1G,20200515,0.082,0.082,0.082,0.082,35195
A1M,20200515,0.305,0.305,0.305,0.305,5000
A2B,20200515,0.69,0.69,0.66,0.675,75092
A2M,20200515,17.84,18.15,17.8,18.08,1565623
A3D,20200515,0.081,0.081,0.077,0.078,88795
A4N,20200515,0.155,0.155,0.14,0.145,327850
AAA,20200515,50.08,50.09,50.08,50.08,98417
AAC,20200515,1.02,1.05,1.01,1.045,386136
AAJ,20200515,0.004,0.004,0.004,0.004,500000
AAR,20200515,0.14,0.145,0.14,0.145,196031
ABA,20200515,4.42,4.49,4.36,4.47,9976
ABC,20200515,2.4,2.43,2.35,2.4,1609252
ABP,20200515,2.36,2.39,2.31,2.35,1400541
ABR,20200515,0.44,0.48,0.425,0.45,622712
ABT,20200515,0.02,0.02,0.019,0.019,77176
ABX,20200515,0.086,0.086,0.086,0.086,25045
AC8,20200515,0.17,0.175,0.17,0.17,244893
ACB,20200515,0.012,0.012,0.012,0.012,801907
ACF,20200515,0.24,0.24,0.235,0.235,38408
ACQ,20200515,0.865,0.87,0.865,0.87,20178
ACR,20200515,0.13,0.135,0.13,0.13,19311
ACU,20200515,0.096,0.096,0.096,0.096,14901
ACW,20200515,0.019,0.019,0.018,0.019,1209700
AD1,20200515,0.011,0.011,0.011,0.011,100000
AD8,20200515,5.75,5.99,5.33,5.52,610582
ADA,20200515,0.405,0.405,0.405,0.405,2633
ADH,20200515,1.48,1.52,1.365,1.39,1044537
ADI,20200515,2.09,2.14,2.08,2.09,124984
ADN,20200515,0.052,0.052,0.05,0.051,6405546
ADO,20200515,0.024,0.024,0.022,0.022,601259
ADR,20200515,0.025,0.025,0.023,0.024,637189
ADS,20200515,0.021,0.021,0.019,0.019,487072
ADT,20200515,1.19,1.2,1.18,1.19,559933
ADV,20200515,0.003,0.004,0.003,0.004,5164757
ADX,20200515,0.006,0.006,0.006,0.006,2449400
AEE,20200515,0.004,0.004,0.003,0.004,5712517
AEF,20200515,5.2,5.4,5.2,5.24,105313
AEG,20200515,1.08,1.085,1.07,1.085,101465
AEI,20200515,0.665,0.715,0.655,0.69,1707937
AER,20200515,0.08,0.08,0.08,0.08,100000
AFG,20200515,1.225,1.25,1.215,1.235,3641170
AFI,20200515,5.74,5.78,5.72,5.75,274772
AFL,20200515,0.165,0.165,0.165,0.165,100000
AFP,20200515,3.7,3.7,3.7,3.7,467
AGD,20200515,0.155,0.175,0.155,0.175,58800
AGE,20200515,0.007,0.007,0.005,0.005,14861736
AGG,20200515,8.3,8.3,8.02,8.03,15782
AGH,20200515,0.4,0.405,0.39,0.39,144310
AGI,20200515,0.47,0.48,0.445,0.445,80437
AGL,20200515,16.4,16.6,16.305,16.57,1531575
AGS,20200515,0.125,0.125,0.125,0.125,5000
AGY,20200515,0.049,0.05,0.048,0.05,1080799
AHF,20200515,0.078,0.078,0.075,0.075,191593
AHL,20200515,0.004,0.004,0.004,0.004,809862
AHQ,20200515,0.077,0.077,0.077,0.077,19587
AHX,20200515,0.495,0.5,0.495,0.5,42000
AHY,20200515,1,1,0.967,0.985,602291
AHZ,20200515,7.52,7.69,7.22,7.64,2465
AIA,20200515,5.32,5.37,5.25,5.32,535055
AIS,20200515,0.041,0.041,0.037,0.04,388240
AIV,20200515,0.13,0.13,0.13,0.13,7000
AIZ,20200515,1.17,1.17,1.135,1.145,1156133
AJM,20200515,0.039,0.041,0.039,0.041,1383231
AJQ,20200515,0.029,0.029,0.027,0.028,968447
AJX,20200515,0.045,0.045,0.043,0.044,263616
AKM,20200515,0.08,0.08,0.08,0.08,81163
AKP,20200515,15.63,16.19,15.63,16,7663
AL3,20200515,0.17,0.17,0.15,0.16,708647
AL8,20200515,0.036,0.047,0.036,0.047,1667037
ALC,20200515,0.155,0.155,0.15,0.15,1038845
ALF,20200515,0.845,0.85,0.845,0.845,119866
ALG,20200515,0.37,0.375,0.325,0.33,5107931
ALI,20200515,2.11,2.13,2.11,2.13,7087
ALK,20200515,0.75,0.78,0.745,0.78,2874526
ALL,20200515,25.51,25.71,24.83,25.22,2080051
ALQ,20200515,6.14,6.29,6.04,6.28,1868804
ALU,20200515,34.96,35.69,34.72,34.98,451399
ALX,20200515,6,6.09,5.87,5.96,1313080
ALY,20200515,0.011,0.011,0.011,0.011,8182
AMA,20200515,0.465,0.49,0.43,0.49,10579439
AMC,20200515,14.11,14.25,14.02,14.15,3404340
AMD,20200515,0.007,0.008,0.007,0.007,2089586
AME,20200515,0.062,0.062,0.062,0.062,200000
AMG,20200515,0.04,0.04,0.038,0.04,924254
AMH,20200515,0.87,0.87,0.87,0.87,50000
AMI,20200515,0.3,0.302,0.28,0.29,13092633
AML,20200515,0.072,0.076,0.072,0.073,1025370
AMN,20200515,0.325,0.325,0.325,0.325,28916
AMP,20200515,1.41,1.46,1.4,1.445,9806286
AMS,20200515,0.585,0.595,0.53,0.575,1468255
AMX,20200515,1.58,1.58,1.4,1.47,269535
ANA,20200515,0.009,0.009,0.008,0.008,1452222
ANG,20200515,0.13,0.13,0.13,0.13,67942
ANL,20200515,0.002,0.002,0.001,0.002,3758000
ANN,20200515,31.47,32.81,31.45,32.7,1162061
ANO,20200515,5,5.11,4.83,4.91,12869
ANP,20200515,0.046,0.048,0.046,0.047,412210
ANW,20200515,0.001,0.001,0.001,0.001,1000000
ANZ,20200515,15.38,15.53,15.22,15.44,5696612
AO1,20200515,0.008,0.008,0.008,0.008,2364460
AOF,20200515,1.97,2.03,1.965,2.01,107881
AOP,20200515,0.245,0.25,0.245,0.25,649805
AOU,20200515,0.05,0.055,0.05,0.055,324152
APA,20200515,11.3,11.41,11.17,11.4,1179171
APC,20200515,0.051,0.052,0.05,0.05,1071904
APD,20200515,0.49,0.5,0.48,0.485,286338
APE,20200515,5.1,5.25,4.77,4.92,1122190
APH,20200515,0.13,0.13,0.12,0.12,91899
API,20200515,1.075,1.115,1.07,1.075,1195334
APL,20200515,0.925,0.94,0.92,0.94,617759
APT,20200515,42.4,42.67,40.76,41.2,2895943
APV,20200515,0.17,0.17,0.17,0.17,48442
APX,20200515,29.01,29.26,28.42,28.81,324237
AQD,20200515,0.013,0.013,0.012,0.012,761000
AQG,20200515,9.22,9.45,9.18,9.45,568914
AQI,20200515,0.07,0.08,0.069,0.071,1614103
AQR,20200515,3.2,3.23,3.12,3.12,43724
AQX,20200515,0.019,0.019,0.018,0.019,2840000
AQZ,20200515,2.12,2.13,2.04,2.11,50387
AR9,20200515,0.056,0.056,0.056,0.056,177204
ARA,20200515,0.38,0.38,0.38,0.38,2500
ARB,20200515,16.33,16.37,15.16,15.37,220741
ARD,20200515,0.014,0.015,0.014,0.014,1061110
ARF,20200515,2.05,2.15,2,2.12,1179254
ARG,20200515,7.11,7.14,7.05,7.05,174543
ARL,20200515,0.26,0.265,0.26,0.26,180407
ARM,20200515,0.013,0.014,0.013,0.014,2305210
ARN,20200515,0.16,0.16,0.14,0.155,299368
ARQ,20200515,0.084,0.086,0.083,0.086,227737
ARS,20200515,0.044,0.045,0.043,0.045,34703957
ARU,20200515,0.076,0.079,0.074,0.079,1498858
ARV,20200515,0.028,0.029,0.027,0.028,1551504
AS1,20200515,0.125,0.125,0.125,0.125,15000
ASB,20200515,2.93,3.04,2.88,3.03,2931217
ASH,20200515,0.325,0.325,0.315,0.315,29435
ASN,20200515,0.022,0.023,0.022,0.022,3675180
ASQ,20200515,0.039,0.044,0.039,0.044,3918
AST,20200515,1.875,1.895,1.86,1.89,11069765
ASX,20200515,83.02,83.54,82,82.38,352156
AT1,20200515,0.405,0.405,0.395,0.395,1219117
ATC,20200515,0.046,0.046,0.044,0.045,381392
ATH,20200515,0.02,0.02,0.018,0.018,257669
ATL,20200515,0.3,0.3,0.27,0.28,88274
ATS,20200515,0.022,0.024,0.022,0.022,2847133
ATU,20200515,0.215,0.215,0.21,0.21,166859
ATX,20200515,0.083,0.083,0.083,0.083,13173
AU8,20200515,0.06,0.06,0.057,0.06,354717
AUB,20200515,12.3,13.11,12.14,12.24,281653
AUC,20200515,0.013,0.013,0.012,0.013,2925124
AUI,20200515,7.63,7.65,7.6,7.6,10811
AUL,20200515,0.22,0.235,0.22,0.235,57536
AUQ,20200515,0.012,0.012,0.011,0.011,125000
AUT,20200515,0.055,0.056,0.052,0.052,1675552
AUZ,20200515,0.009,0.01,0.009,0.009,8077998
AV1,20200515,0.078,0.08,0.077,0.077,501250
AVA,20200515,0.165,0.17,0.16,0.16,229278
AVE,20200515,0.007,0.007,0.006,0.007,597648
AVG,20200515,0.42,0.42,0.405,0.41,65061
AVH,20200515,0.485,0.49,0.46,0.47,8407016
AVJ,20200515,0.375,0.375,0.37,0.37,31500
AVL,20200515,0.01,0.01,0.01,0.01,565420
AVN,20200515,1.81,1.855,1.745,1.765,519036
AVZ,20200515,0.061,0.062,0.059,0.06,4173789
AWC,20200515,1.41,1.455,1.377,1.425,27985328
AWN,20200515,0.055,0.055,0.055,0.055,100000
AWV,20200515,0.013,0.015,0.013,0.014,12937880
AX1,20200515,1.12,1.14,1.06,1.08,2352331
AX8,20200515,0.022,0.022,0.022,0.022,4244
AXE,20200515,0.425,0.48,0.42,0.465,3625733
AXI,20200515,0.042,0.042,0.039,0.039,210000
AYF,20200515,5.3,5.3,5.3,5.3,3000
AYR,20200515,0.015,0.015,0.015,0.015,54235
AYS,20200515,0.32,0.33,0.32,0.33,3665
AZJ,20200515,4.53,4.58,4.47,4.56,3399398
AZS,20200515,0.073,0.079,0.073,0.079,95030
AZV,20200515,0.07,0.07,0.065,0.065,296077
AZY,20200515,0.022,0.023,0.022,0.022,5417441
BAF,20200515,0.7,0.715,0.7,0.705,100730
BAP,20200515,5.13,5.21,4.97,5.13,1875001
BAR,20200515,0.02,0.02,0.018,0.02,440395
BAT,20200515,0.005,0.005,0.005,0.005,140333
BBC,20200515,0.43,0.515,0.43,0.515,267000
BBN,20200515,2.54,2.63,2.51,2.6,234750
BBX,20200515,0.1,0.105,0.1,0.105,104007
BC8,20200515,0.41,0.43,0.41,0.42,50734
BCB,20200515,0.05,0.05,0.05,0.05,200000
BCC,20200515,0.17,0.17,0.17,0.17,2874
BCI,20200515,0.145,0.15,0.145,0.15,51212
BCN,20200515,0.04,0.041,0.04,0.041,1807637
BCT,20200515,0.065,0.067,0.064,0.064,785650
BD1,20200515,0.028,0.029,0.027,0.027,1294431
BDA,20200515,0.32,0.335,0.32,0.335,85816
BDC,20200515,0.08,0.083,0.079,0.082,6132316
BEE,20200515,0.013,0.013,0.013,0.013,23000
BEM,20200515,0.034,0.034,0.034,0.034,39500
BEN,20200515,5.66,5.74,5.58,5.7,3486175
BET,20200515,0.26,0.27,0.26,0.265,1307543
BFC,20200515,0.062,0.062,0.062,0.062,70000
BFG,20200515,1.085,1.105,1.025,1.035,328188
BGA,20200515,5,5.08,4.93,5.08,694233
BGL,20200515,0.59,0.61,0.585,0.595,2668678
BGT,20200515,0.17,0.175,0.17,0.17,225538
BHP,20200515,31.2,31.68,31.12,31.67,6772104
BID,20200515,0.775,0.775,0.695,0.725,357856
BIN,20200515,2.07,2.12,2.06,2.11,1542271
BIS,20200515,0.96,0.96,0.96,0.96,1614
BIT,20200515,0.092,0.093,0.09,0.09,1128410
BKI,20200515,1.335,1.335,1.32,1.325,105806
BKL,20200515,74.3,77.15,74.3,76.39,58649
BKT,20200515,0.043,0.045,0.043,0.043,161442
BKW,20200515,13.01,13.16,12.92,13.07,261166
BLD,20200515,2.58,2.64,2.44,2.51,13407120
BLG,20200515,0.025,0.025,0.024,0.024,548464
BLK,20200515,0.01,0.01,0.009,0.01,8697695
BLU,20200515,0.017,0.017,0.016,0.016,1245856
BLV,20200515,0.17,0.19,0.15,0.16,130702
BLX,20200515,0.79,0.79,0.7,0.72,194180
BLY,20200515,0.61,0.63,0.605,0.63,5671
BMG,20200515,0.001,0.002,0.001,0.002,2830000
BMN,20200515,0.038,0.039,0.037,0.037,409237
BNL,20200515,0.006,0.006,0.005,0.005,2466043
BNO,20200515,0.044,0.048,0.044,0.048,440904
BNR,20200515,0.062,0.07,0.062,0.07,523397
BOE,20200515,0.059,0.064,0.059,0.06,2288903
BOL,20200515,0.092,0.092,0.088,0.088,42760
BOQ,20200515,4.63,4.77,4.57,4.72,4047142
BOT,20200515,0.043,0.044,0.042,0.042,2867936
BPL,20200515,0.017,0.017,0.017,0.017,48019
BPT,20200515,1.43,1.46,1.405,1.43,8577641
BRB,20200515,0.215,0.235,0.215,0.235,2971716
BRG,20200515,20.3,20.78,19.68,19.81,637435
BRI,20200515,1.39,1.39,1.39,1.39,500
BRK,20200515,0.005,0.005,0.005,0.005,653456
BRL,20200515,0.052,0.052,0.051,0.051,290801
BRN,20200515,0.052,0.054,0.051,0.051,2890670
BRU,20200515,0.09,0.09,0.088,0.09,442774
BRV,20200515,0.035,0.037,0.032,0.032,7369339
BSA,20200515,0.265,0.27,0.265,0.27,66029
BSE,20200515,0.145,0.15,0.145,0.15,38400
BSL,20200515,10.03,10.17,9.9,10.07,1492110
BSM,20200515,0.003,0.003,0.003,0.003,9050524
BSX,20200515,0.147,0.15,0.145,0.145,125286
BTC,20200515,0.073,0.074,0.072,0.074,173731
BTH,20200515,0.745,0.77,0.695,0.71,1926957
BTI,20200515,0.75,0.77,0.75,0.75,37590
BUB,20200515,1.1,1.115,1.055,1.06,4042235
BUD,20200515,0.01,0.01,0.01,0.01,10141408
BUG,20200515,0.165,0.165,0.165,0.165,70000
BUX,20200515,0.07,0.07,0.07,0.07,47934
BUY,20200515,0.007,0.007,0.007,0.007,300000
BVS,20200515,4.75,4.77,4.6,4.63,1333868
BWF,20200515,0.3,0.3,0.28,0.28,27400
BWP,20200515,3.47,3.53,3.43,3.48,949151
BWR,20200515,1.26,1.26,1.25,1.25,70999
BWX,20200515,3.49,3.63,3.47,3.54,162539
BXB,20200515,11.04,11.09,10.92,11.07,3319557
BYH,20200515,0.037,0.039,0.036,0.039,223376
CAG,20200515,0.5,0.5,0.5,0.5,14712
CAI,20200515,0.285,0.29,0.28,0.28,447363
CAJ,20200515,0.185,0.19,0.185,0.185,331084
CAM,20200515,0.735,0.74,0.73,0.74,41000
CAN,20200515,1,1.03,0.96,0.965,400192
CAR,20200515,14.25,14.31,14.03,14.27,872410
CAT,20200515,1.2,1.23,1.165,1.22,458028
CAU,20200515,0.11,0.11,0.1,0.1,27530
CAY,20200515,0.125,0.125,0.115,0.12,1007363
CAZ,20200515,0.023,0.028,0.023,0.027,7545652
CBA,20200515,59.5,59.76,58.91,59.6,2541031
CBE,20200515,0.155,0.195,0.155,0.19,116051
CBR,20200515,1.95,2.04,1.88,1.92,222670
CCA,20200515,0.068,0.07,0.063,0.065,954467
CCE,20200515,0.001,0.001,0.001,0.001,1648677
CCG,20200515,0.07,0.07,0.07,0.07,107267
CCL,20200515,8.62,8.77,8.5,8.59,1337725
CCP,20200515,14.04,14.12,13.55,13.93,601174
CCV,20200515,0.19,0.19,0.185,0.185,275217
CCX,20200515,2.17,2.21,2.09,2.15,530702
CCZ,20200515,0.018,0.018,0.017,0.017,5293154
CDA,20200515,6.25,6.58,6.21,6.52,522216
CDD,20200515,0.27,0.285,0.26,0.285,46052
CDM,20200515,0.535,0.54,0.535,0.535,274345
CDP,20200515,3.13,3.15,3.04,3.04,850
CDT,20200515,0.007,0.008,0.006,0.006,6066001
CDV,20200515,0.43,0.44,0.417,0.43,1386214
CDX,20200515,0.025,0.025,0.023,0.023,1017170
CE1,20200515,0.005,0.006,0.005,0.006,7450846
CEL,20200515,0.17,0.195,0.17,0.19,2472582
CEN,20200515,5.75,5.75,5.7,5.7,6580
CFO,20200515,0.044,0.044,0.044,0.044,5944
CG1,20200515,0.235,0.235,0.235,0.235,50500
CGB,20200515,0.008,0.008,0.007,0.007,4938700
CGC,20200515,2.79,2.83,2.74,2.83,1126163
CGF,20200515,4.34,4.39,4.15,4.24,3907054
CGL,20200515,2.77,2.84,2.71,2.73,427600
CGO,20200515,0.1,0.1,0.096,0.097,133454
CGR,20200515,0.29,0.3,0.28,0.3,820049
CGS,20200515,0.31,0.335,0.305,0.335,49545
CHC,20200515,8.06,8.28,7.83,7.9,4690690
CHK,20200515,0.006,0.006,0.006,0.006,646674
CHN,20200515,1.2,1.245,1.155,1.215,4895532
CHZ,20200515,0.072,0.072,0.072,0.072,196389
CI1,20200515,0.03,0.031,0.03,0.031,364305
CIA,20200515,2.02,2.29,2,2.19,1546362
CIE,20200515,0.53,0.53,0.53,0.53,179095
CIM,20200515,22.28,22.95,22.09,22.9,277442
CIN,20200515,21.22,21.27,21.22,21.27,678
CIO,20200515,0.025,0.025,0.024,0.024,368860
CIP,20200515,2.6,2.63,2.56,2.57,1203383
CKA,20200515,0.04,0.04,0.038,0.04,126637
CKF,20200515,7.38,7.43,7.24,7.26,259105
CL1,20200515,1.33,1.365,1.305,1.32,113108
CLA,20200515,0.009,0.009,0.008,0.009,1783244
CLB,20200515,0.084,0.085,0.084,0.085,80444
CLF,20200515,1.01,1.01,1.01,1.01,1394
CLQ,20200515,0.205,0.205,0.195,0.2,311726
CLV,20200515,2.06,2.13,2.05,2.07,151888
CLW,20200515,4.08,4.2,4,4.01,1654479
CLZ,20200515,0.002,0.002,0.001,0.001,17625052
CM8,20200515,0.022,0.026,0.022,0.026,4184855
CML,20200515,0.01,0.01,0.01,0.01,500000
CMM,20200515,1.45,1.46,1.37,1.42,724267
CMP,20200515,0.525,0.53,0.505,0.53,146033
CMW,20200515,0.735,0.755,0.73,0.74,4216085
CNB,20200515,0.08,0.08,0.078,0.08,373224
CNI,20200515,1.475,1.515,1.46,1.5,905216
CNL,20200515,0.085,0.085,0.07,0.07,125676
CNU,20200515,6.69,6.76,6.64,6.74,276164
CNW,20200515,0.022,0.022,0.021,0.021,645634
COB,20200515,0.105,0.11,0.1,0.11,266839
COE,20200515,0.365,0.39,0.36,0.38,11457423
COF,20200515,1.76,1.845,1.75,1.775,1841651
COH,20200515,189,189.56,184.28,188.14,169816
COI,20200515,0.088,0.088,0.083,0.083,1072653
COL,20200515,15.1,15.21,14.95,15.21,2779601
COS,20200515,0.34,0.35,0.34,0.35,44729
COY,20200515,0.008,0.008,0.008,0.008,91417
CP1,20200515,0.09,0.09,0.089,0.089,41540
CPH,20200515,0.069,0.07,0.068,0.068,385171
CPT,20200515,0.015,0.015,0.014,0.014,136468
CPU,20200515,11.89,11.89,11.3,11.61,1878524
CPV,20200515,0.145,0.15,0.145,0.15,21395
CQE,20200515,2.18,2.31,2.13,2.2,1472040
CQR,20200515,3.02,3.06,2.98,3.05,2871027
CR1,20200515,0.265,0.27,0.265,0.27,101785
CRL,20200515,0.013,0.013,0.011,0.011,282500
CRN,20200515,1.06,1.085,1.05,1.07,378750
CRO,20200515,0.003,0.003,0.003,0.003,1000000
CRS,20200515,0.12,0.125,0.115,0.115,65642
CSL,20200515,302.86,304.13,300.91,301.84,767402
CSR,20200515,3.6,3.63,3.52,3.55,2131197
CSS,20200515,0.62,0.62,0.615,0.62,6596
CST,20200515,0.12,0.135,0.12,0.13,1689503
CT1,20200515,0.025,0.027,0.024,0.027,2998436
CTD,20200515,10.86,10.99,10.27,10.53,447873
CTM,20200515,0.24,0.26,0.24,0.245,3700931
CTO,20200515,0.004,0.005,0.004,0.005,1211000
CTP,20200515,0.079,0.079,0.076,0.076,926938
CTX,20200515,25,25.17,24.54,25.17,747973
CUE,20200515,0.08,0.081,0.08,0.08,171965
CUL,20200515,0.008,0.01,0.008,0.01,39999
CUP,20200515,0.89,0.89,0.87,0.87,29388
CUV,20200515,21.59,22.03,21.06,21.57,145969
CV1,20200515,0.09,0.09,0.09,0.09,30737
CVF,20200515,0.77,0.78,0.765,0.78,77856
CVL,20200515,0.41,0.41,0.41,0.41,3000
CVN,20200515,0.22,0.22,0.21,0.21,2786094
CVV,20200515,0.025,0.025,0.025,0.025,8523
CVW,20200515,0.27,0.27,0.24,0.245,260739
CWN,20200515,9.1,9.21,8.91,9.05,955064
CWP,20200515,4.5,4.59,4.39,4.52,176790
CWX,20200515,0.18,0.18,0.17,0.17,289621
CWY,20200515,1.84,1.855,1.81,1.84,3539256
CWZ,20200515,0.14,0.14,0.13,0.13,24893
CXL,20200515,0.69,0.69,0.69,0.69,2250
CXM,20200515,0.035,0.035,0.035,0.035,6000
CXO,20200515,0.055,0.055,0.053,0.054,1217835
CY5,20200515,0.049,0.049,0.046,0.046,21631
CYC,20200515,1.36,1.36,1.35,1.35,8861
CYG,20200515,0.565,0.58,0.565,0.58,195247
CYL,20200515,2.91,2.99,2.75,2.92,61129
CYP,20200515,0.67,0.67,0.65,0.65,108014
CZI,20200515,0.099,0.102,0.099,0.1,478757
CZL,20200515,0.004,0.004,0.004,0.004,768502
CZN,20200515,0.003,0.003,0.002,0.003,1723667
CZR,20200515,0.01,0.01,0.009,0.01,4274240
D2O,20200515,1.34,1.345,1.32,1.32,63002
DAF,20200515,0.021,0.021,0.02,0.02,129990
DBF,20200515,1.185,1.185,1.185,1.185,1000
DCC,20200515,0.029,0.03,0.029,0.029,1990155
DCG,20200515,0.205,0.21,0.2,0.205,1132116
DCN,20200515,0.415,0.42,0.405,0.415,7771861
DCX,20200515,0.003,0.003,0.003,0.003,175000
DDD,20200515,0.002,0.002,0.002,0.002,1633333
DDR,20200515,7,7.09,6.91,6.98,218708
DDT,20200515,0.004,0.004,0.003,0.004,1535854
DEG,20200515,0.365,0.375,0.355,0.36,5213981
DEM,20200515,0.185,0.19,0.185,0.19,46316
DEV,20200515,0.084,0.087,0.083,0.086,254060
DGO,20200515,2.01,2.05,2,2.05,10037
DGR,20200515,0.062,0.062,0.062,0.062,416300
DHG,20200515,2.79,2.82,2.68,2.74,952046
DHR,20200515,0.002,0.002,0.002,0.002,1150000
DJW,20200515,2.38,2.4,2.37,2.39,78109
DKM,20200515,0.15,0.17,0.15,0.17,595862
DLC,20200515,0.004,0.004,0.004,0.004,20500
DMP,20200515,57.63,58.13,56.81,57.9,284621
DNA,20200515,0.038,0.039,0.035,0.039,628809
DNK,20200515,0.38,0.38,0.38,0.38,61436
DOW,20200515,3.97,4.08,3.88,3.96,1600776
DRO,20200515,0.11,0.11,0.095,0.097,2986695
DSE,20200515,0.05,0.053,0.05,0.052,4780456
DTC,20200515,0.89,0.895,0.865,0.895,88869
DTL,20200515,4.47,4.61,4.43,4.5,542879
DTM,20200515,0.058,0.06,0.058,0.06,100000
DTS,20200515,0.11,0.11,0.11,0.11,140234
DTZ,20200515,0.072,0.076,0.072,0.075,393026
DUB,20200515,1.16,1.21,1.145,1.17,1441620
DUI,20200515,3.97,3.99,3.97,3.97,25635
DVL,20200515,0.024,0.027,0.024,0.025,836276
DW8,20200515,0.006,0.007,0.006,0.007,2975610
DWS,20200515,0.73,0.73,0.722,0.73,13531
DXB,20200515,0.26,0.27,0.255,0.265,596675
DXN,20200515,0.013,0.013,0.012,0.013,1928652
DXS,20200515,9.07,9.16,8.665,8.73,3120909
DYL,20200515,0.245,0.245,0.235,0.235,280918
E2M,20200515,0.12,0.125,0.12,0.122,64948
EAF,20200515,1.22,1.22,1.22,1.22,56835
EAI,20200515,0.955,0.957,0.95,0.955,32500
EAS,20200515,0.77,0.805,0.77,0.805,47812
EAX,20200515,0.115,0.115,0.115,0.115,7600
EBO,20200515,20.49,20.5,20.26,20.43,629
ECF,20200515,0.905,0.92,0.897,0.905,88479
ECL,20200515,1.15,1.15,1.15,1.15,5000
ECS,20200515,0.03,0.03,0.028,0.03,105659
ECT,20200515,0.001,0.001,0.001,0.001,400000
ECX,20200515,0.79,0.82,0.74,0.755,3600925
ED1,20200515,0.54,0.54,0.5,0.51,102014
EDE,20200515,0.037,0.037,0.034,0.034,1597875
EEG,20200515,0.205,0.215,0.205,0.215,21549
EEU,20200515,16.03,16.03,16.03,16.03,4728
EGD,20200515,2.52,2.54,2.52,2.54,113729
EGF,20200515,1.55,1.555,1.55,1.55,94689
EGG,20200515,1.345,1.345,1.29,1.3,20855
EGH,20200515,0.31,0.32,0.31,0.32,107663
EGN,20200515,0.415,0.415,0.415,0.415,42337
EGR,20200515,0.079,0.079,0.074,0.074,34000
EHE,20200515,1.44,1.45,1.39,1.43,1397790
EHL,20200515,1.025,1.03,0.985,1,2504355
EHX,20200515,0.081,0.081,0.08,0.08,131186
ELD,20200515,9.25,9.63,9.1,9.41,1583590
ELO,20200515,6.82,6.98,6.72,6.72,221501
ELS,20200515,0.37,0.37,0.35,0.35,63678
ELT,20200515,0.003,0.003,0.003,0.003,329666
ELX,20200515,0.48,0.485,0.48,0.48,135015
EM1,20200515,0.01,0.01,0.01,0.01,780500
EMD,20200515,0.059,0.059,0.059,0.059,10145
EMH,20200515,0.205,0.215,0.205,0.215,20839
EML,20200515,3.3,3.36,3.1,3.15,3468935
EMR,20200515,0.47,0.485,0.47,0.485,93944
EMT,20200515,0.014,0.017,0.014,0.014,8031769
EMU,20200515,0.014,0.014,0.014,0.014,107260
EMV,20200515,0.845,0.92,0.825,0.905,140252
EN1,20200515,0.01,0.011,0.01,0.01,4015313
ENA,20200515,0.016,0.016,0.016,0.016,250000
ENE,20200515,0.045,0.045,0.045,0.045,10000
ENN,20200515,1.055,1.085,1.05,1.085,92728
ENR,20200515,0.115,0.115,0.11,0.11,40000
ENT,20200515,0.012,0.012,0.011,0.012,1359225
EOF,20200515,3.02,3.04,2.85,2.85,263644
EOL,20200515,3.1,3.1,3.1,3.1,703
EOS,20200515,4.54,4.6,4.32,4.42,1239969
EPD,20200515,0.36,0.36,0.36,0.36,22500
EPM,20200515,0.007,0.007,0.007,0.007,1362501
EQT,20200515,21.6,22.19,21.45,22.19,7757
ERA,20200515,0.165,0.175,0.165,0.175,174941
ERG,20200515,0.061,0.061,0.061,0.061,30000
ERL,20200515,0.011,0.011,0.011,0.011,170000
ERM,20200515,0.09,0.09,0.089,0.089,234736
ERX,20200515,0.06,0.062,0.059,0.06,834867
ESE,20200515,0.012,0.013,0.012,0.012,1183571
ESH,20200515,0.007,0.007,0.007,0.007,1809864
ESK,20200515,0.145,0.15,0.135,0.14,12924
EUC,20200515,0.016,0.016,0.016,0.016,65306
EVE,20200515,0.006,0.006,0.005,0.005,3179475
EVN,20200515,5.64,5.75,5.59,5.73,12380417
EVO,20200515,0.083,0.083,0.083,0.083,281701
EVS,20200515,0.115,0.115,0.115,0.115,221117
EVT,20200515,7.34,7.525,7.23,7.35,94773
EVZ,20200515,0.08,0.08,0.08,0.08,13000
EWC,20200515,0.069,0.069,0.069,0.069,75000
EX1,20200515,0.195,0.21,0.19,0.21,45000
EXL,20200515,0.235,0.245,0.215,0.23,3255946
EXP,20200515,0.105,0.11,0.105,0.11,48510
EXR,20200515,0.022,0.024,0.022,0.023,765505
EZL,20200515,0.88,0.915,0.88,0.915,253425
FAM,20200515,0.034,0.034,0.031,0.031,228557
FAR,20200515,0.015,0.015,0.014,0.014,19439987
FAU,20200515,0.008,0.009,0.008,0.009,1465148
FBR,20200515,0.023,0.023,0.022,0.023,903150
FBU,20200515,3.12,3.17,3.11,3.15,1063562
FCL,20200515,3.15,3.24,3.15,3.2,57749
FCT,20200515,0.066,0.07,0.065,0.065,151214
FDV,20200515,0.965,0.965,0.95,0.95,108358
FEX,20200515,0.058,0.064,0.057,0.064,2081669
FFG,20200515,0.008,0.008,0.008,0.008,70000
FFI,20200515,5,5,5,5,1000
FFL,20200515,0.265,0.265,0.25,0.25,16283
FFR,20200515,0.032,0.035,0.032,0.035,18711
FGG,20200515,1.11,1.12,1.105,1.105,537317
FGO,20200515,0.001,0.001,0.001,0.001,900000
FGR,20200515,0.13,0.13,0.13,0.13,27978
FGX,20200515,0.905,0.915,0.895,0.905,503632
FHS,20200515,0.027,0.027,0.026,0.027,337606
FID,20200515,4.69,4.9,4.69,4.9,677
FIJ,20200515,0.075,0.075,0.075,0.075,13935
FIN,20200515,0.011,0.012,0.011,0.012,718147
FLC,20200515,0.27,0.28,0.26,0.265,239422
FLN,20200515,0.41,0.41,0.4,0.405,45356
FLT,20200515,10.46,10.58,9.85,10,2806341
FMG,20200515,12.14,12.58,12.14,12.55,10473092
FML,20200515,0.26,0.26,0.255,0.255,61594
FMS,20200515,0.023,0.023,0.021,0.023,2580051
FNP,20200515,4.62,4.63,4.55,4.6,388354
FNT,20200515,0.009,0.009,0.009,0.009,3308840
FOD,20200515,0.055,0.058,0.055,0.056,648696
FOR,20200515,0.77,0.77,0.75,0.755,60325
FPC,20200515,0.785,0.785,0.78,0.78,22696
FPH,20200515,28.47,28.69,27.91,28.35,435463
FPL,20200515,0.004,0.005,0.004,0.005,800000
FRI,20200515,0.615,0.62,0.6,0.62,68380
FRM,20200515,0.28,0.28,0.28,0.28,101123
FRN,20200515,0.029,0.029,0.028,0.028,4231396
FSA,20200515,0.865,0.88,0.86,0.88,4597
FSF,20200515,3.37,3.37,3.37,3.37,600
FSG,20200515,0.03,0.031,0.03,0.031,305000
FSI,20200515,1.665,1.665,1.662,1.665,11324
FTC,20200515,0.081,0.084,0.079,0.084,244729
FTT,20200515,0.003,0.003,0.003,0.003,2160006
FUN,20200515,0.017,0.017,0.017,0.017,30323
FWD,20200515,1.445,1.475,1.445,1.445,33946
FXL,20200515,0.99,1.05,0.89,0.94,9365685
FYI,20200515,0.051,0.051,0.051,0.051,50000
FZO,20200515,0.15,0.155,0.15,0.15,201526
G1A,20200515,0.2,0.2,0.19,0.195,278828
G88,20200515,0.032,0.032,0.032,0.032,162676
GAL,20200515,0.235,0.24,0.23,0.23,1007934
GAP,20200515,0.14,0.14,0.14,0.14,127437
GAS,20200515,0.53,0.53,0.53,0.53,6950
GBZ,20200515,0.074,0.077,0.074,0.074,88334
GC1,20200515,0.615,0.615,0.615,0.615,18960
GCI,20200515,1.69,1.695,1.67,1.675,80148
GDF,20200515,0.9,0.95,0.9,0.94,3739246
GDI,20200515,1.02,1.04,1.005,1.02,3293733
GDX,20200515,54.34,54.97,54.34,54.93,48915
GED,20200515,0.007,0.007,0.007,0.007,4992754
GEM,20200515,0.87,0.88,0.83,0.86,6887175
GEV,20200515,0.062,0.062,0.062,0.062,120000
GGG,20200515,0.125,0.125,0.115,0.12,1741133
GLA,20200515,0.001,0.001,0.001,0.001,400000
GLL,20200515,0.36,0.36,0.355,0.36,50060
GLN,20200515,0.14,0.145,0.14,0.145,57457
GMA,20200515,1.94,2.25,1.935,2.25,1544980
GMD,20200515,0.034,0.035,0.033,0.034,2871483
GME,20200515,0.036,0.036,0.036,0.036,2653
GMG,20200515,14.25,14.41,14.14,14.22,3405289
GML,20200515,0.013,0.014,0.013,0.014,1937240
GMN,20200515,0.047,0.047,0.046,0.047,581340
GMR,20200515,0.006,0.006,0.005,0.006,2433522
GMV,20200515,0.071,0.073,0.068,0.072,3507187
GNC,20200515,3.79,4.07,3.77,3.93,4648632
GNE,20200515,2.64,2.65,2.62,2.65,34272
GNG,20200515,0.66,0.68,0.64,0.64,58985
GNM,20200515,0.008,0.008,0.007,0.008,705836
GNX,20200515,0.18,0.185,0.18,0.185,28859
GO2,20200515,0.051,0.051,0.046,0.046,457852
GOR,20200515,1.57,1.66,1.57,1.655,10071788
GOW,20200515,1.35,1.4,1.35,1.4,16000
GOZ,20200515,2.92,2.96,2.88,2.94,1339415
GPR,20200515,0.36,0.39,0.36,0.38,626385
GPT,20200515,4.04,4.11,3.99,4.04,6803621
GRB,20200515,0.052,0.053,0.05,0.05,538734
GRL,20200515,0.155,0.16,0.15,0.15,22599
GRR,20200515,0.23,0.235,0.23,0.235,1504973
GSM,20200515,0.165,0.175,0.16,0.17,517924
GSN,20200515,0.06,0.06,0.057,0.058,654448
GSS,20200515,1.93,1.93,1.84,1.87,100634
GSW,20200515,0.825,0.825,0.73,0.745,106356
GTE,20200515,0.001,0.001,0.001,0.001,22500
GTG,20200515,0.006,0.006,0.005,0.006,1464729
GTK,20200515,1.36,1.36,1.332,1.35,27614
GTN,20200515,0.365,0.365,0.355,0.355,79673
GTR,20200515,0.033,0.04,0.031,0.039,49426396
GUD,20200515,9.16,9.27,8.97,9.15,204022
GUL,20200515,0.07,0.07,0.07,0.07,22157
GVF,20200515,0.92,0.92,0.895,0.895,59889
GWA,20200515,2.63,2.71,2.6,2.71,304134
GWR,20200515,0.061,0.062,0.061,0.062,31540
GXY,20200515,0.75,0.795,0.73,0.785,4149725
HAS,20200515,0.068,0.072,0.066,0.072,1719350
HAV,20200515,0.095,0.096,0.095,0.096,75000
HAW,20200515,0.14,0.14,0.135,0.14,384968
HCD,20200515,0.018,0.018,0.018,0.018,13001
HCT,20200515,0.165,0.17,0.16,0.165,1041677
HE8,20200515,0.084,0.087,0.084,0.087,1990018
HFR,20200515,0.375,0.385,0.36,0.385,84289
HGH,20200515,1.06,1.06,1.06,1.06,750
HGO,20200515,0.031,0.031,0.031,0.031,6750
HIL,20200515,0.2,0.205,0.2,0.2,120581
HIP,20200515,0.013,0.013,0.013,0.013,7500
HIT,20200515,1.47,1.47,1.47,1.47,10906
HLA,20200515,0.915,0.935,0.87,0.87,65718
HLO,20200515,1.45,1.475,1.365,1.38,323177
HLS,20200515,2.4,2.41,2.36,2.41,975776
HM1,20200515,2.93,2.93,2.81,2.86,190242
HMC,20200515,2.6,2.85,2.56,2.7,62247
HMD,20200515,0.105,0.105,0.105,0.105,4373
HMX,20200515,0.023,0.024,0.023,0.024,2369195
HNR,20200515,0.006,0.006,0.006,0.006,31500
HPI,20200515,2.4,2.48,2.37,2.47,330955
HPR,20200515,0.069,0.069,0.06,0.06,145000
HRL,20200515,0.084,0.084,0.084,0.084,59286
HRN,20200515,0.245,0.245,0.21,0.21,85965
HRR,20200515,0.042,0.047,0.041,0.043,519830
HRZ,20200515,0.097,0.097,0.093,0.094,625248
HSC,20200515,0.005,0.005,0.004,0.005,9168717
HSN,20200515,3.16,3.22,3.15,3.18,339920
HT1,20200515,1.17,1.17,1.11,1.11,74538
HT8,20200515,0.038,0.041,0.035,0.035,480146
HTA,20200515,0.155,0.16,0.15,0.15,219471
HTG,20200515,0.115,0.125,0.11,0.115,184688
HUB,20200515,10,10.185,9.72,9.89,362532
HUO,20200515,3.55,3.55,3.5,3.5,9705
HVM,20200515,0.23,0.23,0.215,0.22,142224
HVN,20200515,2.82,2.85,2.77,2.83,5189105
HWK,20200515,0.009,0.01,0.008,0.008,1758600
HXG,20200515,0.064,0.064,0.064,0.064,8800
HYD,20200515,0.1,0.1,0.1,0.1,5124
HZN,20200515,0.054,0.055,0.053,0.055,749623
HZR,20200515,0.41,0.425,0.39,0.4,290754
IAA,20200515,94.48,94.48,91.04,91.09,9657
IAF,20200515,116.29,116.29,116.03,116.06,164713
IAG,20200515,5.43,5.43,5.35,5.41,2846007
IAM,20200515,0.001,0.001,0.001,0.001,80645
IAP,20200515,1.155,1.19,1.15,1.17,601175
IBC,20200515,0.41,0.41,0.41,0.41,30272
IBG,20200515,0.008,0.008,0.007,0.007,350005
IBX,20200515,0.022,0.023,0.021,0.021,12347223
ICE,20200515,0.147,0.147,0.147,0.147,5000
ICG,20200515,0.001,0.001,0.001,0.001,208523732
ICN,20200515,0.012,0.012,0.012,0.012,4500
ICQ,20200515,0.265,0.265,0.24,0.25,475213
ICU,20200515,0.007,0.007,0.007,0.007,142500
ID8,20200515,0.097,0.097,0.08,0.087,1191631
IDT,20200515,0.14,0.145,0.14,0.14,82019
IDX,20200515,3.34,3.37,3.26,3.34,190387
IDZ,20200515,0.005,0.005,0.004,0.004,324000
IEL,20200515,14.6,14.75,14.14,14.3,570490
IEM,20200515,56.59,56.59,56.07,56.42,21933
IEU,20200515,55.61,55.75,55.35,55.4,31163
IFL,20200515,4.05,4.13,3.89,4.03,1651186
IFM,20200515,1.55,1.57,1.505,1.53,1409129
IFN,20200515,0.55,0.565,0.55,0.555,1384375
IFT,20200515,4.4,4.4,4.35,4.35,2125
IGB,20200515,114.93,114.93,114.79,114.79,3448
IGL,20200515,0.83,0.845,0.762,0.84,1277659
IGO,20200515,4.6,4.71,4.59,4.7,1068087
IHD,20200515,10.78,10.91,10.78,10.91,7917
IHL,20200515,0.051,0.052,0.05,0.052,1197468
IHR,20200515,0.076,0.082,0.076,0.082,87387
IJH,20200515,243.65,244,242,243.3,2002
IJP,20200515,80.49,80.49,79.58,80.22,3744
IJR,20200515,90,90,89.3,89.77,794
IKO,20200515,79.02,79.9,79.02,79.9,598
ILB,20200515,124.7,124.83,123.54,123.54,970
ILC,20200515,20.86,20.95,20.79,20.92,44970
ILU,20200515,7.45,7.66,7.43,7.64,977963
IMA,20200515,0.155,0.155,0.155,0.155,485006
IMC,20200515,0.08,0.082,0.078,0.082,152285
IMD,20200515,1.08,1.11,1.015,1.045,378159
IME,20200515,0.033,0.033,0.033,0.033,102787
IMM,20200515,0.15,0.155,0.145,0.145,2003554
IMR,20200515,1.315,1.315,1.25,1.31,27597
IMS,20200515,0.003,0.003,0.003,0.003,19221
IMU,20200515,0.031,0.031,0.03,0.03,12114484
INA,20200515,3.57,3.63,3.55,3.62,1045210
INF,20200515,0.033,0.037,0.033,0.037,167554
ING,20200515,3.1,3.16,3.1,3.14,923396
INR,20200515,0.13,0.13,0.11,0.12,857848
INV,20200515,0.069,0.069,0.069,0.069,3986
IOD,20200515,0.135,0.135,0.13,0.13,289933
IOO,20200515,75.21,75.67,75.21,75.53,20328
IOZ,20200515,21.97,22.13,21.89,22.11,208481
IP1,20200515,0.007,0.007,0.007,0.007,185000
IPD,20200515,0.039,0.041,0.039,0.041,373744
IPH,20200515,7.47,7.55,7.31,7.4,479321
IPL,20200515,1.97,2.01,1.95,1.98,13497294
IPT,20200515,0.013,0.013,0.012,0.013,2955520
IRE,20200515,10.52,10.75,10.42,10.59,479660
IRI,20200515,3.15,3.27,3.15,3.2,276657
IS3,20200515,0.11,0.11,0.11,0.11,836
ISD,20200515,0.145,0.145,0.14,0.145,90465
ISO,20200515,4.12,4.19,4.12,4.17,49431
ITG,20200515,0.285,0.285,0.27,0.28,521055
IVC,20200515,10.49,10.6,10.25,10.55,812912
IVE,20200515,85.72,86,85,85.47,7411
IVR,20200515,0.013,0.015,0.013,0.015,4554575
IVV,20200515,442.77,443.92,440.81,441.85,9718
IVX,20200515,0.009,0.009,0.008,0.008,133780
IVZ,20200515,0.019,0.021,0.019,0.02,239179
IXC,20200515,1.5,1.53,1.49,1.495,69377
IXI,20200515,76.65,77.46,76.54,76.92,21424
IXJ,20200515,107.48,107.48,104.61,105.39,41736
IXR,20200515,0.006,0.006,0.006,0.006,4103564
IXU,20200515,0.018,0.018,0.018,0.018,13306
IZZ,20200515,59.84,59.84,59.01,59.65,6053
JAN,20200515,0.275,0.28,0.275,0.28,70000
JAT,20200515,0.045,0.046,0.044,0.045,391339
JBH,20200515,34.31,34.72,34.07,34.29,316876
JHC,20200515,0.565,0.605,0.565,0.57,1053440
JHG,20200515,27.46,27.67,26.84,27.3,242621
JHX,20200515,21.5,21.69,20.97,21.54,1231491
JIN,20200515,11.79,12.07,11.43,11.86,641016
JLG,20200515,2.27,2.3,2.24,2.26,294634
JMS,20200515,0.275,0.28,0.265,0.27,2976300
JPR,20200515,0.027,0.027,0.027,0.027,105228
JRV,20200515,0.19,0.195,0.18,0.18,246021
JXT,20200515,0.042,0.042,0.04,0.04,288094
JYC,20200515,0.97,1.01,0.97,1.01,28269
K2F,20200515,0.225,0.225,0.22,0.225,10119
KAI,20200515,0.012,0.016,0.012,0.016,20634355
KAR,20200515,0.55,0.555,0.545,0.55,4424871
KAU,20200515,0.265,0.265,0.25,0.255,356395
KCN,20200515,0.39,0.39,0.39,0.39,95507
KEY,20200515,0.005,0.005,0.004,0.004,3842400
KFE,20200515,0.041,0.045,0.041,0.045,1097058
KGL,20200515,0.175,0.175,0.145,0.15,219687
KGM,20200515,0.008,0.008,0.007,0.008,174688
KGN,20200515,8.78,8.99,8.7,8.76,1523941
KIN,20200515,0.078,0.08,0.078,0.08,341017
KKC,20200515,1.62,1.69,1.62,1.64,834043
KLA,20200515,62.5,65.2,62.5,63.16,2380
KMD,20200515,0.93,0.94,0.885,0.89,3577304
KME,20200515,0.995,0.995,0.95,0.95,13644
KMT,20200515,0.005,0.005,0.004,0.004,188779
KNM,20200515,0.014,0.014,0.013,0.014,785000
KOV,20200515,3.7,3.7,3.7,3.7,250
KP2,20200515,0.014,0.014,0.014,0.014,200000
KPG,20200515,0.87,0.88,0.87,0.88,97244
KPO,20200515,0.027,0.027,0.026,0.026,2064163
KPT,20200515,0.875,0.875,0.86,0.86,13265
KRM,20200515,0.039,0.041,0.039,0.04,2860206
KRR,20200515,0.052,0.055,0.052,0.054,946416
KSC,20200515,1.455,1.455,1.455,1.455,2277
KSL,20200515,0.89,0.89,0.87,0.875,115186
KSN,20200515,0.175,0.175,0.145,0.16,343123
KSS,20200515,0.22,0.22,0.205,0.22,202819
KTA,20200515,0.031,0.031,0.03,0.03,81628
KTD,20200515,0.29,0.29,0.275,0.275,2487356
KTE,20200515,0.008,0.024,0.008,0.016,19278654
KTG,20200515,0.13,0.13,0.115,0.115,265979
KWR,20200515,0.15,0.16,0.15,0.15,437088
KYK,20200515,0.085,0.11,0.085,0.092,12046836
KZA,20200515,0.395,0.395,0.38,0.38,261023
KZR,20200515,0.445,0.46,0.44,0.44,125766
LAU,20200515,0.35,0.35,0.35,0.35,13833
LAW,20200515,0.041,0.041,0.039,0.039,382430
LBL,20200515,0.42,0.45,0.42,0.45,35727
LBT,20200515,0.125,0.125,0.12,0.125,217953
LCD,20200515,0.013,0.013,0.013,0.013,306914
LCK,20200515,0.09,0.09,0.087,0.089,344528
LCL,20200515,0.058,0.062,0.052,0.055,6759033
LCM,20200515,0.125,0.145,0.125,0.145,11450
LCY,20200515,0.002,0.002,0.002,0.002,2189900
LEG,20200515,0.145,0.15,0.13,0.14,9214251
LEP,20200515,4.22,4.22,4.16,4.2,157744
LEX,20200515,0.17,0.17,0.17,0.17,3489
LGP,20200515,0.375,0.395,0.37,0.39,95200
LI3,20200515,0.019,0.02,0.019,0.02,66869
LIC,20200515,7.57,8.07,7.57,7.95,218248
LIN,20200515,0.013,0.013,0.012,0.012,1297997
LIT,20200515,0.052,0.052,0.049,0.049,1194245
LKE,20200515,0.033,0.033,0.032,0.032,372280
LLC,20200515,11.1,11.19,10.96,11.14,1898154
LME,20200515,1.4,1.4,1.385,1.385,15396
LMG,20200515,0.006,0.006,0.006,0.006,241945
LNK,20200515,3.43,3.45,3.345,3.44,2160822
LNU,20200515,0.012,0.012,0.012,0.012,1491859
LOM,20200515,0.05,0.05,0.05,0.05,378000
LON,20200515,0.15,0.15,0.13,0.13,10400
LOT,20200515,0.066,0.081,0.065,0.075,5182835
LOV,20200515,6.97,7.16,6.85,7.15,435140
LPD,20200515,0.009,0.009,0.008,0.008,10311228
LPE,20200515,0.315,0.315,0.31,0.31,5400
LPI,20200515,0.13,0.13,0.13,0.13,119698
LRK,20200515,0.96,0.965,0.94,0.94,3733
LRS,20200515,0.004,0.004,0.004,0.004,516667
LRT,20200515,0.65,0.65,0.65,0.65,7500
LSF,20200515,1.08,1.1,1.075,1.1,1079421
LSH,20200515,0.031,0.031,0.031,0.031,3200
LSR,20200515,0.006,0.007,0.006,0.006,415000
LSX,20200515,0.46,0.47,0.46,0.47,14232
LTR,20200515,0.11,0.11,0.105,0.105,2194980
LVH,20200515,0.23,0.245,0.22,0.225,129818
LVT,20200515,0.235,0.24,0.225,0.23,1532156
LYC,20200515,1.735,1.77,1.72,1.74,3331864
LYL,20200515,4.28,4.37,4.28,4.37,4982
M7T,20200515,0.64,0.64,0.595,0.615,459357
M8S,20200515,0.09,0.09,0.09,0.09,29360
MA1,20200515,0.99,0.99,0.97,0.98,68099
MAD,20200515,0.765,0.765,0.765,0.765,4798
MAG,20200515,0.3,0.31,0.295,0.3,768293
MAH,20200515,0.215,0.22,0.21,0.22,927299
MAI,20200515,0.4,0.415,0.4,0.415,37875
MAN,20200515,0.029,0.029,0.025,0.026,19280571
MAQ,20200515,27.99,28.02,27.99,28,1695
MAT,20200515,0.11,0.115,0.11,0.11,283239
MAU,20200515,0.8,0.815,0.8,0.8,134085
MAY,20200515,0.005,0.005,0.004,0.004,1402882
MCA,20200515,0.11,0.11,0.105,0.11,94773
MCE,20200515,0.18,0.18,0.18,0.18,8512
MCP,20200515,2.6,2.7,2.6,2.66,424294
MCR,20200515,0.64,0.65,0.635,0.645,194999
MCT,20200515,0.004,0.004,0.003,0.003,1350002
MCY,20200515,4.39,4.48,4.36,4.41,4850
MDC,20200515,0.215,0.215,0.205,0.205,33378
MDI,20200515,0.014,0.014,0.012,0.012,22186756
MDR,20200515,0.54,0.545,0.52,0.52,207632
MEA,20200515,0.185,0.185,0.165,0.175,1236339
MEI,20200515,0.017,0.018,0.017,0.018,2316027
MEL,20200515,0.023,0.023,0.023,0.023,8980
MEM,20200515,0.065,0.066,0.065,0.066,65570
MEP,20200515,0.042,0.044,0.041,0.044,281098
MEU,20200515,0.045,0.056,0.045,0.053,9944325
MEY,20200515,0.066,0.066,0.066,0.066,10994
MEZ,20200515,4.38,4.38,4.21,4.34,28865
MFD,20200515,0.725,0.725,0.7,0.7,10624
MFF,20200515,2.86,2.88,2.8,2.81,245277
MFG,20200515,54.19,54.59,53.06,54.32,410637
MGC,20200515,0.43,0.44,0.43,0.43,454106
MGE,20200515,3.99,4,3.97,3.98,506416
MGG,20200515,1.74,1.75,1.715,1.73,714314
MGL,20200515,0.016,0.016,0.015,0.015,165632
MGR,20200515,2.07,2.11,2.05,2.06,11684119
MGT,20200515,0.002,0.002,0.001,0.001,9324500
MGV,20200515,0.11,0.115,0.11,0.115,1686006
MGX,20200515,0.61,0.63,0.597,0.63,5464650
MHC,20200515,0.01,0.01,0.01,0.01,4920528
MHG,20200515,3.3,3.3,3.27,3.29,183571
MHH,20200515,1.42,1.43,1.41,1.42,393825
MHJ,20200515,0.36,0.37,0.325,0.33,837384
MIL,20200515,0.35,0.365,0.35,0.355,82167
MIN,20200515,17.1,17.6,17.02,17.6,848188
MIO,20200515,0.2,0.2,0.2,0.2,10000
MIR,20200515,2.14,2.2,2.14,2.14,34472
MKG,20200515,0.057,0.057,0.057,0.057,1579
MLD,20200515,0.735,0.74,0.71,0.72,129803
MLL,20200515,0.075,0.085,0.075,0.084,321755
MLS,20200515,0.001,0.001,0.001,0.001,6011612
MLT,20200515,3.8,3.82,3.77,3.8,194296
MLX,20200515,0.099,0.102,0.092,0.095,2795264
MME,20200515,1,1.025,0.965,0.99,88151
MMI,20200515,0.1,0.1,0.1,0.1,1158809
MMJ,20200515,0.115,0.125,0.115,0.12,173674
MML,20200515,0.705,0.725,0.69,0.72,290251
MMM,20200515,1.16,1.18,1.12,1.16,424328
MMS,20200515,7,7.4,6.91,7.06,276213
MND,20200515,10.85,10.95,10.53,10.85,180600
MNF,20200515,5.2,5.2,5.09,5.17,142277
MNS,20200515,0.07,0.071,0.062,0.065,1459379
MNW,20200515,0.005,0.006,0.005,0.006,2598033
MNY,20200515,1.51,1.555,1.4,1.415,531740
MOC,20200515,0.65,0.65,0.645,0.65,11835
MOE,20200515,3.13,3.27,2.97,2.99,121982
MOH,20200515,0.066,0.068,0.066,0.068,191354
MOT,20200515,1.675,1.68,1.66,1.66,132211
MOZ,20200515,0.825,0.83,0.765,0.765,149801
MP1,20200515,13.6,13.88,13.2,13.33,606333
MPL,20200515,2.86,2.87,2.82,2.86,8849958
MPP,20200515,0.15,0.15,0.15,0.15,64200
MPW,20200515,0.062,0.065,0.06,0.061,904477
MPX,20200515,0.28,0.3,0.28,0.3,2500
MQG,20200515,105.21,106.33,104.31,105.08,1192080
MRC,20200515,0.23,0.23,0.23,0.23,3983
MRD,20200515,0.001,0.001,0.001,0.001,1389248
MRG,20200515,0.017,0.017,0.015,0.016,2096541
MRM,20200515,0.078,0.079,0.075,0.075,108990
MRQ,20200515,0.007,0.007,0.007,0.007,820000
MRZ,20200515,0.165,0.165,0.165,0.165,15000
MSB,20200515,3.74,3.82,3.54,3.65,9048491
MSE,20200515,0.011,0.012,0.011,0.011,208888
MSG,20200515,0.016,0.016,0.016,0.016,100000
MSM,20200515,0.017,0.017,0.016,0.016,626667
MSR,20200515,0.004,0.004,0.004,0.004,9365011
MSV,20200515,0.39,0.395,0.39,0.395,13730
MTC,20200515,0.15,0.155,0.15,0.155,226613
MTH,20200515,0.012,0.013,0.012,0.012,1738171
MTO,20200515,0.995,1.045,0.995,0.995,50368
MTS,20200515,2.35,2.42,2.35,2.42,6944360
MVA,20200515,17.5,17.61,17.23,17.34,13218
MVB,20200515,17.65,17.65,17.37,17.42,37078
MVE,20200515,24.04,24.43,24.04,24.43,3802
MVF,20200515,0.55,0.565,0.54,0.56,1117086
MVP,20200515,7.32,7.47,7.11,7.19,217207
MVR,20200515,25.07,25.26,25,25.19,19992
MVS,20200515,16.08,16.25,16.07,16.25,2642
MVW,20200515,24.65,24.93,24.55,24.93,84828
MWR,20200515,0.093,0.093,0.09,0.09,218226
MWY,20200515,0.82,0.82,0.8,0.8,75473
MX1,20200515,0.14,0.14,0.135,0.135,79182
MXC,20200515,0.027,0.027,0.026,0.026,2771734
MXI,20200515,0.15,0.15,0.15,0.15,44035
MXR,20200515,0.031,0.035,0.03,0.03,875644
MXT,20200515,1.83,1.85,1.81,1.81,886546
MYE,20200515,0.66,0.66,0.63,0.63,33501
MYL,20200515,0.044,0.045,0.042,0.042,1081930
MYQ,20200515,0.14,0.14,0.14,0.14,3125
MYR,20200515,0.265,0.27,0.247,0.25,15063913
MYS,20200515,3.67,3.71,3.62,3.66,102950
MYX,20200515,0.43,0.44,0.415,0.425,6814477
MZZ,20200515,0.235,0.25,0.23,0.24,1997178
NAB,20200515,15.46,15.56,15.23,15.46,8964523
NAC,20200515,0.685,0.685,0.685,0.685,500
NAE,20200515,0.003,0.003,0.003,0.003,550000
NAG,20200515,0.054,0.054,0.054,0.054,36117
NAM,20200515,0.3,0.3,0.3,0.3,34245
NAN,20200515,6.85,6.855,6.7,6.81,718316
NBI,20200515,1.57,1.575,1.555,1.57,178844
NC6,20200515,0.03,0.03,0.03,0.03,94756
NCC,20200515,0.75,0.75,0.74,0.74,52893
NCK,20200515,5.38,5.46,5.14,5.2,887023
NCM,20200515,29.72,30.25,29.63,30.23,5375395
NCR,20200515,0.009,0.009,0.007,0.007,103563
NCZ,20200515,0.235,0.24,0.225,0.225,2035104
NDQ,20200515,23.91,23.98,23.84,23.93,167928
NEA,20200515,1.565,1.585,1.505,1.585,4387195
NEC,20200515,1.36,1.39,1.325,1.365,3814822
NES,20200515,0.04,0.04,0.036,0.04,194220
NET,20200515,0.041,0.041,0.039,0.04,3393962
NEU,20200515,1.65,1.65,1.58,1.615,39919
NEW,20200515,1.08,1.08,1.055,1.06,94889
NGE,20200515,0.455,0.455,0.455,0.455,2000
NGI,20200515,1.255,1.29,1.19,1.21,994541
NGY,20200515,0.015,0.018,0.014,0.018,88002
NHC,20200515,1.34,1.37,1.325,1.335,2385586
NHF,20200515,4.63,4.74,4.63,4.74,941030
NIC,20200515,0.545,0.56,0.51,0.535,7826581
NML,20200515,0.125,0.14,0.125,0.14,2640503
NMT,20200515,0.17,0.17,0.16,0.16,98951
NNT,20200515,0.053,0.053,0.05,0.051,599754
NOR,20200515,0.023,0.024,0.02,0.024,742847
NOV,20200515,0.185,0.185,0.185,0.185,35362
NOX,20200515,0.205,0.21,0.2,0.2,114181
NSB,20200515,0.18,0.185,0.18,0.185,15000
NSC,20200515,0.45,0.455,0.44,0.455,28509
NSR,20200515,1.705,1.73,1.65,1.69,11420651
NST,20200515,13.85,14.04,13.59,14.04,3984813
NTD,20200515,0.28,0.295,0.28,0.285,81884
NTL,20200515,0.007,0.007,0.007,0.007,150000
NTM,20200515,0.081,0.084,0.081,0.084,1807229
NTO,20200515,1.65,1.7,1.615,1.665,311815
NTU,20200515,0.022,0.024,0.022,0.024,7422571
NUC,20200515,2.94,2.97,2.92,2.95,38341
NUF,20200515,5,5.09,4.96,5.09,639101
NUH,20200515,0.024,0.024,0.021,0.021,1973515
NVA,20200515,0.049,0.049,0.048,0.048,1775240
NVO,20200515,0.009,0.009,0.008,0.008,2350666
NVU,20200515,0.089,0.089,0.085,0.085,325165
NVX,20200515,0.4,0.5,0.4,0.45,1164688
NWC,20200515,0.012,0.012,0.012,0.012,357503
NWE,20200515,0.003,0.003,0.003,0.003,1138357
NWH,20200515,1.56,1.575,1.465,1.515,3195607
NWL,20200515,7.43,7.64,7.37,7.6,143739
NWS,20200515,17,17.1,16.74,16.9,143797
NXE,20200515,0.007,0.007,0.006,0.006,205288
NXS,20200515,1.535,1.625,1.52,1.57,120049
NXT,20200515,9.41,9.48,9.27,9.36,1428440
NYR,20200515,0.16,0.17,0.16,0.17,12445
NZK,20200515,1.73,1.745,1.73,1.73,4107
NZM,20200515,0.23,0.245,0.22,0.245,17577
NZS,20200515,0.016,0.016,0.011,0.013,2546182
OAR,20200515,0.002,0.002,0.002,0.002,4280016
OAU,20200515,0.019,0.019,0.019,0.019,341011
OBL,20200515,3.87,4.145,3.87,4.06,430408
OBM,20200515,0.19,0.2,0.19,0.2,786001
OCC,20200515,0.385,0.385,0.375,0.375,447980
OCL,20200515,6.99,7.05,6.99,7.05,38308
ODM,20200515,0.033,0.033,0.033,0.033,340000
OEC,20200515,0.815,0.825,0.8,0.8,64394
OEL,20200515,0.006,0.006,0.006,0.006,2027242
OFX,20200515,1.26,1.32,1.26,1.315,208928
OGA,20200515,0.105,0.105,0.099,0.099,164311
OGC,20200515,2.83,2.9,2.77,2.9,910773
OIL,20200515,0.041,0.043,0.041,0.043,125200
OKR,20200515,0.13,0.14,0.13,0.14,17307
OKU,20200515,0.3,0.3,0.3,0.3,164866
OLI,20200515,0.042,0.042,0.038,0.04,2126003
OLL,20200515,0.22,0.225,0.215,0.225,206534
OMH,20200515,0.325,0.34,0.325,0.34,2004
OML,20200515,1.03,1.06,0.97,1,6067871
ONE,20200515,0.054,0.056,0.048,0.056,203850
ONT,20200515,5.15,5.25,5.15,5.25,3024
ONX,20200515,0.055,0.055,0.055,0.055,18970
OOO,20200515,3.04,3.07,3,3.07,1689965
OPC,20200515,4.75,4.78,4.67,4.7,179795
OPH,20200515,2.32,2.36,2.32,2.36,120237
OPL,20200515,0.075,0.075,0.073,0.073,74507
OPT,20200515,2.78,2.86,2.66,2.73,234762
OPY,20200515,1.25,1.25,1.12,1.135,788560
ORA,20200515,2.5,2.57,2.49,2.57,9728910
ORE,20200515,1.89,1.925,1.865,1.89,2460421
ORG,20200515,5.38,5.42,5.285,5.38,4497001
ORI,20200515,16.17,16.3,16.06,16.2,1231731
ORN,20200515,0.015,0.016,0.015,0.016,94971
OSH,20200515,2.83,2.91,2.82,2.84,10117217
OSL,20200515,0.115,0.115,0.107,0.11,3025380
OSP,20200515,0.01,0.01,0.01,0.01,3129192
OSX,20200515,0.5,0.51,0.49,0.495,14154
OTW,20200515,2.9,2.91,2.84,2.85,17671
OVH,20200515,0.22,0.23,0.22,0.22,1187372
OVN,20200515,0.24,0.245,0.235,0.245,139744
OVT,20200515,0.018,0.018,0.018,0.018,1076
OZF,20200515,13.46,13.52,13.39,13.44,12057
OZL,20200515,8.75,8.9,8.62,8.66,1379132
OZR,20200515,9.97,10.05,9.97,10.05,28804
PAA,20200515,0.1,0.102,0.089,0.091,3659531
PAC,20200515,4.85,4.85,4.7,4.75,17901
PAF,20200515,0.68,0.68,0.665,0.68,47796
PAI,20200515,0.975,0.985,0.97,0.97,557107
PAL,20200515,0.69,0.71,0.69,0.69,4025
PAR,20200515,2.35,2.4,2.26,2.28,1870366
PBH,20200515,4.38,4.59,4.25,4.59,1617128
PBP,20200515,1.84,1.905,1.84,1.905,75140
PCG,20200515,1.025,1.025,1.025,1.025,186
PCI,20200515,0.9,0.9,0.88,0.88,271339
PCK,20200515,0.15,0.15,0.145,0.15,563664
PCL,20200515,0.001,0.001,0.001,0.001,3005833
PDI,20200515,0.065,0.066,0.064,0.065,2965947
PDL,20200515,5.83,5.95,5.61,5.75,1666218
PDN,20200515,0.11,0.115,0.105,0.105,3430628
PDZ,20200515,0.11,0.11,0.11,0.11,140000
PE1,20200515,1.43,1.46,1.34,1.35,401053
PEC,20200515,0.022,0.022,0.02,0.02,110300
PEK,20200515,0.021,0.022,0.021,0.022,1003628
PEN,20200515,0.13,0.135,0.125,0.125,627534
PET,20200515,0.515,0.52,0.495,0.5,910263
PEX,20200515,0.14,0.14,0.13,0.135,49537
PFP,20200515,2.95,2.95,2.9,2.9,8136
PFT,20200515,0.2,0.2,0.195,0.2,118230
PGC,20200515,0.19,0.2,0.18,0.18,84390
PGF,20200515,0.86,0.87,0.86,0.87,277636
PGG,20200515,1.375,1.395,1.375,1.38,161276
PGH,20200515,1.81,1.935,1.81,1.905,741395
PGI,20200515,0.03,0.031,0.028,0.028,75000
PGL,20200515,0.83,0.85,0.83,0.83,31901
PGM,20200515,0.022,0.023,0.022,0.023,100000
PGR,20200515,0.056,0.056,0.056,0.056,20799
PGX,20200515,0.245,0.25,0.245,0.25,118000
PIA,20200515,1.055,1.07,1.04,1.04,283694
PIC,20200515,0.855,0.86,0.84,0.84,108008
PIO,20200515,0.011,0.011,0.011,0.011,128762
PIQ,20200515,0.36,0.36,0.36,0.36,255
PKS,20200515,0.165,0.165,0.16,0.16,67500
PL8,20200515,0.99,1.015,0.985,0.985,375541
PLL,20200515,0.105,0.11,0.105,0.107,667758
PLS,20200515,0.24,0.25,0.235,0.245,17986273
PM1,20200515,0.015,0.018,0.013,0.013,8713891
PM8,20200515,0.19,0.19,0.18,0.185,105673
PMC,20200515,1.25,1.26,1.245,1.245,306146
PME,20200515,25.9,26.31,25.78,26.13,160352
PMV,20200515,15.43,15.88,15.03,15.3,352117
PMY,20200515,0.005,0.005,0.005,0.005,7455042
PNC,20200515,0.31,0.365,0.31,0.315,1026025
PNI,20200515,3.78,3.88,3.74,3.84,315419
PNN,20200515,0.002,0.002,0.002,0.002,120000
PNR,20200515,0.145,0.15,0.145,0.145,1579741
PNV,20200515,2.41,2.45,2.28,2.34,3705574
PNX,20200515,0.006,0.007,0.006,0.007,240721
PO3,20200515,2.31,2.31,2.25,2.25,5178
POD,20200515,0.019,0.02,0.019,0.02,153453
POS,20200515,0.034,0.034,0.032,0.032,1117631
POU,20200515,18.51,18.52,18.5,18.52,3163
POW,20200515,0.005,0.005,0.005,0.005,400000
PPC,20200515,0.715,0.72,0.695,0.71,38164
PPE,20200515,2.22,2.265,2,2.03,1045195
PPG,20200515,0.145,0.16,0.145,0.16,729255
PPH,20200515,6.55,6.66,6.45,6.58,638113
PPK,20200515,3.53,3.66,3.36,3.44,65471
PPS,20200515,0.33,0.33,0.31,0.315,1133148
PPT,20200515,29.03,29.29,28.36,29,132658
PRN,20200515,1,1.04,0.997,1.03,2712989
PRO,20200515,0.65,0.68,0.625,0.625,215156
PRT,20200515,0.105,0.105,0.1,0.1,529494
PRU,20200515,1.085,1.115,1.08,1.115,8190200
PRX,20200515,0.043,0.046,0.043,0.044,274527
PSC,20200515,0.077,0.077,0.075,0.075,143715
PSI,20200515,2.23,2.23,2.23,2.23,4290
PSQ,20200515,1.31,1.355,1.31,1.325,28205
PSZ,20200515,0.018,0.018,0.017,0.017,639750
PTB,20200515,0.46,0.46,0.455,0.46,27214
PTL,20200515,0.365,0.365,0.36,0.36,65581
PTM,20200515,3.67,3.68,3.55,3.64,961233
PTX,20200515,0.043,0.043,0.04,0.043,2655656
PUA,20200515,0.016,0.017,0.016,0.017,369801
PUR,20200515,0.005,0.005,0.005,0.005,204250
PWG,20200515,0.97,0.98,0.93,0.94,264453
PWH,20200515,3.8,3.8,3.58,3.8,1600394
PWL,20200515,0.15,0.175,0.15,0.175,31597
PWN,20200515,0.006,0.008,0.006,0.008,16534831
PXS,20200515,0.086,0.086,0.083,0.083,79510
PXX,20200515,0.021,0.025,0.021,0.025,754095
PYC,20200515,0.071,0.073,0.071,0.073,229865
PYG,20200515,0.565,0.565,0.565,0.565,10573
QAG,20200515,4.64,4.64,4.64,4.64,390
QAN,20200515,3.4,3.43,3.29,3.35,10074786
QAU,20200515,17.08,17.14,17.05,17.14,99231
QBE,20200515,7.53,7.63,7.47,7.62,5466500
QCB,20200515,5.87,5.87,5.83,5.83,745
QEM,20200515,0.08,0.08,0.08,0.08,25000
QFE,20200515,0.28,0.28,0.25,0.265,927378
QFN,20200515,7.48,7.53,7.45,7.48,41058
QFY,20200515,0.002,0.002,0.001,0.002,1950646
QHL,20200515,0.074,0.075,0.071,0.073,2277841
QOZ,20200515,10.4,10.49,10.39,10.48,22657
QRE,20200515,5.44,5.49,5.44,5.49,38259
QRI,20200515,1.35,1.4,1.345,1.345,190718
QTM,20200515,0.038,0.038,0.036,0.037,560561
QUB,20200515,2.49,2.52,2.43,2.49,4913129
QUS,20200515,32.85,32.98,32.85,32.97,2514
QVE,20200515,0.76,0.775,0.755,0.765,242560
RAC,20200515,0.37,0.38,0.36,0.38,122307
RAG,20200515,0.005,0.005,0.005,0.005,75000
RAP,20200515,0.175,0.175,0.17,0.175,608249
RBL,20200515,0.96,0.985,0.89,0.925,410183
RBR,20200515,0.008,0.008,0.008,0.008,597500
RCB,20200515,21.11,21.15,21.1,21.15,13286
RCE,20200515,0.485,0.495,0.48,0.49,226843
RCL,20200515,0.28,0.28,0.28,0.28,5549
RDC,20200515,0.705,0.72,0.69,0.7,291618
RDF,20200515,0.425,0.425,0.425,0.425,5585
RDH,20200515,0.55,0.575,0.55,0.575,8526
RDM,20200515,0.093,0.095,0.093,0.095,195542
RDV,20200515,21.11,21.24,21.03,21.24,4249
RDY,20200515,1.38,1.385,1.36,1.36,21283
REA,20200515,91,91.5,89.31,90.38,216875
RED,20200515,0.23,0.265,0.23,0.26,12538659
REE,20200515,0.024,0.026,0.023,0.025,2445333
REG,20200515,1.425,1.465,1.365,1.39,703543
REH,20200515,8.25,8.31,8.07,8.13,236781
RES,20200515,0.057,0.057,0.057,0.057,50000
REX,20200515,1.1,1.145,1.035,1.1,423739
REZ,20200515,0.016,0.017,0.015,0.015,4837737
RF1,20200515,2.01,2.01,1.97,2,76448
RFF,20200515,1.875,1.915,1.875,1.895,290655
RFG,20200515,0.076,0.076,0.074,0.076,594367
RFT,20200515,0.031,0.031,0.03,0.03,257346
RFX,20200515,0.031,0.031,0.031,0.031,626700
RGB,20200515,23.57,23.6,23.54,23.58,619
RGI,20200515,0.068,0.068,0.065,0.065,11756
RHC,20200515,62,64.13,61.55,64.13,876942
RHP,20200515,1.94,1.95,1.9,1.915,343667
RHT,20200515,0.165,0.17,0.155,0.155,1217676
RHY,20200515,0.097,0.097,0.096,0.096,66095
RIC,20200515,0.71,0.71,0.695,0.705,161071
RIE,20200515,0.009,0.009,0.009,0.009,63509
RIM,20200515,0.007,0.007,0.007,0.007,641037
RIO,20200515,84.28,85.6,83.96,85.36,1843958
RKN,20200515,0.59,0.59,0.58,0.58,418
RLE,20200515,0.022,0.023,0.022,0.022,623444
RLG,20200515,0.023,0.023,0.021,0.021,2371741
RLT,20200515,1.35,1.35,1.325,1.325,18002
RMC,20200515,0.815,0.82,0.79,0.8,166504
RMD,20200515,25.19,25.28,25,25.26,589840
RML,20200515,0.056,0.057,0.055,0.055,861649
RMP,20200515,0.008,0.008,0.008,0.008,56500
RMS,20200515,1.45,1.56,1.45,1.545,10964075
RMY,20200515,0.31,0.315,0.28,0.31,74761
RND,20200515,1.955,1.955,1.95,1.95,791
RNE,20200515,0.019,0.019,0.018,0.019,497122
RNO,20200515,0.074,0.074,0.072,0.073,846785
RNT,20200515,0.038,0.038,0.037,0.038,226049
RNU,20200515,0.009,0.01,0.009,0.01,1546493
ROG,20200515,0.001,0.001,0.001,0.001,2000000
RPM,20200515,0.145,0.145,0.145,0.145,7000
RRL,20200515,5.09,5.29,5.05,5.28,4593323
RSG,20200515,1.05,1.09,1.047,1.085,7878656
RSH,20200515,0.062,0.062,0.059,0.059,769788
RSM,20200515,21.83,21.83,21.83,21.83,336
RTE,20200515,0.395,0.395,0.395,0.395,3692
RTG,20200515,0.059,0.059,0.057,0.058,352820
RTR,20200515,0.065,0.066,0.064,0.064,384956
RUL,20200515,0.935,0.955,0.935,0.94,389211
RVR,20200515,0.063,0.063,0.061,0.061,738177
RVS,20200515,0.42,0.42,0.42,0.42,686
RWC,20200515,2.42,2.51,2.42,2.5,1812028
RXH,20200515,0.003,0.003,0.003,0.003,500000
RXL,20200515,0.025,0.025,0.024,0.025,5612764
RXM,20200515,0.068,0.073,0.068,0.069,273714
RXP,20200515,0.275,0.275,0.27,0.27,22272
RZI,20200515,0.65,0.69,0.65,0.655,13703
S2R,20200515,0.093,0.099,0.093,0.099,32500
S32,20200515,1.82,1.875,1.81,1.865,15573153
SAR,20200515,4.86,5.07,4.86,5.05,9533828
SAU,20200515,0.13,0.14,0.13,0.14,298488
SBM,20200515,2.82,2.92,2.79,2.92,7748551
SBR,20200515,0.002,0.002,0.002,0.002,4500001
SBW,20200515,0.069,0.07,0.069,0.07,56851
SCG,20200515,2.06,2.08,1.99,2.03,40010847
SCI,20200515,0.013,0.013,0.011,0.011,1844559
SCL,20200515,0.017,0.02,0.016,0.016,17333741
SCP,20200515,2.15,2.17,2.12,2.16,2684698
SDF,20200515,2.9,2.96,2.87,2.93,2105392
SDG,20200515,1.15,1.15,1.12,1.12,25572
SDI,20200515,0.765,0.77,0.765,0.77,12469
SDV,20200515,0.725,0.73,0.685,0.71,403530
SDX,20200515,0.068,0.068,0.06,0.062,795000
SE1,20200515,0.017,0.017,0.015,0.016,2164120
SEC,20200515,1.245,1.26,1.245,1.26,57708
SEI,20200515,0.028,0.028,0.027,0.028,1056893
SEK,20200515,17.15,17.41,16.99,17.28,987090
SEN,20200515,0.045,0.046,0.044,0.044,992250
SEQ,20200515,0.19,0.19,0.19,0.19,706724
SFC,20200515,10.55,10.59,10.43,10.59,4039
SFG,20200515,0.053,0.053,0.052,0.052,132721
SFR,20200515,4.12,4.32,4.12,4.28,845831
SFY,20200515,48.83,49.17,48.77,49.02,28645
SGC,20200515,0.017,0.019,0.017,0.017,1198427
SGF,20200515,1.38,1.43,1.345,1.43,138110
SGH,20200515,0.71,0.72,0.65,0.68,37223
SGM,20200515,6.41,6.59,6.38,6.44,490147
SGO,20200515,0.026,0.026,0.026,0.026,124200
SGP,20200515,2.73,2.76,2.65,2.7,9514833
SGQ,20200515,0.081,0.085,0.078,0.084,4579212
SGR,20200515,2.59,2.65,2.54,2.58,2534532
SHE,20200515,0.006,0.006,0.006,0.006,13154
SHJ,20200515,0.775,0.78,0.775,0.78,7304
SHK,20200515,0.005,0.005,0.005,0.005,200000
SHL,20200515,26.53,27.21,26.53,27.12,1520421
SHM,20200515,0.44,0.44,0.44,0.44,6000
SHO,20200515,0.026,0.026,0.026,0.026,24183
SHV,20200515,7.7,7.86,7.64,7.78,430903
SI6,20200515,0.002,0.002,0.002,0.002,500000
SIG,20200515,0.58,0.595,0.575,0.59,1326379
SIQ,20200515,5.09,5.18,4.85,4.95,719209
SIV,20200515,0.6,0.6,0.565,0.57,271254
SKC,20200515,2.27,2.35,2.25,2.33,646436
SKF,20200515,0.135,0.135,0.13,0.13,58120
SKI,20200515,2.01,2.03,1.99,2.02,4280318
SKO,20200515,2.57,2.61,2.53,2.6,45105
SKT,20200515,0.325,0.34,0.325,0.34,305585
SKY,20200515,0.39,0.43,0.385,0.405,1349267
SLC,20200515,0.99,1.025,0.965,0.975,1363861
SLF,20200515,9.99,10.01,9.82,9.86,145045
SLK,20200515,3.8,3.85,3.73,3.79,172075
SLM,20200515,0.68,0.685,0.67,0.68,82794
SLR,20200515,2.02,2.17,2.02,2.15,8670361
SLX,20200515,0.345,0.35,0.34,0.35,220647
SLZ,20200515,0.11,0.135,0.11,0.125,652728
SM1,20200515,6.55,6.7,6.49,6.53,49361
SMC,20200515,0.39,0.39,0.39,0.39,10579
SMN,20200515,0.385,0.387,0.38,0.385,29731
SMP,20200515,0.432,0.45,0.432,0.44,100758
SMR,20200515,1,1.005,1,1,7314019
SMX,20200515,0.27,0.275,0.27,0.275,21017
SNC,20200515,0.64,0.65,0.63,0.63,68400
SND,20200515,0.455,0.455,0.455,0.455,44000
SNL,20200515,3.43,3.43,3.43,3.43,3000
SNS,20200515,0.094,0.094,0.094,0.094,61481
SNZ,20200515,5.48,5.48,5.38,5.38,2083
SO4,20200515,0.41,0.425,0.395,0.4,1244769
SOL,20200515,17.8,18.33,17.8,18.22,314431
SOM,20200515,1.08,1.08,1.02,1.03,39639
SOR,20200515,0.053,0.053,0.051,0.051,79732
SP3,20200515,0.057,0.058,0.053,0.055,785074
SPK,20200515,4.25,4.33,4.23,4.31,605093
SPL,20200515,0.99,0.99,0.935,0.96,303926
SPT,20200515,0.41,0.415,0.4,0.405,1532452
SPX,20200515,0.16,0.175,0.16,0.175,758139
SPY,20200515,445,445,440,440.55,82
SPZ,20200515,0.105,0.105,0.105,0.105,6609
SRG,20200515,0.215,0.217,0.21,0.215,254789
SRK,20200515,0.046,0.05,0.046,0.047,518062
SRV,20200515,2.24,2.24,2.165,2.22,7130
SRY,20200515,0.014,0.014,0.014,0.014,100000
SRZ,20200515,0.009,0.009,0.009,0.009,360606
SSG,20200515,0.56,0.56,0.54,0.56,717611
SSL,20200515,6.4,6.4,6.4,6.4,11035
SSM,20200515,2.11,2.17,2.09,2.15,1744878
ST1,20200515,0.17,0.175,0.16,0.165,1326165
STA,20200515,0.125,0.13,0.125,0.13,134673
STG,20200515,0.77,0.805,0.76,0.8,239786
STM,20200515,0.006,0.006,0.006,0.006,4715998
STN,20200515,0.35,0.36,0.345,0.35,176726
STO,20200515,4.73,4.76,4.565,4.6,9428262
STW,20200515,49.84,50.21,49.61,49.81,181768
STX,20200515,0.16,0.17,0.16,0.165,4768872
SUD,20200515,0.039,0.039,0.038,0.038,154289
SUL,20200515,6.64,6.8,6.55,6.73,985392
SUN,20200515,8.51,8.73,8.42,8.7,1828151
SUP,20200515,0.051,0.051,0.05,0.05,145000
SVA,20200515,0.022,0.022,0.022,0.022,13600
SVL,20200515,0.094,0.102,0.093,0.1,12364000
SVM,20200515,0.125,0.125,0.125,0.125,142582
SVW,20200515,13.81,14.06,13.66,13.9,333128
SVY,20200515,0.395,0.445,0.395,0.445,1785976
SW1,20200515,0.021,0.021,0.021,0.021,1563900
SWF,20200515,0.255,0.265,0.255,0.26,488264
SWK,20200515,0.135,0.135,0.13,0.13,31595
SWM,20200515,0.084,0.085,0.08,0.08,11018870
SXA,20200515,0.061,0.065,0.061,0.065,279334
SXE,20200515,0.44,0.44,0.43,0.43,111513
SXL,20200515,0.16,0.165,0.15,0.16,22381265
SXY,20200515,0.2,0.205,0.195,0.2,3097859
SYA,20200515,0.007,0.007,0.007,0.007,838802
SYD,20200515,5.49,5.55,5.46,5.51,8059072
SYI,20200515,21.68,21.97,21.68,21.96,31049
SYR,20200515,0.28,0.29,0.27,0.27,3170633
SZL,20200515,2.09,2.15,2.01,2.03,433266
TAH,20200515,3.1,3.14,3.05,3.12,3987745
TAM,20200515,0.046,0.046,0.042,0.045,1098029
TAO,20200515,0.066,0.074,0.066,0.073,807397
TAP,20200515,0.078,0.078,0.078,0.078,6100
TAR,20200515,0.014,0.014,0.012,0.013,920300
TAS,20200515,0.035,0.036,0.035,0.035,35000
TBR,20200515,6.6,6.75,6.47,6.73,37727
TCL,20200515,13.58,13.67,13.47,13.6,4972011
TCN,20200515,0.038,0.038,0.038,0.038,5000
TD1,20200515,0.029,0.03,0.028,0.028,3037617
TDI,20200515,1.57,1.595,1.555,1.595,81134
TDO,20200515,0.08,0.08,0.08,0.08,4089
TDY,20200515,0.16,0.16,0.16,0.16,10000
TEG,20200515,0.03,0.03,0.03,0.03,692830
TEK,20200515,0.225,0.225,0.22,0.225,174804
TER,20200515,0.155,0.16,0.15,0.15,499116
TGA,20200515,0.135,0.135,0.135,0.135,8330
TGF,20200515,1.13,1.15,1.13,1.15,147432
TGG,20200515,1.12,1.12,1.115,1.12,53791
TGH,20200515,0.155,0.155,0.155,0.155,40000
TGM,20200515,0.23,0.235,0.205,0.235,22521
TGP,20200515,0.86,0.865,0.85,0.855,22638
TGR,20200515,3.75,3.83,3.745,3.8,556149
THC,20200515,0.305,0.33,0.305,0.32,243697
TIE,20200515,0.375,0.375,0.36,0.36,131124
TIN,20200515,0.19,0.21,0.18,0.2,13823770
TIP,20200515,0.58,0.58,0.58,0.58,7600
TKM,20200515,0.014,0.014,0.014,0.014,240385
TLG,20200515,0.345,0.345,0.322,0.335,347169
TLS,20200515,3.14,3.17,3.12,3.17,25495637
TLT,20200515,2.95,2.95,2.81,2.81,3771
TLX,20200515,1.41,1.455,1.37,1.42,540838
TMG,20200515,0.076,0.076,0.075,0.076,137600
TMR,20200515,0.175,0.245,0.175,0.2,2636257
TMT,20200515,0.12,0.12,0.12,0.12,10800
TMX,20200515,0.005,0.005,0.005,0.005,2200000
TNE,20200515,9.89,10.11,9.85,10.11,988877
TNG,20200515,0.059,0.06,0.057,0.059,345153
TNK,20200515,0.815,0.815,0.815,0.815,11929
TNT,20200515,0.058,0.062,0.057,0.058,3364136
TNY,20200515,1.04,1.045,1.03,1.03,15794
TOE,20200515,0.009,0.009,0.009,0.009,2399031
TON,20200515,0.056,0.056,0.054,0.055,1188725
TOT,20200515,0.865,0.865,0.86,0.86,108306
TOU,20200515,0.06,0.06,0.06,0.06,41666
TPM,20200515,7.14,7.33,7.12,7.33,976884
TPP,20200515,0.032,0.032,0.032,0.032,50000
TPS,20200515,0.065,0.065,0.061,0.063,87629
TPW,20200515,4.06,4.06,3.81,3.98,229702
TRS,20200515,4.34,4.64,4.28,4.57,349632
TRT,20200515,0.014,0.014,0.014,0.014,329602
TRY,20200515,0.081,0.092,0.081,0.085,1361192
TSC,20200515,0.007,0.008,0.006,0.008,38367921
TSL,20200515,0.039,0.039,0.039,0.039,16000
TSO,20200515,0.046,0.058,0.046,0.057,8211556
TTB,20200515,0.505,0.54,0.505,0.51,38261
TTM,20200515,0.073,0.075,0.072,0.075,708634
TTT,20200515,0.695,0.695,0.68,0.68,144205
TWD,20200515,2.55,2.55,2.55,2.55,764
TWE,20200515,9.72,9.86,9.63,9.82,1382317
TYR,20200515,3.4,3.5,3.3,3.38,1385324
TYX,20200515,0.004,0.004,0.004,0.004,3510762
TZN,20200515,0.039,0.039,0.038,0.038,68900
UBI,20200515,0.195,0.195,0.195,0.195,5100
UBN,20200515,0.05,0.05,0.049,0.049,2113356
UCM,20200515,0.22,0.22,0.22,0.22,108527
UMG,20200515,3.93,4.13,3.91,4.1,7524190
UNV,20200515,0.17,0.17,0.165,0.165,50000
UOS,20200515,0.675,0.68,0.675,0.68,10372
URF,20200515,0.34,0.365,0.34,0.365,186010
URW,20200515,3.75,3.8,3.69,3.79,968515
USD,20200515,15.05,15.08,15.05,15.07,86011
UUV,20200515,0.001,0.001,0.001,0.001,2990000
UWL,20200515,1.43,1.48,1.42,1.48,397020
VAE,20200515,65.96,65.96,64.69,64.84,2625
VAF,20200515,52.69,52.69,52.54,52.63,27609
VAL,20200515,0.001,0.001,0.001,0.001,2050000
VAN,20200515,0.12,0.13,0.12,0.125,318566
VAP,20200515,63.51,64.22,62.9,63.2,75154
VAR,20200515,0.015,0.015,0.015,0.015,20555
VAS,20200515,68.23,68.74,67.91,68.67,221180
VCF,20200515,49.48,49.53,49.31,49.34,5866
VCX,20200515,1.375,1.4,1.355,1.39,14817722
VEA,20200515,1.42,1.455,1.395,1.44,3381506
VEE,20200515,0.41,0.41,0.41,0.41,15052
VEN,20200515,0.04,0.045,0.04,0.04,1107975
VEQ,20200515,49.24,49.36,49.01,49.35,9415
VEU,20200515,66.76,66.76,66.26,66.48,74355
VG1,20200515,2.08,2.09,2.06,2.08,184556
VG8,20200515,2.07,2.1,2.06,2.06,181611
VGB,20200515,53.86,53.87,53.72,53.76,28825
VGE,20200515,61.9,62.56,61.9,62.12,24240
VGI,20200515,9.4,9.4,9.25,9.3,21456
VGL,20200515,1.35,1.35,1.3,1.315,21713
VGS,20200515,75.29,75.29,74.75,75.03,205879
VHT,20200515,1.3,1.32,1.28,1.295,296002
VHY,20200515,45.74,46.24,45.69,46.01,53325
VIC,20200515,0.001,0.001,0.001,0.001,12834865
VIF,20200515,51.94,51.94,51.82,51.94,21412
VIP,20200515,0.035,0.036,0.034,0.036,1844248
VLC,20200515,54.73,54.73,54.54,54.64,14251
VLS,20200515,0.565,0.565,0.55,0.55,73440
VLT,20200515,0.21,0.23,0.21,0.22,15900
VMC,20200515,0.17,0.17,0.165,0.165,100000
VMG,20200515,0.001,0.001,0.001,0.001,11000
VML,20200515,0.01,0.011,0.01,0.01,1959219
VMS,20200515,0.015,0.016,0.015,0.015,710767
VMT,20200515,0.185,0.195,0.18,0.18,455546
VMX,20200515,0.165,0.165,0.165,0.165,904
VMY,20200515,0.047,0.048,0.045,0.048,549728
VN8,20200515,0.1,0.11,0.1,0.11,207352
VOC,20200515,2.77,2.82,2.72,2.8,1247758
VOR,20200515,0.13,0.13,0.12,0.12,70000
VR1,20200515,0.022,0.027,0.021,0.027,2236451
VRC,20200515,0.01,0.01,0.01,0.01,6622381
VRL,20200515,1.935,1.935,1.76,1.765,215257
VRS,20200515,0.03,0.03,0.028,0.028,642814
VRT,20200515,3.21,3.23,3,3.08,564090
VRX,20200515,0.089,0.089,0.083,0.087,402650
VSO,20200515,50.73,51.07,50.43,50.93,8954
VTG,20200515,0.92,0.93,0.885,0.9,514620
VTH,20200515,0.73,0.76,0.725,0.76,47467
VTS,20200515,221.53,222.08,220.55,221.4,27105
VUK,20200515,1.345,1.365,1.325,1.345,4523107
VUL,20200515,0.23,0.23,0.225,0.225,71063
VVA,20200515,1.82,1.9,1.7,1.9,58265
VVR,20200515,2.4,2.44,2.39,2.44,4253742
VXR,20200515,0.056,0.056,0.056,0.056,429062
VYS,20200515,0.057,0.057,0.055,0.055,111024
WAA,20200515,0.88,0.905,0.88,0.89,37458
WAF,20200515,0.775,0.775,0.755,0.77,3263870
WAM,20200515,1.835,1.855,1.83,1.835,225093
WAX,20200515,1.28,1.28,1.26,1.27,94448
WBC,20200515,15.12,15.34,15.03,15.26,7523788
WBE,20200515,0.004,0.004,0.004,0.004,6231692
WBT,20200515,0.33,0.34,0.325,0.34,171528
WCN,20200515,0.005,0.005,0.005,0.005,253370
WEB,20200515,3.18,3.23,3.02,3.11,6641866
WEC,20200515,0.084,0.086,0.081,0.086,46690
WEL,20200515,0.021,0.024,0.021,0.023,898224
WES,20200515,37.28,37.92,37.18,37.9,1475669
WGB,20200515,1.92,1.935,1.915,1.92,189492
WGN,20200515,0.885,0.885,0.85,0.86,62758
WGO,20200515,0.15,0.17,0.15,0.16,2800235
WGX,20200515,2.25,2.33,2.22,2.28,2110778
WHC,20200515,1.75,1.775,1.725,1.745,4738112
WHF,20200515,4.48,4.49,4.43,4.44,50303
WHK,20200515,0.057,0.06,0.057,0.06,320652
WIC,20200515,0.825,0.825,0.815,0.82,16396
WKT,20200515,0.13,0.135,0.13,0.135,85451
WLD,20200515,0.039,0.04,0.039,0.04,785269
WLE,20200515,1.015,1.025,1.01,1.01,961025
WMI,20200515,1.135,1.16,1.135,1.14,163827
WML,20200515,0.013,0.013,0.013,0.013,120000
WNB,20200515,0.008,0.009,0.008,0.009,11937320
WND,20200515,0.96,0.965,0.96,0.965,9672
WNR,20200515,0.25,0.25,0.25,0.25,32709
WOR,20200515,8,8.09,7.83,7.9,3228520
WOW,20200515,34.72,35.16,34.66,35.16,1605446
WPL,20200515,21.38,21.715,21.2,21.26,3286133
WPP,20200515,0.245,0.245,0.225,0.23,1009522
WQG,20200515,1.2,1.21,1.19,1.19,115218
WRM,20200515,0.004,0.004,0.004,0.004,1000000
WSA,20200515,2.1,2.15,2.1,2.13,813971
WSP,20200515,1.92,1.975,1.88,1.92,270359
WTC,20200515,19.14,19.32,18.78,19.14,652989
WZR,20200515,0.17,0.17,0.16,0.16,5658845
XAM,20200515,0.03,0.031,0.029,0.031,1219600
XCD,20200515,0.011,0.011,0.011,0.011,98999
XF1,20200515,0.18,0.18,0.165,0.18,282252
XPL,20200515,0.05,0.052,0.049,0.049,201693
XRF,20200515,0.19,0.19,0.19,0.19,203629
XRO,20200515,79.15,79.46,75,75.32,1327512
YAL,20200515,2.29,2.3,2.18,2.18,79594
YOJ,20200515,0.027,0.027,0.026,0.026,406346
YPB,20200515,0.003,0.003,0.003,0.003,280000
YRL,20200515,0.215,0.215,0.215,0.215,5000
Z1P,20200515,3.3,3.33,3.04,3.09,10212831
ZEL,20200515,2.8,2.84,2.76,2.77,148320
ZEN,20200515,0.96,0.965,0.95,0.955,506465
ZIM,20200515,9.85,9.85,8.4,8.65,3569
ZLD,20200515,0.048,0.048,0.046,0.046,825310
ZMI,20200515,0.03,0.03,0.03,0.03,134000
ZNC,20200515,0.089,0.089,0.089,0.089,54218
ZNO,20200515,1.85,1.85,1.74,1.77,546241
XAF,20200515,5196.6,5277,5196.6,5270,0
XAO,20200515,5418,5499.6,5418,5492.8,1077501100
XAT,20200515,5274.6,5358.5,5274.6,5351.3,0
XDJ,20200515,2137.5,2156.3,2113.7,2147.4,0
XEC,20200515,1188.5,1212.6,1188.5,1200.9,0
XEJ,20200515,6845.5,7072.9,6845.5,6976.7,0
XFJ,20200515,4094.7,4167.9,4094.7,4158.4,0
XFL,20200515,5230.1,5309.9,5230.1,5302.5,0
XGD,20200515,7610.2,7987,7610.2,7987,0
XHJ,20200515,42541.6,42885.2,42498.3,42783,0
XIJ,20200515,1366.2,1378.7,1338.1,1352.3,0
XJO,20200515,5328.7,5412.4,5328.7,5404.8,0
XJR,20200515,3889.1,4024,3889.1,4019.7,0
XKO,20200515,5297.6,5380.5,5297.6,5373.2,0
XMD,20200515,5933,6024.7,5933,6015.1,0
XMJ,20200515,11657.7,12039.9,11657.7,12037,0
XMM,20200515,3882,4027.2,3882,4027.2,0
XNJ,20200515,5372.7,5420.6,5340.5,5409.1,0
XPJ,20200515,1120,1140.4,1116,1125.2,0
XSJ,20200515,11661.4,11777.1,11618.4,11777.1,0
XSO,20200515,2390.4,2435,2390.4,2432.6,0
XTJ,20200515,1096.2,1111.5,1095.3,1111.5,0
XTL,20200515,2946.7,2990.2,2946.7,2986.8,0
XTO,20200515,4397.3,4464.5,4397.3,4458.1,0
XUJ,20200515,7518.4,7657.5,7518.4,7653.5,0
XXJ,20200515,4567,4648.6,4567,4638,0
