360,20200417,2.15,2.17,1.9,1.9,53071
14D,20200417,0.11,0.125,0.11,0.115,122311
1AD,20200417,0.042,0.057,0.041,0.051,3137273
1ST,20200417,0.047,0.051,0.041,0.048,10465965
3DA,20200417,0.15,0.16,0.14,0.145,992747
3DP,20200417,0.038,0.04,0.038,0.038,108511
3PL,20200417,0.83,0.842,0.83,0.835,106609
4DS,20200417,0.04,0.043,0.038,0.041,3285543
5GN,20200417,0.96,1,0.93,0.94,420549
88E,20200417,0.006,0.006,0.005,0.006,45026207
8CO,20200417,0.06,0.067,0.06,0.067,114673
9SP,20200417,0.014,0.015,0.014,0.015,5592642
A1M,20200417,0.295,0.295,0.285,0.29,192143
A2B,20200417,0.67,0.67,0.65,0.66,30074
A2M,20200417,18.89,19,18.58,19,4188851
A3D,20200417,0.087,0.1,0.087,0.098,381825
A4N,20200417,0.12,0.135,0.11,0.13,1205788
AAA,20200417,50.08,50.09,50.08,50.09,132597
AAC,20200417,1.1,1.12,1.1,1.12,362474
AAR,20200417,0.14,0.15,0.135,0.145,1001767
ABA,20200417,4.5,4.5,4.35,4.35,28385
ABC,20200417,2.53,2.58,2.46,2.5,2198202
ABP,20200417,2.61,2.65,2.56,2.6,2633491
ABR,20200417,0.26,0.27,0.26,0.26,414748
ABV,20200417,0.023,0.024,0.023,0.024,92649
ABX,20200417,0.09,0.09,0.09,0.09,155389
AC8,20200417,0.19,0.19,0.18,0.18,788398
ACB,20200417,0.013,0.013,0.008,0.009,1465180
ACF,20200417,0.25,0.255,0.235,0.255,85228
ACQ,20200417,0.88,0.91,0.865,0.865,156186
ACU,20200417,0.073,0.073,0.068,0.068,222451
ACW,20200417,0.021,0.023,0.021,0.023,419021
AD8,20200417,5.2,5.8,5.2,5.71,360472
ADA,20200417,0.4,0.41,0.4,0.41,42024
ADD,20200417,0.021,0.021,0.02,0.021,747000
ADH,20200417,1.1,1.245,1.09,1.18,1793375
ADI,20200417,2.14,2.25,2.11,2.12,417864
ADJ,20200417,0.013,0.013,0.013,0.013,40846
ADN,20200417,0.034,0.037,0.034,0.036,11360079
ADO,20200417,0.023,0.024,0.023,0.024,156700
ADR,20200417,0.033,0.035,0.031,0.031,6030742
ADT,20200417,1.22,1.32,1.205,1.26,191084
ADV,20200417,0.004,0.004,0.004,0.004,4984349
ADY,20200417,0.006,0.006,0.006,0.006,108899
AEE,20200417,0.002,0.003,0.002,0.003,3903683
AEF,20200417,3.95,4,3.79,3.86,192760
AEG,20200417,1.09,1.1,1.085,1.1,77419
AEI,20200417,0.58,0.6,0.57,0.58,436163
AER,20200417,0.084,0.084,0.084,0.084,25000
AFG,20200417,1.4,1.51,1.4,1.445,653147
AFI,20200417,5.7,5.82,5.7,5.72,575464
AFL,20200417,0.155,0.155,0.155,0.155,15907
AFP,20200417,4,4,4,4,2000
AGD,20200417,0.17,0.17,0.165,0.165,15850
AGG,20200417,7.4,7.4,7.02,7.26,18338
AGH,20200417,0.38,0.395,0.375,0.375,704119
AGI,20200417,0.41,0.455,0.41,0.45,391027
AGL,20200417,17.41,17.75,17.265,17.66,1985885
AGM,20200417,1.565,1.565,1.56,1.56,14001
AGY,20200417,0.041,0.041,0.04,0.041,827751
AHF,20200417,0.081,0.081,0.079,0.08,292103
AHL,20200417,0.005,0.006,0.005,0.006,256000
AHQ,20200417,0.075,0.075,0.065,0.071,2184707
AHX,20200417,0.475,0.5,0.45,0.45,76110
AHY,20200417,1.035,1.065,1.01,1.045,249338
AHZ,20200417,7.9,7.9,6.82,7.45,5442
AIA,20200417,5.7,5.92,5.7,5.9,1397820
AIS,20200417,0.044,0.044,0.041,0.041,40292
AIZ,20200417,1.39,1.525,1.21,1.3,10367310
AJM,20200417,0.047,0.05,0.045,0.05,2808983
AJQ,20200417,0.038,0.038,0.037,0.037,158580
AJX,20200417,0.053,0.057,0.053,0.057,421493
AKG,20200417,0.31,0.35,0.31,0.35,19910
AKM,20200417,0.086,0.089,0.084,0.087,176632
AKP,20200417,16,16,14.5,14.7,30098
ALC,20200417,0.17,0.18,0.17,0.18,2525590
ALF,20200417,0.865,0.87,0.865,0.865,87322
ALG,20200417,0.42,0.435,0.375,0.4,4373362
ALI,20200417,2.03,2.1,2.02,2.08,139197
ALK,20200417,0.88,0.9,0.85,0.87,3262315
ALL,20200417,23.15,24.22,23.08,23.6,2459832
ALQ,20200417,6.4,6.66,6.39,6.49,843842
ALU,20200417,32.4,32.95,32.02,32.35,853878
ALX,20200417,5.78,6.24,5.78,6.1,3994302
AMA,20200417,0.415,0.44,0.39,0.4,5136166
AMC,20200417,13.72,13.81,13.54,13.67,3682868
AMD,20200417,0.005,0.006,0.005,0.005,3787103
AME,20200417,0.062,0.065,0.06,0.065,6392403
AMH,20200417,0.84,0.87,0.84,0.855,50544
AMI,20200417,0.365,0.37,0.355,0.365,3415791
AML,20200417,0.058,0.06,0.056,0.057,1212980
AMN,20200417,0.38,0.38,0.36,0.36,22239
AMP,20200417,1.45,1.48,1.435,1.46,17505387
AMS,20200417,0.6,0.65,0.595,0.6,499373
AMT,20200417,0.15,0.165,0.15,0.15,19410
AMX,20200417,1.335,1.4,1.335,1.4,47403
ANA,20200417,0.008,0.009,0.008,0.008,818735
ANG,20200417,0.135,0.14,0.12,0.12,396679
ANL,20200417,0.002,0.002,0.001,0.002,2431325
ANN,20200417,30.12,30.29,29.275,29.29,524957
ANO,20200417,4.42,4.5,4.25,4.3,23016
ANP,20200417,0.049,0.05,0.049,0.049,1550933
ANR,20200417,0.16,0.17,0.155,0.17,123986
ANW,20200417,0.002,0.002,0.001,0.001,4000000
ANZ,20200417,16.84,17.03,16.56,16.56,7921823
AO1,20200417,0.011,0.011,0.009,0.01,2727441
AOF,20200417,1.995,2.1,1.97,2,313758
AON,20200417,0.016,0.016,0.014,0.014,1118411
AOP,20200417,0.22,0.245,0.22,0.24,450963
AOU,20200417,0.042,0.045,0.042,0.045,200835
APA,20200417,11.36,11.42,11.15,11.18,2578140
APC,20200417,0.075,0.08,0.075,0.078,289493
APD,20200417,0.465,0.49,0.465,0.49,172643
APE,20200417,4.04,4.11,3.9,3.94,1169647
APH,20200417,0.15,0.15,0.135,0.135,211882
API,20200417,1.18,1.185,1.165,1.175,2061768
APL,20200417,0.92,0.93,0.915,0.93,959984
APT,20200417,28.6,30.36,28.6,29,5875612
APX,20200417,24.52,24.99,24.35,24.72,786205
APZ,20200417,0.96,0.98,0.96,0.98,35736
AQC,20200417,0.135,0.135,0.135,0.135,2500
AQD,20200417,0.012,0.012,0.011,0.011,1000000
AQG,20200417,7.21,7.35,6.95,7,522560
AQI,20200417,0.062,0.072,0.062,0.072,734956
AQR,20200417,2.84,3,2.84,2.97,178366
AQX,20200417,0.022,0.022,0.02,0.021,7145399
AQZ,20200417,2.02,2.14,1.99,2,133664
AR9,20200417,0.06,0.06,0.06,0.06,73147
ARB,20200417,15.05,15.28,14.84,15.08,223089
ARD,20200417,0.014,0.014,0.014,0.014,1449352
ARF,20200417,2.14,2.41,2.14,2.27,1031375
ARG,20200417,7.15,7.29,7.11,7.22,325695
ARL,20200417,0.28,0.28,0.25,0.28,110458
ARM,20200417,0.016,0.016,0.014,0.014,8575802
ARN,20200417,0.14,0.14,0.115,0.14,287332
ARQ,20200417,0.1,0.135,0.091,0.135,836168
ARS,20200417,0.02,0.022,0.02,0.021,5070335
ARU,20200417,0.065,0.066,0.063,0.066,480452
ARV,20200417,0.023,0.025,0.023,0.024,1873654
ASB,20200417,3.18,3.23,3.1,3.1,1883004
ASG,20200417,0.76,0.76,0.74,0.74,247508
ASH,20200417,0.25,0.25,0.25,0.25,16585
ASQ,20200417,0.035,0.037,0.035,0.037,25812
AST,20200417,1.82,1.855,1.805,1.835,16714071
ASX,20200417,82,83.68,81.73,83,574411
AT1,20200417,0.45,0.57,0.445,0.52,49528635
ATC,20200417,0.054,0.054,0.05,0.054,1094372
ATH,20200417,0.022,0.023,0.018,0.02,1609971
ATL,20200417,0.245,0.255,0.24,0.25,178438
ATS,20200417,0.029,0.03,0.028,0.029,3911326
ATU,20200417,0.25,0.3,0.25,0.28,1451296
AU8,20200417,0.063,0.066,0.063,0.065,921050
AUB,20200417,9.72,10.23,9.63,10.14,277292
AUC,20200417,0.014,0.014,0.013,0.013,3003700
AUI,20200417,7.55,7.8,7.55,7.79,14176
AUL,20200417,0.26,0.26,0.2,0.26,140248
AUR,20200417,0.019,0.019,0.019,0.019,143951
AUT,20200417,0.032,0.034,0.032,0.033,5162474
AUZ,20200417,0.01,0.011,0.01,0.01,6568200
AV1,20200417,0.09,0.096,0.086,0.096,1037106
AVA,20200417,0.11,0.11,0.11,0.11,44664
AVE,20200417,0.006,0.006,0.005,0.006,5162924
AVG,20200417,0.4,0.41,0.4,0.4,53507
AVH,20200417,0.51,0.52,0.5,0.5,12021593
AVJ,20200417,0.375,0.385,0.375,0.38,60330
AVL,20200417,0.008,0.009,0.008,0.008,5561211
AVN,20200417,1.585,1.647,1.545,1.59,1189045
AWC,20200417,1.55,1.615,1.535,1.575,15088379
AWN,20200417,0.06,0.06,0.06,0.06,20000
AWV,20200417,0.008,0.008,0.008,0.008,278000
AX1,20200417,1.02,1.145,1.015,1.085,2125976
AXE,20200417,0.165,0.165,0.16,0.16,584575
AYS,20200417,0.335,0.34,0.325,0.325,653212
AZJ,20200417,4.62,4.63,4.53,4.57,7377935
AZS,20200417,0.094,0.094,0.09,0.09,15894
AZV,20200417,0.07,0.07,0.069,0.07,233370
AZY,20200417,0.014,0.015,0.014,0.015,1482132
BAF,20200417,0.72,0.73,0.71,0.73,105895
BAP,20200417,4.82,5.26,4.64,4.9,10960611
BAR,20200417,0.014,0.014,0.014,0.014,65250
BAS,20200417,0.001,0.001,0.001,0.001,330025
BAT,20200417,0.005,0.005,0.005,0.005,2075000
BBC,20200417,0.425,0.425,0.405,0.405,80000
BBL,20200417,0.45,0.45,0.45,0.45,1277
BBN,20200417,2.59,2.77,2.59,2.67,326486
BBX,20200417,0.125,0.125,0.125,0.125,60000
BC8,20200417,0.39,0.39,0.355,0.375,69408
BCB,20200417,0.045,0.05,0.045,0.05,1704882
BCC,20200417,0.165,0.165,0.165,0.165,10000
BCI,20200417,0.13,0.135,0.13,0.13,339503
BCN,20200417,0.035,0.036,0.034,0.036,2716159
BCT,20200417,0.063,0.068,0.063,0.068,607079
BD1,20200417,0.023,0.024,0.023,0.024,1850520
BDA,20200417,0.265,0.265,0.255,0.255,11850
BDC,20200417,0.066,0.07,0.066,0.068,4491311
BDG,20200417,0.069,0.07,0.069,0.07,31155
BEE,20200417,0.01,0.01,0.01,0.01,422384
BEN,20200417,5.96,6.07,5.9,5.92,3116665
BET,20200417,0.185,0.21,0.18,0.2,3951441
BFC,20200417,0.079,0.081,0.077,0.077,883276
BFG,20200417,0.925,1.025,0.925,0.955,576426
BGA,20200417,4.99,5.15,4.99,5.02,1705938
BGL,20200417,0.52,0.555,0.52,0.535,2065684
BGT,20200417,0.17,0.21,0.15,0.2,724723
BHP,20200417,31.21,31.59,31.08,31.28,8682554
BID,20200417,0.765,0.81,0.75,0.75,192299
BIN,20200417,2.16,2.23,2.11,2.13,2689516
BIQ,20200417,0.003,0.003,0.003,0.003,750000
BIT,20200417,0.096,0.096,0.092,0.093,3250292
BKI,20200417,1.35,1.38,1.34,1.34,342679
BKL,20200417,79.11,80.4,78.75,80,64089
BKT,20200417,0.031,0.031,0.03,0.03,1640541
BKW,20200417,13.2,13.51,13.07,13.18,794886
BKY,20200417,0.195,0.21,0.19,0.21,675067
BLD,20200417,2.75,2.92,2.73,2.79,8648802
BLG,20200417,0.024,0.029,0.024,0.028,612518
BLK,20200417,0.011,0.012,0.01,0.011,23329740
BLU,20200417,0.019,0.02,0.018,0.02,2423153
BLY,20200417,0.66,0.68,0.65,0.68,5436
BMN,20200417,0.045,0.045,0.042,0.044,2388306
BNO,20200417,0.055,0.055,0.055,0.055,302877
BNR,20200417,0.037,0.039,0.037,0.039,281642
BOA,20200417,0.175,0.21,0.175,0.21,8000
BOE,20200417,0.06,0.06,0.058,0.06,2152819
BOQ,20200417,4.97,5.1,4.96,5,3736993
BOT,20200417,0.034,0.036,0.033,0.034,4850126
BPH,20200417,0.008,0.009,0.008,0.009,421484
BPL,20200417,0.014,0.014,0.014,0.014,133580
BPT,20200417,1.38,1.395,1.34,1.385,10323976
BRB,20200417,0.195,0.2,0.18,0.18,163968
BRG,20200417,17.99,19.65,17.96,18.72,446180
BRK,20200417,0.004,0.005,0.004,0.004,3397039
BRL,20200417,0.078,0.08,0.072,0.072,1342271
BRN,20200417,0.043,0.051,0.043,0.047,20967054
BRU,20200417,0.088,0.088,0.084,0.084,52701
BRV,20200417,0.026,0.026,0.025,0.025,605522
BSA,20200417,0.325,0.325,0.31,0.31,155489
BSE,20200417,0.155,0.155,0.155,0.155,283338
BSL,20200417,10.55,10.59,10.24,10.39,1869324
BSX,20200417,0.14,0.15,0.14,0.14,537139
BTH,20200417,0.655,0.68,0.635,0.64,1224503
BTI,20200417,0.68,0.69,0.67,0.68,170906
BUB,20200417,0.915,0.935,0.9,0.92,5657381
BUD,20200417,0.01,0.011,0.01,0.01,6995473
BUG,20200417,0.135,0.135,0.135,0.135,618
BUX,20200417,0.05,0.05,0.045,0.045,83000
BUY,20200417,0.006,0.007,0.006,0.007,724002
BVS,20200417,4.34,4.46,4.29,4.39,2065760
BWF,20200417,0.32,0.33,0.32,0.33,64000
BWP,20200417,3.52,3.61,3.49,3.49,1867157
BWR,20200417,1.185,1.2,1.18,1.18,87827
BWX,20200417,3.42,3.61,3.4,3.56,253945
BXB,20200417,11.52,11.88,11.22,11.58,5966530
BYE,20200417,0.145,0.15,0.145,0.145,404979
BYH,20200417,0.029,0.03,0.029,0.029,63625
C6C,20200417,0.51,0.51,0.51,0.51,9837
CAA,20200417,0.095,0.095,0.095,0.095,150000
CAD,20200417,0.001,0.001,0.001,0.001,550000
CAG,20200417,0.595,0.6,0.595,0.6,28800
CAI,20200417,0.295,0.3,0.29,0.29,281025
CAJ,20200417,0.19,0.21,0.19,0.205,2473545
CAM,20200417,0.745,0.75,0.745,0.75,33331
CAN,20200417,0.89,0.91,0.87,0.88,322379
CAR,20200417,14.16,14.47,13.945,14.04,631969
CAT,20200417,1.02,1.13,1.02,1.065,991370
CAU,20200417,0.09,0.09,0.082,0.082,142300
CAY,20200417,0.1,0.105,0.096,0.1,500437
CAZ,20200417,0.022,0.023,0.022,0.023,350000
CBA,20200417,62.15,62.29,61.05,61.06,3484591
CBE,20200417,0.195,0.2,0.175,0.185,1003003
CBR,20200417,1.48,1.535,1.475,1.49,192772
CBY,20200417,0.073,0.073,0.073,0.073,20000
CCA,20200417,0.061,0.065,0.061,0.062,422203
CCE,20200417,0.001,0.001,0.001,0.001,9574881
CCG,20200417,0.054,0.063,0.054,0.06,629124
CCL,20200417,9.04,9.27,8.53,8.63,6838739
CCP,20200417,16.98,17.29,16.03,16.22,666701
CCV,20200417,0.15,0.155,0.15,0.155,28554
CCX,20200417,2.1,2.15,2.01,2.01,383844
CCZ,20200417,0.019,0.019,0.018,0.018,539515
CD1,20200417,0.87,0.87,0.87,0.87,2600
CD2,20200417,0.985,0.985,0.9,0.9,125948
CD3,20200417,0.985,0.985,0.98,0.98,31250
CDA,20200417,5.68,6.18,5.63,6.09,315857
CDD,20200417,0.24,0.255,0.24,0.25,478193
CDM,20200417,0.53,0.555,0.53,0.535,372866
CDP,20200417,3.65,4,3.57,3.57,16243
CDV,20200417,0.36,0.38,0.36,0.375,327959
CDX,20200417,0.017,0.017,0.017,0.017,740000
CDY,20200417,0.24,0.262,0.24,0.26,4164143
CE1,20200417,0.003,0.003,0.003,0.003,86833
CEL,20200417,0.1,0.105,0.097,0.098,4028502
CEN,20200417,5.95,6.1,5.95,6.1,4530
CFE,20200417,0.001,0.001,0.001,0.001,30000
CG1,20200417,0.235,0.26,0.235,0.26,212188
CGB,20200417,0.009,0.009,0.008,0.008,2716621
CGC,20200417,3.03,3.04,2.95,2.96,2420289
CGF,20200417,4.9,5.07,4.71,4.79,4153768
CGL,20200417,3.11,3.37,3.11,3.25,145625
CGO,20200417,0.11,0.11,0.1,0.1,116743
CGR,20200417,0.5,0.515,0.495,0.51,233241
CGS,20200417,0.35,0.35,0.33,0.345,455853
CHC,20200417,7.53,8.26,7.46,7.75,3429983
CHK,20200417,0.003,0.004,0.003,0.004,2690010
CHN,20200417,1.01,1.23,1.01,1.23,6208250
CHZ,20200417,0.062,0.067,0.061,0.067,501618
CI1,20200417,0.035,0.035,0.033,0.033,1301214
CIA,20200417,1.865,1.935,1.85,1.88,375844
CIE,20200417,0.55,0.57,0.55,0.56,105899
CIM,20200417,22.99,23.97,22.86,23.8,522211
CIN,20200417,20.91,21.57,20.91,21.57,3410
CIP,20200417,2.7,2.77,2.67,2.7,2229045
CIW,20200417,0.415,0.415,0.39,0.39,50920
CKA,20200417,0.041,0.043,0.04,0.04,3066271
CKF,20200417,7,7.5,6.86,7.08,659077
CL1,20200417,1.46,1.5,1.415,1.48,87774
CL8,20200417,0.008,0.008,0.007,0.007,2522755
CLA,20200417,0.011,0.011,0.01,0.01,1063917
CLB,20200417,0.035,0.045,0.035,0.045,297557
CLF,20200417,1.03,1.03,1.01,1.01,15921
CLQ,20200417,0.19,0.2,0.185,0.19,469826
CLV,20200417,1.94,2.09,1.94,2.06,496551
CLW,20200417,4.68,4.75,4.61,4.66,1712343
CLX,20200417,0.54,0.56,0.54,0.56,7240
CLZ,20200417,0.001,0.001,0.001,0.001,20968668
CMD,20200417,0.005,0.005,0.005,0.005,8125
CMM,20200417,1.3,1.395,1.27,1.365,1237855
CMP,20200417,0.43,0.45,0.43,0.445,224264
CMW,20200417,0.805,0.835,0.805,0.815,10372081
CNB,20200417,0.078,0.083,0.075,0.08,247026
CNI,20200417,1.695,1.765,1.68,1.71,2024552
CNU,20200417,6.65,6.84,6.61,6.76,743407
CNW,20200417,0.021,0.026,0.021,0.023,2118285
COB,20200417,0.13,0.13,0.13,0.13,26250
COE,20200417,0.445,0.46,0.435,0.44,6165593
COF,20200417,1.78,1.955,1.755,1.915,2378928
COG,20200417,0.045,0.05,0.045,0.048,710000
COH,20200417,196.53,197.82,192.39,194.14,238069
COI,20200417,0.074,0.077,0.074,0.074,134865
COL,20200417,16.55,16.69,16.37,16.43,5841319
COS,20200417,0.29,0.295,0.29,0.295,9394
CP1,20200417,0.087,0.087,0.087,0.087,2703
CPH,20200417,0.081,0.084,0.081,0.082,445864
CPT,20200417,0.021,0.021,0.021,0.021,6000
CPU,20200417,11.41,11.74,11.35,11.57,2929259
CPV,20200417,0.12,0.12,0.105,0.105,19661
CQE,20200417,2.18,2.29,2.15,2.27,1274803
CQR,20200417,3.32,3.545,3.29,3.38,1858862
CR1,20200417,0.23,0.26,0.23,0.245,616569
CRL,20200417,0.01,0.01,0.01,0.01,85650
CRN,20200417,1.365,1.4,1.31,1.345,326415
CRO,20200417,0.003,0.003,0.003,0.003,2195369
CRS,20200417,0.11,0.11,0.1,0.1,32912
CSE,20200417,0.027,0.027,0.027,0.027,195773
CSL,20200417,329.98,332.68,326.48,328.42,1057611
CSR,20200417,3.28,3.35,3.24,3.28,4460005
CSS,20200417,0.765,0.765,0.74,0.74,25858
CST,20200417,0.1,0.115,0.1,0.105,350923
CT1,20200417,0.018,0.018,0.015,0.017,2937711
CTD,20200417,9.6,9.925,9.34,9.49,659150
CTE,20200417,0.082,0.082,0.08,0.08,75000
CTM,20200417,0.13,0.135,0.13,0.135,341672
CTP,20200417,0.079,0.079,0.077,0.077,157192
CTX,20200417,23.93,24.01,23.37,23.56,708297
CUE,20200417,0.08,0.08,0.08,0.08,56221
CUL,20200417,0.009,0.009,0.009,0.009,454
CUP,20200417,0.85,0.89,0.85,0.89,14734
CUV,20200417,21.6,22.86,21.6,22.27,219526
CV1,20200417,0.071,0.071,0.071,0.071,50000
CVC,20200417,1.2,1.23,1.2,1.23,19200
CVF,20200417,0.745,0.76,0.745,0.76,85048
CVN,20200417,0.165,0.17,0.16,0.17,3156948
CVW,20200417,0.205,0.215,0.205,0.21,1686981
CWN,20200417,8.54,8.69,8.155,8.16,4591071
CWP,20200417,4.45,4.55,4.29,4.37,144418
CWX,20200417,0.185,0.19,0.185,0.19,118017
CWY,20200417,1.88,1.91,1.835,1.84,8964475
CXL,20200417,0.7,0.72,0.685,0.72,72900
CXO,20200417,0.041,0.042,0.041,0.041,505192
CXZ,20200417,0.014,0.014,0.014,0.014,200000
CY5,20200417,0.035,0.035,0.035,0.035,30000
CYC,20200417,1.44,1.5,1.44,1.5,8370
CYG,20200417,0.53,0.53,0.515,0.52,12960
CYL,20200417,2.12,2.19,2.1,2.15,24000
CYM,20200417,0.12,0.125,0.1,0.1,42186
CYP,20200417,0.81,0.88,0.8,0.835,497882
CZI,20200417,0.095,0.105,0.094,0.095,8009467
CZN,20200417,0.003,0.003,0.002,0.002,6444668
CZR,20200417,0.009,0.009,0.009,0.009,1065000
D2O,20200417,1.3,1.3,1.26,1.26,75758
DAV,20200417,0.049,0.05,0.048,0.048,132902
DCC,20200417,0.026,0.027,0.023,0.024,4853940
DCG,20200417,0.14,0.14,0.135,0.135,435844
DCL,20200417,0.044,0.044,0.044,0.044,69881
DCN,20200417,0.36,0.4,0.36,0.375,8693006
DCX,20200417,0.003,0.003,0.002,0.003,123344613
DDD,20200417,0.001,0.001,0.001,0.001,9450000
DDR,20200417,6.39,6.58,6.33,6.47,101518
DDT,20200417,0.004,0.004,0.004,0.004,464733
DEG,20200417,0.37,0.4,0.33,0.33,28364806
DEM,20200417,0.155,0.155,0.15,0.15,150000
DEV,20200417,0.093,0.093,0.087,0.087,3929387
DGH,20200417,1.14,1.145,1.11,1.11,129133
DGO,20200417,2.25,2.35,2.2,2.2,57100
DGR,20200417,0.07,0.075,0.07,0.07,200121
DHG,20200417,2.2,2.34,2.16,2.32,1448897
DHR,20200417,0.003,0.003,0.002,0.002,2100000
DIV,20200417,18.93,19.33,18.93,19.33,852
DJW,20200417,2.48,2.61,2.48,2.55,66090
DKM,20200417,0.145,0.145,0.13,0.13,96489
DMP,20200417,51.33,52.9,51.05,52,695608
DNA,20200417,0.033,0.036,0.033,0.034,513000
DNK,20200417,0.37,0.38,0.37,0.375,217113
DOR,20200417,0.03,0.03,0.03,0.03,2938
DOW,20200417,3.9,3.995,3.74,3.8,3271117
DRE,20200417,0.005,0.005,0.005,0.005,9947152
DRO,20200417,0.1,0.115,0.099,0.1,3845255
DRX,20200417,0.008,0.008,0.007,0.008,1600000
DSE,20200417,0.039,0.04,0.037,0.04,740083
DTC,20200417,0.725,0.765,0.725,0.74,49113
DTI,20200417,0.027,0.028,0.027,0.028,750646
DTL,20200417,3.7,3.96,3.67,3.9,703825
DTM,20200417,0.05,0.05,0.05,0.05,1000
DTS,20200417,0.13,0.13,0.12,0.12,193643
DUB,20200417,0.855,0.87,0.825,0.835,551234
DUI,20200417,3.95,4.05,3.92,4,130659
DW8,20200417,0.006,0.006,0.006,0.006,417333
DWS,20200417,0.72,0.74,0.72,0.735,54514
DXB,20200417,0.145,0.15,0.145,0.145,340243
DXN,20200417,0.013,0.015,0.012,0.012,406273
DXS,20200417,9.49,9.91,9.42,9.63,6213939
DYL,20200417,0.265,0.275,0.26,0.27,148866
E25,20200417,0.18,0.18,0.18,0.18,19465
E2E,20200417,0.001,0.001,0.001,0.001,15837740
EAF,20200417,1.22,1.22,1.22,1.22,171960
EAI,20200417,0.95,0.965,0.95,0.96,120420
EAS,20200417,0.77,0.795,0.77,0.795,12500
EAX,20200417,0.12,0.12,0.12,0.12,3652
EBO,20200417,21.95,22.98,21.95,22.98,3272
ECF,20200417,0.875,0.9,0.87,0.885,157839
ECP,20200417,0.91,0.91,0.91,0.91,10243
ECS,20200417,0.031,0.034,0.031,0.033,2319429
ECX,20200417,0.805,0.84,0.745,0.76,2083320
ED1,20200417,0.58,0.6,0.58,0.585,37714
EDC,20200417,0.94,0.94,0.94,0.94,13000
EDE,20200417,0.034,0.036,0.033,0.036,493241
EEG,20200417,0.2,0.2,0.185,0.185,45500
EEU,20200417,16.35,16.35,16.35,16.35,2715
EFF,20200417,1.25,1.25,1.25,1.25,50822
EGD,20200417,2.37,2.49,2.36,2.48,30670
EGF,20200417,1.55,1.55,1.55,1.55,76002
EGG,20200417,0.945,1.105,0.945,1.065,114782
EGH,20200417,0.285,0.29,0.275,0.285,149161
EGI,20200417,0.93,0.93,0.92,0.92,280785
EGN,20200417,0.39,0.42,0.39,0.42,60950
EGR,20200417,0.061,0.062,0.061,0.062,38000
EHE,20200417,1.445,1.58,1.445,1.555,1953299
EHL,20200417,1.045,1.12,1.015,1.105,1529901
EHX,20200417,0.09,0.1,0.09,0.1,20100
ELD,20200417,8.51,8.84,8.46,8.8,866300
ELO,20200417,5.7,5.9,5.65,5.75,97040
ELS,20200417,0.26,0.28,0.25,0.28,76709
ELX,20200417,0.545,0.585,0.545,0.58,129922
EM1,20200417,0.008,0.008,0.007,0.007,213203
EM2,20200417,0.1,0.105,0.088,0.1,298742
EMD,20200417,0.061,0.069,0.059,0.069,387057
EME,20200417,0.1,0.1,0.1,0.1,20000
EMH,20200417,0.195,0.2,0.185,0.185,128950
EML,20200417,2.68,2.78,2.58,2.67,5568733
EMN,20200417,0.08,0.08,0.08,0.08,56261
EMR,20200417,0.43,0.44,0.42,0.43,772883
EMV,20200417,0.765,0.81,0.765,0.81,70087
EN1,20200417,0.015,0.015,0.014,0.014,1896124
ENA,20200417,0.016,0.016,0.014,0.014,100000
ENE,20200417,0.053,0.053,0.053,0.053,20000
ENN,20200417,0.76,0.82,0.76,0.82,1075625
ENR,20200417,0.095,0.096,0.094,0.094,136978
ENT,20200417,0.008,0.009,0.008,0.009,2613629
EOF,20200417,2.3,2.4,2.21,2.38,185985
EOL,20200417,2.6,2.6,2.5,2.6,17228
EOS,20200417,4.82,4.95,4.71,4.77,2436707
EPD,20200417,0.27,0.27,0.26,0.26,107757
EPM,20200417,0.006,0.006,0.006,0.006,2164000
EQE,20200417,0.009,0.009,0.009,0.009,1000000
EQT,20200417,20.4,20.51,20.1,20.2,108603
EQX,20200417,0.24,0.24,0.235,0.235,4162
ERA,20200417,0.155,0.16,0.155,0.155,33611
ERF,20200417,0.79,0.79,0.79,0.79,1209
ERL,20200417,0.009,0.009,0.009,0.009,200000
ERM,20200417,0.07,0.07,0.07,0.07,94546
ERX,20200417,0.045,0.048,0.044,0.048,664376
ESE,20200417,0.007,0.008,0.007,0.008,661677
ESH,20200417,0.008,0.008,0.008,0.008,4093109
ETF,20200417,17.6,18.2,17.48,18.09,4675
EUC,20200417,0.014,0.014,0.014,0.014,206058
EUR,20200417,0.042,0.042,0.041,0.041,528022
EVE,20200417,0.005,0.005,0.005,0.005,16066331
EVN,20200417,4.82,4.89,4.71,4.74,26923079
EVO,20200417,0.076,0.076,0.075,0.076,168719
EVS,20200417,0.12,0.145,0.12,0.135,1382301
EVT,20200417,7.39,7.63,7.3,7.5,491140
EWC,20200417,0.073,0.074,0.071,0.071,600923
EX1,20200417,0.17,0.175,0.165,0.175,52500
EXL,20200417,0.405,0.44,0.405,0.415,527524
EXP,20200417,0.099,0.099,0.092,0.092,162615
EXR,20200417,0.021,0.023,0.021,0.023,3495165
EZL,20200417,0.8,0.855,0.795,0.84,58070
FAR,20200417,0.015,0.016,0.015,0.015,14742774
FBR,20200417,0.029,0.029,0.028,0.028,1372234
FBU,20200417,3.88,3.93,3.72,3.72,1011770
FCL,20200417,3.34,3.345,3.3,3.32,260068
FCT,20200417,0.096,0.096,0.096,0.096,12366
FDV,20200417,0.72,0.77,0.67,0.71,211814
FEX,20200417,0.041,0.046,0.041,0.046,515524
FFG,20200417,0.007,0.007,0.007,0.007,497827
FFI,20200417,5.1,5.1,5.1,5.1,400
FFL,20200417,0.26,0.26,0.26,0.26,3846
FFR,20200417,0.028,0.028,0.028,0.028,1666
FGG,20200417,1.11,1.14,1.11,1.125,662592
FGO,20200417,0.001,0.001,0.001,0.001,1461299
FGR,20200417,0.145,0.155,0.145,0.155,409423
FGX,20200417,0.92,0.96,0.92,0.93,398731
FHS,20200417,0.023,0.023,0.022,0.023,655815
FID,20200417,4.3,4.55,4.28,4.55,14413
FLC,20200417,0.275,0.29,0.275,0.28,346266
FLN,20200417,0.365,0.375,0.36,0.365,252983
FLT,20200417,11.09,11.72,10.52,10.52,10632273
FMG,20200417,11.5,11.54,11.26,11.28,9162647
FML,20200417,0.26,0.295,0.25,0.25,34022
FMS,20200417,0.026,0.029,0.025,0.025,739020
FNP,20200417,4.63,4.89,4.58,4.86,773808
FNT,20200417,0.01,0.011,0.01,0.011,17301810
FOD,20200417,0.068,0.073,0.066,0.072,3100299
FOR,20200417,0.755,0.77,0.755,0.77,48186
FPC,20200417,0.7,0.72,0.7,0.72,65155
FPH,20200417,27.15,28.58,26.79,28.28,1073013
FPL,20200417,0.004,0.004,0.004,0.004,125000
FPP,20200417,0.67,0.7,0.67,0.685,40161
FRI,20200417,0.64,0.64,0.62,0.62,547442
FRM,20200417,0.26,0.26,0.26,0.26,18900
FRN,20200417,0.018,0.023,0.018,0.019,4424498
FRX,20200417,0.012,0.013,0.012,0.012,261365
FSA,20200417,0.9,0.935,0.9,0.9,27072
FSF,20200417,3.95,3.95,3.5,3.5,10628
FTC,20200417,0.077,0.081,0.077,0.081,93801
FTT,20200417,0.003,0.003,0.003,0.003,500000
FUN,20200417,0.02,0.021,0.02,0.021,116791
FWD,20200417,1.45,1.495,1.43,1.495,45186
FXL,20200417,0.885,0.94,0.825,0.85,4441310
FYI,20200417,0.038,0.04,0.038,0.04,140000
FZO,20200417,0.15,0.155,0.15,0.155,1138260
G1A,20200417,0.19,0.195,0.19,0.195,203810
G88,20200417,0.028,0.028,0.028,0.028,201500
GAL,20200417,0.22,0.25,0.22,0.24,1959493
GAP,20200417,0.135,0.14,0.135,0.14,103999
GAS,20200417,0.345,0.355,0.33,0.35,80757
GBR,20200417,0.029,0.029,0.029,0.029,8964
GBZ,20200417,0.068,0.068,0.067,0.067,306700
GC1,20200417,0.61,0.61,0.59,0.59,90666
GCI,20200417,1.75,1.76,1.6,1.64,266961
GDF,20200417,0.85,0.87,0.85,0.87,170749
GDI,20200417,1.025,1.055,1.02,1.035,944192
GDX,20200417,48,48.34,46.31,46.31,34866
GED,20200417,0.007,0.007,0.007,0.007,74500
GEM,20200417,0.96,1.025,0.925,0.93,9722777
GEV,20200417,0.062,0.062,0.06,0.06,109758
GFL,20200417,1.83,1.83,1.83,1.83,6164
GGE,20200417,0.003,0.003,0.003,0.003,50000
GGG,20200417,0.1,0.1,0.097,0.098,921044
GID,20200417,0.003,0.004,0.003,0.004,234700
GLA,20200417,0.001,0.001,0.001,0.001,640000
GLB,20200417,1.13,1.18,1.13,1.18,3273
GLL,20200417,0.64,0.67,0.64,0.67,99147
GLN,20200417,0.165,0.165,0.15,0.15,329767
GMA,20200417,1.97,2.12,1.97,2.06,889496
GMD,20200417,0.03,0.03,0.029,0.029,69266
GMG,20200417,13.89,14.05,13.64,13.72,4464555
GML,20200417,0.012,0.012,0.012,0.012,728549
GMN,20200417,0.06,0.065,0.058,0.058,768607
GMR,20200417,0.006,0.006,0.006,0.006,1096334
GMV,20200417,0.1,0.105,0.097,0.105,677473
GNC,20200417,3.55,3.73,3.54,3.58,1906337
GNE,20200417,2.76,2.84,2.68,2.68,69990
GNG,20200417,0.705,0.735,0.66,0.705,45589
GNM,20200417,0.006,0.006,0.006,0.006,7954907
GNX,20200417,0.15,0.155,0.15,0.155,600462
GO2,20200417,0.01,0.013,0.01,0.013,1385577
GOR,20200417,1.76,1.76,1.64,1.7,63277372
GOW,20200417,1.545,1.55,1.45,1.45,58395
GOZ,20200417,2.96,3.155,2.94,3.1,1772852
GPR,20200417,0.39,0.39,0.38,0.39,118825
GPT,20200417,4.06,4.23,4.05,4.1,5778841
GRB,20200417,0.055,0.058,0.055,0.058,213700
GRL,20200417,0.105,0.12,0.105,0.11,70280
GRR,20200417,0.205,0.22,0.205,0.21,1389443
GRV,20200417,0.024,0.024,0.024,0.024,20000
GSM,20200417,0.092,0.125,0.092,0.115,908515
GSN,20200417,0.049,0.052,0.049,0.052,514000
GSS,20200417,1.75,1.875,1.75,1.805,306725
GSW,20200417,0.625,0.65,0.6,0.625,165930
GTE,20200417,0.003,0.003,0.003,0.003,1100000
GTG,20200417,0.008,0.009,0.007,0.008,79911282
GTK,20200417,1.37,1.42,1.37,1.395,78132
GTN,20200417,0.41,0.42,0.4,0.42,45125
GTR,20200417,0.008,0.008,0.007,0.007,1961041
GUD,20200417,9.15,9.32,9.02,9.08,214032
GVF,20200417,0.88,0.91,0.87,0.91,174111
GWA,20200417,2.51,2.57,2.46,2.48,637571
GWR,20200417,0.069,0.069,0.069,0.069,11947
GXY,20200417,0.78,0.8,0.77,0.78,3184685
HAS,20200417,0.064,0.064,0.059,0.064,2025313
HAV,20200417,0.115,0.12,0.11,0.115,281881
HAW,20200417,0.14,0.145,0.13,0.135,561312
HCH,20200417,0.022,0.024,0.022,0.023,6852169
HE8,20200417,0.099,0.099,0.096,0.096,147783
HFR,20200417,0.3,0.345,0.295,0.345,194161
HGH,20200417,1.1,1.1,1.1,1.1,2000
HGO,20200417,0.035,0.037,0.035,0.035,156571
HIL,20200417,0.21,0.215,0.205,0.215,610283
HIT,20200417,1.22,1.28,1.22,1.28,12465
HLA,20200417,0.76,0.795,0.75,0.78,43583
HLO,20200417,1.415,1.465,1.375,1.395,455794
HLS,20200417,2.46,2.52,2.44,2.47,3027062
HLX,20200417,0.009,0.011,0.009,0.009,1935000
HM1,20200417,2.53,2.58,2.5,2.57,552742
HMC,20200417,2.24,2.32,2.18,2.28,68298
HMD,20200417,0.14,0.14,0.13,0.13,79163
HMX,20200417,0.018,0.021,0.018,0.021,2211810
HNR,20200417,0.006,0.006,0.005,0.005,371675
HOT,20200417,0.1,0.1,0.1,0.1,155000
HPI,20200417,2.29,2.48,2.29,2.38,567583
HRL,20200417,0.087,0.087,0.084,0.085,494556
HRN,20200417,0.2,0.2,0.18,0.18,90048
HRR,20200417,0.049,0.053,0.049,0.053,128069
HRZ,20200417,0.073,0.073,0.07,0.072,477297
HSC,20200417,0.01,0.01,0.008,0.008,64178077
HSN,20200417,2.79,2.96,2.79,2.96,677404
HT1,20200417,1.42,1.425,1.31,1.405,178238
HT8,20200417,0.025,0.078,0.025,0.057,118654440
HTA,20200417,0.145,0.145,0.14,0.14,15392
HTG,20200417,0.12,0.12,0.12,0.12,125755
HUB,20200417,9.76,9.87,9.66,9.72,268401
HUO,20200417,3.39,3.85,3.39,3.85,20663
HVM,20200417,0.16,0.165,0.16,0.165,369365
HVN,20200417,2.82,2.97,2.82,2.87,4834072
HWK,20200417,0.005,0.006,0.005,0.006,4451714
HXG,20200417,0.065,0.065,0.063,0.063,80000
HYD,20200417,0.087,0.087,0.086,0.086,33900
HZN,20200417,0.053,0.054,0.052,0.052,675036
HZR,20200417,0.4,0.4,0.38,0.38,121713
IAA,20200417,93.5,95,93.5,94.97,9710
IAF,20200417,115.6,115.63,115.2,115.61,15630
IAG,20200417,6.3,6.4,6.27,6.32,7277457
IAP,20200417,1.095,1.195,1.095,1.105,330848
IBG,20200417,0.007,0.008,0.007,0.008,686846
IBX,20200417,0.012,0.014,0.012,0.013,6927125
ICE,20200417,0.155,0.165,0.135,0.135,375551
ICG,20200417,0.001,0.001,0.001,0.001,125025
ICI,20200417,0.028,0.028,0.023,0.023,1948777
ICN,20200417,0.008,0.008,0.008,0.008,200000
ICQ,20200417,0.21,0.235,0.21,0.23,558807
ICS,20200417,1.75,1.965,1.75,1.96,15613
ICU,20200417,0.006,0.006,0.006,0.006,3905
IDT,20200417,0.16,0.17,0.155,0.155,683804
IDX,20200417,2.91,3.13,2.88,3.02,1495673
IEL,20200417,14.32,15.25,14.32,14.69,1228728
IEM,20200417,56.93,58.06,56.4,58.06,26304
IEU,20200417,56.93,57.79,56.32,57.55,34696
IFL,20200417,3.87,4.08,3.81,3.83,1950163
IFM,20200417,1.79,1.865,1.77,1.82,1006786
IFN,20200417,0.51,0.52,0.5,0.52,630604
IFT,20200417,4.4,4.42,4.35,4.35,6815
IGB,20200417,114.42,114.79,114.4,114.4,10669
IGL,20200417,0.7,0.745,0.63,0.69,1718195
IGO,20200417,4.84,4.97,4.77,4.95,2370383
IHD,20200417,11.07,11.23,11.07,11.15,154835
IHL,20200417,0.064,0.064,0.059,0.059,1371635
IHR,20200417,0.06,0.06,0.058,0.058,117630
IJH,20200417,242.8,249.9,242.8,243.98,253
IJP,20200417,80.11,80.8,79.88,80.8,9447
IJR,20200417,92.2,96.36,92.2,94.33,2394
IKO,20200417,81.19,82.47,81.19,82.47,3172
IKW,20200417,0.002,0.002,0.001,0.001,245000
ILB,20200417,124.2,124.65,122.9,123.35,2410
ILC,20200417,21.65,21.91,21.2,21.65,30109
ILU,20200417,7.71,7.75,7.48,7.58,1873198
IMA,20200417,0.15,0.15,0.14,0.145,1228650
IMC,20200417,0.085,0.097,0.085,0.093,542850
IMD,20200417,0.87,0.945,0.87,0.945,3104749
IME,20200417,0.024,0.026,0.024,0.026,637769
IMM,20200417,0.165,0.165,0.155,0.16,1363333
IMR,20200417,1.1,1.13,1.05,1.05,132622
IMS,20200417,0.004,0.004,0.004,0.004,500000
IMU,20200417,0.024,0.025,0.023,0.025,8231238
INA,20200417,3.6,3.765,3.56,3.63,1773302
ING,20200417,3.38,3.48,3.38,3.43,1137088
INP,20200417,0.01,0.01,0.009,0.009,315400
INR,20200417,0.15,0.155,0.135,0.155,3956006
IOD,20200417,0.085,0.085,0.085,0.085,52615
IOO,20200417,77.15,77.95,77.15,77.65,32640
IOZ,20200417,22.48,22.77,22.4,22.45,355118
IP1,20200417,0.004,0.015,0.004,0.012,10920240
IPB,20200417,0.024,0.024,0.024,0.024,21740
IPD,20200417,0.044,0.048,0.04,0.04,12742961
IPH,20200417,7.78,7.88,7.66,7.76,716691
IPL,20200417,2.16,2.25,2.14,2.18,9885361
IPT,20200417,0.007,0.008,0.007,0.008,1150000
IRE,20200417,10.5,10.67,10.28,10.28,1073871
IRI,20200417,2.9,2.95,2.85,2.85,197827
ISD,20200417,0.16,0.185,0.16,0.17,76404
ISO,20200417,4.1,4.1,4.05,4.07,34341
ISU,20200417,0.22,0.22,0.22,0.22,224
ITG,20200417,0.185,0.195,0.185,0.195,1396189
IVC,20200417,11.2,11.47,10.79,10.9,1742694
IVE,20200417,86,88.09,85.8,87.8,4444
IVR,20200417,0.013,0.014,0.012,0.013,1628920
IVV,20200417,450,454.92,450,453.98,28727
IVX,20200417,0.009,0.009,0.009,0.009,628760
IXC,20200417,1.035,1.135,1,1,147990
IXI,20200417,81.56,82.41,80.88,82.37,3581
IXJ,20200417,105.03,108.99,105.03,107.92,27577
IXR,20200417,0.005,0.005,0.005,0.005,412000
IZZ,20200417,60.45,61.37,60.43,61.37,4066
JAN,20200417,0.3,0.3,0.28,0.28,316156
JAT,20200417,0.051,0.052,0.051,0.052,1311380
JAY,20200417,0.075,0.075,0.072,0.072,200000
JBH,20200417,33.13,33.74,32.77,33.07,873779
JCS,20200417,0.03,0.03,0.03,0.03,30934
JDR,20200417,0.01,0.01,0.01,0.01,508000
JHC,20200417,0.47,0.51,0.47,0.5,1972597
JHG,20200417,24.35,24.9,24.31,24.45,501874
JHX,20200417,18.94,19.92,18.71,19.24,2255587
JIN,20200417,12.5,12.835,11.85,12,1056277
JLG,20200417,2.4,2.53,2.35,2.46,374345
JMS,20200417,0.245,0.255,0.24,0.245,1501371
JRV,20200417,0.16,0.175,0.16,0.17,830728
JXT,20200417,0.038,0.045,0.038,0.04,246787
JYC,20200417,0.92,0.92,0.82,0.82,50000
K2F,20200417,0.235,0.24,0.22,0.24,86749
KAI,20200417,0.01,0.011,0.01,0.011,7003592
KAM,20200417,0.025,0.025,0.025,0.025,60000
KAR,20200417,0.5,0.515,0.495,0.515,5427418
KAS,20200417,0.019,0.019,0.019,0.019,39746
KAU,20200417,0.18,0.23,0.18,0.2,284907
KCN,20200417,0.455,0.455,0.44,0.44,317808
KFE,20200417,0.031,0.031,0.03,0.03,203734
KGL,20200417,0.175,0.18,0.175,0.18,82721
KGN,20200417,6.34,6.59,6.34,6.57,1374954
KIN,20200417,0.051,0.051,0.05,0.051,178603
KIS,20200417,0.04,0.04,0.04,0.04,225691
KKC,20200417,1.75,1.77,1.7,1.735,517313
KLA,20200417,58.25,58.75,57,58.74,1917
KMD,20200417,0.76,0.81,0.725,0.745,4152045
KME,20200417,0.9,0.915,0.9,0.91,82445
KNM,20200417,0.023,0.024,0.022,0.022,1815040
KNO,20200417,0.048,0.054,0.046,0.054,126666
KOR,20200417,0.005,0.011,0.005,0.008,2623305
KOV,20200417,3.49,3.5,3.49,3.49,1736
KPG,20200417,0.79,0.79,0.79,0.79,30000
KPO,20200417,0.034,0.034,0.031,0.031,409019
KPT,20200417,0.92,0.935,0.88,0.88,119240
KRM,20200417,0.029,0.03,0.029,0.03,116666
KRR,20200417,0.031,0.034,0.031,0.034,1573496
KSC,20200417,1.46,1.46,1.455,1.455,1760
KSL,20200417,0.95,0.95,0.92,0.935,133440
KSM,20200417,1.67,1.67,1.67,1.67,22455
KSN,20200417,0.145,0.145,0.135,0.135,414200
KSS,20200417,0.195,0.2,0.185,0.2,100833
KTA,20200417,0.037,0.043,0.037,0.04,1503984
KTD,20200417,0.425,0.44,0.42,0.42,456323
KTE,20200417,0.006,0.006,0.006,0.006,50000
KTG,20200417,0.1,0.105,0.099,0.099,57202
KWR,20200417,0.16,0.16,0.15,0.155,162645
KYK,20200417,0.066,0.075,0.066,0.075,494740
KZA,20200417,0.44,0.44,0.42,0.435,69041
KZR,20200417,0.51,0.545,0.51,0.535,223492
LAA,20200417,0.016,0.02,0.015,0.02,346079
LAU,20200417,0.335,0.335,0.33,0.33,142853
LBL,20200417,0.425,0.44,0.425,0.44,55583
LBT,20200417,0.125,0.135,0.12,0.125,492668
LCD,20200417,0.012,0.012,0.011,0.011,150000
LCK,20200417,0.1,0.1,0.096,0.098,163996
LCL,20200417,0.025,0.026,0.025,0.026,997156
LCM,20200417,0.135,0.135,0.135,0.135,25000
LCT,20200417,0.013,0.013,0.013,0.013,115000
LEG,20200417,0.195,0.21,0.175,0.185,16873804
LEP,20200417,4,4.13,3.99,4.12,215664
LER,20200417,0.016,0.016,0.016,0.016,2545
LEX,20200417,0.15,0.16,0.15,0.16,53536
LGP,20200417,0.3,0.3,0.29,0.29,159230
LI3,20200417,0.011,0.013,0.011,0.013,316953
LIC,20200417,6.6,7.15,6.6,7.08,208659
LIN,20200417,0.016,0.017,0.015,0.017,105107
LIT,20200417,0.053,0.054,0.051,0.052,1140813
LKE,20200417,0.036,0.036,0.035,0.035,1504430
LLC,20200417,11.85,12.2,11.78,11.95,1978633
LLO,20200417,1.625,1.63,1.585,1.585,3735
LME,20200417,1.455,1.46,1.41,1.45,10024
LML,20200417,0.004,0.004,0.004,0.004,3173
LNG,20200417,0.056,0.062,0.05,0.051,17497182
LNK,20200417,3.6,3.65,3.56,3.59,2057521
LNU,20200417,0.017,0.017,0.014,0.015,1332950
LNY,20200417,0.003,0.004,0.003,0.004,7977000
LOM,20200417,0.059,0.06,0.058,0.06,795453
LON,20200417,0.091,0.091,0.09,0.09,24800
LOT,20200417,0.061,0.064,0.061,0.062,1200039
LOV,20200417,6.22,6.93,6.2,6.57,410107
LPD,20200417,0.013,0.013,0.012,0.012,2909392
LPE,20200417,0.21,0.23,0.21,0.23,50761
LPI,20200417,0.16,0.16,0.15,0.155,148057
LSF,20200417,1.015,1.055,1.015,1.05,1494407
LSH,20200417,0.055,0.06,0.047,0.05,2543399
LTR,20200417,0.105,0.105,0.098,0.1,10249198
LVE,20200417,0.045,0.045,0.045,0.045,50000
LVH,20200417,0.12,0.13,0.12,0.13,211257
LVT,20200417,0.225,0.235,0.22,0.225,4957926
LYC,20200417,1.52,1.66,1.515,1.57,7860253
LYL,20200417,4,4.2,4,4.2,28933
M7T,20200417,0.55,0.61,0.54,0.58,488807
M8S,20200417,0.105,0.105,0.105,0.105,213726
MA1,20200417,0.86,0.87,0.86,0.87,45905
MAD,20200417,0.66,0.66,0.645,0.645,510633
MAG,20200417,0.255,0.26,0.225,0.255,547596
MAH,20200417,0.225,0.225,0.21,0.22,2002080
MAI,20200417,0.385,0.385,0.38,0.38,171909
MAN,20200417,0.02,0.024,0.019,0.021,36446221
MAQ,20200417,25.28,25.4,25.2,25.4,3878
MAT,20200417,0.11,0.135,0.11,0.12,475289
MAU,20200417,0.72,0.75,0.71,0.75,70650
MBK,20200417,0.006,0.006,0.006,0.006,2650000
MCA,20200417,0.115,0.125,0.115,0.125,65367
MCE,20200417,0.21,0.22,0.21,0.22,8618
MCM,20200417,0.175,0.175,0.175,0.175,7868
MCP,20200417,2.66,2.68,2.56,2.65,211139
MCR,20200417,0.545,0.58,0.53,0.58,920856
MCY,20200417,4.28,4.28,4.17,4.17,12586
MDC,20200417,0.21,0.22,0.21,0.22,17000
MDI,20200417,0.01,0.01,0.009,0.009,6939917
MDR,20200417,0.385,0.4,0.385,0.39,175514
MEA,20200417,0.21,0.21,0.205,0.21,114669
MEB,20200417,0.007,0.007,0.007,0.007,3140523
MEC,20200417,0.825,0.85,0.82,0.85,30869
MEI,20200417,0.016,0.016,0.015,0.015,3327166
MEL,20200417,0.022,0.022,0.022,0.022,10000
MEM,20200417,0.046,0.047,0.045,0.046,405841
MEP,20200417,0.03,0.03,0.03,0.03,192000
MEU,20200417,0.036,0.037,0.033,0.037,1788840
MEY,20200417,0.06,0.063,0.06,0.063,27232
MEZ,20200417,4.26,4.29,4.11,4.18,25021
MFD,20200417,0.68,0.7,0.68,0.7,54690
MFF,20200417,2.7,2.8,2.7,2.75,517550
MFG,20200417,49.5,49.9,48.29,48.41,859090
MGC,20200417,0.435,0.435,0.435,0.435,13300
MGE,20200417,4.06,4.16,4.06,4.15,593931
MGG,20200417,1.735,1.775,1.73,1.74,1480162
MGL,20200417,0.014,0.014,0.014,0.014,385
MGR,20200417,2.25,2.35,2.25,2.32,16173608
MGV,20200417,0.115,0.125,0.115,0.12,783932
MGX,20200417,0.71,0.735,0.69,0.7,2537565
MHC,20200417,0.005,0.005,0.005,0.005,1001000
MHG,20200417,3.34,3.37,3.34,3.35,607010
MHH,20200417,1.45,1.47,1.45,1.46,867776
MHI,20200417,0.08,0.085,0.08,0.08,275456
MHJ,20200417,0.365,0.365,0.34,0.365,284722
MIL,20200417,0.28,0.28,0.28,0.28,1075
MIN,20200417,16.76,17.155,16.7,16.93,1209943
MIO,20200417,0.1,0.1,0.085,0.099,512944
MIR,20200417,1.96,2.02,1.96,1.99,179402
MLD,20200417,0.78,0.815,0.78,0.815,164158
MLL,20200417,0.045,0.05,0.045,0.047,577028
MLM,20200417,0.01,0.01,0.01,0.01,78206
MLS,20200417,0.001,0.001,0.001,0.001,1100000
MLT,20200417,3.9,3.98,3.9,3.93,168223
MLX,20200417,0.079,0.081,0.078,0.08,985297
MME,20200417,0.9,0.9,0.88,0.885,46499
MMI,20200417,0.11,0.11,0.105,0.105,947988
MMJ,20200417,0.14,0.14,0.13,0.14,282531
MML,20200417,0.53,0.53,0.515,0.525,391289
MMM,20200417,1.09,1.23,1.07,1.16,1138118
MMS,20200417,7.05,7.73,7.025,7.15,387125
MND,20200417,11.59,11.7,11.35,11.48,347174
MNF,20200417,4.45,4.58,4.28,4.53,119214
MNS,20200417,0.055,0.055,0.05,0.053,1129526
MNW,20200417,0.007,0.007,0.007,0.007,300000
MNY,20200417,1.35,1.405,1.31,1.38,539418
MOC,20200417,0.685,0.71,0.685,0.69,102848
MOE,20200417,2.5,2.72,2.44,2.48,294070
MOH,20200417,0.084,0.084,0.08,0.08,28316
MOT,20200417,1.5,1.5,1.43,1.47,270314
MOZ,20200417,0.635,0.675,0.635,0.67,89621
MP1,20200417,11.41,12.36,11.4,12.19,868207
MPL,20200417,2.7,2.72,2.65,2.65,16322133
MQG,20200417,101.8,103.65,100.02,100.41,1727282
MRC,20200417,0.235,0.255,0.23,0.25,34555
MRM,20200417,0.085,0.091,0.085,0.088,119101
MRQ,20200417,0.009,0.01,0.009,0.009,7285396
MRR,20200417,0.013,0.013,0.01,0.01,788040
MSB,20200417,2.24,2.34,2.12,2.17,5882104
MSE,20200417,0.008,0.008,0.008,0.008,349777
MSG,20200417,0.014,0.014,0.014,0.014,34000
MSV,20200417,0.46,0.465,0.44,0.465,360455
MTB,20200417,0.002,0.002,0.002,0.002,250023
MTC,20200417,0.15,0.155,0.14,0.14,320021
MTH,20200417,0.005,0.005,0.005,0.005,6062
MTO,20200417,0.7,0.712,0.695,0.695,41645
MTS,20200417,3.07,3.11,3.03,3.04,3695812
MVA,20200417,18.45,18.72,18.3,18.36,17047
MVB,20200417,18.02,18.43,18.02,18.12,9706
MVE,20200417,24.01,24.01,23.81,23.81,2931
MVF,20200417,0.76,0.795,0.745,0.795,689035
MVP,20200417,7.85,7.95,7.34,7.54,285259
MVR,20200417,24.3,24.72,24.3,24.61,981
MVS,20200417,15.86,15.86,15.86,15.86,430
MVW,20200417,24.85,25.21,24.8,24.9,197558
MWR,20200417,0.088,0.095,0.086,0.09,248895
MWY,20200417,1.04,1.08,1.04,1.04,62586
MX1,20200417,0.16,0.165,0.155,0.165,1445678
MXC,20200417,0.03,0.042,0.03,0.033,68853266
MXI,20200417,0.172,0.185,0.172,0.185,228030
MXR,20200417,0.04,0.04,0.031,0.031,225283
MXT,20200417,1.8,1.8,1.76,1.77,583108
MYE,20200417,0.66,0.69,0.65,0.69,66372
MYL,20200417,0.046,0.046,0.038,0.04,5195499
MYQ,20200417,0.12,0.12,0.115,0.115,73625
MYR,20200417,0.205,0.215,0.195,0.2,8563181
MYS,20200417,3.84,3.92,3.78,3.78,176145
MYX,20200417,0.39,0.427,0.385,0.42,11569344
MZZ,20200417,0.175,0.18,0.16,0.17,346384
NAB,20200417,16.46,16.69,16.28,16.39,8207069
NAC,20200417,0.65,0.655,0.645,0.65,62337
NAG,20200417,0.04,0.042,0.04,0.042,19893
NAN,20200417,6.32,6.76,6.32,6.62,1266703
NBI,20200417,1.57,1.6,1.56,1.59,347182
NC6,20200417,0.026,0.026,0.022,0.024,450000
NCC,20200417,0.76,0.79,0.76,0.77,47622
NCK,20200417,4.15,4.35,4.15,4.21,166903
NCM,20200417,29.07,29.13,28.26,28.57,5317131
NDQ,20200417,24.22,24.24,23.7,23.87,183464
NEA,20200417,1.3,1.345,1.255,1.26,5054964
NEC,20200417,1.17,1.195,1.15,1.15,4096618
NET,20200417,0.051,0.053,0.047,0.05,8762406
NEU,20200417,1.59,1.845,1.58,1.735,296659
NEW,20200417,1,1.01,0.99,0.99,524404
NGI,20200417,1.245,1.295,1.215,1.26,647243
NHC,20200417,1.61,1.65,1.58,1.62,4731449
NHF,20200417,5.06,5.06,4.91,4.91,2337653
NIC,20200417,0.475,0.5,0.475,0.5,1419136
NML,20200417,0.087,0.095,0.085,0.095,779453
NMT,20200417,0.17,0.17,0.165,0.17,172084
NNW,20200417,0.051,0.051,0.05,0.05,30000
NOR,20200417,0.028,0.028,0.028,0.028,115260
NOV,20200417,0.13,0.145,0.13,0.135,90234
NOX,20200417,0.18,0.18,0.165,0.17,781818
NSB,20200417,0.18,0.18,0.18,0.18,3169
NSC,20200417,0.48,0.485,0.47,0.47,39145
NSR,20200417,1.67,1.735,1.65,1.65,7589430
NST,20200417,12.85,13.1,12.52,12.67,5278439
NSX,20200417,0.115,0.12,0.115,0.12,8986
NTD,20200417,0.25,0.265,0.25,0.26,51966
NTL,20200417,0.006,0.006,0.006,0.006,4900000
NTM,20200417,0.07,0.077,0.07,0.075,1001995
NTO,20200417,1.25,1.325,1.25,1.28,337303
NTU,20200417,0.025,0.025,0.024,0.024,3182684
NUC,20200417,2.9,3.01,2.83,2.99,40083
NUF,20200417,5.07,5.31,5.06,5.13,2492442
NUH,20200417,0.017,0.024,0.017,0.02,6126171
NUS,20200417,0.24,0.24,0.24,0.24,27441
NVA,20200417,0.048,0.051,0.046,0.047,4810881
NVO,20200417,0.009,0.01,0.009,0.01,1563268
NVU,20200417,0.071,0.085,0.055,0.062,2018086
NVX,20200417,0.26,0.285,0.26,0.28,59613
NWC,20200417,0.015,0.016,0.013,0.014,49869316
NWE,20200417,0.003,0.003,0.003,0.003,11650075
NWF,20200417,0.17,0.17,0.17,0.17,25818
NWH,20200417,1.865,2.01,1.855,1.87,3806676
NWL,20200417,7.95,8.1,7.54,7.58,461941
NWS,20200417,14.59,14.59,14.12,14.12,347960
NXE,20200417,0.008,0.008,0.008,0.008,100000
NXM,20200417,0.045,0.045,0.045,0.045,250000
NXS,20200417,1.64,1.72,1.56,1.66,228620
NXT,20200417,9.25,9.34,8.81,8.83,5123305
NYR,20200417,0.145,0.18,0.145,0.18,87372
NZK,20200417,1.76,1.765,1.645,1.65,2742
NZS,20200417,0.019,0.021,0.018,0.02,1957000
OAR,20200417,0.002,0.002,0.002,0.002,4671557
OAU,20200417,0.02,0.02,0.016,0.016,553388
OBL,20200417,3.61,3.88,3.61,3.88,488435
OBM,20200417,0.185,0.19,0.18,0.19,1151518
OCA,20200417,0.845,0.845,0.8,0.8,3150
OCC,20200417,0.325,0.335,0.32,0.32,307045
OCL,20200417,5.9,5.94,5.77,5.81,10191
ODM,20200417,0.03,0.034,0.03,0.031,790790
OEC,20200417,0.54,0.68,0.54,0.645,497924
OEL,20200417,0.006,0.006,0.005,0.005,11683644
OEX,20200417,0.002,0.002,0.002,0.002,10000
OFX,20200417,1.185,1.26,1.18,1.235,220317
OGA,20200417,0.115,0.115,0.115,0.115,50000
OGC,20200417,2.15,2.15,2.07,2.07,759855
OIL,20200417,0.032,0.032,0.029,0.031,308841
OKR,20200417,0.08,0.085,0.08,0.085,36675
OKU,20200417,0.28,0.315,0.28,0.305,2653077
OLI,20200417,0.056,0.056,0.055,0.055,478629
OLL,20200417,0.195,0.205,0.195,0.205,251226
OLV,20200417,0.006,0.006,0.005,0.005,500000
OMH,20200417,0.35,0.36,0.345,0.35,222452
OML,20200417,0.89,0.915,0.83,0.85,6694147
ONE,20200417,0.07,0.07,0.061,0.066,1509609
ONT,20200417,5,5.15,5,5,15510
ONX,20200417,0.045,0.056,0.045,0.056,25585
OOO,20200417,5.32,5.33,5.23,5.27,2391075
OPC,20200417,4.4,4.78,4.38,4.6,136134
OPH,20200417,2.28,2.39,2.28,2.33,384734
OPT,20200417,2.39,2.49,2.31,2.44,808122
OPY,20200417,0.635,0.68,0.63,0.68,111082
ORA,20200417,2.64,2.66,2.55,2.61,3992652
ORE,20200417,2.17,2.27,2.17,2.19,1109054
ORG,20200417,4.97,5.21,4.96,5.17,7133420
ORI,20200417,17.5,17.81,17.11,17.19,745055
ORN,20200417,0.011,0.011,0.011,0.011,80000
ORR,20200417,0.315,0.34,0.315,0.33,93320
OSH,20200417,2.65,2.77,2.63,2.74,17442847
OSL,20200417,0.115,0.12,0.11,0.11,3167200
OSP,20200417,0.011,0.011,0.011,0.011,1672800
OTW,20200417,3,3.01,2.99,3,14429
OVH,20200417,0.24,0.245,0.23,0.24,62419
OVN,20200417,0.275,0.285,0.27,0.275,91108
OVT,20200417,0.009,0.009,0.009,0.009,2873879
OZF,20200417,14.21,14.21,14.03,14.03,4022
OZL,20200417,9.2,9.25,8.87,8.96,1794314
OZR,20200417,9.83,9.91,9.79,9.86,44950
PAA,20200417,0.105,0.13,0.096,0.098,5601064
PAB,20200417,0.014,0.014,0.014,0.014,379674
PAC,20200417,4.64,4.88,4.64,4.8,20569
PAF,20200417,0.7,0.7,0.7,0.7,60370
PAI,20200417,0.965,0.985,0.952,0.96,683646
PAL,20200417,0.645,0.645,0.64,0.64,20290
PAR,20200417,1.795,1.82,1.675,1.675,1991726
PBH,20200417,3.71,3.83,3.4,3.45,1289124
PBP,20200417,2.01,2.01,1.935,1.95,190383
PCG,20200417,0.97,0.97,0.97,0.97,1031
PCI,20200417,0.91,0.95,0.905,0.905,487354
PCK,20200417,0.11,0.112,0.105,0.11,2679629
PCL,20200417,0.001,0.001,0.001,0.001,3069181
PDI,20200417,0.068,0.072,0.056,0.059,128225893
PDL,20200417,5.3,5.3,5.03,5.13,1702338
PDN,20200417,0.12,0.125,0.1,0.105,24087077
PE1,20200417,1.385,1.39,1.35,1.35,57265
PEC,20200417,0.027,0.027,0.027,0.027,200000
PEK,20200417,0.019,0.019,0.018,0.018,124619
PEN,20200417,0.16,0.165,0.15,0.155,1560802
PET,20200417,0.545,0.56,0.53,0.54,1169199
PEX,20200417,0.135,0.145,0.135,0.14,81000
PFP,20200417,2.67,2.84,2.67,2.75,86622
PG1,20200417,0.091,0.091,0.091,0.091,495
PGC,20200417,0.16,0.17,0.16,0.16,161629
PGF,20200417,0.88,0.92,0.875,0.885,268958
PGG,20200417,1.5,1.645,1.5,1.57,205745
PGH,20200417,1.93,2.04,1.92,1.97,1227035
PGL,20200417,1.025,1.035,0.93,0.93,359042
PGM,20200417,0.015,0.015,0.015,0.015,249593
PGR,20200417,0.043,0.043,0.043,0.043,6500
PGX,20200417,0.18,0.185,0.18,0.18,70441
PGY,20200417,0.012,0.012,0.012,0.012,12450
PIA,20200417,0.955,0.98,0.955,0.97,158179
PIC,20200417,0.79,0.815,0.78,0.81,536430
PIO,20200417,0.01,0.01,0.009,0.009,4769492
PIQ,20200417,0.3,0.32,0.285,0.32,116601
PKS,20200417,0.115,0.135,0.115,0.13,793043
PL8,20200417,0.9,0.91,0.885,0.885,470552
PLL,20200417,0.081,0.081,0.077,0.077,1201672
PLS,20200417,0.235,0.237,0.225,0.23,5763473
PM1,20200417,0.012,0.012,0.012,0.012,155449
PM8,20200417,0.15,0.16,0.15,0.15,972028
PMC,20200417,1.3,1.34,1.3,1.31,225732
PME,20200417,24.85,25.18,24.44,24.61,218982
PMV,20200417,13.43,14.08,13.21,13.33,248429
PMY,20200417,0.004,0.004,0.004,0.004,3425000
PNC,20200417,0.295,0.31,0.27,0.27,1967648
PNI,20200417,3.27,3.35,3.23,3.27,1022285
PNR,20200417,0.13,0.135,0.125,0.135,7922446
PNV,20200417,2.18,2.22,2.1,2.19,4386272
PNX,20200417,0.008,0.008,0.008,0.008,543916
PO3,20200417,2.3,2.4,2.22,2.25,25549
POS,20200417,0.034,0.035,0.034,0.034,1206252
POU,20200417,19.22,19.23,19.22,19.23,1555
POW,20200417,0.003,0.003,0.003,0.003,300000
PPC,20200417,0.8,0.8,0.765,0.785,55914
PPE,20200417,1.38,1.53,1.38,1.51,1555439
PPG,20200417,0.105,0.105,0.105,0.105,60000
PPH,20200417,3.95,4.08,3.95,4.01,398873
PPK,20200417,3.18,3.36,3.15,3.25,77700
PPS,20200417,0.29,0.3,0.29,0.295,847634
PPT,20200417,28.61,29.21,28.05,28.18,147528
PPY,20200417,0.011,0.011,0.011,0.011,90818
PRM,20200417,0.001,0.001,0.001,0.001,1000000
PRN,20200417,0.86,0.922,0.835,0.835,5125787
PRO,20200417,0.42,0.42,0.42,0.42,1350
PRT,20200417,0.1,0.105,0.099,0.105,684948
PRU,20200417,1.025,1.035,0.98,1.005,12144798
PRX,20200417,0.034,0.037,0.03,0.032,1929990
PSI,20200417,2.41,2.52,2.41,2.49,21445
PSQ,20200417,1.18,1.18,1.18,1.18,10848
PSZ,20200417,0.015,0.016,0.015,0.016,178414
PTB,20200417,0.49,0.49,0.47,0.475,68261
PTL,20200417,0.38,0.38,0.38,0.38,29315
PTM,20200417,3.44,3.46,3.24,3.29,4006074
PTR,20200417,0.046,0.046,0.045,0.045,80462
PTX,20200417,0.035,0.04,0.035,0.037,2140747
PUR,20200417,0.004,0.004,0.004,0.004,6666
PVL,20200417,0.06,0.06,0.06,0.06,2803
PVS,20200417,1.01,1.01,1.01,1.01,390
PWG,20200417,0.8,0.88,0.8,0.88,515805
PWH,20200417,3.19,3.34,3.18,3.3,79817
PWN,20200417,0.005,0.005,0.004,0.004,3539250
PXS,20200417,0.1,0.1,0.097,0.097,310631
PXX,20200417,0.02,0.02,0.02,0.02,360000
PYC,20200417,0.08,0.08,0.076,0.08,2095164
QAG,20200417,4.9,4.9,4.89,4.9,6100
QAN,20200417,3.61,3.81,3.6,3.72,16630079
QAU,20200417,16.99,16.99,16.7,16.7,121887
QBE,20200417,8.93,9.16,8.8,8.8,22320978
QCB,20200417,6,6.1,5.92,5.95,6400
QFE,20200417,0.24,0.24,0.23,0.24,171500
QFN,20200417,7.86,7.87,7.8,7.81,8825
QFY,20200417,0.003,0.003,0.002,0.002,5535719
QGL,20200417,0.033,0.036,0.033,0.036,31836
QHL,20200417,0.069,0.075,0.069,0.071,1033457
QIP,20200417,1,1.02,1,1.005,22774
QOZ,20200417,10.82,10.91,10.78,10.82,16943
QPR,20200417,0.95,0.95,0.95,0.95,7776
QRE,20200417,5.47,5.47,5.37,5.41,47089
QRI,20200417,1.375,1.43,1.355,1.395,223772
QTM,20200417,0.046,0.046,0.046,0.046,9802
QUB,20200417,2.33,2.43,2.32,2.4,5079843
QUS,20200417,33.97,34.04,33.95,34.03,20039
QVE,20200417,0.75,0.76,0.745,0.755,180338
RAC,20200417,0.26,0.275,0.25,0.25,311850
RAN,20200417,0.01,0.01,0.01,0.01,5214
RAP,20200417,0.175,0.18,0.165,0.175,908543
RBL,20200417,0.7,0.79,0.7,0.775,2938135
RBR,20200417,0.008,0.008,0.008,0.008,300000
RCB,20200417,20.93,20.93,20.81,20.81,28615
RCL,20200417,0.31,0.315,0.305,0.315,24559
RCT,20200417,1.75,1.75,1.75,1.75,8049
RDC,20200417,0.67,0.695,0.645,0.645,812524
RDF,20200417,0.4,0.4,0.4,0.4,4000
RDG,20200417,0.025,0.029,0.025,0.026,1417667
RDH,20200417,0.56,0.56,0.56,0.56,900
RDN,20200417,0.008,0.008,0.007,0.007,3130700
RDV,20200417,21.8,22.04,21.76,21.78,6421
RDY,20200417,1.36,1.49,1.35,1.405,62375
REA,20200417,82.57,84.25,82.57,83.14,281263
RED,20200417,0.225,0.24,0.225,0.23,2403189
REG,20200417,1.65,1.825,1.61,1.755,1849895
REH,20200417,8.6,8.82,8.45,8.68,1199940
RES,20200417,0.053,0.053,0.05,0.05,1186734
REX,20200417,0.78,0.86,0.76,0.85,135578
REZ,20200417,0.01,0.011,0.01,0.011,3284993
RF1,20200417,2.01,2.06,2,2.06,73848
RFF,20200417,1.925,1.99,1.925,1.955,1049575
RFG,20200417,0.048,0.051,0.047,0.05,3287618
RFN,20200417,0.001,0.001,0.001,0.001,1160299
RFR,20200417,0.061,0.061,0.061,0.061,40000
RFT,20200417,0.03,0.03,0.028,0.028,140620
RFX,20200417,0.028,0.028,0.027,0.027,1034128
RGB,20200417,23.575,23.6,23.575,23.6,12132
RGI,20200417,0.06,0.061,0.06,0.06,141431
RGS,20200417,0.058,0.066,0.058,0.066,71295
RHC,20200417,65.97,68.15,65.48,67.2,817760
RHP,20200417,1.67,1.81,1.67,1.77,116596
RHT,20200417,0.12,0.125,0.12,0.125,95595
RHY,20200417,0.091,0.095,0.091,0.091,166579
RIC,20200417,0.74,0.78,0.74,0.765,79527
RIM,20200417,0.004,0.004,0.004,0.004,949496
RIO,20200417,90.46,92.75,90.33,91.51,2539094
RKN,20200417,0.53,0.55,0.53,0.55,10100
RLE,20200417,0.023,0.023,0.022,0.022,100000
RLG,20200417,0.014,0.014,0.014,0.014,100000
RLT,20200417,1.12,1.14,1.12,1.12,2105
RMC,20200417,0.715,0.765,0.685,0.7,542764
RMD,20200417,25.9,25.96,25.58,25.67,1542007
RML,20200417,0.13,0.145,0.125,0.14,6367441
RMP,20200417,0.009,0.009,0.009,0.009,440000
RMS,20200417,1.1,1.18,1.085,1.155,7672592
RMX,20200417,0.004,0.004,0.004,0.004,250000
RMY,20200417,0.25,0.265,0.245,0.255,119479
RND,20200417,1.715,1.8,1.715,1.8,5500
RNE,20200417,0.028,0.028,0.027,0.027,58540
RNO,20200417,0.085,0.085,0.081,0.081,89145
RNT,20200417,0.039,0.04,0.039,0.039,1070000
RNU,20200417,0.007,0.007,0.006,0.006,2170000
RNX,20200417,0.002,0.002,0.002,0.002,6425337
ROG,20200417,0.001,0.001,0.001,0.001,431744
ROO,20200417,0.019,0.021,0.019,0.02,476384
RPM,20200417,0.12,0.135,0.11,0.135,71469
RRL,20200417,4.03,4.16,4.01,4.08,6679594
RSG,20200417,0.945,0.972,0.925,0.945,11927950
RSH,20200417,0.08,0.08,0.075,0.077,283225
RSM,20200417,21.6,21.62,21.58,21.6,27572
RTG,20200417,0.06,0.07,0.06,0.07,120000
RTR,20200417,0.068,0.068,0.066,0.067,448288
RUL,20200417,0.95,0.99,0.95,0.98,201023
RVR,20200417,0.066,0.068,0.064,0.064,1798745
RWC,20200417,2.63,2.8,2.55,2.74,4244973
RXH,20200417,0.003,0.004,0.003,0.004,575600
RXL,20200417,0.024,0.025,0.024,0.024,4256190
RXM,20200417,0.058,0.059,0.055,0.055,210474
RXP,20200417,0.24,0.25,0.24,0.24,199291
RYD,20200417,1.29,1.3,1.29,1.3,18095
RZI,20200417,0.48,0.48,0.475,0.475,17200
S2R,20200417,0.099,0.105,0.097,0.1,141144
S32,20200417,2,2.12,2,2.06,21111123
S66,20200417,0.43,0.43,0.43,0.43,16784
SAR,20200417,4.19,4.27,4.15,4.18,16743393
SAU,20200417,0.135,0.135,0.135,0.135,11296
SBM,20200417,2.52,2.53,2.43,2.46,9658124
SBR,20200417,0.002,0.002,0.001,0.001,1809500
SCG,20200417,2.18,2.31,2.11,2.15,43161446
SCI,20200417,0.008,0.008,0.008,0.008,4004292
SCL,20200417,0.01,0.013,0.01,0.012,7627002
SCP,20200417,2.2,2.31,2.2,2.24,7917596
SDF,20200417,2.69,2.83,2.68,2.79,5483846
SDG,20200417,1.2,1.22,1.2,1.21,57053
SDI,20200417,0.725,0.73,0.72,0.73,56651
SDV,20200417,0.63,0.68,0.615,0.67,691888
SDX,20200417,0.05,0.05,0.048,0.05,659005
SE1,20200417,0.013,0.019,0.01,0.01,31910957
SEC,20200417,1.22,1.245,1.21,1.21,65318
SEI,20200417,0.029,0.031,0.029,0.031,14901
SEK,20200417,16.55,17.35,16.55,17.04,1464710
SEN,20200417,0.045,0.047,0.044,0.047,269131
SER,20200417,0.004,0.004,0.003,0.004,700000
SES,20200417,0.06,0.06,0.059,0.059,27440
SFG,20200417,0.046,0.05,0.046,0.05,2332527
SFR,20200417,4.22,4.39,4.2,4.27,919595
SFX,20200417,0.1,0.105,0.1,0.1,667285
SFY,20200417,50.62,51.21,50.55,50.75,89130
SGF,20200417,1.285,1.35,1.265,1.295,201289
SGH,20200417,0.5,0.53,0.47,0.485,64826
SGM,20200417,6.86,6.97,6.74,6.76,544478
SGP,20200417,2.92,3.14,2.875,3.05,16475967
SGQ,20200417,0.09,0.09,0.089,0.09,366422
SGR,20200417,2.66,2.81,2.55,2.62,10631058
SHJ,20200417,0.795,0.8,0.775,0.775,59283
SHK,20200417,0.005,0.006,0.005,0.006,1166666
SHL,20200417,25.2,25.67,24.88,25.25,2300740
SHM,20200417,0.45,0.45,0.44,0.45,32000
SHO,20200417,0.026,0.028,0.026,0.026,577059
SHV,20200417,7.5,7.64,7.37,7.39,483460
SIG,20200417,0.635,0.65,0.63,0.645,7093584
SIH,20200417,0.015,0.016,0.015,0.016,400000
SIQ,20200417,5.3,5.54,5.3,5.41,1206161
SIS,20200417,0.017,0.017,0.017,0.017,20000
SIT,20200417,0.022,0.022,0.021,0.021,234012
SIV,20200417,0.39,0.41,0.39,0.405,52984
SKC,20200417,2.28,2.52,2.28,2.4,1770722
SKI,20200417,1.99,2.02,1.98,1.99,2812525
SKN,20200417,0.115,0.115,0.1,0.105,16143225
SKO,20200417,2.6,2.79,2.6,2.73,85159
SKT,20200417,0.275,0.285,0.275,0.28,345678
SKY,20200417,0.255,0.27,0.255,0.26,964373
SLC,20200417,0.75,0.81,0.735,0.81,1664718
SLF,20200417,10.31,10.64,10,10.41,223817
SLK,20200417,3.3,3.36,3.23,3.32,489962
SLR,20200417,1.795,1.855,1.74,1.8,61213390
SLX,20200417,0.315,0.315,0.305,0.305,73916
SLZ,20200417,0.07,0.07,0.07,0.07,15000
SM1,20200417,7.3,7.35,7.12,7.34,97229
SMC,20200417,0.38,0.38,0.38,0.38,2700
SMI,20200417,0.003,0.003,0.002,0.002,3578981
SMN,20200417,0.485,0.51,0.445,0.445,257758
SMP,20200417,0.435,0.44,0.395,0.44,188599
SMR,20200417,1.005,1.02,1.005,1.015,3719524
SMX,20200417,0.285,0.285,0.255,0.26,300745
SNC,20200417,0.66,0.695,0.66,0.695,148429
SND,20200417,0.42,0.42,0.41,0.42,35000
SNL,20200417,3.48,3.48,3.47,3.47,1787
SNS,20200417,0.095,0.1,0.095,0.1,602274
SNZ,20200417,5.86,5.93,5.86,5.93,33450
SO4,20200417,0.4,0.4,0.36,0.36,2238430
SOL,20200417,18.7,19.27,18.57,18.87,418526
SOM,20200417,1.105,1.39,1.1,1.32,65313
SOR,20200417,0.044,0.044,0.042,0.042,50000
SP3,20200417,0.078,0.08,0.078,0.08,91806
SPK,20200417,4.13,4.19,4.11,4.16,1204071
SPL,20200417,1.15,1.18,1.08,1.12,3775808
SPT,20200417,0.49,0.53,0.475,0.53,3471807
SPX,20200417,0.13,0.13,0.125,0.13,1123184
SPY,20200417,445,453.84,445,452.92,546
SPZ,20200417,0.1,0.105,0.095,0.095,95261
SRG,20200417,0.27,0.29,0.27,0.275,329439
SRI,20200417,0.05,0.05,0.05,0.05,29166
SRK,20200417,0.042,0.042,0.042,0.042,39500
SRN,20200417,0.002,0.002,0.002,0.002,795374
SRV,20200417,2.64,2.64,2.51,2.51,47829
SRY,20200417,0.012,0.012,0.012,0.012,360000
SRZ,20200417,0.009,0.009,0.008,0.008,50200
SSG,20200417,0.405,0.415,0.405,0.415,100274
SSM,20200417,1.88,1.96,1.88,1.94,1971592
SSO,20200417,12.74,12.74,12.74,12.74,5270
ST1,20200417,0.15,0.15,0.15,0.15,89308
STG,20200417,0.68,0.71,0.68,0.68,26775
STM,20200417,0.008,0.008,0.007,0.008,2101210
STO,20200417,4.34,4.49,4.28,4.29,10956558
STW,20200417,50.9,51.57,50.7,51,402478
STX,20200417,0.125,0.13,0.125,0.13,1607465
SUD,20200417,0.049,0.049,0.049,0.049,10000
SUL,20200417,5.95,5.99,5.68,5.74,1350363
SUN,20200417,9.27,9.44,9.2,9.32,4321102
SUP,20200417,0.065,0.065,0.065,0.065,20001
SVA,20200417,0.02,0.02,0.02,0.02,250000
SVD,20200417,0.006,0.006,0.006,0.006,485300
SVL,20200417,0.088,0.09,0.087,0.088,1872252
SVM,20200417,0.115,0.115,0.115,0.115,255000
SVW,20200417,13.74,14.27,13.59,14.08,856845
SVY,20200417,0.39,0.42,0.38,0.395,746250
SW1,20200417,0.02,0.024,0.02,0.022,866198
SWF,20200417,0.15,0.16,0.15,0.155,534014
SWK,20200417,0.125,0.14,0.125,0.13,99831
SWM,20200417,0.115,0.115,0.095,0.097,16319946
SXA,20200417,0.062,0.062,0.062,0.062,50308
SXE,20200417,0.425,0.43,0.425,0.43,80192
SXL,20200417,0.165,0.18,0.14,0.155,38676992
SXY,20200417,0.215,0.23,0.207,0.22,9367745
SYA,20200417,0.008,0.009,0.008,0.009,2880168
SYD,20200417,5.95,6.35,5.94,6.28,12320725
SYI,20200417,22.64,23.14,22.43,23.14,8507
SYR,20200417,0.24,0.26,0.235,0.235,5321528
SZL,20200417,1.335,1.44,1.335,1.4,194078
T3D,20200417,0.001,0.002,0.001,0.002,2000000
TAH,20200417,3.01,3.08,2.96,2.98,8477477
TAM,20200417,0.042,0.042,0.039,0.041,533605
TAO,20200417,0.04,0.04,0.04,0.04,1009167
TAP,20200417,0.088,0.088,0.088,0.088,100500
TAR,20200417,0.009,0.009,0.009,0.009,45916
TAS,20200417,0.034,0.036,0.034,0.035,680429
TBL,20200417,0.15,0.16,0.15,0.16,146890
TBR,20200417,5.85,5.93,5.76,5.89,49374
TCL,20200417,12.77,13.43,12.74,13.18,7829430
TD1,20200417,0.031,0.031,0.03,0.03,8138284
TDI,20200417,1.37,1.39,1.35,1.38,72998
TDY,20200417,0.16,0.18,0.16,0.18,277252
TEG,20200417,0.03,0.03,0.025,0.028,1351915
TEK,20200417,0.19,0.2,0.19,0.2,190621
TER,20200417,0.1,0.12,0.1,0.12,2419052
TFL,20200417,0.09,0.09,0.088,0.088,56698
TGA,20200417,0.07,0.076,0.07,0.076,720876
TGF,20200417,1.155,1.175,1.15,1.17,178116
TGG,20200417,1.145,1.155,1.13,1.145,226979
TGH,20200417,0.15,0.15,0.14,0.14,443800
TGM,20200417,0.195,0.21,0.195,0.21,21086
TGN,20200417,0.12,0.13,0.12,0.13,19272
TGP,20200417,0.9,0.935,0.895,0.915,205441
TGR,20200417,3.82,3.92,3.78,3.9,760503
THC,20200417,0.285,0.3,0.285,0.3,129871
THR,20200417,0.004,0.005,0.004,0.005,372600
TIE,20200417,0.26,0.26,0.245,0.25,1247522
TIN,20200417,0.048,0.048,0.048,0.048,3571
TIP,20200417,0.59,0.59,0.59,0.59,2500
TLG,20200417,0.28,0.295,0.28,0.29,252901
TLM,20200417,0.074,0.078,0.074,0.078,354000
TLS,20200417,3.18,3.19,3.15,3.16,26381612
TLT,20200417,3.15,3.15,2.99,2.99,10158
TLX,20200417,1.19,1.235,1.175,1.22,174779
TMR,20200417,0.12,0.15,0.12,0.125,353375
TMT,20200417,0.069,0.084,0.069,0.084,251786
TMX,20200417,0.005,0.005,0.005,0.005,728020
TMZ,20200417,0.017,0.017,0.017,0.017,90000
TNE,20200417,8.84,9.05,8.71,8.71,1369113
TNG,20200417,0.052,0.06,0.052,0.059,686565
TNK,20200417,0.865,0.87,0.865,0.87,6601
TNR,20200417,0.014,0.015,0.014,0.014,3346856
TNT,20200417,0.056,0.063,0.05,0.063,17832020
TNY,20200417,1.13,1.265,1.13,1.14,156675
TOE,20200417,0.008,0.008,0.008,0.008,2024257
TON,20200417,0.025,0.027,0.025,0.025,441994
TOP,20200417,0.43,0.44,0.43,0.44,79018
TOT,20200417,0.92,0.935,0.905,0.91,116119
TOU,20200417,0.089,0.089,0.089,0.089,10000
TPC,20200417,0.815,0.815,0.815,0.815,614
TPD,20200417,0.001,0.001,0.001,0.001,4000000
TPM,20200417,7.73,7.84,7.67,7.81,1081865
TPP,20200417,0.03,0.03,0.03,0.03,430000
TPS,20200417,0.057,0.057,0.057,0.057,50040
TPW,20200417,3.47,3.65,3.2,3.35,291429
TRL,20200417,0.012,0.012,0.012,0.012,2500
TRS,20200417,2.79,2.95,2.73,2.85,135240
TRY,20200417,0.08,0.081,0.077,0.081,227887
TSC,20200417,0.009,0.009,0.006,0.006,121110651
TSL,20200417,0.039,0.039,0.037,0.038,676892
TSO,20200417,0.05,0.066,0.05,0.066,29992602
TTB,20200417,0.365,0.365,0.36,0.365,54256
TTI,20200417,0.012,0.013,0.012,0.013,260107
TTT,20200417,0.935,0.945,0.87,0.88,981491
TWD,20200417,2.5,2.55,2.48,2.48,11360
TWE,20200417,10.65,10.69,10.38,10.44,7890247
TWR,20200417,0.605,0.605,0.605,0.605,850
TYR,20200417,2.83,2.91,2.76,2.85,1656001
TZL,20200417,0.054,0.055,0.054,0.055,38763
TZN,20200417,0.038,0.038,0.036,0.036,90810
UBA,20200417,18.26,18.45,18.25,18.25,7687
UBE,20200417,20.41,20.59,20.41,20.59,5316
UBI,20200417,0.18,0.185,0.18,0.185,106907
UBJ,20200417,23.72,23.97,23.72,23.97,1182
UBN,20200417,0.049,0.049,0.046,0.046,30612
UBP,20200417,28.71,29.4,28.71,29.4,1524
UBU,20200417,32.25,32.25,31.91,31.91,150
UBW,20200417,28.2,28.5,28.2,28.5,9576
UCM,20200417,0.265,0.27,0.255,0.26,671870
UCW,20200417,0.105,0.105,0.105,0.105,32050
UMG,20200417,4.9,5.1,4.87,4.87,908774
UNV,20200417,0.145,0.155,0.145,0.155,256260
UOS,20200417,0.7,0.71,0.7,0.71,22427
URF,20200417,0.245,0.245,0.2,0.22,436239
URW,20200417,4.79,4.97,4.77,4.81,1897539
USD,20200417,15.32,15.32,15.25,15.32,47230
UWL,20200417,1.25,1.3,1.25,1.28,1138835
VAE,20200417,65.29,66.5,65.29,66.25,3147
VAF,20200417,52.39,52.39,52.19,52.22,66584
VAL,20200417,0.002,0.002,0.001,0.001,10929999
VAN,20200417,0.135,0.14,0.135,0.14,38675
VAP,20200417,65.81,67.85,65.43,66.51,82214
VAR,20200417,0.015,0.015,0.015,0.015,182608
VAS,20200417,69.69,70.45,69.37,69.45,441022
VCF,20200417,48.69,49.49,48.69,48.98,5906
VCX,20200417,1.415,1.477,1.385,1.39,28480108
VEA,20200417,1.36,1.415,1.347,1.41,3659929
VEE,20200417,0.45,0.45,0.42,0.42,21003
VEN,20200417,0.05,0.05,0.043,0.043,777177
VEQ,20200417,50.19,51.57,50.19,51,9468
VEU,20200417,68.11,68.34,67.65,68.15,85633
VG1,20200417,2.16,2.18,2.13,2.15,227568
VG8,20200417,2.15,2.17,2.14,2.14,185064
VGB,20200417,53.52,53.59,53.45,53.47,26171
VGE,20200417,62.9,63.81,62.9,63.16,12692
VGI,20200417,9.8,10.3,9.6,9.6,10347
VGS,20200417,76.38,77,76.3,76.75,98676
VHY,20200417,46.65,47.66,46.65,47.2,69485
VIC,20200417,0.001,0.001,0.001,0.001,270000
VIF,20200417,51.98,52.01,51.46,51.5,22224
VKA,20200417,0.006,0.007,0.006,0.007,273457
VLC,20200417,56.82,57.34,56.7,56.71,2037
VLS,20200417,0.59,0.59,0.59,0.59,3937
VLT,20200417,0.15,0.18,0.15,0.18,285216
VMC,20200417,0.185,0.185,0.175,0.185,284059
VMG,20200417,0.002,0.002,0.002,0.002,945846
VML,20200417,0.008,0.008,0.008,0.008,2338019
VMT,20200417,0.14,0.155,0.14,0.145,703371
VMX,20200417,0.17,0.17,0.17,0.17,114300
VMY,20200417,0.043,0.048,0.042,0.046,4189694
VN8,20200417,0.082,0.097,0.082,0.095,106264
VOC,20200417,2.86,2.92,2.78,2.78,1518923
VOL,20200417,0.51,0.51,0.51,0.51,67
VPR,20200417,0.001,0.002,0.001,0.002,1100025
VR1,20200417,0.018,0.018,0.018,0.018,21000
VRC,20200417,0.006,0.006,0.005,0.005,198000
VRL,20200417,1.91,2.12,1.91,1.935,351064
VRS,20200417,0.024,0.024,0.023,0.024,371700
VRT,20200417,2.69,2.79,2.63,2.67,320391
VRX,20200417,0.06,0.06,0.059,0.06,250312
VSO,20200417,48.68,49.51,48.61,48.75,9563
VTG,20200417,1.02,1.035,0.98,1.02,616698
VTH,20200417,0.7,0.72,0.69,0.72,167561
VTS,20200417,224.6,226.19,224.45,225.74,19886
VUK,20200417,1.51,1.52,1.455,1.495,5190892
VUL,20200417,0.235,0.235,0.225,0.227,310378
VVA,20200417,1.73,1.83,1.7,1.75,70415
VVR,20200417,2.48,2.59,2.42,2.48,7879503
VXR,20200417,0.082,0.084,0.082,0.082,141557
WAA,20200417,0.91,0.93,0.88,0.885,86638
WAF,20200417,0.525,0.55,0.525,0.54,7833410
WAM,20200417,2.05,2.06,2.01,2.04,1724833
WAX,20200417,1.17,1.19,1.17,1.18,192484
WBC,20200417,16.04,16.225,15.8,15.87,11473956
WBT,20200417,0.34,0.365,0.34,0.36,201077
WCN,20200417,0.004,0.005,0.004,0.004,2434363
WEB,20200417,2.71,2.73,2.6,2.6,6209696
WEC,20200417,0.065,0.07,0.065,0.07,36400
WEL,20200417,0.019,0.019,0.017,0.017,578014
WES,20200417,38.01,38.73,37.92,38.12,1872583
WGB,20200417,1.82,1.875,1.82,1.86,186256
WGN,20200417,0.855,0.895,0.795,0.805,341824
WGO,20200417,0.125,0.13,0.12,0.13,468187
WGX,20200417,2.05,2.06,1.97,2.04,1058990
WHC,20200417,1.825,1.83,1.72,1.795,10517924
WHF,20200417,4.3,4.38,4.3,4.38,23367
WHK,20200417,0.058,0.06,0.057,0.058,1372880
WIC,20200417,0.8,0.81,0.8,0.81,8038
WKT,20200417,0.12,0.12,0.12,0.12,375307
WLD,20200417,0.045,0.045,0.043,0.044,253400
WLE,20200417,0.995,1.04,0.995,1.03,1418562
WMI,20200417,1.12,1.135,1.12,1.13,179040
WML,20200417,0.011,0.011,0.011,0.011,1000000
WNB,20200417,0.014,0.014,0.012,0.013,39933479
WND,20200417,0.95,0.95,0.94,0.945,87961
WOA,20200417,0.155,0.155,0.15,0.15,83400
WOR,20200417,7.45,7.65,7.33,7.34,2091308
WOW,20200417,37.45,38.12,36.93,37.4,3845351
WPL,20200417,20.99,21.45,20.9,21.08,3002726
WPP,20200417,0.245,0.26,0.245,0.25,435881
WQG,20200417,1.085,1.12,1.085,1.12,235743
WRM,20200417,0.003,0.004,0.003,0.004,1200000
WSA,20200417,2.07,2.22,2.07,2.2,1343612
WSI,20200417,0.014,0.015,0.014,0.015,1684393
WSP,20200417,1.46,1.5,1.36,1.5,115652
WTC,20200417,15.75,16.19,15.63,15.72,1592991
WZR,20200417,0.145,0.155,0.14,0.145,8985385
XAM,20200417,0.031,0.031,0.031,0.031,25000
XCD,20200417,0.005,0.005,0.005,0.005,780090
XF1,20200417,0.094,0.095,0.094,0.095,146872
XPE,20200417,0.001,0.001,0.001,0.001,25000
XPL,20200417,0.054,0.054,0.052,0.054,177897
XRF,20200417,0.19,0.22,0.19,0.21,1233372
XRO,20200417,79.5,80.74,77.9,78.83,814730
XTC,20200417,0.004,0.004,0.004,0.004,59432910
XTD,20200417,0.028,0.028,0.025,0.025,1715000
XTE,20200417,0.545,0.545,0.545,0.545,2000
YAL,20200417,2.15,2.17,2.13,2.14,32126
YBR,20200417,0.059,0.06,0.056,0.058,117127
YOJ,20200417,0.031,0.036,0.03,0.034,5470728
YPB,20200417,0.003,0.003,0.003,0.003,3208333
YRL,20200417,0.2,0.2,0.2,0.2,2000
Z1P,20200417,2.42,2.48,2.31,2.35,8203512
ZEL,20200417,2.99,3.1,2.99,3.09,136251
ZEN,20200417,0.995,1.01,0.995,1.01,484243
ZGL,20200417,0.058,0.058,0.058,0.058,19149
ZIM,20200417,11.5,11.5,11,11.5,1154
ZLD,20200417,0.045,0.046,0.041,0.043,1289079
ZNC,20200417,0.044,0.044,0.044,0.044,24624
ZNO,20200417,1.65,1.87,1.645,1.805,2025280
XAF,20200417,5345.5,5489,5345.5,5418.3,0
XAO,20200417,5467.6,5618.1,5467.6,5544.7,1486163100
XAT,20200417,5360,5507.5,5360,5431.6,0
XDJ,20200417,2044.6,2138,2044.6,2091.5,0
XEC,20200417,1099.8,1141.9,1099.8,1139.6,0
XEJ,20200417,6693.2,6866.4,6693.2,6782.1,0
XFJ,20200417,4293.4,4387.2,4293.4,4302.3,0
XFL,20200417,5376.8,5521.9,5376.8,5449.3,0
XGD,20200417,7225.4,7228.6,7033,7078.4,0
XHJ,20200417,44739,45802.2,44739,45298.2,0
XIJ,20200417,1201.9,1251.9,1201.9,1224,0
XJO,20200417,5416.3,5563.6,5416.3,5487.5,0
XJR,20200417,3879.5,3957.8,3879.5,3918.9,0
XKO,20200417,5371.4,5518.9,5371.4,5444.8,0
XMD,20200417,5784.9,5943.8,5784.9,5848.5,0
XMJ,20200417,11668.9,11915.4,11668.9,11779.8,0
XMM,20200417,3878,3954.3,3878,3916.3,0
XNJ,20200417,5284.7,5579.6,5284.7,5524.7,0
XPJ,20200417,1129.3,1207.8,1129.3,1173.4,0
XSJ,20200417,12528.4,12693.1,12442.7,12524.6,0
XSO,20200417,2307.9,2381.2,2307.9,2350.3,0
XTJ,20200417,1087.7,1105.6,1087.7,1093.6,0
XTL,20200417,3050.3,3123.5,3050.3,3080.5,0
XTO,20200417,4485.5,4606.4,4485.5,4544.3,0
XUJ,20200417,7632.9,7810.8,7632.9,7730.5,0
XXJ,20200417,4788.6,4893.2,4788.6,4798.5,0
