360,20200508,2.03,2.03,1.95,2,63482
14D,20200508,0.175,0.175,0.16,0.16,167250
1AD,20200508,0.06,0.06,0.059,0.059,116140
1AG,20200508,0.033,0.033,0.033,0.033,23255
1ST,20200508,0.033,0.034,0.031,0.031,2760258
2BE,20200508,0.11,0.125,0.1,0.1,422070
3DA,20200508,0.172,0.18,0.17,0.18,177082
3DP,20200508,0.035,0.04,0.035,0.039,1581908
3PL,20200508,0.755,0.755,0.75,0.75,60550
4DS,20200508,0.052,0.057,0.051,0.053,3591086
5GN,20200508,0.9,0.915,0.88,0.905,336229
88E,20200508,0.005,0.006,0.005,0.005,19477331
8CO,20200508,0.054,0.057,0.054,0.057,34262
9SP,20200508,0.016,0.016,0.015,0.016,1621749
A1G,20200508,0.08,0.08,0.08,0.08,26488
A1M,20200508,0.275,0.28,0.275,0.275,11163
A2B,20200508,0.69,0.785,0.69,0.74,414360
A2M,20200508,18.4,18.52,18.17,18.17,2017989
A3D,20200508,0.079,0.079,0.077,0.077,45450
A4N,20200508,0.165,0.165,0.16,0.16,137120
AAA,20200508,50.07,50.08,50.07,50.08,77253
AAC,20200508,1.11,1.12,1.08,1.085,508581
AAR,20200508,0.155,0.155,0.145,0.15,97357
ABA,20200508,4.42,4.48,4.42,4.42,3736
ABC,20200508,2.56,2.61,2.53,2.58,2104298
ABP,20200508,2.43,2.505,2.42,2.48,929694
ABR,20200508,0.35,0.355,0.335,0.35,408606
ABT,20200508,0.017,0.017,0.014,0.014,30000
ABV,20200508,0.024,0.024,0.024,0.024,200000
ABX,20200508,0.085,0.085,0.085,0.085,25000
AC8,20200508,0.17,0.175,0.17,0.17,1800838
ACB,20200508,0.018,0.018,0.017,0.017,383767
ACF,20200508,0.235,0.25,0.235,0.25,279289
ACQ,20200508,0.855,0.855,0.85,0.85,164640
ACR,20200508,0.135,0.135,0.13,0.135,185688
ACU,20200508,0.07,0.08,0.07,0.08,751185
ACW,20200508,0.02,0.021,0.02,0.02,183314
AD1,20200508,0.013,0.013,0.012,0.012,122757
AD8,20200508,6.06,6.21,5.91,5.95,288576
ADA,20200508,0.42,0.425,0.415,0.42,147593
ADD,20200508,0.016,0.016,0.016,0.016,131690
ADH,20200508,1.54,1.645,1.535,1.625,1358197
ADI,20200508,2.08,2.1,2.06,2.06,251259
ADJ,20200508,0.021,0.021,0.02,0.021,390973
ADN,20200508,0.048,0.048,0.046,0.047,6188266
ADO,20200508,0.021,0.022,0.021,0.021,1850514
ADR,20200508,0.028,0.028,0.025,0.025,514412
ADT,20200508,1.3,1.335,1.275,1.29,347929
ADY,20200508,0.005,0.005,0.005,0.005,8569
AEE,20200508,0.004,0.005,0.004,0.004,20620500
AEF,20200508,5.05,5.4,5.05,5.26,246039
AEG,20200508,1.115,1.115,1.085,1.095,215940
AEI,20200508,0.615,0.64,0.615,0.63,597179
AEV,20200508,0.008,0.008,0.008,0.008,23986
AFG,20200508,1.41,1.42,1.38,1.39,1534326
AFI,20200508,5.75,5.77,5.72,5.73,431244
AFL,20200508,0.165,0.165,0.165,0.165,2683
AFR,20200508,0.022,0.022,0.021,0.021,50412
AGD,20200508,0.16,0.16,0.15,0.16,75968
AGE,20200508,0.005,0.005,0.004,0.004,15894618
AGG,20200508,8.15,8.58,8.03,8.27,19641
AGH,20200508,0.39,0.4,0.385,0.39,294471
AGI,20200508,0.43,0.465,0.43,0.46,270398
AGL,20200508,16.5,16.59,16.37,16.49,1594728
AGM,20200508,1.56,1.56,1.52,1.52,9232
AGR,20200508,0.079,0.079,0.079,0.079,5024
AGS,20200508,0.12,0.28,0.12,0.145,4095656
AGY,20200508,0.052,0.052,0.047,0.051,1744005
AHF,20200508,0.081,0.083,0.079,0.08,683312
AHL,20200508,0.004,0.004,0.004,0.004,2506897
AHQ,20200508,0.076,0.076,0.076,0.076,404758
AHX,20200508,0.48,0.5,0.48,0.49,50380
AHY,20200508,1.015,1.025,1.01,1.02,400007
AHZ,20200508,7.62,7.62,7.45,7.53,2841
AIA,20200508,5.37,5.4,5.29,5.35,608686
AIR,20200508,0.93,0.93,0.93,0.93,3000
AIZ,20200508,1.17,1.185,1.15,1.16,1788198
AJL,20200508,0.052,0.052,0.052,0.052,31000
AJM,20200508,0.038,0.038,0.036,0.038,11980466
AJQ,20200508,0.032,0.032,0.031,0.031,86119
AJX,20200508,0.05,0.052,0.049,0.05,273146
AKG,20200508,0.285,0.295,0.27,0.285,46367
AKP,20200508,15.28,16.41,15,15.02,20438
AL3,20200508,0.18,0.18,0.175,0.18,414120
AL8,20200508,0.018,0.018,0.018,0.018,2845
ALC,20200508,0.16,0.162,0.15,0.15,2638850
ALF,20200508,0.855,0.855,0.85,0.85,126715
ALG,20200508,0.32,0.33,0.315,0.33,3177134
ALI,20200508,2.12,2.14,2.05,2.05,99533
ALK,20200508,0.74,0.785,0.73,0.775,4095108
ALL,20200508,25.42,25.56,24.81,24.98,3001204
ALQ,20200508,6.49,6.59,6.335,6.4,2349549
ALT,20200508,0.002,0.002,0.002,0.002,123300
ALU,20200508,36.79,37.19,36.25,36.35,742072
ALX,20200508,5.93,6.06,5.8,5.85,3816254
ALY,20200508,0.012,0.012,0.011,0.011,663537
AMA,20200508,0.415,0.45,0.41,0.44,5256051
AMC,20200508,13.27,13.46,13.27,13.38,2252199
AMD,20200508,0.006,0.006,0.006,0.006,1808922
AME,20200508,0.062,0.063,0.062,0.063,300000
AMG,20200508,0.042,0.045,0.042,0.044,563066
AMH,20200508,0.865,0.875,0.865,0.875,61913
AMI,20200508,0.32,0.33,0.305,0.31,5320993
AML,20200508,0.089,0.091,0.084,0.085,735714
AMN,20200508,0.35,0.375,0.35,0.35,59350
AMP,20200508,1.38,1.475,1.375,1.41,28748026
AMS,20200508,0.545,0.64,0.545,0.64,433562
AMT,20200508,0.11,0.11,0.11,0.11,57536
AMX,20200508,1.61,1.635,1.585,1.605,67622
ANA,20200508,0.007,0.007,0.007,0.007,432000
ANG,20200508,0.14,0.14,0.135,0.14,132425
ANL,20200508,0.002,0.002,0.002,0.002,1990000
ANN,20200508,30,30.445,29.91,30.24,504843
ANO,20200508,4.56,4.69,4.46,4.69,44550
ANP,20200508,0.047,0.048,0.046,0.046,911984
ANW,20200508,0.001,0.001,0.001,0.001,2500000
ANZ,20200508,16.17,16.23,15.73,15.73,13652243
AO1,20200508,0.01,0.01,0.01,0.01,2700000
AOF,20200508,1.98,1.99,1.975,1.98,72787
AON,20200508,0.019,0.023,0.019,0.023,1082120
AOP,20200508,0.245,0.255,0.245,0.255,510217
AOU,20200508,0.053,0.055,0.05,0.055,205353
APA,20200508,11.18,11.3,11.11,11.26,1834940
APC,20200508,0.052,0.053,0.051,0.051,1291837
APD,20200508,0.47,0.48,0.47,0.48,97447
APE,20200508,4.61,5.07,4.61,5.01,2707803
APH,20200508,0.145,0.145,0.14,0.145,26812
API,20200508,1.07,1.095,1.07,1.085,1380326
APL,20200508,0.945,0.95,0.935,0.95,768865
APT,20200508,39.28,40,39.13,39.88,2767830
APV,20200508,0.165,0.175,0.16,0.16,92336
APW,20200508,1.17,1.17,1.17,1.17,38045
APX,20200508,29.47,30.75,29.21,30,1347992
APZ,20200508,1.02,1.02,1.015,1.015,1450
AQC,20200508,0.12,0.14,0.12,0.14,10000
AQD,20200508,0.012,0.012,0.012,0.012,250000
AQG,20200508,8.76,9.03,8.76,8.88,384827
AQI,20200508,0.079,0.079,0.075,0.078,573329
AQR,20200508,3.23,3.28,3.18,3.2,43846
AQX,20200508,0.019,0.019,0.018,0.019,2493035
AQZ,20200508,2.1,2.31,2.1,2.18,109745
ARA,20200508,0.4,0.4,0.4,0.4,10270
ARB,20200508,14.92,15.47,14.65,15.4,214929
ARD,20200508,0.014,0.014,0.013,0.013,1527000
ARE,20200508,0.004,0.005,0.004,0.005,1008000
ARF,20200508,2.19,2.29,2.1,2.16,533728
ARG,20200508,7.22,7.33,7.17,7.17,218898
ARL,20200508,0.26,0.26,0.245,0.255,28344
ARM,20200508,0.012,0.013,0.012,0.012,1055382
ARN,20200508,0.15,0.15,0.15,0.15,115983
ARQ,20200508,0.091,0.093,0.09,0.093,409020
ARS,20200508,0.043,0.044,0.042,0.044,11877865
ARU,20200508,0.073,0.073,0.071,0.072,266269
ARV,20200508,0.03,0.031,0.03,0.03,853147
AS1,20200508,0.14,0.14,0.135,0.135,34500
ASB,20200508,2.85,2.9,2.85,2.89,2538912
ASG,20200508,0.885,0.94,0.885,0.94,41545
ASH,20200508,0.325,0.325,0.325,0.325,24322
ASN,20200508,0.018,0.018,0.017,0.017,3464250
AST,20200508,1.96,1.96,1.93,1.955,9282643
ASX,20200508,82.24,82.48,81.19,82.3,380738
AT1,20200508,0.445,0.46,0.43,0.43,5538178
ATC,20200508,0.043,0.044,0.042,0.042,403418
ATH,20200508,0.018,0.019,0.017,0.019,19547
ATL,20200508,0.29,0.29,0.275,0.285,119477
ATP,20200508,0.006,0.006,0.006,0.006,3399
ATS,20200508,0.024,0.024,0.022,0.023,5370241
ATU,20200508,0.23,0.23,0.225,0.225,189616
ATX,20200508,0.095,0.095,0.095,0.095,17000
AU8,20200508,0.055,0.058,0.055,0.057,392558
AUB,20200508,11.79,12.53,11.72,12.18,286555
AUC,20200508,0.014,0.015,0.014,0.015,1559432
AUI,20200508,7.74,7.8,7.64,7.75,22838
AUL,20200508,0.235,0.24,0.22,0.235,96580
AUR,20200508,0.019,0.019,0.016,0.016,42000
AUT,20200508,0.052,0.057,0.051,0.054,6186544
AUZ,20200508,0.009,0.009,0.009,0.009,3104767
AV1,20200508,0.086,0.086,0.086,0.086,16200
AVA,20200508,0.165,0.165,0.16,0.16,671288
AVE,20200508,0.008,0.008,0.008,0.008,1809743
AVG,20200508,0.425,0.425,0.425,0.425,178235
AVH,20200508,0.465,0.465,0.45,0.46,10754632
AVJ,20200508,0.375,0.38,0.365,0.38,47070
AVL,20200508,0.011,0.011,0.01,0.011,5000624
AVN,20200508,1.76,1.835,1.725,1.785,1041736
AVZ,20200508,0.064,0.065,0.063,0.063,4238507
AWC,20200508,1.585,1.585,1.51,1.525,16333939
AWN,20200508,0.05,0.05,0.04,0.04,100000
AWV,20200508,0.009,0.01,0.009,0.01,1785314
AX1,20200508,1.21,1.22,1.185,1.22,1383709
AXE,20200508,0.32,0.335,0.305,0.325,1861230
AYF,20200508,5.36,5.36,5.29,5.3,16860
AYM,20200508,0.002,0.002,0.002,0.002,83350
AYR,20200508,0.014,0.015,0.014,0.014,701911
AYS,20200508,0.305,0.32,0.305,0.31,50264
AZI,20200508,0.005,0.005,0.004,0.004,759402
AZJ,20200508,4.58,4.62,4.45,4.49,6524500
AZS,20200508,0.072,0.081,0.072,0.081,256860
AZV,20200508,0.069,0.07,0.069,0.069,113612
AZY,20200508,0.022,0.022,0.02,0.021,12706050
BAF,20200508,0.715,0.735,0.71,0.72,227171
BAP,20200508,5,5.18,4.98,5.1,2066242
BAR,20200508,0.019,0.019,0.019,0.019,400000
BAT,20200508,0.005,0.006,0.005,0.006,1040126
BBC,20200508,0.41,0.41,0.4,0.4,9055
BBL,20200508,0.41,0.41,0.41,0.41,5126
BBN,20200508,2.7,2.75,2.66,2.7,539599
BC8,20200508,0.42,0.43,0.41,0.43,1426743
BCB,20200508,0.047,0.05,0.045,0.046,1436464
BCC,20200508,0.18,0.185,0.18,0.18,41305
BCI,20200508,0.14,0.14,0.14,0.14,1150
BCK,20200508,0.024,0.024,0.024,0.024,64920
BCN,20200508,0.041,0.041,0.04,0.041,2132690
BCT,20200508,0.058,0.063,0.057,0.059,519331
BD1,20200508,0.025,0.026,0.025,0.026,237700
BDA,20200508,0.33,0.335,0.31,0.31,1447086
BDC,20200508,0.078,0.079,0.076,0.078,3096970
BEE,20200508,0.012,0.013,0.012,0.013,1019814
BEM,20200508,0.036,0.036,0.035,0.036,133331
BEN,20200508,5.97,5.99,5.87,5.89,2957440
BET,20200508,0.27,0.28,0.26,0.265,2838445
BFC,20200508,0.063,0.065,0.06,0.061,1007918
BFG,20200508,1.13,1.175,1.11,1.17,588165
BGA,20200508,4.88,5.1,4.88,5.08,749311
BGL,20200508,0.6,0.61,0.59,0.6,1077709
BGT,20200508,0.185,0.185,0.175,0.175,151912
BHP,20200508,31.46,31.63,31.28,31.4,6457067
BID,20200508,0.73,0.765,0.73,0.74,155663
BIN,20200508,2.08,2.13,2.08,2.12,2529582
BIS,20200508,0.99,0.99,0.9,0.9,57400
BIT,20200508,0.099,0.102,0.095,0.095,5011995
BKI,20200508,1.365,1.365,1.34,1.34,230117
BKL,20200508,77.21,77.29,75.7,75.72,40614
BKT,20200508,0.038,0.038,0.038,0.038,58500
BKW,20200508,13.41,13.53,13.24,13.3,428909
BKY,20200508,0.29,0.295,0.27,0.295,1850836
BLD,20200508,2.78,2.83,2.74,2.75,6939452
BLG,20200508,0.023,0.025,0.023,0.025,1229433
BLK,20200508,0.01,0.01,0.01,0.01,5565867
BLU,20200508,0.016,0.017,0.016,0.017,3113647
BLX,20200508,0.71,0.8,0.71,0.8,112466
BLY,20200508,0.66,0.665,0.66,0.665,25770
BMN,20200508,0.044,0.044,0.04,0.042,940503
BNO,20200508,0.045,0.047,0.044,0.044,122894
BNR,20200508,0.046,0.047,0.046,0.046,320000
BOE,20200508,0.073,0.075,0.066,0.066,4967260
BOL,20200508,0.09,0.09,0.09,0.09,6000
BOQ,20200508,4.75,4.89,4.71,4.83,5863218
BOT,20200508,0.042,0.045,0.042,0.045,1776051
BPL,20200508,0.017,0.017,0.016,0.016,420000
BPP,20200508,0.017,0.017,0.016,0.016,276469
BPT,20200508,1.51,1.55,1.495,1.51,9665444
BRB,20200508,0.22,0.22,0.21,0.215,190582
BRG,20200508,18.5,18.83,18.15,18.52,443217
BRK,20200508,0.005,0.006,0.005,0.006,5185841
BRL,20200508,0.058,0.058,0.055,0.055,780323
BRN,20200508,0.051,0.052,0.049,0.049,3545321
BRU,20200508,0.092,0.092,0.09,0.091,255969
BRV,20200508,0.026,0.029,0.026,0.027,2523032
BSA,20200508,0.265,0.27,0.265,0.27,91926
BSE,20200508,0.13,0.13,0.125,0.13,416327
BSL,20200508,10.24,10.37,10.01,10.07,2741372
BSM,20200508,0.003,0.003,0.003,0.003,10000
BSX,20200508,0.155,0.16,0.145,0.15,356172
BTH,20200508,0.775,0.79,0.75,0.76,1780028
BTI,20200508,0.725,0.73,0.725,0.73,38855
BUB,20200508,1.01,1.09,1.01,1.075,14184630
BUD,20200508,0.009,0.01,0.008,0.01,12824110
BUG,20200508,0.155,0.155,0.145,0.145,5250
BUX,20200508,0.089,0.09,0.089,0.09,22222
BVS,20200508,4.81,4.85,4.66,4.8,1625196
BWP,20200508,3.57,3.61,3.495,3.51,1316642
BWR,20200508,1.26,1.26,1.26,1.26,68200
BWX,20200508,3.68,3.81,3.68,3.78,109462
BXB,20200508,10.8,10.9,10.54,10.58,5336027
BXN,20200508,0.011,0.011,0.011,0.011,261200
BYE,20200508,0.17,0.175,0.16,0.165,1003548
BYH,20200508,0.028,0.028,0.028,0.028,10500
C6C,20200508,0.535,0.54,0.535,0.54,5926
CAA,20200508,0.1,0.1,0.1,0.1,6677
CAD,20200508,0.001,0.001,0.001,0.001,1087500
CAF,20200508,0.088,0.092,0.088,0.09,67387
CAG,20200508,0.515,0.52,0.49,0.49,25000
CAI,20200508,0.3,0.305,0.29,0.29,909607
CAJ,20200508,0.18,0.19,0.18,0.185,1846656
CAM,20200508,0.755,0.775,0.755,0.76,125879
CAN,20200508,0.915,0.92,0.9,0.92,285764
CAP,20200508,0.022,0.023,0.022,0.023,150214
CAR,20200508,13.9,14.35,13.86,14.26,1223921
CAT,20200508,1.16,1.235,1.16,1.225,1098897
CAU,20200508,0.1,0.1,0.095,0.1,66990
CAY,20200508,0.11,0.12,0.11,0.12,702866
CAZ,20200508,0.023,0.023,0.022,0.023,127300
CBA,20200508,60.25,60.3,59.47,59.6,3732173
CBE,20200508,0.18,0.18,0.18,0.18,5000
CBR,20200508,2.11,2.25,2.1,2.2,1057711
CCA,20200508,0.057,0.07,0.057,0.067,490075
CCE,20200508,0.001,0.001,0.001,0.001,560000
CCG,20200508,0.071,0.072,0.071,0.071,650582
CCL,20200508,8.43,8.69,8.42,8.66,2845145
CCP,20200508,14.38,15.49,14.35,14.63,950398
CCV,20200508,0.155,0.165,0.155,0.165,210017
CCX,20200508,2.16,2.3,2.16,2.24,575717
CCZ,20200508,0.018,0.018,0.017,0.017,251785
CD1,20200508,0.72,0.72,0.72,0.72,975
CDA,20200508,6.96,7.28,6.96,7.07,765439
CDD,20200508,0.26,0.28,0.26,0.265,250101
CDM,20200508,0.51,0.52,0.51,0.52,317780
CDP,20200508,3.05,3.22,3.01,3.22,24494
CDV,20200508,0.43,0.44,0.42,0.425,309577
CDX,20200508,0.022,0.022,0.022,0.022,1952158
CEL,20200508,0.18,0.19,0.18,0.185,1299104
CEN,20200508,5.75,5.77,5.71,5.77,2400
CFE,20200508,0.002,0.002,0.002,0.002,5205407
CG1,20200508,0.245,0.245,0.23,0.235,90107
CGB,20200508,0.008,0.008,0.007,0.008,4424654
CGC,20200508,2.82,2.92,2.82,2.87,1861669
CGF,20200508,4.48,4.85,4.41,4.76,4866322
CGL,20200508,3.11,3.19,3.07,3.1,475178
CGO,20200508,0.091,0.091,0.09,0.09,156000
CGS,20200508,0.335,0.335,0.335,0.335,3962
CHC,20200508,7.4,7.53,7.3,7.43,2209572
CHK,20200508,0.007,0.007,0.006,0.007,2154996
CHN,20200508,1.265,1.28,1.245,1.25,1551603
CHZ,20200508,0.075,0.077,0.074,0.074,1397325
CI1,20200508,0.031,0.031,0.03,0.03,1628447
CIA,20200508,1.88,1.915,1.87,1.915,626796
CIE,20200508,0.545,0.55,0.54,0.54,70575
CIM,20200508,23.2,23.9,22.98,23.03,594704
CIN,20200508,21.5,21.5,21,21.24,4903
CIO,20200508,0.024,0.024,0.024,0.024,3
CIP,20200508,2.63,2.66,2.62,2.65,1379080
CKA,20200508,0.039,0.039,0.036,0.038,596223
CKF,20200508,7.8,7.97,7.62,7.71,531028
CL1,20200508,1.4,1.4,1.36,1.4,74239
CL8,20200508,0.01,0.011,0.009,0.009,3308917
CLA,20200508,0.009,0.009,0.009,0.009,55560
CLB,20200508,0.072,0.072,0.072,0.072,12000
CLQ,20200508,0.202,0.205,0.195,0.2,564037
CLV,20200508,2.25,2.25,2.1,2.18,226623
CLW,20200508,4.13,4.21,4.02,4.06,2171568
CLX,20200508,0.55,0.55,0.52,0.52,12557
CM8,20200508,0.02,0.021,0.02,0.02,334928
CML,20200508,0.012,0.012,0.011,0.011,550000
CMM,20200508,1.29,1.345,1.29,1.345,279009
CMP,20200508,0.52,0.55,0.515,0.522,52668
CMW,20200508,0.745,0.76,0.74,0.745,5423866
CNB,20200508,0.076,0.076,0.075,0.075,690203
CNI,20200508,1.555,1.64,1.545,1.625,674679
CNL,20200508,0.07,0.07,0.07,0.07,280000
CNU,20200508,6.82,6.95,6.66,6.66,847577
CNW,20200508,0.02,0.021,0.02,0.021,1308351
COB,20200508,0.125,0.125,0.11,0.11,216228
COE,20200508,0.39,0.4,0.38,0.385,12701970
COF,20200508,1.875,1.92,1.86,1.885,1105014
COG,20200508,0.041,0.041,0.041,0.041,2466297
COH,20200508,186,186,181.34,181.66,163775
COI,20200508,0.08,0.09,0.08,0.09,1011685
COL,20200508,15.41,15.48,15.1,15.2,3106736
COS,20200508,0.355,0.355,0.33,0.33,25017
CP1,20200508,0.09,0.09,0.088,0.088,12690
CPH,20200508,0.065,0.065,0.063,0.063,711457
CPT,20200508,0.014,0.018,0.014,0.015,153160
CPU,20200508,11.59,11.7,11.36,11.43,2351710
CPV,20200508,0.13,0.145,0.13,0.135,441548
CQE,20200508,2.29,2.35,2.25,2.27,2927766
CQR,20200508,3.07,3.1,3,3.07,3958107
CR1,20200508,0.26,0.27,0.255,0.255,128799
CRL,20200508,0.013,0.013,0.013,0.013,90000
CRN,20200508,1.11,1.14,1.11,1.13,459597
CRS,20200508,0.12,0.12,0.12,0.12,41772
CSL,20200508,308.04,308.99,301.18,301.18,1193753
CSR,20200508,3.42,3.54,3.42,3.52,4007803
CSS,20200508,0.695,0.695,0.685,0.685,5800
CST,20200508,0.145,0.155,0.135,0.145,961955
CT1,20200508,0.022,0.023,0.022,0.022,1992759
CTD,20200508,12.14,12.5,11.88,11.94,526558
CTM,20200508,0.21,0.225,0.205,0.22,829816
CTO,20200508,0.004,0.005,0.004,0.005,1466461
CTP,20200508,0.075,0.075,0.072,0.072,286261
CTX,20200508,24.06,24.6,23.73,24.5,642728
CUE,20200508,0.074,0.074,0.074,0.074,9776
CUP,20200508,0.895,0.895,0.865,0.885,49780
CUV,20200508,24.1,24.48,23.3,23.35,140608
CUX,20200508,0.004,0.004,0.004,0.004,929149
CV1,20200508,0.086,0.086,0.086,0.086,25000
CVF,20200508,0.765,0.765,0.76,0.76,112212
CVL,20200508,0.405,0.42,0.405,0.405,38262
CVN,20200508,0.2,0.21,0.195,0.2,3262901
CVW,20200508,0.21,0.235,0.21,0.235,238892
CWN,20200508,9.3,9.36,9.22,9.34,1650337
CWP,20200508,4.18,4.42,4.15,4.34,130917
CWX,20200508,0.2,0.205,0.18,0.2,251022
CWY,20200508,1.87,1.925,1.845,1.88,8551860
CWZ,20200508,0.13,0.13,0.125,0.13,460000
CXL,20200508,0.7,0.71,0.69,0.69,199994
CXO,20200508,0.043,0.049,0.043,0.049,7475165
CXU,20200508,0.025,0.025,0.025,0.025,13872
CXX,20200508,0.036,0.036,0.035,0.035,16500
CXZ,20200508,0.016,0.016,0.016,0.016,27318
CY5,20200508,0.054,0.054,0.052,0.054,221027
CYL,20200508,3.06,3.28,2.85,3.12,128879
CYM,20200508,0.13,0.15,0.13,0.145,86677
CYP,20200508,0.87,0.9,0.7,0.705,2264686
CYQ,20200508,0.001,0.001,0.001,0.001,4500000
CZI,20200508,0.097,0.1,0.097,0.1,1253903
CZL,20200508,0.003,0.003,0.003,0.003,4851820
CZN,20200508,0.003,0.003,0.002,0.002,5000786
CZR,20200508,0.01,0.01,0.01,0.01,3338173
D2O,20200508,1.34,1.355,1.34,1.355,34852
DAF,20200508,0.017,0.017,0.017,0.017,1000
DAV,20200508,0.052,0.054,0.051,0.054,231819
DBF,20200508,1.115,1.15,1.115,1.15,29354
DCC,20200508,0.032,0.034,0.032,0.032,8531587
DCG,20200508,0.22,0.22,0.21,0.215,1001460
DCL,20200508,0.052,0.055,0.052,0.053,657186
DCN,20200508,0.385,0.405,0.38,0.385,8113520
DCX,20200508,0.004,0.004,0.004,0.004,100000
DDD,20200508,0.002,0.002,0.002,0.002,5099900
DDR,20200508,7.15,7.25,6.93,7.1,619610
DEG,20200508,0.36,0.385,0.36,0.375,10071317
DEM,20200508,0.185,0.215,0.18,0.18,360002
DEV,20200508,0.092,0.095,0.092,0.093,395033
DGH,20200508,1.155,1.155,1.155,1.155,1222
DGO,20200508,2,2.18,2,2,23991
DGR,20200508,0.06,0.065,0.06,0.065,1059060
DHG,20200508,2.91,2.98,2.85,2.97,3467971
DIV,20200508,19.05,19.46,19.05,19.46,8091
DJW,20200508,2.55,2.55,2.45,2.52,156388
DKM,20200508,0.145,0.155,0.145,0.145,372104
DMP,20200508,58.2,60.48,56.31,56.95,611687
DNA,20200508,0.037,0.039,0.036,0.039,180349
DNK,20200508,0.375,0.385,0.37,0.37,290373
DOR,20200508,0.023,0.023,0.023,0.023,25000
DOW,20200508,4.01,4.12,4,4.06,4855008
DRE,20200508,0.005,0.005,0.005,0.005,1348334
DRO,20200508,0.105,0.105,0.1,0.1,659093
DRX,20200508,0.007,0.008,0.007,0.008,1004107
DSE,20200508,0.053,0.053,0.05,0.05,206506
DTC,20200508,0.9,0.925,0.88,0.905,165419
DTI,20200508,0.028,0.028,0.028,0.028,500000
DTL,20200508,4.18,4.37,4.15,4.33,1083015
DTM,20200508,0.061,0.061,0.06,0.06,11197
DTS,20200508,0.12,0.12,0.115,0.115,123447
DTZ,20200508,0.05,0.059,0.048,0.059,834522
DUB,20200508,1.085,1.13,1.07,1.08,811322
DUI,20200508,4,4.05,3.99,4.01,63461
DVL,20200508,0.03,0.03,0.026,0.026,864807
DW8,20200508,0.006,0.006,0.006,0.006,988538
DWS,20200508,0.725,0.725,0.71,0.71,9982
DXB,20200508,0.27,0.28,0.265,0.275,1626262
DXN,20200508,0.011,0.012,0.011,0.011,3372199
DXS,20200508,8.74,9.02,8.64,8.85,5204084
DYL,20200508,0.267,0.267,0.26,0.26,98405
E25,20200508,0.195,0.195,0.195,0.195,80000
E2M,20200508,0.155,0.155,0.14,0.14,224991
EAF,20200508,1.205,1.205,1.2,1.2,215026
EAI,20200508,0.965,0.965,0.94,0.94,186013
EAS,20200508,0.75,0.795,0.75,0.795,7700
EAX,20200508,0.1,0.1,0.1,0.1,1124
EBO,20200508,21.04,21.04,20.77,20.77,448
ECF,20200508,0.87,0.905,0.865,0.905,532602
ECP,20200508,0.96,0.97,0.94,0.97,39910
ECS,20200508,0.031,0.032,0.03,0.031,287483
ECX,20200508,0.615,0.665,0.6,0.645,8059840
ED1,20200508,0.55,0.55,0.54,0.55,24525
EDE,20200508,0.036,0.037,0.036,0.036,935601
EEG,20200508,0.25,0.25,0.245,0.25,46023
EEU,20200508,15.92,15.92,15.92,15.92,1098
EFF,20200508,1.29,1.29,1.29,1.29,12500
EGD,20200508,2.51,2.51,2.48,2.48,21049
EGF,20200508,1.57,1.57,1.57,1.57,52718
EGH,20200508,0.3,0.31,0.297,0.31,367906
EGI,20200508,0.96,0.97,0.96,0.97,150274
EGN,20200508,0.41,0.41,0.41,0.41,13187
EGY,20200508,0.2,0.2,0.2,0.2,14891
EHE,20200508,1.44,1.52,1.415,1.495,1232757
EHL,20200508,1.065,1.08,0.997,1,3167040
EHX,20200508,0.081,0.084,0.081,0.084,57119
ELD,20200508,9.15,9.28,9.07,9.22,2236113
ELO,20200508,8.03,8.05,7.88,7.91,57602
ELS,20200508,0.42,0.42,0.4,0.405,354420
ELT,20200508,0.003,0.003,0.003,0.003,1678350
ELX,20200508,0.5,0.515,0.495,0.515,103288
EM1,20200508,0.008,0.012,0.008,0.009,14408653
EMD,20200508,0.061,0.061,0.061,0.061,3200
EMH,20200508,0.205,0.21,0.205,0.21,60357
EML,20200508,3.33,3.46,3.31,3.41,6680829
EMN,20200508,0.072,0.072,0.072,0.072,11604
EMR,20200508,0.49,0.505,0.49,0.49,188267
EMT,20200508,0.011,0.011,0.01,0.01,1850000
EMV,20200508,0.865,0.92,0.855,0.92,249312
EN1,20200508,0.011,0.011,0.011,0.011,3829248
ENE,20200508,0.044,0.05,0.044,0.05,385140
ENN,20200508,0.94,1,0.935,0.98,444664
ENR,20200508,0.11,0.11,0.11,0.11,90158
ENT,20200508,0.014,0.017,0.014,0.015,23528308
EOF,20200508,3.04,3.04,2.85,2.87,179532
EOL,20200508,2.69,2.82,2.69,2.81,13062
EOS,20200508,4.74,4.77,4.62,4.66,1109679
EPD,20200508,0.335,0.335,0.335,0.335,4439
EPM,20200508,0.009,0.009,0.009,0.009,12187496
EQE,20200508,0.007,0.007,0.006,0.006,1557949
EQT,20200508,20.79,21.9,20.62,21.77,26411
EQX,20200508,0.24,0.25,0.24,0.25,60066
ERA,20200508,0.165,0.17,0.165,0.17,37219
ERF,20200508,0.76,0.79,0.76,0.79,231994
ERL,20200508,0.009,0.009,0.009,0.009,41750
ERM,20200508,0.091,0.095,0.091,0.093,413138
ERX,20200508,0.06,0.063,0.056,0.06,8587246
ESH,20200508,0.007,0.007,0.007,0.007,2798205
ESR,20200508,0.009,0.009,0.009,0.009,100000
ETF,20200508,18.1,18.24,18.1,18.21,3406
EUC,20200508,0.017,0.017,0.017,0.017,125351
EUR,20200508,0.045,0.045,0.045,0.045,40000
EVE,20200508,0.005,0.006,0.005,0.006,1945273
EVN,20200508,5.43,5.46,5.31,5.39,9191338
EVO,20200508,0.08,0.081,0.08,0.08,277105
EVS,20200508,0.115,0.12,0.112,0.115,1194584
EVT,20200508,7.5,7.61,7.5,7.54,117864
EVZ,20200508,0.08,0.08,0.08,0.08,10000
EWC,20200508,0.074,0.074,0.072,0.072,52525
EX1,20200508,0.21,0.22,0.21,0.215,131277
EXL,20200508,0.315,0.335,0.31,0.325,494949
EXP,20200508,0.095,0.1,0.095,0.099,206550
EXR,20200508,0.029,0.029,0.026,0.026,708005
EZL,20200508,0.85,0.86,0.84,0.85,25863
FAM,20200508,0.027,0.03,0.024,0.027,1585995
FAR,20200508,0.015,0.015,0.014,0.015,21891543
FAU,20200508,0.007,0.007,0.007,0.007,127650
FBR,20200508,0.024,0.024,0.023,0.023,1760936
FBU,20200508,3.26,3.29,3.19,3.19,1073028
FCL,20200508,3.15,3.15,3.06,3.09,345231
FCT,20200508,0.075,0.076,0.075,0.075,12234
FDV,20200508,0.97,1.01,0.96,0.995,286380
FEL,20200508,0.011,0.012,0.011,0.012,178863
FEX,20200508,0.05,0.05,0.05,0.05,20000
FFG,20200508,0.008,0.008,0.008,0.008,3084127
FFI,20200508,5.3,5.3,5.3,5.3,1800
FFL,20200508,0.23,0.23,0.225,0.225,42000
FFR,20200508,0.032,0.032,0.032,0.032,12385
FGG,20200508,1.11,1.125,1.105,1.115,554142
FGO,20200508,0.001,0.001,0.001,0.001,1155000
FGR,20200508,0.13,0.135,0.125,0.13,543272
FGX,20200508,0.905,0.91,0.905,0.91,259491
FHS,20200508,0.028,0.028,0.026,0.026,165268
FID,20200508,4.5,4.59,4.5,4.59,485
FIJ,20200508,0.068,0.068,0.068,0.068,565
FLC,20200508,0.28,0.285,0.275,0.285,93179
FLN,20200508,0.39,0.405,0.39,0.4,306171
FLT,20200508,10.25,10.83,10.1,10.76,4147856
FMG,20200508,11.65,12.08,11.61,12.04,11981676
FML,20200508,0.25,0.25,0.245,0.245,60894
FMS,20200508,0.024,0.025,0.023,0.025,1123302
FNP,20200508,4.5,4.59,4.4,4.55,430068
FNT,20200508,0.009,0.009,0.008,0.009,3639010
FOD,20200508,0.062,0.062,0.061,0.062,368802
FOR,20200508,0.77,0.79,0.77,0.79,156225
FPC,20200508,0.795,0.845,0.795,0.845,62328
FPH,20200508,27.66,28,27.2,28,563263
FPL,20200508,0.004,0.005,0.004,0.005,7028693
FRI,20200508,0.625,0.625,0.615,0.615,11692
FRN,20200508,0.032,0.033,0.028,0.028,12909982
FSA,20200508,0.86,0.87,0.86,0.87,10350
FSF,20200508,3.37,3.4,3.34,3.36,5784
FSG,20200508,0.024,0.029,0.023,0.028,511570
FTC,20200508,0.079,0.079,0.079,0.079,6000
FTT,20200508,0.003,0.003,0.003,0.003,3340397
FUN,20200508,0.017,0.017,0.017,0.017,1041
FWD,20200508,1.465,1.465,1.435,1.435,3708
FXL,20200508,0.945,1.1,0.94,1.08,6927411
FYI,20200508,0.06,0.06,0.054,0.054,202540
FZO,20200508,0.145,0.145,0.14,0.14,336559
G1A,20200508,0.24,0.24,0.23,0.235,118208
G88,20200508,0.027,0.039,0.027,0.033,3418434
GAL,20200508,0.25,0.26,0.25,0.25,1237124
GAP,20200508,0.14,0.16,0.14,0.15,200000
GAS,20200508,0.37,0.395,0.37,0.395,5000
GBP,20200508,0.025,0.025,0.025,0.025,15000
GBR,20200508,0.033,0.033,0.03,0.03,193000
GBZ,20200508,0.079,0.079,0.075,0.075,38863
GC1,20200508,0.625,0.625,0.57,0.61,101811
GCI,20200508,1.69,1.7,1.69,1.7,56298
GDF,20200508,0.9,0.91,0.89,0.9,190499
GDG,20200508,0.61,0.64,0.605,0.615,207851
GDI,20200508,1.01,1.06,1.005,1.04,10070461
GDX,20200508,54.2,54.37,53.62,53.91,84442
GEM,20200508,0.89,0.932,0.88,0.91,11388248
GEV,20200508,0.06,0.06,0.06,0.06,187679
GFL,20200508,1.795,1.795,1.795,1.795,295
GGE,20200508,0.004,0.004,0.004,0.004,1348972
GGG,20200508,0.12,0.12,0.115,0.115,889721
GGX,20200508,0.002,0.002,0.002,0.002,2000000
GIB,20200508,0.048,0.048,0.039,0.039,217035
GLA,20200508,0.001,0.001,0.001,0.001,7700000
GLB,20200508,1.18,1.18,1.18,1.18,500
GLE,20200508,0.1,0.12,0.1,0.1,25968
GLL,20200508,0.37,0.38,0.355,0.38,164410
GLN,20200508,0.155,0.16,0.145,0.155,296630
GMA,20200508,2.01,2.105,1.995,2.05,1214200
GMD,20200508,0.034,0.037,0.034,0.036,6156805
GME,20200508,0.04,0.04,0.04,0.04,50000
GMG,20200508,14.58,14.655,14.31,14.36,6783435
GML,20200508,0.011,0.011,0.01,0.01,3768016
GMN,20200508,0.049,0.05,0.047,0.047,462558
GMR,20200508,0.006,0.006,0.006,0.006,12392
GMV,20200508,0.081,0.086,0.08,0.083,15589355
GNC,20200508,3.5,3.69,3.46,3.6,1694075
GNE,20200508,2.75,2.76,2.67,2.7,54170
GNG,20200508,0.66,0.66,0.66,0.66,1070
GNX,20200508,0.185,0.19,0.185,0.185,78708
GO2,20200508,0.037,0.047,0.037,0.047,5389304
GOR,20200508,1.57,1.59,1.525,1.54,9421578
GOW,20200508,1.335,1.335,1.335,1.335,420
GOZ,20200508,3,3,2.89,2.93,1443241
GPR,20200508,0.37,0.37,0.36,0.37,159528
GPT,20200508,3.89,4.05,3.87,4.01,6521648
GRB,20200508,0.054,0.055,0.052,0.053,1948139
GRL,20200508,0.15,0.17,0.15,0.16,42235
GRR,20200508,0.23,0.235,0.22,0.235,2901341
GSM,20200508,0.15,0.15,0.135,0.135,43173
GSN,20200508,0.051,0.061,0.05,0.052,2279148
GSS,20200508,2.07,2.14,2.02,2.08,295221
GSW,20200508,0.85,0.865,0.825,0.845,128456
GTE,20200508,0.002,0.002,0.001,0.002,6250000
GTG,20200508,0.006,0.006,0.005,0.006,1747223
GTK,20200508,1.385,1.385,1.36,1.37,9350
GTN,20200508,0.377,0.377,0.375,0.375,4151
GTR,20200508,0.023,0.023,0.021,0.022,12433049
GUD,20200508,8.79,8.93,8.75,8.88,434820
GUL,20200508,0.06,0.06,0.06,0.06,70000
GVF,20200508,0.93,0.93,0.93,0.93,57199
GWA,20200508,2.55,2.65,2.55,2.61,635476
GXY,20200508,0.735,0.75,0.73,0.745,2906833
HAS,20200508,0.058,0.064,0.058,0.063,1517692
HAV,20200508,0.096,0.096,0.093,0.093,26676
HAW,20200508,0.135,0.135,0.135,0.135,46462
HCD,20200508,0.028,0.028,0.028,0.028,26687
HCH,20200508,0.019,0.02,0.019,0.019,1104516
HCT,20200508,0.18,0.185,0.175,0.18,2036015
HE8,20200508,0.086,0.086,0.082,0.086,75185
HFR,20200508,0.35,0.355,0.35,0.355,38193
HIL,20200508,0.18,0.19,0.18,0.18,327227
HIT,20200508,1.5,1.555,1.495,1.54,45500
HLA,20200508,0.78,0.787,0.777,0.777,8987
HLO,20200508,1.5,1.555,1.48,1.48,692242
HLS,20200508,2.53,2.56,2.5,2.54,1747119
HLX,20200508,0.008,0.008,0.008,0.008,56500
HM1,20200508,2.79,2.88,2.78,2.88,374906
HMC,20200508,2.79,2.85,2.75,2.8,151439
HMD,20200508,0.13,0.135,0.11,0.11,327935
HMX,20200508,0.023,0.024,0.022,0.022,1296525
HPI,20200508,2.5,2.58,2.5,2.56,307315
HPR,20200508,0.07,0.07,0.07,0.07,500000
HRN,20200508,0.22,0.22,0.22,0.22,80000
HRR,20200508,0.043,0.043,0.04,0.04,36658
HRZ,20200508,0.079,0.08,0.077,0.08,1691080
HSC,20200508,0.005,0.005,0.005,0.005,623051
HSN,20200508,2.84,2.98,2.83,2.97,360456
HT1,20200508,1.13,1.245,1.11,1.17,269202
HT8,20200508,0.031,0.031,0.026,0.031,1468893
HTA,20200508,0.16,0.165,0.15,0.15,550418
HTG,20200508,0.14,0.145,0.14,0.145,151531
HUB,20200508,10.49,10.49,10.13,10.36,211448
HUO,20200508,3.28,3.6,3.28,3.6,11840
HVM,20200508,0.22,0.22,0.22,0.22,4500
HVN,20200508,2.94,3.09,2.92,3.03,10035927
HWH,20200508,0.027,0.029,0.026,0.026,583715
HWK,20200508,0.008,0.008,0.008,0.008,2850778
HXG,20200508,0.065,0.066,0.065,0.066,9000
HYD,20200508,0.1,0.105,0.1,0.105,126012
HZN,20200508,0.05,0.052,0.05,0.051,1730595
HZR,20200508,0.415,0.425,0.415,0.42,71277
IAA,20200508,91.69,91.69,90.66,91.24,14249
IAF,20200508,116.06,116.24,116.06,116.18,14064
IAG,20200508,5.31,5.33,5.25,5.28,6723270
IAP,20200508,1.03,1.055,1.01,1.04,2469694
IBC,20200508,0.42,0.42,0.41,0.41,123103
IBG,20200508,0.009,0.009,0.008,0.008,2056293
IBX,20200508,0.018,0.02,0.018,0.019,14405601
ICE,20200508,0.155,0.16,0.155,0.155,23870
ICG,20200508,0.001,0.001,0.001,0.001,270000
ICN,20200508,0.01,0.01,0.01,0.01,3800
ICQ,20200508,0.2,0.22,0.2,0.22,1053098
ICS,20200508,1.815,1.85,1.815,1.85,4665
IDT,20200508,0.16,0.165,0.155,0.155,129447
IDX,20200508,3.34,3.51,3.27,3.45,715856
IDZ,20200508,0.005,0.005,0.004,0.004,1010981
IEL,20200508,15.65,15.68,15.27,15.42,839158
IEM,20200508,55.83,56.19,54.92,55.94,63287
IEU,20200508,56.77,56.95,56.65,56.92,19478
IFL,20200508,4.23,4.53,4.22,4.43,1943681
IFM,20200508,1.58,1.595,1.55,1.57,1015807
IFN,20200508,0.51,0.52,0.505,0.505,1457665
IFT,20200508,4.44,4.44,4.4,4.4,6084
IGB,20200508,114.79,114.85,114.75,114.8,2127
IGL,20200508,0.695,0.765,0.685,0.765,980785
IGN,20200508,0.02,0.02,0.02,0.02,20875
IGO,20200508,4.67,4.75,4.48,4.54,3450390
IHD,20200508,10.86,10.94,10.86,10.92,29210
IHL,20200508,0.052,0.052,0.051,0.051,1589378
IHR,20200508,0.065,0.065,0.065,0.065,100000
IJH,20200508,250.83,252.58,246.34,252,3110
IJP,20200508,79.37,80.77,79.33,80.22,10447
IJR,20200508,95,95.65,94.91,95.6,1756
IKO,20200508,80.8,81.59,80.7,80.7,1935
ILB,20200508,123.23,124.5,123.23,124.5,2669
ILC,20200508,20.96,21.01,20.9,20.91,17229
ILU,20200508,7.5,7.52,7.2,7.3,3043711
IMA,20200508,0.16,0.16,0.15,0.155,412063
IMC,20200508,0.081,0.082,0.081,0.082,84460
IMD,20200508,1.05,1.082,1.04,1.04,577517
IME,20200508,0.031,0.031,0.03,0.031,2565227
IMM,20200508,0.14,0.145,0.135,0.14,2185412
IMR,20200508,1.12,1.255,1.12,1.255,86820
IMS,20200508,0.003,0.003,0.003,0.003,1470175
IMU,20200508,0.029,0.03,0.028,0.028,8492932
INA,20200508,3.62,3.72,3.59,3.61,1259456
ING,20200508,3.2,3.27,3.19,3.19,1652748
INP,20200508,0.01,0.01,0.01,0.01,45000
INR,20200508,0.125,0.135,0.125,0.125,3153281
IOD,20200508,0.12,0.135,0.12,0.12,143285
IOO,20200508,75.99,76.49,75.96,76.46,32866
IOZ,20200508,22.12,22.22,21.6,21.6,274317
IP1,20200508,0.008,0.008,0.007,0.007,168344
IPD,20200508,0.04,0.041,0.039,0.04,2285643
IPH,20200508,7.2,7.4,7.2,7.25,872523
IPL,20200508,2.2,2.26,2.18,2.19,8260239
IPT,20200508,0.016,0.016,0.013,0.013,40736487
IRE,20200508,10.8,11.03,10.79,10.92,477748
IRI,20200508,3.2,3.25,3.17,3.21,224390
ISD,20200508,0.14,0.155,0.14,0.145,136042
ISO,20200508,4.185,4.2,4.18,4.19,109900
ISU,20200508,0.21,0.21,0.205,0.205,23659
ITG,20200508,0.265,0.292,0.265,0.285,84446
IVC,20200508,10.5,11.13,10.42,10.93,1337255
IVE,20200508,86.99,86.99,86.26,86.79,5994
IVR,20200508,0.012,0.012,0.011,0.012,3193218
IVV,20200508,446.43,448.85,445.7,448.63,11824
IVX,20200508,0.009,0.009,0.008,0.009,1224722
IXC,20200508,1.37,1.425,1.37,1.4,22950
IXI,20200508,77.71,77.71,76.22,76.84,4357
IXJ,20200508,105.49,105.49,103.85,104.49,223806
IXR,20200508,0.005,0.006,0.005,0.006,429000
IZZ,20200508,59,59.55,59,59.55,5866
JAN,20200508,0.29,0.29,0.28,0.28,118500
JAT,20200508,0.047,0.049,0.046,0.046,2386724
JBH,20200508,34.29,35.58,34.18,35.26,618225
JCS,20200508,0.034,0.035,0.034,0.034,125721
JHC,20200508,0.535,0.58,0.535,0.56,1156223
JHG,20200508,28.35,29.16,28.35,29.08,322922
JHL,20200508,0.025,0.025,0.025,0.025,180000
JHX,20200508,21.8,21.96,21.48,21.63,1121849
JIN,20200508,12.6,13.15,12.47,13.15,669691
JLG,20200508,2.23,2.3,2.21,2.24,598633
JMS,20200508,0.27,0.28,0.27,0.28,2227259
JPR,20200508,0.038,0.04,0.033,0.033,728355
JRV,20200508,0.205,0.207,0.205,0.205,210897
JYC,20200508,0.93,0.93,0.93,0.93,1000
K2F,20200508,0.2,0.22,0.2,0.22,258180
KAI,20200508,0.012,0.012,0.011,0.012,3525114
KAR,20200508,0.565,0.587,0.56,0.575,3521366
KAS,20200508,0.012,0.013,0.012,0.013,160000
KAT,20200508,0.65,0.65,0.65,0.65,15000
KAU,20200508,0.3,0.305,0.26,0.265,1673745
KCN,20200508,0.4,0.4,0.39,0.4,138259
KEY,20200508,0.004,0.004,0.004,0.004,75000
KFE,20200508,0.033,0.034,0.032,0.033,861704
KGL,20200508,0.165,0.165,0.165,0.165,38292
KGM,20200508,0.009,0.01,0.008,0.01,126220
KGN,20200508,8.59,8.85,8.52,8.7,1138117
KIN,20200508,0.072,0.079,0.072,0.075,186855
KKC,20200508,1.71,1.71,1.68,1.68,467265
KLA,20200508,65.3,66.2,65.3,65.75,891
KMD,20200508,0.895,0.91,0.85,0.875,6408912
KME,20200508,0.935,0.99,0.93,0.93,50757
KMT,20200508,0.005,0.006,0.005,0.005,3476696
KNM,20200508,0.017,0.018,0.017,0.018,108334
KNO,20200508,0.068,0.068,0.06,0.06,31844
KOV,20200508,3.7,3.7,3.7,3.7,1250
KP2,20200508,0.014,0.014,0.014,0.014,104896
KPG,20200508,0.835,0.835,0.835,0.835,3000
KPO,20200508,0.026,0.028,0.026,0.027,1547876
KPT,20200508,0.92,0.92,0.92,0.92,2000
KRM,20200508,0.036,0.036,0.034,0.035,959124
KRR,20200508,0.053,0.053,0.05,0.05,2695506
KSL,20200508,0.885,0.89,0.875,0.89,151600
KSN,20200508,0.14,0.16,0.135,0.16,674564
KSS,20200508,0.18,0.18,0.16,0.17,1421649
KTA,20200508,0.031,0.034,0.031,0.034,796391
KTG,20200508,0.12,0.135,0.115,0.135,313169
KWR,20200508,0.155,0.16,0.14,0.155,149461
KYK,20200508,0.075,0.08,0.075,0.076,533456
KZA,20200508,0.405,0.405,0.385,0.385,423812
KZR,20200508,0.455,0.49,0.455,0.47,377421
LAU,20200508,0.355,0.36,0.35,0.35,370000
LAW,20200508,0.041,0.044,0.039,0.039,151277
LBL,20200508,0.45,0.45,0.42,0.45,56028
LBT,20200508,0.115,0.115,0.11,0.115,250317
LCK,20200508,0.091,0.093,0.089,0.089,149536
LCL,20200508,0.051,0.055,0.048,0.055,742608
LCM,20200508,0.145,0.145,0.13,0.13,12615
LCT,20200508,0.013,0.013,0.013,0.013,136196
LCY,20200508,0.002,0.002,0.002,0.002,490023
LEG,20200508,0.175,0.18,0.175,0.175,1365617
LEP,20200508,4.1,4.135,4.07,4.1,133984
LEX,20200508,0.165,0.17,0.165,0.17,18805
LGP,20200508,0.325,0.365,0.325,0.335,300297
LI3,20200508,0.019,0.019,0.018,0.019,1687236
LIC,20200508,7.71,7.93,7.58,7.69,219470
LIN,20200508,0.012,0.013,0.012,0.012,4682141
LIT,20200508,0.054,0.054,0.049,0.051,3029567
LKE,20200508,0.035,0.037,0.033,0.033,2363120
LLC,20200508,11.38,11.6,11.08,11.22,3721031
LNK,20200508,3.52,3.57,3.49,3.52,6967919
LNU,20200508,0.012,0.013,0.012,0.012,2442766
LOM,20200508,0.052,0.053,0.051,0.053,413453
LON,20200508,0.13,0.15,0.13,0.15,197059
LOT,20200508,0.072,0.073,0.071,0.072,620183
LOV,20200508,7.5,7.65,7.24,7.43,627339
LPD,20200508,0.008,0.008,0.007,0.008,1422500
LPE,20200508,0.245,0.26,0.225,0.255,218226
LPI,20200508,0.145,0.145,0.135,0.14,157160
LRS,20200508,0.003,0.003,0.003,0.003,20000
LRT,20200508,0.64,0.64,0.64,0.64,35000
LSA,20200508,0.005,0.005,0.005,0.005,461667
LSF,20200508,1.08,1.09,1.065,1.07,1695046
LSH,20200508,0.028,0.034,0.027,0.033,238111
LSR,20200508,0.006,0.006,0.006,0.006,1498760
LSX,20200508,0.42,0.42,0.42,0.42,21901
LTR,20200508,0.115,0.12,0.11,0.12,3212218
LVH,20200508,0.23,0.23,0.22,0.22,254556
LVT,20200508,0.23,0.235,0.22,0.235,2545758
LYC,20200508,1.81,1.812,1.73,1.74,4547700
LYL,20200508,4.25,4.28,4.25,4.28,651
M7T,20200508,0.59,0.61,0.575,0.58,317761
MA1,20200508,0.985,0.985,0.98,0.98,55075
MAD,20200508,0.8,0.8,0.795,0.8,20033
MAG,20200508,0.29,0.29,0.26,0.265,1367247
MAH,20200508,0.22,0.22,0.215,0.22,1258276
MAI,20200508,0.4,0.415,0.4,0.405,67645
MAM,20200508,0.3,0.3,0.3,0.3,7000
MAN,20200508,0.02,0.023,0.02,0.023,8829772
MAQ,20200508,27.78,27.78,27.2,27.45,3125
MAR,20200508,0.062,0.062,0.062,0.062,19000
MAT,20200508,0.115,0.12,0.11,0.12,561402
MAU,20200508,0.77,0.775,0.765,0.765,36092
MAY,20200508,0.006,0.006,0.006,0.006,500000
MBK,20200508,0.008,0.008,0.008,0.008,200000
MCA,20200508,0.12,0.12,0.115,0.115,24999
MCP,20200508,2.77,2.8,2.7,2.73,268919
MCR,20200508,0.625,0.63,0.615,0.625,189066
MCX,20200508,0.066,0.066,0.066,0.066,25000
MCY,20200508,4.4,4.5,4.39,4.5,9523
MDC,20200508,0.23,0.232,0.225,0.225,132805
MDI,20200508,0.014,0.015,0.012,0.012,50621169
MDR,20200508,0.59,0.6,0.58,0.58,655966
MEA,20200508,0.19,0.19,0.185,0.185,55165
MEB,20200508,0.008,0.008,0.007,0.007,2507354
MEC,20200508,0.835,0.835,0.83,0.83,35084
MEI,20200508,0.017,0.017,0.015,0.017,7256472
MEL,20200508,0.021,0.021,0.021,0.021,230000
MEM,20200508,0.063,0.066,0.061,0.061,1466887
MEP,20200508,0.044,0.044,0.042,0.043,592205
MEU,20200508,0.042,0.044,0.04,0.042,2607032
MEZ,20200508,4.32,4.45,4.32,4.4,17253
MFD,20200508,0.72,0.74,0.72,0.73,11441
MFF,20200508,2.89,2.91,2.85,2.85,230286
MFG,20200508,54.39,55.15,53.4,55,539185
MGC,20200508,0.445,0.445,0.445,0.445,30170
MGE,20200508,4.01,4.04,3.95,4.02,964335
MGG,20200508,1.785,1.805,1.77,1.78,754935
MGL,20200508,0.016,0.016,0.016,0.016,30000
MGR,20200508,2.2,2.25,2.18,2.19,10032120
MGT,20200508,0.002,0.002,0.001,0.001,1037500
MGV,20200508,0.115,0.12,0.115,0.12,1174793
MGX,20200508,0.615,0.635,0.615,0.625,2081862
MHC,20200508,0.01,0.01,0.009,0.009,9712782
MHG,20200508,3.32,3.33,3.31,3.33,563139
MHH,20200508,1.435,1.455,1.43,1.44,562299
MHJ,20200508,0.33,0.345,0.32,0.335,26469
MIL,20200508,0.28,0.29,0.28,0.29,38500
MIN,20200508,16.91,17.1,16.78,17,956920
MIO,20200508,0.15,0.15,0.13,0.13,43600
MIR,20200508,2.15,2.15,2.1,2.11,50508
MKG,20200508,0.055,0.055,0.055,0.055,54545
MLD,20200508,0.785,0.805,0.745,0.76,278779
MLL,20200508,0.07,0.07,0.066,0.066,104317
MLM,20200508,0.011,0.011,0.011,0.011,50000
MLS,20200508,0.001,0.001,0.001,0.001,2070000
MLT,20200508,3.82,3.86,3.81,3.84,219285
MLX,20200508,0.083,0.092,0.083,0.091,4834736
MME,20200508,1.05,1.07,1.02,1.045,80352
MMI,20200508,0.097,0.1,0.097,0.098,463030
MMJ,20200508,0.125,0.125,0.12,0.12,205844
MML,20200508,0.705,0.73,0.7,0.7,608987
MMM,20200508,1.22,1.22,1.135,1.155,2386952
MMS,20200508,6.95,7.47,6.95,7.31,512156
MND,20200508,10.2,10.72,10.18,10.68,603517
MNF,20200508,4.93,4.94,4.8,4.88,164425
MNS,20200508,0.051,0.061,0.051,0.058,1309056
MNW,20200508,0.005,0.005,0.004,0.004,949584
MNY,20200508,1.48,1.52,1.45,1.485,527914
MOB,20200508,0.05,0.05,0.05,0.05,7500
MOC,20200508,0.66,0.68,0.65,0.66,175862
MOE,20200508,2.81,2.91,2.7,2.72,342109
MOH,20200508,0.067,0.07,0.066,0.066,451119
MOQ,20200508,0.155,0.18,0.152,0.152,38875
MOT,20200508,1.72,1.76,1.7,1.72,293776
MOZ,20200508,0.71,0.735,0.7,0.705,403855
MP1,20200508,13.85,14.5,13.8,14.1,795004
MPL,20200508,2.85,2.86,2.79,2.83,14233735
MPP,20200508,0.18,0.18,0.18,0.18,700
MPW,20200508,0.036,0.036,0.036,0.036,69000
MQG,20200508,98.55,106.2,98,105.19,2234281
MRG,20200508,0.014,0.02,0.014,0.014,11226808
MRM,20200508,0.075,0.078,0.073,0.075,208918
MRQ,20200508,0.006,0.007,0.006,0.006,884334
MSB,20200508,3.48,3.58,3.41,3.44,7371224
MSE,20200508,0.009,0.009,0.009,0.009,85689
MSG,20200508,0.015,0.016,0.015,0.015,221018
MSM,20200508,0.013,0.016,0.012,0.016,1918546
MSV,20200508,0.385,0.395,0.382,0.395,163669
MTB,20200508,0.002,0.002,0.002,0.002,442858
MTC,20200508,0.125,0.135,0.125,0.135,535525
MTH,20200508,0.009,0.01,0.008,0.008,9564792
MTO,20200508,0.845,0.85,0.755,0.82,184196
MTS,20200508,2.34,2.37,2.305,2.32,5421357
MVA,20200508,17.17,17.92,17.17,17.6,27562
MVB,20200508,17.5,18.02,17.5,17.84,41607
MVE,20200508,24.65,24.65,24.57,24.64,33757
MVF,20200508,0.55,0.575,0.535,0.54,2251678
MVP,20200508,7.5,8.05,7.49,7.79,473703
MVR,20200508,24.95,24.95,24.85,24.88,264167
MVS,20200508,16.3,16.35,16.28,16.32,4456
MVW,20200508,25,25.06,24.89,24.9,48640
MWR,20200508,0.09,0.09,0.089,0.089,181323
MWY,20200508,0.915,0.92,0.9,0.9,77233
MX1,20200508,0.14,0.142,0.135,0.135,1073192
MXI,20200508,0.145,0.145,0.14,0.14,9552
MXR,20200508,0.029,0.032,0.029,0.031,141117
MXT,20200508,1.88,1.9,1.84,1.895,585005
MYE,20200508,0.72,0.75,0.705,0.705,53457
MYL,20200508,0.042,0.043,0.042,0.043,681239
MYQ,20200508,0.165,0.165,0.165,0.165,80405
MYR,20200508,0.205,0.29,0.205,0.29,40366865
MYS,20200508,3.75,3.84,3.75,3.75,78335
MYX,20200508,0.43,0.447,0.425,0.425,5983394
MZZ,20200508,0.215,0.22,0.215,0.215,540150
NAB,20200508,16.49,16.53,15.99,16.08,12719481
NAC,20200508,0.68,0.68,0.63,0.63,85448
NAG,20200508,0.051,0.051,0.05,0.051,365310
NAM,20200508,0.31,0.31,0.31,0.31,100193
NAN,20200508,6.85,6.98,6.77,6.88,1010954
NBI,20200508,1.62,1.645,1.555,1.57,577445
NCC,20200508,0.8,0.8,0.78,0.78,24089
NCK,20200508,4.62,4.94,4.62,4.89,231242
NCL,20200508,0.025,0.025,0.025,0.025,20000
NCM,20200508,28.66,28.75,27.53,27.6,4667555
NCZ,20200508,0.19,0.197,0.185,0.195,3482848
NDQ,20200508,23.9,24.01,23.86,24.01,230739
NEA,20200508,1.715,1.76,1.64,1.655,5465788
NEC,20200508,1.4,1.425,1.395,1.4,4776547
NES,20200508,0.045,0.045,0.042,0.042,515454
NET,20200508,0.046,0.046,0.043,0.045,946766
NEU,20200508,1.7,1.75,1.64,1.69,88888
NEW,20200508,1.03,1.03,1.015,1.03,484306
NGE,20200508,0.455,0.455,0.455,0.455,17454
NGI,20200508,1.265,1.31,1.25,1.275,831219
NHC,20200508,1.45,1.495,1.4,1.41,2726938
NHF,20200508,4.92,4.97,4.85,4.92,1363497
NIC,20200508,0.575,0.6,0.575,0.59,5532110
NML,20200508,0.115,0.125,0.115,0.125,1667524
NMT,20200508,0.155,0.16,0.15,0.16,306687
NOR,20200508,0.027,0.028,0.025,0.027,94464
NOV,20200508,0.165,0.18,0.165,0.18,116717
NSB,20200508,0.19,0.2,0.19,0.195,66774
NSC,20200508,0.47,0.495,0.465,0.49,48595
NSR,20200508,1.59,1.617,1.58,1.59,7230412
NST,20200508,13.12,13.2,12.94,13.03,4060660
NSX,20200508,0.12,0.12,0.12,0.12,16500
NTD,20200508,0.265,0.265,0.255,0.265,60457
NTI,20200508,0.007,0.007,0.006,0.007,232608
NTL,20200508,0.006,0.006,0.006,0.006,45714
NTO,20200508,1.435,1.55,1.435,1.525,258238
NTU,20200508,0.023,0.023,0.022,0.022,2958115
NUC,20200508,3.1,3.16,3.1,3.11,48984
NUF,20200508,5.15,5.3,5.14,5.22,1477297
NUH,20200508,0.017,0.018,0.016,0.018,5385654
NUS,20200508,0.265,0.275,0.265,0.265,216065
NVA,20200508,0.051,0.052,0.049,0.049,3319540
NVO,20200508,0.008,0.008,0.008,0.008,1539857
NVU,20200508,0.083,0.097,0.083,0.093,681416
NVX,20200508,0.355,0.355,0.32,0.32,35415
NWC,20200508,0.015,0.015,0.014,0.015,611111
NWE,20200508,0.002,0.002,0.002,0.002,786
NWH,20200508,1.465,1.57,1.465,1.52,3348860
NWL,20200508,7.88,7.88,7.7,7.8,450047
NWS,20200508,15.85,16.53,15.65,16.36,337436
NXS,20200508,1.8,1.85,1.755,1.78,170387
NXT,20200508,9.5,9.64,9.39,9.56,4969388
NYR,20200508,0.175,0.175,0.17,0.17,25000
NZK,20200508,1.82,1.85,1.82,1.85,964
NZM,20200508,0.19,0.19,0.185,0.185,14803
NZS,20200508,0.016,0.016,0.015,0.015,184998
OAR,20200508,0.002,0.002,0.002,0.002,2271845
OAU,20200508,0.018,0.018,0.018,0.018,8000
OBL,20200508,4,4.22,3.98,4.1,733890
OBM,20200508,0.18,0.195,0.18,0.185,1959953
OCA,20200508,0.71,0.71,0.71,0.71,2500
OCC,20200508,0.33,0.355,0.33,0.35,805376
OCL,20200508,6.39,6.42,6.36,6.42,23656
ODA,20200508,0.1,0.105,0.1,0.105,2588
ODM,20200508,0.033,0.033,0.033,0.033,569468
OEC,20200508,0.84,0.93,0.84,0.93,414758
OEL,20200508,0.006,0.007,0.006,0.006,1099728
OFX,20200508,1.285,1.347,1.285,1.345,261068
OGA,20200508,0.097,0.097,0.097,0.097,13187
OGC,20200508,2.73,2.78,2.68,2.73,492592
OIL,20200508,0.04,0.045,0.04,0.044,1777414
OKJ,20200508,0.032,0.032,0.032,0.032,16000
OKR,20200508,0.14,0.14,0.14,0.14,20000
OKU,20200508,0.32,0.335,0.32,0.33,1664582
OLI,20200508,0.048,0.049,0.047,0.049,365800
OLL,20200508,0.22,0.23,0.21,0.21,821151
OMH,20200508,0.345,0.36,0.345,0.36,1560
OML,20200508,1.055,1.13,1.04,1.055,7231099
ONE,20200508,0.045,0.049,0.044,0.045,151679
ONT,20200508,5.1,5.1,4.99,5.07,21434
ONX,20200508,0.05,0.052,0.05,0.051,49473
OOO,20200508,2.93,3,2.91,2.99,2027710
OPC,20200508,4.51,4.7,4.45,4.66,60014
OPH,20200508,2.28,2.29,2.28,2.285,224264
OPT,20200508,2.9,2.95,2.84,2.9,323606
OPY,20200508,1.15,1.17,1.115,1.14,484034
ORA,20200508,2.48,2.54,2.38,2.39,9529804
ORE,20200508,2.08,2.1,2.02,2.03,2267654
ORG,20200508,5.55,5.67,5.48,5.53,4160998
ORI,20200508,17.4,17.43,16.22,16.26,1783282
ORN,20200508,0.016,0.016,0.016,0.016,78852
OSH,20200508,2.91,2.97,2.86,2.87,11296512
OSL,20200508,0.105,0.112,0.1,0.105,9314424
OSP,20200508,0.009,0.009,0.008,0.009,4022982
OSX,20200508,0.57,0.585,0.565,0.575,20177
OTW,20200508,2.75,2.75,2.66,2.66,54317
OVH,20200508,0.235,0.24,0.23,0.24,179809
OVN,20200508,0.26,0.265,0.25,0.255,1186911
OVT,20200508,0.016,0.017,0.016,0.016,344207
OZF,20200508,13.64,13.71,13.64,13.68,2638
OZL,20200508,8.75,8.92,8.65,8.69,1305785
OZR,20200508,9.9,9.9,9.84,9.9,8227
PAB,20200508,0.012,0.012,0.011,0.012,1452620
PAC,20200508,4.85,4.94,4.82,4.94,47218
PAF,20200508,0.69,0.69,0.68,0.68,55489
PAI,20200508,0.975,0.975,0.955,0.965,230591
PAK,20200508,0.011,0.011,0.011,0.011,536250
PAL,20200508,0.63,0.64,0.63,0.64,3220
PAR,20200508,2.52,2.76,2.47,2.7,4994513
PBH,20200508,4.35,4.64,4.31,4.59,1741225
PBP,20200508,1.97,1.985,1.93,1.985,25444
PCG,20200508,0.995,1,0.94,0.94,13120
PCI,20200508,0.95,0.96,0.94,0.96,155883
PCK,20200508,0.17,0.175,0.16,0.16,5478569
PCL,20200508,0.001,0.001,0.001,0.001,485000
PDI,20200508,0.062,0.063,0.061,0.062,7450553
PDL,20200508,5.41,5.81,5.36,5.75,1093169
PDN,20200508,0.12,0.13,0.12,0.13,15593972
PE1,20200508,1.445,1.455,1.42,1.45,69685
PEK,20200508,0.02,0.02,0.018,0.018,513732
PEN,20200508,0.145,0.145,0.14,0.142,695444
PET,20200508,0.52,0.53,0.505,0.505,1641302
PEX,20200508,0.135,0.14,0.135,0.14,6600
PFG,20200508,0.055,0.055,0.055,0.055,55238
PFP,20200508,2.74,3.07,2.74,3.07,297795
PFT,20200508,0.205,0.215,0.205,0.215,480928
PG1,20200508,0.096,0.096,0.096,0.096,25000
PGC,20200508,0.185,0.2,0.185,0.195,216866
PGF,20200508,0.88,0.88,0.86,0.87,166838
PGG,20200508,1.425,1.44,1.4,1.435,312052
PGH,20200508,1.8,1.835,1.77,1.8,2064228
PGI,20200508,0.026,0.026,0.026,0.026,20
PGL,20200508,0.89,0.905,0.88,0.88,74562
PGM,20200508,0.021,0.021,0.02,0.02,487137
PGX,20200508,0.245,0.26,0.245,0.26,286210
PGY,20200508,0.011,0.011,0.011,0.011,100000
PIA,20200508,1,1.01,1,1,148447
PIC,20200508,0.845,0.86,0.845,0.845,165692
PIO,20200508,0.012,0.012,0.012,0.012,25000
PIQ,20200508,0.33,0.35,0.33,0.33,82889
PKS,20200508,0.15,0.155,0.145,0.15,234611
PL8,20200508,1,1.015,1,1.015,375213
PLL,20200508,0.1,0.105,0.1,0.105,441092
PLS,20200508,0.21,0.22,0.205,0.205,15007754
PM1,20200508,0.013,0.013,0.012,0.012,552089
PM8,20200508,0.18,0.185,0.18,0.185,153192
PMC,20200508,1.215,1.225,1.205,1.22,317475
PME,20200508,27.2,27.58,26.62,26.76,285250
PMV,20200508,15.27,15.73,15.27,15.5,393641
PMY,20200508,0.005,0.005,0.005,0.005,14383918
PNC,20200508,0.21,0.225,0.205,0.225,1160379
PNI,20200508,3.82,3.92,3.76,3.92,503199
PNN,20200508,0.002,0.002,0.001,0.002,5821053
PNR,20200508,0.135,0.145,0.135,0.145,1631201
PNV,20200508,2.63,2.67,2.52,2.55,5994102
PNX,20200508,0.007,0.007,0.007,0.007,145993
PO3,20200508,2.1,2.15,2.1,2.11,3638
POD,20200508,0.021,0.021,0.019,0.02,350000
POS,20200508,0.035,0.036,0.034,0.034,1435310
POU,20200508,18.58,18.58,18.56,18.56,2986
POW,20200508,0.005,0.005,0.005,0.005,968950
PPC,20200508,0.72,0.72,0.715,0.715,1456373
PPE,20200508,1.98,2.29,1.97,2.2,1098021
PPG,20200508,0.135,0.135,0.13,0.13,131480
PPH,20200508,5.97,6.13,5.89,6.05,974918
PPK,20200508,3.3,3.6,3.26,3.53,165396
PPS,20200508,0.32,0.34,0.32,0.34,1463830
PPT,20200508,28.71,30.26,28.68,30.16,159163
PRN,20200508,0.98,1.015,0.967,0.98,4760680
PRO,20200508,0.665,0.665,0.64,0.65,92070
PRT,20200508,0.105,0.105,0.1,0.105,201738
PRU,20200508,1.025,1.07,1.02,1.06,9440463
PRX,20200508,0.04,0.04,0.038,0.038,366854
PSI,20200508,2.3,2.33,2.2,2.2,41917
PSQ,20200508,1.235,1.25,1.235,1.25,30596
PTB,20200508,0.49,0.49,0.46,0.46,165731
PTL,20200508,0.38,0.38,0.37,0.38,260382
PTM,20200508,3.45,3.63,3.445,3.61,1359253
PTX,20200508,0.046,0.048,0.046,0.047,2090063
PWG,20200508,0.895,0.98,0.895,0.975,390649
PWH,20200508,3.83,3.85,3.7,3.74,57286
PWL,20200508,0.15,0.15,0.15,0.15,613
PWN,20200508,0.005,0.01,0.004,0.01,73948279
PXS,20200508,0.093,0.093,0.091,0.091,210544
PXX,20200508,0.019,0.019,0.017,0.018,1392200
PYC,20200508,0.072,0.076,0.071,0.076,586187
PYG,20200508,0.595,0.595,0.59,0.59,10508
QAG,20200508,4.75,4.76,4.75,4.76,9309
QAN,20200508,3.48,3.52,3.4,3.4,14231631
QAU,20200508,16.95,17.04,16.95,17.01,47931
QBE,20200508,7.63,7.71,7.56,7.56,6394172
QCB,20200508,5.92,5.93,5.92,5.93,1800
QEM,20200508,0.078,0.078,0.078,0.078,5515
QFE,20200508,0.285,0.32,0.285,0.32,796833
QFN,20200508,7.61,7.66,7.61,7.63,1080
QFY,20200508,0.002,0.002,0.001,0.002,10134842
QHL,20200508,0.069,0.07,0.068,0.068,512159
QIP,20200508,1.16,1.165,1.16,1.16,3767
QOZ,20200508,10.53,10.57,10.51,10.52,40887
QRE,20200508,5.35,5.51,5.35,5.51,17052
QRI,20200508,1.38,1.39,1.36,1.385,212362
QUB,20200508,2.49,2.55,2.44,2.52,7296197
QUS,20200508,33.43,33.55,33.37,33.54,12530
QVE,20200508,0.77,0.78,0.77,0.775,140194
RAC,20200508,0.355,0.36,0.33,0.33,283597
RAG,20200508,0.005,0.005,0.005,0.005,1844000
RAP,20200508,0.16,0.165,0.16,0.16,509136
RBL,20200508,0.96,1.02,0.96,0.98,1870194
RBR,20200508,0.009,0.009,0.008,0.008,700000
RCB,20200508,21.07,21.09,21.02,21.02,24953
RCE,20200508,0.415,0.42,0.4,0.41,383672
RCL,20200508,0.29,0.29,0.275,0.275,76031
RCT,20200508,1.98,1.98,1.895,1.9,22786
RDC,20200508,0.695,0.74,0.695,0.71,1464207
RDF,20200508,0.36,0.39,0.36,0.385,14709
RDH,20200508,0.545,0.575,0.545,0.562,33700
RDN,20200508,0.005,0.005,0.005,0.005,750000
RDS,20200508,0.006,0.006,0.006,0.006,45000
RDV,20200508,21.55,21.56,21.5,21.54,1172
RDY,20200508,1.45,1.6,1.45,1.53,94816
REA,20200508,93.5,95.99,91.63,95.17,353941
RED,20200508,0.2,0.222,0.2,0.215,6611078
REE,20200508,0.026,0.028,0.025,0.027,981664
REG,20200508,1.54,1.575,1.5,1.54,445184
REH,20200508,8.2,8.31,8.07,8.21,325541
RES,20200508,0.06,0.06,0.059,0.06,90000
REX,20200508,0.89,0.915,0.88,0.89,215402
REZ,20200508,0.016,0.017,0.016,0.016,1086779
RF1,20200508,2.09,2.13,2.09,2.1,36409
RFF,20200508,1.93,1.93,1.9,1.91,537814
RFG,20200508,0.077,0.091,0.076,0.086,8901983
RFN,20200508,0.002,0.002,0.001,0.002,3935000
RFT,20200508,0.03,0.031,0.03,0.03,366290
RFX,20200508,0.031,0.033,0.03,0.031,1591390
RGB,20200508,23.63,23.63,23.56,23.62,24593
RGI,20200508,0.071,0.071,0.069,0.069,69698
RHC,20200508,62.5,62.53,60.585,60.91,624862
RHI,20200508,0.12,0.12,0.12,0.12,2000
RHP,20200508,1.88,1.925,1.83,1.91,1047870
RHT,20200508,0.135,0.135,0.13,0.135,431632
RHY,20200508,0.096,0.096,0.091,0.091,135031
RIC,20200508,0.72,0.73,0.705,0.73,227157
RIM,20200508,0.006,0.007,0.006,0.007,8319286
RIO,20200508,83.49,83.86,82.86,83,1799428
RKN,20200508,0.58,0.59,0.58,0.585,24541
RLE,20200508,0.018,0.02,0.018,0.019,986108
RLG,20200508,0.023,0.023,0.022,0.022,396089
RLT,20200508,0.965,0.97,0.935,0.935,11413
RMC,20200508,0.84,0.85,0.785,0.81,272066
RMD,20200508,24.79,24.85,24.67,24.81,929985
RML,20200508,0.064,0.067,0.062,0.062,1919214
RMP,20200508,0.008,0.008,0.008,0.008,61000
RMS,20200508,1.4,1.43,1.375,1.4,11045075
RMX,20200508,0.003,0.003,0.003,0.003,800000
RMY,20200508,0.25,0.27,0.25,0.27,209863
RND,20200508,2,2,1.905,1.905,7024
RNE,20200508,0.022,0.022,0.021,0.021,17462
RNT,20200508,0.04,0.042,0.04,0.042,90500
RNU,20200508,0.008,0.008,0.008,0.008,200000
ROG,20200508,0.001,0.001,0.001,0.001,250000
ROO,20200508,0.023,0.024,0.023,0.023,244925
RRL,20200508,4.7,4.77,4.65,4.76,3367367
RSG,20200508,0.96,0.965,0.93,0.95,12387562
RSH,20200508,0.069,0.07,0.061,0.066,1224252
RSM,20200508,21.88,21.88,21.84,21.84,24974
RTG,20200508,0.055,0.056,0.054,0.056,660030
RTR,20200508,0.067,0.068,0.066,0.066,550598
RUL,20200508,0.98,0.995,0.97,0.99,518983
RVR,20200508,0.067,0.069,0.063,0.063,1999816
RWC,20200508,2.48,2.59,2.45,2.51,2726501
RXL,20200508,0.025,0.026,0.025,0.025,7183158
RXM,20200508,0.057,0.057,0.057,0.057,980
RXP,20200508,0.27,0.275,0.27,0.275,11100
RYD,20200508,1.245,1.245,1.245,1.245,841
RZI,20200508,0.68,0.72,0.67,0.695,129122
S2R,20200508,0.1,0.1,0.1,0.1,127777
S32,20200508,1.85,1.875,1.83,1.85,14861708
SAR,20200508,4.43,4.49,4.39,4.46,8492080
SAU,20200508,0.14,0.14,0.14,0.14,5000
SBM,20200508,2.6,2.62,2.565,2.61,4668282
SCG,20200508,2.15,2.22,2.11,2.2,27333864
SCI,20200508,0.012,0.013,0.012,0.012,4124065
SCP,20200508,2.17,2.2,2.13,2.14,4069270
SCU,20200508,0.012,0.012,0.012,0.012,61720
SDF,20200508,3.02,3.09,3.02,3.05,3601900
SDG,20200508,1.17,1.195,1.12,1.195,11020
SDI,20200508,0.735,0.74,0.735,0.74,20652
SDV,20200508,0.765,0.83,0.755,0.795,609371
SDX,20200508,0.056,0.056,0.056,0.056,318098
SE1,20200508,0.019,0.019,0.017,0.018,1770138
SEC,20200508,1.255,1.29,1.25,1.29,60693
SEI,20200508,0.031,0.031,0.031,0.031,96291
SEK,20200508,17.09,17.59,17.05,17.41,1097041
SEN,20200508,0.046,0.046,0.046,0.046,181399
SEQ,20200508,0.19,0.195,0.19,0.19,92508
SER,20200508,0.004,0.004,0.004,0.004,1545406
SES,20200508,0.056,0.056,0.053,0.053,250077
SF1,20200508,0.016,0.016,0.016,0.016,500000
SFC,20200508,10.35,10.51,10.35,10.51,2369
SFG,20200508,0.057,0.057,0.057,0.057,137476
SFR,20200508,4.24,4.37,4.2,4.22,856264
SFX,20200508,0.105,0.12,0.105,0.115,779314
SFY,20200508,49.49,49.49,49.01,49.1,32272
SGF,20200508,1.32,1.415,1.32,1.35,184984
SGH,20200508,0.62,0.63,0.57,0.595,43743
SGM,20200508,6.72,6.92,6.6,6.66,781078
SGP,20200508,2.77,2.83,2.71,2.74,9207458
SGQ,20200508,0.09,0.095,0.089,0.093,1641704
SGR,20200508,2.7,2.79,2.69,2.72,3636196
SHH,20200508,0.003,0.003,0.003,0.003,1800000
SHJ,20200508,0.775,0.785,0.775,0.78,35374
SHL,20200508,26,26.13,25.84,25.9,1128188
SHM,20200508,0.43,0.44,0.425,0.43,91872
SHO,20200508,0.029,0.029,0.025,0.026,410396
SHV,20200508,7.4,7.47,7.33,7.35,337445
SIG,20200508,0.57,0.58,0.565,0.575,1570633
SIQ,20200508,5.2,5.43,5.18,5.22,732121
SIS,20200508,0.019,0.019,0.015,0.016,577517
SIT,20200508,0.03,0.031,0.03,0.031,294290
SIV,20200508,0.595,0.595,0.575,0.58,34060
SKC,20200508,2.3,2.36,2.29,2.36,2726665
SKF,20200508,0.135,0.135,0.135,0.135,7700
SKI,20200508,1.98,2.025,1.98,2.01,5184354
SKN,20200508,0.085,0.085,0.08,0.08,4101416
SKO,20200508,2.27,2.42,2.27,2.41,58647
SKT,20200508,0.285,0.3,0.28,0.3,225965
SKY,20200508,0.36,0.365,0.35,0.36,1054600
SLC,20200508,0.86,0.885,0.835,0.875,1134846
SLF,20200508,10.03,10.23,9.97,10.14,288218
SLK,20200508,3.65,3.92,3.65,3.85,261576
SLM,20200508,0.715,0.72,0.71,0.72,14029
SLR,20200508,1.925,1.975,1.915,1.955,5366174
SLX,20200508,0.36,0.37,0.345,0.35,110758
SLZ,20200508,0.08,0.085,0.073,0.085,1343177
SM1,20200508,6.62,6.8,6.62,6.8,55671
SMI,20200508,0.003,0.003,0.003,0.003,10360000
SMN,20200508,0.41,0.415,0.39,0.4,168813
SMP,20200508,0.43,0.44,0.42,0.44,367484
SMR,20200508,1,1.005,1,1,1634992
SMX,20200508,0.3,0.3,0.295,0.3,90508
SNC,20200508,0.64,0.65,0.63,0.63,42750
SND,20200508,0.44,0.46,0.44,0.46,38084
SNL,20200508,3.42,3.45,3.41,3.45,5616
SNS,20200508,0.095,0.1,0.092,0.1,426848
SNZ,20200508,5.69,5.74,5.65,5.74,7065
SO4,20200508,0.41,0.41,0.39,0.405,450933
SOL,20200508,17.85,18.17,17.74,17.74,345120
SOM,20200508,1.12,1.13,1.09,1.09,57453
SOP,20200508,0.023,0.023,0.023,0.023,15625
SOR,20200508,0.051,0.051,0.051,0.051,52406
SPK,20200508,4.23,4.31,4.22,4.27,1364378
SPL,20200508,0.99,0.992,0.945,0.965,728182
SPQ,20200508,0.004,0.004,0.004,0.004,125000
SPT,20200508,0.435,0.455,0.42,0.43,4803789
SPX,20200508,0.155,0.16,0.155,0.16,2665086
SPY,20200508,446.88,446.88,445.46,446.8,304
SPZ,20200508,0.11,0.11,0.097,0.1,164863
SRG,20200508,0.24,0.24,0.225,0.225,480497
SRI,20200508,0.042,0.047,0.04,0.047,85263
SRK,20200508,0.047,0.047,0.047,0.047,1246
SRN,20200508,0.002,0.002,0.002,0.002,1806250
SRV,20200508,2.3,2.32,2.26,2.3,18315
SRY,20200508,0.012,0.012,0.012,0.012,6700
SRZ,20200508,0.008,0.008,0.007,0.007,658024
SSG,20200508,0.415,0.43,0.415,0.43,216852
SSM,20200508,2.12,2.17,2.07,2.14,2326079
SSO,20200508,13.03,13.03,13.03,13.03,2837
ST1,20200508,0.145,0.15,0.14,0.145,794218
STA,20200508,0.13,0.13,0.125,0.13,143481
STG,20200508,0.935,0.94,0.86,0.9,71105
STM,20200508,0.005,0.007,0.005,0.006,31931455
STN,20200508,0.38,0.415,0.38,0.39,87500
STO,20200508,4.86,4.94,4.83,4.85,9906185
STW,20200508,50.1,50.37,49.98,50.06,192636
STX,20200508,0.14,0.14,0.135,0.135,3528206
SUD,20200508,0.046,0.052,0.045,0.046,256340
SUL,20200508,6.28,6.7,6.28,6.66,1031146
SUN,20200508,8.71,8.95,8.71,8.91,3559370
SUP,20200508,0.051,0.051,0.05,0.05,19231
SVA,20200508,0.022,0.022,0.022,0.022,15065
SVL,20200508,0.083,0.085,0.082,0.085,3489628
SVM,20200508,0.13,0.13,0.13,0.13,125114
SVW,20200508,14,14.44,14,14.11,859939
SVY,20200508,0.5,0.5,0.435,0.44,2226367
SW1,20200508,0.018,0.019,0.017,0.018,1952195
SWF,20200508,0.225,0.25,0.225,0.24,1812377
SWK,20200508,0.125,0.125,0.12,0.12,108984
SWM,20200508,0.087,0.091,0.084,0.086,8532207
SXE,20200508,0.435,0.46,0.435,0.45,224252
SXL,20200508,0.13,0.14,0.13,0.135,19724501
SXY,20200508,0.2,0.205,0.195,0.195,3612162
SYA,20200508,0.008,0.008,0.007,0.007,2201917
SYD,20200508,5.42,5.52,5.4,5.45,8166993
SYI,20200508,22.11,22.11,22.03,22.05,3385
SYR,20200508,0.24,0.27,0.24,0.265,7577457
SZL,20200508,2.16,2.33,2.15,2.24,1384469
TAH,20200508,3.2,3.23,3.13,3.14,6098937
TAM,20200508,0.043,0.043,0.042,0.042,504095
TAO,20200508,0.055,0.057,0.052,0.052,173219
TAP,20200508,0.078,0.078,0.076,0.076,40038
TAS,20200508,0.035,0.035,0.035,0.035,5000
TBL,20200508,0.15,0.15,0.14,0.14,213454
TBR,20200508,6.87,7.02,6.7,6.85,5136
TCL,20200508,13.5,13.65,13.39,13.6,5729473
TCO,20200508,1.1,1.1,1,1,500
TD1,20200508,0.035,0.035,0.032,0.033,11051278
TDI,20200508,1.6,1.62,1.59,1.61,34834
TDY,20200508,0.15,0.16,0.15,0.16,230000
TEG,20200508,0.028,0.028,0.028,0.028,3065
TEK,20200508,0.22,0.22,0.21,0.22,290280
TER,20200508,0.115,0.12,0.11,0.12,682832
TFL,20200508,0.1,0.1,0.094,0.094,329793
TGA,20200508,0.14,0.14,0.14,0.14,1046650
TGF,20200508,1.145,1.16,1.12,1.13,91689
TGG,20200508,1.135,1.14,1.11,1.115,171900
TGH,20200508,0.19,0.19,0.18,0.18,69257
TGM,20200508,0.21,0.24,0.21,0.23,136099
TGN,20200508,0.095,0.11,0.095,0.11,271201
TGP,20200508,0.87,0.89,0.87,0.88,71881
TGR,20200508,3.73,3.8,3.72,3.75,1381711
THR,20200508,0.006,0.006,0.006,0.006,211000
TIE,20200508,0.36,0.37,0.355,0.37,911660
TLG,20200508,0.35,0.35,0.34,0.34,71138
TLM,20200508,0.076,0.076,0.076,0.076,50000
TLS,20200508,3.08,3.08,3.03,3.03,22130682
TLT,20200508,3.1,3.1,3.1,3.1,162
TLX,20200508,1.415,1.475,1.395,1.46,993781
TMG,20200508,0.07,0.07,0.065,0.065,28000
TMK,20200508,0.006,0.006,0.006,0.006,200000
TMR,20200508,0.19,0.2,0.185,0.185,605680
TMT,20200508,0.125,0.125,0.115,0.115,287974
TMX,20200508,0.005,0.005,0.005,0.005,205677
TMZ,20200508,0.018,0.018,0.017,0.017,45333
TNE,20200508,9.95,10.24,9.93,10.18,1349771
TNG,20200508,0.06,0.061,0.057,0.059,694156
TNK,20200508,0.825,0.825,0.8,0.82,32883
TNR,20200508,0.017,0.017,0.016,0.016,803252
TNT,20200508,0.057,0.059,0.056,0.059,2788862
TNY,20200508,1.02,1.07,1.01,1.01,191673
TOE,20200508,0.01,0.01,0.009,0.01,8140934
TON,20200508,0.035,0.035,0.035,0.035,199499
TOP,20200508,0.435,0.435,0.42,0.42,190702
TOT,20200508,0.87,0.87,0.865,0.87,78037
TOU,20200508,0.065,0.065,0.065,0.065,24540
TPM,20200508,7.3,7.35,7.23,7.26,724668
TPW,20200508,3.83,3.85,3.68,3.68,385259
TRL,20200508,0.014,0.014,0.014,0.014,10101
TRS,20200508,3.36,3.56,3.36,3.45,280956
TRT,20200508,0.014,0.014,0.014,0.014,106300
TRY,20200508,0.077,0.078,0.076,0.078,374727
TSC,20200508,0.007,0.007,0.006,0.007,3260342
TSL,20200508,0.04,0.04,0.04,0.04,59250
TSO,20200508,0.048,0.049,0.045,0.046,4197302
TTB,20200508,0.66,0.66,0.55,0.59,171027
TTM,20200508,0.053,0.068,0.053,0.066,2191198
TTT,20200508,0.715,0.72,0.69,0.7,385580
TWE,20200508,9.84,10.03,9.81,9.84,2549854
TWR,20200508,0.585,0.595,0.585,0.595,1000
TYR,20200508,3.15,3.45,3.08,3.39,3059537
TYX,20200508,0.003,0.003,0.003,0.003,150000
TZL,20200508,0.041,0.041,0.041,0.041,13340
TZN,20200508,0.039,0.039,0.039,0.039,47329
UBA,20200508,17.48,17.84,17.48,17.75,20077
UBE,20200508,19.5,19.5,19.49,19.5,10163
UBI,20200508,0.215,0.22,0.21,0.22,202424
UBN,20200508,0.052,0.052,0.049,0.049,284025
UBP,20200508,28,28,27.63,27.67,2595
UBU,20200508,31.63,31.71,31.63,31.71,1383
UBW,20200508,27.58,28.15,27.58,28.15,9134
UCM,20200508,0.235,0.235,0.22,0.227,91231
UCW,20200508,0.084,0.085,0.084,0.085,50000
UMG,20200508,4.2,4.36,4.2,4.32,1414501
UOS,20200508,0.69,0.69,0.69,0.69,4000
URF,20200508,0.295,0.32,0.29,0.32,209057
URW,20200508,4.16,4.25,4.15,4.23,1113661
USD,20200508,14.98,14.98,14.865,14.89,228749
UWL,20200508,1.45,1.49,1.445,1.485,533752
VAE,20200508,64.37,64.98,64.25,64.7,6563
VAF,20200508,52.64,52.69,52.6,52.63,21251
VAN,20200508,0.125,0.125,0.11,0.12,460334
VAP,20200508,63.9,65.5,63.9,64.76,59851
VAS,20200508,68.63,68.94,68.43,68.51,126838
VCF,20200508,49.66,49.75,49.45,49.72,5075
VCX,20200508,1.375,1.45,1.367,1.43,24023030
VEA,20200508,1.425,1.47,1.42,1.45,4441126
VEN,20200508,0.044,0.045,0.041,0.042,924113
VEQ,20200508,50.29,50.91,50.05,50.38,5180
VEU,20200508,67,67.24,66.83,67.13,40716
VG1,20200508,2.09,2.1,2.05,2.09,362740
VG8,20200508,2.12,2.16,2.11,2.12,348277
VGB,20200508,53.81,53.88,53.8,53.86,17092
VGE,20200508,61.46,61.79,61.38,61.79,8084
VGI,20200508,9.62,9.91,9.59,9.78,21515
VGL,20200508,1.17,1.21,1.17,1.18,131635
VGS,20200508,76.05,76.32,75.84,76.26,35744
VHT,20200508,1.295,1.365,1.29,1.315,966531
VHY,20200508,46.01,46.34,46.01,46.23,54876
VIC,20200508,0.001,0.001,0.001,0.001,12062117
VIF,20200508,51.86,51.88,51.82,51.87,3835
VIP,20200508,0.035,0.038,0.034,0.035,1487258
VLC,20200508,55.09,55.09,54.73,54.73,1600
VLS,20200508,0.6,0.6,0.565,0.565,3226
VLT,20200508,0.21,0.225,0.2,0.21,595601
VMC,20200508,0.16,0.175,0.16,0.175,5878
VMG,20200508,0.002,0.002,0.002,0.002,300000
VML,20200508,0.011,0.011,0.009,0.01,8744305
VMS,20200508,0.016,0.016,0.015,0.015,1570406
VMT,20200508,0.19,0.195,0.185,0.195,579391
VMX,20200508,0.16,0.16,0.155,0.155,121800
VMY,20200508,0.05,0.05,0.049,0.05,205701
VN8,20200508,0.12,0.125,0.12,0.12,33936
VOC,20200508,2.94,3.01,2.89,2.9,1494484
VOR,20200508,0.135,0.14,0.13,0.135,127706
VPR,20200508,0.001,0.001,0.001,0.001,45707988
VR1,20200508,0.019,0.022,0.018,0.022,2537590
VRL,20200508,1.95,1.99,1.885,1.95,272672
VRS,20200508,0.023,0.023,0.021,0.021,103806
VRT,20200508,2.89,3.36,2.87,3.23,851233
VRX,20200508,0.093,0.095,0.09,0.09,381541
VSO,20200508,50.01,51.09,50.01,51.07,35411
VTG,20200508,0.945,0.995,0.945,0.985,90373
VTH,20200508,0.72,0.735,0.72,0.725,384608
VTI,20200508,0.017,0.017,0.015,0.015,215724
VTS,20200508,224.08,225.11,223.53,225.03,10616
VUK,20200508,1.445,1.48,1.43,1.44,5163789
VUL,20200508,0.22,0.22,0.2,0.2,153343
VVA,20200508,2,2.1,1.99,1.995,92686
VVR,20200508,2.33,2.4,2.32,2.38,3812965
VYS,20200508,0.055,0.055,0.055,0.055,999
WAA,20200508,0.895,0.92,0.89,0.92,34635
WAF,20200508,0.82,0.84,0.805,0.82,6282776
WAM,20200508,1.87,1.9,1.87,1.9,603473
WAX,20200508,1.23,1.245,1.23,1.24,47994
WBC,20200508,15.79,15.86,15.51,15.51,10322277
WBT,20200508,0.37,0.37,0.35,0.365,130104
WCN,20200508,0.004,0.004,0.004,0.004,2000
WEB,20200508,2.73,3,2.73,2.93,9174088
WEL,20200508,0.018,0.019,0.018,0.019,391368
WES,20200508,36.45,37.62,36.43,37.45,2146783
WGB,20200508,1.92,1.925,1.905,1.92,272252
WGN,20200508,0.82,0.89,0.815,0.825,181106
WGO,20200508,0.13,0.145,0.13,0.145,1534838
WGX,20200508,2.19,2.22,2.12,2.12,766138
WHC,20200508,1.75,1.81,1.735,1.745,3831898
WHF,20200508,4.42,4.5,4.38,4.5,16173
WHK,20200508,0.051,0.052,0.049,0.05,824106
WJA,20200508,0.09,0.09,0.09,0.09,1022
WKT,20200508,0.145,0.145,0.145,0.145,35000
WLE,20200508,1,1.015,0.995,1.005,871034
WMI,20200508,1.11,1.135,1.11,1.13,60158
WML,20200508,0.013,0.013,0.013,0.013,200000
WND,20200508,0.96,0.96,0.95,0.96,92720
WOA,20200508,0.145,0.145,0.145,0.145,6344
WOR,20200508,8.58,8.805,8.49,8.56,1392457
WOW,20200508,34.99,35.06,34.48,34.7,2322743
WPL,20200508,21.8,22.25,21.79,21.89,2615078
WPP,20200508,0.24,0.25,0.24,0.24,772085
WQG,20200508,1.19,1.2,1.185,1.19,99080
WRM,20200508,0.004,0.004,0.004,0.004,697087
WSA,20200508,2.15,2.21,2.12,2.13,1934523
WSI,20200508,0.012,0.012,0.012,0.012,70360
WSP,20200508,1.8,1.852,1.79,1.85,433658
WTC,20200508,20.35,20.52,19.91,19.91,944417
WWG,20200508,0.14,0.145,0.135,0.14,1208896
WWI,20200508,0.011,0.011,0.011,0.011,304650
WZR,20200508,0.15,0.18,0.15,0.18,15561476
XAM,20200508,0.027,0.029,0.027,0.029,63851
XCD,20200508,0.01,0.01,0.01,0.01,14799300
XF1,20200508,0.14,0.17,0.12,0.17,846949
XPE,20200508,0.002,0.002,0.002,0.002,750000
XPL,20200508,0.052,0.052,0.051,0.051,106662
XRF,20200508,0.195,0.195,0.195,0.195,83533
XRO,20200508,82,82.84,81.08,82.3,541994
XTC,20200508,0.002,0.002,0.002,0.002,1870699
XTE,20200508,0.665,0.67,0.66,0.66,4865
YAL,20200508,2.39,2.5,2.39,2.465,53226
YBR,20200508,0.065,0.066,0.065,0.066,24650
YOJ,20200508,0.03,0.031,0.029,0.029,1124380
YOW,20200508,0.037,0.037,0.037,0.037,297888
YRL,20200508,0.19,0.22,0.19,0.22,228487
Z1P,20200508,3.11,3.42,3.08,3.27,20427132
ZEL,20200508,2.96,2.98,2.93,2.97,253811
ZEN,20200508,0.98,0.985,0.97,0.975,817813
ZEU,20200508,0.005,0.005,0.005,0.005,100000
ZIM,20200508,10.55,10.55,9.83,9.83,1008
ZLD,20200508,0.046,0.047,0.046,0.047,765174
ZNC,20200508,0.07,0.07,0.07,0.07,145000
ZNO,20200508,1.8,1.9,1.78,1.89,1634361
XAF,20200508,5234.1,5293,5234.1,5250.9,0
XAO,20200508,5449.9,5521.2,5449.9,5488,1255940100
XAT,20200508,5313.3,5377.6,5313.3,5339.9,0
XDJ,20200508,2104.4,2156.7,2104.4,2150.8,0
XEC,20200508,1195.1,1226.4,1195.2,1226.4,0
XEJ,20200508,7099.8,7287.3,7090.6,7150.8,0
XFJ,20200508,4178.3,4243.5,4178.3,4207.7,0
XFL,20200508,5262.1,5320.5,5262.1,5279.3,0
XGD,20200508,7307.5,7460.7,7307.5,7357,0
XHJ,20200508,43071.5,43141.4,42334.9,42334.9,0
XIJ,20200508,1374.7,1394.6,1374.7,1385.9,0
XJO,20200508,5364.2,5428,5364.2,5391.1,0
XJR,20200508,3896.8,3963.7,3896.8,3937.4,0
XKO,20200508,5330.4,5395.2,5330.4,5359.9,0
XMD,20200508,6007.1,6088.5,6007.1,6058.7,0
XMJ,20200508,11597.3,11781.8,11597.3,11706.6,0
XMM,20200508,3853.6,3917.5,3853.6,3899.1,0
XNJ,20200508,5341.9,5422.1,5341.9,5369.1,0
XPJ,20200508,1126.8,1163.5,1126.8,1147.9,0
XSJ,20200508,11731.5,11819.9,11655.8,11701.3,0
XSO,20200508,2388.5,2433.4,2388.5,2429.5,0
XTJ,20200508,1081.8,1095.5,1081.8,1087.9,0
XTL,20200508,2968.8,2999.6,2968.8,2976,0
XTO,20200508,4428.4,4479.2,4428.4,4446.4,0
XUJ,20200508,7548.8,7649.7,7548.8,7623.3,0
XXJ,20200508,4660.2,4732.9,4660.2,4693,0
