360,20200103,3.17,3.18,3.05,3.18,27685
14D,20200103,0.225,0.23,0.2,0.2,134681
1AG,20200103,0.038,0.039,0.037,0.037,43150
1ST,20200103,0.075,0.075,0.075,0.075,70000
2BE,20200103,0.135,0.135,0.135,0.135,5000
3DA,20200103,0.36,0.365,0.35,0.365,160643
3DP,20200103,0.058,0.059,0.054,0.056,482284
4CE,20200103,0.014,0.014,0.012,0.013,5831239
4DS,20200103,0.057,0.06,0.056,0.058,1843000
5GN,20200103,0.755,0.8,0.755,0.78,162120
88E,20200103,0.025,0.026,0.024,0.025,23157656
8CO,20200103,0.1,0.11,0.1,0.11,175073
9SP,20200103,0.016,0.017,0.016,0.016,668053
A1M,20200103,0.31,0.31,0.31,0.31,5000
A2B,20200103,1.56,1.57,1.53,1.53,3278
A2M,20200103,14.18,14.3,14.03,14.03,1656782
A3D,20200103,0.19,0.19,0.185,0.185,35780
A4N,20200103,0.195,0.2,0.195,0.2,181874
AAA,20200103,50.07,50.08,50.07,50.07,20799
AAC,20200103,1.11,1.115,1.1,1.1,122117
AAJ,20200103,0.003,0.003,0.003,0.003,250000
AAR,20200103,0.093,0.093,0.093,0.093,100060
ABA,20200103,5.85,5.9,5.84,5.9,13128
ABC,20200103,3.53,3.59,3.525,3.54,1016141
ABP,20200103,3.69,3.69,3.63,3.65,1502000
ABR,20200103,0.36,0.36,0.355,0.355,19500
ABV,20200103,0.029,0.032,0.029,0.032,678305
ABX,20200103,0.13,0.13,0.125,0.125,60453
AC8,20200103,0.305,0.32,0.285,0.3,1761576
ACF,20200103,0.34,0.34,0.335,0.335,54000
ACQ,20200103,1.22,1.225,1.21,1.21,25100
ACW,20200103,0.038,0.038,0.036,0.036,462821
AD8,20200103,8.01,8.36,8.01,8.15,133331
ADA,20200103,0.61,0.61,0.6,0.61,48496
ADH,20200103,2.26,2.29,2.23,2.27,1181629
ADI,20200103,2.93,2.93,2.9,2.91,128896
ADJ,20200103,0.032,0.032,0.031,0.031,38600
ADN,20200103,0.046,0.046,0.045,0.045,2886475
ADO,20200103,0.027,0.027,0.025,0.025,1798331
ADR,20200103,0.028,0.029,0.028,0.029,22000
ADT,20200103,1.63,1.7,1.63,1.675,249173
ADV,20200103,0.004,0.004,0.004,0.004,2712237
ADX,20200103,0.009,0.009,0.009,0.009,1034782
AEE,20200103,0.005,0.005,0.005,0.005,2050000
AEF,20200103,3.96,4.26,3.96,4.14,195354
AEV,20200103,0.013,0.014,0.013,0.014,343985
AFG,20200103,2.86,2.86,2.76,2.78,40746
AFI,20200103,7.2,7.32,7.2,7.25,314268
AFL,20200103,0.15,0.16,0.145,0.16,143313
AFR,20200103,0.034,0.035,0.033,0.035,300869
AGG,20200103,6.61,6.65,6.58,6.65,7685
AGH,20200103,0.39,0.42,0.38,0.42,598186
AGL,20200103,20.72,20.82,20.54,20.59,816967
AGM,20200103,2.12,2.12,2.12,2.12,403
AGR,20200103,0.13,0.13,0.12,0.12,31704
AGS,20200103,0.105,0.105,0.105,0.105,6800
AGY,20200103,0.078,0.08,0.077,0.08,1744475
AHF,20200103,0.105,0.105,0.105,0.105,86094
AHL,20200103,0.008,0.008,0.008,0.008,127000
AHQ,20200103,0.155,0.155,0.155,0.155,100933
AHX,20200103,0.45,0.45,0.445,0.445,8418
AHY,20200103,1.06,1.07,1.06,1.06,68906
AHZ,20200103,0.12,0.13,0.11,0.12,1988161
AIA,20200103,8.5,8.78,8.5,8.65,57616
AIS,20200103,0.047,0.047,0.047,0.047,67309
AIZ,20200103,2.84,2.92,2.83,2.88,23598
AJC,20200103,0.001,0.001,0.001,0.001,12374283
AJM,20200103,0.053,0.058,0.053,0.058,13421463
AJQ,20200103,0.056,0.056,0.055,0.055,54918
AJX,20200103,0.06,0.061,0.06,0.06,1084694
AKM,20200103,0.15,0.15,0.15,0.15,3956
AKP,20200103,15.51,15.62,15.37,15.37,182
ALC,20200103,0.185,0.19,0.182,0.19,350750
ALF,20200103,0.99,0.995,0.985,0.985,124609
ALG,20200103,1.32,1.395,1.32,1.375,978302
ALI,20200103,2.37,2.38,2.36,2.36,36336
ALK,20200103,0.59,0.63,0.582,0.63,2104516
ALL,20200103,34.35,34.67,33.71,33.8,762880
ALQ,20200103,9.18,9.22,9.08,9.15,827007
ALU,20200103,35,35.47,34.51,34.53,251756
ALX,20200103,8,8,7.855,7.9,1328745
AMA,20200103,0.925,1,0.925,0.98,2584073
AMC,20200103,15.25,15.43,15.22,15.31,3384310
AMD,20200103,0.007,0.007,0.007,0.007,2000000
AME,20200103,0.037,0.039,0.037,0.039,327180
AMG,20200103,0.083,0.083,0.08,0.08,351457
AMH,20200103,0.98,1.01,0.98,0.99,76850
AMI,20200103,0.425,0.44,0.425,0.43,1316596
AML,20200103,0.17,0.17,0.17,0.17,270000
AMN,20200103,0.49,0.5,0.49,0.5,24366
AMO,20200103,0.09,0.09,0.09,0.09,25000
AMP,20200103,1.925,1.95,1.915,1.92,6161071
AMS,20200103,1.395,1.4,1.35,1.365,121551
AMX,20200103,1.99,2,1.92,1.95,51171
ANA,20200103,0.053,0.053,0.051,0.051,4025411
ANG,20200103,0.215,0.22,0.215,0.22,56918
ANL,20200103,0.003,0.003,0.002,0.002,1001257
ANN,20200103,29.35,29.76,29.31,29.39,298162
ANO,20200103,5.81,6.02,5.81,5.82,4927
ANP,20200103,0.09,0.09,0.085,0.086,1766545
ANR,20200103,0.24,0.26,0.24,0.26,81245
ANW,20200103,0.002,0.002,0.001,0.001,4750000
ANZ,20200103,24.71,24.94,24.69,24.73,3403316
AOF,20200103,2.85,2.88,2.85,2.86,300992
AON,20200103,0.028,0.028,0.028,0.028,40000
AOP,20200103,0.24,0.24,0.23,0.23,290000
APA,20200103,11.22,11.32,11.04,11.06,1026902
APC,20200103,0.095,0.095,0.094,0.095,82000
APE,20200103,10.3,10.3,9.99,10.03,321662
APH,20200103,0.18,0.18,0.17,0.17,98904
API,20200103,1.34,1.36,1.34,1.355,473569
APL,20200103,1.055,1.06,1.045,1.055,335383
APT,20200103,30.98,31.17,30.18,30.27,1307590
APV,20200103,0.28,0.29,0.26,0.275,703008
APW,20200103,1.445,1.45,1.445,1.45,13813
APX,20200103,22.58,23.13,22.45,22.52,615921
AQG,20200103,7.7,7.7,7.42,7.57,137052
AQI,20200103,0.043,0.043,0.043,0.043,30000
AQR,20200103,3.54,3.54,3.5,3.53,22647
AQX,20200103,0.029,0.029,0.028,0.029,466750
AQZ,20200103,2.55,2.62,2.52,2.55,57378
AR9,20200103,0.13,0.13,0.13,0.13,11135
ARA,20200103,0.61,0.61,0.61,0.61,5000
ARB,20200103,19.13,19.17,18.71,18.79,111381
ARD,20200103,0.018,0.018,0.017,0.018,1321203
ARE,20200103,0.005,0.005,0.005,0.005,622353
ARF,20200103,2.88,2.91,2.86,2.89,108340
ARG,20200103,8.88,9,8.88,8.98,79815
ARL,20200103,0.53,0.58,0.53,0.535,201442
ARM,20200103,0.01,0.01,0.01,0.01,50000
ARN,20200103,0.17,0.172,0.17,0.172,68000
ARO,20200103,0.002,0.002,0.002,0.002,1000000
ARQ,20200103,0.38,0.385,0.375,0.385,30397
ARS,20200103,0.02,0.021,0.02,0.02,2139438
ARU,20200103,0.093,0.095,0.092,0.093,2200162
ARV,20200103,0.028,0.028,0.026,0.026,2077614
AS1,20200103,0.195,0.195,0.195,0.195,20000
ASB,20200103,3.8,3.925,3.8,3.87,1602155
ASG,20200103,1.5,1.515,1.47,1.5,19245
ASN,20200103,0.027,0.028,0.026,0.027,370221
AST,20200103,1.73,1.74,1.715,1.725,3392065
ASX,20200103,79.47,80.86,79.35,79.78,174908
ATC,20200103,0.096,0.098,0.096,0.096,70676
ATH,20200103,0.02,0.02,0.02,0.02,184536
ATL,20200103,0.455,0.465,0.455,0.465,11040
ATP,20200103,0.007,0.007,0.007,0.007,40000
ATS,20200103,0.079,0.08,0.079,0.08,914550
ATU,20200103,0.385,0.385,0.385,0.385,15557
ATX,20200103,0.068,0.068,0.068,0.068,2280
AU1,20200103,0.061,0.061,0.061,0.061,57470
AU8,20200103,0.125,0.135,0.125,0.125,1774056
AUB,20200103,12.12,12.26,11.93,12.25,33087
AUC,20200103,0.013,0.013,0.013,0.013,500000
AUH,20200103,0.005,0.005,0.005,0.005,500000
AUI,20200103,9.94,10,9.94,9.955,7491
AUL,20200103,0.3,0.33,0.3,0.33,27000
AUQ,20200103,0.015,0.015,0.015,0.015,249498
AUR,20200103,0.014,0.014,0.013,0.013,154217
AUT,20200103,0.009,0.009,0.009,0.009,200000
AUZ,20200103,0.015,0.015,0.014,0.015,1935989
AV1,20200103,0.17,0.175,0.17,0.17,78212
AVA,20200103,0.155,0.16,0.155,0.155,223978
AVC,20200103,0.2,0.2,0.2,0.2,995
AVE,20200103,0.004,0.004,0.004,0.004,688668
AVG,20200103,0.53,0.53,0.52,0.53,13041
AVH,20200103,0.64,0.65,0.625,0.64,8220057
AVJ,20200103,0.62,0.62,0.615,0.615,77286
AVL,20200103,0.01,0.011,0.01,0.01,837953
AVN,20200103,2.87,2.87,2.83,2.86,104884
AVZ,20200103,0.045,0.046,0.044,0.044,2319851
AWC,20200103,2.32,2.35,2.275,2.28,10321585
AWY,20200103,0.035,0.036,0.035,0.036,329821
AX1,20200103,1.85,1.88,1.84,1.84,166415
AXE,20200103,0.155,0.16,0.155,0.16,203297
AYF,20200103,5.93,5.93,5.93,5.93,2085
AYR,20200103,0.002,0.002,0.002,0.002,3670000
AYS,20200103,0.4,0.4,0.39,0.4,62333
AZI,20200103,0.008,0.009,0.008,0.009,1940000
AZJ,20200103,5.38,5.47,5.305,5.33,4677413
AZS,20200103,0.135,0.15,0.132,0.15,480342
AZV,20200103,0.093,0.093,0.093,0.093,30000
AZY,20200103,0.013,0.013,0.012,0.013,626768
BAF,20200103,0.885,0.9,0.885,0.9,156243
BAP,20200103,6.39,6.52,6.39,6.42,465572
BAS,20200103,0.003,0.003,0.003,0.003,175000
BAT,20200103,0.006,0.006,0.006,0.006,355000
BBC,20200103,0.59,0.59,0.59,0.59,11000
BBN,20200103,3.27,3.28,3.2,3.22,196381
BBX,20200103,0.135,0.135,0.135,0.135,32154
BC8,20200103,0.32,0.34,0.32,0.34,69286
BCB,20200103,0.045,0.047,0.044,0.047,682389
BCC,20200103,0.27,0.275,0.255,0.275,136131
BCI,20200103,0.175,0.175,0.17,0.17,152771
BCK,20200103,0.025,0.025,0.025,0.025,35164
BCN,20200103,0.039,0.04,0.039,0.039,406372
BCT,20200103,0.15,0.15,0.15,0.15,25000
BD1,20200103,0.034,0.034,0.033,0.033,349295
BDC,20200103,0.08,0.086,0.08,0.084,13406558
BEE,20200103,0.021,0.022,0.021,0.022,30000
BEL,20200103,0.045,0.045,0.045,0.045,37451
BEN,20200103,9.9,9.98,9.86,9.89,742275
BET,20200103,0.15,0.15,0.15,0.15,237940
BFC,20200103,0.087,0.093,0.087,0.093,1566617
BFG,20200103,1.26,1.285,1.25,1.27,264409
BGA,20200103,4.32,4.39,4.26,4.32,920941
BGL,20200103,0.55,0.56,0.545,0.56,919755
BGT,20200103,0.205,0.225,0.2,0.215,847063
BHP,20200103,39.45,39.51,39.13,39.15,3030851
BID,20200103,0.975,1.06,0.972,1.055,1597388
BIN,20200103,2.87,2.92,2.85,2.86,676992
BIQ,20200103,0.017,0.017,0.017,0.017,116782
BIT,20200103,0.053,0.055,0.052,0.054,896312
BKI,20200103,1.685,1.705,1.685,1.705,169072
BKL,20200103,85,86.48,84.67,84.86,23420
BKW,20200103,18.78,19.005,18.67,18.89,139924
BLD,20200103,4.55,4.59,4.52,4.52,2219037
BLG,20200103,0.1,0.105,0.1,0.105,295991
BLK,20200103,0.014,0.014,0.013,0.013,25466807
BLT,20200103,0.038,0.038,0.034,0.034,762999
BLU,20200103,0.045,0.046,0.045,0.046,41311
BLV,20200103,0.235,0.235,0.235,0.235,1340
BLX,20200103,1.18,1.19,1.18,1.19,7656
BLY,20200103,1.63,1.68,1.63,1.675,8127
BLZ,20200103,0.015,0.018,0.015,0.018,94000
BMN,20200103,0.039,0.04,0.039,0.04,484000
BNL,20200103,0.006,0.006,0.006,0.006,32345
BNO,20200103,0.081,0.081,0.08,0.081,81272
BOC,20200103,0.305,0.305,0.27,0.27,77519
BOE,20200103,0.051,0.051,0.05,0.05,78910
BOL,20200103,0.14,0.14,0.135,0.135,32530
BOQ,20200103,7.3,7.38,7.27,7.29,1604981
BOT,20200103,0.083,0.086,0.083,0.086,2064649
BPP,20200103,0.018,0.018,0.018,0.018,29705
BPT,20200103,2.57,2.62,2.55,2.6,3729339
BRB,20200103,0.295,0.295,0.285,0.285,135683
BRG,20200103,17.9,18.2,17.8,17.98,105441
BRK,20200103,0.008,0.008,0.008,0.008,1000000
BRN,20200103,0.048,0.048,0.044,0.045,3785426
BRU,20200103,0.17,0.17,0.165,0.165,11504
BRV,20200103,0.016,0.018,0.016,0.018,650100
BSA,20200103,0.39,0.39,0.385,0.385,28867
BSE,20200103,0.22,0.23,0.22,0.225,114778
BSL,20200103,15.19,15.295,15,15,1401590
BSM,20200103,0.005,0.005,0.005,0.005,40000
BSR,20200103,0.015,0.015,0.015,0.015,65670
BSX,20200103,0.17,0.19,0.167,0.17,2147377
BTH,20200103,0.725,0.74,0.71,0.715,243387
BTI,20200103,1.11,1.12,1.095,1.095,87360
BUB,20200103,0.97,0.995,0.965,0.975,2170070
BUD,20200103,0.036,0.036,0.031,0.032,14527667
BUX,20200103,0.094,0.099,0.094,0.099,60000
BVS,20200103,5.35,5.4,5.3,5.33,752250
BWP,20200103,3.95,3.97,3.92,3.94,535495
BWR,20200103,1.45,1.45,1.44,1.44,30276
BWX,20200103,4.54,4.54,4.41,4.52,218667
BXB,20200103,11.75,11.81,11.64,11.67,1969185
BYE,20200103,0.295,0.3,0.29,0.295,436107
C6C,20200103,0.84,0.84,0.84,0.84,18044
CAA,20200103,0.115,0.115,0.115,0.115,9000
CAD,20200103,0.001,0.001,0.001,0.001,18872255
CAF,20200103,0.13,0.13,0.13,0.13,1538
CAG,20200103,0.69,0.69,0.69,0.69,13676
CAI,20200103,0.24,0.25,0.22,0.25,1265956
CAJ,20200103,0.23,0.24,0.23,0.24,897607
CAM,20200103,0.98,0.995,0.98,0.98,83046
CAN,20200103,0.64,0.835,0.63,0.805,2064688
CAP,20200103,0.037,0.037,0.036,0.036,52000
CAR,20200103,17.2,17.2,16.76,16.87,322634
CAT,20200103,1.545,1.61,1.545,1.61,272643
CAU,20200103,0.215,0.215,0.205,0.215,19953
CAV,20200103,0.002,0.002,0.002,0.002,300000
CAY,20200103,0.155,0.16,0.155,0.16,164104
CAZ,20200103,0.022,0.022,0.022,0.022,30429
CBA,20200103,80.97,81.19,80.25,80.31,1622784
CBR,20200103,4.05,4.1,3.98,4.08,81434
CCA,20200103,0.17,0.17,0.16,0.16,105965
CCE,20200103,0.001,0.002,0.001,0.002,13845080
CCL,20200103,11.14,11.21,11.04,11.06,724320
CCP,20200103,31.5,31.88,31.18,31.29,67068
CCV,20200103,0.24,0.245,0.24,0.24,356751
CCX,20200103,2.63,2.74,2.63,2.7,412661
CCZ,20200103,0.018,0.02,0.018,0.02,3487385
CD1,20200103,1.625,1.625,1.625,1.625,1633
CDA,20200103,7.28,7.44,7.28,7.43,216992
CDD,20200103,0.48,0.48,0.48,0.48,1
CDM,20200103,0.75,0.76,0.75,0.76,127340
CDP,20200103,5.86,5.94,5.86,5.94,4109
CDV,20200103,0.3,0.34,0.3,0.34,746596
CDY,20200103,0.21,0.21,0.21,0.21,83966
CE1,20200103,0.009,0.009,0.007,0.008,644003
CEL,20200103,0.11,0.115,0.11,0.11,1617017
CEN,20200103,6.89,6.93,6.89,6.93,2790
CG1,20200103,0.52,0.52,0.52,0.52,7170
CGA,20200103,0.445,0.445,0.445,0.445,2000
CGB,20200103,0.015,0.016,0.015,0.015,3242856
CGC,20200103,2.49,2.57,2.47,2.49,1582421
CGF,20200103,8.3,8.39,8.22,8.27,936469
CGL,20200103,5.09,5.09,4.8,4.88,140006
CGR,20200103,0.565,0.57,0.565,0.57,511820
CGS,20200103,0.46,0.46,0.45,0.46,96291
CHC,20200103,11.37,11.37,11.12,11.16,553114
CHK,20200103,0.012,0.013,0.012,0.013,395161
CHN,20200103,0.235,0.26,0.235,0.26,2018987
CI1,20200103,0.016,0.016,0.015,0.016,527328
CIA,20200103,2.75,2.84,2.75,2.82,529263
CIE,20200103,0.865,0.87,0.865,0.87,16156
CIM,20200103,33.28,33.58,33.14,33.24,503034
CIN,20200103,32.2,32.2,31.9,31.9,3391
CIO,20200103,0.003,0.003,0.003,0.003,3664001
CIP,20200103,3.36,3.45,3.36,3.42,429270
CKA,20200103,0.045,0.048,0.045,0.048,81760
CKF,20200103,9,9.12,8.94,8.95,217702
CL1,20200103,2.05,2.07,2.03,2.05,48858
CLA,20200103,0.011,0.011,0.011,0.011,1504428
CLF,20200103,1.3,1.3,1.3,1.3,5000
CLH,20200103,1.105,1.115,1.09,1.1,153738
CLQ,20200103,0.22,0.225,0.212,0.215,832939
CLV,20200103,2.62,2.67,2.6,2.6,107363
CLW,20200103,5.5,5.54,5.44,5.45,1910337
CLX,20200103,0.77,0.77,0.765,0.765,4748
CLZ,20200103,0.002,0.002,0.002,0.002,550000
CM8,20200103,0.02,0.023,0.02,0.023,2070059
CMA,20200103,2.95,2.95,2.9,2.94,1202787
CMD,20200103,0.008,0.008,0.008,0.008,25000
CML,20200103,0.02,0.02,0.02,0.02,583100
CMM,20200103,1.235,1.235,1.21,1.235,72635
CMP,20200103,0.82,0.835,0.79,0.79,26061
CMW,20200103,1.18,1.185,1.17,1.18,3892400
CNI,20200103,2.22,2.23,2.21,2.22,97891
CNJ,20200103,0.009,0.009,0.009,0.009,230000
CNU,20200103,5.96,6.03,5.96,6.01,175815
CNW,20200103,0.04,0.04,0.04,0.04,200000
COB,20200103,0.135,0.145,0.135,0.145,22400
COE,20200103,0.62,0.63,0.605,0.63,1444295
COH,20200103,227.94,229.77,225.28,225.68,82410
COI,20200103,0.19,0.19,0.19,0.19,111797
COL,20200103,15.22,15.26,14.97,15.03,1052276
COO,20200103,0.079,0.079,0.079,0.079,100000
COY,20200103,0.007,0.007,0.007,0.007,24333
CP1,20200103,0.115,0.115,0.115,0.115,8695
CPH,20200103,0.12,0.12,0.115,0.12,184943
CPT,20200103,0.065,0.065,0.065,0.065,18771
CPU,20200103,16.99,17.23,16.98,17.12,821064
CPV,20200103,0.185,0.185,0.175,0.18,98354
CQE,20200103,3.27,3.27,3.23,3.26,382247
CQR,20200103,4.32,4.36,4.295,4.33,911891
CRL,20200103,0.019,0.02,0.019,0.02,83333
CRN,20200103,2.23,2.25,2.23,2.25,165370
CRS,20200103,0.115,0.115,0.115,0.115,32669
CSD,20200103,0.12,0.12,0.11,0.11,44483
CSL,20200103,280,280.97,276.19,277.3,427336
CSR,20200103,4.64,4.685,4.57,4.59,1810920
CSS,20200103,0.77,0.77,0.765,0.765,2713
CSV,20200103,0.305,0.31,0.305,0.305,79493
CT1,20200103,0.025,0.03,0.025,0.028,12883951
CTD,20200103,20.73,21.08,20.63,20.7,179809
CTM,20200103,0.012,0.012,0.012,0.012,796082
CTO,20200103,0.005,0.005,0.005,0.005,1076095
CTP,20200103,0.13,0.14,0.13,0.135,867472
CTX,20200103,34,34.4,33.99,34.27,342125
CUE,20200103,0.13,0.13,0.13,0.13,111800
CUL,20200103,0.012,0.012,0.012,0.012,6818
CUP,20200103,1.05,1.075,1.04,1.075,48771
CUV,20200103,28.95,29.43,28.29,28.43,124178
CV1,20200103,0.145,0.145,0.145,0.145,103377
CVF,20200103,1.04,1.05,1.04,1.05,47610
CVL,20200103,0.445,0.445,0.445,0.445,7000
CVN,20200103,0.37,0.385,0.365,0.375,1354288
CVW,20200103,0.475,0.48,0.475,0.48,6000
CWL,20200103,0.065,0.065,0.065,0.065,22846
CWN,20200103,12.19,12.26,12.1,12.1,573727
CWP,20200103,8,8.12,7.99,8.01,82525
CWX,20200103,0.215,0.22,0.21,0.22,37194
CWY,20200103,2.01,2.02,2,2.01,3162815
CXL,20200103,0.76,0.76,0.75,0.75,5084
CXM,20200103,0.043,0.043,0.043,0.043,100000
CXO,20200103,0.034,0.035,0.034,0.034,585555
CY5,20200103,0.04,0.04,0.037,0.038,63694
CYC,20200103,1.205,1.335,1.205,1.335,7800
CYG,20200103,1.08,1.1,1.08,1.1,33224
CYL,20200103,2.82,2.85,2.82,2.85,19752
CYM,20200103,0.24,0.24,0.24,0.24,9727
CYP,20200103,1.04,1.06,1.03,1.055,25374
CYQ,20200103,0.001,0.001,0.001,0.001,495000
CZL,20200103,0.009,0.009,0.009,0.009,2314742
CZN,20200103,0.003,0.005,0.003,0.004,97662603
CZR,20200103,0.009,0.009,0.009,0.009,2542211
D2O,20200103,1.435,1.44,1.425,1.425,34602
DAF,20200103,0.02,0.02,0.02,0.02,400000
DAU,20200103,0.015,0.015,0.015,0.015,419463
DAV,20200103,0.048,0.048,0.042,0.042,152961
DCC,20200103,0.031,0.032,0.03,0.031,478174
DCG,20200103,0.51,0.525,0.495,0.515,1126393
DCL,20200103,0.067,0.067,0.066,0.066,444412
DCN,20200103,1.61,1.645,1.575,1.63,2310893
DDR,20200103,6.81,7.05,6.8,6.95,132748
DEG,20200103,0.053,0.055,0.051,0.053,1716645
DEM,20200103,0.255,0.26,0.255,0.26,381022
DGO,20200103,0.95,0.95,0.95,0.95,1500
DGR,20200103,0.078,0.078,0.078,0.078,1186620
DHG,20200103,3.72,3.81,3.72,3.74,386783
DIV,20200103,23.38,23.42,23.17,23.17,1872
DJW,20200103,3.71,3.71,3.67,3.67,36771
DKM,20200103,0.17,0.175,0.17,0.175,70508
DLC,20200103,0.005,0.005,0.005,0.005,54920
DMP,20200103,53.8,54.37,53.04,53.99,137404
DNA,20200103,0.075,0.079,0.075,0.078,260340
DOW,20200103,8.18,8.295,8.145,8.16,627402
DRE,20200103,0.006,0.006,0.006,0.006,517500
DRO,20200103,0.265,0.275,0.265,0.265,211993
DRX,20200103,0.012,0.013,0.012,0.013,210648
DSE,20200103,0.049,0.05,0.048,0.05,120831
DTC,20200103,1.05,1.055,1.03,1.03,51604
DTL,20200103,3.83,4.08,3.83,3.97,504850
DTM,20200103,0.105,0.105,0.09,0.09,15000
DTR,20200103,0.002,0.002,0.002,0.002,3500000
DTS,20200103,0.12,0.125,0.12,0.125,109314
DUB,20200103,1.2,1.21,1.16,1.18,256600
DUI,20200103,5.05,5.07,5.05,5.07,13780
DW8,20200103,0.006,0.007,0.006,0.007,1521044
DWS,20200103,1.08,1.08,1.07,1.08,21726
DXB,20200103,0.135,0.14,0.135,0.14,171591
DXN,20200103,0.051,0.051,0.051,0.051,18150
DXS,20200103,11.94,11.94,11.84,11.91,3030991
DYL,20200103,0.28,0.285,0.28,0.28,12185
E2E,20200103,0.007,0.007,0.006,0.006,12611975
E2M,20200103,0.185,0.185,0.18,0.18,17377
EAI,20200103,1.065,1.065,1.06,1.06,279847
EAS,20200103,0.93,0.93,0.93,0.93,10731
EAX,20200103,0.255,0.255,0.255,0.255,3464
EBO,20200103,23.1,23.1,23.1,23.1,102
ECP,20200103,1.1,1.1,1.1,1.1,17278
ECS,20200103,0.05,0.052,0.05,0.052,369975
ECT,20200103,0.002,0.002,0.002,0.002,200000
ECX,20200103,1.43,1.535,1.43,1.51,1085411
ED1,20200103,0.99,1.005,0.97,0.97,45103
EDE,20200103,0.04,0.041,0.038,0.038,773049
EEG,20200103,0.475,0.475,0.44,0.455,110794
EGD,20200103,2.33,2.33,2.33,2.33,367
EGG,20200103,1.805,1.815,1.76,1.76,22140
EGH,20200103,0.37,0.38,0.37,0.38,62153
EGI,20200103,1.19,1.19,1.19,1.19,13703
EGN,20200103,0.565,0.565,0.56,0.56,19452
EGR,20200103,0.08,0.08,0.08,0.08,192500
EHE,20200103,2.41,2.48,2.41,2.45,334059
EHH,20200103,0.115,0.115,0.115,0.115,5000
EHL,20200103,2.17,2.23,2.17,2.21,303821
EHX,20200103,0.076,0.08,0.076,0.079,418008
ELD,20200103,6.48,6.61,6.44,6.48,537727
ELO,20200103,6.39,6.5,6.38,6.5,27862
ELS,20200103,0.39,0.39,0.38,0.38,3858
ELX,20200103,0.8,0.805,0.795,0.795,416994
EM1,20200103,0.014,0.016,0.014,0.016,519037
EML,20200103,4.66,4.73,4.58,4.63,1443647
EMR,20200103,0.04,0.04,0.039,0.039,251944
EMV,20200103,0.74,0.74,0.725,0.73,65265
EN1,20200103,0.023,0.023,0.022,0.022,4419498
ENN,20200103,2.11,2.11,2.05,2.08,37304
ENT,20200103,0.01,0.01,0.01,0.01,25000
EOF,20200103,2.65,2.74,2.61,2.74,46120
EOL,20200103,2.78,2.8,2.78,2.8,2284
EOS,20200103,7.51,7.55,7.4,7.52,169796
EPM,20200103,0.005,0.006,0.005,0.006,1360000
EQE,20200103,0.012,0.012,0.012,0.012,5295
EQT,20200103,31.5,31.5,31.14,31.15,349
EQX,20200103,0.25,0.25,0.247,0.25,12864
ERA,20200103,0.16,0.17,0.16,0.16,187285
ERF,20200103,1.205,1.21,1.205,1.21,10125
ERL,20200103,0.008,0.009,0.008,0.009,1500363
ERM,20200103,0.12,0.12,0.12,0.12,187513
ERX,20200103,0.068,0.07,0.067,0.07,1755250
ESH,20200103,0.009,0.01,0.009,0.009,3025005
ETF,20200103,22.5,22.5,22.36,22.36,367
EUC,20200103,0.02,0.02,0.02,0.02,40000
EUR,20200103,0.095,0.125,0.095,0.1,1006202
EVE,20200103,0.006,0.006,0.005,0.005,3833333
EVN,20200103,3.75,3.8,3.65,3.67,18078423
EVO,20200103,0.18,0.185,0.175,0.175,1781449
EVS,20200103,0.22,0.22,0.215,0.215,221380
EVT,20200103,13.94,14.02,13.83,13.97,27302
EVZ,20200103,0.21,0.21,0.18,0.18,18476
EWC,20200103,0.078,0.078,0.074,0.074,323566
EX1,20200103,0.275,0.275,0.275,0.275,2950
EXL,20200103,0.58,0.59,0.56,0.57,531693
EXP,20200103,0.265,0.265,0.255,0.255,13287
EXR,20200103,0.035,0.035,0.035,0.035,133935
EZL,20200103,1.045,1.045,1.045,1.045,18956
FAM,20200103,0.054,0.054,0.054,0.054,700
FAR,20200103,0.043,0.044,0.042,0.042,6569227
FAU,20200103,0.009,0.009,0.008,0.009,4441493
FBR,20200103,0.046,0.047,0.046,0.047,1124062
FBU,20200103,4.98,5.03,4.96,4.98,301539
FCL,20200103,2.65,2.66,2.56,2.65,13730
FCT,20200103,0.16,0.17,0.16,0.17,65591
FDV,20200103,0.81,0.81,0.8,0.8,140885
FEL,20200103,0.014,0.016,0.014,0.016,84575
FEX,20200103,0.058,0.059,0.055,0.059,1518332
FFG,20200103,0.009,0.011,0.009,0.011,3433186
FFL,20200103,0.45,0.45,0.45,0.45,4444
FFR,20200103,0.058,0.058,0.058,0.058,9999
FGG,20200103,1.28,1.285,1.275,1.275,194757
FGO,20200103,0.001,0.001,0.001,0.001,64033
FGR,20200103,0.145,0.15,0.145,0.145,610456
FGX,20200103,1.185,1.185,1.175,1.175,139389
FHS,20200103,0.014,0.014,0.014,0.014,142857
FID,20200103,5.51,5.54,5.5,5.54,10503
FLC,20200103,0.445,0.45,0.44,0.445,595824
FLN,20200103,0.58,0.58,0.565,0.565,50644
FLT,20200103,44.14,45,44.14,44.37,151051
FMG,20200103,10.96,10.98,10.75,10.75,6745713
FML,20200103,0.235,0.245,0.23,0.23,6160
FMS,20200103,0.057,0.057,0.057,0.057,24185
FNP,20200103,5.09,5.11,4.95,4.96,197066
FOD,20200103,0.078,0.078,0.078,0.078,14512
FOR,20200103,1.185,1.185,1.175,1.175,65777
FPH,20200103,21.3,21.63,21.14,21.21,146683
FPL,20200103,0.007,0.007,0.007,0.007,57776
FPP,20200103,0.94,0.94,0.93,0.93,7121
FRI,20200103,0.855,0.855,0.855,0.855,10728
FRM,20200103,0.35,0.35,0.35,0.35,1571
FRN,20200103,0.023,0.024,0.021,0.021,3143295
FRX,20200103,0.016,0.028,0.016,0.028,315000
FSA,20200103,1.44,1.44,1.43,1.43,4419
FSG,20200103,0.026,0.027,0.026,0.027,40000
FTC,20200103,0.12,0.12,0.105,0.105,100000
FWD,20200103,2.06,2.06,2.05,2.06,15885
FXL,20200103,1.865,1.93,1.85,1.855,325144
FYI,20200103,0.054,0.054,0.054,0.054,100000
FZO,20200103,0.17,0.177,0.17,0.177,295903
G1A,20200103,0.29,0.29,0.29,0.29,18972
G88,20200103,0.048,0.048,0.046,0.046,30692
GAL,20200103,0.13,0.13,0.13,0.13,474363
GAP,20200103,0.26,0.265,0.26,0.265,57053
GAS,20200103,0.65,0.65,0.65,0.65,65240
GBE,20200103,0.017,0.017,0.017,0.017,50000
GBR,20200103,0.038,0.038,0.038,0.038,50000
GBZ,20200103,0.037,0.039,0.037,0.037,92494
GC1,20200103,0.825,0.825,0.825,0.825,1165
GCI,20200103,2.04,2.04,2.03,2.03,128996
GDF,20200103,1.405,1.41,1.395,1.395,48415
GDG,20200103,0.735,0.74,0.735,0.74,31535
GDI,20200103,1.48,1.485,1.47,1.48,133272
GDX,20200103,42.22,42.75,42.03,42.75,6634
GEM,20200103,1.95,2.015,1.95,1.955,2075103
GFL,20200103,2.11,2.16,2.1,2.16,53138
GGG,20200103,0.125,0.13,0.125,0.125,432487
GGX,20200103,0.003,0.003,0.003,0.003,1190000
GIB,20200103,0.057,0.068,0.054,0.065,948277
GID,20200103,0.016,0.016,0.014,0.015,2357308
GLB,20200103,1.645,1.72,1.645,1.72,7444
GLL,20200103,0.71,0.725,0.71,0.725,52451
GLN,20200103,0.135,0.135,0.135,0.135,3704
GLV,20200103,0.001,0.002,0.001,0.002,365465
GMA,20200103,3.62,3.7,3.6,3.66,329637
GMD,20200103,0.033,0.034,0.032,0.034,2298544
GME,20200103,0.056,0.056,0.052,0.052,13000
GMG,20200103,13.66,13.66,13.455,13.5,1717762
GML,20200103,0.017,0.017,0.017,0.017,30000
GMN,20200103,0.081,0.081,0.08,0.08,280038
GMV,20200103,0.082,0.091,0.082,0.091,32846
GNC,20200103,7.72,7.92,7.72,7.88,633689
GNE,20200103,2.97,2.97,2.88,2.89,24055
GNM,20200103,0.009,0.009,0.009,0.009,65151
GNX,20200103,0.225,0.23,0.22,0.23,250700
GOR,20200103,1.38,1.397,1.36,1.37,5128538
GOZ,20200103,4.2,4.23,4.17,4.21,500478
GPR,20200103,0.5,0.52,0.5,0.5,24850
GPT,20200103,5.76,5.76,5.69,5.73,3517958
GPX,20200103,0.14,0.14,0.14,0.14,6123
GRB,20200103,0.09,0.09,0.09,0.09,6908
GRL,20200103,0.235,0.24,0.23,0.23,119993
GRR,20200103,0.25,0.255,0.245,0.255,1875001
GSN,20200103,0.07,0.07,0.069,0.069,327467
GSS,20200103,1,1,0.98,0.98,13760
GSW,20200103,0.475,0.495,0.47,0.49,202316
GTG,20200103,0.005,0.006,0.005,0.006,545587
GTK,20200103,3.59,3.6,3.55,3.55,386
GTN,20200103,0.83,0.895,0.83,0.875,77186
GTR,20200103,0.009,0.009,0.008,0.008,450000
GUD,20200103,11.22,11.655,11.22,11.34,213429
GVF,20200103,1.12,1.12,1.12,1.12,9702
GWA,20200103,3.44,3.44,3.41,3.41,403533
GXY,20200103,1.015,1.03,0.995,1.02,3258955
HAS,20200103,0.115,0.12,0.115,0.12,79374
HAV,20200103,0.105,0.115,0.105,0.105,36344
HCD,20200103,0.085,0.085,0.085,0.085,75000
HCH,20200103,0.038,0.038,0.037,0.037,2213876
HE8,20200103,0.19,0.195,0.19,0.195,33610041
HFR,20200103,0.69,0.7,0.67,0.7,34585
HGO,20200103,0.061,0.061,0.06,0.061,395000
HIL,20200103,0.325,0.325,0.32,0.325,26645
HIP,20200103,0.019,0.02,0.019,0.02,200876
HIT,20200103,1.225,1.225,1.21,1.21,5602
HLA,20200103,1.12,1.12,1.095,1.095,18239
HLO,20200103,4.96,5,4.95,5,44655
HLS,20200103,2.79,2.83,2.75,2.77,1022208
HM1,20200103,3.31,3.34,3.25,3.25,121672
HMC,20200103,3.91,3.93,3.85,3.87,28533
HMD,20200103,0.175,0.175,0.16,0.165,97301
HMX,20200103,0.022,0.022,0.022,0.022,364100
HPI,20200103,3.13,3.15,3.12,3.12,88258
HRL,20200103,0.12,0.12,0.115,0.12,340179
HRR,20200103,0.098,0.098,0.098,0.098,15000
HRZ,20200103,0.081,0.082,0.08,0.082,62278
HSN,20200103,3.75,3.82,3.73,3.77,124084
HT1,20200103,1.69,1.725,1.665,1.665,56153
HTA,20200103,0.125,0.125,0.125,0.125,1500
HUB,20200103,11.15,11.41,11.15,11.32,321451
HUO,20200103,4.55,4.68,4.55,4.68,644
HVN,20200103,4.11,4.16,4.11,4.12,1874369
HWH,20200103,0.041,0.041,0.039,0.041,929203
HWK,20200103,0.006,0.006,0.006,0.006,15333
HXG,20200103,0.064,0.064,0.064,0.064,14496
HYD,20200103,0.24,0.24,0.22,0.22,9576
HZN,20200103,0.125,0.13,0.122,0.13,1575870
HZR,20200103,0.395,0.395,0.395,0.395,15172
IAA,20200103,97.78,97.78,95.31,96.45,13158
IAF,20200103,113.99,114.52,113.99,114.42,13878
IAG,20200103,7.69,7.72,7.57,7.61,3352922
IAM,20200103,0.001,0.001,0.001,0.001,108275
IAP,20200103,1.495,1.495,1.465,1.49,38007
IBC,20200103,0.525,0.525,0.525,0.525,9000
IBG,20200103,0.013,0.013,0.013,0.013,118333
IBX,20200103,0.028,0.028,0.025,0.025,8649548
ICE,20200103,0.19,0.19,0.175,0.19,254850
ICG,20200103,0.001,0.002,0.001,0.001,7100000
ICI,20200103,0.03,0.033,0.03,0.033,119938
ICQ,20200103,0.305,0.31,0.305,0.31,100911
ICT,20200103,0.065,0.065,0.063,0.063,296620
ID8,20200103,0.295,0.295,0.295,0.295,6667
IDT,20200103,0.14,0.14,0.14,0.14,16321
IDX,20200103,3.76,3.83,3.715,3.73,191275
IEL,20200103,17.68,17.82,17.42,17.5,182131
IEM,20200103,65.67,66.12,64.82,64.97,21796
IEU,20200103,67.7,68.13,67.45,67.75,14270
IFL,20200103,7.94,8.07,7.92,7.96,423253
IFM,20200103,2.18,2.18,2.095,2.14,117504
IFN,20200103,0.66,0.66,0.645,0.65,187040
IFT,20200103,4.94,4.95,4.83,4.94,4262
IGB,20200103,112.42,112.67,112.42,112.67,13130
IGE,20200103,0.27,0.295,0.235,0.245,5362384
IGL,20200103,2.55,2.55,2.45,2.46,394111
IGO,20200103,6.24,6.345,6.24,6.31,1376725
IHD,20200103,14.4,14.4,14.29,14.29,6110
IHL,20200103,0.06,0.063,0.06,0.061,552957
IHR,20200103,0.099,0.1,0.095,0.095,204999
IJH,20200103,294.78,294.78,293.55,293.78,1411
IJP,20200103,84.72,86.35,84.72,85.8,7529
IJR,20200103,120.75,121.3,119,120.56,712
IKO,20200103,90.48,91.36,89.15,89.15,1848
ILB,20200103,127.47,127.78,127.38,127.65,497
ILC,20200103,26.21,26.24,26.03,26.03,4648
ILU,20200103,9.2,9.31,9.18,9.23,1591951
IMA,20200103,0.24,0.24,0.24,0.24,45145
IMC,20200103,0.135,0.135,0.13,0.13,25000
IMD,20200103,1.525,1.525,1.455,1.47,201902
IME,20200103,0.038,0.039,0.038,0.039,322138
IMF,20200103,4.38,4.48,4.38,4.42,436811
IMM,20200103,0.26,0.26,0.25,0.26,301862
IMR,20200103,1.15,1.15,1.15,1.15,4002
IMU,20200103,0.031,0.031,0.03,0.03,9640831
INA,20200103,4.97,4.97,4.87,4.91,989034
INF,20200103,0.06,0.06,0.06,0.06,242009
ING,20200103,3.45,3.46,3.42,3.44,964111
INP,20200103,0.018,0.022,0.018,0.022,862313
INR,20200103,0.19,0.19,0.18,0.18,546419
IOD,20200103,0.14,0.14,0.14,0.14,20750
IOO,20200103,77.8,79.01,77.8,78.01,7794
IOZ,20200103,27.75,27.84,27.59,27.59,912023
IPB,20200103,0.026,0.026,0.026,0.026,202550
IPD,20200103,0.16,0.16,0.155,0.155,166000
IPH,20200103,8.35,8.41,8.25,8.3,487369
IPL,20200103,3.23,3.23,3.185,3.19,1911336
IPT,20200103,0.006,0.006,0.006,0.006,136878
IRD,20200103,0.083,0.085,0.083,0.083,187262
IRE,20200103,13.39,13.66,13.375,13.55,411071
IRI,20200103,3.32,3.43,3.22,3.25,283481
ISD,20200103,0.295,0.3,0.29,0.295,584714
ISO,20200103,5.06,5.11,5.06,5.1,19779
ISU,20200103,0.495,0.505,0.485,0.485,95927
ITG,20200103,0.46,0.46,0.46,0.46,425
IVC,20200103,13.6,13.77,13.45,13.49,242472
IVE,20200103,99.5,101.33,99.34,99.49,320
IVR,20200103,0.023,0.025,0.023,0.024,7020277
IVV,20200103,467.39,470,464.8,464.92,5509
IVX,20200103,0.013,0.013,0.012,0.012,947951
IXC,20200103,0.86,0.86,0.86,0.86,5000
IXI,20200103,79.9,80.03,79.15,79.15,2062
IXJ,20200103,99.5,99.76,98.5,98.7,7457
IZZ,20200103,63.47,64.83,63.2,63.2,5302
JAN,20200103,0.48,0.48,0.46,0.46,10884
JAT,20200103,0.049,0.05,0.048,0.049,969661
JAY,20200103,0.385,0.385,0.385,0.385,10000
JBH,20200103,38.63,38.84,38.21,38.33,207615
JCS,20200103,0.026,0.027,0.026,0.026,370400
JDR,20200103,0.011,0.011,0.011,0.011,50000
JHC,20200103,0.995,1.01,0.985,0.99,142777
JHG,20200103,35.09,35.51,34.9,34.93,56104
JHX,20200103,28.25,28.5,28.03,28.06,476198
JIN,20200103,15.01,15.6,15.01,15.27,382521
JLG,20200103,2.41,2.46,2.28,2.3,90688
JMS,20200103,0.29,0.3,0.28,0.3,3331435
JRL,20200103,0.315,0.315,0.315,0.315,3212
JRV,20200103,0.215,0.225,0.215,0.225,195962
JXT,20200103,0.145,0.152,0.145,0.15,341172
JYC,20200103,1.52,1.525,1.52,1.525,11626
K2F,20200103,0.265,0.27,0.26,0.26,181500
KAI,20200103,0.011,0.011,0.011,0.011,70000
KAR,20200103,1.15,1.18,1.127,1.16,2062744
KCN,20200103,0.43,0.43,0.415,0.415,112970
KFE,20200103,0.067,0.067,0.064,0.066,477212
KGM,20200103,0.006,0.006,0.005,0.005,120008
KGN,20200103,7.54,7.6,7.39,7.44,206452
KIS,20200103,0.067,0.067,0.067,0.067,29000
KKC,20200103,2.49,2.495,2.48,2.49,128084
KLA,20200103,63.5,64.51,63.05,64.51,627
KLL,20200103,0.49,0.495,0.49,0.49,178557
KMD,20200103,3.17,3.2,3.17,3.2,202573
KNO,20200103,0.09,0.093,0.09,0.093,37922
KOV,20200103,3.55,3.58,3.46,3.58,3198
KPO,20200103,0.032,0.032,0.031,0.031,732708
KPT,20200103,1.98,2.02,1.96,1.96,28832
KRM,20200103,0.028,0.031,0.028,0.031,719178
KRR,20200103,0.022,0.022,0.022,0.022,25001
KSC,20200103,1.53,1.54,1.53,1.54,6339
KSL,20200103,1.48,1.48,1.45,1.45,86051
KSS,20200103,0.31,0.315,0.305,0.315,483750
KTA,20200103,0.044,0.045,0.038,0.038,1527096
KTD,20200103,0.385,0.39,0.38,0.385,184109
KTG,20200103,0.21,0.22,0.2,0.22,332309
KWR,20200103,0.17,0.17,0.17,0.17,1000
KYK,20200103,0.115,0.12,0.11,0.115,79161
KZA,20200103,0.625,0.625,0.58,0.62,20016
KZR,20200103,0.28,0.295,0.275,0.285,187353
LAA,20200103,0.029,0.029,0.029,0.029,150000
LAU,20200103,0.35,0.36,0.35,0.36,154910
LAW,20200103,0.069,0.069,0.067,0.067,687850
LBL,20200103,0.695,0.7,0.695,0.7,19605
LBT,20200103,0.165,0.165,0.165,0.165,6875
LCK,20200103,0.15,0.15,0.145,0.15,87857
LCM,20200103,0.19,0.19,0.19,0.19,26100
LCT,20200103,0.016,0.016,0.016,0.016,22793
LEG,20200103,0.083,0.086,0.08,0.082,3350784
LEP,20200103,5.69,5.69,5.67,5.67,19629
LI3,20200103,0.025,0.025,0.025,0.025,1600000
LIC,20200103,9.44,9.69,9.34,9.62,61423
LIN,20200103,0.035,0.038,0.035,0.035,8020210
LIT,20200103,0.063,0.063,0.06,0.062,889556
LKE,20200103,0.033,0.042,0.033,0.037,1229389
LLC,20200103,18.18,18.3,17.95,17.98,731481
LLO,20200103,1.88,2,1.88,2,21713
LME,20200103,1.84,1.86,1.84,1.85,23567
LMW,20200103,0.15,0.15,0.145,0.145,18000
LNG,20200103,0.195,0.195,0.19,0.195,1483482
LNK,20200103,5.91,5.99,5.88,5.89,1765997
LNU,20200103,0.025,0.026,0.025,0.026,359213
LOM,20200103,0.125,0.13,0.125,0.13,200225
LON,20200103,0.165,0.165,0.165,0.165,14832
LOT,20200103,0.06,0.063,0.06,0.06,193797
LOV,20200103,12.1,12.23,11.96,12.04,64687
LPD,20200103,0.016,0.017,0.016,0.017,5876905
LPI,20200103,0.275,0.315,0.265,0.3,328865
LRS,20200103,0.005,0.005,0.005,0.005,260240
LSF,20200103,1.64,1.64,1.62,1.625,301417
LSH,20200103,0.031,0.031,0.026,0.03,250271
LSR,20200103,0.009,0.011,0.009,0.01,1690933
LSX,20200103,0.465,0.47,0.465,0.47,33068
LTR,20200103,0.086,0.091,0.086,0.09,4047305
LVH,20200103,0.225,0.23,0.225,0.23,113258
LVT,20200103,0.29,0.295,0.275,0.275,2330241
LYC,20200103,2.34,2.365,2.305,2.32,1728311
LYL,20200103,5.42,5.64,5.42,5.6,4571
M7T,20200103,0.69,0.69,0.67,0.67,87528
M8S,20200103,0.23,0.235,0.21,0.22,271640
MA1,20200103,1.03,1.03,1.025,1.03,160000
MAD,20200103,1.03,1.03,1.03,1.03,19450
MAG,20200103,0.21,0.22,0.21,0.22,17057
MAH,20200103,0.285,0.29,0.28,0.29,341004
MAI,20200103,0.54,0.54,0.54,0.54,126423
MAM,20200103,0.48,0.5,0.48,0.5,25147
MAT,20200103,0.12,0.12,0.12,0.12,35209
MAU,20200103,0.455,0.495,0.455,0.495,25899
MCA,20200103,0.165,0.165,0.165,0.165,152484
MCE,20200103,0.36,0.36,0.355,0.355,11939
MCP,20200103,2.45,2.53,2.45,2.53,8052
MCT,20200103,0.004,0.004,0.004,0.004,153000
MCY,20200103,4.84,4.84,4.84,4.84,13
MDC,20200103,0.305,0.305,0.3,0.3,32121
MDI,20200103,0.004,0.004,0.004,0.004,500000
MDR,20200103,0.36,0.38,0.35,0.38,127810
MEA,20200103,0.33,0.335,0.33,0.335,16261
MEB,20200103,0.01,0.01,0.01,0.01,2680000
MEC,20200103,0.97,0.97,0.96,0.96,39748
MEI,20200103,0.032,0.034,0.032,0.034,2816811
MEL,20200103,0.044,0.044,0.041,0.044,328690
MEM,20200103,0.05,0.05,0.05,0.05,130000
MEP,20200103,0.049,0.054,0.049,0.052,2030000
MEU,20200103,0.025,0.025,0.024,0.025,173531
MEY,20200103,0.09,0.09,0.085,0.087,34101
MEZ,20200103,4.79,5.01,4.75,5.01,22065
MFD,20200103,1.005,1.02,1,1.02,59035
MFF,20200103,3.62,3.62,3.6,3.62,121885
MFG,20200103,59,59.81,58.51,59.06,312447
MGC,20200103,0.44,0.44,0.435,0.44,87445
MGE,20200103,4.04,4.05,4.03,4.04,322348
MGG,20200103,2,2.02,1.995,2,213933
MGR,20200103,3.2,3.23,3.19,3.21,6090792
MGT,20200103,0.005,0.005,0.005,0.005,82740
MGV,20200103,0.093,0.099,0.09,0.091,1326925
MGX,20200103,0.97,0.98,0.955,0.98,1137800
MHC,20200103,0.005,0.005,0.005,0.005,1792296
MHG,20200103,3.61,3.62,3.61,3.61,21049
MHH,20200103,1.62,1.64,1.62,1.635,348606
MHJ,20200103,0.7,0.7,0.69,0.695,56998
MIL,20200103,0.4,0.4,0.4,0.4,6069
MIN,20200103,16.67,16.865,16.45,16.57,636866
MIO,20200103,0.255,0.255,0.245,0.245,185225
MIR,20200103,2.73,2.74,2.7,2.7,12737
MKG,20200103,0.07,0.07,0.07,0.07,28090
MLD,20200103,1.03,1.045,1.03,1.045,147252
MLL,20200103,0.077,0.078,0.075,0.078,31601
MLM,20200103,0.014,0.016,0.014,0.016,1015000
MLS,20200103,0.001,0.001,0.001,0.001,3150000
MLT,20200103,4.94,4.96,4.93,4.95,252226
MLX,20200103,0.079,0.08,0.078,0.079,708647
MME,20200103,1.43,1.43,1.4,1.42,77697
MMI,20200103,0.14,0.145,0.14,0.145,673083
MMJ,20200103,0.145,0.15,0.145,0.15,198493
MML,20200103,0.825,0.88,0.825,0.875,563577
MMM,20200103,0.295,0.365,0.295,0.35,95692
MMS,20200103,13.09,13.37,13.09,13.2,85140
MNC,20200103,0.069,0.07,0.068,0.068,65471
MND,20200103,16.94,17.12,16.83,16.9,152536
MNF,20200103,5.03,5.05,4.925,4.98,27976
MNS,20200103,0.083,0.085,0.08,0.08,219841
MNY,20200103,2.31,2.37,2.31,2.36,118357
MOC,20200103,1.25,1.265,1.25,1.265,71475
MOE,20200103,5.11,5.11,5.03,5.03,32669
MOH,20200103,0.045,0.045,0.045,0.045,30000
MOT,20200103,2.09,2.09,2.08,2.08,166496
MOZ,20200103,2.28,2.3,2.28,2.28,10255
MP1,20200103,10.43,10.81,10.43,10.5,157892
MPH,20200103,0.275,0.275,0.275,0.275,778
MPL,20200103,3.22,3.24,3.19,3.21,4641366
MPW,20200103,0.084,0.084,0.084,0.084,132973
MQG,20200103,139.75,140.26,138.37,138.37,475051
MQR,20200103,0.052,0.052,0.052,0.052,25000
MRC,20200103,0.27,0.27,0.265,0.265,15750
MRD,20200103,0.002,0.003,0.002,0.003,1500000
MRM,20200103,0.17,0.17,0.17,0.17,55232
MRQ,20200103,0.028,0.03,0.027,0.027,39953851
MRV,20200103,0.003,0.003,0.003,0.003,515000
MSB,20200103,2.14,2.17,2.08,2.1,2818657
MSE,20200103,0.012,0.012,0.012,0.012,293615
MSG,20200103,0.019,0.019,0.019,0.019,259000
MSM,20200103,0.014,0.014,0.014,0.014,74999
MSV,20200103,0.059,0.06,0.059,0.06,322700
MTB,20200103,0.003,0.003,0.003,0.003,1061575
MTC,20200103,0.039,0.042,0.039,0.04,327900
MTH,20200103,0.008,0.009,0.008,0.009,1100000
MTO,20200103,2.01,2.01,1.99,1.99,6500
MTS,20200103,2.58,2.61,2.56,2.57,2001360
MVA,20200103,24.9,24.99,24.8,24.8,1491
MVB,20200103,26.21,26.24,26.04,26.08,6717
MVE,20200103,29.4,29.52,29.4,29.52,2024
MVF,20200103,1.02,1.05,1.02,1.035,62161
MVP,20200103,9.06,9.18,8.94,9,222978
MVR,20200103,30.19,30.19,30.19,30.19,1037
MVW,20200103,31.21,31.39,31.13,31.18,67798
MWR,20200103,0.3,0.3,0.295,0.295,108384
MWY,20200103,1.96,1.96,1.9,1.9,70871
MX1,20200103,0.2,0.2,0.197,0.2,3106862
MXC,20200103,0.033,0.033,0.032,0.033,276144
MXI,20200103,0.22,0.225,0.21,0.215,131870
MXT,20200103,2.06,2.07,2.06,2.06,196429
MYE,20200103,0.94,0.94,0.927,0.94,15694
MYL,20200103,0.046,0.051,0.045,0.046,4102431
MYQ,20200103,0.26,0.26,0.25,0.26,29000
MYR,20200103,0.49,0.49,0.475,0.475,553216
MYS,20200103,5,5,4.98,4.98,75370
MYX,20200103,0.45,0.45,0.44,0.445,1418971
MZZ,20200103,0.245,0.245,0.245,0.245,10097
NAB,20200103,24.93,24.93,24.66,24.72,3142425
NAC,20200103,0.965,0.965,0.965,0.965,47203
NAN,20200103,6.45,6.48,6.3,6.34,707140
NBI,20200103,2.07,2.08,2.07,2.07,144005
NC6,20200103,0.05,0.05,0.05,0.05,50000
NCC,20200103,1.05,1.05,1.015,1.02,15271
NCK,20200103,6.84,6.93,6.64,6.7,77577
NCM,20200103,30.44,30.44,29.41,30.18,3270022
NCZ,20200103,0.27,0.28,0.26,0.275,2119731
NDQ,20200103,21.57,21.6,21.41,21.43,62952
NEA,20200103,2.58,2.63,2.52,2.52,2906898
NEC,20200103,1.83,1.86,1.82,1.83,2649761
NES,20200103,0.06,0.06,0.06,0.06,6807
NET,20200103,0.12,0.12,0.115,0.115,2025090
NEU,20200103,2.43,2.62,2.43,2.61,163508
NEW,20200103,1.35,1.36,1.35,1.35,37653
NGI,20200103,2.83,2.89,2.77,2.79,242927
NHC,20200103,2.08,2.12,2.07,2.1,1447368
NHF,20200103,6.44,6.52,6.38,6.41,494707
NIC,20200103,0.64,0.665,0.64,0.65,548306
NML,20200103,0.115,0.12,0.115,0.12,582820
NMT,20200103,0.195,0.2,0.195,0.195,67137
NOR,20200103,0.043,0.043,0.043,0.043,38998
NOV,20200103,0.205,0.205,0.205,0.205,39024
NOX,20200103,0.285,0.285,0.275,0.275,100419
NSC,20200103,0.755,0.76,0.75,0.75,78742
NSR,20200103,1.895,1.91,1.88,1.9,3132993
NST,20200103,11.4,11.92,11.34,11.92,4183626
NTD,20200103,0.445,0.46,0.44,0.45,494704
NTM,20200103,0.079,0.08,0.077,0.079,507285
NTO,20200103,1.645,1.665,1.645,1.65,58386
NTU,20200103,0.062,0.062,0.06,0.06,1371051
NUC,20200103,3.81,3.81,3.72,3.72,13043
NUF,20200103,6.15,6.24,6.1,6.1,851733
NUH,20200103,0.034,0.036,0.034,0.036,107599
NUS,20200103,0.315,0.325,0.315,0.325,83467
NVA,20200103,0.045,0.051,0.045,0.048,5082339
NVL,20200103,3.62,3.63,3.62,3.62,156246
NVO,20200103,0.015,0.016,0.015,0.016,823866
NVU,20200103,0.047,0.048,0.047,0.048,53083
NWE,20200103,0.006,0.006,0.006,0.006,28517943
NWF,20200103,0.175,0.19,0.175,0.19,7500
NWH,20200103,3.21,3.22,3.095,3.13,1181437
NWL,20200103,8.11,8.27,8.02,8.07,656928
NWS,20200103,21.04,21.38,20.94,21.15,117337
NXE,20200103,0.012,0.012,0.012,0.012,5000
NXM,20200103,0.046,0.046,0.046,0.046,39352
NXS,20200103,1.94,1.99,1.93,1.95,265139
NXT,20200103,6.71,6.74,6.55,6.55,925815
NZC,20200103,0.295,0.31,0.295,0.31,33494
NZK,20200103,1.97,1.98,1.97,1.98,2885
NZM,20200103,0.375,0.405,0.375,0.405,449
OAR,20200103,0.005,0.005,0.004,0.005,1500000
OAU,20200103,0.021,0.022,0.021,0.022,90000
OBM,20200103,0.18,0.18,0.17,0.177,781870
OCA,20200103,1.28,1.28,1.28,1.28,785
OCC,20200103,0.495,0.5,0.485,0.495,193506
OCL,20200103,6.4,6.49,6.2,6.3,8834
OEC,20200103,0.375,0.38,0.375,0.38,80000
OEL,20200103,0.037,0.037,0.036,0.037,1823191
OEX,20200103,0.003,0.004,0.003,0.004,850000
OFX,20200103,1.41,1.41,1.375,1.4,67935
OGA,20200103,0.135,0.135,0.13,0.13,118651
OGC,20200103,2.79,2.86,2.745,2.86,1639328
OIL,20200103,0.037,0.038,0.037,0.038,219100
OKU,20200103,0.15,0.16,0.15,0.16,287745
OLI,20200103,0.075,0.078,0.071,0.071,264988
OLL,20200103,0.165,0.175,0.16,0.175,216902
OLV,20200103,0.011,0.011,0.011,0.011,220900
OMH,20200103,0.49,0.51,0.49,0.495,105678
OML,20200103,3.79,3.86,3.745,3.8,588887
ONT,20200103,6.27,6.28,6.27,6.28,1562
OOO,20200103,15.79,16.19,15.7,16.19,26019
OPC,20200103,4,4.08,4,4.08,11918
OPH,20200103,2.49,2.49,2.49,2.49,214513
OPL,20200103,0.13,0.13,0.13,0.13,7014
OPT,20200103,2.92,2.96,2.83,2.86,206107
OPY,20200103,1.24,1.25,1.235,1.245,103702
ORA,20200103,3.2,3.28,3.19,3.21,2400441
ORE,20200103,2.81,2.89,2.78,2.82,1065102
ORG,20200103,8.56,8.635,8.54,8.6,2743058
ORI,20200103,22.24,22.4,22.1,22.18,412454
ORN,20200103,0.023,0.023,0.023,0.023,149347
ORR,20200103,0.405,0.42,0.405,0.41,16055
OSH,20200103,7.31,7.51,7.27,7.49,3776215
OSL,20200103,0.17,0.17,0.165,0.165,313415
OSP,20200103,0.029,0.029,0.028,0.028,541230
OSX,20200103,0.74,0.74,0.72,0.72,34256
OTW,20200103,4.64,4.65,4.6,4.65,9163
OVH,20200103,0.36,0.38,0.36,0.38,570827
OVL,20200103,0.009,0.009,0.009,0.009,180000
OVN,20200103,0.495,0.495,0.495,0.495,40131
OVT,20200103,0.049,0.049,0.049,0.049,117552
OZF,20200103,19.43,19.46,19.29,19.32,13312
OZL,20200103,10.65,10.74,10.61,10.65,806460
OZR,20200103,12.06,12.21,12.06,12.19,23090
PAA,20200103,0.11,0.11,0.105,0.105,193000
PAB,20200103,0.019,0.019,0.019,0.019,1025000
PAC,20200103,6.25,6.32,6.24,6.25,9672
PAF,20200103,0.935,0.935,0.935,0.935,54075
PAI,20200103,1.095,1.1,1.08,1.1,150898
PAL,20200103,1.05,1.06,1.04,1.06,21560
PAN,20200103,0.32,0.325,0.32,0.32,865281
PAR,20200103,3.01,3.29,3.01,3.29,720051
PBH,20200103,4.93,4.99,4.9,4.95,169297
PBP,20200103,1.97,1.98,1.97,1.98,12217
PCI,20200103,1.135,1.135,1.13,1.135,38891
PCK,20200103,0.19,0.195,0.19,0.195,1070081
PCL,20200103,0.002,0.002,0.002,0.002,1367878
PDI,20200103,0.008,0.01,0.008,0.01,15315603
PDL,20200103,8.7,8.82,8.64,8.7,392663
PDN,20200103,0.1,0.1,0.095,0.095,3841988
PE1,20200103,1.6,1.66,1.6,1.66,76873
PEK,20200103,0.039,0.039,0.039,0.039,337997
PEN,20200103,0.175,0.18,0.17,0.175,58364
PET,20200103,0.84,0.84,0.805,0.805,252804
PEX,20200103,0.24,0.24,0.24,0.24,249200
PFG,20200103,0.079,0.079,0.079,0.079,12312
PFP,20200103,3.5,3.57,3.42,3.46,70404
PG1,20200103,0.105,0.105,0.105,0.105,215238
PGC,20200103,0.43,0.435,0.425,0.43,162496
PGF,20200103,1.27,1.28,1.26,1.275,59053
PGG,20200103,2.06,2.06,2.06,2.06,33554
PGH,20200103,2.67,2.72,2.65,2.68,305659
PGL,20200103,1.985,2.04,1.98,1.98,180036
PGM,20200103,0.018,0.018,0.018,0.018,276669
PGX,20200103,0.35,0.35,0.35,0.35,22331
PGY,20200103,0.022,0.022,0.022,0.022,88000
PIA,20200103,1.135,1.145,1.135,1.14,59241
PIC,20200103,1.08,1.09,1.08,1.09,99597
PIN,20200103,0.08,0.08,0.08,0.08,60000
PIO,20200103,0.013,0.013,0.013,0.013,38462
PIQ,20200103,0.27,0.27,0.27,0.27,130391
PKS,20200103,0.165,0.165,0.16,0.165,175000
PL8,20200103,1.19,1.195,1.185,1.185,319657
PLL,20200103,0.12,0.12,0.12,0.12,475163
PLS,20200103,0.31,0.32,0.302,0.31,9647296
PM8,20200103,0.175,0.175,0.175,0.175,1705
PMC,20200103,1.73,1.73,1.69,1.69,88499
PME,20200103,22.69,23.48,22.61,22.85,234196
PMV,20200103,19.39,19.39,18.95,18.98,113879
PMY,20200103,0.008,0.008,0.008,0.008,150000
PNC,20200103,1.775,1.8,1.775,1.795,148986
PNI,20200103,4.77,4.8,4.67,4.7,304607
PNN,20200103,0.003,0.003,0.003,0.003,125000
PNR,20200103,0.155,0.155,0.15,0.15,1151517
PNV,20200103,1.89,1.92,1.86,1.87,1686607
PNW,20200103,0.25,0.3,0.25,0.3,7072
PNX,20200103,0.007,0.007,0.007,0.007,490000
PO3,20200103,3.88,4.07,3.88,4.07,5255
POS,20200103,0.044,0.045,0.044,0.045,335364
POU,20200103,18.43,18.43,18.43,18.43,208
POW,20200103,0.006,0.006,0.006,0.006,50000
PPC,20200103,1.28,1.28,1.25,1.25,171994
PPE,20200103,3.13,3.23,3.13,3.18,25429
PPG,20200103,0.12,0.12,0.11,0.115,258075
PPH,20200103,3.94,3.95,3.87,3.9,124891
PPK,20200103,5.09,5.26,5,5.26,29637
PPS,20200103,0.505,0.51,0.49,0.495,378109
PPT,20200103,41.16,41.97,41.16,41.38,75740
PRN,20200103,1.615,1.67,1.615,1.66,1942244
PRO,20200103,0.45,0.45,0.45,0.45,850
PRT,20200103,0.17,0.175,0.17,0.17,112689
PRU,20200103,1.15,1.167,1.125,1.15,7373049
PRX,20200103,0.065,0.067,0.065,0.067,122738
PSA,20200103,0.068,0.068,0.06,0.06,54252
PSC,20200103,0.2,0.23,0.2,0.2,184597
PSI,20200103,3.08,3.08,3.04,3.04,18122
PSM,20200103,0.002,0.002,0.002,0.002,27430000
PSQ,20200103,1.71,1.71,1.7,1.7,4230
PSZ,20200103,0.039,0.04,0.039,0.04,45095
PTB,20200103,0.805,0.805,0.8,0.8,122130
PTL,20200103,0.335,0.335,0.33,0.33,13000
PTM,20200103,4.5,4.55,4.45,4.48,519982
PTX,20200103,0.054,0.058,0.053,0.054,8878185
PUA,20200103,0.016,0.016,0.016,0.016,200000
PWG,20200103,1.17,1.17,1.17,1.17,100000
PWH,20200103,4.71,4.83,4.71,4.73,13873
PWL,20200103,0.205,0.21,0.185,0.185,221555
PWN,20200103,0.009,0.009,0.008,0.008,31804043
PXS,20200103,0.15,0.155,0.15,0.15,80392
PXX,20200103,0.046,0.046,0.042,0.042,1714597
PYC,20200103,0.06,0.06,0.059,0.059,323635
QAG,20200103,5.66,5.68,5.66,5.68,5000
QAN,20200103,7.28,7.31,7.16,7.19,2763615
QAU,20200103,15.33,15.48,15.33,15.44,175087
QBE,20200103,12.98,13.07,12.92,12.96,2109279
QCB,20200103,8.26,8.32,8.26,8.27,1556
QFE,20200103,0.345,0.36,0.345,0.35,307881
QFN,20200103,10.83,10.84,10.75,10.75,20466
QFY,20200103,0.005,0.005,0.005,0.005,1919802
QHL,20200103,0.115,0.117,0.115,0.117,166406
QIP,20200103,1.38,1.39,1.355,1.39,10232
QMS,20200103,1.2,1.21,1.2,1.21,3090400
QOZ,20200103,13.73,13.74,13.65,13.66,572010
QRE,20200103,6.62,6.63,6.61,6.63,9617
QRI,20200103,1.62,1.62,1.61,1.62,70117
QTM,20200103,0.038,0.038,0.038,0.038,10000
QUB,20200103,3.38,3.38,3.35,3.36,1518015
QUS,20200103,39.19,39.19,38.84,38.85,37688
QVE,20200103,1.035,1.04,1.035,1.04,17712
RAG,20200103,0.006,0.007,0.006,0.007,2515762
RAN,20200103,0.02,0.021,0.018,0.018,447600
RAP,20200103,0.24,0.245,0.24,0.24,303511
RBL,20200103,1.085,1.115,1.075,1.1,647005
RCB,20200103,20.6,20.68,20.6,20.68,19950
RCE,20200103,0.34,0.37,0.33,0.37,359217
RCT,20200103,2.51,2.51,2.5,2.5,4253
RDC,20200103,1.125,1.125,1.11,1.11,784469
RDH,20200103,1.82,1.82,1.82,1.82,261
RDM,20200103,0.11,0.11,0.1,0.11,90488
RDV,20200103,29.94,30,29.77,29.77,4651
RDY,20200103,1.785,1.79,1.785,1.79,3930
REA,20200103,107.44,108.3,106.54,106.54,79290
RED,20200103,0.335,0.345,0.325,0.345,2242364
REF,20200103,0.004,0.004,0.004,0.004,307077
REG,20200103,2.5,2.5,2.41,2.41,600969
REH,20200103,11.39,11.5,11.39,11.45,29177
REV,20200103,0.012,0.012,0.012,0.012,200000
REX,20200103,1.185,1.197,1.175,1.19,78330
REZ,20200103,0.016,0.016,0.015,0.015,3439438
RF1,20200103,2.61,2.61,2.58,2.58,16940
RFF,20200103,1.925,1.97,1.925,1.94,496894
RFG,20200103,0.1,0.105,0.1,0.105,310577
RFN,20200103,0.003,0.004,0.003,0.003,422000
RFR,20200103,0.105,0.105,0.1,0.1,208466
RFT,20200103,0.046,0.046,0.046,0.046,290000
RFX,20200103,0.046,0.047,0.045,0.045,102475
RGB,20200103,22.7,22.7,22.7,22.7,177
RGI,20200103,0.125,0.125,0.115,0.115,55101
RGS,20200103,0.081,0.081,0.08,0.08,50000
RHC,20200103,73.23,73.415,72.46,72.63,162493
RHP,20200103,2.06,2.07,2.03,2.04,151795
RHT,20200103,0.265,0.27,0.235,0.25,1852041
RHY,20200103,0.125,0.125,0.125,0.125,7154
RIC,20200103,1.045,1.07,1.03,1.06,47210
RIM,20200103,0.002,0.002,0.002,0.002,9457027
RIO,20200103,103,103,101.31,101.36,583109
RKN,20200103,0.77,0.78,0.77,0.78,3424
RLG,20200103,0.035,0.036,0.035,0.036,70000
RLT,20200103,1.5,1.5,1.47,1.5,5686
RMC,20200103,1.545,1.55,1.5,1.51,168382
RMD,20200103,22.41,22.47,22.19,22.22,333559
RMI,20200103,0.007,0.007,0.007,0.007,200000
RML,20200103,0.051,0.051,0.051,0.051,60000
RMP,20200103,0.011,0.011,0.011,0.011,691616
RMS,20200103,1.295,1.325,1.28,1.305,3674386
RMX,20200103,0.005,0.005,0.005,0.005,2150001
RMY,20200103,0.37,0.37,0.37,0.37,134986
RND,20200103,2.4,2.45,2.34,2.45,19800
RNE,20200103,0.025,0.025,0.025,0.025,28253
RNO,20200103,0.21,0.21,0.21,0.21,38031
RNU,20200103,0.011,0.011,0.011,0.011,265000
ROG,20200103,0.002,0.003,0.002,0.003,3499999
ROO,20200103,0.031,0.033,0.03,0.033,316014
RRL,20200103,4.37,4.405,4.305,4.37,2139915
RSG,20200103,1.26,1.29,1.245,1.28,10401124
RSH,20200103,0.094,0.094,0.094,0.094,50000
RSM,20200103,21.3,21.3,21.3,21.3,280
RTE,20200103,0.4,0.415,0.4,0.415,20000
RTG,20200103,0.095,0.095,0.095,0.095,50300
RUL,20200103,0.855,0.855,0.84,0.85,31595
RVR,20200103,0.15,0.15,0.145,0.147,386935
RVS,20200103,0.68,0.7,0.68,0.695,27032
RWC,20200103,4.19,4.23,4.15,4.18,1321951
RWD,20200103,0.125,0.125,0.125,0.125,3500
RXL,20200103,0.027,0.027,0.026,0.026,2559649
RXM,20200103,0.073,0.074,0.072,0.072,600890
RXP,20200103,0.525,0.53,0.52,0.52,25746
RZI,20200103,0.82,0.825,0.82,0.825,7800
S2R,20200103,0.125,0.125,0.12,0.12,226372
S32,20200103,2.72,2.73,2.66,2.67,8960368
S66,20200103,0.46,0.46,0.46,0.46,2428
SAR,20200103,3.37,3.49,3.345,3.46,8270531
SAU,20200103,0.21,0.21,0.165,0.165,152212
SBM,20200103,2.76,2.775,2.71,2.76,4454761
SBR,20200103,0.002,0.002,0.002,0.002,100000
SCG,20200103,3.91,3.915,3.86,3.88,6196830
SCI,20200103,0.01,0.01,0.01,0.01,50727
SCL,20200103,0.029,0.032,0.028,0.028,14461297
SCP,20200103,2.72,2.73,2.7,2.72,1858306
SDA,20200103,0.955,0.97,0.94,0.965,1887714
SDF,20200103,3.6,3.67,3.585,3.65,1361565
SDG,20200103,1.65,1.67,1.645,1.645,58619
SDI,20200103,0.85,0.85,0.845,0.845,11496
SDV,20200103,0.705,0.725,0.695,0.725,814575
SE1,20200103,0.056,0.056,0.056,0.056,102460
SEC,20200103,1.82,1.83,1.82,1.83,16899
SEI,20200103,0.058,0.058,0.058,0.058,177793
SEK,20200103,23.06,23.06,22.59,22.59,368133
SES,20200103,0.095,0.095,0.095,0.095,1250
SF1,20200103,0.03,0.03,0.03,0.03,57195
SFC,20200103,14.5,14.81,14.38,14.7,4169
SFG,20200103,0.075,0.075,0.075,0.075,33333
SFR,20200103,6.08,6.08,5.96,6,425990
SFX,20200103,0.335,0.355,0.335,0.34,197832
SFY,20200103,62.23,62.25,61.73,61.8,7665
SGC,20200103,0.045,0.046,0.042,0.043,551486
SGF,20200103,2.56,2.6,2.55,2.6,49215
SGH,20200103,0.965,1.125,0.965,1.12,38427
SGI,20200103,0.098,0.099,0.098,0.099,26340
SGM,20200103,10.99,11.12,10.94,10.94,446215
SGP,20200103,4.76,4.76,4.64,4.67,3411985
SGQ,20200103,0.13,0.13,0.125,0.13,225189
SGR,20200103,4.71,4.715,4.6,4.61,1865789
SHE,20200103,0.007,0.007,0.007,0.007,13333
SHJ,20200103,0.9,0.94,0.9,0.935,153761
SHL,20200103,29.25,29.34,28.86,28.9,421401
SHM,20200103,0.67,0.695,0.67,0.685,48268
SHV,20200103,8.25,8.34,8.22,8.25,133136
SIG,20200103,0.58,0.585,0.57,0.575,1363097
SIL,20200103,0.055,0.074,0.054,0.069,1653956
SIQ,20200103,6.89,7.02,6.89,6.92,774054
SIT,20200103,0.07,0.07,0.07,0.07,150000
SIV,20200103,0.665,0.665,0.665,0.665,128
SKC,20200103,3.82,3.84,3.74,3.8,208458
SKF,20200103,0.175,0.175,0.175,0.175,30000
SKI,20200103,2.12,2.12,2.08,2.08,2959962
SKN,20200103,0.013,0.013,0.013,0.013,136546
SKO,20200103,4.88,4.88,4.78,4.81,8481
SKT,20200103,0.695,0.705,0.69,0.705,112580
SKY,20200103,0.094,0.098,0.093,0.094,566350
SLC,20200103,0.97,0.99,0.93,0.95,508590
SLF,20200103,13.89,14.02,13.89,13.99,27724
SLK,20200103,4.96,4.96,4.81,4.83,123135
SLM,20200103,0.82,0.82,0.815,0.815,42404
SLR,20200103,1.355,1.405,1.335,1.4,7785189
SLX,20200103,0.395,0.4,0.395,0.4,97007
SLZ,20200103,0.06,0.06,0.059,0.059,133787
SM1,20200103,8.55,8.65,8.54,8.65,30389
SM8,20200103,0.055,0.06,0.055,0.06,678061
SMD,20200103,0.006,0.007,0.006,0.007,2551787
SMI,20200103,0.004,0.004,0.003,0.004,14775314
SMN,20200103,1,1.02,0.95,0.995,53365
SMP,20200103,0.52,0.53,0.5,0.52,261265
SMR,20200103,1.075,1.08,1.07,1.075,55325
SNC,20200103,0.835,0.835,0.825,0.825,50900
SNS,20200103,0.11,0.11,0.11,0.11,74715
SNZ,20200103,8.48,8.51,8.46,8.51,263
SO4,20200103,0.755,0.76,0.755,0.76,15501
SOL,20200103,21.64,21.76,21.5,21.69,237529
SOM,20200103,2.86,2.86,2.84,2.86,2350
SOP,20200103,0.045,0.045,0.045,0.045,25000
SOR,20200103,0.084,0.084,0.081,0.084,35191
SP3,20200103,0.099,0.099,0.099,0.099,124989
SPK,20200103,4.16,4.2,4.15,4.18,436001
SPL,20200103,1.22,1.245,1.215,1.215,72566
SPT,20200103,0.67,0.685,0.67,0.67,365001
SPX,20200103,0.073,0.074,0.073,0.073,415546
SPY,20200103,465,465.5,465,465.5,48
SPZ,20200103,0.255,0.255,0.24,0.24,34271
SRG,20200103,0.4,0.41,0.395,0.395,86636
SRK,20200103,0.049,0.05,0.049,0.049,300000
SRV,20200103,4.13,4.2,4.12,4.15,73957
SSG,20200103,0.66,0.67,0.66,0.67,81942
SSM,20200103,2.75,2.75,2.68,2.69,1000842
SSO,20200103,15.61,15.61,15.61,15.61,195
ST1,20200103,0.22,0.22,0.205,0.21,49061
STA,20200103,0.11,0.115,0.11,0.115,75041
STG,20200103,1.495,1.495,1.485,1.485,8342
STM,20200103,0.015,0.016,0.015,0.015,2078462
STN,20200103,0.305,0.305,0.305,0.305,43471
STO,20200103,8.29,8.435,8.24,8.41,4344628
STW,20200103,62.51,62.74,62.11,62.11,321460
STX,20200103,0.205,0.205,0.195,0.195,1297433
SUD,20200103,0.059,0.059,0.059,0.059,326666
SUL,20200103,10.3,10.36,10.21,10.22,321456
SUN,20200103,13,13.08,12.92,12.99,1499405
SVA,20200103,0.028,0.029,0.028,0.029,534000
SVD,20200103,0.007,0.007,0.007,0.007,119600
SVL,20200103,0.12,0.125,0.115,0.12,2758829
SVW,20200103,19.75,19.75,19.42,19.63,189611
SVY,20200103,0.95,0.97,0.93,0.97,301809
SWF,20200103,0.17,0.17,0.13,0.145,292033
SWK,20200103,0.175,0.175,0.175,0.175,65878
SWM,20200103,0.325,0.335,0.32,0.335,3055384
SXE,20200103,0.585,0.595,0.58,0.595,33998
SXL,20200103,0.845,0.86,0.837,0.85,1123515
SXY,20200103,0.345,0.355,0.34,0.355,4831915
SYA,20200103,0.014,0.017,0.014,0.016,21096786
SYD,20200103,8.82,8.82,8.65,8.67,3828120
SYI,20200103,29.5,29.56,29.31,29.32,10319
SYR,20200103,0.51,0.545,0.505,0.53,4267353
SYT,20200103,0.001,0.001,0.001,0.001,1000000
SZL,20200103,1.62,1.65,1.365,1.395,2879884
TAH,20200103,4.66,4.66,4.57,4.57,3132656
TAM,20200103,0.04,0.042,0.04,0.042,246284
TAP,20200103,0.12,0.125,0.12,0.125,77891
TBR,20200103,5.5,5.59,5.28,5.4,41070
TCL,20200103,15.24,15.25,14.91,14.93,2748615
TCN,20200103,0.04,0.04,0.04,0.04,25000
TCO,20200103,1.26,1.26,1.26,1.26,500
TD1,20200103,0.048,0.048,0.045,0.046,14373362
TDI,20200103,1.75,1.75,1.735,1.735,28200
TDO,20200103,0.093,0.093,0.093,0.093,12114
TEG,20200103,0.062,0.062,0.059,0.059,200000
TEK,20200103,0.28,0.28,0.28,0.28,58100
TER,20200103,0.37,0.37,0.36,0.36,15000
TFL,20200103,0.12,0.12,0.12,0.12,90244
TGA,20200103,0.21,0.22,0.205,0.22,243886
TGF,20200103,2.11,2.14,2.1,2.14,110353
TGG,20200103,1.37,1.38,1.365,1.375,142622
TGH,20200103,0.195,0.195,0.185,0.185,127500
TGN,20200103,0.195,0.195,0.195,0.195,19400
TGP,20200103,1.13,1.14,1.12,1.125,41178
TGR,20200103,4.19,4.25,4.19,4.2,246377
THC,20200103,0.39,0.39,0.38,0.38,156527
THR,20200103,0.009,0.009,0.009,0.009,55556
TIE,20200103,0.28,0.29,0.277,0.29,543865
TIP,20200103,0.785,0.81,0.78,0.8,68000
TKL,20200103,0.007,0.008,0.007,0.008,121600
TKM,20200103,0.022,0.022,0.022,0.022,20000
TLG,20200103,0.46,0.465,0.455,0.465,88101
TLS,20200103,3.61,3.62,3.58,3.59,14735849
TLT,20200103,3.25,3.26,3.25,3.26,13883
TLX,20200103,1.53,1.585,1.5,1.58,686066
TMR,20200103,0.215,0.22,0.21,0.22,147468
TNE,20200103,8.51,8.575,8.42,8.44,617536
TNG,20200103,0.09,0.09,0.089,0.09,134488
TNK,20200103,1.4,1.4,1.37,1.37,20326
TNR,20200103,0.008,0.008,0.008,0.008,158823
TNT,20200103,0.043,0.043,0.042,0.043,2211816
TNY,20200103,2.22,2.29,2.18,2.23,41724
TOE,20200103,0.007,0.008,0.007,0.008,2360006
TON,20200103,0.038,0.038,0.038,0.038,184515
TOP,20200103,0.675,0.675,0.665,0.67,98664
TOT,20200103,1.05,1.05,1.04,1.045,66673
TPM,20200103,6.75,6.83,6.725,6.8,348891
TPW,20200103,2.65,2.74,2.5,2.74,43582
TRL,20200103,0.003,0.003,0.003,0.003,350000
TRS,20200103,3.42,3.79,3.42,3.77,186025
TRY,20200103,0.095,0.105,0.093,0.095,2434897
TSC,20200103,0.009,0.009,0.008,0.009,48239964
TTB,20200103,0.08,0.08,0.08,0.08,133988
TTM,20200103,0.18,0.18,0.175,0.18,45936
TTT,20200103,1,1.02,0.98,0.995,112103
TWD,20200103,3.35,3.35,3.35,3.35,750
TWE,20200103,16.3,16.335,16.11,16.13,1713887
TWR,20200103,0.675,0.675,0.675,0.675,746
TYR,20200103,3.55,3.59,3.52,3.56,300593
TYX,20200103,0.003,0.003,0.003,0.003,1656158
TZL,20200103,0.11,0.11,0.11,0.11,5000
TZN,20200103,0.035,0.035,0.035,0.035,21955
UBA,20200103,22.18,22.41,22.18,22.28,1819
UBI,20200103,0.19,0.19,0.185,0.185,123545
UBN,20200103,0.059,0.065,0.059,0.065,1071283
UBP,20200103,29.63,29.63,29.49,29.49,94
UCM,20200103,0.115,0.115,0.115,0.115,55500
UNV,20200103,0.24,0.245,0.24,0.245,615537
UOS,20200103,0.84,0.865,0.84,0.865,17100
URW,20200103,11.34,11.395,11.31,11.34,337732
USD,20200103,13.9,13.94,13.9,13.94,5077
UWL,20200103,1.66,1.725,1.635,1.65,257030
VAE,20200103,71.19,71.4,70.15,70.31,23359
VAF,20200103,51.58,51.79,51.58,51.79,34981
VAH,20200103,0.155,0.155,0.145,0.155,431300
VAL,20200103,0.004,0.005,0.004,0.005,2350163
VAN,20200103,0.16,0.17,0.16,0.165,349070
VAP,20200103,89.5,90.04,89.35,89.63,88731
VAS,20200103,85.73,85.96,85.15,85.15,152765
VCF,20200103,50.22,50.33,50.11,50.33,2294
VCX,20200103,2.52,2.53,2.49,2.51,4996891
VEA,20200103,1.945,1.95,1.92,1.92,1774195
VEN,20200103,0.18,0.18,0.18,0.18,380995
VEQ,20200103,60.32,61.18,60.32,60.65,4699
VEU,20200103,77.71,78.93,77.71,77.75,48882
VG1,20200103,2.24,2.24,2.22,2.22,124622
VG8,20200103,2.3,2.32,2.3,2.32,82132
VGB,20200103,52.52,52.75,52.52,52.7,29258
VGE,20200103,72.12,73.52,72.09,72.18,9963
VGI,20200103,12.65,12.98,12.65,12.88,2932
VGL,20200103,3.45,3.52,3.44,3.51,15907
VGS,20200103,82.09,82.3,81.63,81.68,37323
VHT,20200103,1.865,1.92,1.865,1.88,369249
VHY,20200103,60.79,60.79,60.13,60.22,37072
VIF,20200103,50.3,50.35,50.26,50.32,13685
VKA,20200103,0.011,0.013,0.011,0.013,43500
VLC,20200103,68.89,68.89,68.72,68.72,207
VLT,20200103,0.4,0.4,0.395,0.4,103651
VMC,20200103,0.19,0.19,0.18,0.19,91073
VML,20200103,0.013,0.014,0.013,0.013,353937
VMS,20200103,0.018,0.018,0.018,0.018,1856582
VMT,20200103,0.245,0.255,0.245,0.255,73743
VMX,20200103,0.295,0.295,0.295,0.295,2000
VMY,20200103,0.047,0.047,0.047,0.047,521426
VOC,20200103,2.91,2.95,2.88,2.9,677336
VOL,20200103,1.82,1.82,1.8,1.8,17908
VOR,20200103,0.009,0.01,0.008,0.009,2002048
VR8,20200103,0.027,0.027,0.027,0.027,72904
VRC,20200103,0.011,0.011,0.011,0.011,568504
VRL,20200103,3.8,3.84,3.79,3.8,140183
VRS,20200103,0.062,0.062,0.062,0.062,190355
VRT,20200103,4.78,4.78,4.69,4.74,41225
VRX,20200103,0.105,0.11,0.105,0.105,53045
VSO,20200103,59.09,59.97,59.09,59.73,8173
VTG,20200103,1.175,1.22,1.17,1.19,178963
VTH,20200103,0.77,0.775,0.77,0.77,43076
VTI,20200103,0.05,0.05,0.049,0.049,231220
VTS,20200103,238,239,235.1,236.3,24676
VUK,20200103,3.6,3.6,3.51,3.53,1321176
VUL,20200103,0.155,0.155,0.155,0.155,26450
VVA,20200103,2.78,2.78,2.75,2.78,47946
VVR,20200103,2.7,2.705,2.66,2.68,689747
VXR,20200103,0.12,0.12,0.12,0.12,5000
VYS,20200103,0.072,0.073,0.072,0.073,40000
WAA,20200103,1.09,1.09,1.08,1.08,12578
WAF,20200103,0.43,0.47,0.43,0.47,3266391
WAM,20200103,2.28,2.29,2.27,2.27,227371
WAT,20200103,2,2,2,2,600
WAX,20200103,1.495,1.5,1.49,1.5,97036
WBA,20200103,1.98,1.985,1.98,1.98,92440
WBC,20200103,24.5,24.62,24.33,24.36,4519868
WBE,20200103,0.012,0.012,0.011,0.011,2627305
WBT,20200103,0.405,0.42,0.4,0.42,84472
WCN,20200103,0.006,0.006,0.006,0.006,500000
WEB,20200103,13.2,13.38,13.06,13.1,397490
WEL,20200103,0.053,0.053,0.052,0.053,500000
WES,20200103,42.27,42.335,41.81,41.84,1162985
WGB,20200103,2.34,2.35,2.33,2.33,96697
WGN,20200103,2.73,2.73,2.62,2.7,258156
WGO,20200103,0.21,0.215,0.205,0.21,983811
WGX,20200103,2.33,2.355,2.3,2.34,828594
WHC,20200103,2.64,2.69,2.615,2.65,5541336
WHF,20200103,5.16,5.17,5.15,5.15,33894
WHK,20200103,0.085,0.087,0.085,0.086,119459
WIC,20200103,1.11,1.12,1.11,1.12,27075
WKT,20200103,0.2,0.2,0.2,0.2,151246
WLD,20200103,0.058,0.06,0.058,0.06,67600
WLE,20200103,1.245,1.265,1.245,1.26,953457
WMI,20200103,1.47,1.47,1.47,1.47,59605
WNB,20200103,0.009,0.009,0.009,0.009,3000000
WND,20200103,0.67,0.67,0.65,0.655,33553
WOR,20200103,15.6,15.7,15.53,15.69,1059163
WOW,20200103,36.87,36.895,36.28,36.35,919848
WPL,20200103,34.69,35,34.55,34.77,1719161
WPP,20200103,0.555,0.582,0.55,0.575,591683
WQG,20200103,1.2,1.21,1.175,1.195,84566
WRM,20200103,0.004,0.004,0.004,0.004,1752265
WSA,20200103,3.04,3.08,2.97,2.98,1737566
WSI,20200103,0.022,0.023,0.022,0.023,323594
WSP,20200103,1.56,1.565,1.55,1.565,27700
WTC,20200103,23.85,24.39,23.6,23.81,574839
WWG,20200103,0.2,0.2,0.2,0.2,50062
WWI,20200103,0.009,0.012,0.009,0.011,16196271
WZR,20200103,0.19,0.205,0.19,0.195,14341869
XCD,20200103,0.014,0.016,0.013,0.013,17169137
XF1,20200103,0.37,0.37,0.365,0.365,7124
XPE,20200103,0.002,0.002,0.001,0.001,725000
XRF,20200103,0.235,0.235,0.23,0.23,25953
XRO,20200103,80.97,81.41,79.4,79.72,285107
XST,20200103,0.004,0.004,0.004,0.004,3012500
XTD,20200103,0.032,0.032,0.031,0.031,500000
XTE,20200103,0.775,0.775,0.74,0.775,13310
YAL,20200103,2.89,3.01,2.89,2.92,24160
YBR,20200103,0.097,0.098,0.097,0.098,52016
YOJ,20200103,0.051,0.054,0.051,0.054,94791
YOW,20200103,0.057,0.057,0.056,0.056,369237
YPB,20200103,0.005,0.005,0.005,0.005,28000
Z1P,20200103,3.59,3.62,3.52,3.53,2168839
ZEL,20200103,4.38,4.38,4.25,4.29,182787
ZIM,20200103,11.5,11.5,11.5,11.5,447
ZIP,20200103,0.012,0.012,0.012,0.012,500000
ZLD,20200103,0.057,0.057,0.055,0.057,218134
ZNO,20200103,0.725,0.725,0.645,0.66,2197967
XAF,20200103,6583,6679.8,6583,6621.3,0
XAO,20200103,6810,6906.9,6810,6855.2,0
XAT,20200103,6634.4,6732.3,6634.4,6677.7,0
XDJ,20200103,2694.3,2744,2694.3,2705.3,0
XEC,20200103,1547.2,1565.8,1547.3,1565.8,0
XEJ,20200103,11519,11744.9,11519,11713.2,0
XFJ,20200103,5971.4,6063.4,5971.4,6010.8,0
XFL,20200103,6639.2,6735,6639.2,6677.1,0
XGD,20200103,6790.8,6927.9,6773.6,6922.4,0
XHJ,20200103,40537.2,41365.9,40537.2,40850.6,0
XIJ,20200103,1410.5,1448.3,1410.5,1423.5,0
XJO,20200103,6690.6,6788.2,6690.6,6733.5,0
XJR,20200103,4924.4,4981.3,4924.4,4967.9,0
XKO,20200103,6653.8,6749.7,6653.8,6697.1,0
XMD,20200103,7218.3,7343.1,7218.3,7271.3,0
XMJ,20200103,13824.8,13989.7,13824.8,13895.5,0
XMM,20200103,4503.7,4560.1,4503.7,4532.8,0
XNJ,20200103,6944.5,7081.5,6944.5,6986.2,0
XPJ,20200103,1576.2,1595.4,1576.2,1587.1,0
XSJ,20200103,12223.6,12399,12223.6,12242.2,0
XSO,20200103,2900.4,2953,2900.4,2932.8,0
XTJ,20200103,1271,1287.5,1271,1278.5,0
XTL,20200103,3672,3725.2,3672,3692.7,0
XTO,20200103,5546.9,5627.2,5546.9,5579.9,0
XUJ,20200103,8159.9,8277.6,8147.2,8161.6,0
XXJ,20200103,6660.1,6762.8,6660.1,6704.1,0
