360,20200117,3.25,3.25,3.14,3.25,54908
14D,20200117,0.19,0.205,0.19,0.202,134046
1AD,20200117,0.105,0.105,0.1,0.1,71228
1AG,20200117,0.039,0.039,0.036,0.036,361480
1ST,20200117,0.075,0.078,0.075,0.078,395630
2BE,20200117,0.12,0.12,0.12,0.12,4000
3DA,20200117,0.345,0.345,0.335,0.345,176908
3DP,20200117,0.05,0.052,0.05,0.05,806006
3PL,20200117,0.835,0.835,0.825,0.83,75971
4DS,20200117,0.057,0.057,0.056,0.057,1598668
5GN,20200117,0.95,0.95,0.93,0.935,142774
88E,20200117,0.024,0.025,0.024,0.025,8119201
8CO,20200117,0.105,0.105,0.105,0.105,15000
9SP,20200117,0.015,0.016,0.015,0.016,176267
A1G,20200117,0.185,0.185,0.185,0.185,5000
A1M,20200117,0.32,0.32,0.32,0.32,2000
A2B,20200117,1.475,1.475,1.44,1.455,62051
A2M,20200117,14.37,14.7,14.34,14.68,3885309
A3D,20200117,0.18,0.19,0.18,0.19,66420
A4N,20200117,0.205,0.205,0.205,0.205,51157
AAA,20200117,50.09,50.1,50.09,50.1,169744
AAC,20200117,1.13,1.145,1.125,1.125,205040
AAR,20200117,0.105,0.105,0.1,0.102,250808
ABA,20200117,6,6,5.94,5.94,19195
ABC,20200117,3.71,3.73,3.65,3.65,1595650
ABP,20200117,3.79,3.8,3.77,3.77,439753
ABR,20200117,0.39,0.395,0.375,0.375,496587
ABT,20200117,0.056,0.068,0.055,0.068,108632
AC8,20200117,0.355,0.365,0.35,0.355,909474
ACB,20200117,0.011,0.011,0.011,0.011,4128
ACF,20200117,0.355,0.37,0.35,0.37,899567
ACQ,20200117,1.215,1.215,1.2,1.205,126868
ACR,20200117,0.19,0.19,0.18,0.19,654368
ACS,20200117,0.005,0.005,0.005,0.005,8000
ACW,20200117,0.036,0.037,0.034,0.034,906636
AD1,20200117,0.014,0.014,0.012,0.012,500000
AD8,20200117,8.84,8.85,8.54,8.71,162457
ADA,20200117,0.79,0.8,0.79,0.795,131378
ADD,20200117,0.054,0.059,0.05,0.057,708629
ADH,20200117,2.22,2.26,2.2,2.2,209099
ADI,20200117,2.95,2.95,2.93,2.95,136897
ADJ,20200117,0.033,0.033,0.031,0.031,1560045
ADN,20200117,0.045,0.046,0.044,0.046,5166940
ADO,20200117,0.034,0.036,0.034,0.035,2710508
ADR,20200117,0.031,0.033,0.031,0.033,50000
ADT,20200117,1.82,1.84,1.8,1.84,231650
ADV,20200117,0.004,0.004,0.004,0.004,130262
ADX,20200117,0.009,0.009,0.009,0.009,111734
ADY,20200117,0.006,0.006,0.006,0.006,80000
AEE,20200117,0.007,0.007,0.006,0.006,2146444
AEF,20200117,5.15,5.34,5.09,5.2,361620
AEG,20200117,1.08,1.09,1.08,1.09,101420
AEV,20200117,0.013,0.013,0.013,0.013,12886
AFG,20200117,2.75,2.75,2.51,2.72,990226
AFI,20200117,7.29,7.29,7.25,7.27,298385
AFR,20200117,0.035,0.035,0.035,0.035,50000
AGG,20200117,6.18,6.18,6.03,6.06,12998
AGH,20200117,0.48,0.49,0.47,0.47,498046
AGI,20200117,0.755,0.77,0.75,0.76,12909
AGL,20200117,20.64,20.84,20.63,20.79,1298734
AGM,20200117,2.06,2.06,2.04,2.04,26912
AGR,20200117,0.115,0.115,0.11,0.11,118804
AGS,20200117,0.105,0.105,0.105,0.105,100
AGY,20200117,0.09,0.093,0.086,0.093,796297
AHF,20200117,0.099,0.099,0.098,0.098,509755
AHL,20200117,0.008,0.008,0.008,0.008,1000000
AHQ,20200117,0.145,0.145,0.135,0.135,132515
AHX,20200117,0.43,0.43,0.43,0.43,8058
AHY,20200117,1.07,1.1,1.065,1.07,140773
AHZ,20200117,0.12,0.12,0.105,0.12,1536202
AIA,20200117,8.72,8.81,8.67,8.78,132398
AIS,20200117,0.05,0.053,0.05,0.051,354585
AIV,20200117,0.057,0.09,0.057,0.09,17553
AIZ,20200117,2.93,2.94,2.92,2.94,15059
AJC,20200117,0.001,0.001,0.001,0.001,1175000
AJQ,20200117,0.064,0.064,0.059,0.06,501468
AJX,20200117,0.064,0.065,0.062,0.063,278004
AKG,20200117,0.555,0.56,0.555,0.56,14739
AKM,20200117,0.13,0.135,0.13,0.135,183550
AKP,20200117,16.2,16.5,15.89,15.89,2727
AL8,20200117,0.023,0.023,0.023,0.023,302
ALC,20200117,0.195,0.205,0.19,0.205,4629929
ALF,20200117,0.975,0.98,0.975,0.975,134313
ALG,20200117,1.485,1.495,1.465,1.475,229828
ALI,20200117,2.48,2.5,2.47,2.48,88890
ALK,20200117,0.675,0.73,0.66,0.725,3964957
ALL,20200117,37.58,37.58,36.755,36.98,1466209
ALQ,20200117,9.6,9.69,9.53,9.65,825790
ALT,20200117,0.003,0.003,0.003,0.003,480000
ALU,20200117,38.45,39.15,38.44,38.44,458158
ALX,20200117,8.36,8.36,8.18,8.18,2954134
AMA,20200117,0.96,0.995,0.95,0.955,2343934
AMC,20200117,15.7,15.7,15.56,15.56,2335870
AMD,20200117,0.006,0.007,0.006,0.007,145571
AME,20200117,0.037,0.04,0.037,0.037,2630295
AMH,20200117,1.005,1.01,0.995,1,146951
AMI,20200117,0.45,0.45,0.435,0.44,1595138
AML,20200117,0.18,0.18,0.175,0.175,410008
AMP,20200117,1.95,1.965,1.925,1.93,6366103
AMS,20200117,1.405,1.42,1.375,1.42,115097
AMX,20200117,1.91,1.97,1.9,1.96,178190
ANA,20200117,0.037,0.037,0.03,0.032,17656144
ANG,20200117,0.205,0.205,0.205,0.205,68497
ANL,20200117,0.002,0.002,0.002,0.002,1496001
ANN,20200117,31.45,31.57,31.23,31.32,309452
ANO,20200117,5.75,5.75,5.65,5.66,21429
ANP,20200117,0.072,0.075,0.071,0.074,1301921
ANR,20200117,0.29,0.295,0.26,0.295,161944
ANW,20200117,0.001,0.001,0.001,0.001,4000000
ANZ,20200117,25.59,25.675,25.42,25.42,4711623
AOA,20200117,0.003,0.003,0.003,0.003,300000
AOF,20200117,2.9,2.9,2.88,2.9,88624
AOP,20200117,0.245,0.245,0.245,0.245,9380
AOU,20200117,0.063,0.063,0.06,0.061,318979
APA,20200117,11.55,11.56,11.41,11.43,2191427
APC,20200117,0.099,0.105,0.099,0.105,281876
APD,20200117,0.632,0.635,0.632,0.635,42297
APE,20200117,10.42,10.45,10.29,10.39,183604
APH,20200117,0.17,0.175,0.17,0.175,114097
API,20200117,1.34,1.365,1.34,1.345,460748
APL,20200117,1.045,1.05,1.04,1.05,770420
APT,20200117,33.45,33.79,33.02,33.22,1555591
APV,20200117,0.26,0.26,0.24,0.24,375455
APX,20200117,25.51,26.15,25.25,26.11,1443210
APZ,20200117,1.18,1.18,1.165,1.165,5554
AQG,20200117,7.2,7.38,7.2,7.36,35780
AQI,20200117,0.053,0.053,0.051,0.052,479450
AQR,20200117,3.53,3.57,3.51,3.53,470810
AQX,20200117,0.026,0.027,0.026,0.027,1233000
AQZ,20200117,2.65,2.68,2.61,2.65,54521
AR9,20200117,0.125,0.125,0.12,0.12,140867
ARA,20200117,0.615,0.615,0.615,0.615,55000
ARB,20200117,19.85,19.85,19.55,19.55,79852
ARD,20200117,0.016,0.016,0.016,0.016,127141
ARE,20200117,0.004,0.004,0.004,0.004,155000
ARF,20200117,2.96,3.005,2.94,2.98,202000
ARG,20200117,8.95,8.98,8.93,8.93,179563
ARL,20200117,0.61,0.64,0.605,0.615,174214
ARN,20200117,0.175,0.18,0.175,0.18,191945
ARQ,20200117,0.355,0.365,0.35,0.35,50894
ARS,20200117,0.021,0.022,0.02,0.02,1115770
ARU,20200117,0.087,0.088,0.085,0.088,252261
ARV,20200117,0.027,0.028,0.026,0.027,882682
AS1,20200117,0.2,0.21,0.2,0.21,161000
ASB,20200117,4.04,4.05,3.97,3.98,1445534
ASH,20200117,0.405,0.415,0.405,0.415,31156
ASN,20200117,0.038,0.038,0.036,0.036,173750
AST,20200117,1.775,1.78,1.76,1.765,4078547
ASX,20200117,84.9,85.2,84.14,84.14,293806
ATC,20200117,0.09,0.093,0.087,0.091,1440724
ATH,20200117,0.02,0.02,0.02,0.02,1527078
ATL,20200117,0.39,0.405,0.39,0.395,201385
ATP,20200117,0.008,0.008,0.008,0.008,42352
ATS,20200117,0.093,0.093,0.092,0.093,515500
ATU,20200117,0.36,0.36,0.36,0.36,142195
AU8,20200117,0.14,0.14,0.135,0.14,437618
AUB,20200117,12.95,12.98,12.69,12.85,21507
AUC,20200117,0.018,0.019,0.018,0.018,7219641
AUH,20200117,0.004,0.004,0.004,0.004,370900
AUI,20200117,10.16,10.17,10.12,10.12,19157
AUQ,20200117,0.017,0.017,0.017,0.017,2139
AUR,20200117,0.017,0.019,0.017,0.018,693078
AUT,20200117,0.01,0.011,0.01,0.011,2924722
AUZ,20200117,0.018,0.018,0.017,0.017,1835052
AV1,20200117,0.23,0.235,0.22,0.22,794915
AVA,20200117,0.155,0.155,0.15,0.15,307000
AVG,20200117,0.5,0.5,0.5,0.5,199
AVH,20200117,0.755,0.775,0.745,0.745,7261165
AVJ,20200117,0.62,0.625,0.62,0.625,4918
AVL,20200117,0.013,0.013,0.012,0.013,5237385
AVN,20200117,2.83,2.85,2.83,2.85,221974
AVW,20200117,0.001,0.001,0.001,0.001,3600
AVZ,20200117,0.054,0.057,0.054,0.056,7109879
AWC,20200117,2.27,2.3,2.25,2.29,12087069
AWN,20200117,0.135,0.135,0.135,0.135,50000
AWV,20200117,0.01,0.01,0.009,0.009,812347
AWY,20200117,0.035,0.037,0.035,0.036,1121835
AX1,20200117,1.8,1.8,1.7,1.745,1420714
AXE,20200117,0.195,0.205,0.185,0.19,2368364
AXI,20200117,0.051,0.051,0.051,0.051,19620
AYF,20200117,5.91,5.91,5.9,5.9,4565
AYR,20200117,0.002,0.002,0.002,0.002,1915000
AYS,20200117,0.36,0.365,0.35,0.36,160239
AZI,20200117,0.009,0.011,0.009,0.01,11770623
AZJ,20200117,5.67,5.7,5.64,5.65,4895063
AZM,20200117,0.033,0.033,0.033,0.033,1262907
AZV,20200117,0.085,0.085,0.082,0.082,246398
AZY,20200117,0.012,0.012,0.012,0.012,350000
BAF,20200117,0.9,0.9,0.895,0.9,317386
BAP,20200117,6.53,6.54,6.43,6.44,496953
BAR,20200117,0.021,0.022,0.021,0.021,590278
BAS,20200117,0.002,0.002,0.002,0.002,4749999
BAT,20200117,0.007,0.008,0.007,0.008,2601397
BBC,20200117,0.62,0.62,0.62,0.62,6600
BBL,20200117,0.45,0.45,0.45,0.45,2002
BBN,20200117,3.36,3.43,3.31,3.38,226555
BBX,20200117,0.12,0.125,0.12,0.125,207936
BC8,20200117,0.32,0.36,0.32,0.345,564141
BCB,20200117,0.054,0.055,0.053,0.053,152172
BCC,20200117,0.29,0.31,0.29,0.31,35000
BCI,20200117,0.17,0.17,0.165,0.17,360973
BCK,20200117,0.029,0.03,0.029,0.03,123400
BCN,20200117,0.038,0.038,0.036,0.038,735381
BCT,20200117,0.15,0.15,0.145,0.145,345677
BD1,20200117,0.035,0.037,0.034,0.034,9703959
BDA,20200117,0.375,0.375,0.36,0.375,80135
BDC,20200117,0.083,0.084,0.083,0.084,485423
BDG,20200117,0.076,0.076,0.075,0.075,50000
BEE,20200117,0.019,0.019,0.017,0.017,266315
BEM,20200117,0.047,0.051,0.047,0.05,422197
BEN,20200117,10.21,10.27,10.18,10.18,1601088
BET,20200117,0.15,0.16,0.15,0.155,223591
BFC,20200117,0.089,0.095,0.089,0.095,415413
BFG,20200117,1.5,1.51,1.42,1.45,805718
BGA,20200117,4.47,4.54,4.47,4.5,612555
BGL,20200117,0.505,0.532,0.505,0.52,730262
BGT,20200117,0.195,0.205,0.195,0.205,279980
BHP,20200117,40.25,40.63,40.25,40.6,4935442
BID,20200117,1.035,1.035,1,1,182922
BIN,20200117,3.01,3.03,2.96,2.98,1044657
BIS,20200117,1.125,1.125,1.125,1.125,1410
BIT,20200117,0.061,0.062,0.058,0.061,1532055
BKI,20200117,1.7,1.71,1.685,1.685,400798
BKL,20200117,89.88,89.89,86.45,86.48,99752
BKT,20200117,0.047,0.048,0.047,0.048,177539
BKW,20200117,19.85,20.11,19.79,20.01,201143
BKY,20200117,0.2,0.205,0.2,0.2,576606
BLD,20200117,4.92,4.94,4.88,4.91,5990895
BLG,20200117,0.095,0.095,0.092,0.095,439659
BLK,20200117,0.012,0.012,0.011,0.011,20510064
BLT,20200117,0.038,0.041,0.038,0.041,919225
BLU,20200117,0.046,0.047,0.046,0.046,621164
BLX,20200117,1.22,1.22,1.17,1.175,49173
BLY,20200117,1.68,1.68,1.62,1.625,15313
BMG,20200117,0.003,0.004,0.003,0.004,240000
BMN,20200117,0.038,0.038,0.036,0.036,498800
BNL,20200117,0.008,0.008,0.008,0.008,2954917
BNO,20200117,0.078,0.081,0.078,0.08,321135
BNR,20200117,0.022,0.022,0.021,0.021,410846
BOC,20200117,0.295,0.32,0.295,0.3,25386
BOE,20200117,0.045,0.045,0.043,0.044,2498611
BOQ,20200117,7.43,7.49,7.39,7.39,2112894
BOT,20200117,0.097,0.097,0.095,0.095,856090
BPH,20200117,0.001,0.001,0.001,0.001,497785
BPL,20200117,0.018,0.019,0.015,0.018,1758437
BPT,20200117,2.76,2.8,2.755,2.77,5172620
BRB,20200117,0.295,0.295,0.28,0.28,261932
BRG,20200117,19.79,19.79,19.36,19.4,161728
BRK,20200117,0.007,0.008,0.007,0.008,500000
BRL,20200117,0.115,0.12,0.115,0.115,159111
BRN,20200117,0.051,0.052,0.05,0.05,3174608
BRU,20200117,0.17,0.17,0.165,0.165,292871
BRV,20200117,0.017,0.018,0.017,0.018,3002096
BSA,20200117,0.385,0.39,0.38,0.385,154040
BSL,20200117,15.45,15.64,15.38,15.61,1544133
BSM,20200117,0.007,0.007,0.007,0.007,3522593
BSR,20200117,0.015,0.016,0.015,0.016,164000
BSX,20200117,0.16,0.165,0.16,0.165,679934
BTC,20200117,0.12,0.125,0.12,0.125,135100
BTH,20200117,0.74,0.755,0.72,0.725,351824
BTI,20200117,1.115,1.12,1.1,1.11,658923
BUB,20200117,0.945,0.96,0.94,0.945,2837091
BUD,20200117,0.03,0.03,0.03,0.03,1862115
BUG,20200117,0.25,0.25,0.25,0.25,3762
BUX,20200117,0.09,0.09,0.09,0.09,150000
BUY,20200117,0.005,0.005,0.004,0.004,1133528
BVS,20200117,5.75,5.83,5.68,5.7,1035994
BWF,20200117,0.69,0.69,0.67,0.67,5674
BWP,20200117,4.1,4.13,4.09,4.1,639699
BWR,20200117,1.43,1.44,1.42,1.42,15589
BWX,20200117,4.6,4.72,4.59,4.63,299739
BXB,20200117,12.49,12.49,12.26,12.29,3041422
BYE,20200117,0.3,0.31,0.3,0.305,407567
C6C,20200117,0.9,0.91,0.9,0.9,76511
CAA,20200117,0.112,0.112,0.11,0.11,292518
CAD,20200117,0.001,0.001,0.001,0.001,2501684
CAF,20200117,0.13,0.13,0.13,0.13,28736
CAG,20200117,0.65,0.68,0.64,0.68,43155
CAI,20200117,0.255,0.265,0.255,0.265,501420
CAJ,20200117,0.23,0.235,0.23,0.23,2561844
CAM,20200117,0.98,0.98,0.97,0.975,211728
CAN,20200117,1.265,1.395,1.255,1.375,3379633
CAP,20200117,0.031,0.031,0.031,0.031,1395
CAR,20200117,18,18,17.83,17.95,513780
CAT,20200117,2.08,2.08,1.955,2.01,338323
CAU,20200117,0.2,0.225,0.2,0.215,169022
CAV,20200117,0.002,0.002,0.002,0.002,195000
CAY,20200117,0.16,0.16,0.155,0.155,859797
CAZ,20200117,0.023,0.023,0.023,0.023,850715
CBA,20200117,84.74,84.96,84.01,84.05,2401336
CBR,20200117,4.06,4.1,3.99,4.02,121070
CBY,20200117,0.21,0.225,0.21,0.21,142500
CCA,20200117,0.155,0.155,0.15,0.15,48232
CCE,20200117,0.001,0.001,0.001,0.001,281130
CCL,20200117,11.75,11.845,11.71,11.79,1419026
CCP,20200117,33.4,33.49,33.09,33.17,101412
CCV,20200117,0.235,0.245,0.235,0.24,761216
CCX,20200117,2.77,2.77,2.69,2.71,88754
CCZ,20200117,0.022,0.023,0.022,0.022,1545890
CD1,20200117,1.58,1.58,1.58,1.58,6125
CD2,20200117,1.92,1.92,1.92,1.92,1862
CDA,20200117,8.02,8.05,7.9,8,461801
CDD,20200117,0.43,0.442,0.42,0.425,243694
CDH,20200117,0.01,0.01,0.01,0.01,18000
CDM,20200117,0.76,0.77,0.755,0.77,399667
CDP,20200117,6.08,6.1,6.08,6.1,978
CDV,20200117,0.375,0.42,0.365,0.38,450714
CDX,20200117,0.029,0.031,0.029,0.031,2103281
CDY,20200117,0.24,0.25,0.24,0.24,75598
CE1,20200117,0.006,0.006,0.006,0.006,6114
CEL,20200117,0.155,0.165,0.152,0.155,2159363
CEN,20200117,7.36,7.42,7.25,7.25,5710
CFE,20200117,0.006,0.006,0.006,0.006,200000
CFO,20200117,0.078,0.078,0.078,0.078,76316
CG1,20200117,0.5,0.5,0.495,0.5,31776
CGB,20200117,0.018,0.018,0.017,0.017,940987
CGC,20200117,2.59,2.76,2.58,2.7,4521667
CGF,20200117,8.81,8.84,8.58,8.63,1687834
CGL,20200117,4.73,4.735,4.65,4.73,34359
CGO,20200117,0.25,0.25,0.25,0.25,6300
CGR,20200117,0.55,0.56,0.55,0.55,2339294
CGS,20200117,0.49,0.5,0.482,0.49,61828
CHC,20200117,12.68,12.8,12.615,12.7,984346
CHN,20200117,0.285,0.29,0.28,0.285,413877
CHZ,20200117,0.073,0.073,0.068,0.068,381419
CI1,20200117,0.02,0.026,0.02,0.025,17793833
CIA,20200117,2.88,2.96,2.87,2.87,307963
CIE,20200117,0.875,0.885,0.87,0.87,143897
CIM,20200117,35,35.75,35,35.32,506967
CIN,20200117,32.65,33.01,32.65,32.99,4418
CIP,20200117,3.65,3.67,3.64,3.65,2965648
CIW,20200117,0.64,0.64,0.64,0.64,38882
CKA,20200117,0.045,0.045,0.045,0.045,82000
CKF,20200117,9.32,9.4,9.23,9.23,222484
CL1,20200117,2.06,2.09,2.05,2.05,160995
CL8,20200117,0.013,0.014,0.013,0.013,366875
CLA,20200117,0.017,0.017,0.016,0.017,432942
CLB,20200117,0.065,0.065,0.065,0.065,200000
CLF,20200117,1.35,1.365,1.35,1.36,19103
CLH,20200117,1.08,1.09,1.08,1.085,132392
CLQ,20200117,0.285,0.285,0.28,0.28,268456
CLV,20200117,2.78,2.78,2.67,2.67,274974
CLW,20200117,5.62,5.64,5.57,5.58,1261350
CLX,20200117,0.775,0.8,0.775,0.8,124561
CLZ,20200117,0.003,0.003,0.002,0.003,11311117
CM8,20200117,0.021,0.022,0.021,0.022,99000
CMA,20200117,3.01,3.03,3,3.02,541925
CML,20200117,0.019,0.019,0.019,0.019,221101
CMM,20200117,1.275,1.295,1.27,1.275,270450
CMP,20200117,0.695,0.705,0.685,0.705,162947
CMW,20200117,1.225,1.23,1.215,1.215,2622294
CNI,20200117,2.43,2.44,2.4,2.42,990102
CNJ,20200117,0.009,0.009,0.009,0.009,105415
CNL,20200117,0.135,0.135,0.135,0.135,20000
CNU,20200117,6.4,6.43,6.31,6.34,576635
CNW,20200117,0.038,0.039,0.038,0.038,1287387
COB,20200117,0.15,0.165,0.15,0.155,1356058
COE,20200117,0.6,0.605,0.59,0.605,3224971
COG,20200117,0.084,0.085,0.083,0.085,227376
COH,20200117,241.96,242.76,239.6,240.71,101991
COI,20200117,0.185,0.185,0.175,0.175,25758
COL,20200117,15.88,15.97,15.86,15.92,1402713
COO,20200117,0.078,0.08,0.078,0.08,32127
CP1,20200117,0.165,0.165,0.165,0.165,20400
CPH,20200117,0.17,0.195,0.17,0.18,7542022
CPU,20200117,17.87,17.94,17.79,17.9,1011713
CPV,20200117,0.175,0.175,0.175,0.175,25028
CQE,20200117,3.36,3.395,3.33,3.38,382563
CQR,20200117,4.6,4.62,4.56,4.58,638329
CR1,20200117,0.195,0.2,0.19,0.2,50401
CRL,20200117,0.021,0.021,0.021,0.021,30002
CRN,20200117,2.25,2.25,2.15,2.19,554751
CRO,20200117,0.007,0.007,0.007,0.007,250000
CRS,20200117,0.14,0.165,0.14,0.16,226000
CSD,20200117,0.135,0.135,0.135,0.135,3000
CSE,20200117,0.066,0.066,0.066,0.066,20000
CSL,20200117,302,302.9,299.15,300.1,740484
CSR,20200117,5.1,5.16,5.01,5.04,2599425
CSS,20200117,0.735,0.74,0.72,0.725,134659
CT1,20200117,0.026,0.028,0.026,0.026,2621265
CTD,20200117,22.3,22.515,22.12,22.15,247913
CTM,20200117,0.013,0.013,0.012,0.012,7166695
CTP,20200117,0.135,0.135,0.13,0.13,220527
CTX,20200117,35.5,35.69,34.82,34.91,864737
CUE,20200117,0.155,0.155,0.155,0.155,81443
CUP,20200117,1.11,1.11,1.11,1.11,4319
CUV,20200117,28.98,29.8,28.83,29.31,198768
CVC,20200117,2.19,2.19,2.19,2.19,5000
CVF,20200117,1.04,1.045,1.03,1.04,198971
CVN,20200117,0.36,0.365,0.355,0.36,983953
CWN,20200117,12.6,12.67,12.43,12.52,1188576
CWP,20200117,8.18,8.21,8.14,8.15,79699
CWX,20200117,0.23,0.235,0.225,0.235,87800
CWY,20200117,2.12,2.12,2.07,2.1,4616978
CXL,20200117,0.78,0.785,0.78,0.785,52266
CXO,20200117,0.04,0.04,0.038,0.039,1050562
CXU,20200117,0.022,0.022,0.021,0.021,144483
CXZ,20200117,0.021,0.022,0.021,0.022,761111
CYL,20200117,3.05,3.05,2.95,2.95,10118
CYM,20200117,0.285,0.31,0.28,0.28,125725
CYP,20200117,1.25,1.26,1.25,1.25,235691
CZI,20200117,0.088,0.091,0.088,0.091,545841
CZL,20200117,0.007,0.007,0.007,0.007,1000000
CZN,20200117,0.004,0.004,0.003,0.004,3135488
D2O,20200117,1.43,1.435,1.41,1.415,59262
DAF,20200117,0.021,0.021,0.021,0.021,50000
DAU,20200117,0.02,0.02,0.02,0.02,129209
DCC,20200117,0.031,0.032,0.031,0.031,533777
DCG,20200117,0.5,0.5,0.48,0.48,708646
DCL,20200117,0.06,0.06,0.056,0.056,20450
DCN,20200117,1.445,1.46,1.44,1.445,800987
DDR,20200117,7.26,7.44,7.12,7.22,148391
DEG,20200117,0.049,0.05,0.049,0.049,961250
DEM,20200117,0.25,0.255,0.24,0.255,327787
DEV,20200117,0.07,0.07,0.066,0.07,231699
DGH,20200117,1.465,1.465,1.465,1.465,1500
DGO,20200117,0.9,0.9,0.9,0.9,6000
DGR,20200117,0.074,0.074,0.074,0.074,125000
DHG,20200117,3.9,3.9,3.84,3.89,776969
DIV,20200117,24.21,24.21,24.21,24.21,400
DJW,20200117,3.63,3.66,3.59,3.59,230951
DKM,20200117,0.17,0.17,0.165,0.165,218383
DLC,20200117,0.004,0.005,0.004,0.005,176080
DME,20200117,0.19,0.205,0.19,0.205,91456
DMP,20200117,56.58,56.68,55,55.45,240771
DNA,20200117,0.081,0.081,0.08,0.08,514608
DNK,20200117,0.57,0.595,0.57,0.58,71770
DOR,20200117,0.035,0.035,0.035,0.035,108650
DOW,20200117,8.8,8.92,8.79,8.8,1108578
DRE,20200117,0.006,0.006,0.006,0.006,140000
DRO,20200117,0.26,0.26,0.225,0.235,2934306
DRX,20200117,0.014,0.014,0.013,0.014,1842666
DSE,20200117,0.059,0.06,0.056,0.059,550719
DTC,20200117,1,1,0.965,0.985,45350
DTL,20200117,4.23,4.23,4.06,4.17,538905
DTS,20200117,0.13,0.135,0.13,0.13,177251
DTZ,20200117,0.064,0.064,0.059,0.062,750000
DUB,20200117,1.28,1.305,1.252,1.29,168183
DUI,20200117,5.14,5.17,5.13,5.13,49439
DVL,20200117,0.026,0.026,0.026,0.026,40000
DW8,20200117,0.008,0.008,0.008,0.008,1173566
DWS,20200117,1.08,1.09,1.08,1.08,57253
DXB,20200117,0.14,0.14,0.14,0.14,53575
DXN,20200117,0.045,0.048,0.045,0.048,508189
DXS,20200117,12.5,12.53,12.455,12.47,2772468
DYL,20200117,0.27,0.27,0.27,0.27,28950
E25,20200117,0.18,0.18,0.18,0.18,1326
E2M,20200117,0.19,0.2,0.19,0.2,216894
EAF,20200117,1.39,1.39,1.39,1.39,27787
EAI,20200117,1.09,1.095,1.085,1.095,114768
EBO,20200117,23.55,23.55,23.55,23.55,1000
ECF,20200117,1.32,1.33,1.32,1.33,399471
ECG,20200117,0.041,0.041,0.041,0.041,3450
ECL,20200117,1.45,1.45,1.45,1.45,7239
ECP,20200117,1.13,1.135,1.13,1.135,20000
ECS,20200117,0.049,0.049,0.048,0.049,847999
ECX,20200117,1.44,1.46,1.425,1.445,1352860
ED1,20200117,1.13,1.13,1.08,1.09,119778
EDE,20200117,0.042,0.044,0.041,0.041,1166258
EEG,20200117,0.405,0.405,0.395,0.4,282820
EER,20200117,0.005,0.006,0.005,0.006,220000
EFF,20200117,1.77,1.77,1.77,1.77,25414
EGD,20200117,2.45,2.49,2.45,2.45,174617
EGF,20200117,1.77,1.78,1.77,1.78,56863
EGG,20200117,2.02,2.02,1.955,1.99,15032
EGH,20200117,0.38,0.395,0.38,0.395,260243
EGI,20200117,1.19,1.195,1.185,1.185,178331
EGR,20200117,0.067,0.067,0.067,0.067,24000
EHE,20200117,2.54,2.56,2.53,2.54,264452
EHH,20200117,0.11,0.12,0.11,0.12,44308
EHL,20200117,2.18,2.24,2.17,2.21,1130200
EHX,20200117,0.093,0.16,0.093,0.14,1395307
ELD,20200117,7.15,7.19,7.05,7.1,1189712
ELO,20200117,6.6,6.96,6.6,6.83,153071
ELS,20200117,0.385,0.385,0.375,0.385,87701
ELX,20200117,0.745,0.75,0.74,0.75,72502
EM1,20200117,0.014,0.014,0.013,0.013,1412760
EMB,20200117,11.11,11.11,11.1,11.1,1100
EME,20200117,0.11,0.11,0.11,0.11,6300
EMH,20200117,0.32,0.32,0.295,0.297,138364
EML,20200117,5.26,5.35,5.23,5.28,1667116
EMP,20200117,0.033,0.033,0.032,0.033,262860
EMR,20200117,0.045,0.045,0.044,0.044,3650609
EMU,20200117,0.048,0.049,0.048,0.049,22089
EMV,20200117,0.765,0.83,0.76,0.81,87288
EN1,20200117,0.021,0.021,0.02,0.02,5037306
ENE,20200117,0.2,0.2,0.2,0.2,52981
ENN,20200117,2.13,2.14,2.11,2.12,56349
ENR,20200117,0.13,0.13,0.13,0.13,10000
ENT,20200117,0.008,0.009,0.008,0.009,1000000
EOF,20200117,2.81,2.88,2.755,2.77,132989
EOL,20200117,3.04,3.05,2.9,3.05,8513
EOS,20200117,9.48,9.61,8.89,8.96,919144
EPM,20200117,0.005,0.005,0.005,0.005,1300000
EQE,20200117,0.015,0.015,0.015,0.015,2143294
EQT,20200117,31.62,31.62,31.02,31.02,7320
EQX,20200117,0.245,0.245,0.245,0.245,3200
ERA,20200117,0.16,0.165,0.16,0.165,12237
ERF,20200117,1.24,1.24,1.23,1.23,30565
ERG,20200117,0.067,0.067,0.067,0.067,77000
ERM,20200117,0.11,0.11,0.105,0.11,758871
ERX,20200117,0.072,0.074,0.072,0.074,98434
ESE,20200117,0.013,0.014,0.012,0.014,2492565
ESH,20200117,0.009,0.009,0.009,0.009,1103505
ESR,20200117,0.009,0.009,0.009,0.009,1136601
ETF,20200117,23.84,23.84,23.84,23.84,100
EUC,20200117,0.018,0.019,0.018,0.019,322709
EUR,20200117,0.096,0.096,0.094,0.094,232972
EVE,20200117,0.007,0.008,0.007,0.007,12305324
EVN,20200117,3.86,3.94,3.83,3.9,7378594
EVO,20200117,0.165,0.17,0.16,0.165,1365871
EVS,20200117,0.245,0.245,0.21,0.22,5804769
EVT,20200117,13.98,14.01,13.7,13.7,72682
EWC,20200117,0.071,0.074,0.071,0.072,210486
EX1,20200117,0.275,0.275,0.27,0.27,16112
EXL,20200117,0.85,0.95,0.81,0.95,2014062
EXP,20200117,0.225,0.23,0.225,0.23,23018718
EXR,20200117,0.02,0.022,0.02,0.022,16382125
EZL,20200117,1.05,1.05,1.05,1.05,2250
FAM,20200117,0.053,0.053,0.053,0.053,200
FAR,20200117,0.043,0.043,0.042,0.043,7917355
FBR,20200117,0.052,0.053,0.051,0.053,908615
FBU,20200117,5.15,5.26,5.14,5.23,710094
FCL,20200117,2.62,2.8,2.6,2.73,554596
FCT,20200117,0.175,0.175,0.165,0.167,261157
FDV,20200117,0.83,1.08,0.83,0.92,1225622
FEL,20200117,0.014,0.014,0.014,0.014,10667
FEX,20200117,0.055,0.055,0.053,0.055,396763
FFG,20200117,0.012,0.012,0.011,0.012,2048282
FFI,20200117,4.72,4.72,4.72,4.72,83
FFL,20200117,0.45,0.45,0.44,0.44,15899
FGG,20200117,1.295,1.295,1.28,1.28,400964
FGO,20200117,0.002,0.002,0.002,0.002,1792133
FGR,20200117,0.13,0.135,0.13,0.135,314474
FGX,20200117,1.18,1.185,1.18,1.185,544899
FHS,20200117,0.012,0.013,0.012,0.013,5603399
FID,20200117,5.72,5.79,5.61,5.73,4954
FLC,20200117,0.42,0.435,0.415,0.42,278023
FLN,20200117,0.535,0.535,0.505,0.505,151634
FLT,20200117,44.5,44.5,43.76,43.85,242627
FMG,20200117,11.05,11.43,11.05,11.41,21843110
FML,20200117,0.245,0.245,0.245,0.245,6000
FMS,20200117,0.054,0.055,0.05,0.05,157000
FNP,20200117,5.12,5.22,5.03,5.18,495185
FNT,20200117,0.01,0.01,0.01,0.01,1088740
FOD,20200117,0.074,0.074,0.073,0.074,76923
FOR,20200117,1.17,1.175,1.165,1.17,165168
FPC,20200117,1.085,1.085,1.085,1.085,4340
FPH,20200117,21.72,21.72,21.385,21.53,243023
FPL,20200117,0.007,0.007,0.006,0.006,314300
FPP,20200117,0.925,0.925,0.92,0.92,40075
FRM,20200117,0.325,0.325,0.3,0.3,75841
FRN,20200117,0.021,0.021,0.021,0.021,509048
FSA,20200117,1.405,1.405,1.405,1.405,17
FSF,20200117,3.88,3.88,3.88,3.88,250
FSG,20200117,0.025,0.025,0.025,0.025,161703
FTC,20200117,0.125,0.125,0.125,0.125,10295
FTZ,20200117,0.085,0.085,0.08,0.08,233905
FUN,20200117,0.02,0.02,0.02,0.02,16205
FWD,20200117,2.15,2.15,2.09,2.14,15554
FXL,20200117,2.16,2.19,2.1,2.15,657014
FYI,20200117,0.059,0.059,0.054,0.054,90712
FZO,20200117,0.165,0.17,0.165,0.17,87480
G1A,20200117,0.3,0.32,0.3,0.32,116593
G88,20200117,0.055,0.055,0.054,0.054,83530
GAL,20200117,0.155,0.155,0.152,0.152,182790
GAP,20200117,0.27,0.27,0.267,0.27,101723
GAS,20200117,0.69,0.69,0.66,0.66,35520
GBR,20200117,0.037,0.04,0.037,0.04,17653
GBZ,20200117,0.059,0.059,0.059,0.059,40000
GC1,20200117,0.815,0.82,0.815,0.82,57232
GCI,20200117,2.05,2.06,2.04,2.05,189719
GDF,20200117,1.405,1.41,1.4,1.41,346448
GDG,20200117,0.78,0.78,0.78,0.78,15700
GDI,20200117,1.53,1.625,1.52,1.56,753388
GDX,20200117,42,42,41.58,41.94,28471
GEM,20200117,1.985,2.01,1.97,1.97,3155229
GEV,20200117,0.14,0.14,0.14,0.14,161287
GFL,20200117,2.26,2.26,2.26,2.26,10000
GGE,20200117,0.006,0.006,0.006,0.006,1165665
GGG,20200117,0.125,0.125,0.12,0.125,704742
GGX,20200117,0.003,0.003,0.003,0.003,1350000
GIB,20200117,0.05,0.05,0.048,0.048,145015
GID,20200117,0.016,0.016,0.016,0.016,30588
GLA,20200117,0.001,0.001,0.001,0.001,2600000
GLL,20200117,0.59,0.605,0.575,0.59,344064
GLN,20200117,0.19,0.202,0.185,0.195,713089
GMA,20200117,3.85,3.86,3.78,3.78,210981
GMC,20200117,0.007,0.007,0.006,0.006,3439667
GMD,20200117,0.034,0.035,0.034,0.035,1208564
GME,20200117,0.055,0.055,0.055,0.055,10000
GMG,20200117,14.6,14.72,14.56,14.65,3131579
GMN,20200117,0.072,0.072,0.072,0.072,7500
GMV,20200117,0.1,0.135,0.1,0.13,2433703
GNC,20200117,8.22,8.34,8.18,8.32,471444
GNE,20200117,3.11,3.18,3.11,3.12,65509
GNG,20200117,0.94,0.95,0.94,0.95,20224
GNX,20200117,0.23,0.23,0.225,0.23,145830
GOR,20200117,1.32,1.35,1.32,1.34,3023673
GOW,20200117,2.33,2.4,2.31,2.4,78147
GOZ,20200117,4.41,4.45,4.38,4.44,755139
GPR,20200117,0.49,0.49,0.485,0.485,56641
GPT,20200117,5.99,5.99,5.9,5.9,5484697
GRB,20200117,0.085,0.086,0.085,0.085,360581
GRL,20200117,0.215,0.225,0.215,0.215,88095
GRR,20200117,0.245,0.25,0.245,0.245,248201
GSM,20200117,0.059,0.059,0.055,0.055,210000
GSN,20200117,0.06,0.06,0.059,0.06,460802
GSS,20200117,1.01,1.05,1,1.05,148320
GSW,20200117,0.5,0.58,0.5,0.53,373747
GTE,20200117,0.003,0.004,0.003,0.004,1625000
GTG,20200117,0.01,0.01,0.009,0.009,4338762
GTK,20200117,2.55,2.67,2.55,2.65,151878
GTN,20200117,0.82,0.85,0.82,0.85,163504
GTR,20200117,0.009,0.009,0.009,0.009,1000000
GUD,20200117,11.8,11.86,11.63,11.65,179140
GVF,20200117,1.105,1.105,1.105,1.105,19720
GWA,20200117,3.51,3.58,3.51,3.52,603706
GWR,20200117,0.085,0.085,0.081,0.081,28279
GXY,20200117,1.215,1.235,1.19,1.235,6627653
HAS,20200117,0.135,0.135,0.12,0.13,270036
HAV,20200117,0.127,0.13,0.127,0.13,30000
HCH,20200117,0.035,0.036,0.035,0.036,1186137
HE8,20200117,0.18,0.18,0.175,0.175,231297
HFR,20200117,0.72,0.75,0.715,0.725,82025
HGO,20200117,0.063,0.065,0.063,0.065,50855
HHM,20200117,0.02,0.02,0.02,0.02,462500
HHY,20200117,0.044,0.044,0.044,0.044,5940
HIL,20200117,0.405,0.43,0.4,0.42,996249
HIP,20200117,0.02,0.021,0.02,0.02,2145543
HIT,20200117,1.33,1.33,1.3,1.3,8559
HLA,20200117,1.12,1.13,1.12,1.13,22037
HLO,20200117,4.98,4.98,4.87,4.89,84739
HLS,20200117,2.92,2.94,2.88,2.94,1216029
HLX,20200117,0.015,0.015,0.015,0.015,100000
HM1,20200117,3.32,3.33,3.26,3.26,68242
HMC,20200117,3.97,4.01,3.89,3.97,123919
HMD,20200117,0.175,0.175,0.17,0.17,246808
HMX,20200117,0.021,0.021,0.021,0.021,1815207
HNR,20200117,0.008,0.008,0.008,0.008,59553
HPI,20200117,3.28,3.33,3.26,3.33,346568
HRN,20200117,0.26,0.26,0.26,0.26,92267
HRZ,20200117,0.1,0.1,0.1,0.1,93519
HSC,20200117,0.005,0.005,0.005,0.005,4217713
HSN,20200117,3.63,3.655,3.58,3.59,210171
HT1,20200117,1.707,1.73,1.695,1.725,7983
HTA,20200117,0.14,0.14,0.13,0.13,260810
HUB,20200117,12,12.26,11.84,11.91,254244
HUO,20200117,4.47,4.54,4.45,4.54,5382
HVN,20200117,4.44,4.44,4.4,4.42,2047697
HWH,20200117,0.041,0.041,0.04,0.04,22500
HYD,20200117,0.25,0.25,0.24,0.24,231747
HZN,20200117,0.12,0.125,0.12,0.125,385125
HZR,20200117,0.395,0.4,0.395,0.395,201176
IAA,20200117,99.8,100.44,99.24,99.24,7446
IAF,20200117,114.53,114.59,114.43,114.52,20335
IAG,20200117,7.95,7.98,7.9,7.91,3084924
IAP,20200117,1.515,1.52,1.495,1.5,169282
IBG,20200117,0.013,0.014,0.013,0.014,1250000
IBX,20200117,0.026,0.028,0.026,0.028,2774747
ICE,20200117,0.22,0.225,0.21,0.215,189440
ICG,20200117,0.001,0.001,0.001,0.001,1199800
ICI,20200117,0.028,0.028,0.026,0.027,441994
ICN,20200117,0.009,0.009,0.009,0.009,125520
ICQ,20200117,0.375,0.4,0.375,0.4,447022
ICS,20200117,1.855,1.855,1.855,1.855,2465
ICT,20200117,0.048,0.048,0.048,0.048,15000
ID8,20200117,0.33,0.35,0.3,0.3,85974
IDA,20200117,0.027,0.027,0.027,0.027,76315
IDT,20200117,0.165,0.165,0.15,0.165,175627
IDX,20200117,3.9,3.9,3.85,3.89,284564
IEC,20200117,0.007,0.007,0.007,0.007,75000
IEL,20200117,20.01,20.22,19.9,20.16,390080
IEM,20200117,66.81,67,66.51,66.58,29223
IEU,20200117,68,68.7,68,68.34,10304
IFL,20200117,8.3,8.31,8.09,8.15,850766
IFM,20200117,2.02,2.04,2.015,2.03,213454
IFN,20200117,0.72,0.72,0.7,0.7,613945
IFT,20200117,5.23,5.25,5.23,5.25,3406
IGB,20200117,112.63,112.76,112.63,112.73,5582
IGE,20200117,0.16,0.16,0.13,0.13,4293485
IGL,20200117,2.49,2.5,2.46,2.47,336173
IGO,20200117,6.65,6.75,6.65,6.68,1448910
IHD,20200117,14.74,14.8,14.74,14.78,27728
IHL,20200117,0.067,0.07,0.067,0.069,630561
IJH,20200117,301.51,304.56,301.51,303.98,381
IJP,20200117,86.31,86.65,86.31,86.45,3539
IJR,20200117,122.72,124.27,122.72,124.25,990
IKO,20200117,94,95,93.4,94.36,802
ILB,20200117,128.94,129.03,128.6,128.6,655
ILC,20200117,26.97,27.13,26.97,27.06,16831
ILU,20200117,9.48,9.63,9.445,9.55,1096402
IMA,20200117,0.24,0.24,0.235,0.235,190213
IMC,20200117,0.13,0.135,0.13,0.135,51043
IMD,20200117,1.51,1.595,1.51,1.57,463434
IME,20200117,0.043,0.045,0.041,0.045,3570015
IMF,20200117,4.9,4.95,4.82,4.85,526615
IMM,20200117,0.305,0.305,0.297,0.3,426478
IMS,20200117,0.007,0.007,0.007,0.007,470360
IMU,20200117,0.036,0.037,0.035,0.037,27051607
INA,20200117,4.9,4.9,4.79,4.8,1186505
INF,20200117,0.056,0.056,0.056,0.056,20000
ING,20200117,3.58,3.58,3.515,3.54,691542
INP,20200117,0.022,0.023,0.022,0.023,578438
INR,20200117,0.2,0.205,0.195,0.2,2153762
IOD,20200117,0.125,0.13,0.125,0.13,59514
IOO,20200117,80,80.59,80,80.32,18921
IOZ,20200117,28.88,28.88,28.79,28.79,105127
IPB,20200117,0.025,0.03,0.025,0.03,60200
IPD,20200117,0.16,0.165,0.16,0.16,384921
IPH,20200117,9.05,9.05,8.83,8.85,431919
IPL,20200117,3.39,3.4,3.35,3.37,4655523
IPT,20200117,0.007,0.008,0.007,0.007,178305
IRD,20200117,0.07,0.07,0.07,0.07,10000
IRE,20200117,13.69,13.75,13.4,13.49,341447
IRI,20200117,3.04,3.04,2.93,2.93,251991
ISD,20200117,0.27,0.29,0.27,0.285,209576
ISO,20200117,5.25,5.255,5.25,5.25,7065
ISU,20200117,0.51,0.51,0.505,0.51,42809
ITG,20200117,0.45,0.46,0.45,0.45,153114
ITW,20200117,63.26,63.26,63.26,63.26,16
IVC,20200117,13.96,14.02,13.76,13.82,278435
IVE,20200117,102.41,102.42,101.43,101.82,3005
IVR,20200117,0.022,0.022,0.022,0.022,608132
IVT,20200117,0.004,0.004,0.004,0.004,32000
IVV,20200117,481.8,484.36,481.8,482,11647
IVX,20200117,0.012,0.012,0.012,0.012,1110000
IVZ,20200117,0.028,0.028,0.028,0.028,100000
IXC,20200117,1.01,1.15,1.01,1.03,170776
IXI,20200117,81.06,81.6,81.06,81.5,7709
IXJ,20200117,102.26,103.35,102.19,102.36,7610
IXU,20200117,0.066,0.07,0.065,0.065,92674
IZZ,20200117,66.5,66.5,64.61,64.74,7750
JAN,20200117,0.485,0.485,0.485,0.485,10000
JAY,20200117,0.335,0.335,0.335,0.335,7071
JBH,20200117,41.51,41.6,40.8,41,374697
JCS,20200117,0.024,0.024,0.024,0.024,35000
JHC,20200117,1.02,1.035,1.01,1.01,154305
JHG,20200117,36.6,36.75,36.43,36.46,104176
JHL,20200117,0.03,0.03,0.03,0.03,140000
JHX,20200117,30.63,30.73,30.44,30.44,926544
JIN,20200117,16.01,16.44,15.92,16.32,721553
JLG,20200117,2.18,2.19,2.15,2.17,112843
JMS,20200117,0.305,0.31,0.3,0.31,1405709
JRV,20200117,0.215,0.23,0.215,0.225,1303416
JXT,20200117,0.17,0.175,0.15,0.16,110038
JYC,20200117,1.51,1.51,1.51,1.51,910
K2F,20200117,0.29,0.29,0.275,0.28,37064
KAI,20200117,0.009,0.009,0.009,0.009,800000
KAM,20200117,0.043,0.043,0.042,0.043,150000
KAR,20200117,1.415,1.425,1.36,1.4,2201358
KAS,20200117,0.014,0.014,0.014,0.014,6592
KAT,20200117,0.83,0.83,0.83,0.83,28463
KCN,20200117,0.475,0.48,0.47,0.48,172564
KEY,20200117,0.005,0.005,0.005,0.005,600001
KFE,20200117,0.06,0.061,0.06,0.06,330100
KGL,20200117,0.24,0.24,0.24,0.24,23699
KGM,20200117,0.004,0.004,0.004,0.004,40000
KGN,20200117,7.89,8.08,7.81,7.94,440873
KIN,20200117,0.034,0.038,0.033,0.038,717632
KKC,20200117,2.49,2.5,2.47,2.47,234159
KLA,20200117,64.47,64.83,63.72,64.83,665
KLL,20200117,0.52,0.52,0.5,0.505,659580
KMD,20200117,3.14,3.2,3.13,3.15,147248
KME,20200117,1.26,1.26,1.26,1.26,785
KNO,20200117,0.091,0.094,0.091,0.093,430712
KOR,20200117,0.01,0.01,0.01,0.01,132000
KOV,20200117,3.65,3.65,3.65,3.65,1200
KP2,20200117,0.017,0.017,0.017,0.017,30000
KPO,20200117,0.028,0.029,0.028,0.029,136000
KRM,20200117,0.029,0.032,0.029,0.032,27765
KRR,20200117,0.02,0.02,0.02,0.02,316554
KSL,20200117,1.485,1.52,1.48,1.495,194815
KSM,20200117,2.33,2.33,2.33,2.33,4490
KSN,20200117,0.18,0.18,0.165,0.165,220887
KSS,20200117,0.365,0.39,0.365,0.385,908770
KTA,20200117,0.036,0.036,0.036,0.036,44400
KTD,20200117,0.39,0.4,0.39,0.4,91224
KTG,20200117,0.25,0.25,0.235,0.235,234299
KWR,20200117,0.165,0.165,0.165,0.165,7129
KYK,20200117,0.1,0.105,0.1,0.105,49200
KZA,20200117,0.63,0.63,0.62,0.62,4241
KZR,20200117,0.535,0.605,0.52,0.585,1512691
LAU,20200117,0.365,0.375,0.365,0.37,193979
LAW,20200117,0.077,0.078,0.073,0.073,1399400
LBL,20200117,0.73,0.73,0.715,0.715,11919
LBT,20200117,0.18,0.18,0.17,0.17,100800
LCK,20200117,0.145,0.145,0.135,0.14,538090
LCT,20200117,0.018,0.018,0.017,0.017,114580
LCY,20200117,0.002,0.002,0.002,0.002,2934500
LEG,20200117,0.082,0.082,0.079,0.079,2331595
LEP,20200117,5.69,5.7,5.66,5.68,15050
LER,20200117,0.028,0.028,0.028,0.028,35000
LI3,20200117,0.024,0.025,0.024,0.025,48350
LIC,20200117,9.3,9.3,9.04,9.17,106835
LIN,20200117,0.034,0.038,0.034,0.037,11469124
LIT,20200117,0.073,0.073,0.07,0.072,1655862
LKE,20200117,0.047,0.049,0.046,0.047,833124
LLC,20200117,19,19,18.71,18.75,1185891
LME,20200117,1.83,1.83,1.75,1.83,29103
LMG,20200117,0.012,0.012,0.012,0.012,150000
LML,20200117,0.008,0.009,0.007,0.007,4429832
LMW,20200117,0.15,0.155,0.15,0.15,113893
LNG,20200117,0.195,0.195,0.19,0.19,178837
LNK,20200117,6.36,6.39,6.31,6.32,1915139
LNU,20200117,0.027,0.028,0.027,0.027,366729
LNY,20200117,0.006,0.006,0.006,0.006,500000
LOM,20200117,0.13,0.13,0.125,0.13,138396
LON,20200117,0.16,0.16,0.16,0.16,179800
LOT,20200117,0.049,0.049,0.047,0.047,53573
LOV,20200117,11.98,12.03,11.69,12.02,139216
LPD,20200117,0.017,0.017,0.016,0.016,8477132
LPI,20200117,0.265,0.265,0.255,0.26,57576
LRS,20200117,0.004,0.004,0.004,0.004,92800
LSA,20200117,0.006,0.006,0.006,0.006,99100
LSF,20200117,1.63,1.635,1.61,1.61,693175
LSH,20200117,0.036,0.036,0.036,0.036,165000
LSR,20200117,0.011,0.011,0.01,0.011,1553327
LSX,20200117,0.47,0.47,0.47,0.47,5314
LTR,20200117,0.092,0.096,0.091,0.092,3402007
LVH,20200117,0.21,0.21,0.2,0.2,78017
LVT,20200117,0.275,0.275,0.26,0.265,4038848
LYC,20200117,2.43,2.47,2.43,2.46,1814957
LYL,20200117,6.05,6.19,6,6.11,51662
M7T,20200117,0.78,0.805,0.77,0.785,1292939
M8S,20200117,0.21,0.21,0.19,0.21,144852
MAD,20200117,1.08,1.1,1.08,1.08,86217
MAG,20200117,0.235,0.25,0.235,0.25,402407
MAH,20200117,0.285,0.29,0.28,0.28,229198
MAI,20200117,0.555,0.565,0.55,0.55,15120
MAN,20200117,0.016,0.017,0.016,0.016,1900000
MAQ,20200117,25.66,26,25.02,25.75,2145
MAT,20200117,0.135,0.135,0.13,0.13,75460
MAU,20200117,0.55,0.56,0.5,0.56,274942
MAY,20200117,0.01,0.01,0.01,0.01,53804
MBK,20200117,0.009,0.009,0.008,0.008,152809
MCA,20200117,0.155,0.16,0.155,0.16,38340
MCE,20200117,0.345,0.345,0.34,0.34,25638
MCP,20200117,2.86,2.93,2.85,2.91,392167
MCR,20200117,0.69,0.695,0.68,0.695,609472
MCT,20200117,0.004,0.004,0.004,0.004,350
MCY,20200117,5.13,5.14,5.06,5.06,6477
MDC,20200117,0.355,0.39,0.355,0.372,657579
MDI,20200117,0.005,0.005,0.005,0.005,100000
MDR,20200117,0.455,0.54,0.44,0.53,1350117
MEA,20200117,0.32,0.335,0.32,0.335,113848
MEB,20200117,0.01,0.01,0.01,0.01,2436796
MEC,20200117,0.96,0.96,0.96,0.96,5354
MEI,20200117,0.036,0.036,0.034,0.034,1289194
MEL,20200117,0.053,0.055,0.048,0.055,745637
MEM,20200117,0.056,0.064,0.056,0.062,1803767
MEP,20200117,0.045,0.045,0.043,0.043,653082
MEU,20200117,0.026,0.026,0.026,0.026,613198
MEZ,20200117,5.07,5.13,5.06,5.13,52728
MFD,20200117,1.01,1.01,1.005,1.01,21130
MFF,20200117,3.67,3.68,3.63,3.63,293265
MFG,20200117,63,64.31,63,63.32,337597
MGC,20200117,0.435,0.435,0.435,0.435,8210
MGE,20200117,4.2,4.21,4.19,4.19,424847
MGG,20200117,2.01,2.05,2.01,2.03,828105
MGL,20200117,0.017,0.017,0.017,0.017,6210
MGR,20200117,3.31,3.34,3.28,3.29,8270954
MGT,20200117,0.004,0.004,0.004,0.004,120000
MGV,20200117,0.084,0.085,0.083,0.085,251263
MGX,20200117,1.015,1.015,0.99,0.99,620690
MHG,20200117,3.7,3.71,3.7,3.7,1319
MHH,20200117,1.68,1.69,1.67,1.67,1547213
MHI,20200117,0.105,0.115,0.105,0.115,69379
MHJ,20200117,0.695,0.705,0.69,0.7,13329
MIL,20200117,0.475,0.475,0.465,0.465,81337
MIN,20200117,17.48,17.54,17.34,17.41,997975
MIO,20200117,0.22,0.23,0.22,0.23,139300
MIR,20200117,2.72,2.77,2.72,2.74,74828
MKG,20200117,0.069,0.069,0.069,0.069,20507
MLD,20200117,0.98,0.985,0.97,0.98,314102
MLL,20200117,0.084,0.088,0.084,0.084,335358
MLM,20200117,0.014,0.014,0.013,0.014,951138
MLS,20200117,0.001,0.001,0.001,0.001,1495000
MLT,20200117,5.03,5.04,5.02,5.03,134091
MLX,20200117,0.091,0.091,0.088,0.088,547071
MME,20200117,1.53,1.55,1.5,1.55,69205
MMI,20200117,0.165,0.17,0.165,0.17,529168
MMJ,20200117,0.16,0.16,0.15,0.16,357746
MML,20200117,0.875,0.9,0.84,0.89,379250
MMM,20200117,0.31,0.31,0.31,0.31,5000
MMS,20200117,13.35,13.37,13.18,13.27,207091
MNC,20200117,0.055,0.056,0.052,0.056,250339
MND,20200117,17.65,17.78,17.27,17.35,316779
MNF,20200117,5,5,4.87,4.96,47230
MNS,20200117,0.14,0.145,0.135,0.135,371971
MNY,20200117,2.46,2.47,2.39,2.4,149048
MOB,20200117,0.115,0.115,0.11,0.11,333974
MOC,20200117,1.29,1.3,1.275,1.3,91846
MOE,20200117,5.6,5.69,5.54,5.6,100037
MOT,20200117,2.08,2.08,2.07,2.08,337535
MOZ,20200117,1.73,1.765,1.715,1.755,155478
MP1,20200117,10.89,11.25,10.8,11.08,837285
MPL,20200117,3.34,3.34,3.275,3.29,8029741
MQG,20200117,144.66,145.46,144.14,144.14,599485
MRC,20200117,0.3,0.3,0.3,0.3,160559
MRM,20200117,0.175,0.175,0.175,0.175,68983
MRQ,20200117,0.019,0.019,0.018,0.018,9923906
MRV,20200117,0.003,0.003,0.003,0.003,221375
MRZ,20200117,0.25,0.25,0.25,0.25,10000
MSB,20200117,2.43,2.54,2.425,2.53,3012946
MSE,20200117,0.013,0.013,0.013,0.013,59615
MSR,20200117,0.002,0.002,0.002,0.002,500000
MSV,20200117,0.062,0.062,0.06,0.06,463694
MTC,20200117,0.037,0.037,0.036,0.037,195774
MTH,20200117,0.011,0.011,0.01,0.01,384505
MTO,20200117,2,2.01,2,2,10698
MTS,20200117,2.64,2.64,2.6,2.6,3184402
MVA,20200117,25.8,26.3,25.8,26.19,8823
MVB,20200117,27,27.08,26.94,26.94,2923
MVE,20200117,30.68,30.74,30.65,30.7,3957
MVF,20200117,1.02,1.035,1.02,1.035,116153
MVP,20200117,9.44,9.45,9.14,9.29,127304
MVR,20200117,31.4,31.47,31.37,31.47,1624
MVW,20200117,32.7,32.75,32.64,32.64,43396
MWR,20200117,0.3,0.3,0.29,0.29,364670
MWY,20200117,1.85,1.895,1.85,1.87,13193
MX1,20200117,0.175,0.18,0.165,0.165,190044
MXC,20200117,0.039,0.039,0.037,0.037,2625513
MXI,20200117,0.215,0.215,0.21,0.215,159974
MXT,20200117,2.07,2.075,2.06,2.07,756256
MYE,20200117,0.94,0.95,0.94,0.95,17212
MYL,20200117,0.049,0.052,0.049,0.051,2900171
MYQ,20200117,0.205,0.205,0.205,0.205,1600
MYR,20200117,0.505,0.51,0.5,0.5,825650
MYS,20200117,5.35,5.35,5.27,5.3,86925
MYX,20200117,0.475,0.485,0.47,0.48,3897657
MZZ,20200117,0.215,0.235,0.21,0.235,40518
NAB,20200117,25.5,25.56,25.45,25.46,3924514
NAC,20200117,1.01,1.05,1.01,1.025,94458
NAE,20200117,0.003,0.003,0.003,0.003,1125000
NAG,20200117,0.036,0.036,0.036,0.036,86300
NAM,20200117,0.34,0.34,0.325,0.325,8460
NAN,20200117,7.07,7.21,7.06,7.08,674559
NBI,20200117,2.11,2.11,2.09,2.11,593120
NC6,20200117,0.065,0.065,0.065,0.065,8000
NCC,20200117,1.05,1.06,1.04,1.06,94333
NCK,20200117,7.05,7.09,6.88,7.05,89829
NCM,20200117,31.77,31.98,31.56,31.9,1567790
NCR,20200117,0.014,0.014,0.014,0.014,71428
NCZ,20200117,0.265,0.28,0.265,0.28,1198832
NDQ,20200117,22.43,22.49,22.43,22.43,140546
NEA,20200117,2.72,2.75,2.6,2.65,5356858
NEC,20200117,2,2.02,1.965,1.97,4439289
NET,20200117,0.11,0.115,0.11,0.115,1217800
NEU,20200117,2.82,2.85,2.71,2.8,93207
NEW,20200117,1.31,1.31,1.29,1.29,297582
NGE,20200117,0.715,0.715,0.715,0.715,50000
NGI,20200117,3.04,3.09,2.96,3,275362
NGY,20200117,0.017,0.017,0.017,0.017,328000
NHC,20200117,2.11,2.13,2.07,2.07,888503
NHF,20200117,6.55,6.62,6.54,6.54,896307
NIC,20200117,0.7,0.71,0.69,0.695,2797275
NML,20200117,0.125,0.125,0.12,0.125,820072
NMT,20200117,0.185,0.19,0.185,0.185,297282
NNW,20200117,0.078,0.078,0.075,0.075,72412
NOR,20200117,0.044,0.044,0.044,0.044,30001
NOV,20200117,0.21,0.215,0.205,0.21,84380
NOX,20200117,0.27,0.275,0.255,0.275,318089
NSB,20200117,0.18,0.18,0.17,0.17,93799
NSC,20200117,0.74,0.75,0.74,0.745,173466
NSR,20200117,2.09,2.09,2.04,2.05,3542169
NST,20200117,11.9,12.305,11.9,12.28,4733325
NTI,20200117,0.015,0.015,0.015,0.015,72270
NTM,20200117,0.087,0.088,0.086,0.088,121310
NTO,20200117,1.6,1.6,1.54,1.54,6039
NTU,20200117,0.054,0.055,0.053,0.054,2109909
NUC,20200117,3.65,3.7,3.6,3.7,35624
NUF,20200117,5.2,5.66,5.14,5.48,4728817
NUH,20200117,0.035,0.036,0.035,0.035,1284595
NUS,20200117,0.33,0.33,0.325,0.325,52900
NVA,20200117,0.054,0.054,0.051,0.051,1799965
NVL,20200117,3.65,3.67,3.65,3.66,89237
NVO,20200117,0.017,0.017,0.017,0.017,4422202
NVX,20200117,0.48,0.485,0.47,0.48,223131
NWC,20200117,0.014,0.014,0.012,0.012,3578241
NWE,20200117,0.006,0.006,0.005,0.005,1928483
NWH,20200117,3.39,3.44,3.39,3.4,1215218
NWL,20200117,8.39,8.39,8.17,8.21,316525
NWS,20200117,22.06,22.24,22.04,22.07,70106
NXS,20200117,2.32,2.4,2.29,2.36,144207
NXT,20200117,6.96,7.13,6.95,7.1,2536054
NYR,20200117,0.235,0.25,0.225,0.225,1169380
NZC,20200117,0.29,0.29,0.29,0.29,1480
NZK,20200117,2.06,2.06,2.06,2.06,3173
NZM,20200117,0.37,0.37,0.365,0.37,21361
NZS,20200117,0.012,0.012,0.012,0.012,6075
OAR,20200117,0.005,0.005,0.005,0.005,1210177
OBM,20200117,0.17,0.17,0.165,0.17,364589
OCC,20200117,0.505,0.505,0.49,0.495,599101
OCL,20200117,5.96,5.99,5.95,5.99,11558
ODA,20200117,0.2,0.21,0.2,0.21,4858
ODM,20200117,0.1,0.1,0.1,0.1,44950
OEC,20200117,0.34,0.34,0.335,0.335,9608
OEL,20200117,0.034,0.035,0.033,0.035,1492547
OEX,20200117,0.004,0.004,0.003,0.003,250000
OFX,20200117,1.38,1.41,1.38,1.395,163210
OGA,20200117,0.135,0.135,0.135,0.135,3800
OGC,20200117,2.81,2.83,2.745,2.77,937736
OIL,20200117,0.037,0.037,0.037,0.037,111177
OKJ,20200117,0.042,0.042,0.042,0.042,50000
OLH,20200117,0.085,0.085,0.085,0.085,27649
OLI,20200117,0.09,0.105,0.089,0.1,2878329
OLL,20200117,0.32,0.32,0.27,0.275,1796682
OLV,20200117,0.009,0.009,0.009,0.009,150000
OMH,20200117,0.5,0.5,0.485,0.5,125734
OML,20200117,3.8,3.8,3.715,3.73,440938
ONT,20200117,6.2,6.28,6.12,6.25,5150
ONX,20200117,0.091,0.091,0.09,0.09,237919
OOO,20200117,15.03,15.07,15.03,15.07,7280
OPC,20200117,4.14,4.14,3.98,3.98,55738
OPH,20200117,2.63,2.63,2.59,2.62,285314
OPT,20200117,3.55,3.57,3.44,3.49,326822
OPY,20200117,1.37,1.4,1.35,1.385,132930
ORA,20200117,3.34,3.34,3.26,3.27,2383459
ORE,20200117,3.62,3.73,3.59,3.65,1720725
ORG,20200117,8.78,8.82,8.73,8.74,5414237
ORI,20200117,23.01,23.34,22.99,23.13,619743
ORN,20200117,0.023,0.023,0.022,0.022,1100000
ORR,20200117,0.43,0.43,0.425,0.425,64133
OSH,20200117,7.89,7.89,7.83,7.86,2518170
OSL,20200117,0.18,0.18,0.175,0.18,560450
OSP,20200117,0.029,0.029,0.028,0.029,940732
OSX,20200117,0.69,0.69,0.675,0.68,51806
OTW,20200117,4.52,4.52,4.42,4.45,55927
OVH,20200117,0.375,0.375,0.37,0.375,62515
OVL,20200117,0.009,0.009,0.009,0.009,1130613
OVN,20200117,0.435,0.44,0.41,0.41,141849
OVT,20200117,0.048,0.05,0.048,0.048,46171
OZF,20200117,20.11,20.12,20.05,20.05,1708
OZG,20200117,0.17,0.17,0.17,0.17,10000
OZL,20200117,10.92,11.05,10.91,10.98,1243622
OZR,20200117,12.61,12.63,12.61,12.63,16748
P2P,20200117,0.052,0.06,0.052,0.06,337522
PAA,20200117,0.093,0.093,0.088,0.089,327098
PAB,20200117,0.019,0.02,0.019,0.02,1144895
PAC,20200117,6.25,6.29,6.19,6.23,15488
PAF,20200117,0.96,0.97,0.955,0.97,109400
PAI,20200117,1.095,1.105,1.09,1.09,217803
PAL,20200117,1.06,1.085,1.01,1.01,81034
PAN,20200117,0.305,0.315,0.305,0.31,1246410
PAR,20200117,3.95,3.99,3.78,3.95,1098357
PBH,20200117,6.28,6.3,5.93,5.99,742011
PBP,20200117,2.01,2.01,1.975,1.975,24761
PCG,20200117,1.66,1.7,1.66,1.7,7870
PCI,20200117,1.14,1.14,1.13,1.14,419246
PCK,20200117,0.19,0.19,0.185,0.185,1595073
PCL,20200117,0.002,0.003,0.002,0.002,4577438
PDI,20200117,0.008,0.009,0.008,0.009,1135005
PDL,20200117,8.51,8.635,8.51,8.56,1004907
PDN,20200117,0.091,0.094,0.09,0.094,2331100
PE1,20200117,1.595,1.61,1.58,1.6,94356
PEK,20200117,0.036,0.037,0.035,0.035,1556034
PEN,20200117,0.165,0.165,0.16,0.16,69464
PET,20200117,0.865,0.88,0.835,0.845,624300
PEX,20200117,0.24,0.24,0.23,0.24,109647
PFG,20200117,0.076,0.076,0.076,0.076,439
PFP,20200117,3.56,3.56,3.51,3.52,49476
PG1,20200117,0.098,0.098,0.098,0.098,68819
PGC,20200117,0.43,0.435,0.42,0.425,219334
PGF,20200117,1.27,1.285,1.27,1.27,139864
PGG,20200117,2.07,2.08,2.05,2.08,360536
PGH,20200117,2.73,2.83,2.71,2.73,535172
PGI,20200117,0.033,0.033,0.033,0.033,6686
PGL,20200117,2.04,2.08,2.01,2.05,14596
PGM,20200117,0.017,0.017,0.017,0.017,332383
PGR,20200117,0.155,0.16,0.15,0.16,25288
PGX,20200117,0.38,0.385,0.38,0.38,122089
PGY,20200117,0.019,0.019,0.019,0.019,181748
PIA,20200117,1.165,1.17,1.16,1.165,468746
PIC,20200117,1.08,1.082,1.075,1.075,228098
PIN,20200117,0.1,0.1,0.1,0.1,857416
PIO,20200117,0.014,0.014,0.014,0.014,1211112
PIQ,20200117,0.305,0.315,0.305,0.305,205059
PKD,20200117,0.066,0.066,0.065,0.065,100000
PKS,20200117,0.16,0.16,0.15,0.15,467361
PL8,20200117,1.18,1.19,1.18,1.19,525131
PLL,20200117,0.14,0.14,0.13,0.135,1392641
PLS,20200117,0.36,0.385,0.355,0.38,20840882
PM1,20200117,0.016,0.016,0.015,0.016,1062289
PM8,20200117,0.17,0.17,0.15,0.16,313545
PMC,20200117,1.62,1.64,1.605,1.61,246589
PME,20200117,26.12,26.79,26,26.43,464355
PMV,20200117,20.5,20.61,20.18,20.27,129218
PMY,20200117,0.007,0.007,0.006,0.006,1955458
PNC,20200117,1.78,1.79,1.775,1.78,248816
PNI,20200117,4.82,5.02,4.82,4.82,535841
PNR,20200117,0.12,0.12,0.105,0.11,15976814
PNV,20200117,2.44,2.53,2.43,2.45,5008637
PO3,20200117,3.8,3.8,3.7,3.7,2414
POD,20200117,0.038,0.04,0.038,0.04,316566
POS,20200117,0.042,0.042,0.041,0.042,670224
PPC,20200117,1.305,1.315,1.3,1.315,8024517
PPE,20200117,3.65,3.65,3.55,3.56,129280
PPG,20200117,0.115,0.115,0.115,0.115,10048
PPH,20200117,4.14,4.21,4.1,4.11,71132
PPK,20200117,5.9,5.9,5.55,5.62,64929
PPL,20200117,0.012,0.014,0.012,0.014,176807
PPS,20200117,0.56,0.56,0.54,0.54,1078462
PPT,20200117,42.39,42.66,42.38,42.57,149831
PRM,20200117,0.002,0.002,0.002,0.002,6579998
PRN,20200117,1.63,1.645,1.615,1.615,2477556
PRO,20200117,0.585,0.6,0.585,0.6,15827
PRT,20200117,0.165,0.17,0.16,0.165,593403
PRU,20200117,1.065,1.09,1.05,1.06,5101485
PRX,20200117,0.067,0.069,0.066,0.066,450584
PSC,20200117,0.25,0.25,0.215,0.22,327492
PSI,20200117,3.08,3.29,3.08,3.2,245111
PSM,20200117,0.003,0.003,0.003,0.003,400000
PSQ,20200117,1.755,1.755,1.74,1.74,15346
PSZ,20200117,0.045,0.045,0.045,0.045,20000
PTB,20200117,0.805,0.81,0.8,0.805,107764
PTL,20200117,0.32,0.32,0.32,0.32,1373
PTM,20200117,4.88,4.9,4.74,4.77,1881593
PTR,20200117,0.041,0.046,0.041,0.046,68000
PTX,20200117,0.06,0.06,0.057,0.058,1847464
PUA,20200117,0.015,0.016,0.015,0.016,339777
PWG,20200117,1.18,1.22,1.175,1.2,149850
PWH,20200117,4.86,4.86,4.8,4.8,23182
PWL,20200117,0.185,0.19,0.185,0.19,34790
PWN,20200117,0.01,0.01,0.009,0.01,1249232
PXS,20200117,0.145,0.145,0.145,0.145,97998
PXX,20200117,0.034,0.039,0.033,0.039,532796
PYC,20200117,0.062,0.063,0.062,0.063,271164
PYG,20200117,0.7,0.7,0.7,0.7,9000
QAG,20200117,5.7,5.7,5.6,5.6,8600
QAN,20200117,7.12,7.15,7.1,7.15,9619822
QAU,20200117,15.68,15.68,15.55,15.58,30465
QBE,20200117,13.89,13.99,13.85,13.9,3393507
QCB,20200117,8.28,8.28,8.25,8.25,4110
QEM,20200117,0.086,0.09,0.085,0.089,109134
QFE,20200117,0.375,0.38,0.37,0.37,406986
QFN,20200117,11.14,11.17,11.14,11.17,2685
QFY,20200117,0.004,0.004,0.004,0.004,1900110
QGL,20200117,0.065,0.065,0.063,0.063,2158
QHL,20200117,0.115,0.115,0.115,0.115,245498
QIP,20200117,1.32,1.32,1.32,1.32,12263
QMS,20200117,1.22,1.22,1.215,1.215,154834
QOZ,20200117,14.3,14.3,14.23,14.23,23736
QRE,20200117,6.87,6.89,6.87,6.89,28597
QRI,20200117,1.62,1.62,1.61,1.62,94831
QTM,20200117,0.04,0.04,0.04,0.04,430051
QUB,20200117,3.6,3.61,3.55,3.57,4651954
QUS,20200117,39.95,39.99,39.93,39.99,498
QVE,20200117,1.035,1.045,1.035,1.04,237195
RAC,20200117,0.25,0.25,0.225,0.225,325743
RAN,20200117,0.016,0.016,0.016,0.016,74222
RAP,20200117,0.28,0.29,0.27,0.27,1075751
RBL,20200117,1.1,1.1,1.065,1.065,137941
RCB,20200117,20.75,20.76,20.7,20.75,35658
RCE,20200117,0.33,0.33,0.312,0.315,382361
RCT,20200117,2.6,2.6,2.6,2.6,10292
RDC,20200117,1.125,1.13,1.12,1.13,181574
RDF,20200117,0.485,0.485,0.48,0.48,30515
RDG,20200117,0.018,0.018,0.017,0.017,1199321
RDH,20200117,1.785,1.97,1.785,1.85,23958
RDM,20200117,0.1,0.105,0.1,0.105,75000
RDN,20200117,0.007,0.007,0.007,0.007,179300
RDV,20200117,31.23,31.24,31.09,31.13,20982
RDY,20200117,2.07,2.07,1.95,1.95,52706
REA,20200117,114.7,115.015,113.77,114.9,105991
RED,20200117,0.33,0.33,0.3,0.305,2615323
REE,20200117,0.04,0.04,0.04,0.04,48454
REG,20200117,2.54,2.62,2.53,2.53,276777
REH,20200117,11.42,11.77,11.42,11.64,94736
RES,20200117,0.082,0.083,0.079,0.079,45830
REX,20200117,1.185,1.2,1.17,1.2,46628
REY,20200117,0.23,0.24,0.23,0.24,24476
REZ,20200117,0.018,0.02,0.018,0.018,1980023
RF1,20200117,2.65,2.68,2.65,2.66,132896
RFF,20200117,1.945,1.955,1.92,1.93,417767
RFG,20200117,0.1,0.105,0.1,0.1,11887436
RFN,20200117,0.004,0.004,0.004,0.004,248333
RFR,20200117,0.125,0.15,0.125,0.15,245308
RFT,20200117,0.046,0.047,0.044,0.044,332893
RFX,20200117,0.041,0.042,0.041,0.041,222230
RGB,20200117,22.935,22.95,22.935,22.95,2467
RGI,20200117,0.125,0.125,0.125,0.125,15595
RGL,20200117,0.01,0.01,0.009,0.01,1910260
RGS,20200117,0.075,0.076,0.075,0.075,263216
RHC,20200117,75.95,76.62,75.52,76.53,301055
RHP,20200117,2.29,2.33,2.27,2.31,259546
RHT,20200117,0.255,0.275,0.255,0.26,2292508
RHY,20200117,0.11,0.11,0.105,0.11,175888
RIC,20200117,1.08,1.085,1.07,1.07,154734
RIE,20200117,0.015,0.015,0.015,0.015,128403
RIM,20200117,0.002,0.003,0.002,0.003,1158000
RIO,20200117,104.05,105.56,104,105.24,1155300
RKN,20200117,0.755,0.765,0.745,0.745,13358
RLE,20200117,0.028,0.031,0.028,0.03,945637
RLG,20200117,0.034,0.034,0.034,0.034,88235
RLT,20200117,1.275,1.275,1.275,1.275,5000
RMC,20200117,1.53,1.56,1.52,1.53,119249
RMD,20200117,23.29,23.36,23.19,23.26,400302
RMI,20200117,0.008,0.008,0.007,0.007,18284
RMS,20200117,1.275,1.295,1.27,1.285,2092671
RMX,20200117,0.005,0.005,0.005,0.005,200000
RMY,20200117,0.395,0.415,0.39,0.4,345144
RND,20200117,2.26,2.28,2.26,2.28,1109
RNE,20200117,0.023,0.023,0.023,0.023,2000
RNO,20200117,0.18,0.18,0.18,0.18,65000
RNT,20200117,0.045,0.047,0.045,0.046,813338
ROG,20200117,0.003,0.003,0.002,0.002,10550000
ROO,20200117,0.049,0.049,0.045,0.047,290915
RRL,20200117,4.54,4.64,4.5,4.57,3000624
RSG,20200117,1.17,1.205,1.17,1.19,5386159
RSH,20200117,0.08,0.08,0.075,0.075,539061
RSM,20200117,21.41,21.43,21.4,21.43,2328
RTG,20200117,0.09,0.09,0.082,0.083,1047856
RTR,20200117,0.067,0.067,0.064,0.066,93717
RUL,20200117,0.925,0.925,0.905,0.915,54284
RVR,20200117,0.12,0.12,0.105,0.115,12013271
RWC,20200117,4.45,4.5,4.43,4.45,1431937
RXL,20200117,0.024,0.025,0.024,0.025,2008584
RXM,20200117,0.067,0.067,0.066,0.067,98627
RXP,20200117,0.54,0.56,0.54,0.55,406983
RZI,20200117,0.86,0.88,0.82,0.82,33777
S32,20200117,2.88,2.905,2.87,2.88,13029364
S66,20200117,0.46,0.46,0.46,0.46,9000
SAR,20200117,3.69,3.77,3.66,3.74,4779601
SAU,20200117,0.185,0.185,0.182,0.185,55448
SBM,20200117,2.95,2.99,2.93,2.97,4274613
SBW,20200117,0.12,0.12,0.12,0.12,8700
SCG,20200117,4.07,4.085,4.03,4.03,11544032
SCI,20200117,0.009,0.009,0.009,0.009,50000
SCL,20200117,0.024,0.025,0.024,0.025,2494872
SCN,20200117,0.015,0.015,0.011,0.011,1078969
SCP,20200117,2.81,2.84,2.8,2.83,2466608
SCU,20200117,0.02,0.021,0.018,0.018,2661949
SDA,20200117,0.95,0.967,0.92,0.955,901009
SDF,20200117,3.8,3.8,3.75,3.77,1306889
SDG,20200117,1.73,1.765,1.73,1.75,5963
SDI,20200117,0.88,0.885,0.865,0.885,8954
SDV,20200117,0.87,0.895,0.84,0.86,419489
SE1,20200117,0.05,0.05,0.044,0.045,424280
SEC,20200117,1.81,1.84,1.81,1.835,67937
SEI,20200117,0.05,0.052,0.05,0.052,976065
SEK,20200117,23.59,23.72,23.33,23.39,1050606
SEN,20200117,0.068,0.068,0.068,0.068,1000
SFC,20200117,15.09,15.35,15.07,15.35,2622
SFG,20200117,0.07,0.07,0.069,0.069,752978
SFR,20200117,6.08,6.265,6.07,6.19,1200820
SFX,20200117,0.295,0.3,0.29,0.295,183304
SFY,20200117,64.61,64.95,64.61,64.9,10851
SGF,20200117,2.45,2.46,2.4,2.42,77271
SGH,20200117,1.05,1.065,1.025,1.05,1935
SGI,20200117,0.093,0.093,0.089,0.09,81000
SGM,20200117,11.5,11.595,11.475,11.52,241751
SGP,20200117,5.03,5.05,4.99,5.01,4860524
SGQ,20200117,0.13,0.13,0.125,0.125,307784
SGR,20200117,4.78,4.79,4.69,4.7,1546649
SHJ,20200117,1.02,1.02,0.99,0.99,123077
SHL,20200117,30.95,31.01,30.87,30.97,659965
SHM,20200117,0.69,0.71,0.685,0.7,12211
SHV,20200117,8.45,8.59,8.44,8.45,262846
SIG,20200117,0.6,0.612,0.6,0.61,1295544
SIL,20200117,0.047,0.055,0.047,0.048,330369
SIO,20200117,0.425,0.425,0.42,0.42,35453
SIQ,20200117,7.04,7.04,6.91,6.95,1476631
SIS,20200117,0.021,0.023,0.021,0.023,757384
SIT,20200117,0.066,0.068,0.066,0.068,181008
SIV,20200117,0.65,0.65,0.65,0.65,21183
SKC,20200117,3.98,3.98,3.94,3.97,279139
SKF,20200117,0.16,0.17,0.16,0.17,31015
SKI,20200117,2.13,2.16,2.12,2.15,4609022
SKO,20200117,5.1,5.37,5.1,5.25,45514
SKT,20200117,0.705,0.71,0.69,0.69,227903
SKY,20200117,0.115,0.12,0.11,0.115,687487
SLC,20200117,0.895,0.905,0.872,0.88,689303
SLF,20200117,14.79,14.79,14.67,14.76,53878
SLK,20200117,4.5,4.65,4.5,4.55,123797
SLM,20200117,0.82,0.82,0.82,0.82,12670
SLR,20200117,1.37,1.41,1.37,1.41,5333537
SLX,20200117,0.41,0.41,0.4,0.4,16573
SLZ,20200117,0.065,0.065,0.065,0.065,25000
SM1,20200117,8.41,8.41,8.28,8.32,34266
SM8,20200117,0.069,0.069,0.064,0.069,1253249
SMD,20200117,0.006,0.006,0.006,0.006,82112
SMI,20200117,0.004,0.004,0.004,0.004,15540956
SMN,20200117,0.89,0.91,0.875,0.89,166338
SMP,20200117,0.51,0.51,0.51,0.51,65000
SMR,20200117,0.99,1.035,0.99,1.02,133011
SMX,20200117,0.445,0.45,0.43,0.45,80240
SNC,20200117,0.835,0.84,0.835,0.84,38350
SND,20200117,0.395,0.4,0.395,0.4,35660
SNL,20200117,4.28,4.28,4.28,4.28,1
SNS,20200117,0.105,0.105,0.105,0.105,88974
SNZ,20200117,8.5,8.5,8.5,8.5,2107
SO4,20200117,0.74,0.745,0.73,0.73,694800
SOL,20200117,22.71,22.9,22.33,22.38,253521
SOM,20200117,2.815,2.815,2.75,2.75,13970
SOR,20200117,0.085,0.085,0.08,0.083,255169
SP3,20200117,0.1,0.105,0.1,0.105,234873
SPK,20200117,4.38,4.38,4.35,4.37,408400
SPL,20200117,1.19,1.195,1.18,1.19,234140
SPT,20200117,0.68,0.695,0.615,0.67,2445867
SPX,20200117,0.085,0.087,0.084,0.085,2018842
SPY,20200117,477.25,480.25,477.25,480.24,67
SPZ,20200117,0.24,0.25,0.24,0.245,405769
SRG,20200117,0.375,0.375,0.37,0.37,271907
SRI,20200117,0.07,0.07,0.067,0.067,463696
SRV,20200117,4.28,4.29,4.24,4.29,5939
SSG,20200117,0.715,0.715,0.675,0.675,97644
SSM,20200117,2.81,2.82,2.77,2.79,2140907
ST1,20200117,0.205,0.21,0.205,0.205,79736
STA,20200117,0.11,0.115,0.11,0.11,214866
STG,20200117,1.42,1.47,1.42,1.465,33047
STM,20200117,0.016,0.016,0.015,0.015,1740000
STN,20200117,0.375,0.39,0.375,0.38,249148
STO,20200117,8.93,8.94,8.82,8.82,3802341
STW,20200117,65.48,65.53,65.35,65.35,77690
STX,20200117,0.185,0.185,0.17,0.18,6437505
SUD,20200117,0.055,0.056,0.054,0.054,142471
SUL,20200117,9.82,9.89,9.73,9.76,824429
SUN,20200117,13.58,13.66,13.47,13.5,1887702
SUP,20200117,0.011,0.011,0.011,0.011,3283301
SVL,20200117,0.105,0.11,0.1,0.105,935296
SVM,20200117,0.11,0.12,0.11,0.12,578387
SVW,20200117,20.99,21.14,20.96,20.99,260013
SVY,20200117,0.945,0.97,0.94,0.95,145248
SW1,20200117,0.09,0.09,0.088,0.088,85000
SWK,20200117,0.177,0.18,0.177,0.177,130884
SWM,20200117,0.31,0.315,0.305,0.315,2164191
SXE,20200117,0.595,0.605,0.59,0.59,125924
SXL,20200117,0.925,0.93,0.905,0.91,898681
SXY,20200117,0.345,0.345,0.337,0.34,1840261
SYA,20200117,0.019,0.019,0.016,0.017,12552408
SYD,20200117,9.03,9.07,8.98,9.04,3292993
SYI,20200117,30.5,30.63,30.5,30.55,16684
SYR,20200117,0.62,0.65,0.62,0.63,3313653
SYT,20200117,0.001,0.001,0.001,0.001,1000000
SZL,20200117,2.15,2.23,1.95,2.01,2698854
TAH,20200117,4.76,4.76,4.74,4.75,4837187
TAM,20200117,0.039,0.042,0.039,0.041,386798
TAP,20200117,0.13,0.13,0.12,0.125,100858
TAS,20200117,0.048,0.05,0.044,0.044,256587
TBL,20200117,0.39,0.39,0.39,0.39,8000
TBR,20200117,5.4,5.52,5.31,5.47,31602
TCL,20200117,15.75,15.8,15.645,15.77,2659118
TCN,20200117,0.038,0.038,0.037,0.037,446598
TD1,20200117,0.051,0.051,0.049,0.05,10732089
TDI,20200117,1.645,1.7,1.645,1.7,175422
TEG,20200117,0.055,0.056,0.054,0.055,210064
TEK,20200117,0.29,0.295,0.29,0.29,324893
TER,20200117,0.325,0.325,0.305,0.31,228287
TGA,20200117,0.215,0.237,0.215,0.235,881143
TGF,20200117,2.09,2.12,2.06,2.08,124128
TGG,20200117,1.36,1.37,1.36,1.37,185745
TGH,20200117,0.165,0.165,0.16,0.16,282956
TGM,20200117,0.215,0.225,0.19,0.225,358800
TGN,20200117,0.18,0.18,0.155,0.16,429438
TGP,20200117,1.12,1.12,1.105,1.11,61908
TGR,20200117,4.45,4.48,4.42,4.45,532235
THC,20200117,0.385,0.395,0.38,0.39,99511
THR,20200117,0.009,0.009,0.009,0.009,964377
TIA,20200117,0.33,0.33,0.33,0.33,30
TIE,20200117,0.26,0.27,0.26,0.265,268198
TIG,20200117,0.01,0.01,0.01,0.01,47616
TIP,20200117,0.755,0.76,0.75,0.76,41055
TKM,20200117,0.018,0.018,0.018,0.018,50000
TLG,20200117,0.425,0.45,0.425,0.45,130328
TLM,20200117,0.096,0.096,0.096,0.096,5000
TLS,20200117,3.88,3.91,3.85,3.9,31908221
TLT,20200117,3.3,3.3,3.3,3.3,1512
TLX,20200117,1.48,1.535,1.465,1.52,710523
TMR,20200117,0.245,0.245,0.21,0.23,541466
TMT,20200117,0.13,0.13,0.13,0.13,63749
TNE,20200117,9.1,9.2,9.05,9.13,609935
TNG,20200117,0.09,0.09,0.087,0.087,398620
TNP,20200117,0.009,0.009,0.009,0.009,5000
TNR,20200117,0.009,0.009,0.009,0.009,300000
TNT,20200117,0.072,0.083,0.07,0.08,10407955
TNY,20200117,2.65,2.67,2.5,2.51,83543
TOE,20200117,0.008,0.008,0.008,0.008,4850045
TON,20200117,0.035,0.035,0.035,0.035,389799
TOP,20200117,0.68,0.68,0.67,0.67,333079
TOT,20200117,1.055,1.06,1.03,1.045,244060
TOU,20200117,0.086,0.089,0.084,0.089,148715
TPC,20200117,0.835,0.835,0.835,0.835,1363
TPD,20200117,0.002,0.002,0.002,0.002,7500000
TPM,20200117,6.95,6.99,6.925,6.94,416150
TPP,20200117,0.041,0.041,0.041,0.041,2500
TPS,20200117,0.15,0.15,0.15,0.15,48967
TPW,20200117,3.27,3.4,3.24,3.24,494527
TRS,20200117,3.62,3.98,3.62,3.95,183255
TRT,20200117,0.021,0.022,0.021,0.022,70590
TRY,20200117,0.1,0.105,0.1,0.105,440662
TSC,20200117,0.008,0.008,0.008,0.008,16997784
TTI,20200117,0.016,0.016,0.016,0.016,281576
TTM,20200117,0.175,0.18,0.175,0.18,200000
TTT,20200117,0.935,0.945,0.915,0.93,50594
TWD,20200117,3.46,3.49,3.46,3.49,3803
TWE,20200117,17.6,17.72,17.5,17.66,3082669
TWR,20200117,0.685,0.7,0.685,0.7,13387
TYM,20200117,0.033,0.036,0.033,0.036,52939
TYR,20200117,3.51,3.58,3.47,3.56,929446
TYX,20200117,0.003,0.003,0.003,0.003,576304
TZL,20200117,0.18,0.185,0.175,0.18,82950
TZN,20200117,0.035,0.035,0.033,0.033,230813
UBA,20200117,23.44,23.44,23.39,23.39,1558
UBI,20200117,0.175,0.175,0.175,0.175,23250
UBN,20200117,0.058,0.058,0.058,0.058,86950
UBU,20200117,34.88,34.88,34.8,34.8,365
UBW,20200117,31.02,31.28,31.02,31.25,2123
UCM,20200117,0.135,0.14,0.135,0.14,14488
UNL,20200117,0.034,0.034,0.034,0.034,53000
UNV,20200117,0.235,0.235,0.235,0.235,99855
UOS,20200117,0.855,0.855,0.855,0.855,5000
URF,20200117,0.59,0.595,0.57,0.595,1013329
URW,20200117,10.94,10.98,10.885,10.89,424904
USD,20200117,14.08,14.11,14.07,14.1,24805
UUV,20200117,0.005,0.005,0.003,0.003,82214070
UWL,20200117,1.6,1.6,1.58,1.595,352198
VAE,20200117,72.7,72.78,72.44,72.51,6806
VAF,20200117,52.03,52.06,52,52.04,40482
VAH,20200117,0.145,0.15,0.145,0.145,120470
VAN,20200117,0.155,0.155,0.155,0.155,101249
VAP,20200117,94.49,94.52,93.99,94.2,69894
VAS,20200117,89.64,89.73,89.48,89.5,81728
VCF,20200117,50.39,50.47,50.29,50.41,5869
VCX,20200117,2.59,2.6,2.55,2.56,6823081
VEA,20200117,1.93,1.935,1.9,1.9,1986729
VEE,20200117,0.49,0.49,0.49,0.49,16000
VEN,20200117,0.185,0.185,0.185,0.185,149398
VEQ,20200117,61.4,61.4,61.13,61.15,3254
VEU,20200117,79.19,79.4,79.02,79.14,24053
VG1,20200117,2.21,2.23,2.21,2.21,310123
VG8,20200117,2.29,2.3,2.29,2.29,87856
VGB,20200117,52.96,53,52.93,52.99,31897
VGE,20200117,73.81,74.14,73.63,73.71,9259
VGI,20200117,12.26,12.99,12.25,12.99,15953
VGL,20200117,3.36,3.41,3.36,3.4,14340
VGS,20200117,84.31,84.41,84.13,84.21,35849
VHT,20200117,1.9,1.925,1.855,1.865,512861
VHY,20200117,62.51,62.9,62.51,62.73,109166
VIF,20200117,50.4,50.4,50.32,50.38,11365
VKA,20200117,0.01,0.01,0.01,0.01,860000
VLC,20200117,71.78,71.88,71.78,71.78,1771
VLT,20200117,0.335,0.345,0.335,0.34,153387
VMC,20200117,0.18,0.18,0.17,0.17,172580
VMG,20200117,0.002,0.002,0.002,0.002,19000
VML,20200117,0.012,0.012,0.012,0.012,33500
VMS,20200117,0.017,0.017,0.016,0.017,1031646
VMT,20200117,0.3,0.305,0.295,0.3,200299
VMX,20200117,0.28,0.28,0.28,0.28,2124
VMY,20200117,0.047,0.047,0.047,0.047,139855
VN8,20200117,0.105,0.105,0.1,0.1,112018
VOC,20200117,3.39,3.39,3.3,3.3,1380571
VOL,20200117,1.8,1.8,1.795,1.795,9508
VOR,20200117,0.009,0.01,0.009,0.01,3507732
VPR,20200117,0.001,0.002,0.001,0.002,2150000
VR1,20200117,0.025,0.025,0.023,0.025,3351724
VRC,20200117,0.012,0.013,0.012,0.013,158500
VRL,20200117,3.85,3.88,3.85,3.87,42511
VRS,20200117,0.065,0.065,0.065,0.065,20276
VRT,20200117,4.54,4.59,4.5,4.54,68652
VRX,20200117,0.098,0.098,0.094,0.094,436866
VSO,20200117,63,63,62.77,62.82,3254
VTG,20200117,1.21,1.215,1.16,1.175,262424
VTH,20200117,0.77,0.79,0.77,0.785,85704
VTI,20200117,0.044,0.044,0.042,0.042,1537745
VTS,20200117,243.72,244.85,243.72,244.31,14743
VUK,20200117,3.3,3.36,3.29,3.29,2164139
VUL,20200117,0.165,0.165,0.165,0.165,12375
VVA,20200117,2.9,2.95,2.89,2.93,10085
VVR,20200117,2.73,2.74,2.7,2.71,1292448
WAA,20200117,1.095,1.095,1.085,1.09,84333
WAF,20200117,0.405,0.43,0.405,0.425,1238967
WAM,20200117,2.31,2.32,2.3,2.3,471303
WAT,20200117,2.16,2.16,2.16,2.16,260
WAX,20200117,1.485,1.485,1.465,1.47,154046
WBA,20200117,1.982,1.99,1.98,1.985,336828
WBC,20200117,24.99,25.17,24.97,24.98,6854059
WBE,20200117,0.013,0.013,0.012,0.012,2601646
WBT,20200117,0.39,0.4,0.385,0.395,71611
WEB,20200117,14.21,14.49,14.21,14.44,707328
WEC,20200117,0.08,0.08,0.075,0.075,500000
WEL,20200117,0.053,0.053,0.052,0.052,87801
WES,20200117,44.39,44.52,44.24,44.26,1388882
WGB,20200117,2.31,2.32,2.31,2.31,322105
WGN,20200117,2.35,2.39,2.31,2.34,105944
WGO,20200117,0.205,0.205,0.19,0.195,834584
WGX,20200117,2.3,2.375,2.29,2.32,837432
WHC,20200117,2.61,2.68,2.6,2.61,9182677
WHF,20200117,5.3,5.31,5.28,5.3,38022
WHK,20200117,0.082,0.084,0.081,0.084,86434
WIC,20200117,1.145,1.145,1.13,1.135,84185
WJA,20200117,0.095,0.095,0.095,0.095,16720
WKT,20200117,0.19,0.195,0.19,0.195,416350
WLD,20200117,0.06,0.06,0.059,0.059,169006
WLE,20200117,1.28,1.285,1.275,1.28,1121722
WMI,20200117,1.505,1.51,1.5,1.5,173293
WNB,20200117,0.008,0.008,0.008,0.008,6942500
WND,20200117,0.705,0.72,0.695,0.72,26215
WNR,20200117,0.28,0.285,0.28,0.285,12734
WOR,20200117,16.13,16.13,15.935,16,2651319
WOW,20200117,38.95,39.15,38.89,39.04,2458372
WPL,20200117,36.03,36.05,35.485,35.56,2140133
WPP,20200117,0.565,0.575,0.555,0.555,205543
WQG,20200117,1.24,1.24,1.225,1.225,220054
WRM,20200117,0.004,0.004,0.004,0.004,535667
WSA,20200117,2.85,2.9,2.85,2.85,1748248
WSI,20200117,0.025,0.026,0.023,0.026,4446115
WSP,20200117,1.42,1.47,1.42,1.455,88499
WTC,20200117,25.62,25.92,25.34,25.43,585196
WWI,20200117,0.011,0.011,0.011,0.011,921422
WZR,20200117,0.235,0.235,0.23,0.235,9006518
XCD,20200117,0.011,0.012,0.011,0.012,3787229
XF1,20200117,0.34,0.345,0.34,0.345,5164
XPE,20200117,0.001,0.001,0.001,0.001,645317
XPL,20200117,0.07,0.078,0.07,0.078,165500
XRF,20200117,0.245,0.245,0.24,0.24,74040
XRO,20200117,87.94,88,85.58,85.58,278772
XTD,20200117,0.035,0.035,0.035,0.035,10400
XTE,20200117,0.69,0.69,0.69,0.69,6128
YAL,20200117,2.97,2.98,2.85,2.85,45472
YBR,20200117,0.096,0.096,0.09,0.09,370278
YOJ,20200117,0.05,0.052,0.05,0.05,506531
YOW,20200117,0.06,0.06,0.06,0.06,94123
YPB,20200117,0.004,0.005,0.004,0.004,2054153
YRL,20200117,0.23,0.23,0.23,0.23,25000
Z1P,20200117,3.78,3.92,3.78,3.82,5132590
ZEL,20200117,4.5,4.57,4.5,4.52,77846
ZEN,20200117,0.65,0.66,0.65,0.66,60188
ZEU,20200117,0.007,0.009,0.007,0.009,200000
ZIM,20200117,11.59,11.59,11.59,11.59,548
ZIP,20200117,0.013,0.016,0.013,0.015,12992854
ZLD,20200117,0.055,0.057,0.055,0.057,51946
ZMI,20200117,0.073,0.073,0.072,0.072,16075
ZNO,20200117,0.53,0.53,0.46,0.485,2018604
XAF,20200117,6925.3,6972.1,6925.3,6948.4,0
XAO,20200117,7158.6,7205.5,7158.6,7180.3,0
XAT,20200117,6988,7033.9,6988,7010,0
XDJ,20200117,2856.8,2880.3,2856.8,2863.3,0
XEC,20200117,1625.3,1631.4,1617.9,1619.6,0
XEJ,20200117,12124.6,12158.1,12032.6,12033.6,0
XFJ,20200117,6233,6279.4,6231.6,6231.6,0
XFL,20200117,6982.6,7029.7,6982.6,7004.8,0
XGD,20200117,7083.9,7206.1,7080.1,7189.4,0
XHJ,20200117,43972.7,44278.1,43915.9,44022.2,0
XIJ,20200117,1527.5,1549.6,1527.5,1532.8,0
XJO,20200117,7041.8,7088.1,7041.8,7064.1,0
XJR,20200117,5119.6,5167.8,5119.6,5162.7,0
XKO,20200117,6999.3,7045.2,6999.3,7021.3,0
XMD,20200117,7595.6,7647.3,7595.6,7622.5,0
XMJ,20200117,14334,14526.9,14334,14507.7,0
XMM,20200117,4657.7,4729.2,4657.7,4723.6,0
XNJ,20200117,7300.2,7340.1,7300.2,7321.3,0
XPJ,20200117,1658.5,1675.8,1658.5,1664.7,0
XSJ,20200117,12946.7,13095,12946.7,13072.1,0
XSO,20200117,3054.2,3073.9,3054.2,3061.5,0
XTJ,20200117,1375.4,1382.9,1370.1,1379,0
XTL,20200117,3860.8,3886.5,3860.8,3871.9,0
XTO,20200117,5834.2,5873,5834.2,5853.1,0
XUJ,20200117,8341.4,8371.4,8335.8,8347.9,0
XXJ,20200117,6951.9,7003.6,6950.3,6950.3,0
