360,20200128,3.06,3.1,2.99,3.01,29353
14D,20200128,0.185,0.2,0.185,0.2,221382
1AD,20200128,0.115,0.115,0.1,0.1,30000
1AG,20200128,0.048,0.048,0.048,0.048,2500
1ST,20200128,0.075,0.077,0.073,0.077,331592
2BE,20200128,0.12,0.12,0.115,0.115,40971
3DA,20200128,0.34,0.34,0.325,0.33,363994
3DP,20200128,0.049,0.05,0.048,0.048,1130656
3PL,20200128,0.825,0.835,0.825,0.835,7982
4DS,20200128,0.066,0.066,0.06,0.062,2489186
5GN,20200128,0.855,0.885,0.825,0.865,358011
88E,20200128,0.025,0.025,0.024,0.024,2829625
8CO,20200128,0.095,0.1,0.095,0.099,92427
8VI,20200128,0.26,0.26,0.26,0.26,300
9SP,20200128,0.016,0.019,0.016,0.017,11824031
A1G,20200128,0.16,0.16,0.16,0.16,14502
A1M,20200128,0.305,0.305,0.305,0.305,303
A2B,20200128,1.45,1.45,1.45,1.45,3506
A2M,20200128,14.9,15.11,14.6,15.08,3045697
A3D,20200128,0.165,0.165,0.16,0.16,167902
A4N,20200128,0.23,0.245,0.23,0.24,511598
AAA,20200128,50.11,50.12,50.11,50.11,92003
AAC,20200128,1.12,1.14,1.12,1.12,393216
AAR,20200128,0.11,0.12,0.11,0.12,681979
ABA,20200128,6.15,6.15,6.06,6.08,40492
ABC,20200128,3.85,3.86,3.64,3.65,3220018
ABP,20200128,3.77,3.845,3.75,3.8,723645
ABR,20200128,0.5,0.505,0.45,0.46,1385060
ABX,20200128,0.12,0.12,0.115,0.115,62797
AC8,20200128,0.29,0.29,0.275,0.28,1019083
ACF,20200128,0.35,0.35,0.345,0.345,270332
ACQ,20200128,1.19,1.2,1.18,1.18,98431
ACR,20200128,0.175,0.18,0.175,0.18,238580
ACW,20200128,0.037,0.037,0.033,0.036,4305581
AD1,20200128,0.014,0.014,0.014,0.014,8000
AD8,20200128,8.39,8.45,8.12,8.44,165894
ADA,20200128,0.74,0.74,0.7,0.71,132775
ADD,20200128,0.041,0.043,0.04,0.041,420000
ADH,20200128,2.22,2.24,2.15,2.2,504384
ADI,20200128,3,3.02,2.97,3.02,142281
ADN,20200128,0.049,0.049,0.046,0.048,8273252
ADO,20200128,0.027,0.027,0.024,0.027,8106064
ADR,20200128,0.034,0.04,0.033,0.035,358364
ADT,20200128,1.87,1.87,1.74,1.75,453396
ADV,20200128,0.003,0.004,0.003,0.004,941666
ADX,20200128,0.009,0.009,0.009,0.009,200000
AEE,20200128,0.006,0.006,0.006,0.006,6805798
AEF,20200128,5.45,5.45,5.2,5.37,204080
AEG,20200128,1.085,1.085,1.07,1.07,148489
AEI,20200128,0.29,0.315,0.285,0.315,166555
AEV,20200128,0.013,0.013,0.013,0.013,22000
AFG,20200128,2.8,2.86,2.78,2.84,71324
AFI,20200128,7.15,7.15,7.02,7.04,680607
AFR,20200128,0.039,0.039,0.038,0.038,104783
AGG,20200128,6.14,6.22,6.01,6.18,18613
AGH,20200128,0.465,0.465,0.43,0.45,668737
AGI,20200128,0.71,0.73,0.71,0.73,43127
AGL,20200128,19.62,19.94,19.5,19.86,1716831
AGM,20200128,2.06,2.06,2.06,2.06,23559
AGR,20200128,0.11,0.115,0.11,0.115,75928
AGS,20200128,0.11,0.11,0.11,0.11,105000
AGY,20200128,0.088,0.088,0.081,0.084,978836
AHF,20200128,0.099,0.099,0.097,0.097,31434
AHL,20200128,0.007,0.007,0.007,0.007,4231000
AHQ,20200128,0.135,0.135,0.13,0.13,158536
AHY,20200128,1.105,1.105,1.08,1.085,65672
AHZ,20200128,0.11,0.11,0.087,0.089,3815007
AIA,20200128,8.39,8.39,8.23,8.29,171765
AIQ,20200128,0.11,0.11,0.11,0.11,39500
AIS,20200128,0.061,0.061,0.051,0.051,1087336
AIZ,20200128,2.78,2.8,2.73,2.79,345851
AJL,20200128,0.077,0.08,0.076,0.076,66000
AJQ,20200128,0.06,0.06,0.057,0.057,63917
AJX,20200128,0.064,0.064,0.063,0.063,446146
AKG,20200128,0.545,0.55,0.53,0.55,126814
AKM,20200128,0.12,0.12,0.12,0.12,18500
AKP,20200128,15.77,16.23,15.7,16.15,4430
AL8,20200128,0.02,0.021,0.02,0.02,150000
ALC,20200128,0.195,0.22,0.195,0.215,3791370
ALF,20200128,0.975,0.975,0.965,0.97,428977
ALG,20200128,1.56,1.595,1.45,1.505,2103096
ALI,20200128,2.5,2.52,2.49,2.49,58408
ALK,20200128,0.67,0.785,0.67,0.765,6292850
ALL,20200128,35.35,35.85,34.83,35.71,1805316
ALQ,20200128,9.43,9.77,9.43,9.73,1120405
ALT,20200128,0.003,0.003,0.003,0.003,470000
ALU,20200128,39,39.6,38.52,39.25,346667
ALX,20200128,7.82,8.05,7.82,8,2681018
AMA,20200128,0.93,0.935,0.91,0.91,1438048
AMB,20200128,0.08,0.08,0.08,0.08,19342
AMC,20200128,15.88,15.955,15.74,15.9,6314879
AMD,20200128,0.007,0.008,0.007,0.008,119000
AME,20200128,0.033,0.034,0.032,0.034,1626357
AMG,20200128,0.07,0.071,0.069,0.069,198595
AMH,20200128,0.99,0.995,0.99,0.99,80500
AMI,20200128,0.485,0.485,0.46,0.46,2027801
AML,20200128,0.15,0.152,0.15,0.15,117900
AMN,20200128,0.48,0.485,0.475,0.475,74319
AMO,20200128,0.099,0.099,0.092,0.092,83800
AMP,20200128,1.835,1.845,1.81,1.84,7844025
AMS,20200128,1.5,1.525,1.45,1.45,525201
AMX,20200128,2.22,2.26,2.18,2.19,207621
ANA,20200128,0.016,0.017,0.014,0.014,5235324
ANG,20200128,0.215,0.215,0.205,0.215,78761
ANN,20200128,31.84,32.39,31.72,31.83,681428
ANO,20200128,6.05,6.08,5.93,6.05,18683
ANP,20200128,0.072,0.075,0.067,0.07,1340369
ANR,20200128,0.335,0.38,0.335,0.38,137351
ANW,20200128,0.001,0.001,0.001,0.001,350000
ANZ,20200128,25.6,25.6,25.34,25.46,5906231
AOF,20200128,2.93,2.955,2.91,2.91,20934
AON,20200128,0.026,0.026,0.025,0.025,412002
AOP,20200128,0.26,0.26,0.245,0.25,437828
AOU,20200128,0.069,0.07,0.067,0.069,189632
APA,20200128,11.14,11.43,11.11,11.43,1975128
APC,20200128,0.105,0.105,0.105,0.105,150000
APD,20200128,0.63,0.63,0.625,0.63,144943
APE,20200128,9.32,9.38,9.06,9.17,362243
APH,20200128,0.155,0.155,0.155,0.155,6550
API,20200128,1.31,1.32,1.3,1.315,481025
APL,20200128,1.035,1.035,1.015,1.03,1086917
APT,20200128,34.8,36.98,34.5,36.7,2704127
APV,20200128,0.235,0.235,0.215,0.217,96649
APW,20200128,1.47,1.47,1.465,1.47,10000
APX,20200128,24.97,25.83,24.2,25.53,885186
APZ,20200128,1.18,1.18,1.18,1.18,99
AQG,20200128,7,7.22,7,7.08,316937
AQI,20200128,0.052,0.052,0.049,0.049,344489
AQR,20200128,3.67,3.7,3.67,3.68,153435
AQX,20200128,0.031,0.031,0.028,0.029,4010650
AQZ,20200128,2.59,2.65,2.54,2.62,29300
AR9,20200128,0.125,0.125,0.125,0.125,92916
ARA,20200128,0.61,0.61,0.61,0.61,54400
ARB,20200128,18.7,18.8,18.49,18.51,100838
ARD,20200128,0.015,0.018,0.015,0.018,466633
ARE,20200128,0.004,0.004,0.004,0.004,450000
ARF,20200128,3.03,3.06,3.03,3.03,122701
ARG,20200128,8.81,8.81,8.66,8.67,318461
ARL,20200128,0.56,0.56,0.545,0.555,187675
ARM,20200128,0.01,0.01,0.01,0.01,4000
ARN,20200128,0.16,0.165,0.15,0.155,442505
ARQ,20200128,0.36,0.37,0.345,0.37,132988
ARS,20200128,0.02,0.02,0.019,0.019,1867604
ARU,20200128,0.079,0.079,0.078,0.078,1792283
AS1,20200128,0.17,0.17,0.17,0.17,36492
ASB,20200128,3.75,3.825,3.72,3.79,1694034
ASG,20200128,1.695,1.7,1.635,1.65,74078
ASH,20200128,0.405,0.405,0.405,0.405,133181
ASN,20200128,0.035,0.036,0.034,0.034,571420
ASP,20200128,0.012,0.012,0.01,0.01,3000000
AST,20200128,1.75,1.772,1.745,1.76,3000623
ASX,20200128,83.14,84.68,82.59,83.88,229539
ATC,20200128,0.087,0.087,0.078,0.08,580060
ATH,20200128,0.02,0.02,0.02,0.02,240127
ATL,20200128,0.38,0.38,0.375,0.38,64156
ATP,20200128,0.008,0.008,0.008,0.008,11000
ATS,20200128,0.081,0.084,0.08,0.084,889182
ATU,20200128,0.36,0.36,0.34,0.34,107875
ATX,20200128,0.081,0.081,0.08,0.08,42771
AU8,20200128,0.1,0.1,0.092,0.094,6802780
AUB,20200128,12.5,12.82,11.865,12.39,78434
AUC,20200128,0.017,0.017,0.015,0.016,2691986
AUI,20200128,10.17,10.17,10.04,10.16,13575
AUR,20200128,0.022,0.025,0.019,0.023,2108148
AUT,20200128,0.011,0.017,0.011,0.015,28491630
AUZ,20200128,0.016,0.016,0.015,0.015,2190956
AV1,20200128,0.25,0.25,0.235,0.245,1186728
AVA,20200128,0.15,0.15,0.145,0.15,60122
AVG,20200128,0.505,0.51,0.495,0.51,19912
AVH,20200128,0.665,0.67,0.65,0.66,9398832
AVJ,20200128,0.615,0.63,0.615,0.622,21569
AVL,20200128,0.012,0.012,0.011,0.011,20751047
AVN,20200128,2.88,2.91,2.85,2.88,112258
AVZ,20200128,0.066,0.066,0.062,0.063,14155571
AWC,20200128,2.23,2.25,2.21,2.23,8564014
AWN,20200128,0.145,0.15,0.145,0.145,23831
AWV,20200128,0.008,0.008,0.008,0.008,47000
AWY,20200128,0.035,0.035,0.035,0.035,150000
AX1,20200128,1.735,1.74,1.705,1.72,661743
AXE,20200128,0.21,0.22,0.205,0.22,1167527
AYI,20200128,0.001,0.001,0.001,0.001,5000000
AYR,20200128,0.002,0.002,0.001,0.002,6263130
AYS,20200128,0.35,0.355,0.335,0.335,231617
AZI,20200128,0.009,0.01,0.008,0.008,7199648
AZJ,20200128,5.35,5.51,5.35,5.46,6907632
AZM,20200128,0.033,0.033,0.033,0.033,104191
AZS,20200128,0.12,0.125,0.12,0.125,55251
AZV,20200128,0.091,0.091,0.091,0.091,25500
AZY,20200128,0.014,0.014,0.014,0.014,2881102
BAF,20200128,0.885,0.89,0.88,0.88,219268
BAP,20200128,6.29,6.31,6.21,6.25,702291
BAR,20200128,0.02,0.021,0.02,0.021,1270139
BAS,20200128,0.002,0.002,0.002,0.002,502000
BAT,20200128,0.007,0.007,0.007,0.007,571429
BBC,20200128,0.625,0.625,0.6,0.6,8109
BBN,20200128,3.59,3.59,3.435,3.45,268092
BBX,20200128,0.14,0.14,0.14,0.14,22760
BC8,20200128,0.39,0.39,0.38,0.38,41890
BCB,20200128,0.058,0.06,0.058,0.06,1292477
BCC,20200128,0.315,0.315,0.305,0.305,28555
BCI,20200128,0.175,0.175,0.17,0.17,315164
BCN,20200128,0.037,0.037,0.036,0.036,1879422
BCT,20200128,0.14,0.14,0.13,0.14,363699
BD1,20200128,0.034,0.035,0.033,0.033,2247372
BDA,20200128,0.3,0.3,0.205,0.27,502032
BDC,20200128,0.081,0.081,0.075,0.075,1477923
BEE,20200128,0.015,0.016,0.014,0.016,399694
BEL,20200128,0.04,0.04,0.04,0.04,1100
BEM,20200128,0.04,0.046,0.04,0.046,153000
BEN,20200128,10.19,10.29,10.11,10.18,2188588
BET,20200128,0.19,0.2,0.185,0.19,3965801
BFC,20200128,0.09,0.092,0.087,0.092,469925
BFG,20200128,1.35,1.37,1.25,1.32,576986
BGA,20200128,4.4,4.41,4.31,4.35,469371
BGL,20200128,0.525,0.53,0.515,0.525,1826769
BGT,20200128,0.17,0.17,0.165,0.17,290356
BHP,20200128,38.81,39.18,38.8,39.1,8398945
BID,20200128,1.065,1.095,1.01,1.065,391672
BIN,20200128,2.8,2.91,2.78,2.85,3808867
BIQ,20200128,0.015,0.015,0.015,0.015,264733
BIT,20200128,0.074,0.088,0.073,0.082,79214899
BKI,20200128,1.71,1.71,1.685,1.685,480046
BKL,20200128,87.8,87.8,86.63,87.6,31254
BKT,20200128,0.056,0.056,0.052,0.052,126259
BKW,20200128,20,20.39,19.77,20.06,200333
BKY,20200128,0.2,0.2,0.195,0.195,83379
BLD,20200128,5,5.01,4.94,4.99,4034619
BLG,20200128,0.089,0.09,0.089,0.09,218991
BLK,20200128,0.012,0.012,0.01,0.011,15471232
BLT,20200128,0.037,0.037,0.034,0.034,149139
BLU,20200128,0.047,0.047,0.044,0.044,659585
BLV,20200128,0.25,0.25,0.25,0.25,548
BLX,20200128,1.13,1.13,1.04,1.04,35935
BLY,20200128,1.62,1.65,1.55,1.55,29137
BMG,20200128,0.004,0.004,0.004,0.004,200000
BMN,20200128,0.036,0.036,0.031,0.036,1041174
BNL,20200128,0.007,0.007,0.006,0.006,7452637
BNO,20200128,0.072,0.074,0.071,0.071,387304
BNR,20200128,0.021,0.021,0.021,0.021,91000
BOC,20200128,0.31,0.31,0.285,0.285,203309
BOE,20200128,0.047,0.049,0.046,0.049,2030111
BOL,20200128,0.13,0.13,0.13,0.13,81500
BOQ,20200128,7.45,7.47,7.38,7.41,1933454
BOT,20200128,0.093,0.093,0.09,0.09,2215667
BPH,20200128,0.001,0.001,0.001,0.001,41538316
BPT,20200128,2.6,2.63,2.5,2.6,7488773
BRB,20200128,0.28,0.28,0.265,0.265,170247
BRG,20200128,18.7,19.25,18.53,18.88,87152
BRI,20200128,1.715,1.72,1.715,1.72,3000
BRK,20200128,0.007,0.007,0.007,0.007,514903
BRL,20200128,0.11,0.12,0.11,0.11,763597
BRN,20200128,0.053,0.053,0.05,0.051,5098235
BRU,20200128,0.165,0.165,0.162,0.165,214170
BRV,20200128,0.018,0.019,0.018,0.019,702500
BSA,20200128,0.39,0.395,0.385,0.395,48880
BSE,20200128,0.25,0.25,0.24,0.245,282402
BSL,20200128,14.55,14.85,14.54,14.7,3192832
BSR,20200128,0.016,0.016,0.016,0.016,670733
BSX,20200128,0.195,0.2,0.18,0.2,2098456
BTC,20200128,0.15,0.15,0.13,0.145,334622
BTH,20200128,0.84,0.9,0.82,0.88,1944651
BTI,20200128,1.08,1.085,1.07,1.08,86770
BUB,20200128,0.95,0.955,0.94,0.945,1881571
BUD,20200128,0.029,0.03,0.028,0.03,4519550
BUG,20200128,0.25,0.25,0.25,0.25,20000
BUY,20200128,0.005,0.005,0.005,0.005,1192020
BVS,20200128,5.75,5.79,5.56,5.58,1335380
BWF,20200128,0.645,0.645,0.6,0.62,44078
BWP,20200128,4.01,4.12,4.01,4.07,750452
BWR,20200128,1.35,1.355,1.35,1.35,13249
BWX,20200128,4.34,4.35,3.88,4.18,586950
BXB,20200128,12.18,12.51,12.14,12.4,3546245
BXN,20200128,0.017,0.017,0.017,0.017,100000
BYE,20200128,0.285,0.285,0.275,0.275,755031
BYI,20200128,0.7,0.7,0.7,0.7,500
C6C,20200128,0.74,0.765,0.74,0.76,38419
CAD,20200128,0.002,0.002,0.002,0.002,1450000
CAF,20200128,0.125,0.125,0.125,0.125,286513
CAG,20200128,0.63,0.675,0.63,0.675,13156
CAI,20200128,0.27,0.275,0.27,0.27,775724
CAJ,20200128,0.255,0.255,0.25,0.255,243411
CAM,20200128,0.97,0.97,0.965,0.965,300353
CAN,20200128,1.43,1.48,1.33,1.4,1405682
CAP,20200128,0.031,0.035,0.031,0.035,419677
CAR,20200128,17.18,17.56,17.17,17.35,776281
CAT,20200128,2.09,2.13,2.05,2.07,899925
CAU,20200128,0.22,0.225,0.22,0.22,26114
CAV,20200128,0.002,0.002,0.002,0.002,361200
CAY,20200128,0.155,0.155,0.15,0.15,1271335
CAZ,20200128,0.023,0.023,0.022,0.022,172848
CBA,20200128,83.7,84.07,83.54,84.02,2235604
CBR,20200128,4.44,4.44,4.31,4.31,180765
CBY,20200128,0.175,0.175,0.175,0.175,2000
CCA,20200128,0.17,0.18,0.17,0.18,124616
CCE,20200128,0.001,0.001,0.001,0.001,3164258
CCJ,20200128,0.005,0.005,0.005,0.005,72400
CCL,20200128,11.69,11.97,11.6,11.95,1620022
CCP,20200128,32.55,32.96,32,32.8,89936
CCV,20200128,0.24,0.24,0.235,0.24,96465
CCX,20200128,2.81,2.83,2.74,2.8,97494
CCZ,20200128,0.02,0.021,0.02,0.021,3210487
CD1,20200128,1.545,1.55,1.545,1.55,1620
CD2,20200128,1.805,1.805,1.805,1.805,900
CD3,20200128,1.4,1.4,1.4,1.4,9700
CDA,20200128,7.74,7.78,7.66,7.77,289635
CDD,20200128,0.39,0.395,0.38,0.395,678311
CDM,20200128,0.77,0.77,0.752,0.755,304738
CDP,20200128,5.98,6,5.85,5.94,6682
CDT,20200128,0.007,0.008,0.007,0.008,804636
CDV,20200128,0.37,0.375,0.35,0.355,356882
CDX,20200128,0.027,0.027,0.027,0.027,1857755
CDY,20200128,0.225,0.225,0.225,0.225,1674
CE1,20200128,0.006,0.006,0.006,0.006,14
CEL,20200128,0.195,0.195,0.175,0.18,4130495
CEN,20200128,7.22,7.22,7.19,7.19,1641
CFE,20200128,0.006,0.006,0.006,0.006,2117747
CFO,20200128,0.077,0.077,0.076,0.076,132500
CG1,20200128,0.47,0.49,0.47,0.49,177887
CGA,20200128,0.42,0.42,0.42,0.42,9000
CGB,20200128,0.016,0.016,0.016,0.016,5116915
CGC,20200128,2.67,2.86,2.63,2.86,3098413
CGF,20200128,8.44,8.69,8.42,8.66,1518804
CGL,20200128,4.64,4.64,4.52,4.57,98979
CGR,20200128,0.555,0.555,0.545,0.545,355638
CGS,20200128,0.46,0.46,0.41,0.41,261006
CHC,20200128,12.32,12.58,12.14,12.49,1045108
CHK,20200128,0.012,0.012,0.011,0.011,2583333
CHN,20200128,0.29,0.29,0.275,0.28,1281751
CHZ,20200128,0.096,0.099,0.091,0.093,2252505
CI1,20200128,0.028,0.028,0.023,0.023,6762615
CIA,20200128,2.5,2.54,2.42,2.5,1073939
CIE,20200128,0.87,0.87,0.84,0.845,406211
CIM,20200128,28.8,28.91,28,28.21,661235
CIN,20200128,32.88,32.88,32.18,32.38,3220
CIP,20200128,3.68,3.69,3.66,3.66,432201
CIW,20200128,0.655,0.68,0.655,0.68,58920
CKA,20200128,0.045,0.045,0.045,0.045,220000
CKF,20200128,8.9,9.04,8.84,8.88,371803
CL1,20200128,1.885,2.04,1.87,2.04,500350
CL8,20200128,0.016,0.017,0.016,0.016,3412690
CLA,20200128,0.015,0.016,0.015,0.015,386041
CLB,20200128,0.076,0.078,0.075,0.075,195000
CLH,20200128,1.055,1.06,1.04,1.055,424375
CLQ,20200128,0.28,0.28,0.255,0.26,930696
CLT,20200128,0.18,0.18,0.18,0.18,35983
CLV,20200128,2.64,2.72,2.6,2.68,196941
CLW,20200128,5.61,5.68,5.59,5.59,1589942
CLX,20200128,0.805,0.805,0.8,0.8,11461
CLZ,20200128,0.002,0.003,0.002,0.003,3450000
CM8,20200128,0.022,0.022,0.021,0.021,678195
CMA,20200128,2.98,2.99,2.95,2.98,453144
CML,20200128,0.018,0.018,0.018,0.018,267274
CMM,20200128,1.255,1.255,1.235,1.24,96318
CMP,20200128,0.69,0.69,0.67,0.68,102279
CMW,20200128,1.21,1.217,1.195,1.205,4386380
CNI,20200128,2.41,2.43,2.4,2.41,109584
CNJ,20200128,0.009,0.009,0.009,0.009,132166
CNL,20200128,0.135,0.135,0.135,0.135,20000
CNU,20200128,6.28,6.39,6.28,6.31,405282
CNW,20200128,0.038,0.038,0.037,0.037,1355873
COB,20200128,0.16,0.16,0.15,0.15,143073
COE,20200128,0.56,0.56,0.545,0.55,5241173
COG,20200128,0.083,0.083,0.083,0.083,200000
COH,20200128,229.51,236.03,227.66,235.56,135032
COI,20200128,0.175,0.175,0.165,0.165,168375
COL,20200128,16.01,16.41,15.96,16.31,2329675
COS,20200128,0.37,0.38,0.35,0.36,1459807
COY,20200128,0.005,0.005,0.005,0.005,270000
CP1,20200128,0.155,0.155,0.155,0.155,5238
CPH,20200128,0.175,0.175,0.165,0.17,895791
CPU,20200128,17.64,17.8,17.5,17.62,1080907
CPV,20200128,0.16,0.16,0.155,0.16,281961
CQE,20200128,3.52,3.57,3.48,3.52,324137
CQR,20200128,4.63,4.71,4.63,4.7,649901
CR1,20200128,0.2,0.215,0.2,0.215,102400
CRL,20200128,0.023,0.023,0.022,0.022,194000
CRN,20200128,2.09,2.13,2.025,2.06,454584
CRO,20200128,0.007,0.007,0.006,0.006,2057864
CRS,20200128,0.15,0.15,0.15,0.15,100000
CSD,20200128,0.14,0.14,0.14,0.14,47897
CSE,20200128,0.061,0.061,0.061,0.061,100000
CSL,20200128,319,319,310.5,312.66,844000
CSR,20200128,4.95,5.01,4.92,4.96,2247800
CSS,20200128,0.725,0.725,0.72,0.72,53110
CSV,20200128,0.305,0.307,0.305,0.307,215361
CT1,20200128,0.026,0.029,0.026,0.027,5880987
CTD,20200128,19.4,19.48,18.59,18.78,759274
CTE,20200128,0.053,0.053,0.053,0.053,40000
CTM,20200128,0.012,0.012,0.011,0.011,1700000
CTO,20200128,0.005,0.005,0.005,0.005,200000
CTP,20200128,0.13,0.135,0.13,0.135,1361986
CTX,20200128,34.73,35,34.49,34.55,707294
CUE,20200128,0.155,0.155,0.15,0.155,227543
CUL,20200128,0.012,0.012,0.012,0.012,200000
CUP,20200128,1.18,1.185,1.16,1.16,37739
CUV,20200128,28,28.14,27.21,28.13,203403
CV1,20200128,0.13,0.13,0.13,0.13,200887
CVC,20200128,2.15,2.15,2.15,2.15,750
CVF,20200128,1.02,1.02,1,1,167389
CVL,20200128,0.4,0.4,0.4,0.4,5000
CVN,20200128,0.335,0.345,0.33,0.34,1651980
CWL,20200128,0.06,0.06,0.059,0.059,325062
CWN,20200128,11.65,11.72,11.15,11.43,4672165
CWP,20200128,7.84,7.84,7.6,7.75,65690
CWX,20200128,0.225,0.23,0.215,0.215,162050
CWY,20200128,2.06,2.08,2.02,2.05,6078279
CWZ,20200128,0.15,0.165,0.15,0.165,9000
CXL,20200128,0.805,0.84,0.805,0.81,120399
CXM,20200128,0.038,0.038,0.038,0.038,10000
CXO,20200128,0.038,0.038,0.037,0.037,969585
CXU,20200128,0.02,0.02,0.02,0.02,17052
CXZ,20200128,0.023,0.023,0.023,0.023,850000
CY5,20200128,0.05,0.05,0.05,0.05,20000
CYC,20200128,1.25,1.25,1.145,1.15,56167
CYG,20200128,1.08,1.08,1.05,1.05,33295
CYL,20200128,2.99,3.1,2.99,3.09,9196
CYM,20200128,0.25,0.25,0.23,0.23,103234
CYP,20200128,1.1,1.105,1.055,1.08,139226
CZI,20200128,0.092,0.093,0.092,0.093,457461
CZN,20200128,0.004,0.005,0.004,0.005,50762890
D2O,20200128,1.42,1.42,1.39,1.405,130934
DBF,20200128,1.155,1.16,1.155,1.16,14000
DCC,20200128,0.031,0.032,0.03,0.032,1244013
DCG,20200128,0.445,0.445,0.435,0.44,1140289
DCN,20200128,1.445,1.45,1.42,1.43,1117547
DDD,20200128,0.001,0.001,0.001,0.001,104000
DDR,20200128,6.86,6.86,6.7,6.78,98982
DDT,20200128,0.007,0.007,0.007,0.007,25000
DEG,20200128,0.047,0.048,0.046,0.046,1147691
DEM,20200128,0.24,0.24,0.227,0.24,537773
DEV,20200128,0.065,0.065,0.063,0.063,306691
DGO,20200128,0.905,0.905,0.9,0.9,10000
DGR,20200128,0.071,0.071,0.071,0.071,141880
DHG,20200128,3.73,3.82,3.64,3.8,626075
DHR,20200128,0.003,0.003,0.003,0.003,1125000
DIV,20200128,24.13,24.13,23.8,24,27545
DJW,20200128,3.63,3.66,3.6,3.62,192519
DMP,20200128,54,54.49,53.05,53.65,277743
DNA,20200128,0.079,0.08,0.075,0.078,551651
DNK,20200128,0.585,0.59,0.57,0.57,49466
DOW,20200128,7.39,7.45,7.25,7.25,4035206
DRE,20200128,0.006,0.006,0.005,0.005,829308
DRO,20200128,0.225,0.25,0.22,0.25,1446807
DRX,20200128,0.014,0.014,0.014,0.014,100000
DSE,20200128,0.05,0.052,0.047,0.049,3985398
DTC,20200128,0.97,0.975,0.96,0.96,122711
DTL,20200128,4.39,4.53,4.22,4.42,437988
DTR,20200128,0.002,0.002,0.002,0.002,60599
DTS,20200128,0.15,0.15,0.14,0.14,299342
DTZ,20200128,0.057,0.057,0.056,0.056,25666
DUB,20200128,1.185,1.205,1.16,1.18,109648
DUI,20200128,5.28,5.28,5.08,5.08,162413
DVL,20200128,0.025,0.025,0.025,0.025,90000
DVN,20200128,0.145,0.145,0.145,0.145,30000
DW8,20200128,0.008,0.01,0.008,0.008,18518175
DWS,20200128,1.065,1.065,1.055,1.06,14176
DXB,20200128,0.145,0.15,0.14,0.145,498528
DXN,20200128,0.05,0.05,0.049,0.049,197838
DXS,20200128,12.53,12.66,12.53,12.56,3359677
DYL,20200128,0.265,0.265,0.26,0.26,61910
E25,20200128,0.17,0.17,0.17,0.17,50000
E2M,20200128,0.21,0.21,0.19,0.19,30451
EAF,20200128,1.37,1.38,1.37,1.37,135160
EAI,20200128,1.06,1.06,1.04,1.04,939622
EAS,20200128,0.905,0.905,0.9,0.9,55067
EAX,20200128,0.28,0.28,0.25,0.25,100000
EBG,20200128,0.98,0.98,0.98,0.98,154
EBO,20200128,23.24,23.27,23.24,23.27,2306
ECF,20200128,1.3,1.305,1.29,1.29,52102
ECL,20200128,1.35,1.355,1.35,1.355,3809
ECP,20200128,1.12,1.12,1.11,1.11,34243
ECS,20200128,0.049,0.049,0.048,0.049,1100996
ECT,20200128,0.001,0.001,0.001,0.001,14689388
ECX,20200128,1.515,1.64,1.49,1.63,1712416
ED1,20200128,1.07,1.07,1.02,1.04,83172
EDC,20200128,1.14,1.14,1.14,1.14,2000
EDE,20200128,0.043,0.043,0.04,0.041,1715689
EEG,20200128,0.42,0.42,0.4,0.42,372009
EEU,20200128,15.65,15.65,15.65,15.65,500
EFF,20200128,1.78,1.78,1.78,1.78,16875
EGD,20200128,2.46,2.46,2.45,2.45,126702
EGF,20200128,1.78,1.78,1.78,1.78,36523
EGG,20200128,2.01,2.01,1.875,1.96,16689
EGH,20200128,0.385,0.385,0.385,0.385,86739
EGI,20200128,1.2,1.2,1.185,1.19,153824
EGN,20200128,0.66,0.665,0.645,0.66,37999
EGR,20200128,0.067,0.093,0.067,0.077,816180
EHE,20200128,2.54,2.54,2.44,2.45,446372
EHH,20200128,0.12,0.12,0.115,0.12,222362
EHX,20200128,0.089,0.095,0.088,0.093,358988
ELD,20200128,7.3,7.38,7.19,7.33,438602
ELO,20200128,6.6,6.62,6.48,6.5,62785
ELS,20200128,0.385,0.4,0.385,0.4,49966
ELT,20200128,0.004,0.004,0.004,0.004,250000
ELX,20200128,0.75,0.76,0.75,0.75,118479
EME,20200128,0.125,0.125,0.125,0.125,10000
EMH,20200128,0.31,0.31,0.29,0.29,32797
EML,20200128,5.17,5.23,4.92,5.17,2661995
EMR,20200128,0.044,0.056,0.044,0.046,6211549
EMT,20200128,0.015,0.015,0.014,0.015,1040828
EMV,20200128,0.83,0.83,0.81,0.81,82983
EN1,20200128,0.02,0.02,0.019,0.019,2331766
ENN,20200128,2.15,2.15,2.11,2.13,107027
ENR,20200128,0.11,0.11,0.096,0.1,133896
EOF,20200128,3,3,2.91,2.92,75571
EOL,20200128,3.45,3.45,3.3,3.36,3743
EOS,20200128,9.94,10.535,9.51,10.28,960242
EPD,20200128,0.4,0.4,0.375,0.375,152875
EPM,20200128,0.006,0.006,0.005,0.005,3549208
EQE,20200128,0.015,0.015,0.014,0.014,1845578
EQT,20200128,30.5,30.51,30.17,30.5,18955
EQX,20200128,0.24,0.245,0.24,0.245,30768
ERA,20200128,0.155,0.16,0.155,0.155,338247
ERF,20200128,1.225,1.225,1.225,1.225,2900
ERL,20200128,0.008,0.008,0.008,0.008,800000
ERM,20200128,0.094,0.094,0.09,0.09,689382
ERX,20200128,0.065,0.065,0.061,0.061,2168424
ESE,20200128,0.012,0.012,0.012,0.012,641666
ESH,20200128,0.01,0.01,0.01,0.01,379095
ESK,20200128,0.16,0.16,0.16,0.16,1600
ETF,20200128,23.12,23.12,22.92,22.92,1078
EUC,20200128,0.017,0.017,0.016,0.016,472600
EUR,20200128,0.092,0.092,0.085,0.085,329475
EVE,20200128,0.007,0.007,0.006,0.006,2153894
EVN,20200128,3.85,3.9,3.8,3.86,11810365
EVO,20200128,0.165,0.165,0.155,0.155,1120797
EVS,20200128,0.225,0.235,0.225,0.235,452197
EVT,20200128,12.98,13.11,12.91,12.98,103319
EWC,20200128,0.07,0.071,0.07,0.071,63900
EX1,20200128,0.285,0.285,0.285,0.285,21800
EXL,20200128,1.09,1.13,1.02,1.085,1304084
EXP,20200128,0.215,0.215,0.192,0.205,2807818
EXR,20200128,0.02,0.021,0.02,0.021,217743
EZL,20200128,1.05,1.05,1.04,1.05,23043
FAM,20200128,0.053,0.053,0.051,0.051,204737
FAR,20200128,0.041,0.041,0.038,0.039,30008868
FBR,20200128,0.053,0.053,0.051,0.051,1201574
FBU,20200128,5.31,5.47,5.3,5.38,709154
FCL,20200128,2.89,2.89,2.85,2.855,132101
FDV,20200128,0.945,0.96,0.93,0.93,185372
FEL,20200128,0.013,0.015,0.013,0.014,1701302
FEX,20200128,0.055,0.055,0.049,0.049,314273
FFG,20200128,0.011,0.011,0.011,0.011,312000
FFI,20200128,4.99,5,4.99,5,4831
FFR,20200128,0.055,0.055,0.055,0.055,2500
FGG,20200128,1.265,1.265,1.25,1.25,410161
FGR,20200128,0.165,0.175,0.165,0.175,2344402
FGX,20200128,1.16,1.16,1.155,1.155,804116
FHS,20200128,0.013,0.013,0.012,0.012,5136468
FID,20200128,5.69,5.7,5.61,5.7,12809
FIJ,20200128,0.087,0.093,0.085,0.085,263397
FLC,20200128,0.43,0.43,0.41,0.41,231766
FLN,20200128,0.5,0.505,0.49,0.495,277532
FLT,20200128,39.9,40.53,39.69,39.76,618088
FMG,20200128,11.5,11.76,11.39,11.57,20212308
FML,20200128,0.23,0.23,0.23,0.23,14636
FNP,20200128,5.12,5.15,5.01,5.07,231303
FNT,20200128,0.011,0.011,0.011,0.011,45545
FOD,20200128,0.07,0.07,0.066,0.066,367187
FOR,20200128,1.195,1.195,1.17,1.17,98822
FPC,20200128,1.06,1.07,1.02,1.02,66209
FPH,20200128,21.67,21.91,21.57,21.79,191034
FPL,20200128,0.006,0.006,0.006,0.006,7471293
FPP,20200128,0.955,0.955,0.955,0.955,12493
FRI,20200128,0.865,0.865,0.865,0.865,4156
FRM,20200128,0.31,0.33,0.31,0.33,14040
FSA,20200128,1.375,1.385,1.375,1.375,7393
FSF,20200128,3.87,3.87,3.86,3.86,62511
FSI,20200128,1.96,1.96,1.93,1.93,11876
FTC,20200128,0.11,0.11,0.11,0.11,43232
FTT,20200128,0.003,0.003,0.003,0.003,11630776
FTZ,20200128,0.08,0.08,0.08,0.08,22298
FUN,20200128,0.021,0.021,0.021,0.021,10731
FWD,20200128,2.09,2.1,2.03,2.1,43591
FXL,20200128,2.1,2.12,2.01,2.07,663878
FZO,20200128,0.165,0.17,0.16,0.16,160671
FZR,20200128,0.2,0.2,0.2,0.2,35500
G1A,20200128,0.32,0.32,0.295,0.295,198965
G88,20200128,0.059,0.059,0.057,0.058,206342
GAL,20200128,0.16,0.16,0.15,0.155,724879
GAP,20200128,0.215,0.215,0.21,0.21,629082
GAS,20200128,0.61,0.61,0.61,0.61,9870
GBP,20200128,0.035,0.04,0.035,0.036,775552
GBZ,20200128,0.06,0.075,0.06,0.075,698621
GC1,20200128,0.82,0.82,0.81,0.81,161601
GCI,20200128,2.05,2.05,2.04,2.04,307377
GDF,20200128,1.42,1.44,1.41,1.43,74773
GDG,20200128,0.89,0.89,0.85,0.87,9307
GDI,20200128,1.53,1.542,1.515,1.54,322125
GDX,20200128,43,43.09,42.7,42.7,10376
GEM,20200128,1.915,1.915,1.865,1.865,2820265
GEV,20200128,0.15,0.15,0.135,0.145,718822
GFL,20200128,2.15,2.15,2.1,2.1,2150
GGG,20200128,0.12,0.12,0.11,0.115,2910532
GGX,20200128,0.003,0.003,0.003,0.003,1300000
GID,20200128,0.015,0.015,0.015,0.015,1200000
GLA,20200128,0.001,0.001,0.001,0.001,1250000
GLB,20200128,1.85,1.85,1.85,1.85,4000
GLL,20200128,0.61,0.612,0.58,0.6,189949
GLN,20200128,0.2,0.2,0.19,0.2,1072584
GLV,20200128,0.001,0.001,0.001,0.001,19000000
GMA,20200128,3.72,3.75,3.66,3.69,425844
GMC,20200128,0.006,0.006,0.005,0.005,14309350
GMD,20200128,0.035,0.038,0.035,0.036,5187149
GME,20200128,0.055,0.055,0.055,0.055,55000
GMG,20200128,14.85,14.99,14.81,14.95,3469331
GMN,20200128,0.073,0.073,0.071,0.072,993600
GMV,20200128,0.15,0.15,0.14,0.145,1068590
GNC,20200128,8.39,8.455,8.34,8.35,519990
GNE,20200128,3.1,3.15,3.02,3.02,53533
GNM,20200128,0.009,0.009,0.008,0.008,8246851
GNX,20200128,0.22,0.225,0.22,0.225,239497
GO2,20200128,0.015,0.015,0.015,0.015,345962
GOR,20200128,1.38,1.405,1.375,1.385,6597004
GOZ,20200128,4.4,4.41,4.35,4.37,533231
GPR,20200128,0.46,0.47,0.46,0.46,110602
GPT,20200128,5.91,5.96,5.9,5.93,3161864
GPX,20200128,0.17,0.175,0.15,0.15,804146
GRB,20200128,0.085,0.085,0.085,0.085,55000
GRL,20200128,0.205,0.205,0.2,0.2,114794
GRR,20200128,0.245,0.245,0.235,0.245,2876766
GSM,20200128,0.08,0.08,0.077,0.077,115769
GSN,20200128,0.053,0.055,0.052,0.052,88867
GSS,20200128,1,1,0.955,0.99,88053
GSW,20200128,0.53,0.565,0.53,0.565,63668
GTE,20200128,0.003,0.003,0.003,0.003,580000
GTG,20200128,0.011,0.011,0.01,0.01,6375781
GTK,20200128,2.13,2.13,2,2.09,341588
GTN,20200128,0.82,0.82,0.8,0.805,42051
GUD,20200128,11.04,11.28,11,11.25,450051
GVF,20200128,1.1,1.1,1.095,1.095,116208
GWA,20200128,3.49,3.62,3.49,3.61,245841
GXY,20200128,1.03,1.075,1.01,1.05,4670768
HAS,20200128,0.125,0.125,0.115,0.115,11312
HAV,20200128,0.115,0.115,0.11,0.11,90000
HCD,20200128,0.069,0.069,0.056,0.059,738400
HCH,20200128,0.033,0.033,0.03,0.031,9071023
HCT,20200128,0.062,0.077,0.062,0.077,12758
HE8,20200128,0.175,0.18,0.17,0.175,488133
HFR,20200128,0.785,0.79,0.755,0.77,52193
HGO,20200128,0.061,0.061,0.061,0.061,150000
HHY,20200128,0.042,0.042,0.042,0.042,4094
HIL,20200128,0.42,0.42,0.405,0.41,459573
HIP,20200128,0.02,0.02,0.019,0.019,300000
HIT,20200128,1.3,1.35,1.3,1.35,12900
HLA,20200128,1.135,1.18,1.135,1.18,59274
HLO,20200128,4.56,4.56,4.39,4.39,182997
HLS,20200128,2.89,2.93,2.88,2.88,551653
HLX,20200128,0.015,0.015,0.015,0.015,327425
HM1,20200128,3.26,3.28,3.21,3.26,184292
HMC,20200128,3.86,3.87,3.72,3.81,88207
HMD,20200128,0.16,0.16,0.15,0.16,578859
HNR,20200128,0.008,0.008,0.008,0.008,92720
HPI,20200128,3.32,3.32,3.24,3.29,319615
HPR,20200128,0.1,0.1,0.098,0.098,284470
HRN,20200128,0.23,0.23,0.22,0.22,20000
HRR,20200128,0.099,0.099,0.096,0.097,76158
HRZ,20200128,0.115,0.115,0.1,0.1,324947
HSC,20200128,0.005,0.006,0.004,0.004,13464594
HSN,20200128,3.56,3.58,3.52,3.57,74796
HT1,20200128,1.715,1.727,1.69,1.72,40026
HTA,20200128,0.13,0.13,0.13,0.13,5000
HUB,20200128,10.7,10.94,10.5,10.85,206686
HUO,20200128,4.57,4.57,4.47,4.47,10869
HVM,20200128,0.18,0.22,0.18,0.215,2176353
HVN,20200128,4.25,4.26,4.18,4.18,2455732
HXG,20200128,0.055,0.055,0.055,0.055,135838
HYD,20200128,0.245,0.245,0.23,0.23,130165
HZN,20200128,0.12,0.125,0.12,0.125,1038078
HZR,20200128,0.43,0.43,0.415,0.415,120316
IAA,20200128,94.93,95.59,93.97,94.45,19299
IAF,20200128,115.5,115.99,115.5,115.87,19684
IAG,20200128,7.22,7.23,7.125,7.16,5695425
IAP,20200128,1.58,1.58,1.515,1.545,290487
IBC,20200128,0.525,0.525,0.525,0.525,17000
IBG,20200128,0.012,0.012,0.012,0.012,1227493
IBX,20200128,0.033,0.033,0.03,0.03,2688068
ICE,20200128,0.255,0.255,0.24,0.25,243172
ICG,20200128,0.001,0.002,0.001,0.002,862500
ICI,20200128,0.023,0.023,0.022,0.022,120000
ICN,20200128,0.006,0.006,0.006,0.006,23300
ICQ,20200128,0.375,0.375,0.365,0.375,1156280
ICT,20200128,0.053,0.053,0.053,0.053,20000
IDA,20200128,0.025,0.025,0.025,0.025,942067
IDT,20200128,0.155,0.155,0.155,0.155,263384
IDX,20200128,4.33,4.37,4.07,4.12,538395
IDZ,20200128,0.009,0.009,0.009,0.009,88326
IEL,20200128,18.5,19.12,17.7,19.02,1183921
IEM,20200128,64.73,64.73,63.6,64.02,29002
IEU,20200128,68.42,68.42,67.66,67.75,14091
IFL,20200128,8.07,8.09,7.77,7.87,1282735
IFM,20200128,2.1,2.1,2.05,2.05,314739
IFN,20200128,0.74,0.76,0.735,0.745,3613412
IFT,20200128,5.26,5.34,5.21,5.34,5911
IGB,20200128,114.5,114.5,113.82,114.42,583
IGL,20200128,2.42,2.43,2.35,2.37,340427
IGO,20200128,6.25,6.29,6.165,6.27,2065114
IHD,20200128,14.38,14.39,14.33,14.34,75976
IHL,20200128,0.068,0.068,0.066,0.068,1215322
IHR,20200128,0.105,0.11,0.105,0.11,187405
IJH,20200128,301.72,302.25,301.04,302,461
IJP,20200128,87.19,87.19,86.15,87.05,5853
IJR,20200128,122.5,122.5,121.8,122.49,1706
IKE,20200128,0.87,0.87,0.87,0.87,5000
IKO,20200128,93,93,91.3,91.3,932
IKW,20200128,0.003,0.003,0.003,0.003,100000
ILB,20200128,130.17,131.43,130.17,131.01,1262
ILC,20200128,26.94,27.02,26.94,27.02,5423
ILU,20200128,9.13,9.13,8.88,8.93,2236143
IMA,20200128,0.235,0.235,0.225,0.225,389682
IMC,20200128,0.145,0.15,0.135,0.135,353992
IMD,20200128,1.51,1.555,1.482,1.5,228699
IME,20200128,0.045,0.047,0.044,0.046,3006211
IMF,20200128,4.5,4.65,4.46,4.63,435961
IMM,20200128,0.275,0.28,0.275,0.275,333743
IMR,20200128,1.36,1.37,1.32,1.36,268588
IMU,20200128,0.035,0.035,0.034,0.035,11911922
INA,20200128,4.68,4.72,4.61,4.7,1015974
ING,20200128,3.51,3.63,3.5,3.61,1007816
INP,20200128,0.024,0.024,0.024,0.024,104002
INR,20200128,0.18,0.18,0.17,0.17,1193825
INV,20200128,0.092,0.1,0.09,0.1,173922
IOD,20200128,0.16,0.175,0.16,0.16,290441
IOO,20200128,80,80.52,79.58,80.43,29815
IOZ,20200128,28.49,28.53,28.26,28.51,311637
IPD,20200128,0.12,0.13,0.12,0.12,2086163
IPH,20200128,8.89,9.28,8.76,9.28,528362
IPL,20200128,3.32,3.35,3.295,3.31,3085494
IPT,20200128,0.007,0.007,0.007,0.007,3000000
IRD,20200128,0.061,0.069,0.061,0.069,7620
IRE,20200128,13.09,13.3,13.09,13.23,242593
IRI,20200128,2.88,2.98,2.85,2.88,193098
ISD,20200128,0.285,0.285,0.28,0.28,94968
ISO,20200128,5.15,5.16,5.13,5.14,14627
ISU,20200128,0.49,0.5,0.49,0.5,2181
ITG,20200128,0.43,0.45,0.425,0.45,89591
IVC,20200128,13.25,13.38,13.02,13.12,414699
IVE,20200128,101.52,101.55,100.72,101.01,2235
IVR,20200128,0.023,0.023,0.022,0.023,3404961
IVV,20200128,480.92,482.93,480.24,482.74,11688
IVX,20200128,0.013,0.013,0.012,0.012,2040241
IVZ,20200128,0.028,0.028,0.027,0.028,935904
IXC,20200128,1.015,1.07,0.99,0.995,79273
IXI,20200128,82.22,82.76,82,82.76,4699
IXJ,20200128,102.36,102.96,101.5,102.18,7654
IXU,20200128,0.062,0.062,0.06,0.06,368922
IZZ,20200128,60.19,60.4,59.3,60.2,30197
JAL,20200128,0.185,0.185,0.185,0.185,40000
JAN,20200128,0.44,0.45,0.43,0.44,118304
JAT,20200128,0.053,0.053,0.051,0.053,2212889
JAY,20200128,0.32,0.32,0.32,0.32,1625
JBH,20200128,40,40.63,39.69,40.32,322123
JCS,20200128,0.026,0.027,0.026,0.027,100000
JDR,20200128,0.012,0.012,0.012,0.012,786996
JHC,20200128,1.015,1.015,0.995,1,238615
JHG,20200128,35.89,36.87,35.89,36.85,174755
JHX,20200128,31.11,31.49,30.93,31.49,1016580
JIN,20200128,14.55,14.55,14.01,14.11,578974
JLG,20200128,2.54,2.54,2.44,2.48,277540
JMS,20200128,0.3,0.3,0.285,0.285,3875911
JRV,20200128,0.245,0.25,0.235,0.25,333311
JXT,20200128,0.125,0.125,0.125,0.125,34000
JYC,20200128,1.5,1.5,1.5,1.5,1780
K2F,20200128,0.265,0.265,0.245,0.25,513151
KAI,20200128,0.008,0.008,0.008,0.008,5177443
KAR,20200128,1.215,1.26,1.172,1.185,7040410
KAS,20200128,0.016,0.016,0.014,0.014,75000
KCN,20200128,0.48,0.52,0.48,0.52,547422
KEY,20200128,0.007,0.007,0.007,0.007,250000
KFE,20200128,0.062,0.062,0.055,0.06,239272
KGL,20200128,0.23,0.23,0.23,0.23,40000
KGM,20200128,0.005,0.005,0.005,0.005,157800
KGN,20200128,5.5,5.5,5.37,5.39,1187832
KIN,20200128,0.032,0.032,0.032,0.032,88000
KIS,20200128,0.06,0.06,0.06,0.06,3610
KKC,20200128,2.48,2.48,2.46,2.48,852367
KLA,20200128,62.2,64,62.2,63.32,3912
KLL,20200128,0.5,0.507,0.495,0.5,210506
KMD,20200128,3.05,3.05,2.96,3,215685
KME,20200128,1.53,1.53,1.495,1.5,63584
KMT,20200128,0.005,0.005,0.005,0.005,486757
KNM,20200128,0.02,0.02,0.02,0.02,70000
KNO,20200128,0.096,0.096,0.096,0.096,20000
KOR,20200128,0.01,0.01,0.01,0.01,24999
KOV,20200128,4.2,4.21,4.05,4.15,42182
KP2,20200128,0.02,0.02,0.02,0.02,900
KPG,20200128,0.95,0.95,0.95,0.95,2000
KPO,20200128,0.032,0.032,0.032,0.032,15200
KRM,20200128,0.03,0.03,0.03,0.03,15500
KRR,20200128,0.02,0.02,0.02,0.02,855794
KSL,20200128,1.455,1.46,1.41,1.42,297312
KSN,20200128,0.165,0.165,0.16,0.16,78953
KSS,20200128,0.37,0.385,0.345,0.36,594879
KTD,20200128,0.4,0.4,0.39,0.4,247230
KTG,20200128,0.21,0.21,0.195,0.205,493561
KWR,20200128,0.165,0.165,0.15,0.15,152806
KYK,20200128,0.105,0.105,0.1,0.105,460750
KZA,20200128,0.6,0.6,0.58,0.59,31900
KZR,20200128,0.68,0.74,0.655,0.705,1862067
LAA,20200128,0.026,0.026,0.026,0.026,173001
LAU,20200128,0.365,0.365,0.36,0.365,57116
LAW,20200128,0.067,0.069,0.066,0.066,315497
LBL,20200128,0.77,0.77,0.765,0.765,15000
LBT,20200128,0.165,0.165,0.155,0.155,388091
LCD,20200128,0.013,0.013,0.013,0.013,100000
LCK,20200128,0.12,0.13,0.12,0.125,484948
LCL,20200128,0.049,0.05,0.048,0.05,362715
LCT,20200128,0.021,0.022,0.021,0.022,1145100
LEG,20200128,0.083,0.083,0.079,0.079,3060636
LEP,20200128,5.68,5.68,5.59,5.59,11046
LER,20200128,0.027,0.027,0.027,0.027,36483
LEX,20200128,0.195,0.195,0.195,0.195,191660
LHM,20200128,0.011,0.012,0.011,0.012,80004
LI3,20200128,0.035,0.035,0.035,0.035,42248
LIC,20200128,9.03,9.18,9.02,9.1,66732
LIN,20200128,0.038,0.039,0.037,0.037,4603527
LIT,20200128,0.065,0.065,0.061,0.061,2926716
LLC,20200128,18.31,18.47,18.19,18.39,1096427
LME,20200128,1.82,1.82,1.81,1.82,12652
LMW,20200128,0.15,0.15,0.14,0.14,22000
LNG,20200128,0.185,0.19,0.175,0.175,1028073
LNK,20200128,6.22,6.36,6.16,6.26,1914783
LNU,20200128,0.024,0.025,0.023,0.025,1078681
LNY,20200128,0.006,0.007,0.006,0.006,7885000
LOM,20200128,0.125,0.125,0.12,0.12,207984
LON,20200128,0.155,0.16,0.155,0.16,119468
LOT,20200128,0.053,0.053,0.049,0.049,121152
LOV,20200128,11.61,11.61,11.25,11.26,207797
LPD,20200128,0.017,0.017,0.015,0.015,11104762
LPE,20200128,0.565,0.57,0.565,0.57,1449
LPI,20200128,0.255,0.255,0.25,0.255,44269
LRT,20200128,4.68,4.68,4.68,4.68,1863
LSA,20200128,0.004,0.004,0.004,0.004,190
LSF,20200128,1.575,1.575,1.48,1.53,1087805
LSX,20200128,0.45,0.45,0.445,0.445,86672
LTR,20200128,0.088,0.088,0.085,0.085,3089700
LVE,20200128,0.056,0.056,0.055,0.055,193851
LVH,20200128,0.22,0.22,0.21,0.21,62692
LVT,20200128,0.26,0.26,0.25,0.26,1438015
LYC,20200128,2.31,2.315,2.205,2.22,4727262
LYL,20200128,6.15,6.15,6,6.15,28314
M7T,20200128,0.8,0.8,0.73,0.77,1509736
M8S,20200128,0.19,0.19,0.19,0.19,3129
MA1,20200128,1.02,1.02,1.02,1.02,37409
MAD,20200128,1.08,1.08,1.065,1.08,34077
MAG,20200128,0.265,0.27,0.25,0.27,574032
MAH,20200128,0.27,0.275,0.267,0.275,423899
MAI,20200128,0.655,0.655,0.63,0.645,124467
MAM,20200128,0.6,0.6,0.6,0.6,50000
MAN,20200128,0.015,0.015,0.015,0.015,33700
MAQ,20200128,26.24,26.46,26,26,22535
MAT,20200128,0.15,0.15,0.14,0.14,576479
MAU,20200128,0.59,0.595,0.575,0.58,89467
MAY,20200128,0.01,0.01,0.01,0.01,1712615
MCA,20200128,0.15,0.15,0.15,0.15,2292
MCE,20200128,0.34,0.34,0.33,0.33,67581
MCP,20200128,2.77,2.77,2.58,2.68,561430
MCR,20200128,0.69,0.69,0.66,0.675,1176108
MCT,20200128,0.006,0.006,0.005,0.005,1023910
MCY,20200128,4.99,5.11,4.99,5.11,3486
MDC,20200128,0.335,0.355,0.315,0.315,352710
MDI,20200128,0.005,0.005,0.005,0.005,3289062
MDR,20200128,0.59,0.59,0.56,0.58,94975
MEA,20200128,0.32,0.32,0.315,0.32,119906
MEB,20200128,0.01,0.01,0.009,0.009,342283
MEC,20200128,0.965,0.965,0.96,0.96,194003
MEI,20200128,0.029,0.029,0.024,0.026,13072731
MEL,20200128,0.048,0.048,0.048,0.048,52000
MEM,20200128,0.053,0.056,0.051,0.051,483115
MEP,20200128,0.044,0.045,0.044,0.044,318999
MEU,20200128,0.032,0.033,0.031,0.032,1018402
MEY,20200128,0.069,0.069,0.069,0.069,7300
MEZ,20200128,5.09,5.15,5.07,5.15,32040
MFD,20200128,1.02,1.03,1.02,1.03,15708
MFF,20200128,3.7,3.73,3.64,3.64,334200
MFG,20200128,63.82,64.17,60.81,63.75,541762
MGC,20200128,0.435,0.435,0.435,0.435,47409
MGE,20200128,4.19,4.21,4.19,4.19,1107613
MGG,20200128,2.05,2.08,2.03,2.06,1248589
MGL,20200128,0.017,0.017,0.017,0.017,384
MGR,20200128,3.41,3.43,3.37,3.39,10645274
MGT,20200128,0.005,0.005,0.005,0.005,250000
MGV,20200128,0.088,0.088,0.088,0.088,93421
MGX,20200128,0.9,0.915,0.86,0.905,2656054
MHC,20200128,0.007,0.007,0.006,0.006,6901570
MHG,20200128,3.64,3.65,3.63,3.64,101175
MHH,20200128,1.66,1.67,1.63,1.64,1251365
MHJ,20200128,0.61,0.685,0.61,0.685,24911
MIL,20200128,0.425,0.445,0.425,0.445,5518
MIN,20200128,16.52,16.78,16.5,16.73,1355056
MIO,20200128,0.245,0.245,0.24,0.24,18903
MIR,20200128,2.63,2.63,2.61,2.62,186625
MKG,20200128,0.07,0.072,0.07,0.072,210000
MLD,20200128,0.96,0.965,0.95,0.95,285233
MLL,20200128,0.1,0.1,0.09,0.091,387848
MLM,20200128,0.014,0.014,0.014,0.014,529657
MLS,20200128,0.001,0.001,0.001,0.001,10000000
MLT,20200128,5.01,5.02,4.97,4.97,260932
MLX,20200128,0.086,0.086,0.081,0.083,654689
MME,20200128,1.55,1.55,1.48,1.52,129664
MMI,20200128,0.16,0.16,0.16,0.16,378919
MMJ,20200128,0.14,0.14,0.13,0.135,409105
MML,20200128,0.73,0.78,0.675,0.77,1793209
MMM,20200128,0.26,0.28,0.26,0.28,22114
MMS,20200128,12.8,12.95,12.63,12.78,151990
MND,20200128,17.35,17.38,16.77,16.9,388405
MNF,20200128,4.98,5,4.82,4.86,78955
MNS,20200128,0.11,0.115,0.1,0.105,734266
MNY,20200128,2.4,2.42,2.38,2.4,101248
MOB,20200128,0.105,0.115,0.1,0.105,2458172
MOC,20200128,1.305,1.325,1.295,1.305,167518
MOE,20200128,5.32,5.43,5.19,5.4,92374
MOH,20200128,0.044,0.044,0.043,0.043,25000
MOQ,20200128,0.235,0.24,0.235,0.24,3152
MOT,20200128,2.07,2.08,2.06,2.06,113856
MOZ,20200128,1.66,1.66,1.56,1.585,171335
MP1,20200128,11,11.59,11,11.33,564214
MPL,20200128,3.14,3.16,3.12,3.14,9193047
MPW,20200128,0.083,0.084,0.083,0.084,135000
MQG,20200128,142.9,143.46,141.98,143.01,898526
MRC,20200128,0.28,0.28,0.275,0.28,77274
MRD,20200128,0.003,0.003,0.002,0.003,3801671
MRM,20200128,0.175,0.175,0.17,0.17,348706
MRQ,20200128,0.013,0.013,0.011,0.012,16877913
MRZ,20200128,0.24,0.24,0.24,0.24,50000
MSB,20200128,2.99,3.03,2.91,2.97,3611964
MSE,20200128,0.012,0.012,0.012,0.012,1122969
MSG,20200128,0.023,0.023,0.021,0.022,809545
MSR,20200128,0.002,0.002,0.002,0.002,422400
MSV,20200128,0.059,0.06,0.058,0.06,3703652
MTB,20200128,0.003,0.003,0.003,0.003,95050
MTC,20200128,0.033,0.033,0.032,0.032,311378
MTH,20200128,0.01,0.011,0.01,0.011,581666
MTO,20200128,2,2.01,1.965,2.01,22246
MTS,20200128,2.61,2.635,2.59,2.61,3014985
MVA,20200128,26.23,26.25,26.11,26.17,58755
MVB,20200128,26.85,26.91,26.83,26.87,20798
MVE,20200128,30.07,30.07,29.98,29.98,492
MVF,20200128,1.02,1.02,1,1,189812
MVP,20200128,10.29,10.44,9.88,10.33,286786
MVR,20200128,30.54,30.54,30.32,30.5,19616
MVS,20200128,20.76,20.76,20.7,20.7,1334
MVW,20200128,31.79,31.99,31.76,31.92,39728
MWR,20200128,0.285,0.285,0.245,0.275,682652
MWY,20200128,1.895,1.895,1.85,1.88,36532
MX1,20200128,0.155,0.16,0.15,0.155,467166
MXC,20200128,0.035,0.036,0.035,0.035,2136478
MXI,20200128,0.215,0.215,0.205,0.215,37673
MXT,20200128,2.04,2.04,2.02,2.04,1735903
MYL,20200128,0.047,0.049,0.047,0.047,3917496
MYQ,20200128,0.205,0.205,0.205,0.205,79338
MYR,20200128,0.46,0.46,0.43,0.43,1863924
MYS,20200128,5.38,5.385,5.28,5.3,112523
MYX,20200128,0.455,0.47,0.455,0.46,2662254
MZZ,20200128,0.25,0.25,0.24,0.24,211550
N1H,20200128,0.083,0.083,0.083,0.083,1788
NAB,20200128,25.57,25.63,25.41,25.61,4024370
NAC,20200128,1,1,0.98,0.98,172350
NAG,20200128,0.036,0.038,0.036,0.038,104265
NAM,20200128,0.31,0.31,0.31,0.31,5647
NAN,20200128,6.94,6.95,6.7,6.83,772969
NBI,20200128,2.06,2.07,2.06,2.07,224432
NC6,20200128,0.07,0.07,0.069,0.069,165406
NCC,20200128,1.055,1.06,1.055,1.06,3812
NCK,20200128,7.18,7.18,6.94,7.04,65606
NCL,20200128,0.017,0.019,0.015,0.015,10314806
NCM,20200128,32.56,32.73,31.78,32.02,2960848
NCR,20200128,0.012,0.012,0.011,0.011,513594
NCZ,20200128,0.255,0.255,0.235,0.235,2798062
NDQ,20200128,22.47,22.59,22.44,22.57,130390
NEA,20200128,2.48,2.48,2.4,2.43,5517550
NEC,20200128,1.94,1.945,1.905,1.925,6002549
NES,20200128,0.05,0.05,0.05,0.05,4500
NET,20200128,0.1,0.1,0.097,0.097,1707110
NEU,20200128,2.78,2.84,2.66,2.83,147908
NEW,20200128,1.19,1.215,1.17,1.215,403626
NGE,20200128,0.68,0.68,0.67,0.675,119779
NGI,20200128,3.06,3.1,3.03,3.07,163744
NHC,20200128,1.93,1.93,1.89,1.905,1366154
NHF,20200128,5.43,5.48,5.38,5.4,1203670
NIC,20200128,0.63,0.665,0.597,0.61,12354338
NML,20200128,0.125,0.125,0.12,0.12,764037
NMT,20200128,0.19,0.19,0.19,0.19,12000
NNW,20200128,0.072,0.073,0.072,0.072,127978
NOR,20200128,0.042,0.042,0.042,0.042,102028
NOV,20200128,0.21,0.215,0.2,0.215,133119
NOX,20200128,0.25,0.26,0.25,0.25,191690
NSB,20200128,0.165,0.185,0.16,0.17,143227
NSC,20200128,0.74,0.74,0.72,0.72,152872
NSR,20200128,2.16,2.17,2.13,2.15,4948001
NST,20200128,12.85,13.13,12.77,13,5020194
NTD,20200128,0.42,0.42,0.41,0.415,125127
NTI,20200128,0.016,0.016,0.012,0.013,5294494
NTM,20200128,0.077,0.079,0.075,0.075,918473
NTO,20200128,1.465,1.47,1.45,1.46,29042
NTU,20200128,0.053,0.053,0.051,0.052,2749453
NUC,20200128,3.5,3.51,3.42,3.49,123083
NUF,20200128,5.6,5.63,5.46,5.57,868399
NUH,20200128,0.032,0.032,0.031,0.031,2205643
NUS,20200128,0.31,0.31,0.31,0.31,6106
NVA,20200128,0.041,0.042,0.04,0.041,5201154
NVL,20200128,3.66,3.66,3.65,3.65,933054
NVO,20200128,0.019,0.019,0.018,0.018,4182131
NVU,20200128,0.034,0.034,0.034,0.034,19232
NVX,20200128,0.455,0.455,0.45,0.45,19402
NWC,20200128,0.014,0.015,0.014,0.015,850000
NWE,20200128,0.006,0.006,0.005,0.005,7550000
NWF,20200128,0.165,0.165,0.165,0.165,16940
NWH,20200128,3.27,3.29,3.09,3.12,2216947
NWL,20200128,8,8.17,7.89,7.96,570118
NWS,20200128,21.04,21.3,21.02,21.06,126429
NXE,20200128,0.012,0.012,0.009,0.01,972610
NXM,20200128,0.045,0.045,0.042,0.042,198656
NXS,20200128,2.29,2.29,2.15,2.24,58664
NXT,20200128,7.2,7.54,7.16,7.5,1907412
NYR,20200128,0.24,0.255,0.23,0.25,1077633
NZC,20200128,0.36,0.36,0.36,0.36,1683617
NZK,20200128,2.12,2.12,2.07,2.07,800
NZM,20200128,0.365,0.365,0.365,0.365,622
NZS,20200128,0.012,0.013,0.012,0.013,842725
OAU,20200128,0.022,0.022,0.021,0.021,226000
OBM,20200128,0.175,0.175,0.16,0.175,763263
OCA,20200128,1.26,1.26,1.26,1.26,25005
OCC,20200128,0.46,0.47,0.45,0.465,628961
OCL,20200128,6.41,6.41,6.3,6.32,42456
ODA,20200128,0.2,0.2,0.2,0.2,4500
OEC,20200128,0.34,0.34,0.34,0.34,104104
OEL,20200128,0.033,0.033,0.031,0.031,4758256
OEX,20200128,0.004,0.004,0.004,0.004,350000
OFX,20200128,1.39,1.425,1.385,1.405,101723
OGA,20200128,0.13,0.13,0.13,0.13,225323
OGC,20200128,2.73,2.74,2.69,2.7,384073
OIL,20200128,0.033,0.033,0.03,0.031,813986
OKR,20200128,0.088,0.09,0.088,0.09,182449
OKU,20200128,0.165,0.17,0.165,0.165,374781
OLI,20200128,0.097,0.099,0.09,0.09,1335335
OLL,20200128,0.245,0.245,0.225,0.23,517760
OLV,20200128,0.009,0.012,0.009,0.01,1032632
OMH,20200128,0.47,0.47,0.44,0.45,498745
OML,20200128,3.52,3.64,3.52,3.6,601658
ONT,20200128,6.12,6.12,6.12,6.12,2406
ONX,20200128,0.09,0.09,0.09,0.09,71596
OOO,20200128,14,14,13.59,13.69,127367
OPC,20200128,3.68,3.8,3.68,3.74,14518
OPH,20200128,2.65,2.7,2.63,2.63,212012
OPT,20200128,3.56,3.63,3.45,3.6,409657
OPY,20200128,1.21,1.22,1.17,1.17,415609
ORA,20200128,3.17,3.21,3.14,3.15,2934673
ORE,20200128,3.39,3.39,3.2,3.26,2840689
ORG,20200128,8.45,8.45,8.275,8.34,4580194
ORI,20200128,22.12,22.87,22.12,22.83,702322
ORM,20200128,0.013,0.013,0.013,0.013,17000
ORN,20200128,0.024,0.024,0.022,0.022,2035374
ORR,20200128,0.455,0.46,0.4,0.415,125147
OSH,20200128,7.35,7.4,6.98,7.13,16380854
OSL,20200128,0.16,0.17,0.16,0.17,425674
OSP,20200128,0.026,0.028,0.026,0.027,874756
OSX,20200128,0.565,0.58,0.55,0.58,99496
OTW,20200128,4.39,4.46,4.39,4.39,15766
OVH,20200128,0.37,0.37,0.36,0.365,115071
OVL,20200128,0.009,0.009,0.009,0.009,896252
OVN,20200128,0.4,0.4,0.385,0.385,64489
OVT,20200128,0.044,0.044,0.044,0.044,1200
OZF,20200128,19.85,19.87,19.83,19.85,11161
OZG,20200128,0.175,0.175,0.175,0.175,449589
OZL,20200128,9.85,9.92,9.72,9.78,2443292
OZR,20200128,12.11,12.17,12.1,12.165,11213
P2P,20200128,0.064,0.064,0.064,0.064,16061
PAA,20200128,0.096,0.096,0.09,0.096,216833
PAB,20200128,0.02,0.02,0.02,0.02,125422
PAC,20200128,6.15,6.15,6.04,6.08,24785
PAF,20200128,0.95,0.95,0.92,0.92,104363
PAI,20200128,1.09,1.09,1.05,1.05,1028072
PAK,20200128,0.026,0.026,0.025,0.025,83060
PAL,20200128,1.01,1.01,0.96,0.96,48158
PAN,20200128,0.285,0.285,0.27,0.28,1225146
PAR,20200128,4,4.2,3.77,4.1,1215622
PBH,20200128,5.75,6,5.52,5.84,817950
PBP,20200128,2.16,2.18,2.12,2.18,77140
PCG,20200128,1.605,1.605,1.6,1.6,11944
PCI,20200128,1.14,1.14,1.13,1.135,332196
PCK,20200128,0.165,0.165,0.155,0.155,1409180
PCL,20200128,0.001,0.002,0.001,0.002,3645002
PDI,20200128,0.008,0.008,0.008,0.008,7693
PDL,20200128,8.79,9.03,8.64,8.8,1403281
PDN,20200128,0.086,0.086,0.081,0.084,5131925
PDZ,20200128,0.21,0.21,0.21,0.21,199030
PE1,20200128,1.535,1.55,1.52,1.53,140112
PEK,20200128,0.032,0.035,0.032,0.035,2284965
PEN,20200128,0.16,0.16,0.152,0.155,273291
PET,20200128,0.8,0.8,0.735,0.77,1861032
PEX,20200128,0.23,0.235,0.225,0.23,101880
PFP,20200128,3.56,3.56,3.48,3.48,96048
PG1,20200128,0.095,0.1,0.095,0.1,177346
PGC,20200128,0.415,0.415,0.405,0.415,144886
PGF,20200128,1.25,1.25,1.22,1.23,396747
PGG,20200128,2.08,2.08,2.06,2.06,488647
PGH,20200128,2.84,2.89,2.8,2.83,556898
PGL,20200128,2.05,2.08,2.02,2.06,16400
PGM,20200128,0.02,0.02,0.019,0.02,657790
PGX,20200128,0.38,0.385,0.375,0.385,62858
PIA,20200128,1.15,1.16,1.145,1.16,287290
PIC,20200128,1.07,1.075,1.06,1.06,264004
PIO,20200128,0.013,0.013,0.012,0.012,1770080
PIQ,20200128,0.3,0.3,0.3,0.3,37000
PKD,20200128,0.069,0.069,0.069,0.069,5000
PKS,20200128,0.16,0.16,0.16,0.16,150131
PL8,20200128,1.19,1.19,1.18,1.18,401364
PLL,20200128,0.125,0.13,0.125,0.125,640963
PLS,20200128,0.34,0.35,0.325,0.335,25384985
PLX,20200128,0.73,0.73,0.73,0.73,25299
PM1,20200128,0.018,0.018,0.018,0.018,250364
PMC,20200128,1.63,1.65,1.625,1.645,168855
PME,20200128,25,25.8,24.7,25.56,205532
PMV,20200128,19.85,19.97,19.53,19.56,195248
PMY,20200128,0.007,0.007,0.007,0.007,5637057
PNC,20200128,1.775,1.78,1.765,1.765,606857
PNI,20200128,4.59,4.68,4.59,4.63,428203
PNN,20200128,0.002,0.002,0.002,0.002,17166
PNR,20200128,0.105,0.105,0.1,0.1,6637062
PNV,20200128,2.7,2.92,2.6,2.9,4134322
PNW,20200128,0.3,0.3,0.3,0.3,2608
PNX,20200128,0.006,0.006,0.006,0.006,100000
PO3,20200128,3.8,3.8,3.65,3.65,1726
POD,20200128,0.04,0.041,0.039,0.039,774302
POS,20200128,0.039,0.039,0.035,0.036,1685713
POU,20200128,18.8,18.8,18.8,18.8,106
POW,20200128,0.005,0.005,0.005,0.005,652720
PPC,20200128,1.29,1.33,1.29,1.305,47463
PPE,20200128,3.61,3.64,3.52,3.54,76598
PPG,20200128,0.105,0.105,0.105,0.105,37645
PPH,20200128,4.35,4.43,4.28,4.34,127617
PPK,20200128,6.1,6.21,6.01,6.2,67971
PPL,20200128,0.011,0.011,0.011,0.011,10000
PPS,20200128,0.52,0.52,0.5,0.5,1153304
PPT,20200128,42.01,42.68,41.84,41.86,130306
PPY,20200128,0.014,0.014,0.014,0.014,25000
PRN,20200128,1.525,1.535,1.485,1.535,2629140
PRO,20200128,0.685,0.69,0.68,0.685,39991
PRU,20200128,1.15,1.2,1.135,1.2,6706379
PRX,20200128,0.068,0.069,0.068,0.068,125668
PRZ,20200128,0.035,0.036,0.035,0.036,75000
PSA,20200128,0.055,0.055,0.055,0.055,10983
PSC,20200128,0.205,0.205,0.205,0.205,15150
PSI,20200128,3.13,3.2,3.13,3.13,6379
PSM,20200128,0.003,0.003,0.003,0.003,200000
PSQ,20200128,1.785,1.785,1.78,1.78,2504
PSZ,20200128,0.031,0.031,0.026,0.029,580273
PTB,20200128,0.805,0.82,0.805,0.805,18878
PTM,20200128,4.73,4.865,4.67,4.82,1396102
PTR,20200128,0.051,0.054,0.05,0.05,148183
PTX,20200128,0.056,0.057,0.055,0.055,2352251
PUA,20200128,0.013,0.014,0.013,0.014,257817
PVS,20200128,1.63,1.63,1.6,1.6,12810
PWG,20200128,1.25,1.267,1.25,1.255,22862
PWH,20200128,4.67,4.67,4.56,4.59,71475
PWL,20200128,0.18,0.18,0.18,0.18,4894
PWN,20200128,0.008,0.008,0.008,0.008,340000
PXS,20200128,0.125,0.13,0.125,0.125,117548
PXX,20200128,0.036,0.039,0.036,0.036,538614
PYC,20200128,0.061,0.062,0.061,0.062,278153
QAN,20200128,6.38,6.47,6.28,6.36,12188436
QAU,20200128,15.92,15.92,15.83,15.86,39600
QBE,20200128,13.7,13.725,13.54,13.66,2945717
QCB,20200128,8,8,7.76,7.76,1810
QFE,20200128,0.36,0.36,0.35,0.355,169349
QFN,20200128,11.05,11.07,11.05,11.05,6541
QGL,20200128,0.056,0.056,0.052,0.052,156002
QHL,20200128,0.12,0.13,0.12,0.13,1912086
QIP,20200128,1.34,1.34,1.32,1.32,80980
QMS,20200128,1.22,1.225,1.215,1.215,857429
QOZ,20200128,14.01,14.08,14,14.04,44695
QRE,20200128,6.64,6.65,6.63,6.65,8709
QRI,20200128,1.62,1.63,1.615,1.625,759497
QTM,20200128,0.04,0.04,0.04,0.04,120000
QUB,20200128,3.44,3.55,3.42,3.53,3018790
QUS,20200128,40.01,40.01,39.6,39.68,4138
QVE,20200128,1.03,1.035,1.025,1.03,275126
RAC,20200128,0.23,0.265,0.23,0.26,358793
RAN,20200128,0.015,0.015,0.015,0.015,2906254
RAP,20200128,0.26,0.265,0.245,0.245,2110815
RBL,20200128,1.005,1.015,0.98,1.01,594116
RBR,20200128,0.01,0.01,0.01,0.01,674265
RCB,20200128,20.89,20.89,20.83,20.83,12216
RCE,20200128,0.355,0.355,0.33,0.34,348098
RCL,20200128,0.34,0.34,0.335,0.335,140739
RCT,20200128,2.52,2.6,2.52,2.6,9031
RDC,20200128,1.122,1.13,1.115,1.115,21810
RDF,20200128,0.55,0.55,0.55,0.55,1142
RDM,20200128,0.094,0.094,0.091,0.091,31500
RDN,20200128,0.007,0.007,0.007,0.007,113877
RDV,20200128,30.34,30.41,30.32,30.36,3632
RDY,20200128,2.29,2.29,2.16,2.17,85455
REA,20200128,110.88,113.2,110.22,112.07,97437
RED,20200128,0.325,0.33,0.315,0.325,2749909
REG,20200128,2.55,2.55,2.47,2.49,234399
REH,20200128,11.42,11.5,11.25,11.28,29924
RES,20200128,0.085,0.085,0.085,0.085,14000
REV,20200128,0.013,0.013,0.013,0.013,16224
REX,20200128,1.14,1.14,1.1,1.12,121646
REZ,20200128,0.016,0.016,0.016,0.016,150000
RF1,20200128,2.73,2.75,2.7,2.75,137193
RFF,20200128,1.91,1.92,1.87,1.87,528126
RFG,20200128,0.105,0.105,0.1,0.1,1222107
RFN,20200128,0.004,0.004,0.004,0.004,3272999
RFR,20200128,0.11,0.11,0.105,0.105,69000
RFT,20200128,0.043,0.043,0.041,0.043,356863
RFX,20200128,0.04,0.042,0.04,0.04,598157
RGB,20200128,23.315,23.315,23.3,23.3,253
RGI,20200128,0.12,0.12,0.12,0.12,5000
RGS,20200128,0.071,0.071,0.071,0.071,7100
RHC,20200128,79,79.69,78.32,78.91,453096
RHP,20200128,2.15,2.24,2.14,2.24,250611
RHT,20200128,0.245,0.26,0.235,0.255,1090503
RHY,20200128,0.11,0.115,0.11,0.115,9892
RIC,20200128,1.05,1.057,1.045,1.05,84697
RIO,20200128,97.14,100.1,97.13,99.99,2076713
RKN,20200128,0.725,0.725,0.69,0.69,16821
RLE,20200128,0.028,0.028,0.028,0.028,315000
RLG,20200128,0.034,0.034,0.03,0.03,2342744
RLT,20200128,1.07,1.115,1.06,1.065,241493
RMC,20200128,1.36,1.36,1.33,1.35,145425
RMD,20200128,23.81,24.025,23.8,23.9,860586
RML,20200128,0.053,0.062,0.053,0.061,1258485
RMS,20200128,1.26,1.29,1.235,1.27,3392629
RMY,20200128,0.385,0.395,0.38,0.395,162458
RND,20200128,2.35,2.35,2.305,2.31,23401
RNE,20200128,0.029,0.03,0.029,0.03,66666
RNO,20200128,0.185,0.185,0.18,0.185,136186
RNT,20200128,0.046,0.046,0.045,0.045,386471
RNU,20200128,0.012,0.012,0.012,0.012,778473
ROO,20200128,0.041,0.042,0.039,0.042,965986
RPM,20200128,0.155,0.16,0.155,0.16,93457
RRL,20200128,4.44,4.48,4.38,4.43,3066145
RSG,20200128,1.185,1.195,1.145,1.17,22996509
RSH,20200128,0.083,0.083,0.081,0.081,379607
RSM,20200128,21.55,21.55,21.545,21.545,63
RTE,20200128,0.39,0.4,0.385,0.385,68410
RTG,20200128,0.076,0.076,0.076,0.076,40000
RTR,20200128,0.074,0.074,0.069,0.072,592925
RUL,20200128,1.125,1.125,1.05,1.11,528002
RVR,20200128,0.115,0.12,0.11,0.11,3085892
RVS,20200128,0.82,0.82,0.82,0.82,90
RWC,20200128,4.35,4.455,4.34,4.38,1249860
RWD,20200128,0.145,0.145,0.145,0.145,55558
RXL,20200128,0.028,0.028,0.026,0.027,7452691
RXM,20200128,0.063,0.063,0.063,0.063,9815
RXP,20200128,0.55,0.555,0.54,0.555,53694
RYD,20200128,1.445,1.445,1.445,1.445,480
RZI,20200128,0.9,0.925,0.89,0.92,144774
S2R,20200128,0.12,0.13,0.12,0.125,102800
S32,20200128,2.65,2.69,2.64,2.68,15436521
S66,20200128,0.505,0.505,0.5,0.5,7300
SAR,20200128,3.88,3.895,3.8,3.87,6044750
SAU,20200128,0.185,0.185,0.17,0.17,171304
SBM,20200128,2.85,2.88,2.8,2.82,5559025
SBR,20200128,0.002,0.002,0.002,0.002,2000000
SCG,20200128,3.87,3.89,3.83,3.83,18047255
SCI,20200128,0.009,0.009,0.009,0.009,1002801
SCL,20200128,0.025,0.027,0.025,0.027,1959422
SCN,20200128,0.015,0.015,0.014,0.014,145089
SCP,20200128,2.81,2.915,2.81,2.9,2284907
SCU,20200128,0.018,0.018,0.015,0.016,7318411
SDA,20200128,0.835,0.84,0.785,0.795,1488029
SDF,20200128,3.74,3.79,3.71,3.74,1003582
SDG,20200128,1.77,1.78,1.77,1.78,9135
SDI,20200128,0.84,0.88,0.84,0.84,25931
SDV,20200128,0.8,0.81,0.695,0.72,1106089
SDX,20200128,0.038,0.038,0.038,0.038,116115
SEC,20200128,1.82,1.82,1.8,1.8,55869
SEI,20200128,0.052,0.052,0.049,0.049,100334
SEK,20200128,23,23.56,22.91,23.43,1385213
SEN,20200128,0.07,0.07,0.07,0.07,14285
SEQ,20200128,0.225,0.225,0.225,0.225,7830
SER,20200128,0.004,0.004,0.004,0.004,310000
SES,20200128,0.087,0.091,0.087,0.091,230000
SF1,20200128,0.026,0.026,0.026,0.026,101265
SFC,20200128,15.8,15.8,15.8,15.8,376
SFG,20200128,0.069,0.07,0.069,0.069,156961
SFR,20200128,5.8,5.8,5.6,5.6,1437130
SFX,20200128,0.295,0.295,0.29,0.295,281776
SFY,20200128,64.15,64.34,64.12,64.34,5022
SGC,20200128,0.04,0.04,0.04,0.04,42000
SGF,20200128,2.3,2.3,2.24,2.27,572885
SGH,20200128,1.025,1.055,1.01,1.055,26365
SGI,20200128,0.092,0.092,0.092,0.092,135555
SGM,20200128,11.31,11.31,10.57,10.84,1264979
SGP,20200128,4.93,4.99,4.93,4.95,5227153
SGQ,20200128,0.125,0.125,0.115,0.125,2881569
SGR,20200128,4.06,4.2,4.06,4.16,3899851
SHE,20200128,0.006,0.006,0.006,0.006,600000
SHJ,20200128,0.975,0.98,0.93,0.93,18768
SHK,20200128,0.001,0.001,0.001,0.001,10000
SHL,20200128,31.3,31.32,30.87,31.29,1087470
SHM,20200128,0.7,0.7,0.69,0.69,34080
SHV,20200128,8.43,8.495,8.31,8.43,414283
SIG,20200128,0.59,0.595,0.58,0.585,1867180
SIH,20200128,0.016,0.016,0.016,0.016,10000
SIL,20200128,0.048,0.05,0.048,0.05,118976
SIO,20200128,0.41,0.41,0.41,0.41,7317
SIQ,20200128,6.82,6.82,6.58,6.61,1090194
SIV,20200128,0.64,0.645,0.635,0.645,24569
SKC,20200128,3.85,3.86,3.65,3.69,454655
SKF,20200128,0.165,0.165,0.165,0.165,57480
SKI,20200128,2.13,2.16,2.12,2.14,2248894
SKN,20200128,0.013,0.014,0.01,0.014,129814
SKO,20200128,5.02,5.17,4.83,5.05,141661
SKT,20200128,0.685,0.69,0.68,0.685,57897
SKY,20200128,0.115,0.115,0.11,0.11,346640
SLC,20200128,0.92,0.92,0.885,0.885,934141
SLF,20200128,14.55,14.71,14.55,14.61,39949
SLK,20200128,4.02,4.19,3.98,4.16,600987
SLM,20200128,0.815,0.82,0.815,0.82,4132
SLR,20200128,1.59,1.61,1.56,1.59,8418073
SLX,20200128,0.36,0.365,0.35,0.36,80835
SM1,20200128,8.5,8.57,8.49,8.51,44156
SM8,20200128,0.06,0.06,0.056,0.056,296126
SMC,20200128,0.46,0.46,0.46,0.46,433
SMI,20200128,0.005,0.005,0.005,0.005,2562375
SMN,20200128,0.9,0.92,0.9,0.9,46984
SMP,20200128,0.505,0.58,0.505,0.58,2342787
SMR,20200128,0.99,0.995,0.93,0.93,265732
SMX,20200128,0.38,0.38,0.36,0.36,33980
SNC,20200128,0.83,0.83,0.825,0.825,219007
SND,20200128,0.445,0.445,0.435,0.435,36314
SNL,20200128,4.35,4.35,4.34,4.35,7589
SNS,20200128,0.105,0.105,0.096,0.096,110843
SNZ,20200128,8.8,8.8,8.71,8.75,4593
SO4,20200128,0.73,0.73,0.655,0.655,256600
SOL,20200128,21.76,21.775,21.205,21.25,436108
SOM,20200128,2.91,3,2.91,3,27568
SOP,20200128,0.045,0.045,0.045,0.045,21777
SOR,20200128,0.081,0.083,0.081,0.082,49291
SP3,20200128,0.1,0.105,0.1,0.105,184889
SPK,20200128,4.35,4.45,4.35,4.4,741229
SPL,20200128,1.19,1.195,1.17,1.17,267271
SPQ,20200128,0.006,0.006,0.006,0.006,664175
SPT,20200128,0.67,0.67,0.65,0.66,616096
SPX,20200128,0.091,0.095,0.089,0.09,2349211
SPY,20200128,483.16,483.16,479,480.42,433
SPZ,20200128,0.235,0.235,0.22,0.235,281926
SRG,20200128,0.365,0.37,0.355,0.37,355856
SRH,20200128,0.155,0.155,0.155,0.155,7669
SRI,20200128,0.071,0.071,0.07,0.07,24167
SRK,20200128,0.051,0.051,0.049,0.049,415425
SRN,20200128,0.002,0.002,0.002,0.002,5000000
SRV,20200128,4.37,4.39,4.27,4.39,4498
SRZ,20200128,0.01,0.01,0.01,0.01,114450
SSG,20200128,0.665,0.67,0.64,0.67,241417
SSM,20200128,2.67,2.7,2.65,2.68,1327425
ST1,20200128,0.205,0.205,0.19,0.19,352287
STA,20200128,0.105,0.105,0.105,0.105,33297
STG,20200128,1.295,1.33,1.27,1.3,83834
STM,20200128,0.015,0.015,0.014,0.014,3673184
STN,20200128,0.415,0.435,0.415,0.415,265888
STO,20200128,8.58,8.65,8.51,8.64,5131943
STW,20200128,64.9,64.9,64.37,64.66,248717
STX,20200128,0.19,0.195,0.185,0.195,2478273
SUD,20200128,0.056,0.058,0.056,0.058,150214
SUL,20200128,9.29,9.33,9.15,9.23,1310147
SUN,20200128,12.8,12.96,12.73,12.9,2604996
SUP,20200128,0.011,0.011,0.011,0.011,130000
SVD,20200128,0.008,0.008,0.008,0.008,1060355
SVL,20200128,0.11,0.115,0.107,0.115,2506292
SVW,20200128,20.02,20.75,20.02,20.55,391960
SVY,20200128,0.9,0.9,0.88,0.89,124498
SW1,20200128,0.083,0.083,0.083,0.083,85734
SWF,20200128,0.15,0.155,0.145,0.145,245759
SWK,20200128,0.17,0.17,0.17,0.17,33694
SWM,20200128,0.29,0.29,0.28,0.28,2513552
SXE,20200128,0.61,0.615,0.6,0.61,132346
SXL,20200128,0.91,0.91,0.875,0.885,1032826
SXY,20200128,0.335,0.335,0.31,0.32,7085038
SYA,20200128,0.018,0.018,0.017,0.017,2687559
SYD,20200128,7.99,8.3,7.93,8.15,19021096
SYI,20200128,29.75,29.86,29.75,29.81,6475
SYR,20200128,0.565,0.57,0.515,0.52,7457002
SYT,20200128,0.001,0.001,0.001,0.001,2000000
SZL,20200128,2,2.01,1.95,1.98,591873
T3D,20200128,0.001,0.001,0.001,0.001,2500000
TAH,20200128,4.7,4.7,4.63,4.64,4582582
TAM,20200128,0.039,0.039,0.039,0.039,165000
TAO,20200128,0.12,0.12,0.12,0.12,25676
TAP,20200128,0.115,0.115,0.115,0.115,12000
TAR,20200128,0.013,0.013,0.012,0.012,117530
TAS,20200128,0.047,0.047,0.043,0.043,439809
TBL,20200128,0.39,0.39,0.385,0.385,20000
TBR,20200128,5.75,5.95,5.73,5.8,34785
TCL,20200128,15.9,15.95,15.8,15.93,3655998
TD1,20200128,0.051,0.051,0.049,0.049,8225525
TDI,20200128,1.73,1.76,1.73,1.73,58973
TDO,20200128,0.085,0.085,0.085,0.085,6000
TEG,20200128,0.055,0.055,0.055,0.055,50000
TEK,20200128,0.29,0.29,0.27,0.275,366528
TER,20200128,0.31,0.31,0.305,0.305,33357
TFL,20200128,0.13,0.13,0.13,0.13,38720
TGA,20200128,0.215,0.215,0.215,0.215,85943
TGF,20200128,1.99,1.99,1.91,1.93,150633
TGG,20200128,1.34,1.345,1.335,1.335,283468
TGH,20200128,0.16,0.16,0.16,0.16,25412
TGM,20200128,0.19,0.2,0.19,0.2,32926
TGP,20200128,1.09,1.105,1.09,1.095,11627
TGR,20200128,4.4,4.42,4.28,4.28,642853
THC,20200128,0.405,0.405,0.39,0.395,390263
TIE,20200128,0.265,0.265,0.265,0.265,541718
TKL,20200128,0.008,0.008,0.008,0.008,15000
TLG,20200128,0.43,0.435,0.42,0.42,168621
TLM,20200128,0.086,0.093,0.086,0.093,50210
TLS,20200128,3.82,3.9,3.81,3.86,24046494
TLX,20200128,1.465,1.505,1.455,1.49,1022665
TMG,20200128,0.065,0.065,0.065,0.065,7751
TMK,20200128,0.008,0.009,0.008,0.008,8246532
TMR,20200128,0.25,0.265,0.25,0.25,427356
TMT,20200128,0.125,0.125,0.11,0.11,255300
TMX,20200128,0.004,0.004,0.004,0.004,130000
TNE,20200128,8.33,8.6,8.29,8.48,1434224
TNG,20200128,0.089,0.089,0.085,0.085,234355
TNK,20200128,1.32,1.32,1.315,1.315,6351
TNT,20200128,0.077,0.085,0.074,0.08,16916562
TNY,20200128,2.39,2.39,2.13,2.13,150318
TOE,20200128,0.008,0.008,0.008,0.008,363000
TON,20200128,0.036,0.037,0.035,0.037,870205
TOP,20200128,0.67,0.67,0.66,0.665,161264
TOT,20200128,1.075,1.075,1.055,1.06,311271
TOU,20200128,0.079,0.08,0.078,0.08,78804
TPD,20200128,0.002,0.002,0.002,0.002,1666667
TPM,20200128,6.95,7.15,6.95,7.15,1256702
TPP,20200128,0.04,0.04,0.04,0.04,57100
TPS,20200128,0.145,0.145,0.145,0.145,3211
TPW,20200128,3.15,3.15,3.02,3.05,59469
TRL,20200128,0.002,0.002,0.002,0.002,25806
TRS,20200128,4.28,4.54,4.16,4.48,303584
TRY,20200128,0.099,0.1,0.096,0.096,539133
TSC,20200128,0.008,0.008,0.007,0.008,7921504
TSL,20200128,0.021,0.025,0.021,0.023,526594
TTB,20200128,0.78,0.78,0.78,0.78,21347
TTI,20200128,0.015,0.015,0.015,0.015,257399
TTM,20200128,0.155,0.155,0.155,0.155,21233
TTT,20200128,0.86,0.86,0.81,0.815,275886
TWD,20200128,3.4,3.4,3.3,3.3,63947
TWE,20200128,16.75,16.89,16.57,16.68,6096249
TYM,20200128,0.039,0.039,0.039,0.039,15000
TYR,20200128,3.7,3.71,3.61,3.62,988217
TZL,20200128,0.105,0.105,0.105,0.105,174359
UBA,20200128,23.43,23.43,23.08,23.16,14420
UBE,20200128,24.31,24.31,24.3,24.3,1892
UBI,20200128,0.185,0.19,0.18,0.18,291755
UBN,20200128,0.069,0.069,0.059,0.069,907714
UBP,20200128,29,29,28.9,28.95,1243
UBU,20200128,34.84,34.84,34.84,34.84,47
UBW,20200128,31.55,31.55,31.1,31.2,4940
UCM,20200128,0.115,0.115,0.11,0.115,270000
UNL,20200128,0.034,0.034,0.03,0.03,79000
UNV,20200128,0.24,0.24,0.24,0.24,66351
UOS,20200128,0.84,0.84,0.84,0.84,27755
URF,20200128,0.52,0.54,0.505,0.54,434111
URW,20200128,10.51,10.55,10.46,10.46,467536
USD,20200128,14.36,14.4,14.36,14.38,318171
UUV,20200128,0.003,0.003,0.002,0.002,24955800
UWL,20200128,1.52,1.522,1.48,1.51,458137
VAE,20200128,70,70.25,68.83,69.36,12496
VAF,20200128,52.58,52.68,52.55,52.62,38334
VAH,20200128,0.145,0.15,0.145,0.145,324116
VAL,20200128,0.004,0.004,0.004,0.004,1886500
VAN,20200128,0.15,0.15,0.15,0.15,10000
VAP,20200128,94,94.35,93.41,94.35,58103
VAR,20200128,0.029,0.031,0.029,0.03,395088
VAS,20200128,89.49,89.49,88.13,88.53,309018
VCF,20200128,50.73,50.95,50.73,50.95,1632
VCX,20200128,2.54,2.56,2.51,2.52,4178361
VEA,20200128,1.815,1.82,1.775,1.775,2988149
VEN,20200128,0.17,0.17,0.16,0.16,217759
VEQ,20200128,60.52,60.99,60.5,60.93,8865
VEU,20200128,79.01,79.01,77.5,78.38,38753
VG1,20200128,2.2,2.21,2.18,2.19,447712
VG8,20200128,2.28,2.3,2.27,2.29,79710
VGB,20200128,53.6,53.73,53.6,53.64,52697
VGE,20200128,72,72,70.16,70.7,20800
VGI,20200128,12.43,12.67,12.3,12.4,12072
VGL,20200128,3.6,3.6,3.49,3.5,29985
VGS,20200128,84,84.34,83.8,84.34,52177
VHT,20200128,1.8,1.895,1.76,1.87,864897
VHY,20200128,62,62,61.41,61.77,83781
VIC,20200128,0.001,0.001,0.001,0.001,1000000
VIF,20200128,50.73,51.01,50.73,50.94,13524
VLC,20200128,71.16,71.33,71,71.3,5251
VLS,20200128,0.65,0.65,0.625,0.625,3500
VLT,20200128,0.37,0.37,0.35,0.37,63706
VMC,20200128,0.18,0.18,0.18,0.18,61416
VML,20200128,0.011,0.011,0.011,0.011,545832
VMS,20200128,0.017,0.018,0.017,0.017,1352777
VMT,20200128,0.27,0.28,0.26,0.27,1371341
VMX,20200128,0.27,0.285,0.27,0.27,107320
VMY,20200128,0.042,0.042,0.04,0.04,378399
VN8,20200128,0.105,0.105,0.105,0.105,9500
VOC,20200128,3.21,3.27,3.19,3.24,1488356
VOR,20200128,0.009,0.01,0.008,0.009,7313127
VRC,20200128,0.012,0.013,0.012,0.013,1660910
VRL,20200128,4.02,4.03,3.975,4.01,385590
VRS,20200128,0.063,0.065,0.063,0.065,140000
VRT,20200128,4.42,4.5,4.39,4.41,116186
VRX,20200128,0.088,0.091,0.088,0.091,510516
VSO,20200128,62,62,61,61.27,6487
VTG,20200128,1.19,1.19,1.165,1.165,191558
VTH,20200128,0.75,0.755,0.74,0.745,345602
VTI,20200128,0.04,0.04,0.038,0.04,1598710
VTS,20200128,243.97,244.62,243.23,244.34,12377
VUK,20200128,3.21,3.22,3.165,3.2,3144134
VUL,20200128,0.205,0.205,0.19,0.19,233926
VVA,20200128,2.72,2.8,2.72,2.8,37357
VVR,20200128,2.7,2.72,2.64,2.64,1825531
VXR,20200128,0.105,0.105,0.105,0.105,317786
VYS,20200128,0.067,0.067,0.065,0.065,215083
WAA,20200128,1.08,1.08,1.06,1.075,117358
WAF,20200128,0.435,0.442,0.435,0.44,1259599
WAM,20200128,2.28,2.28,2.27,2.27,541474
WAT,20200128,2.18,2.18,2.18,2.18,1376
WAX,20200128,1.47,1.48,1.45,1.45,191652
WBA,20200128,1.985,1.995,1.985,1.985,150591
WBC,20200128,25,25.05,24.87,25,5537509
WBE,20200128,0.011,0.011,0.01,0.011,28157784
WBT,20200128,0.405,0.405,0.4,0.4,71754
WCN,20200128,0.006,0.006,0.005,0.005,6990240
WEB,20200128,13.45,13.46,12.245,12.37,3149665
WEC,20200128,0.075,0.075,0.075,0.075,55662
WEL,20200128,0.048,0.048,0.046,0.046,479999
WES,20200128,44.9,44.97,44.24,44.32,1598136
WGB,20200128,2.2,2.2,2.16,2.17,498669
WGN,20200128,2.22,2.22,2.1,2.1,298011
WGO,20200128,0.23,0.235,0.225,0.235,967764
WGX,20200128,2.3,2.35,2.265,2.31,1442786
WHC,20200128,2.37,2.41,2.31,2.41,7432357
WHF,20200128,5.32,5.32,5.3,5.31,12352
WHK,20200128,0.076,0.079,0.076,0.079,25228
WIC,20200128,1.14,1.14,1.125,1.125,86822
WJA,20200128,0.13,0.135,0.13,0.13,1333055
WKT,20200128,0.19,0.19,0.18,0.185,350954
WLD,20200128,0.059,0.059,0.058,0.058,189109
WLE,20200128,1.27,1.27,1.25,1.25,1096735
WMI,20200128,1.465,1.465,1.44,1.45,302198
WNB,20200128,0.01,0.01,0.01,0.01,3198158
WND,20200128,0.945,0.95,0.945,0.95,411888
WNR,20200128,0.29,0.295,0.29,0.295,50000
WOA,20200128,0.12,0.125,0.12,0.125,23056
WOR,20200128,15.35,15.52,15.19,15.5,1382413
WOW,20200128,39.91,41.16,39.91,41.15,2090086
WPL,20200128,34.5,34.57,34.1,34.55,2930786
WPP,20200128,0.58,0.58,0.56,0.565,469554
WQG,20200128,1.225,1.225,1.205,1.205,420672
WRM,20200128,0.005,0.005,0.004,0.004,2285467
WSA,20200128,2.6,2.67,2.58,2.64,3237508
WSI,20200128,0.024,0.025,0.023,0.024,2087500
WSP,20200128,1.505,1.535,1.5,1.515,42340
WTC,20200128,24.2,24.69,23.9,23.97,567722
WTL,20200128,0.048,0.048,0.048,0.048,3064
WWI,20200128,0.011,0.012,0.011,0.012,911305
WZR,20200128,0.255,0.265,0.245,0.255,6672977
XAM,20200128,0.036,0.036,0.036,0.036,175850
XCD,20200128,0.012,0.012,0.011,0.012,4321359
XF1,20200128,0.345,0.35,0.325,0.34,104452
XPL,20200128,0.07,0.07,0.067,0.067,283571
XRF,20200128,0.245,0.245,0.235,0.245,990583
XRO,20200128,83.17,83.71,82.71,83.21,219738
XTD,20200128,0.042,0.042,0.039,0.039,112479
XTE,20200128,0.67,0.67,0.67,0.67,36767
YAL,20200128,2.9,2.91,2.87,2.87,16611
YBR,20200128,0.083,0.088,0.083,0.088,18934
YOJ,20200128,0.052,0.053,0.05,0.051,1263293
YOW,20200128,0.065,0.065,0.063,0.063,1151000
YPB,20200128,0.004,0.004,0.004,0.004,400000
YRL,20200128,0.22,0.22,0.22,0.22,75900
Z1P,20200128,3.93,3.99,3.81,3.85,3356965
ZEL,20200128,4.39,4.39,4.32,4.32,155804
ZEN,20200128,0.69,0.7,0.685,0.685,496745
ZGL,20200128,0.088,0.088,0.086,0.086,63124
ZIM,20200128,12.2,12.36,12.2,12.36,478
ZLD,20200128,0.068,0.068,0.061,0.061,1817970
ZMI,20200128,0.07,0.07,0.07,0.07,12936
ZNC,20200128,0.054,0.054,0.054,0.054,105578
ZNO,20200128,0.745,0.815,0.735,0.79,7753688
XAF,20200128,6994.2,6994.2,6868.3,6901.7,0
XAO,20200128,7203.2,7203.2,7072.3,7098.4,0
XAT,20200128,7037.2,7037.2,6909.6,6939.4,0
XDJ,20200128,2845.4,2845.4,2768.4,2774.4,0
XEC,20200128,1628.3,1628.3,1591.5,1599.6,0
XEJ,20200128,11900.6,11900.6,11498.1,11556.3,0
XFJ,20200128,6264.2,6264.2,6159.7,6186.1,0
XFL,20200128,7047.8,7047.8,6924.7,6958.7,0
XGD,20200128,7189.8,7368.3,7189.8,7295.4,0
XHJ,20200128,45193.7,45903.4,45014.2,45361.2,0
XIJ,20200128,1549.6,1549.6,1510.8,1526.5,0
XJO,20200128,7090.5,7090.5,6964.7,6994.5,0
XJR,20200128,5134.5,5134.5,4964.1,4990.9,0
XKO,20200128,7046.9,7046.9,6922.3,6950.7,0
XMD,20200128,7580.4,7580.4,7423.6,7463.5,0
XMJ,20200128,14504.3,14504.3,14095.9,14166.3,0
XMM,20200128,4703.9,4703.9,4550.4,4576.5,0
XNJ,20200128,7160,7160,7020.4,7078.7,0
XPJ,20200128,1679.3,1679.3,1658.4,1659,0
XSJ,20200128,13509.9,13509.9,13171.2,13427.2,0
XSO,20200128,3052.2,3052.2,2992.7,2994.8,0
XTJ,20200128,1371.3,1371.3,1350,1360.8,0
XTL,20200128,3907.4,3907.4,3848.1,3868,0
XTO,20200128,5879.1,5879.1,5775.8,5802.4,0
XUJ,20200128,8193.6,8209.1,8060,8190.7,0
XXJ,20200128,6986.7,6986.7,6870.1,6899.5,0
