360,20200114,3.29,3.4,3.2,3.25,100563
14D,20200114,0.195,0.215,0.195,0.2,81178
1AD,20200114,0.11,0.11,0.1,0.1,282617
1AG,20200114,0.036,0.036,0.036,0.036,145000
1ST,20200114,0.078,0.08,0.074,0.074,762936
3DA,20200114,0.36,0.36,0.34,0.35,263735
3DP,20200114,0.052,0.052,0.05,0.05,648646
3PL,20200114,0.855,0.87,0.855,0.865,18182
4DS,20200114,0.057,0.057,0.056,0.057,1669713
5GN,20200114,0.985,1.03,0.91,1.02,2662649
88E,20200114,0.025,0.025,0.025,0.025,2693809
8CO,20200114,0.105,0.105,0.105,0.105,1
8EC,20200114,0.071,0.074,0.071,0.073,152985
8IH,20200114,0.09,0.09,0.09,0.09,10000
9SP,20200114,0.016,0.016,0.015,0.015,1468463
A1G,20200114,0.175,0.175,0.17,0.17,10000
A2B,20200114,1.45,1.5,1.435,1.44,35204
A2M,20200114,14.2,14.22,13.92,14,3291839
A3D,20200114,0.195,0.195,0.195,0.195,5000
A4N,20200114,0.2,0.2,0.19,0.2,114990
AAA,20200114,50.1,50.1,50.09,50.09,44524
AAC,20200114,1.1,1.105,1.08,1.1,229656
AAJ,20200114,0.003,0.003,0.003,0.003,25000
AAR,20200114,0.099,0.099,0.096,0.099,565322
ABA,20200114,5.89,5.99,5.89,5.93,25944
ABC,20200114,3.72,3.75,3.61,3.62,1342599
ABL,20200114,0.001,0.002,0.001,0.002,100000
ABP,20200114,3.68,3.69,3.66,3.69,527797
ABR,20200114,0.34,0.36,0.34,0.36,135739
ABV,20200114,0.037,0.037,0.037,0.037,19315
ABX,20200114,0.125,0.125,0.125,0.125,13639
AC8,20200114,0.33,0.36,0.325,0.36,2374438
ACF,20200114,0.35,0.35,0.345,0.345,555075
ACQ,20200114,1.21,1.21,1.205,1.205,48146
ACR,20200114,0.195,0.195,0.195,0.195,21437
ACW,20200114,0.038,0.038,0.038,0.038,289174
AD1,20200114,0.012,0.012,0.012,0.012,250000
AD8,20200114,8.79,8.84,8.62,8.68,82445
ADA,20200114,0.71,0.745,0.71,0.74,116774
ADD,20200114,0.047,0.05,0.042,0.046,359105
ADH,20200114,2.3,2.3,2.225,2.28,436510
ADI,20200114,2.92,2.93,2.91,2.92,196923
ADJ,20200114,0.032,0.032,0.029,0.03,1056392
ADN,20200114,0.042,0.044,0.04,0.042,9070291
ADO,20200114,0.037,0.037,0.033,0.034,6451051
ADT,20200114,1.68,1.78,1.67,1.76,384702
ADV,20200114,0.003,0.004,0.003,0.004,570000
ADX,20200114,0.01,0.01,0.009,0.009,1689937
ADY,20200114,0.006,0.006,0.006,0.006,7020
AEF,20200114,4.42,4.72,4.42,4.62,207806
AEG,20200114,1.07,1.07,1.07,1.07,17100
AEI,20200114,0.3,0.3,0.3,0.3,6666
AER,20200114,0.125,0.135,0.125,0.135,31014
AEV,20200114,0.014,0.014,0.014,0.014,266438
AFG,20200114,2.86,2.95,2.85,2.9,1069428
AFI,20200114,7.26,7.27,7.2,7.2,472468
AGD,20200114,0.08,0.081,0.08,0.081,6564
AGG,20200114,6.57,6.57,5.9,5.94,36681
AGH,20200114,0.465,0.482,0.46,0.475,1126908
AGI,20200114,0.765,0.765,0.72,0.755,55570
AGL,20200114,20.56,20.57,20.38,20.5,1207679
AGR,20200114,0.115,0.115,0.115,0.115,30944
AGS,20200114,0.105,0.105,0.105,0.105,6666
AGY,20200114,0.084,0.09,0.084,0.086,2518010
AHF,20200114,0.1,0.1,0.099,0.099,316020
AHL,20200114,0.008,0.01,0.007,0.008,4429303
AHX,20200114,0.43,0.44,0.43,0.44,15312
AHY,20200114,1.05,1.072,1.045,1.07,233208
AHZ,20200114,0.12,0.122,0.115,0.115,492538
AIA,20200114,8.51,8.67,8.51,8.67,78046
AIQ,20200114,0.11,0.11,0.11,0.11,20000
AIS,20200114,0.048,0.048,0.048,0.048,26284
AIZ,20200114,2.89,2.92,2.89,2.92,76946
AJC,20200114,0.001,0.001,0.001,0.001,8056000
AJQ,20200114,0.064,0.066,0.064,0.064,313300
AJX,20200114,0.061,0.061,0.061,0.061,540000
AKG,20200114,0.54,0.545,0.535,0.535,50537
AKM,20200114,0.135,0.14,0.13,0.13,102050
AKP,20200114,16,16.25,15.95,16.25,3314
AL8,20200114,0.025,0.025,0.022,0.024,1273034
ALC,20200114,0.18,0.18,0.175,0.18,415084
ALF,20200114,0.98,0.985,0.98,0.985,131993
ALG,20200114,1.48,1.535,1.48,1.515,9989127
ALI,20200114,2.4,2.43,2.4,2.41,95370
ALK,20200114,0.59,0.605,0.575,0.59,907662
ALL,20200114,35.73,35.96,35.58,35.67,1128977
ALQ,20200114,9.39,9.42,9.28,9.37,718270
ALT,20200114,0.003,0.003,0.003,0.003,400000
ALU,20200114,36.05,36.63,36.015,36.12,321718
ALX,20200114,8.08,8.205,8.07,8.17,2405839
ALY,20200114,0.011,0.011,0.011,0.011,205732
AMA,20200114,0.95,0.955,0.935,0.95,1103031
AMC,20200114,15.44,15.49,15.34,15.36,3216420
AMD,20200114,0.008,0.009,0.008,0.009,2479000
AME,20200114,0.037,0.039,0.037,0.039,94360
AMG,20200114,0.071,0.071,0.066,0.069,268152
AMH,20200114,0.985,1.025,0.985,1,325047
AMI,20200114,0.45,0.455,0.435,0.435,4143348
AML,20200114,0.185,0.19,0.185,0.19,582839
AMN,20200114,0.45,0.45,0.45,0.45,1200
AMP,20200114,1.89,1.905,1.885,1.895,7154172
AMS,20200114,1.445,1.455,1.405,1.405,167419
AMX,20200114,1.89,1.9,1.86,1.89,208145
ANA,20200114,0.043,0.043,0.041,0.041,1809052
ANG,20200114,0.215,0.22,0.21,0.215,450728
ANL,20200114,0.002,0.002,0.002,0.002,7845568
ANN,20200114,30.51,30.92,30.39,30.8,484834
ANO,20200114,5.77,5.85,5.74,5.85,7291
ANP,20200114,0.082,0.082,0.079,0.079,840303
ANR,20200114,0.24,0.26,0.24,0.26,39320
ANW,20200114,0.001,0.001,0.001,0.001,4000000
ANZ,20200114,25.12,25.23,25.08,25.2,4063238
AOA,20200114,0.002,0.002,0.002,0.002,150000
AOF,20200114,2.89,2.9,2.88,2.9,42664
AON,20200114,0.027,0.027,0.026,0.026,839819
AOP,20200114,0.26,0.26,0.255,0.26,30003
APA,20200114,11.43,11.62,11.38,11.62,1727898
APC,20200114,0.1,0.105,0.1,0.105,161000
APE,20200114,10.2,10.35,10.14,10.35,277408
APH,20200114,0.17,0.18,0.17,0.175,318062
API,20200114,1.37,1.38,1.355,1.36,622853
APL,20200114,1.04,1.045,1.04,1.045,389146
APT,20200114,32.93,33.94,32.8,33.2,1653432
APV,20200114,0.26,0.26,0.235,0.245,457498
APW,20200114,1.465,1.465,1.46,1.46,6666
APX,20200114,24.31,24.66,24.12,24.2,886751
APZ,20200114,1.19,1.2,1.18,1.18,13807
AQC,20200114,0.2,0.2,0.2,0.2,1535
AQD,20200114,0.013,0.013,0.013,0.013,230388
AQG,20200114,7.15,7.15,6.98,7.02,314581
AQI,20200114,0.045,0.045,0.045,0.045,96000
AQR,20200114,3.52,3.54,3.51,3.52,30741
AQX,20200114,0.025,0.026,0.025,0.025,747627
AQZ,20200114,2.54,2.55,2.51,2.54,24144
AR9,20200114,0.135,0.135,0.135,0.135,74000
ARA,20200114,0.61,0.61,0.61,0.61,485142
ARB,20200114,19.2,19.5,19.07,19.47,96012
ARD,20200114,0.016,0.016,0.016,0.016,616000
ARE,20200114,0.004,0.004,0.003,0.003,2717961
ARF,20200114,2.95,2.98,2.92,2.93,137596
ARG,20200114,8.99,9,8.93,8.93,183887
ARL,20200114,0.58,0.58,0.57,0.57,92385
ARM,20200114,0.009,0.01,0.009,0.01,452665
ARN,20200114,0.185,0.195,0.175,0.185,1007012
ARQ,20200114,0.365,0.377,0.365,0.365,63075
ARS,20200114,0.02,0.021,0.02,0.021,3373106
ARU,20200114,0.088,0.088,0.085,0.087,2442017
ARV,20200114,0.026,0.027,0.026,0.027,358533
AS1,20200114,0.195,0.195,0.19,0.19,177522
ASB,20200114,3.95,3.98,3.91,3.96,1798183
ASG,20200114,1.49,1.495,1.49,1.49,10912
ASH,20200114,0.4,0.4,0.4,0.4,17866
ASN,20200114,0.039,0.041,0.039,0.039,1293336
AST,20200114,1.74,1.765,1.74,1.76,3619230
ASX,20200114,82.48,83,81.62,82.06,356939
ATC,20200114,0.095,0.095,0.089,0.092,1309855
ATH,20200114,0.019,0.024,0.019,0.021,2539099
ATL,20200114,0.38,0.42,0.38,0.39,178341
ATS,20200114,0.085,0.1,0.085,0.09,2796107
ATU,20200114,0.35,0.35,0.35,0.35,52961
ATX,20200114,0.08,0.08,0.08,0.08,11068
AU8,20200114,0.135,0.14,0.13,0.13,217708
AUB,20200114,12.39,13.31,12.29,12.5,110484
AUC,20200114,0.014,0.014,0.014,0.014,486213
AUI,20200114,10.06,10.19,10.06,10.19,64453
AUL,20200114,0.27,0.27,0.255,0.265,103018
AUR,20200114,0.015,0.017,0.015,0.017,7438790
AUZ,20200114,0.016,0.016,0.015,0.015,9228181
AV1,20200114,0.195,0.215,0.19,0.215,931486
AVA,20200114,0.16,0.16,0.15,0.15,380146
AVC,20200114,0.215,0.215,0.215,0.215,4672
AVE,20200114,0.005,0.005,0.004,0.004,250135
AVG,20200114,0.505,0.51,0.505,0.51,22897
AVH,20200114,0.685,0.725,0.68,0.725,8592067
AVJ,20200114,0.62,0.625,0.62,0.625,70328
AVL,20200114,0.011,0.011,0.01,0.01,1519338
AVN,20200114,2.83,2.87,2.82,2.86,256541
AVZ,20200114,0.052,0.057,0.051,0.055,20243487
AWC,20200114,2.28,2.34,2.28,2.32,9057723
AWY,20200114,0.035,0.035,0.035,0.035,100000
AX1,20200114,1.83,1.855,1.825,1.84,459124
AXE,20200114,0.16,0.16,0.15,0.155,723261
AYR,20200114,0.002,0.002,0.001,0.001,1482750
AYS,20200114,0.365,0.375,0.36,0.37,19126
AZI,20200114,0.008,0.008,0.008,0.008,3200000
AZJ,20200114,5.5,5.58,5.49,5.58,6011657
AZM,20200114,0.033,0.033,0.033,0.033,190464
AZS,20200114,0.14,0.14,0.135,0.135,96601
AZV,20200114,0.075,0.075,0.075,0.075,50000
AZY,20200114,0.013,0.013,0.013,0.013,2024538
BAF,20200114,0.895,0.895,0.89,0.89,101954
BAP,20200114,6.45,6.49,6.33,6.37,891350
BAR,20200114,0.02,0.021,0.02,0.021,258934
BAS,20200114,0.003,0.003,0.002,0.002,746534
BAT,20200114,0.006,0.007,0.006,0.007,771429
BBC,20200114,0.6,0.605,0.6,0.6,23466
BBN,20200114,3.33,3.5,3.33,3.43,341900
BBX,20200114,0.13,0.135,0.125,0.135,115487
BC8,20200114,0.33,0.33,0.32,0.32,81599
BCB,20200114,0.052,0.052,0.052,0.052,46500
BCC,20200114,0.3,0.3,0.295,0.295,28400
BCI,20200114,0.17,0.17,0.165,0.165,103246
BCN,20200114,0.036,0.037,0.035,0.035,1113484
BCT,20200114,0.145,0.15,0.14,0.14,518470
BD1,20200114,0.032,0.032,0.031,0.032,620600
BDA,20200114,0.34,0.37,0.34,0.36,324438
BDC,20200114,0.087,0.087,0.084,0.086,1291621
BDG,20200114,0.08,0.08,0.08,0.08,237850
BDI,20200114,0.001,0.001,0.001,0.001,144003
BEL,20200114,0.045,0.045,0.042,0.042,19854
BEM,20200114,0.048,0.048,0.048,0.048,10000
BEN,20200114,10.09,10.14,10.04,10.07,1131913
BET,20200114,0.14,0.16,0.14,0.155,441588
BFC,20200114,0.088,0.088,0.085,0.087,986500
BFG,20200114,1.365,1.4,1.365,1.38,545751
BGA,20200114,4.46,4.54,4.46,4.52,407407
BGL,20200114,0.5,0.505,0.49,0.495,520890
BGT,20200114,0.182,0.185,0.165,0.18,794237
BHP,20200114,39.69,40.05,39.68,40.05,4439401
BID,20200114,1.045,1.05,0.98,1.005,266038
BIN,20200114,3,3.095,2.98,3.01,2343643
BIQ,20200114,0.015,0.016,0.015,0.016,184560
BIS,20200114,1.13,1.135,1.11,1.11,7346
BIT,20200114,0.056,0.057,0.055,0.055,444781
BKI,20200114,1.7,1.705,1.695,1.695,233086
BKL,20200114,88.2,89.6,87.95,88.77,58948
BKT,20200114,0.048,0.048,0.046,0.046,442392
BKW,20200114,18.95,19.11,18.77,19.11,121229
BKY,20200114,0.215,0.215,0.21,0.21,490714
BLD,20200114,4.93,4.95,4.82,4.86,5239525
BLG,20200114,0.097,0.097,0.095,0.095,205500
BLK,20200114,0.012,0.012,0.011,0.011,35375141
BLT,20200114,0.04,0.04,0.039,0.039,155435
BLU,20200114,0.048,0.048,0.046,0.047,450927
BLV,20200114,0.245,0.245,0.245,0.245,1138
BLX,20200114,1.2,1.215,1.12,1.215,112959
BLY,20200114,1.745,1.75,1.71,1.735,7335
BLZ,20200114,0.017,0.017,0.017,0.017,117200
BMG,20200114,0.004,0.004,0.004,0.004,33334
BMN,20200114,0.039,0.04,0.039,0.039,236442
BNL,20200114,0.008,0.008,0.008,0.008,746756
BNO,20200114,0.083,0.083,0.08,0.08,87680
BOC,20200114,0.335,0.35,0.32,0.35,114916
BOE,20200114,0.05,0.051,0.048,0.048,901890
BOQ,20200114,7.34,7.37,7.33,7.33,1426365
BOT,20200114,0.097,0.099,0.093,0.097,2401953
BPL,20200114,0.016,0.018,0.016,0.018,476022
BPT,20200114,2.65,2.73,2.63,2.72,5252132
BRB,20200114,0.295,0.295,0.29,0.295,76585
BRG,20200114,19.45,19.76,19.24,19.69,159745
BRK,20200114,0.007,0.008,0.007,0.007,2017485
BRL,20200114,0.11,0.11,0.11,0.11,21650
BRN,20200114,0.053,0.054,0.052,0.052,4433594
BRU,20200114,0.167,0.17,0.165,0.165,189779
BRV,20200114,0.019,0.019,0.017,0.017,1830019
BSA,20200114,0.38,0.38,0.38,0.38,20699
BSE,20200114,0.235,0.242,0.235,0.242,14091
BSL,20200114,15.64,16.09,15.64,16,2155478
BSM,20200114,0.007,0.007,0.007,0.007,75000
BSR,20200114,0.015,0.015,0.015,0.015,72625
BSX,20200114,0.16,0.17,0.16,0.17,607712
BTC,20200114,0.115,0.115,0.115,0.115,80000
BTH,20200114,0.75,0.755,0.735,0.75,715681
BTI,20200114,1.1,1.1,1.09,1.09,471683
BUB,20200114,0.955,0.955,0.945,0.945,1909720
BUD,20200114,0.031,0.031,0.03,0.03,3171993
BUG,20200114,0.23,0.23,0.23,0.23,4261
BVS,20200114,5.56,5.65,5.48,5.53,1065413
BWF,20200114,0.72,0.74,0.7,0.7,13016
BWP,20200114,3.97,4,3.97,4,796015
BWR,20200114,1.43,1.43,1.43,1.43,3000
BWX,20200114,4.46,4.5,4.445,4.46,301420
BXB,20200114,12.16,12.29,12.12,12.29,2756671
BXN,20200114,0.017,0.019,0.015,0.015,847771
BYE,20200114,0.29,0.295,0.29,0.295,135481
C6C,20200114,0.82,0.82,0.815,0.815,2446
CAA,20200114,0.115,0.115,0.115,0.115,10000
CAD,20200114,0.001,0.001,0.001,0.001,1050000
CAF,20200114,0.135,0.14,0.135,0.14,847490
CAG,20200114,0.655,0.655,0.65,0.65,25883
CAI,20200114,0.265,0.265,0.26,0.26,122515
CAJ,20200114,0.23,0.23,0.225,0.23,373908
CAM,20200114,0.97,0.97,0.965,0.965,173010
CAN,20200114,1.12,1.125,1.055,1.115,1726976
CAP,20200114,0.032,0.032,0.03,0.03,45087
CAR,20200114,17.89,18.15,17.75,18.15,662239
CAT,20200114,1.84,1.875,1.755,1.755,842640
CAU,20200114,0.215,0.215,0.2,0.205,339271
CAY,20200114,0.165,0.165,0.16,0.16,343643
CBA,20200114,82.96,83.52,82.77,83.17,2703855
CBR,20200114,4.1,4.115,4.02,4.1,206977
CCA,20200114,0.15,0.165,0.15,0.155,449804
CCE,20200114,0.001,0.002,0.001,0.001,4539032
CCJ,20200114,0.005,0.005,0.005,0.005,427600
CCL,20200114,11.61,11.71,11.59,11.7,1286353
CCP,20200114,32.55,33.41,32.55,33.28,126652
CCV,20200114,0.24,0.245,0.24,0.24,131408
CCX,20200114,2.78,2.82,2.75,2.76,103852
CCZ,20200114,0.032,0.034,0.024,0.024,42216402
CD1,20200114,1.605,1.605,1.605,1.605,17700
CD3,20200114,1.5,1.5,1.5,1.5,45000
CDA,20200114,7.97,8.17,7.96,8.05,483775
CDD,20200114,0.42,0.43,0.42,0.425,279862
CDM,20200114,0.745,0.757,0.742,0.755,597291
CDP,20200114,6.12,6.16,6.01,6.125,5134
CDT,20200114,0.008,0.009,0.008,0.009,301000
CDV,20200114,0.345,0.35,0.34,0.345,206791
CDX,20200114,0.029,0.03,0.028,0.029,1220659
CDY,20200114,0.24,0.25,0.24,0.25,63000
CE1,20200114,0.007,0.007,0.007,0.007,700000
CEL,20200114,0.145,0.145,0.127,0.13,4279409
CEN,20200114,7,7.26,7,7.26,7806
CFE,20200114,0.004,0.004,0.004,0.004,60000
CG1,20200114,0.49,0.51,0.485,0.51,165119
CGA,20200114,0.425,0.425,0.425,0.425,601000
CGB,20200114,0.018,0.019,0.017,0.018,2799868
CGC,20200114,2.58,2.6,2.47,2.49,2397358
CGF,20200114,8.27,8.36,8.26,8.29,1279015
CGL,20200114,4.69,4.91,4.68,4.83,98982
CGO,20200114,0.22,0.22,0.22,0.22,524
CGR,20200114,0.55,0.55,0.535,0.535,594211
CGS,20200114,0.53,0.53,0.495,0.495,118718
CHC,20200114,12.1,12.42,12.065,12.4,1775703
CHK,20200114,0.013,0.013,0.013,0.013,1810000
CHN,20200114,0.27,0.275,0.255,0.255,782390
CHZ,20200114,0.073,0.075,0.073,0.075,726125
CI1,20200114,0.017,0.017,0.016,0.017,1100000
CIA,20200114,2.8,2.89,2.74,2.82,1163401
CIE,20200114,0.88,0.88,0.88,0.88,60726
CIM,20200114,32.77,33.52,32.7,32.99,863454
CIN,20200114,32.19,32.21,32,32,20948
CIO,20200114,0.003,0.004,0.003,0.004,1400500
CIP,20200114,3.55,3.63,3.53,3.6,1119189
CKA,20200114,0.047,0.047,0.045,0.047,269188
CKF,20200114,9.25,9.27,9.12,9.27,250568
CL1,20200114,2.19,2.19,2.04,2.13,285104
CL8,20200114,0.015,0.015,0.015,0.015,327000
CLA,20200114,0.014,0.017,0.014,0.016,8199828
CLB,20200114,0.069,0.069,0.065,0.065,108061
CLF,20200114,1.32,1.33,1.32,1.33,11200
CLH,20200114,1.09,1.1,1.085,1.095,303556
CLQ,20200114,0.285,0.3,0.28,0.295,1817385
CLT,20200114,0.2,0.2,0.2,0.2,2374
CLV,20200114,2.81,2.85,2.73,2.82,220316
CLW,20200114,5.6,5.6,5.55,5.58,1835019
CLX,20200114,0.75,0.75,0.75,0.75,58717
CLZ,20200114,0.003,0.003,0.002,0.002,9200000
CMA,20200114,2.95,2.97,2.94,2.96,1569585
CMD,20200114,0.007,0.007,0.007,0.007,430500
CML,20200114,0.02,0.02,0.019,0.019,370957
CMM,20200114,1.24,1.255,1.22,1.225,387862
CMP,20200114,0.685,0.71,0.685,0.7,200720
CMW,20200114,1.18,1.205,1.18,1.205,2523208
CNI,20200114,2.32,2.39,2.31,2.34,484991
CNU,20200114,6.18,6.22,6.145,6.19,370009
CNW,20200114,0.038,0.038,0.037,0.037,1192412
COB,20200114,0.137,0.145,0.137,0.14,264886
COE,20200114,0.595,0.6,0.58,0.585,6219221
COH,20200114,231.27,234.03,231.27,232.88,174100
COI,20200114,0.175,0.18,0.175,0.175,328113
COL,20200114,15.6,15.88,15.5,15.69,3947789
COO,20200114,0.08,0.08,0.08,0.08,36200
CP1,20200114,0.165,0.165,0.16,0.165,88524
CPH,20200114,0.16,0.17,0.15,0.16,1951963
CPT,20200114,0.076,0.078,0.073,0.073,37608
CPU,20200114,17.65,17.76,17.49,17.57,1041401
CPV,20200114,0.17,0.17,0.17,0.17,176092
CQE,20200114,3.28,3.31,3.28,3.28,90930
CQR,20200114,4.48,4.52,4.47,4.5,1098128
CRL,20200114,0.023,0.024,0.023,0.024,400000
CRN,20200114,2.27,2.35,2.27,2.3,517418
CRO,20200114,0.007,0.007,0.007,0.007,25300
CSE,20200114,0.07,0.075,0.07,0.071,303961
CSL,20200114,299.83,299.9,295.47,296.5,776584
CSR,20200114,4.85,4.96,4.85,4.96,2519258
CSS,20200114,0.74,0.74,0.735,0.74,46857
CSV,20200114,0.305,0.31,0.305,0.31,237356
CT1,20200114,0.025,0.026,0.025,0.025,312713
CTD,20200114,22.02,22.25,21.72,21.77,254221
CTE,20200114,0.055,0.055,0.055,0.055,8000
CTM,20200114,0.012,0.012,0.012,0.012,237495
CTO,20200114,0.005,0.005,0.005,0.005,258400
CTP,20200114,0.14,0.145,0.14,0.14,278248
CTX,20200114,35.42,35.65,35.4,35.61,490239
CUE,20200114,0.165,0.165,0.16,0.16,287130
CUP,20200114,1.1,1.15,1.1,1.15,24105
CUV,20200114,29.19,29.3,28.81,29,203879
CV1,20200114,0.14,0.145,0.12,0.135,393453
CVC,20200114,2.2,2.22,2.1,2.1,9760
CVF,20200114,1.035,1.045,1.02,1.045,85795
CVN,20200114,0.355,0.36,0.355,0.355,762627
CVW,20200114,0.48,0.5,0.48,0.5,360000
CWN,20200114,12.31,12.5,12.31,12.46,1043355
CWP,20200114,8.01,8.29,8.01,8.15,124606
CWX,20200114,0.23,0.235,0.22,0.22,100503
CWY,20200114,2.11,2.11,2.07,2.09,6011284
CXL,20200114,0.77,0.79,0.77,0.77,50977
CXO,20200114,0.037,0.039,0.037,0.039,1741576
CXU,20200114,0.023,0.023,0.023,0.023,191825
CXZ,20200114,0.02,0.021,0.02,0.02,1350174
CY5,20200114,0.046,0.055,0.046,0.055,183265
CYG,20200114,1.085,1.09,1.08,1.09,50920
CYL,20200114,2.91,2.95,2.89,2.89,3918
CYM,20200114,0.245,0.245,0.245,0.245,10000
CYP,20200114,1.21,1.26,1.21,1.22,94850
CYQ,20200114,0.001,0.001,0.001,0.001,2000000
CZI,20200114,0.088,0.088,0.087,0.087,270087
CZL,20200114,0.008,0.008,0.008,0.008,1033137
CZN,20200114,0.004,0.004,0.004,0.004,100000
D2O,20200114,1.42,1.44,1.4,1.41,35660
DAF,20200114,0.019,0.019,0.018,0.019,455509
DAV,20200114,0.04,0.04,0.04,0.04,150000
DBF,20200114,1.175,1.18,1.175,1.18,14858
DCC,20200114,0.03,0.032,0.03,0.03,378634
DCG,20200114,0.505,0.505,0.46,0.48,1277535
DCL,20200114,0.066,0.066,0.066,0.066,20000
DCN,20200114,1.46,1.475,1.42,1.42,2673684
DDD,20200114,0.001,0.001,0.001,0.001,11632407
DDR,20200114,6.7,6.74,6.63,6.74,79627
DDT,20200114,0.006,0.006,0.006,0.006,240000
DEG,20200114,0.051,0.051,0.05,0.05,521089
DEM,20200114,0.24,0.24,0.235,0.235,189380
DEV,20200114,0.074,0.074,0.074,0.074,49702
DGO,20200114,0.95,0.95,0.91,0.91,15485
DGR,20200114,0.072,0.072,0.071,0.071,80372
DHG,20200114,3.92,3.94,3.86,3.89,883414
DHR,20200114,0.003,0.003,0.003,0.003,48000
DIV,20200114,23.93,24.06,23.93,24.04,1089
DJW,20200114,3.69,3.72,3.67,3.67,145647
DKM,20200114,0.195,0.195,0.19,0.19,109515
DME,20200114,0.16,0.16,0.16,0.16,35000
DMP,20200114,55.5,57.07,55.4,56.87,222139
DNA,20200114,0.082,0.082,0.081,0.082,802091
DNK,20200114,0.57,0.57,0.555,0.56,49554
DOR,20200114,0.035,0.035,0.035,0.035,50136
DOW,20200114,8.75,8.82,8.69,8.78,1977909
DRE,20200114,0.007,0.007,0.007,0.007,6661000
DRO,20200114,0.28,0.285,0.26,0.27,727826
DRX,20200114,0.014,0.014,0.013,0.013,300000
DSE,20200114,0.051,0.051,0.049,0.051,689827
DTC,20200114,0.985,1,0.95,0.95,310718
DTL,20200114,4.14,4.22,4.1,4.17,507815
DTM,20200114,0.08,0.08,0.08,0.08,1167
DTS,20200114,0.135,0.14,0.125,0.125,182360
DTZ,20200114,0.064,0.064,0.064,0.064,26704
DUB,20200114,1.2,1.315,1.2,1.3,522824
DUI,20200114,5.1,5.15,5.1,5.13,64176
DVL,20200114,0.023,0.023,0.017,0.018,444628
DW8,20200114,0.007,0.008,0.006,0.008,2230574
DWS,20200114,1.07,1.08,1.065,1.08,9582
DXB,20200114,0.15,0.15,0.14,0.14,552171
DXN,20200114,0.047,0.047,0.047,0.047,40000
DXS,20200114,12.17,12.25,12.13,12.23,2258159
DYL,20200114,0.275,0.28,0.275,0.28,85435
E2E,20200114,0.003,0.003,0.003,0.003,600000
E2M,20200114,0.19,0.19,0.19,0.19,78588
EAF,20200114,1.38,1.385,1.38,1.38,171693
EAI,20200114,1.08,1.1,1.08,1.09,490737
EAS,20200114,0.895,0.895,0.895,0.895,5000
EAX,20200114,0.25,0.25,0.25,0.25,9132
EBO,20200114,23.64,23.65,23.64,23.65,452
ECF,20200114,1.325,1.35,1.32,1.33,1736677
ECL,20200114,1.48,1.48,1.47,1.47,33211
ECP,20200114,1.085,1.085,1.08,1.08,4991
ECS,20200114,0.049,0.052,0.049,0.049,2890169
ECX,20200114,1.39,1.44,1.39,1.44,1424024
ED1,20200114,1.045,1.095,1.045,1.08,22097
EDC,20200114,1.14,1.14,1.14,1.14,16000
EDE,20200114,0.039,0.047,0.039,0.042,3098277
EEG,20200114,0.42,0.42,0.405,0.41,95464
EFF,20200114,1.73,1.73,1.73,1.73,20250
EGD,20200114,2.4,2.45,2.39,2.4,267275
EGF,20200114,1.76,1.76,1.76,1.76,77170
EGG,20200114,1.73,1.785,1.725,1.76,848826
EGI,20200114,1.19,1.195,1.19,1.19,285888
EGL,20200114,0.043,0.043,0.043,0.043,55454
EGN,20200114,0.59,0.605,0.575,0.6,322949
EHE,20200114,2.49,2.515,2.49,2.51,329951
EHH,20200114,0.115,0.12,0.105,0.105,308213
EHL,20200114,2.2,2.23,2.14,2.14,550745
ELD,20200114,6.37,6.96,6.37,6.79,1682674
ELO,20200114,6.45,6.52,6.34,6.42,14793
ELS,20200114,0.43,0.435,0.395,0.4,258282
ELX,20200114,0.795,0.8,0.785,0.79,252302
EM1,20200114,0.015,0.015,0.015,0.015,256009
EME,20200114,0.11,0.11,0.11,0.11,1417
EMH,20200114,0.3,0.36,0.3,0.36,41508
EML,20200114,4.95,5.275,4.95,5.23,3580400
EMN,20200114,0.15,0.15,0.145,0.145,99725
EMR,20200114,0.042,0.042,0.041,0.042,1042586
EMU,20200114,0.043,0.043,0.041,0.041,149143
EMV,20200114,0.7,0.715,0.695,0.7,78760
EN1,20200114,0.02,0.021,0.02,0.02,4565578
ENA,20200114,0.023,0.023,0.023,0.023,15000
ENE,20200114,0.17,0.17,0.17,0.17,25000
ENN,20200114,2.08,2.12,2.08,2.11,23118
ENR,20200114,0.13,0.13,0.13,0.13,122695
ENT,20200114,0.009,0.009,0.009,0.009,254000
EOF,20200114,2.56,2.56,2.5,2.54,230350
EOL,20200114,2.81,2.87,2.81,2.87,1577
EOS,20200114,8.7,9.095,8.57,8.99,1008889
EPD,20200114,0.36,0.37,0.36,0.365,63717
EPM,20200114,0.005,0.005,0.004,0.004,1702210
EQT,20200114,30.84,31.21,30.6,30.76,7598
EQX,20200114,0.25,0.25,0.25,0.25,1000
ERA,20200114,0.16,0.16,0.155,0.16,277810
ERF,20200114,1.24,1.25,1.23,1.25,2858
ERG,20200114,0.067,0.067,0.067,0.067,14000
ERL,20200114,0.009,0.009,0.009,0.009,250000
ERM,20200114,0.11,0.115,0.11,0.115,129995
ERX,20200114,0.068,0.071,0.068,0.069,637696
ESH,20200114,0.008,0.008,0.008,0.008,1780000
ESR,20200114,0.009,0.009,0.009,0.009,275000
ETF,20200114,23.25,23.25,23.25,23.25,84
EUC,20200114,0.016,0.017,0.016,0.016,1102301
EUR,20200114,0.105,0.105,0.105,0.105,60
EVE,20200114,0.008,0.008,0.007,0.007,7408499
EVN,20200114,3.65,3.66,3.58,3.64,18504892
EVO,20200114,0.175,0.175,0.175,0.175,767378
EVS,20200114,0.27,0.27,0.26,0.26,295359
EVT,20200114,13.8,14.28,13.79,14.28,19551
EWC,20200114,0.07,0.07,0.068,0.069,138552
EX1,20200114,0.3,0.3,0.3,0.3,8888
EXL,20200114,0.72,0.72,0.665,0.68,824994
EXP,20200114,0.23,0.23,0.22,0.22,10025749
EXR,20200114,0.031,0.031,0.029,0.029,1906049
EZL,20200114,1.04,1.05,1.04,1.04,22507
FAM,20200114,0.057,0.059,0.055,0.059,71842
FAR,20200114,0.044,0.044,0.043,0.044,6789573
FAU,20200114,0.01,0.01,0.01,0.01,412000
FBR,20200114,0.049,0.049,0.048,0.049,627001
FBU,20200114,5.03,5.11,5.02,5.08,428455
FCL,20200114,2.62,2.63,2.55,2.58,37135
FCT,20200114,0.165,0.167,0.165,0.165,167719
FDV,20200114,0.775,0.79,0.77,0.79,50358
FEL,20200114,0.015,0.015,0.015,0.015,193414
FFG,20200114,0.011,0.011,0.011,0.011,3652986
FFR,20200114,0.055,0.055,0.055,0.055,9333
FGG,20200114,1.28,1.29,1.27,1.275,523936
FGO,20200114,0.002,0.002,0.002,0.002,1000000
FGR,20200114,0.14,0.14,0.135,0.14,296916
FGX,20200114,1.185,1.19,1.17,1.17,399042
FHS,20200114,0.014,0.015,0.012,0.012,4290344
FID,20200114,5.57,5.6,5.57,5.6,11357
FIN,20200114,0.012,0.012,0.012,0.012,150000
FLC,20200114,0.44,0.455,0.435,0.44,454435
FLN,20200114,0.55,0.55,0.545,0.545,56350
FLT,20200114,44.58,44.98,44.42,44.44,178355
FMG,20200114,10.81,11,10.79,10.99,9919568
FML,20200114,0.265,0.265,0.255,0.265,11761
FMS,20200114,0.054,0.054,0.054,0.054,30000
FNP,20200114,4.95,5.05,4.91,4.98,386854
FOD,20200114,0.075,0.075,0.073,0.074,254912
FOR,20200114,1.155,1.165,1.145,1.145,94207
FPC,20200114,1.09,1.09,1.085,1.09,31767
FPH,20200114,20.75,21,20.61,21,289198
FPP,20200114,0.93,0.93,0.93,0.93,14976
FRI,20200114,0.865,0.865,0.865,0.865,5100
FRN,20200114,0.021,0.021,0.02,0.02,1848288
FSF,20200114,3.9,3.9,3.9,3.9,18402
FTC,20200114,0.105,0.105,0.105,0.105,9620
FTT,20200114,0.003,0.003,0.002,0.003,2551958
FWD,20200114,2.07,2.09,2.06,2.09,36681
FXL,20200114,2,2.1,1.985,2.07,1991106
FYI,20200114,0.056,0.057,0.055,0.055,205931
FZO,20200114,0.17,0.18,0.17,0.18,28501
G1A,20200114,0.28,0.3,0.28,0.3,222888
GAL,20200114,0.15,0.155,0.145,0.145,293541
GAP,20200114,0.27,0.275,0.265,0.265,50643
GAS,20200114,0.685,0.685,0.685,0.685,433
GBP,20200114,0.018,0.021,0.018,0.021,35000
GC1,20200114,0.82,0.82,0.82,0.82,48050
GCI,20200114,2.05,2.06,2.05,2.05,160813
GDF,20200114,1.405,1.41,1.4,1.41,49471
GDG,20200114,0.77,0.77,0.77,0.77,7500
GDI,20200114,1.485,1.51,1.485,1.505,157485
GDX,20200114,40.45,40.45,39.72,39.72,22460
GEM,20200114,2,2.01,1.98,2,2110079
GEV,20200114,0.15,0.15,0.14,0.14,560235
GFL,20200114,2.3,2.3,2.3,2.3,850
GGE,20200114,0.006,0.006,0.006,0.006,100000
GGG,20200114,0.13,0.13,0.125,0.125,1031859
GIB,20200114,0.051,0.051,0.05,0.05,315094
GLA,20200114,0.001,0.001,0.001,0.001,3000000
GLL,20200114,0.66,0.66,0.64,0.66,5017780
GLN,20200114,0.145,0.19,0.145,0.185,1631835
GMA,20200114,3.76,3.88,3.76,3.83,434377
GMC,20200114,0.006,0.006,0.006,0.006,9995328
GMD,20200114,0.033,0.033,0.033,0.033,2077113
GMG,20200114,14.19,14.2,14.1,14.17,3881093
GML,20200114,0.017,0.017,0.016,0.016,946034
GMN,20200114,0.071,0.071,0.071,0.071,233056
GMR,20200114,0.011,0.011,0.01,0.01,2844633
GMV,20200114,0.083,0.083,0.082,0.082,106728
GNC,20200114,8.03,8.36,8.01,8.34,1241957
GNE,20200114,3.03,3.07,3.03,3.04,38764
GNG,20200114,0.985,0.985,0.92,0.92,54950
GNM,20200114,0.009,0.009,0.009,0.009,1364551
GNX,20200114,0.22,0.23,0.22,0.23,294574
GOR,20200114,1.32,1.325,1.287,1.305,3656513
GOW,20200114,2.33,2.35,2.33,2.35,20500
GOZ,20200114,4.27,4.34,4.26,4.32,482097
GPR,20200114,0.5,0.5,0.5,0.5,63625
GPT,20200114,5.86,5.87,5.82,5.85,5324156
GPX,20200114,0.155,0.17,0.155,0.17,169466
GRB,20200114,0.086,0.086,0.085,0.085,580683
GRL,20200114,0.22,0.22,0.21,0.21,287175
GRR,20200114,0.24,0.247,0.24,0.245,1316330
GSN,20200114,0.063,0.065,0.063,0.063,64536
GSS,20200114,0.97,0.97,0.935,0.935,48500
GSW,20200114,0.46,0.465,0.46,0.465,4067
GTE,20200114,0.003,0.003,0.003,0.003,750000
GTG,20200114,0.011,0.011,0.01,0.01,9365330
GTK,20200114,3.71,3.73,3.7,3.73,10700
GTN,20200114,0.85,0.86,0.84,0.86,84991
GTR,20200114,0.01,0.01,0.01,0.01,1000000
GUD,20200114,11.46,11.68,11.46,11.68,131175
GUL,20200114,0.029,0.029,0.029,0.029,8000
GVF,20200114,1.09,1.09,1.09,1.09,19138
GWA,20200114,3.5,3.505,3.45,3.5,443741
GWR,20200114,0.08,0.08,0.08,0.08,119354
GXY,20200114,1.24,1.29,1.225,1.27,11267799
HAS,20200114,0.125,0.135,0.125,0.135,3877910
HAV,20200114,0.125,0.125,0.125,0.125,60445
HCD,20200114,0.067,0.07,0.067,0.07,189500
HCH,20200114,0.037,0.037,0.036,0.036,2760886
HE8,20200114,0.18,0.18,0.175,0.18,887732
HFR,20200114,0.75,0.755,0.727,0.73,82849
HGH,20200114,1.5,1.5,1.5,1.5,395
HIL,20200114,0.37,0.38,0.36,0.375,602956
HIP,20200114,0.019,0.02,0.019,0.02,877942
HIT,20200114,1.28,1.28,1.275,1.275,4100
HLA,20200114,1.11,1.11,1.095,1.11,29530
HLO,20200114,5,5,4.96,4.99,40071
HLS,20200114,2.89,2.89,2.86,2.87,510228
HLX,20200114,0.017,0.018,0.017,0.017,370000
HM1,20200114,3.22,3.25,3.2,3.22,46025
HMC,20200114,3.92,3.95,3.88,3.95,80120
HMD,20200114,0.18,0.18,0.17,0.17,302696
HMX,20200114,0.023,0.023,0.022,0.022,504720
HNR,20200114,0.009,0.009,0.009,0.009,74260
HPI,20200114,3.23,3.28,3.22,3.25,313848
HRL,20200114,0.12,0.12,0.12,0.12,355550
HRR,20200114,0.097,0.097,0.094,0.094,551465
HRZ,20200114,0.092,0.105,0.092,0.096,784164
HSN,20200114,3.75,3.75,3.65,3.66,150659
HT1,20200114,1.7,1.7,1.64,1.64,31994
HTA,20200114,0.145,0.145,0.135,0.135,106440
HUB,20200114,11.77,11.91,11.66,11.8,273523
HUO,20200114,4.52,4.54,4.465,4.49,407505
HVN,20200114,4.37,4.41,4.35,4.41,2490866
HWK,20200114,0.005,0.008,0.005,0.008,23655974
HXG,20200114,0.06,0.06,0.06,0.06,27006
HYD,20200114,0.195,0.205,0.195,0.205,75223
HZN,20200114,0.125,0.125,0.125,0.125,205245
HZR,20200114,0.395,0.41,0.395,0.405,414772
IAA,20200114,100.08,101.08,100.07,100.16,27463
IAF,20200114,114.35,114.35,114.08,114.08,18613
IAG,20200114,7.69,7.73,7.66,7.73,3896567
IAP,20200114,1.525,1.525,1.495,1.525,490657
IBG,20200114,0.013,0.013,0.013,0.013,500000
IBX,20200114,0.029,0.03,0.027,0.027,4097320
ICE,20200114,0.22,0.22,0.2,0.21,245978
ICG,20200114,0.001,0.001,0.001,0.001,840000
ICI,20200114,0.03,0.03,0.028,0.028,643984
ICQ,20200114,0.375,0.425,0.375,0.41,3972577
ICS,20200114,1.9,1.9,1.88,1.885,5692
ICT,20200114,0.053,0.053,0.053,0.053,8677
ID8,20200114,0.35,0.37,0.35,0.35,16511
IDT,20200114,0.17,0.17,0.165,0.165,128352
IDX,20200114,3.65,3.69,3.63,3.68,345794
IEL,20200114,18.9,19.37,18.9,19.36,907924
IEM,20200114,67,67.47,66.74,66.83,11588
IEU,20200114,68.36,68.36,67.95,68.04,22367
IFL,20200114,8.13,8.35,8.13,8.28,1523532
IFM,20200114,2.06,2.12,2.05,2.08,238451
IFN,20200114,0.685,0.69,0.675,0.685,840021
IFT,20200114,5.13,5.13,5.13,5.13,1384
IGB,20200114,112.46,112.46,112.28,112.28,1568
IGE,20200114,0.175,0.185,0.16,0.17,1001874
IGL,20200114,2.49,2.51,2.47,2.5,438191
IGO,20200114,6.8,6.885,6.75,6.78,2067901
IHD,20200114,14.5,14.61,14.5,14.61,67277
IHL,20200114,0.062,0.067,0.062,0.066,1551260
IHR,20200114,0.1,0.1,0.1,0.1,3665
IJH,20200114,297.43,300,297.43,298.98,335
IJP,20200114,87,87,86.43,86.67,11221
IJR,20200114,120.93,121.825,120.93,121.44,186
IKO,20200114,93.54,95.585,93.54,94.72,9196
ILB,20200114,128.2,128.41,127.65,128.2,2657
ILC,20200114,26.53,26.65,26.53,26.6,44652
ILU,20200114,9.38,9.59,9.36,9.56,1303522
IMA,20200114,0.23,0.24,0.23,0.235,253569
IMC,20200114,0.135,0.135,0.135,0.135,110713
IMD,20200114,1.475,1.55,1.475,1.53,1113942
IME,20200114,0.043,0.045,0.042,0.042,2392360
IMF,20200114,4.55,4.69,4.53,4.68,992651
IMM,20200114,0.295,0.295,0.29,0.295,291915
IMR,20200114,1.15,1.15,1.15,1.15,460
IMU,20200114,0.037,0.039,0.037,0.039,71032120
INA,20200114,4.64,4.7,4.63,4.7,1176751
INF,20200114,0.058,0.06,0.057,0.057,135479
ING,20200114,3.55,3.585,3.51,3.55,810138
INP,20200114,0.019,0.019,0.019,0.019,14204
INR,20200114,0.18,0.19,0.18,0.19,6446372
IOD,20200114,0.12,0.12,0.12,0.12,58375
IOO,20200114,79.94,80,79.69,79.72,17168
IOZ,20200114,28.21,28.37,28.21,28.35,210739
IPB,20200114,0.025,0.025,0.025,0.025,5050
IPD,20200114,0.165,0.175,0.16,0.175,229611
IPH,20200114,8.8,9.07,8.8,9.05,648751
IPL,20200114,3.25,3.33,3.24,3.31,4640707
IPT,20200114,0.007,0.007,0.007,0.007,419401
IRD,20200114,0.07,0.07,0.07,0.07,12096
IRE,20200114,13.67,13.68,13.53,13.65,276126
IRI,20200114,3.13,3.16,3.06,3.1,261668
ISD,20200114,0.285,0.29,0.272,0.275,289768
ISO,20200114,5.13,5.18,5.13,5.17,12986
ISU,20200114,0.5,0.52,0.49,0.51,78810
ITG,20200114,0.44,0.44,0.44,0.44,177673
IVC,20200114,13.8,14.11,13.79,14,448438
IVE,20200114,100.79,101.85,100.79,101.28,7484
IVR,20200114,0.02,0.021,0.02,0.021,631238
IVV,20200114,477.36,479,477.3,477.56,14729
IVX,20200114,0.013,0.013,0.012,0.013,194911
IVZ,20200114,0.028,0.028,0.026,0.028,1285212
IXC,20200114,0.94,0.96,0.94,0.95,43821
IXI,20200114,80.52,80.81,80.5,80.51,2754
IXJ,20200114,100.61,101.63,100.5,100.94,4332
IZZ,20200114,65.31,65.75,64.9,64.96,5758
JAN,20200114,0.485,0.487,0.485,0.485,32061
JAT,20200114,0.053,0.056,0.052,0.054,2173268
JBH,20200114,40.17,41.25,40.055,41.2,336337
JHC,20200114,1.045,1.05,1.03,1.04,328675
JHG,20200114,36.23,36.81,36.22,36.42,162273
JHX,20200114,29.97,29.98,29.61,29.71,747862
JIN,20200114,15.95,15.98,15.53,15.67,387314
JLG,20200114,2.19,2.19,2.11,2.14,68745
JMS,20200114,0.31,0.31,0.3,0.305,1252369
JPR,20200114,0.01,0.01,0.009,0.009,13334
JRV,20200114,0.225,0.225,0.22,0.22,1163627
JXT,20200114,0.15,0.15,0.145,0.145,71772
JYC,20200114,1.505,1.505,1.49,1.49,9800
K2F,20200114,0.28,0.28,0.27,0.28,151125
KAR,20200114,1.365,1.365,1.32,1.34,1849919
KAS,20200114,0.015,0.015,0.015,0.015,62500
KCN,20200114,0.44,0.45,0.44,0.445,111643
KEY,20200114,0.005,0.005,0.005,0.005,1205007
KFE,20200114,0.058,0.06,0.058,0.06,51998
KGL,20200114,0.23,0.23,0.23,0.23,5223
KGN,20200114,7.95,8,7.75,7.79,269037
KIN,20200114,0.035,0.035,0.035,0.035,284585
KIS,20200114,0.06,0.06,0.06,0.06,50000
KKC,20200114,2.49,2.5,2.48,2.49,324991
KLA,20200114,64.05,64.05,63.05,63.3,964
KLL,20200114,0.53,0.53,0.51,0.51,728216
KMD,20200114,3.17,3.21,3.17,3.18,75024
KME,20200114,1.225,1.26,1.225,1.26,78190
KMT,20200114,0.005,0.005,0.004,0.004,1375000
KNM,20200114,0.02,0.02,0.02,0.02,50000
KNO,20200114,0.095,0.095,0.092,0.092,36159
KOV,20200114,3.6,3.6,3.6,3.6,3604
KPG,20200114,0.99,0.99,0.98,0.98,35727
KPO,20200114,0.028,0.028,0.028,0.028,550000
KRM,20200114,0.031,0.031,0.031,0.031,30000
KSL,20200114,1.475,1.49,1.455,1.455,221679
KSM,20200114,2.3,2.3,2.3,2.3,8718
KSN,20200114,0.17,0.17,0.17,0.17,25847
KSS,20200114,0.355,0.355,0.35,0.355,132326
KTA,20200114,0.036,0.036,0.035,0.036,165000
KTD,20200114,0.38,0.41,0.38,0.41,492612
KTE,20200114,0.006,0.006,0.006,0.006,100000
KTG,20200114,0.225,0.235,0.225,0.23,258822
KWR,20200114,0.17,0.17,0.17,0.17,100000
KYK,20200114,0.11,0.11,0.1,0.1,72924
KZA,20200114,0.63,0.66,0.63,0.66,13106
LAA,20200114,0.028,0.028,0.027,0.027,403073
LAU,20200114,0.355,0.355,0.355,0.355,12302
LAW,20200114,0.074,0.075,0.072,0.074,479611
LBL,20200114,0.72,0.72,0.72,0.72,5450
LBT,20200114,0.165,0.182,0.165,0.17,952777
LCK,20200114,0.14,0.14,0.14,0.14,14340
LCT,20200114,0.018,0.018,0.016,0.016,41638
LEG,20200114,0.084,0.089,0.084,0.085,2791048
LEP,20200114,5.69,5.7,5.66,5.7,20328
LER,20200114,0.029,0.029,0.028,0.029,149214
LEX,20200114,0.185,0.185,0.185,0.185,7378
LIC,20200114,9.18,9.31,9.18,9.3,96732
LIN,20200114,0.029,0.031,0.028,0.029,5465781
LIT,20200114,0.065,0.078,0.064,0.078,14529024
LKE,20200114,0.051,0.053,0.05,0.051,5203459
LLC,20200114,18.4,18.74,18.15,18.64,1384366
LLO,20200114,1.73,1.73,1.65,1.65,915
LME,20200114,1.83,1.83,1.83,1.83,89054
LMG,20200114,0.013,0.013,0.012,0.013,207349
LML,20200114,0.005,0.005,0.005,0.005,309750
LMW,20200114,0.15,0.165,0.15,0.165,17500
LNG,20200114,0.195,0.2,0.195,0.2,225227
LNK,20200114,6.25,6.345,6.21,6.21,1595243
LNU,20200114,0.026,0.03,0.026,0.03,2309542
LNY,20200114,0.007,0.007,0.007,0.007,1100000
LOM,20200114,0.122,0.125,0.122,0.125,108805
LOT,20200114,0.049,0.05,0.046,0.05,135358
LOV,20200114,11.76,12.01,11.72,11.99,121483
LPD,20200114,0.016,0.018,0.016,0.017,28941494
LPE,20200114,0.685,0.685,0.68,0.68,5657
LPI,20200114,0.265,0.265,0.25,0.255,257104
LRS,20200114,0.005,0.005,0.005,0.005,177190
LSA,20200114,0.005,0.005,0.005,0.005,1798890
LSF,20200114,1.605,1.625,1.605,1.625,597079
LSH,20200114,0.029,0.029,0.029,0.029,37014
LSR,20200114,0.01,0.011,0.01,0.011,723160
LSX,20200114,0.47,0.47,0.47,0.47,17204
LTR,20200114,0.086,0.091,0.086,0.089,4419034
LVH,20200114,0.2,0.215,0.2,0.215,91976
LVT,20200114,0.265,0.27,0.26,0.265,1893560
LYC,20200114,2.39,2.46,2.375,2.45,2717927
LYL,20200114,5.9,6,5.74,6,58057
M7T,20200114,0.75,0.77,0.715,0.77,494529
M8S,20200114,0.2,0.2,0.195,0.2,219361
MA1,20200114,1.03,1.035,1.03,1.03,72411
MAD,20200114,1.08,1.095,1.06,1.08,89313
MAG,20200114,0.19,0.205,0.19,0.205,136321
MAH,20200114,0.29,0.29,0.285,0.29,496821
MAI,20200114,0.54,0.545,0.54,0.54,33702
MAM,20200114,0.5,0.5,0.5,0.5,59307
MAN,20200114,0.015,0.016,0.015,0.016,1004583
MAQ,20200114,24.86,25.09,24.71,25,4058
MAT,20200114,0.13,0.13,0.13,0.13,3846
MAU,20200114,0.5,0.5,0.5,0.5,20920
MAY,20200114,0.01,0.01,0.01,0.01,500000
MCA,20200114,0.165,0.165,0.16,0.16,277727
MCE,20200114,0.36,0.37,0.36,0.37,27550
MCP,20200114,2.83,2.92,2.82,2.9,210634
MCR,20200114,0.67,0.685,0.66,0.685,2183488
MCT,20200114,0.004,0.004,0.003,0.004,3823291
MCY,20200114,4.99,5,4.98,5,2905
MDC,20200114,0.305,0.31,0.3,0.3,624549
MDI,20200114,0.004,0.004,0.004,0.004,23172274
MDR,20200114,0.38,0.4,0.38,0.385,184369
MEB,20200114,0.01,0.01,0.01,0.01,29500
MEC,20200114,0.97,0.98,0.965,0.965,12456
MEI,20200114,0.038,0.038,0.037,0.037,715905
MEL,20200114,0.044,0.045,0.044,0.045,311809
MEM,20200114,0.051,0.053,0.051,0.052,187080
MEP,20200114,0.047,0.047,0.047,0.047,29297
MEU,20200114,0.028,0.028,0.028,0.028,198000
MEY,20200114,0.074,0.075,0.073,0.075,155031
MEZ,20200114,4.89,4.99,4.89,4.99,37868
MFD,20200114,1.02,1.02,1.02,1.02,2363
MFF,20200114,3.66,3.67,3.64,3.65,285621
MFG,20200114,63.32,63.58,62.08,62.49,305009
MGC,20200114,0.435,0.435,0.435,0.435,5000
MGE,20200114,4.15,4.17,4.15,4.16,354930
MGG,20200114,1.985,2.02,1.985,2,726383
MGR,20200114,3.28,3.28,3.25,3.26,9787726
MGV,20200114,0.088,0.088,0.085,0.086,966627
MGX,20200114,0.985,1,0.985,0.99,1411308
MHC,20200114,0.005,0.006,0.005,0.006,2400000
MHG,20200114,3.67,3.69,3.67,3.67,50314
MHH,20200114,1.65,1.685,1.645,1.685,569223
MHI,20200114,0.105,0.105,0.105,0.105,5352
MHJ,20200114,0.73,0.73,0.7,0.71,163992
MIL,20200114,0.42,0.42,0.42,0.42,10000
MIN,20200114,17.09,17.675,17.09,17.39,2062045
MIO,20200114,0.21,0.21,0.195,0.195,39285
MIR,20200114,2.73,2.75,2.71,2.71,42608
MJC,20200114,0.033,0.033,0.033,0.033,7000
MKG,20200114,0.069,0.069,0.069,0.069,24300
MLD,20200114,0.995,1,0.992,0.995,207638
MLL,20200114,0.078,0.085,0.077,0.083,1382816
MLS,20200114,0.001,0.001,0.001,0.001,470000
MLT,20200114,5.01,5.05,5,5,203665
MLX,20200114,0.077,0.086,0.077,0.084,5068684
MME,20200114,1.505,1.55,1.505,1.52,407750
MMI,20200114,0.155,0.165,0.15,0.16,2310109
MMJ,20200114,0.15,0.16,0.15,0.16,596041
MML,20200114,0.825,0.865,0.82,0.85,476211
MMM,20200114,0.345,0.345,0.32,0.32,10786
MMS,20200114,13.19,13.48,13.15,13.23,230024
MNC,20200114,0.057,0.057,0.055,0.056,747506
MND,20200114,17.25,17.35,16.91,17.03,157769
MNF,20200114,4.83,4.85,4.64,4.64,80012
MNS,20200114,0.145,0.167,0.14,0.15,3438495
MNW,20200114,0.021,0.021,0.021,0.021,150000
MNY,20200114,2.42,2.43,2.36,2.38,258662
MOB,20200114,0.13,0.13,0.12,0.12,190499
MOC,20200114,1.26,1.285,1.26,1.285,76972
MOE,20200114,5.65,5.7,5.56,5.57,111773
MOQ,20200114,0.23,0.23,0.22,0.22,49167
MOT,20200114,2.09,2.09,2.07,2.07,38724
MOZ,20200114,1.95,1.95,1.8,1.87,1135377
MP1,20200114,10.77,10.86,10.56,10.6,420826
MPL,20200114,3.23,3.26,3.22,3.26,4949385
MPW,20200114,0.082,0.082,0.082,0.082,117666
MQG,20200114,140.1,141.33,140.1,141.13,739250
MQR,20200114,0.054,0.054,0.054,0.054,25000
MRC,20200114,0.28,0.29,0.27,0.29,36964
MRD,20200114,0.003,0.003,0.003,0.003,1000000
MRL,20200114,0.455,0.455,0.45,0.45,52027
MRM,20200114,0.175,0.18,0.17,0.18,527127
MRQ,20200114,0.021,0.021,0.019,0.02,15606981
MRR,20200114,0.01,0.01,0.01,0.01,8432
MRV,20200114,0.003,0.003,0.003,0.003,1000000
MRZ,20200114,0.26,0.26,0.255,0.255,40000
MSB,20200114,2.31,2.33,2.27,2.3,1337192
MSE,20200114,0.013,0.013,0.012,0.013,819071
MSG,20200114,0.02,0.02,0.02,0.02,50000
MSM,20200114,0.013,0.013,0.013,0.013,77209
MSR,20200114,0.002,0.002,0.002,0.002,250000
MSV,20200114,0.061,0.064,0.061,0.063,1554404
MTB,20200114,0.004,0.004,0.004,0.004,225000
MTC,20200114,0.037,0.037,0.037,0.037,43570
MTH,20200114,0.011,0.012,0.011,0.012,10671274
MTO,20200114,1.97,2.08,1.97,2.08,8801
MTS,20200114,2.63,2.66,2.59,2.62,7068116
MVA,20200114,25.58,25.69,25.565,25.69,7374
MVB,20200114,26.5,26.53,26.47,26.49,1793
MVE,20200114,30,30.19,30,30.19,27321
MVF,20200114,1.01,1.025,1.01,1.02,109465
MVP,20200114,9.05,9.1,8.8,8.95,119269
MVR,20200114,30.75,30.79,30.75,30.79,500
MVS,20200114,20.91,21.11,20.91,21.08,1929
MVW,20200114,31.91,32.13,31.91,32.13,214318
MWR,20200114,0.3,0.3,0.285,0.3,75587
MWY,20200114,1.9,1.9,1.875,1.89,23860
MX1,20200114,0.17,0.17,0.15,0.155,1930851
MXC,20200114,0.035,0.036,0.034,0.034,2056385
MXI,20200114,0.21,0.24,0.21,0.235,287768
MXT,20200114,2.06,2.08,2.06,2.07,1093403
MYE,20200114,0.92,0.94,0.92,0.94,30881
MYL,20200114,0.049,0.05,0.048,0.048,1298923
MYR,20200114,0.5,0.512,0.495,0.51,927620
MYS,20200114,5.16,5.34,5.14,5.26,208156
MYX,20200114,0.46,0.465,0.45,0.45,4847671
NAB,20200114,25.06,25.17,25.01,25.06,4694962
NAC,20200114,1,1,0.98,1,37652
NAG,20200114,0.036,0.036,0.036,0.036,72264
NAM,20200114,0.3,0.3,0.3,0.3,3000
NAN,20200114,6.92,7.08,6.92,7.07,1014078
NBI,20200114,2.09,2.09,2.07,2.09,177292
NC6,20200114,0.057,0.06,0.057,0.059,65954
NCC,20200114,1.06,1.065,1.04,1.065,36500
NCK,20200114,6.77,6.97,6.77,6.9,165884
NCM,20200114,30.31,30.42,29.94,30.39,3072919
NCR,20200114,0.013,0.014,0.013,0.014,631838
NCZ,20200114,0.255,0.28,0.255,0.27,1728919
NDQ,20200114,22.3,22.37,22.28,22.3,91511
NEA,20200114,2.73,2.75,2.66,2.67,2930355
NEC,20200114,1.95,1.97,1.94,1.965,3538906
NES,20200114,0.051,0.051,0.05,0.05,13000
NET,20200114,0.105,0.11,0.1,0.1,1286275
NEU,20200114,2.72,2.89,2.72,2.89,301342
NEW,20200114,1.35,1.35,1.3,1.31,206507
NGE,20200114,0.7,0.7,0.69,0.69,98783
NGI,20200114,2.79,2.95,2.79,2.93,263255
NHC,20200114,2.04,2.12,2.03,2.12,1698254
NHF,20200114,6.35,6.43,6.33,6.43,1259822
NIC,20200114,0.725,0.735,0.705,0.72,1018536
NML,20200114,0.105,0.112,0.105,0.112,338681
NMT,20200114,0.19,0.195,0.19,0.19,123390
NNW,20200114,0.073,0.073,0.072,0.072,82646
NOR,20200114,0.044,0.045,0.044,0.044,145591
NOV,20200114,0.21,0.215,0.21,0.21,183476
NOX,20200114,0.27,0.275,0.26,0.26,361228
NSB,20200114,0.17,0.18,0.165,0.18,227578
NSC,20200114,0.75,0.76,0.75,0.75,182833
NSR,20200114,1.975,2,1.975,2,1697340
NST,20200114,11.39,11.53,11.33,11.53,4101060
NTD,20200114,0.44,0.44,0.425,0.44,28189
NTM,20200114,0.082,0.084,0.081,0.083,196272
NTO,20200114,1.56,1.6,1.56,1.6,259995
NTU,20200114,0.06,0.06,0.058,0.058,2589552
NUC,20200114,3.71,3.72,3.65,3.7,23703
NUF,20200114,6,6.07,5.94,5.95,1678486
NUH,20200114,0.034,0.035,0.033,0.035,784359
NVL,20200114,3.66,3.67,3.65,3.66,243204
NVO,20200114,0.017,0.017,0.017,0.017,615069
NVX,20200114,0.485,0.505,0.485,0.5,120115
NWC,20200114,0.018,0.021,0.016,0.017,6771872
NWE,20200114,0.005,0.006,0.005,0.005,2427637
NWF,20200114,0.15,0.17,0.145,0.17,182561
NWH,20200114,3.25,3.27,3.21,3.24,2777023
NWL,20200114,8.21,8.34,8.06,8.18,643243
NWS,20200114,21.59,21.95,21.57,21.77,130678
NXE,20200114,0.012,0.012,0.012,0.012,73100
NXS,20200114,2.04,2.15,2.035,2.11,143859
NXT,20200114,6.63,6.65,6.57,6.63,1871661
NZC,20200114,0.295,0.295,0.295,0.295,10000
NZK,20200114,2.02,2.02,2.02,2.02,1128
NZM,20200114,0.37,0.37,0.37,0.37,1645
NZS,20200114,0.012,0.015,0.012,0.014,312517
OAR,20200114,0.005,0.005,0.005,0.005,3635593
OAU,20200114,0.021,0.021,0.02,0.02,92867
OBM,20200114,0.185,0.185,0.18,0.185,254621
OCC,20200114,0.46,0.485,0.46,0.475,421898
OCL,20200114,6.09,6.09,5.95,6,13809
ODA,20200114,0.22,0.22,0.22,0.22,565
OEC,20200114,0.335,0.34,0.335,0.335,13502
OEL,20200114,0.035,0.036,0.034,0.034,2791287
OFX,20200114,1.43,1.43,1.37,1.385,126737
OGA,20200114,0.135,0.145,0.13,0.13,1302792
OGC,20200114,2.75,2.79,2.71,2.71,704704
OIL,20200114,0.036,0.036,0.034,0.035,788869
OKJ,20200114,0.035,0.035,0.035,0.035,14285
OKU,20200114,0.15,0.175,0.15,0.17,720592
OLI,20200114,0.084,0.086,0.08,0.082,433598
OLL,20200114,0.31,0.38,0.31,0.335,4573368
OMH,20200114,0.5,0.502,0.495,0.5,288279
OML,20200114,3.75,3.77,3.7,3.74,970414
ONE,20200114,0.12,0.12,0.12,0.12,80000
ONT,20200114,6.15,6.15,6.08,6.14,5292
ONX,20200114,0.08,0.08,0.08,0.08,10526
OOO,20200114,14.99,14.99,14.92,14.95,12516
OPC,20200114,4,4.01,3.98,3.98,9846
OPH,20200114,2.5,2.59,2.49,2.59,542862
OPL,20200114,0.18,0.18,0.18,0.18,163498
OPT,20200114,3.27,3.48,3.26,3.4,2774167
OPY,20200114,1.31,1.375,1.31,1.35,661592
ORA,20200114,3.27,3.27,3.19,3.24,2873959
ORE,20200114,3.65,3.96,3.65,3.79,4866918
ORG,20200114,8.56,8.65,8.53,8.63,4518841
ORI,20200114,22.86,23.03,22.76,22.87,641080
ORN,20200114,0.023,0.023,0.023,0.023,434000
ORR,20200114,0.415,0.43,0.415,0.425,67689
OSH,20200114,7.84,7.9,7.81,7.86,2874307
OSL,20200114,0.17,0.175,0.165,0.175,449082
OSP,20200114,0.029,0.029,0.028,0.028,650461
OSX,20200114,0.69,0.7,0.67,0.67,59381
OTW,20200114,4.46,4.46,4.42,4.44,34555
OVH,20200114,0.37,0.375,0.37,0.37,93775
OVL,20200114,0.008,0.008,0.008,0.008,509998
OVN,20200114,0.47,0.47,0.34,0.35,1284233
OZF,20200114,19.69,19.74,19.69,19.74,4023
OZG,20200114,0.175,0.175,0.175,0.175,74834
OZL,20200114,10.84,10.97,10.82,10.97,1781243
OZR,20200114,12.36,12.45,12.36,12.45,16396
P2P,20200114,0.061,0.061,0.061,0.061,158688
PAA,20200114,0.093,0.096,0.092,0.094,354121
PAB,20200114,0.02,0.02,0.02,0.02,500000
PAC,20200114,6.17,6.17,5.51,6.15,52324
PAF,20200114,0.95,0.96,0.95,0.96,26844
PAI,20200114,1.09,1.1,1.09,1.095,363703
PAK,20200114,0.03,0.03,0.03,0.03,44969
PAL,20200114,1.01,1.04,1.01,1.035,27884
PAN,20200114,0.305,0.305,0.297,0.297,1199270
PAR,20200114,3.21,3.5,3.21,3.39,827060
PBH,20200114,5.61,6.13,5.6,6.06,706550
PBP,20200114,2.02,2.03,2,2,26741
PCG,20200114,1.6,1.6,1.6,1.6,37954
PCH,20200114,0.002,0.002,0.002,0.002,2000000
PCI,20200114,1.13,1.14,1.13,1.135,354825
PCK,20200114,0.185,0.195,0.182,0.185,4760422
PCL,20200114,0.002,0.002,0.002,0.002,7447017
PDI,20200114,0.008,0.009,0.008,0.009,591720
PDL,20200114,8.89,9.02,8.47,8.53,1330267
PDN,20200114,0.09,0.09,0.088,0.088,877433
PDZ,20200114,0.24,0.24,0.24,0.24,20000
PE1,20200114,1.64,1.675,1.595,1.6,126875
PEC,20200114,0.038,0.038,0.038,0.038,7724
PEK,20200114,0.035,0.038,0.034,0.038,766613
PEN,20200114,0.165,0.165,0.165,0.165,49875
PET,20200114,0.77,0.775,0.76,0.77,422710
PEX,20200114,0.24,0.245,0.23,0.245,190264
PFG,20200114,0.075,0.077,0.075,0.077,470835
PFP,20200114,3.45,3.55,3.45,3.55,62837
PG1,20200114,0.09,0.1,0.09,0.098,180024
PGC,20200114,0.43,0.43,0.425,0.43,157871
PGF,20200114,1.27,1.285,1.265,1.27,427132
PGG,20200114,2.05,2.06,2.05,2.05,178703
PGH,20200114,2.65,2.74,2.65,2.72,450743
PGI,20200114,0.035,0.035,0.034,0.034,304805
PGL,20200114,2.1,2.11,2.07,2.07,122278
PGM,20200114,0.018,0.018,0.018,0.018,25000
PGR,20200114,0.16,0.16,0.155,0.16,64060
PGX,20200114,0.35,0.35,0.35,0.35,2992
PIA,20200114,1.15,1.16,1.15,1.155,95928
PIC,20200114,1.07,1.08,1.07,1.075,158216
PIO,20200114,0.013,0.015,0.013,0.015,4331335
PIQ,20200114,0.295,0.3,0.29,0.29,226691
PKD,20200114,0.076,0.076,0.076,0.076,27683
PKS,20200114,0.16,0.16,0.155,0.16,242097
PL8,20200114,1.19,1.19,1.185,1.19,338255
PLL,20200114,0.14,0.145,0.137,0.14,1994776
PLS,20200114,0.365,0.395,0.365,0.39,25974166
PLX,20200114,0.755,0.755,0.75,0.75,15000
PM1,20200114,0.016,0.016,0.016,0.016,31250
PM8,20200114,0.17,0.17,0.15,0.17,290492
PMC,20200114,1.65,1.68,1.65,1.655,173367
PME,20200114,24.4,25.13,24.06,25.1,560052
PMV,20200114,19.93,20.24,19.79,20.23,225628
PMY,20200114,0.007,0.007,0.007,0.007,571571
PNC,20200114,1.8,1.8,1.785,1.79,663275
PNI,20200114,4.71,4.81,4.65,4.7,1422501
PNR,20200114,0.15,0.15,0.14,0.14,481752
PNV,20200114,2.1,2.22,2.09,2.21,4021597
PNX,20200114,0.007,0.007,0.006,0.006,294000
PO3,20200114,4,4.15,3.75,3.75,789
POD,20200114,0.033,0.036,0.033,0.034,544267
POS,20200114,0.042,0.043,0.041,0.041,1525897
POU,20200114,18.46,18.46,18.42,18.42,345
POW,20200114,0.005,0.005,0.005,0.005,119000
PPC,20200114,1.285,1.305,1.285,1.305,298508
PPE,20200114,3.34,3.36,3.29,3.31,45268
PPG,20200114,0.12,0.12,0.12,0.12,10000
PPH,20200114,4.2,4.22,4.13,4.15,124473
PPK,20200114,5.2,5.23,5.05,5.2,115593
PPL,20200114,0.011,0.012,0.011,0.012,83333
PPS,20200114,0.56,0.565,0.545,0.545,948628
PPT,20200114,42.39,42.98,42.39,42.57,161097
PRN,20200114,1.6,1.675,1.6,1.665,3523192
PRO,20200114,0.475,0.475,0.475,0.475,840
PRT,20200114,0.172,0.172,0.165,0.17,5046875
PRU,20200114,1.035,1.06,1.03,1.04,7233966
PRX,20200114,0.065,0.067,0.065,0.067,103507
PSA,20200114,0.054,0.055,0.054,0.055,12221
PSC,20200114,0.22,0.275,0.22,0.25,654296
PSI,20200114,3,3,3,3,26050
PSM,20200114,0.002,0.003,0.002,0.003,10290000
PSQ,20200114,1.76,1.76,1.735,1.74,51891
PSZ,20200114,0.041,0.049,0.041,0.046,3364390
PTB,20200114,0.785,0.795,0.785,0.795,15815
PTM,20200114,4.77,4.86,4.72,4.83,1157246
PTX,20200114,0.058,0.059,0.056,0.058,3589554
PUA,20200114,0.015,0.015,0.015,0.015,50000
PUR,20200114,0.005,0.005,0.005,0.005,37
PVS,20200114,1.45,1.485,1.45,1.48,35496
PWG,20200114,1.175,1.175,1.16,1.16,22664
PWH,20200114,5.09,5.09,4.92,4.93,25126
PWL,20200114,0.21,0.21,0.202,0.202,15900
PWN,20200114,0.01,0.011,0.01,0.01,70898500
PXS,20200114,0.15,0.15,0.145,0.145,761573
PXX,20200114,0.04,0.04,0.04,0.04,25000
PYC,20200114,0.063,0.064,0.06,0.064,1520682
QAG,20200114,5.67,5.7,5.67,5.7,8175
QAN,20200114,7.09,7.15,7.08,7.11,4154218
QAU,20200114,15.6,15.6,15.41,15.43,25494
QBE,20200114,13.14,13.24,13.1,13.24,1981739
QFE,20200114,0.375,0.4,0.375,0.385,525673
QFN,20200114,10.97,11,10.97,10.99,7537
QFY,20200114,0.004,0.004,0.004,0.004,1180000
QGL,20200114,0.066,0.07,0.066,0.07,100001
QHL,20200114,0.12,0.12,0.115,0.115,494222
QIP,20200114,1.36,1.37,1.355,1.37,17725
QMS,20200114,1.215,1.22,1.215,1.215,159996
QOZ,20200114,14,14.03,13.99,14.01,46708
QRE,20200114,6.71,6.78,6.71,6.78,9863
QRI,20200114,1.615,1.62,1.615,1.62,180209
QTM,20200114,0.036,0.036,0.036,0.036,79605
QUB,20200114,3.55,3.55,3.48,3.53,2988935
QUS,20200114,39.6,39.6,39.58,39.58,1739
QVE,20200114,1.04,1.04,1.03,1.035,177583
RAC,20200114,0.26,0.275,0.26,0.27,148393
RAG,20200114,0.007,0.007,0.007,0.007,295000
RAN,20200114,0.021,0.021,0.017,0.018,1648609
RAP,20200114,0.26,0.265,0.25,0.26,247608
RBL,20200114,1.075,1.15,1.075,1.11,427081
RBR,20200114,0.012,0.013,0.011,0.011,704218
RCB,20200114,20.7,20.7,20.65,20.65,39231
RCE,20200114,0.365,0.365,0.315,0.33,1494782
RCL,20200114,0.32,0.33,0.32,0.33,8511
RCT,20200114,2.6,2.6,2.6,2.6,1475
RCW,20200114,0.265,0.265,0.265,0.265,3888
RDC,20200114,1.11,1.125,1.105,1.12,127548
RDH,20200114,1.78,1.85,1.78,1.8,89827
RDM,20200114,0.1,0.1,0.1,0.1,8000
RDN,20200114,0.007,0.007,0.007,0.007,483200
RDV,20200114,30.64,30.71,30.51,30.68,44847
RDY,20200114,1.74,1.74,1.74,1.74,967
REA,20200114,109.35,111.14,109.35,111.14,142651
RED,20200114,0.33,0.34,0.322,0.335,2283086
REE,20200114,0.04,0.043,0.04,0.043,154000
REF,20200114,0.004,0.004,0.004,0.004,59314
REG,20200114,2.53,2.55,2.46,2.5,582467
REH,20200114,11.58,11.63,11.51,11.56,138725
RES,20200114,0.078,0.08,0.078,0.08,20682
REV,20200114,0.012,0.012,0.01,0.01,774258
REX,20200114,1.19,1.195,1.175,1.195,138118
REY,20200114,0.215,0.215,0.215,0.215,106710
REZ,20200114,0.016,0.022,0.016,0.018,15648657
RF1,20200114,2.61,2.63,2.58,2.63,123072
RFF,20200114,1.93,1.95,1.91,1.93,312504
RFG,20200114,0.098,0.102,0.098,0.098,5202026
RFN,20200114,0.004,0.004,0.004,0.004,3686584
RFR,20200114,0.097,0.105,0.096,0.1,194782
RFT,20200114,0.046,0.046,0.043,0.044,843657
RFX,20200114,0.043,0.044,0.042,0.042,343924
RGB,20200114,22.88,22.88,22.8,22.8,7884
RGI,20200114,0.11,0.115,0.11,0.11,162120
RGS,20200114,0.076,0.076,0.076,0.076,1634
RHC,20200114,74.68,75.17,74.5,74.87,307990
RHI,20200114,0.21,0.21,0.21,0.21,2500
RHP,20200114,2.03,2.12,2.01,2.09,228060
RHT,20200114,0.25,0.265,0.25,0.26,697492
RIC,20200114,1.1,1.12,1.08,1.11,223853
RIM,20200114,0.002,0.002,0.002,0.002,300000
RIO,20200114,101.66,103.97,101.6,103.97,1087186
RKN,20200114,0.752,0.79,0.752,0.79,51038
RLE,20200114,0.031,0.031,0.028,0.028,872749
RLG,20200114,0.033,0.034,0.033,0.033,288687
RMC,20200114,1.44,1.535,1.44,1.495,411235
RMD,20200114,22.85,23.04,22.82,22.99,364594
RML,20200114,0.05,0.05,0.049,0.049,231874
RMP,20200114,0.012,0.013,0.012,0.012,1045087
RMS,20200114,1.255,1.275,1.225,1.235,2631783
RMX,20200114,0.005,0.005,0.005,0.005,600578
RMY,20200114,0.375,0.38,0.375,0.38,138872
RND,20200114,2.28,2.34,2.23,2.34,4519
RNE,20200114,0.028,0.029,0.028,0.029,170911
RNO,20200114,0.19,0.19,0.19,0.19,25000
RNT,20200114,0.048,0.048,0.043,0.043,198072
RNU,20200114,0.012,0.014,0.012,0.014,2913793
ROG,20200114,0.002,0.002,0.002,0.002,47531317
ROO,20200114,0.049,0.052,0.049,0.051,1543474
RRL,20200114,4.21,4.435,4.19,4.35,6678102
RSG,20200114,1.18,1.207,1.145,1.17,21876126
RSH,20200114,0.09,0.09,0.081,0.083,859501
RSM,20200114,21.38,21.38,21.38,21.38,4659
RTE,20200114,0.4,0.4,0.4,0.4,10640
RTG,20200114,0.096,0.097,0.09,0.09,953100
RTR,20200114,0.066,0.066,0.065,0.065,339657
RUL,20200114,0.92,0.93,0.85,0.89,70183
RVR,20200114,0.15,0.15,0.15,0.15,639847
RVS,20200114,0.62,0.65,0.62,0.65,11607
RWC,20200114,4.3,4.37,4.3,4.32,1448196
RXH,20200114,0.004,0.004,0.004,0.004,16640
RXL,20200114,0.024,0.025,0.024,0.025,1969328
RXM,20200114,0.066,0.066,0.066,0.066,2430
RXP,20200114,0.525,0.535,0.525,0.535,158985
RZI,20200114,0.785,0.83,0.785,0.83,32962
S2R,20200114,0.12,0.12,0.12,0.12,2100
S32,20200114,2.82,2.89,2.81,2.89,27406252
S66,20200114,0.46,0.46,0.46,0.46,12645
SAR,20200114,3.53,3.6,3.485,3.55,9477028
SAU,20200114,0.19,0.195,0.19,0.195,66409
SBM,20200114,2.68,2.715,2.645,2.71,8346175
SBW,20200114,0.12,0.12,0.12,0.12,12651
SCG,20200114,4,4,3.97,3.98,11567082
SCI,20200114,0.009,0.009,0.009,0.009,435392
SCL,20200114,0.028,0.028,0.027,0.027,1611081
SCP,20200114,2.77,2.77,2.74,2.75,1510616
SCT,20200114,0.066,0.066,0.066,0.066,8941
SCU,20200114,0.013,0.013,0.013,0.013,123080
SDA,20200114,1.01,1.02,0.99,0.99,960227
SDF,20200114,3.7,3.73,3.68,3.73,657487
SDG,20200114,1.7,1.72,1.685,1.715,15371
SDI,20200114,0.84,0.86,0.84,0.86,31397
SDV,20200114,0.8,0.805,0.76,0.785,511226
SDX,20200114,0.04,0.04,0.039,0.039,122300
SE1,20200114,0.05,0.052,0.05,0.052,183000
SEC,20200114,1.815,1.82,1.805,1.805,75390
SEI,20200114,0.055,0.055,0.052,0.052,161564
SEK,20200114,23.27,23.27,22.84,23.02,932770
SES,20200114,0.088,0.09,0.086,0.086,128900
SFC,20200114,15.18,15.34,15.18,15.21,1495
SFG,20200114,0.071,0.071,0.069,0.07,610085
SFR,20200114,5.93,6.01,5.79,5.94,1252643
SFX,20200114,0.31,0.31,0.295,0.295,299658
SFY,20200114,63.48,63.81,63.48,63.81,49148
SGF,20200114,2.495,2.51,2.41,2.41,1659562
SGH,20200114,1.01,1.025,1.01,1.02,30070
SGI,20200114,0.1,0.1,0.1,0.1,15000
SGM,20200114,11.5,11.65,11.47,11.55,655796
SGP,20200114,4.86,4.87,4.82,4.87,4043238
SGQ,20200114,0.125,0.13,0.125,0.13,597810
SGR,20200114,4.6,4.615,4.55,4.6,3817801
SHJ,20200114,0.955,0.965,0.955,0.965,56302
SHL,20200114,30.22,30.62,30.22,30.56,790066
SHM,20200114,0.69,0.695,0.69,0.69,51885
SHV,20200114,8.45,8.49,8.42,8.47,316248
SIG,20200114,0.585,0.59,0.575,0.585,1210378
SIH,20200114,0.014,0.014,0.01,0.013,2923486
SIL,20200114,0.051,0.056,0.05,0.05,776536
SIO,20200114,0.43,0.43,0.43,0.43,23320
SIQ,20200114,6.95,7.07,6.93,7.01,640087
SIS,20200114,0.022,0.022,0.02,0.02,1238996
SIT,20200114,0.07,0.07,0.068,0.068,226457
SIV,20200114,0.65,0.65,0.65,0.65,15586
SKC,20200114,3.92,3.95,3.89,3.95,196098
SKI,20200114,2.11,2.11,2.1,2.11,19668682
SKO,20200114,4.93,4.96,4.85,4.86,32843
SKT,20200114,0.71,0.715,0.7,0.705,59579
SKY,20200114,0.099,0.1,0.099,0.1,568503
SLC,20200114,0.895,0.895,0.86,0.88,1212710
SLF,20200114,14.35,14.4,13.9,14.4,149511
SLK,20200114,4.57,4.64,4.5,4.53,280320
SLM,20200114,0.825,0.825,0.825,0.825,990
SLR,20200114,1.32,1.357,1.305,1.35,5198771
SLX,20200114,0.425,0.425,0.42,0.42,59665
SLZ,20200114,0.059,0.065,0.059,0.061,103409
SM1,20200114,8.62,8.62,8.35,8.36,54631
SM8,20200114,0.05,0.053,0.05,0.053,383639
SMD,20200114,0.006,0.006,0.006,0.006,483900
SMI,20200114,0.004,0.004,0.004,0.004,500100
SMN,20200114,0.94,0.945,0.915,0.915,56495
SMP,20200114,0.53,0.53,0.515,0.52,350404
SMR,20200114,1.04,1.05,1,1.02,2729944
SMX,20200114,0.44,0.44,0.44,0.44,40000
SNC,20200114,0.835,0.84,0.835,0.84,30866
SND,20200114,0.38,0.38,0.38,0.38,15000
SNL,20200114,4.23,4.23,4.23,4.23,200
SNS,20200114,0.11,0.11,0.11,0.11,128100
SNZ,20200114,8.35,8.39,8.35,8.39,22080
SO4,20200114,0.74,0.765,0.74,0.75,71945
SOL,20200114,21.98,22.33,21.95,22.33,305279
SOM,20200114,2.83,2.85,2.83,2.85,3880
SOP,20200114,0.048,0.048,0.048,0.048,4929
SOR,20200114,0.08,0.08,0.077,0.077,310201
SP3,20200114,0.098,0.098,0.098,0.098,55672
SPK,20200114,4.38,4.38,4.35,4.35,754662
SPL,20200114,1.2,1.225,1.18,1.22,282003
SPT,20200114,0.66,0.73,0.66,0.715,2478434
SPX,20200114,0.096,0.096,0.083,0.087,3990395
SPY,20200114,474.26,476.66,474.26,476.66,135
SPZ,20200114,0.24,0.24,0.24,0.24,112968
SRG,20200114,0.38,0.38,0.375,0.38,74200
SRI,20200114,0.073,0.073,0.071,0.071,10391
SRV,20200114,4.09,4.09,4.01,4.02,19555
SRZ,20200114,0.01,0.01,0.01,0.01,1385567
SSG,20200114,0.675,0.675,0.66,0.665,98473
SSM,20200114,2.68,2.74,2.68,2.71,1586009
SSO,20200114,15.9,16,15.9,16,8600
SST,20200114,12.5,12.5,12.5,12.5,50
ST1,20200114,0.2,0.2,0.19,0.195,453446
STA,20200114,0.12,0.12,0.115,0.115,129625
STG,20200114,1.45,1.475,1.45,1.475,10750
STM,20200114,0.015,0.015,0.013,0.014,2327831
STN,20200114,0.37,0.405,0.37,0.395,732788
STO,20200114,8.78,8.92,8.78,8.91,3278051
STW,20200114,64.02,64.38,64.02,64.32,97298
STX,20200114,0.185,0.185,0.18,0.18,795659
SUD,20200114,0.057,0.057,0.055,0.055,193000
SUL,20200114,9.9,10.16,9.84,10.04,986936
SUN,20200114,13.29,13.39,13.28,13.38,2625840
SUP,20200114,0.011,0.011,0.011,0.011,521378
SVA,20200114,0.029,0.029,0.029,0.029,28236
SVL,20200114,0.099,0.105,0.097,0.099,3864937
SVM,20200114,0.105,0.105,0.1,0.1,709904
SVW,20200114,20.2,20.81,20,20.74,429996
SVY,20200114,0.915,0.92,0.89,0.89,98024
SW1,20200114,0.092,0.092,0.09,0.092,74348
SWK,20200114,0.17,0.175,0.17,0.175,150341
SWM,20200114,0.32,0.325,0.31,0.31,3527829
SXE,20200114,0.595,0.6,0.59,0.6,74755
SXL,20200114,0.905,0.917,0.9,0.91,1185179
SXY,20200114,0.345,0.347,0.34,0.34,2517217
SYA,20200114,0.017,0.021,0.017,0.021,35203246
SYD,20200114,8.8,8.98,8.79,8.98,3595148
SYI,20200114,29.93,30.15,29.93,30.05,8179
SYR,20200114,0.635,0.72,0.63,0.71,10769502
SYT,20200114,0.001,0.001,0.001,0.001,500000
SZL,20200114,1.8,1.8,1.765,1.79,1842968
T3D,20200114,0.001,0.001,0.001,0.001,2753300
TAH,20200114,4.7,4.71,4.67,4.7,5478612
TAM,20200114,0.04,0.04,0.039,0.04,264428
TAO,20200114,0.11,0.125,0.11,0.125,58296
TAP,20200114,0.12,0.13,0.12,0.13,125816
TAS,20200114,0.043,0.044,0.043,0.044,570463
TBR,20200114,5.36,5.5,5.1,5.45,92529
TCL,20200114,15.55,15.665,15.54,15.63,3146371
TCN,20200114,0.037,0.037,0.037,0.037,24117
TD1,20200114,0.046,0.053,0.045,0.051,31672416
TDI,20200114,1.7,1.72,1.7,1.705,117774
TDL,20200114,0.03,0.03,0.03,0.03,1200
TDO,20200114,0.088,0.088,0.084,0.084,225394
TEG,20200114,0.06,0.06,0.054,0.055,519964
TEK,20200114,0.29,0.295,0.29,0.29,292745
TER,20200114,0.35,0.35,0.34,0.34,260016
TFL,20200114,0.12,0.13,0.12,0.13,68048
TGA,20200114,0.215,0.215,0.21,0.215,298668
TGF,20200114,2.05,2.07,2.05,2.05,46535
TGG,20200114,1.36,1.365,1.36,1.365,186434
TGH,20200114,0.165,0.17,0.165,0.17,222655
TGM,20200114,0.21,0.215,0.21,0.215,26005
TGP,20200114,1.115,1.12,1.11,1.11,99802
TGR,20200114,4.39,4.39,4.36,4.39,418545
THC,20200114,0.39,0.405,0.385,0.385,397225
THR,20200114,0.008,0.008,0.008,0.008,101860
TIA,20200114,0.35,0.35,0.35,0.35,800
TIE,20200114,0.275,0.275,0.26,0.26,87892
TIG,20200114,0.011,0.011,0.011,0.011,200000
TIN,20200114,0.088,0.088,0.086,0.086,3967
TIP,20200114,0.78,0.78,0.78,0.78,25000
TLG,20200114,0.45,0.45,0.425,0.425,575880
TLM,20200114,0.1,0.1,0.1,0.1,117139
TLS,20200114,3.83,3.84,3.795,3.83,13588595
TLX,20200114,1.54,1.547,1.485,1.515,1347950
TMR,20200114,0.26,0.265,0.245,0.255,532855
TMT,20200114,0.12,0.14,0.12,0.14,136838
TMX,20200114,0.004,0.004,0.004,0.004,425000
TNE,20200114,9.18,9.24,8.97,9.08,776191
TNG,20200114,0.087,0.089,0.087,0.087,129114
TNK,20200114,1.35,1.35,1.35,1.35,3000
TNR,20200114,0.009,0.009,0.008,0.008,404559
TNT,20200114,0.059,0.088,0.058,0.077,30495272
TNY,20200114,2.79,2.86,2.76,2.86,44198
TOE,20200114,0.008,0.008,0.008,0.008,1640833
TON,20200114,0.037,0.037,0.036,0.036,190310
TOP,20200114,0.68,0.685,0.67,0.67,168113
TOT,20200114,1.065,1.07,1.065,1.065,67533
TOU,20200114,0.09,0.09,0.087,0.087,128538
TPD,20200114,0.002,0.002,0.002,0.002,1160000
TPM,20200114,6.9,6.965,6.89,6.95,832118
TPW,20200114,2.96,3.11,2.87,3.1,264850
TRS,20200114,3.89,4.01,3.86,3.89,155661
TRY,20200114,0.097,0.098,0.097,0.097,202175
TSC,20200114,0.009,0.009,0.008,0.008,44698193
TSL,20200114,0.019,0.019,0.019,0.019,131263
TTB,20200114,0.072,0.077,0.072,0.072,918225
TTI,20200114,0.015,0.015,0.015,0.015,47545
TTM,20200114,0.16,0.17,0.16,0.17,111727
TTT,20200114,1.03,1.03,0.95,0.95,372905
TWE,20200114,17.19,17.3,17.04,17.25,3292747
TWR,20200114,0.675,0.675,0.675,0.675,35
TYM,20200114,0.037,0.037,0.037,0.037,81458
TYR,20200114,3.43,3.44,3.39,3.42,1097176
TYX,20200114,0.003,0.003,0.003,0.003,50000
TZL,20200114,0.11,0.19,0.11,0.18,506506
UBA,20200114,22.95,23.03,22.95,23,1864
UBI,20200114,0.175,0.175,0.175,0.175,49107
UBJ,20200114,26.7,26.7,26.7,26.7,100
UBN,20200114,0.061,0.061,0.06,0.061,371487
UBP,20200114,30.68,30.68,30.68,30.68,650
UBU,20200114,34.44,34.44,34.44,34.44,73
UBW,20200114,31,31,30.9,30.9,1473
UCM,20200114,0.14,0.14,0.13,0.13,160257
UCW,20200114,0.24,0.24,0.235,0.235,41874
UNL,20200114,0.032,0.032,0.032,0.032,15000
UNV,20200114,0.245,0.245,0.23,0.24,803524
UOS,20200114,0.845,0.845,0.845,0.845,1176
URF,20200114,0.67,0.675,0.63,0.65,764490
URW,20200114,10.68,10.73,10.66,10.66,318850
USD,20200114,14.07,14.09,14.06,14.06,8439
UUV,20200114,0.005,0.005,0.005,0.005,13150000
UWL,20200114,1.59,1.605,1.575,1.59,161745
VAE,20200114,72.52,73.3,72.49,72.69,23503
VAF,20200114,51.93,51.93,51.84,51.84,39430
VAH,20200114,0.15,0.15,0.15,0.15,81354
VAL,20200114,0.005,0.005,0.004,0.005,456010
VAN,20200114,0.16,0.165,0.16,0.165,263838
VAP,20200114,91.99,92.25,91.82,92.25,80340
VAR,20200114,0.03,0.031,0.03,0.031,52002
VAS,20200114,87.69,88.16,87.69,88.07,99116
VCF,20200114,50.4,50.4,50.235,50.27,7671
VCX,20200114,2.5,2.52,2.49,2.52,6077510
VEA,20200114,1.945,1.955,1.925,1.95,1969888
VEE,20200114,0.5,0.52,0.5,0.52,14903
VEN,20200114,0.185,0.185,0.18,0.185,113981
VEQ,20200114,60.98,60.995,60.76,60.78,3027
VEU,20200114,78.97,79.1,78.71,78.83,23634
VG1,20200114,2.21,2.23,2.2,2.22,286529
VG8,20200114,2.29,2.31,2.29,2.3,144178
VGB,20200114,52.85,52.85,52.77,52.77,16633
VGE,20200114,73.96,74.49,73.8,73.8,9167
VGI,20200114,11.92,12.2,11.85,12.2,11234
VGL,20200114,3.18,3.2,3.18,3.2,3886
VGS,20200114,83.5,83.76,83.5,83.55,36165
VHT,20200114,1.835,1.85,1.82,1.845,164060
VHY,20200114,61.65,61.96,61.65,61.93,69062
VIC,20200114,0.001,0.001,0.001,0.001,29865100
VIF,20200114,50.3,50.32,50.19,50.19,19668
VLC,20200114,70.33,70.66,70.33,70.52,51987
VLS,20200114,0.705,0.8,0.705,0.8,20000
VLT,20200114,0.33,0.34,0.32,0.32,437695
VMG,20200114,0.002,0.002,0.002,0.002,234711
VML,20200114,0.013,0.013,0.011,0.011,5321639
VMS,20200114,0.018,0.018,0.017,0.017,1339896
VMT,20200114,0.26,0.275,0.26,0.275,1177977
VMX,20200114,0.28,0.28,0.28,0.28,58201
VMY,20200114,0.046,0.046,0.046,0.046,170000
VN8,20200114,0.105,0.105,0.1,0.105,182833
VOC,20200114,3.24,3.28,3.2,3.28,1828850
VOL,20200114,1.79,1.79,1.78,1.78,1666
VOR,20200114,0.009,0.01,0.009,0.009,2585236
VP7,20200114,0.035,0.035,0.035,0.035,100000
VR1,20200114,0.027,0.027,0.025,0.025,520000
VRC,20200114,0.012,0.012,0.012,0.012,709170
VRL,20200114,3.8,3.83,3.8,3.82,60431
VRS,20200114,0.065,0.065,0.065,0.065,43406
VRT,20200114,4.56,4.64,4.51,4.52,164715
VRX,20200114,0.099,0.1,0.099,0.099,114657
VSO,20200114,62,62,61.56,61.59,7185
VTG,20200114,1.19,1.19,1.18,1.18,67153
VTH,20200114,0.77,0.79,0.77,0.77,10072
VTI,20200114,0.047,0.047,0.045,0.045,1457629
VTS,20200114,242.35,243.04,241.48,241.72,13476
VUK,20200114,3.37,3.39,3.35,3.37,2594578
VVA,20200114,2.74,2.85,2.73,2.85,46170
VVR,20200114,2.72,2.74,2.695,2.72,1728429
VXR,20200114,0.11,0.11,0.11,0.11,65710
VYS,20200114,0.07,0.07,0.069,0.069,380806
WAA,20200114,1.08,1.095,1.08,1.095,54672
WAF,20200114,0.405,0.415,0.397,0.405,4136407
WAM,20200114,2.3,2.31,2.29,2.29,567837
WAX,20200114,1.49,1.505,1.49,1.495,71469
WBA,20200114,1.985,1.985,1.982,1.985,169391
WBC,20200114,24.69,24.74,24.515,24.57,5765970
WBE,20200114,0.012,0.012,0.011,0.011,11580667
WBT,20200114,0.405,0.41,0.39,0.41,57401
WEB,20200114,13.74,14.07,13.72,13.88,1036482
WEC,20200114,0.08,0.085,0.08,0.085,402166
WEL,20200114,0.055,0.056,0.054,0.054,580519
WES,20200114,43.45,43.58,43.06,43.43,2057089
WGB,20200114,2.32,2.325,2.315,2.32,195786
WGN,20200114,2.44,2.48,2.39,2.44,181838
WGO,20200114,0.21,0.21,0.205,0.205,535924
WGX,20200114,2.28,2.33,2.21,2.25,641912
WHC,20200114,2.57,2.67,2.57,2.64,6834217
WHF,20200114,5.22,5.28,5.21,5.24,38530
WHK,20200114,0.082,0.083,0.082,0.082,187300
WIC,20200114,1.14,1.14,1.14,1.14,34860
WKT,20200114,0.185,0.195,0.18,0.19,335280
WLD,20200114,0.061,0.061,0.06,0.061,24886
WLE,20200114,1.27,1.285,1.27,1.28,745866
WMI,20200114,1.48,1.49,1.48,1.485,59738
WML,20200114,0.019,0.019,0.019,0.019,21750
WNB,20200114,0.009,0.009,0.009,0.009,610397
WND,20200114,0.66,0.66,0.66,0.66,4167
WNR,20200114,0.275,0.28,0.275,0.28,105000
WOR,20200114,15.91,16.05,15.89,16.05,868039
WOW,20200114,37.82,38.425,37.38,38.38,2549697
WPL,20200114,35.39,35.73,35.31,35.66,1819893
WPP,20200114,0.57,0.575,0.57,0.57,97747
WQG,20200114,1.195,1.21,1.195,1.2,223739
WRM,20200114,0.004,0.004,0.004,0.004,275142
WSA,20200114,2.94,3.01,2.94,2.94,2202058
WSI,20200114,0.022,0.023,0.021,0.021,555754
WSP,20200114,1.49,1.5,1.42,1.44,185707
WTC,20200114,24.99,25.13,24.48,24.57,369664
WWG,20200114,0.177,0.18,0.177,0.18,105000
WWI,20200114,0.011,0.011,0.011,0.011,1377056
XF1,20200114,0.325,0.33,0.315,0.325,202419
XPE,20200114,0.001,0.001,0.001,0.001,110000
XPL,20200114,0.067,0.067,0.067,0.067,77920
XRF,20200114,0.24,0.24,0.235,0.24,120681
XRO,20200114,83.72,84.7,83.67,83.98,222910
XST,20200114,0.004,0.004,0.004,0.004,462500
XTD,20200114,0.035,0.035,0.035,0.035,50000
XTE,20200114,0.72,0.72,0.68,0.68,43222
YAL,20200114,2.9,2.9,2.82,2.84,41304
YOJ,20200114,0.05,0.052,0.05,0.05,1348341
YOW,20200114,0.059,0.059,0.058,0.058,30650
YPB,20200114,0.004,0.004,0.004,0.004,199409
YRL,20200114,0.24,0.24,0.24,0.24,26529
Z1P,20200114,3.72,3.755,3.63,3.63,5829131
ZEL,20200114,4.45,4.45,4.35,4.36,126144
ZEN,20200114,0.635,0.645,0.635,0.635,62343
ZIM,20200114,11.5,11.5,11.5,11.5,1306
ZIP,20200114,0.012,0.012,0.012,0.012,44170
ZLD,20200114,0.058,0.058,0.054,0.057,1170228
ZNO,20200114,0.625,0.645,0.545,0.56,2333412
XAF,20200114,6791.5,6849.2,6791.5,6846,0
XAO,20200114,7020.2,7078,7020.2,7078,0
XAT,20200114,6850.2,6908.1,6850.2,6907.8,0
XDJ,20200114,2809.1,2819.4,2803.6,2818.2,0
XEC,20200114,1586.7,1600.1,1586.5,1599.2,0
XEJ,20200114,11957.9,12063.6,11941.7,12061.5,0
XFJ,20200114,6102.1,6155,6102.1,6140.6,0
XFL,20200114,6846.7,6907.4,6846.7,6903.3,0
XGD,20200114,6888.1,6888.1,6735,6824.9,0
XHJ,20200114,43014.5,43655.8,43014.5,43340.2,0
XIJ,20200114,1488,1509.9,1488,1496,0
XJO,20200114,6903.7,6962.8,6903.7,6962.2,0
XJR,20200114,5037.5,5097.3,5037.5,5097.3,0
XKO,20200114,6863.3,6920.9,6863.3,6920.3,0
XMD,20200114,7451.2,7511.6,7451.2,7507.7,0
XMJ,20200114,14085,14256.6,14085,14256.6,0
XMM,20200114,4582.1,4638.9,4582.1,4638.9,0
XNJ,20200114,7164.4,7251.7,7164.4,7251.7,0
XPJ,20200114,1623.1,1632.9,1623.1,1632.9,0
XSJ,20200114,12617.2,12838.7,12615.8,12827.2,0
XSO,20200114,2994,3023.7,2994,3022.4,0
XTJ,20200114,1355.3,1358.8,1349.6,1358.6,0
XTL,20200114,3788.6,3820.7,3788.6,3817.3,0
XTO,20200114,5721,5769.4,5721,5767.7,0
XUJ,20200114,8236.2,8337.4,8236.2,8337.4,0
XXJ,20200114,6805.9,6864.9,6805.9,6848.8,0
