360,20200526,2.02,2.18,2.02,2.1,247277
14D,20200526,0.165,0.165,0.155,0.155,161171
1AD,20200526,0.085,0.086,0.082,0.085,152989
1ST,20200526,0.033,0.033,0.029,0.029,1456776
2BE,20200526,0.1,0.1,0.094,0.096,288228
3DA,20200526,0.175,0.18,0.16,0.16,223787
3DP,20200526,0.044,0.044,0.042,0.042,589125
3PL,20200526,0.755,0.76,0.75,0.75,18367
4DS,20200526,0.049,0.049,0.047,0.049,1063212
5GN,20200526,1.04,1.135,1.04,1.135,1915164
88E,20200526,0.006,0.006,0.005,0.005,7478458
8CO,20200526,0.07,0.07,0.067,0.068,142579
9SP,20200526,0.017,0.017,0.016,0.017,1291922
A1G,20200526,0.09,0.09,0.09,0.09,25000
A1M,20200526,0.32,0.325,0.32,0.325,38112
A2B,20200526,0.765,0.775,0.7,0.74,104237
A2M,20200526,17.97,18.05,17.75,17.86,3793685
A3D,20200526,0.073,0.075,0.072,0.072,132659
AAA,20200526,50.09,50.1,50.09,50.1,75146
AAC,20200526,1.075,1.095,1.065,1.075,553066
AAJ,20200526,0.003,0.003,0.003,0.003,142857
AAR,20200526,0.147,0.15,0.145,0.145,373179
ABA,20200526,4.37,4.41,4.36,4.38,35853
ABC,20200526,2.54,2.62,2.48,2.61,2225094
ABP,20200526,2.55,2.68,2.53,2.62,1700043
ABR,20200526,0.57,0.61,0.57,0.61,671959
ABT,20200526,0.019,0.019,0.016,0.016,210798
ABV,20200526,0.024,0.024,0.024,0.024,25000
ABX,20200526,0.085,0.085,0.085,0.085,19335
AC8,20200526,0.18,0.18,0.17,0.17,2471349
ACB,20200526,0.01,0.01,0.009,0.009,9981947
ACF,20200526,0.265,0.295,0.26,0.265,1537458
ACQ,20200526,0.89,0.915,0.885,0.91,161677
ACR,20200526,0.13,0.135,0.13,0.135,3506
ACU,20200526,0.082,0.082,0.075,0.075,205172
ACW,20200526,0.019,0.019,0.018,0.018,1100452
AD1,20200526,0.01,0.01,0.01,0.01,1633333
AD8,20200526,5.93,6.7,5.93,6.39,761215
ADA,20200526,0.41,0.435,0.41,0.42,160566
ADD,20200526,0.016,0.016,0.015,0.015,31250
ADH,20200526,1.79,1.875,1.72,1.765,1127873
ADI,20200526,2.4,2.54,2.37,2.44,443298
ADN,20200526,0.064,0.07,0.064,0.07,13417842
ADO,20200526,0.025,0.025,0.023,0.023,3877342
ADR,20200526,0.028,0.031,0.027,0.028,3160635
ADT,20200526,1.19,1.2,1.15,1.2,464697
ADV,20200526,0.003,0.004,0.003,0.004,331000
ADX,20200526,0.005,0.005,0.005,0.005,425724
ADY,20200526,0.009,0.009,0.007,0.008,1199880
AEF,20200526,6.58,6.94,6.5,6.86,337988
AEG,20200526,1.105,1.12,1.105,1.11,171599
AEI,20200526,0.735,0.78,0.71,0.72,903643
AEV,20200526,0.008,0.01,0.008,0.01,1300000
AFG,20200526,1.6,1.62,1.505,1.54,2642566
AFI,20200526,5.78,5.96,5.775,5.89,988412
AFR,20200526,0.019,0.019,0.019,0.019,12500
AGD,20200526,0.15,0.15,0.15,0.15,12500
AGE,20200526,0.008,0.008,0.007,0.007,9240938
AGG,20200526,8.06,8.06,7.8,7.96,50768
AGH,20200526,0.4,0.4,0.38,0.385,480574
AGI,20200526,0.48,0.48,0.47,0.47,185961
AGL,20200526,16.62,16.97,16.55,16.81,1938408
AGR,20200526,0.07,0.07,0.068,0.068,101582
AGS,20200526,0.18,0.18,0.18,0.18,16955
AGY,20200526,0.065,0.075,0.063,0.074,8952514
AHF,20200526,0.077,0.078,0.077,0.078,125207
AHQ,20200526,0.068,0.071,0.066,0.066,200424
AHX,20200526,0.45,0.45,0.45,0.45,15000
AHY,20200526,0.98,0.992,0.98,0.98,476302
AIA,20200526,5.63,5.99,5.58,5.98,1801137
AIS,20200526,0.051,0.051,0.045,0.045,63000
AIZ,20200526,1.2,1.245,1.17,1.24,6557219
AJC,20200526,0.001,0.001,0.001,0.001,30812901
AJL,20200526,0.048,0.049,0.048,0.049,1042
AJM,20200526,0.046,0.046,0.044,0.045,4272715
AJQ,20200526,0.029,0.029,0.027,0.029,458346
AJX,20200526,0.045,0.045,0.043,0.045,111900
AKG,20200526,0.27,0.27,0.26,0.26,24000
AKM,20200526,0.067,0.067,0.067,0.067,5000
AKP,20200526,19.99,20,18.29,19.56,39804
AL3,20200526,0.16,0.165,0.16,0.16,165264
AL8,20200526,0.061,0.061,0.06,0.06,11494
ALC,20200526,0.145,0.155,0.145,0.15,1253478
ALD,20200526,26.2,26.57,25.82,26.56,1111552
ALF,20200526,0.875,0.895,0.865,0.875,512516
ALG,20200526,0.41,0.41,0.385,0.395,4331775
ALI,20200526,2.17,2.22,2.17,2.21,77929
ALK,20200526,0.925,0.977,0.895,0.915,4807737
ALL,20200526,26.16,26.67,26.08,26.64,2362391
ALQ,20200526,7.18,7.24,6.93,7.05,1476448
ALU,20200526,37.2,37.45,36.67,37.15,663715
ALX,20200526,7.01,7.09,6.77,6.86,2267427
ALY,20200526,0.013,0.014,0.012,0.014,791810
AMA,20200526,0.615,0.62,0.585,0.595,6109654
AMB,20200526,0.038,0.04,0.038,0.04,75000
AMC,20200526,14.9,15.05,14.82,15,2812402
AMD,20200526,0.006,0.006,0.006,0.006,64482
AMG,20200526,0.045,0.046,0.042,0.042,1648494
AMH,20200526,0.885,0.9,0.885,0.885,157447
AMI,20200526,0.325,0.345,0.325,0.335,4411298
AML,20200526,0.095,0.095,0.09,0.092,193258
AMN,20200526,0.48,0.5,0.475,0.48,21322
AMP,20200526,1.58,1.605,1.56,1.595,11733096
AMS,20200526,0.61,0.64,0.565,0.595,5496336
AMX,20200526,1.65,1.65,1.58,1.64,87187
ANA,20200526,0.007,0.008,0.007,0.008,1646922
ANG,20200526,0.137,0.14,0.135,0.135,106002
ANL,20200526,0.001,0.001,0.001,0.001,27050000
ANN,20200526,34.99,35.49,34.61,35.35,510547
ANO,20200526,5.03,5.18,5.03,5.1,2685
ANP,20200526,0.07,0.076,0.068,0.074,6626970
ANR,20200526,0.18,0.18,0.17,0.17,38640
ANW,20200526,0.001,0.001,0.001,0.001,100000
ANZ,20200526,15.68,16.52,15.62,16.52,16147072
AO1,20200526,0.009,0.009,0.009,0.009,111111
AOA,20200526,0.001,0.002,0.001,0.002,989900
AOF,20200526,2.07,2.31,2.07,2.1,188143
AOP,20200526,0.27,0.27,0.265,0.27,378456
AOU,20200526,0.065,0.065,0.065,0.065,137499
APA,20200526,11.61,11.72,11.51,11.64,1934280
APC,20200526,0.054,0.054,0.05,0.05,1087859
APD,20200526,0.495,0.53,0.495,0.52,105877
APE,20200526,6.27,6.68,6.26,6.46,1543516
APG,20200526,0.001,0.001,0.001,0.001,2850123
APH,20200526,0.11,0.13,0.11,0.13,105030
API,20200526,1.12,1.125,1.105,1.125,1330814
APL,20200526,0.935,0.95,0.935,0.94,874431
APT,20200526,49,50.01,48.52,49.11,3639200
APV,20200526,0.155,0.16,0.15,0.16,120653
APW,20200526,1.15,1.15,1.15,1.15,6734
APX,20200526,31.04,32.02,30.85,32.02,603228
AQD,20200526,0.013,0.013,0.013,0.013,113076
AQG,20200526,10.15,10.34,10.07,10.19,777503
AQI,20200526,0.076,0.084,0.076,0.08,2546165
AQR,20200526,3.3,3.49,3.3,3.49,54874
AQX,20200526,0.028,0.029,0.027,0.027,5215175
AQZ,20200526,2.74,2.78,2.62,2.62,215025
AR9,20200526,0.054,0.057,0.054,0.056,574830
ARB,20200526,16.91,16.98,16.49,16.69,269708
ARD,20200526,0.015,0.017,0.015,0.017,3748988
ARE,20200526,0.006,0.006,0.005,0.005,9001667
ARF,20200526,2.35,2.48,2.35,2.47,772094
ARG,20200526,7.24,7.38,7.23,7.34,296470
ARL,20200526,0.31,0.345,0.31,0.315,178575
ARM,20200526,0.033,0.034,0.028,0.03,41301484
ARN,20200526,0.16,0.16,0.145,0.155,373430
ARQ,20200526,0.086,0.094,0.085,0.094,518021
ARS,20200526,0.048,0.048,0.046,0.046,3103682
ARU,20200526,0.08,0.08,0.078,0.079,1011694
ARV,20200526,0.028,0.03,0.028,0.03,549158
AS1,20200526,0.135,0.14,0.135,0.14,188997
ASB,20200526,2.92,2.99,2.9,2.98,3406545
ASG,20200526,0.89,0.96,0.89,0.95,11530
ASQ,20200526,0.041,0.041,0.041,0.041,30000
AST,20200526,1.785,1.795,1.757,1.78,11267802
ASX,20200526,85.79,87.04,84.83,87.04,400292
AT1,20200526,0.325,0.34,0.32,0.325,2423757
ATC,20200526,0.052,0.053,0.047,0.048,1326536
ATH,20200526,0.021,0.025,0.02,0.02,4614944
ATL,20200526,0.36,0.39,0.36,0.37,973017
ATS,20200526,0.03,0.033,0.03,0.032,9557615
ATU,20200526,0.27,0.27,0.255,0.26,19941
ATX,20200526,0.14,0.145,0.14,0.14,99268
AU1,20200526,0.039,0.039,0.039,0.039,125641
AU8,20200526,0.06,0.062,0.06,0.06,126622
AUB,20200526,12.7,12.86,12.4,12.79,257449
AUC,20200526,0.014,0.014,0.014,0.014,896367
AUI,20200526,7.97,8.2,7.97,8.1,29043
AUL,20200526,0.28,0.29,0.265,0.29,83106
AUR,20200526,0.017,0.017,0.017,0.017,238000
AUT,20200526,0.057,0.057,0.056,0.057,1749060
AUZ,20200526,0.009,0.009,0.009,0.009,6575141
AV1,20200526,0.094,0.105,0.093,0.105,1350855
AVA,20200526,0.165,0.165,0.165,0.165,160000
AVC,20200526,0.24,0.24,0.24,0.24,2780
AVE,20200526,0.008,0.008,0.007,0.007,3976902
AVG,20200526,0.4,0.42,0.4,0.41,19898
AVH,20200526,0.465,0.475,0.46,0.465,10463321
AVJ,20200526,0.385,0.39,0.38,0.39,58210
AVL,20200526,0.01,0.01,0.01,0.01,1862622
AVN,20200526,1.99,2.05,1.98,2,1080471
AVR,20200526,7.06,7.1,6.9,7,3053
AVW,20200526,0.002,0.002,0.002,0.002,300000
AVZ,20200526,0.061,0.062,0.06,0.061,4120006
AWC,20200526,1.475,1.53,1.46,1.53,16644896
AWV,20200526,0.018,0.02,0.018,0.02,1435000
AX1,20200526,1.28,1.325,1.235,1.3,5902953
AX8,20200526,0.044,0.045,0.038,0.038,555118
AXE,20200526,0.715,0.815,0.685,0.715,7769418
AYI,20200526,0.001,0.001,0.001,0.001,1000000
AYS,20200526,0.325,0.325,0.32,0.32,115115
AZJ,20200526,4.61,4.715,4.555,4.67,7617817
AZS,20200526,0.097,0.097,0.092,0.093,531082
AZV,20200526,0.069,0.069,0.067,0.067,115077
AZY,20200526,0.026,0.028,0.025,0.027,23652395
BAF,20200526,0.71,0.72,0.705,0.715,246401
BAP,20200526,5.87,5.98,5.86,5.9,1510015
BAR,20200526,0.018,0.018,0.018,0.018,11539
BAS,20200526,0.001,0.001,0.001,0.001,22800
BAT,20200526,0.008,0.008,0.007,0.007,2449810
BBC,20200526,0.515,0.515,0.48,0.5,143502
BBN,20200526,3.25,3.29,3.16,3.21,467743
BBX,20200526,0.105,0.105,0.1,0.1,137500
BCB,20200526,0.046,0.046,0.046,0.046,16250
BCC,20200526,0.15,0.15,0.15,0.15,17548
BCI,20200526,0.16,0.165,0.16,0.16,163620
BCK,20200526,0.025,0.025,0.025,0.025,16161
BCN,20200526,0.039,0.04,0.038,0.038,2231318
BCT,20200526,0.075,0.075,0.073,0.075,1180056
BD1,20200526,0.027,0.027,0.026,0.027,913237
BDA,20200526,0.3,0.31,0.29,0.3,264362
BDC,20200526,0.093,0.093,0.088,0.089,5167434
BDG,20200526,0.062,0.062,0.062,0.062,29500
BEE,20200526,0.014,0.016,0.014,0.015,1321983
BEN,20200526,5.61,5.97,5.6,5.95,5849824
BET,20200526,0.345,0.345,0.32,0.335,3197131
BFC,20200526,0.055,0.056,0.05,0.053,1608925
BFG,20200526,1.15,1.18,1.15,1.17,299077
BGA,20200526,5.36,5.43,5.32,5.4,760057
BGL,20200526,0.72,0.75,0.715,0.745,3659316
BGT,20200526,0.17,0.175,0.16,0.17,902645
BHP,20200526,34.83,35.5,34.59,35.5,6197301
BID,20200526,0.785,0.79,0.765,0.775,118966
BIN,20200526,2.24,2.27,2.21,2.24,2803739
BIQ,20200526,0.005,0.005,0.005,0.005,182000
BIR,20200526,0.05,0.05,0.05,0.05,396
BIS,20200526,0.905,0.925,0.905,0.925,5895
BIT,20200526,0.096,0.096,0.092,0.093,2190304
BKI,20200526,1.37,1.4,1.37,1.4,298782
BKL,20200526,78.88,79.29,78.02,78.85,31836
BKW,20200526,13.8,14.15,13.64,14.15,494621
BKY,20200526,0.285,0.285,0.265,0.265,3948
BLD,20200526,2.75,2.92,2.74,2.89,13024685
BLG,20200526,0.025,0.026,0.023,0.024,1754222
BLK,20200526,0.015,0.017,0.015,0.016,89596963
BLU,20200526,0.033,0.034,0.029,0.031,5637223
BLX,20200526,0.87,0.87,0.83,0.87,514336
BLY,20200526,0.605,0.61,0.6,0.6,19927
BLZ,20200526,0.02,0.021,0.02,0.02,243420
BMG,20200526,0.004,0.004,0.003,0.003,5941768
BMN,20200526,0.039,0.039,0.038,0.038,447590
BNO,20200526,0.053,0.056,0.053,0.054,804199
BNR,20200526,0.062,0.062,0.061,0.061,50000
BOA,20200526,0.24,0.24,0.23,0.23,24927
BOC,20200526,0.23,0.23,0.23,0.23,7444
BOE,20200526,0.068,0.068,0.063,0.063,3069491
BOL,20200526,0.087,0.087,0.085,0.085,298500
BOQ,20200526,4.78,5.05,4.78,5.05,4658346
BOT,20200526,0.046,0.053,0.046,0.053,13121240
BPL,20200526,0.022,0.023,0.02,0.023,727208
BPP,20200526,0.015,0.015,0.015,0.015,50000
BPT,20200526,1.64,1.675,1.63,1.66,15023709
BRB,20200526,0.28,0.285,0.275,0.28,1068179
BRG,20200526,21.62,22.25,21.2,21.93,384568
BRI,20200526,1.5,1.51,1.49,1.49,8340
BRK,20200526,0.006,0.006,0.006,0.006,9557951
BRL,20200526,0.052,0.053,0.051,0.052,389871
BRN,20200526,0.066,0.077,0.066,0.074,35655154
BRU,20200526,0.115,0.115,0.11,0.11,488550
BRV,20200526,0.03,0.03,0.03,0.03,293036
BSA,20200526,0.255,0.265,0.255,0.26,196634
BSE,20200526,0.15,0.155,0.15,0.155,1826778
BSL,20200526,10.34,10.95,10.17,10.94,3665653
BSM,20200526,0.004,0.004,0.004,0.004,1125000
BSX,20200526,0.135,0.145,0.135,0.14,1446338
BTC,20200526,0.105,0.105,0.1,0.1,191800
BTH,20200526,0.775,0.815,0.77,0.805,4538408
BTI,20200526,0.79,0.8,0.785,0.785,65468
BUB,20200526,1.06,1.105,1.06,1.1,8272509
BUD,20200526,0.013,0.013,0.012,0.012,8217230
BUX,20200526,0.077,0.077,0.077,0.077,10334
BUY,20200526,0.009,0.01,0.008,0.009,2346257
BVS,20200526,4.96,5.05,4.89,4.96,1064725
BWF,20200526,0.305,0.305,0.285,0.29,55496
BWP,20200526,3.69,3.84,3.665,3.83,1417153
BWR,20200526,1.315,1.315,1.315,1.315,1111
BWX,20200526,3.67,3.83,3.66,3.8,287137
BXB,20200526,11.23,11.46,11.15,11.46,5022030
BXN,20200526,0.013,0.014,0.013,0.014,200000
BYE,20200526,0.155,0.155,0.145,0.145,1536322
BYH,20200526,0.055,0.055,0.05,0.053,1071574
C6C,20200526,0.54,0.54,0.54,0.54,4958
CAE,20200526,0.008,0.008,0.008,0.008,15143
CAF,20200526,0.083,0.083,0.08,0.08,34038
CAG,20200526,0.49,0.49,0.47,0.49,38350
CAI,20200526,0.38,0.4,0.38,0.395,827035
CAJ,20200526,0.22,0.235,0.215,0.225,5905126
CAM,20200526,0.76,0.77,0.76,0.77,138732
CAN,20200526,1.12,1.22,1.12,1.22,2624888
CAP,20200526,0.023,0.029,0.023,0.023,248431
CAR,20200526,16.24,16.64,16.22,16.49,1260131
CAT,20200526,1.6,1.675,1.56,1.59,1060494
CAU,20200526,0.14,0.14,0.135,0.14,236135
CAV,20200526,0.004,0.004,0.003,0.003,6500000
CAY,20200526,0.12,0.12,0.115,0.115,509679
CAZ,20200526,0.028,0.029,0.028,0.029,245000
CBA,20200526,59.4,61.31,59.11,61.31,6727131
CBE,20200526,0.18,0.185,0.16,0.175,91678
CBR,20200526,2,2.03,1.975,1.99,187644
CBY,20200526,0.069,0.07,0.069,0.07,40499
CCA,20200526,0.068,0.072,0.067,0.072,621874
CCE,20200526,0.001,0.001,0.001,0.001,4599000
CCG,20200526,0.07,0.07,0.07,0.07,15000
CCL,20200526,8.78,9.11,8.62,8.82,4284895
CCP,20200526,16.26,17.05,16.16,16.58,1513543
CCV,20200526,0.195,0.22,0.195,0.22,3582075
CCX,20200526,2.85,2.92,2.77,2.81,1531166
CCZ,20200526,0.023,0.023,0.022,0.022,4991628
CD2,20200526,1.19,1.2,1.185,1.185,22630
CDA,20200526,7.25,7.43,7.22,7.35,481210
CDD,20200526,0.295,0.3,0.28,0.28,308592
CDM,20200526,0.59,0.62,0.585,0.605,854239
CDP,20200526,3.34,3.5,3.21,3.21,50921
CDT,20200526,0.009,0.009,0.009,0.009,4204317
CDV,20200526,0.415,0.42,0.41,0.415,628534
CDX,20200526,0.023,0.023,0.023,0.023,977470
CE1,20200526,0.006,0.006,0.005,0.005,12366863
CEN,20200526,5.89,5.89,5.8,5.89,1393
CFO,20200526,0.048,0.056,0.048,0.055,215839
CG1,20200526,0.23,0.235,0.225,0.225,115692
CGA,20200526,0.29,0.3,0.29,0.3,252319
CGC,20200526,3.25,3.25,3.13,3.18,1617173
CGF,20200526,4.9,5.21,4.84,5.2,5068882
CGL,20200526,2.95,3.02,2.88,2.92,359764
CGO,20200526,0.115,0.115,0.105,0.105,26763
CGR,20200526,0.27,0.275,0.265,0.265,1030859
CGS,20200526,0.315,0.32,0.315,0.32,12333
CHC,20200526,9.13,9.71,9.09,9.5,3268403
CHK,20200526,0.008,0.009,0.008,0.009,16718590
CHN,20200526,1.06,1.1,1.03,1.04,3140098
CHZ,20200526,0.087,0.087,0.082,0.085,715467
CI1,20200526,0.029,0.03,0.029,0.029,760338
CIA,20200526,2.6,2.69,2.56,2.6,1097158
CIE,20200526,0.6,0.6,0.58,0.6,281057
CIM,20200526,24.1,24.71,23.42,23.93,682969
CIN,20200526,22.15,23,22.15,23,10819
CIO,20200526,0.027,0.027,0.023,0.027,387000
CIP,20200526,2.73,2.85,2.72,2.8,1048018
CKA,20200526,0.042,0.045,0.042,0.045,616754
CKF,20200526,7.99,8.44,7.74,8.29,919519
CL1,20200526,1.4,1.42,1.375,1.395,197584
CL8,20200526,0.008,0.008,0.008,0.008,281919
CLA,20200526,0.01,0.013,0.01,0.013,7336175
CLB,20200526,0.1,0.102,0.099,0.099,665030
CLF,20200526,1.02,1.05,1.02,1.05,7216
CLQ,20200526,0.19,0.195,0.185,0.185,415018
CLT,20200526,0.045,0.045,0.045,0.045,8367
CLV,20200526,2.47,2.5,2.4,2.41,389613
CLW,20200526,4.23,4.39,4.22,4.38,2443458
CLX,20200526,0.51,0.51,0.48,0.48,12683
CLZ,20200526,0.001,0.002,0.001,0.001,5500000
CM8,20200526,0.025,0.025,0.024,0.025,720159
CMM,20200526,1.595,1.595,1.555,1.565,176339
CMP,20200526,0.51,0.51,0.495,0.495,123060
CMW,20200526,0.795,0.84,0.795,0.825,9174123
CNB,20200526,0.105,0.12,0.105,0.105,2587320
CNI,20200526,1.76,1.845,1.76,1.805,2925865
CNJ,20200526,0.008,0.009,0.008,0.009,2089812
CNU,20200526,6.8,6.89,6.75,6.86,563751
CNW,20200526,0.022,0.022,0.022,0.022,476909
COB,20200526,0.11,0.115,0.11,0.115,136167
COE,20200526,0.41,0.43,0.405,0.425,7477134
COF,20200526,1.89,2.03,1.885,2,2042276
COG,20200526,0.037,0.04,0.037,0.04,1236618
COH,20200526,192.03,193.52,191.13,193.35,192495
COI,20200526,0.093,0.13,0.093,0.096,2920616
COL,20200526,15.27,15.42,15.18,15.42,3866084
COO,20200526,0.05,0.05,0.05,0.05,50
COS,20200526,0.39,0.39,0.38,0.38,32570
CP1,20200526,0.094,0.095,0.094,0.094,155000
CPH,20200526,0.068,0.068,0.066,0.068,701515
CPT,20200526,0.017,0.017,0.017,0.017,118
CPU,20200526,13.04,13.46,12.96,13.44,2127247
CPV,20200526,0.165,0.165,0.145,0.145,192671
CQE,20200526,2.34,2.47,2.3,2.46,1671602
CQR,20200526,3.15,3.31,3.12,3.26,2985513
CR1,20200526,0.3,0.34,0.3,0.322,679618
CRN,20200526,1.055,1.11,1.03,1.03,1648416
CRO,20200526,0.003,0.003,0.003,0.003,2020000
CRS,20200526,0.14,0.155,0.14,0.155,177429
CSL,20200526,300,307.63,296.705,307.63,1076080
CSR,20200526,3.68,3.79,3.605,3.76,3414140
CSS,20200526,0.665,0.665,0.63,0.63,55776
CST,20200526,0.135,0.145,0.12,0.145,1369930
CT1,20200526,0.034,0.035,0.031,0.031,3901795
CTD,20200526,12.34,12.91,12.34,12.55,908857
CTM,20200526,0.285,0.295,0.265,0.265,834317
CTO,20200526,0.005,0.005,0.004,0.004,796211
CTP,20200526,0.098,0.098,0.095,0.095,272625
CUE,20200526,0.09,0.102,0.09,0.1,742578
CUL,20200526,0.009,0.009,0.009,0.009,46500
CUP,20200526,0.95,1,0.95,0.96,155606
CUV,20200526,23.6,24,23.07,23.4,104221
CV1,20200526,0.086,0.09,0.086,0.087,229389
CVC,20200526,1.15,1.15,1.15,1.15,241
CVF,20200526,0.82,0.82,0.81,0.81,44500
CVN,20200526,0.225,0.23,0.22,0.225,1929541
CVW,20200526,0.225,0.24,0.225,0.24,64042
CWL,20200526,0.077,0.077,0.077,0.077,1704
CWN,20200526,9.75,10.07,9.74,9.9,2217212
CWP,20200526,4.74,4.98,4.65,4.98,68078
CWX,20200526,0.18,0.19,0.175,0.19,197440
CWY,20200526,1.925,2.01,1.9,1.995,6292092
CXL,20200526,0.775,0.775,0.775,0.775,2353
CXM,20200526,0.027,0.027,0.026,0.026,121541
CXZ,20200526,0.015,0.015,0.015,0.015,42000
CY5,20200526,0.051,0.055,0.051,0.055,88489
CYC,20200526,1.375,1.42,1.36,1.42,42936
CYG,20200526,0.69,0.69,0.69,0.69,715
CYL,20200526,2.8,2.95,2.75,2.9,17359
CYM,20200526,0.14,0.14,0.14,0.14,784
CYP,20200526,0.685,0.695,0.66,0.67,223035
CZI,20200526,0.115,0.115,0.115,0.115,71150
CZL,20200526,0.005,0.005,0.004,0.004,313742
CZR,20200526,0.01,0.011,0.01,0.01,5103293
D2O,20200526,1.355,1.355,1.35,1.35,74234
DAF,20200526,0.028,0.028,0.028,0.028,100000
DBF,20200526,1.15,1.15,1.15,1.15,5167
DCC,20200526,0.026,0.026,0.025,0.026,937894
DCN,20200526,0.47,0.475,0.455,0.47,4787618
DCX,20200526,0.006,0.006,0.006,0.006,2693984
DDD,20200526,0.003,0.003,0.002,0.003,17769065
DDR,20200526,7.6,7.89,7.57,7.66,327546
DDT,20200526,0.004,0.004,0.004,0.004,1508555
DEG,20200526,0.445,0.46,0.435,0.435,5818722
DEM,20200526,0.17,0.17,0.17,0.17,11544
DEV,20200526,0.115,0.13,0.115,0.12,3353827
DGO,20200526,2.39,2.4,2.36,2.4,6789
DGR,20200526,0.062,0.062,0.062,0.062,200000
DHG,20200526,3.18,3.21,3.12,3.18,1553851
DHR,20200526,0.002,0.002,0.002,0.002,1423244
DJW,20200526,2.46,2.53,2.45,2.49,120706
DKM,20200526,0.16,0.162,0.16,0.16,315000
DLC,20200526,0.005,0.006,0.005,0.006,2030951
DMP,20200526,60.94,61.94,60.23,61.94,353613
DNA,20200526,0.045,0.046,0.044,0.045,1883560
DNK,20200526,0.42,0.425,0.42,0.425,96934
DOW,20200526,4.22,4.61,4.18,4.56,4973558
DRE,20200526,0.006,0.007,0.006,0.006,12674054
DRO,20200526,0.16,0.165,0.155,0.155,1764892
DRX,20200526,0.008,0.009,0.008,0.009,543500
DSE,20200526,0.057,0.06,0.056,0.06,4011025
DTC,20200526,0.9,0.94,0.9,0.92,394705
DTL,20200526,4.71,4.85,4.63,4.78,451040
DTM,20200526,0.06,0.06,0.06,0.06,191666
DTS,20200526,0.115,0.115,0.11,0.115,165287
DTZ,20200526,0.078,0.079,0.077,0.079,31186
DUB,20200526,1.23,1.32,1.23,1.27,830816
DUI,20200526,4.1,4.2,4.1,4.18,43086
DVN,20200526,0.089,0.089,0.089,0.089,40000
DW8,20200526,0.006,0.006,0.006,0.006,650000
DWS,20200526,0.8,0.81,0.785,0.79,88494
DXB,20200526,0.285,0.295,0.27,0.27,1377813
DXN,20200526,0.01,0.012,0.01,0.011,126206012
DXS,20200526,8.6,8.825,8.56,8.81,10553908
DYL,20200526,0.25,0.25,0.245,0.247,14576
E25,20200526,0.38,0.38,0.36,0.365,439639
E2M,20200526,0.17,0.17,0.145,0.15,237627
EAF,20200526,1.19,1.19,1.19,1.19,111940
EAI,20200526,0.94,0.96,0.94,0.95,272920
EAS,20200526,0.78,0.82,0.78,0.82,26846
EBO,20200526,20.75,20.89,20.63,20.79,2717
ECF,20200526,0.96,0.975,0.955,0.965,230252
ECL,20200526,1.14,1.14,1.14,1.14,4050
ECP,20200526,1.04,1.12,1.04,1.1,60250
ECS,20200526,0.029,0.029,0.027,0.028,458132
ECT,20200526,0.002,0.002,0.002,0.002,904000
ECX,20200526,1.19,1.26,1.14,1.155,4482560
ED1,20200526,0.54,0.555,0.5,0.55,93333
EDC,20200526,1.005,1.005,0.975,0.975,12467
EDE,20200526,0.036,0.037,0.036,0.037,1086125
EEG,20200526,0.29,0.295,0.29,0.295,290182
EER,20200526,0.003,0.003,0.003,0.003,32784
EEU,20200526,15.9,15.9,15.9,15.9,200
EFE,20200526,0.004,0.004,0.004,0.004,1053648
EGF,20200526,1.6,1.6,1.6,1.6,60590
EGG,20200526,1.45,1.55,1.425,1.55,588673
EGH,20200526,0.31,0.31,0.31,0.31,369236
EGI,20200526,1.03,1.03,1.02,1.02,55000
EGN,20200526,0.455,0.455,0.455,0.455,3500
EGR,20200526,0.1,0.105,0.09,0.096,891090
EHE,20200526,1.5,1.625,1.5,1.57,3437481
EHL,20200526,1.13,1.13,1.04,1.07,6688344
EHX,20200526,0.1,0.105,0.1,0.105,193253
ELD,20200526,9.63,9.89,9.53,9.65,1627929
ELO,20200526,6.55,6.97,6.52,6.88,300199
ELS,20200526,0.32,0.33,0.3,0.315,109821
ELT,20200526,0.003,0.003,0.003,0.003,41353
ELX,20200526,0.515,0.515,0.5,0.5,55294
EM1,20200526,0.013,0.014,0.012,0.013,8727092
EMB,20200526,10,10,10,10,217
EMD,20200526,0.056,0.056,0.054,0.054,124468
EMH,20200526,0.21,0.21,0.21,0.21,20000
EML,20200526,3.63,3.82,3.61,3.76,5074454
EMN,20200526,0.08,0.082,0.077,0.079,184000
EMR,20200526,0.46,0.46,0.445,0.455,297493
EMV,20200526,1.4,1.4,1.235,1.295,699973
EN1,20200526,0.01,0.01,0.01,0.01,1038410
ENA,20200526,0.016,0.016,0.016,0.016,504521
ENE,20200526,0.041,0.041,0.041,0.041,37581
ENN,20200526,1.165,1.215,1.16,1.2,233375
ENR,20200526,0.12,0.14,0.12,0.14,473280
ENT,20200526,0.013,0.014,0.013,0.014,2500359
ENV,20200526,0.004,0.004,0.004,0.004,170000
ENX,20200526,0.01,0.012,0.01,0.01,117667
EOF,20200526,3.16,3.17,3.07,3.11,242550
EOL,20200526,3.72,3.75,3.72,3.75,4422
EOS,20200526,5.26,5.65,5.23,5.52,1660047
EPD,20200526,0.38,0.38,0.38,0.38,223418
EPM,20200526,0.008,0.008,0.008,0.008,3904401
EQE,20200526,0.01,0.011,0.01,0.01,9424846
EQT,20200526,24.63,24.63,24.1,24.23,12488
EQX,20200526,0.25,0.25,0.25,0.25,311891
ERA,20200526,0.17,0.17,0.16,0.17,139304
ERF,20200526,0.78,0.78,0.715,0.78,114255
ERL,20200526,0.011,0.013,0.011,0.013,3974636
ERM,20200526,0.105,0.11,0.105,0.11,852213
ERX,20200526,0.059,0.059,0.056,0.058,614954
ESE,20200526,0.01,0.012,0.009,0.01,1236087
ESH,20200526,0.006,0.007,0.006,0.006,18788486
ESR,20200526,0.008,0.008,0.008,0.008,1020000
EUC,20200526,0.017,0.017,0.017,0.017,80000
EVE,20200526,0.006,0.007,0.005,0.007,34876091
EVN,20200526,6.02,6.13,6,6.13,8741504
EVO,20200526,0.1,0.11,0.1,0.105,4838866
EVS,20200526,0.15,0.155,0.145,0.145,5502636
EVT,20200526,8.11,8.52,8.11,8.51,319855
EVZ,20200526,0.078,0.078,0.078,0.078,20000
EWC,20200526,0.066,0.068,0.065,0.067,466733
EX1,20200526,0.26,0.26,0.22,0.23,393871
EXL,20200526,0.25,0.3,0.25,0.29,4770140
EXP,20200526,0.145,0.15,0.14,0.145,1757503
EXR,20200526,0.024,0.028,0.023,0.026,12680114
EZL,20200526,0.94,0.945,0.93,0.93,72117
FAM,20200526,0.028,0.03,0.027,0.03,958611
FAR,20200526,0.015,0.016,0.014,0.016,16388805
FAU,20200526,0.01,0.011,0.01,0.011,455550
FBR,20200526,0.022,0.022,0.021,0.022,2901148
FBU,20200526,3.07,3.15,3.04,3.15,3522217
FCL,20200526,3.25,3.65,3.25,3.6,333010
FCT,20200526,0.07,0.07,0.067,0.068,476126
FDV,20200526,0.96,0.96,0.95,0.96,272006
FEX,20200526,0.085,0.085,0.08,0.082,2932995
FFG,20200526,0.008,0.008,0.007,0.007,584500
FFI,20200526,4.73,4.73,4.65,4.65,2725
FFL,20200526,0.255,0.26,0.245,0.245,63880
FGG,20200526,1.145,1.16,1.14,1.16,581751
FGO,20200526,0.001,0.001,0.001,0.001,4730996
FGR,20200526,0.14,0.15,0.14,0.14,1225067
FGX,20200526,0.95,0.975,0.95,0.965,269171
FHS,20200526,0.034,0.035,0.033,0.035,2112093
FID,20200526,5.09,5.09,4.94,5.07,9125
FIJ,20200526,0.078,0.078,0.078,0.078,25000
FIN,20200526,0.013,0.013,0.013,0.013,184154
FLC,20200526,0.28,0.295,0.28,0.29,372893
FLN,20200526,0.515,0.525,0.515,0.52,214290
FLT,20200526,13.6,14.8,13.52,14.25,9261074
FMG,20200526,13.69,13.785,13.56,13.78,9814874
FML,20200526,0.26,0.26,0.25,0.25,134931
FMS,20200526,0.018,0.022,0.018,0.019,1336782
FNP,20200526,4.3,4.34,4.21,4.27,1213645
FNT,20200526,0.01,0.01,0.009,0.009,8371529
FOD,20200526,0.056,0.057,0.053,0.054,1283403
FOR,20200526,0.855,0.925,0.855,0.9,36666
FPC,20200526,0.875,0.88,0.875,0.88,17000
FPH,20200526,28.29,29,28,29,638253
FPL,20200526,0.004,0.004,0.004,0.004,152524
FPP,20200526,0.72,0.72,0.72,0.72,50000
FRI,20200526,0.615,0.66,0.615,0.66,84069
FRM,20200526,0.33,0.33,0.315,0.325,15140
FRN,20200526,0.04,0.04,0.035,0.036,15882783
FSA,20200526,0.9,0.925,0.89,0.9,21322
FSF,20200526,3.38,3.38,3.37,3.38,2659
FSI,20200526,1.71,1.71,1.71,1.71,585
FTC,20200526,0.085,0.088,0.085,0.085,154893
FTT,20200526,0.003,0.003,0.003,0.003,4125001
FUN,20200526,0.023,0.024,0.023,0.023,763615
FWD,20200526,1.65,1.735,1.65,1.685,61321
FXL,20200526,1.14,1.18,1.12,1.14,5045894
FYI,20200526,0.051,0.053,0.051,0.052,85113
FZO,20200526,0.165,0.165,0.165,0.165,146400
G1A,20200526,0.215,0.22,0.205,0.205,884090
G88,20200526,0.037,0.045,0.037,0.041,1391516
GAL,20200526,0.23,0.24,0.22,0.24,2016488
GAP,20200526,0.155,0.155,0.15,0.15,20000
GAS,20200526,0.505,0.51,0.45,0.51,27804
GBE,20200526,0.011,0.011,0.011,0.011,150000
GBP,20200526,0.02,0.02,0.02,0.02,140000
GBR,20200526,0.03,0.03,0.03,0.03,350000
GBZ,20200526,0.085,0.086,0.08,0.086,356513
GC1,20200526,0.63,0.645,0.63,0.645,252
GCI,20200526,1.75,1.76,1.75,1.75,99976
GDF,20200526,0.9,0.925,0.895,0.92,546164
GDG,20200526,0.685,0.69,0.685,0.69,9000
GDI,20200526,1.07,1.08,1.045,1.075,12562294
GDX,20200526,54,55.68,52,53.77,41709
GED,20200526,0.007,0.007,0.007,0.007,705916
GEM,20200526,0.92,0.99,0.905,0.99,10147223
GES,20200526,0.017,0.017,0.017,0.017,30588
GEV,20200526,0.063,0.064,0.061,0.064,155940
GFL,20200526,1.755,1.76,1.755,1.76,13200
GGE,20200526,0.004,0.004,0.004,0.004,33334
GGG,20200526,0.14,0.145,0.14,0.14,1147576
GIB,20200526,0.05,0.05,0.049,0.05,191702
GLA,20200526,0.001,0.001,0.001,0.001,30961212
GLL,20200526,0.345,0.36,0.33,0.36,58885
GLN,20200526,0.15,0.155,0.145,0.145,204502
GLV,20200526,0.001,0.001,0.001,0.001,534000
GMA,20200526,2.14,2.21,2.09,2.21,639134
GMD,20200526,0.036,0.038,0.036,0.038,2495000
GMG,20200526,15.04,15.49,14.99,15.49,5277289
GML,20200526,0.016,0.016,0.013,0.014,1748381
GMN,20200526,0.057,0.057,0.054,0.054,708000
GMR,20200526,0.007,0.008,0.007,0.008,21711961
GMV,20200526,0.069,0.071,0.068,0.069,4546850
GNC,20200526,4.22,4.23,4.02,4.1,1628539
GNE,20200526,2.68,2.69,2.61,2.61,32050
GNG,20200526,0.69,0.7,0.69,0.695,33217
GNM,20200526,0.009,0.011,0.009,0.011,14958013
GNX,20200526,0.195,0.2,0.195,0.195,1337494
GO2,20200526,0.04,0.041,0.036,0.036,1023644
GOR,20200526,1.79,1.825,1.76,1.81,7978618
GOW,20200526,1.38,1.38,1.34,1.34,30000
GOZ,20200526,3.07,3.2,3.06,3.18,2633392
GPR,20200526,0.475,0.49,0.47,0.475,278771
GPT,20200526,4.06,4.31,4.025,4.25,11682262
GRB,20200526,0.049,0.051,0.049,0.05,725095
GRL,20200526,0.19,0.215,0.19,0.205,162206
GRR,20200526,0.245,0.25,0.24,0.25,2975824
GRV,20200526,0.026,0.027,0.026,0.027,136522
GSM,20200526,0.215,0.215,0.2,0.21,169683
GSN,20200526,0.087,0.098,0.083,0.094,961334
GSS,20200526,2,2,1.95,1.96,59803
GSW,20200526,0.76,0.78,0.74,0.755,135936
GTE,20200526,0.001,0.001,0.001,0.001,1770888
GTG,20200526,0.007,0.007,0.007,0.007,9092677
GTK,20200526,1.355,1.365,1.345,1.365,28080
GTN,20200526,0.44,0.44,0.405,0.435,213222
GTR,20200526,0.039,0.041,0.037,0.037,18906094
GUD,20200526,9.99,10.07,9.71,10.07,320682
GVF,20200526,0.905,0.92,0.905,0.92,39405
GWA,20200526,2.75,2.79,2.67,2.75,695851
GXY,20200526,0.79,0.79,0.76,0.775,12750034
HAS,20200526,0.105,0.115,0.105,0.11,1413813
HAV,20200526,0.096,0.099,0.096,0.099,15087
HAW,20200526,0.155,0.155,0.145,0.15,153157
HCD,20200526,0.035,0.039,0.035,0.039,221579
HCH,20200526,0.016,0.016,0.015,0.015,12940949
HCT,20200526,0.155,0.17,0.15,0.17,2009308
HE8,20200526,0.086,0.089,0.085,0.089,661152
HFR,20200526,0.385,0.39,0.385,0.39,83117
HGO,20200526,0.034,0.035,0.031,0.035,440717
HIL,20200526,0.18,0.182,0.175,0.175,206170
HIT,20200526,1.37,1.37,1.37,1.37,9352
HLA,20200526,1.01,1.04,1.01,1.03,78195
HLO,20200526,1.75,2.28,1.74,2.19,3058049
HLS,20200526,2.34,2.42,2.33,2.42,1632788
HLX,20200526,0.01,0.011,0.01,0.01,1046562
HM1,20200526,2.97,2.97,2.95,2.95,362041
HMC,20200526,2.64,2.8,2.64,2.77,194238
HMD,20200526,0.115,0.115,0.11,0.11,20000
HMX,20200526,0.026,0.027,0.025,0.025,1384461
HNG,20200526,0.19,0.19,0.19,0.19,2500
HOT,20200526,0.15,0.18,0.15,0.16,145541
HPI,20200526,2.69,2.91,2.69,2.83,239815
HRL,20200526,0.083,0.083,0.082,0.082,1692832
HRN,20200526,0.25,0.25,0.25,0.25,104000
HRR,20200526,0.047,0.052,0.047,0.052,786789
HRZ,20200526,0.115,0.125,0.11,0.12,924086
HSC,20200526,0.005,0.006,0.005,0.005,1831370
HSN,20200526,3.2,3.25,3.13,3.16,377304
HT1,20200526,1.25,1.385,1.225,1.3,76127
HT8,20200526,0.041,0.046,0.034,0.035,2978808
HTA,20200526,0.155,0.155,0.15,0.155,90807
HTG,20200526,0.135,0.14,0.125,0.125,359787
HUB,20200526,10.5,10.83,10.4,10.72,345121
HUO,20200526,3.55,3.55,3.4,3.4,4050
HVM,20200526,0.2,0.22,0.185,0.22,106000
HVN,20200526,3.06,3.25,3.05,3.24,12348032
HWH,20200526,0.032,0.033,0.032,0.032,948600
HWK,20200526,0.01,0.01,0.009,0.01,465159
HXG,20200526,0.069,0.069,0.064,0.068,749460
HYD,20200526,0.1,0.11,0.1,0.1,13204
HZN,20200526,0.077,0.077,0.073,0.076,653978
HZR,20200526,0.485,0.5,0.475,0.49,601268
IAA,20200526,88.71,90.7,88.71,90.39,11154
IAF,20200526,116.42,116.48,116.3,116.3,13482
IAG,20200526,5.73,5.86,5.66,5.86,6479713
IAM,20200526,0.001,0.001,0.001,0.001,1130000
IAP,20200526,1.195,1.21,1.175,1.21,3372839
IBC,20200526,0.435,0.435,0.435,0.435,1920
IBG,20200526,0.009,0.009,0.009,0.009,211942
IBX,20200526,0.029,0.03,0.028,0.028,20167175
ICE,20200526,0.14,0.145,0.135,0.145,132140
ICG,20200526,0.001,0.001,0.001,0.001,75000
ICI,20200526,0.022,0.023,0.02,0.02,142669
ICN,20200526,0.01,0.011,0.01,0.011,46667
ICQ,20200526,0.305,0.335,0.305,0.33,838839
ICR,20200526,0.34,0.53,0.34,0.48,19859585
ICS,20200526,1.88,1.88,1.795,1.805,10468
ID8,20200526,0.1,0.12,0.1,0.115,487865
IDT,20200526,0.2,0.21,0.18,0.185,2165191
IDX,20200526,3.6,3.7,3.5,3.67,1542335
IDZ,20200526,0.005,0.005,0.005,0.005,444000
IEC,20200526,0.004,0.004,0.004,0.004,90737
IEL,20200526,17.09,17.26,16.67,17.14,1269608
IEM,20200526,56.66,57,55.28,56.58,68018
IEU,20200526,57.72,58.55,57.72,58.45,45428
IFL,20200526,4.5,4.67,4.45,4.66,1270210
IFM,20200526,1.71,1.785,1.695,1.76,1371793
IFN,20200526,0.565,0.61,0.565,0.605,7060223
IFT,20200526,4.45,4.58,4.44,4.58,9249
IGB,20200526,115.23,115.26,115.04,115.04,4855
IGL,20200526,0.93,1.025,0.92,0.99,1442034
IGO,20200526,4.94,4.95,4.87,4.95,3223632
IHD,20200526,11.48,11.68,11.43,11.68,36136
IHL,20200526,0.054,0.057,0.054,0.056,1493688
IHR,20200526,0.07,0.07,0.068,0.068,115428
IJH,20200526,262.17,264.98,262.17,264.53,446
IJP,20200526,82.16,82.5,81.64,82.4,1625
IJR,20200526,99.81,99.99,99.81,99.82,1670
IKO,20200526,80,82.5,80,82,1434
IKW,20200526,0.001,0.001,0.001,0.001,15000
ILB,20200526,125.23,125.63,124.97,125.25,559
ILC,20200526,21.61,22.06,21.6,22.06,52702
ILU,20200526,8.3,8.31,8.11,8.31,2994446
IMA,20200526,0.145,0.145,0.14,0.14,708986
IMC,20200526,0.081,0.084,0.081,0.084,132214
IMD,20200526,1.145,1.255,1.14,1.22,2024565
IME,20200526,0.035,0.036,0.035,0.036,640013
IMM,20200526,0.16,0.165,0.16,0.16,510774
IMR,20200526,1.295,1.34,1.295,1.34,51098
IMU,20200526,0.032,0.033,0.032,0.032,5255190
INA,20200526,3.99,4.08,3.94,4.08,1769151
INF,20200526,0.04,0.045,0.04,0.045,60301
ING,20200526,3.11,3.18,3.11,3.17,1018618
INP,20200526,0.016,0.016,0.016,0.016,37334
INR,20200526,0.125,0.125,0.12,0.12,1022452
IOD,20200526,0.145,0.145,0.145,0.145,3340
IOO,20200526,76.99,77.73,76.9,77.56,22146
IOZ,20200526,23.17,23.58,23.1,23.58,303996
IP1,20200526,0.008,0.008,0.008,0.008,300000
IPD,20200526,0.08,0.089,0.075,0.085,14249854
IPH,20200526,7.5,7.72,7.4,7.72,791590
IPL,20200526,1.945,1.995,1.915,1.995,13396658
IPT,20200526,0.014,0.015,0.013,0.014,10708032
IRD,20200526,0.049,0.049,0.044,0.044,98530
IRE,20200526,11.24,11.53,11.05,11.49,774836
IRI,20200526,3.25,3.32,3.24,3.29,121865
ISD,20200526,0.15,0.15,0.145,0.145,786068
ISO,20200526,4.51,4.56,4.5,4.55,30139
ISU,20200526,0.2,0.21,0.2,0.21,635325
ITG,20200526,0.305,0.31,0.28,0.28,271183
IVC,20200526,11.4,11.4,11.09,11.2,692793
IVE,20200526,87.87,89.42,87.83,89.14,17589
IVR,20200526,0.018,0.019,0.018,0.019,2889390
IVV,20200526,457.19,459.88,457,459.88,14538
IVX,20200526,0.008,0.008,0.008,0.008,452505
IVZ,20200526,0.026,0.026,0.023,0.024,1000000
IXC,20200526,1.47,1.5,1.37,1.46,708651
IXI,20200526,76.78,77.5,76.78,77.47,2571
IXJ,20200526,105.63,106.05,105.3,105.48,16819
IXR,20200526,0.009,0.009,0.008,0.008,3584684
IXU,20200526,0.021,0.027,0.021,0.027,336183
IZZ,20200526,58.13,59.11,58.13,58.6,7491
JAN,20200526,0.31,0.315,0.3,0.3,166753
JAT,20200526,0.043,0.043,0.041,0.041,650907
JAY,20200526,0.175,0.175,0.17,0.175,21358
JBH,20200526,36.6,37.44,36.37,36.5,718796
JCS,20200526,0.031,0.031,0.031,0.031,3548
JDR,20200526,0.013,0.013,0.011,0.011,4003545
JHC,20200526,0.565,0.57,0.545,0.555,927411
JHG,20200526,32.5,32.5,31.59,32.05,342843
JHL,20200526,0.023,0.023,0.02,0.022,190000
JHX,20200526,25.38,25.96,25.03,25.7,1950204
JIN,20200526,12.42,12.59,12.04,12.21,542028
JLG,20200526,2.49,2.51,2.4,2.5,305246
JMS,20200526,0.3,0.3,0.285,0.29,2147488
JPR,20200526,0.025,0.029,0.025,0.028,686033
JRL,20200526,0.305,0.305,0.305,0.305,16250
JRV,20200526,0.18,0.18,0.17,0.18,686235
JXT,20200526,0.039,0.04,0.026,0.029,4204257
JYC,20200526,0.975,0.975,0.935,0.97,21418
K2F,20200526,0.215,0.215,0.215,0.215,512
KAI,20200526,0.02,0.02,0.018,0.018,17230278
KAM,20200526,0.049,0.049,0.049,0.049,10224
KAR,20200526,0.565,0.595,0.555,0.59,6144248
KAS,20200526,0.012,0.013,0.012,0.013,52000
KAU,20200526,0.31,0.35,0.31,0.35,1049148
KCN,20200526,0.435,0.46,0.43,0.445,190981
KEY,20200526,0.004,0.004,0.003,0.003,1823728
KFE,20200526,0.056,0.056,0.055,0.055,1021845
KGL,20200526,0.17,0.17,0.17,0.17,68034
KGM,20200526,0.008,0.008,0.008,0.008,1000000
KGN,20200526,9.82,10.13,9.77,10.02,1635568
KIN,20200526,0.15,0.155,0.092,0.115,4168975
KKC,20200526,1.785,1.8,1.745,1.77,599562
KKO,20200526,0.043,0.047,0.038,0.04,1881750
KLA,20200526,59.88,59.88,58.68,59,7831
KMD,20200526,1,1.025,0.96,0.965,7738874
KME,20200526,0.945,0.99,0.945,0.99,12500
KMT,20200526,0.005,0.005,0.005,0.005,25
KNM,20200526,0.017,0.018,0.017,0.017,2234867
KOR,20200526,0.007,0.008,0.007,0.008,367698
KOV,20200526,3.65,3.69,3.65,3.69,1321
KPG,20200526,0.89,0.89,0.88,0.88,6000
KPO,20200526,0.025,0.025,0.025,0.025,340525
KPT,20200526,0.74,0.81,0.71,0.8,202614
KRM,20200526,0.04,0.042,0.04,0.04,331645
KRR,20200526,0.061,0.061,0.055,0.058,3185644
KSC,20200526,1.465,1.465,1.465,1.465,1
KSL,20200526,0.975,1.055,0.97,1,318667
KSS,20200526,0.2,0.225,0.195,0.225,185383
KTA,20200526,0.035,0.039,0.035,0.038,187077
KTD,20200526,0.28,0.29,0.28,0.29,395345
KTE,20200526,0.014,0.014,0.012,0.012,2938883
KTG,20200526,0.135,0.145,0.135,0.14,219962
KWR,20200526,0.18,0.18,0.165,0.17,192644
KYK,20200526,0.105,0.105,0.096,0.1,1510052
KZA,20200526,0.42,0.42,0.4,0.4,75146
KZR,20200526,0.65,0.715,0.645,0.66,761657
LAM,20200526,0.35,0.35,0.35,0.35,2000
LAU,20200526,0.36,0.36,0.36,0.36,594034
LAW,20200526,0.042,0.043,0.042,0.043,200000
LBL,20200526,0.43,0.445,0.43,0.445,26725
LBT,20200526,0.16,0.16,0.155,0.16,385340
LCD,20200526,0.015,0.017,0.015,0.017,194200
LCK,20200526,0.084,0.089,0.083,0.084,769720
LCL,20200526,0.049,0.05,0.047,0.048,823925
LCM,20200526,0.13,0.13,0.13,0.13,24840
LCT,20200526,0.013,0.013,0.013,0.013,123510
LCY,20200526,0.002,0.002,0.002,0.002,15000
LEG,20200526,0.17,0.185,0.17,0.17,6894289
LEP,20200526,4.42,4.48,4.37,4.48,221314
LER,20200526,0.017,0.017,0.017,0.017,13095
LEX,20200526,0.21,0.225,0.195,0.195,526164
LGP,20200526,0.4,0.425,0.397,0.4,308963
LI3,20200526,0.027,0.027,0.024,0.024,1003985
LIC,20200526,8.8,8.98,8.65,8.76,221530
LIN,20200526,0.014,0.016,0.014,0.015,5861518
LIT,20200526,0.051,0.051,0.049,0.049,1234962
LKE,20200526,0.034,0.034,0.033,0.033,875258
LLC,20200526,12.15,12.61,12.11,12.55,2933311
LLO,20200526,1.96,1.96,1.955,1.955,3815
LME,20200526,1.385,1.385,1.35,1.35,8425
LMG,20200526,0.01,0.01,0.01,0.01,50000
LNK,20200526,3.88,4.15,3.88,4.09,8066420
LNU,20200526,0.013,0.013,0.012,0.012,310546
LNY,20200526,0.004,0.004,0.004,0.004,1000000
LOM,20200526,0.05,0.052,0.049,0.05,488026
LON,20200526,0.125,0.13,0.125,0.13,381168
LOT,20200526,0.063,0.063,0.062,0.063,300937
LOV,20200526,8.36,8.68,8.03,8.24,660726
LPD,20200526,0.008,0.008,0.007,0.007,19816471
LPE,20200526,0.3,0.3,0.3,0.3,15000
LPI,20200526,0.13,0.13,0.125,0.13,2774344
LRK,20200526,0.9,0.91,0.89,0.9,101988
LRS,20200526,0.004,0.004,0.003,0.003,27120
LSF,20200526,1.23,1.295,1.23,1.28,1930065
LSR,20200526,0.005,0.005,0.005,0.005,3587200
LSX,20200526,0.46,0.46,0.46,0.46,8000
LTR,20200526,0.125,0.132,0.122,0.125,10117025
LVH,20200526,0.24,0.27,0.235,0.235,1046137
LVT,20200526,0.235,0.235,0.23,0.235,1591722
LYC,20200526,2.1,2.12,2.04,2.07,4915621
LYL,20200526,5,5.02,4.95,4.99,4248
M7T,20200526,0.705,0.705,0.68,0.695,573361
M8S,20200526,0.095,0.1,0.095,0.097,91607
MA1,20200526,1.03,1.04,1.03,1.04,214830
MAD,20200526,0.75,0.755,0.74,0.75,41943
MAG,20200526,0.36,0.365,0.345,0.365,780710
MAH,20200526,0.26,0.265,0.25,0.26,1160563
MAI,20200526,0.505,0.52,0.502,0.52,96049
MAM,20200526,0.31,0.32,0.31,0.32,78445
MAN,20200526,0.032,0.037,0.032,0.035,9482663
MAQ,20200526,29.47,30,29.25,29.45,8351
MAR,20200526,0.046,0.046,0.042,0.042,26000
MAT,20200526,0.125,0.125,0.12,0.12,786258
MAU,20200526,1.225,1.28,1.18,1.22,73534
MAY,20200526,0.005,0.005,0.005,0.005,200000
MBK,20200526,0.009,0.01,0.009,0.01,454160
MCA,20200526,0.105,0.11,0.105,0.11,60499
MCE,20200526,0.17,0.17,0.165,0.165,65268
MCM,20200526,0.15,0.16,0.15,0.16,30000
MCP,20200526,2.69,2.73,2.62,2.69,198009
MCR,20200526,0.68,0.695,0.68,0.685,614898
MCT,20200526,0.006,0.008,0.006,0.007,71020112
MCY,20200526,4.44,4.57,4.39,4.57,11896
MDC,20200526,0.21,0.215,0.21,0.215,259257
MDI,20200526,0.013,0.013,0.013,0.013,25661761
MDR,20200526,0.59,0.595,0.575,0.595,828015
MEA,20200526,0.195,0.195,0.195,0.195,53946
MEB,20200526,0.007,0.007,0.007,0.007,450961
MEC,20200526,0.86,0.86,0.86,0.86,1650
MEI,20200526,0.021,0.022,0.021,0.021,6491374
MEL,20200526,0.024,0.025,0.024,0.025,968278
MEM,20200526,0.065,0.069,0.065,0.066,904391
MEP,20200526,0.044,0.045,0.043,0.045,729132
MEU,20200526,0.051,0.052,0.05,0.05,476078
MEY,20200526,0.07,0.073,0.068,0.068,181677
MEZ,20200526,4.45,4.52,4.42,4.47,31245
MFD,20200526,0.71,0.73,0.71,0.72,9666
MFF,20200526,2.8,2.81,2.77,2.8,366388
MFG,20200526,56.9,57.02,55.49,56.54,558400
MGC,20200526,0.435,0.435,0.435,0.435,1693798
MGE,20200526,4.08,4.11,4.06,4.09,629331
MGG,20200526,1.78,1.81,1.77,1.81,812423
MGL,20200526,0.013,0.013,0.013,0.013,10884
MGR,20200526,2.28,2.4,2.27,2.36,18689104
MGT,20200526,0.002,0.002,0.001,0.001,1328002
MGV,20200526,0.15,0.155,0.14,0.14,2881607
MGX,20200526,0.68,0.685,0.655,0.66,2816111
MHC,20200526,0.014,0.014,0.013,0.013,3606301
MHG,20200526,3.4,3.44,3.39,3.43,242317
MHH,20200526,1.44,1.485,1.435,1.485,842244
MHJ,20200526,0.33,0.335,0.325,0.325,151945
MIL,20200526,0.365,0.38,0.362,0.38,109106
MIN,20200526,19.57,19.57,18.87,19.22,854089
MIO,20200526,0.19,0.19,0.19,0.19,5000
MIR,20200526,2.24,2.26,2.19,2.2,106312
MJC,20200526,0.02,0.022,0.02,0.022,50000
MLD,20200526,0.855,0.885,0.84,0.87,610742
MLL,20200526,0.096,0.096,0.094,0.094,147817
MLM,20200526,0.011,0.011,0.011,0.011,248000
MLS,20200526,0.001,0.001,0.001,0.001,910000
MLT,20200526,3.99,4.07,3.98,4.06,303279
MLX,20200526,0.087,0.089,0.083,0.086,2150214
MME,20200526,1.25,1.255,1.18,1.22,159280
MMI,20200526,0.105,0.105,0.1,0.105,131151
MMJ,20200526,0.135,0.135,0.13,0.13,97271
MML,20200526,0.71,0.72,0.7,0.7,233894
MMM,20200526,1.15,1.15,1.1,1.12,107359
MMS,20200526,7.55,8.03,7.41,7.92,503111
MND,20200526,11,11.96,10.93,11.77,985537
MNF,20200526,5.25,5.37,5.18,5.25,84729
MNS,20200526,0.073,0.077,0.073,0.077,583150
MNW,20200526,0.009,0.009,0.009,0.009,2753720
MNY,20200526,1.675,1.71,1.59,1.64,936473
MOB,20200526,0.064,0.064,0.064,0.064,55000
MOC,20200526,0.735,0.845,0.735,0.845,503721
MOE,20200526,3.4,3.79,3.4,3.74,169436
MOH,20200526,0.075,0.079,0.075,0.078,188000
MOT,20200526,1.7,1.73,1.68,1.73,107229
MOZ,20200526,0.88,0.89,0.815,0.815,813910
MP1,20200526,13.85,14.02,13.52,13.68,994423
MPL,20200526,2.85,2.85,2.8,2.84,9312315
MPP,20200526,0.16,0.165,0.16,0.165,30939
MPW,20200526,0.076,0.076,0.075,0.075,75000
MQG,20200526,106.31,108.71,105.75,108.71,1329710
MQR,20200526,0.05,0.051,0.048,0.051,122334
MRC,20200526,0.23,0.235,0.23,0.235,11897
MRD,20200526,0.001,0.001,0.001,0.001,100000
MRG,20200526,0.016,0.019,0.016,0.018,2134058
MRM,20200526,0.079,0.08,0.074,0.074,945731
MRQ,20200526,0.006,0.006,0.006,0.006,496674
MRR,20200526,0.009,0.009,0.009,0.009,113247
MRZ,20200526,0.18,0.18,0.16,0.18,208966
MSB,20200526,3.68,3.77,3.63,3.77,3546606
MSG,20200526,0.019,0.019,0.018,0.018,315000
MSM,20200526,0.028,0.028,0.027,0.028,352015
MSR,20200526,0.004,0.004,0.004,0.004,1895000
MSV,20200526,0.44,0.445,0.42,0.435,301335
MTC,20200526,0.155,0.16,0.155,0.155,301959
MTH,20200526,0.015,0.017,0.015,0.017,29942985
MTO,20200526,1.28,1.3,1.25,1.3,148763
MTS,20200526,2.62,2.71,2.6,2.64,7809330
MVA,20200526,18.85,19.78,18.85,19.66,82168
MVB,20200526,17.75,18.43,17.75,18.43,100720
MVE,20200526,26.13,26.51,26.13,26.43,1883
MVF,20200526,0.55,0.575,0.55,0.565,5785128
MVP,20200526,8.46,8.72,8.1,8.25,277712
MVR,20200526,27.5,27.5,27.14,27.31,17302
MVS,20200526,17.46,17.69,17.46,17.68,3734
MVW,20200526,26.41,26.92,26.35,26.82,185118
MWY,20200526,0.955,0.965,0.95,0.95,28110
MX1,20200526,0.145,0.15,0.145,0.145,1490525
MXC,20200526,0.025,0.026,0.025,0.025,6198095
MXI,20200526,0.165,0.17,0.16,0.17,46185
MXR,20200526,0.06,0.063,0.058,0.058,1541524
MXT,20200526,1.87,1.885,1.855,1.855,671670
MYE,20200526,0.67,0.675,0.665,0.665,52170
MYL,20200526,0.055,0.055,0.052,0.053,5735857
MYQ,20200526,0.18,0.18,0.18,0.18,2500
MYR,20200526,0.285,0.32,0.285,0.32,27306692
MYS,20200526,3.73,3.81,3.7,3.77,57153
MYX,20200526,0.45,0.46,0.43,0.44,6575747
MZZ,20200526,0.245,0.255,0.245,0.245,694570
N1H,20200526,0.085,0.085,0.085,0.085,18800
NAB,20200526,15.87,16.64,15.81,16.64,13197918
NAC,20200526,0.76,0.795,0.76,0.785,38400
NAE,20200526,0.005,0.005,0.005,0.005,8063300
NAG,20200526,0.065,0.066,0.065,0.065,330673
NAM,20200526,0.345,0.345,0.33,0.33,21018
NAN,20200526,7.11,7.24,7.09,7.21,656577
NBI,20200526,1.595,1.63,1.59,1.62,397482
NC6,20200526,0.032,0.035,0.032,0.035,80600
NCC,20200526,0.78,0.78,0.77,0.77,56889
NCK,20200526,5.5,5.81,5.49,5.53,114738
NCM,20200526,31.53,31.87,31.37,31.84,2332151
NCR,20200526,0.006,0.006,0.006,0.006,1659858
NCZ,20200526,0.255,0.255,0.185,0.23,7724439
NDQ,20200526,24.69,24.81,24.66,24.81,342672
NEA,20200526,1.97,1.985,1.905,1.925,4250960
NEC,20200526,1.48,1.532,1.48,1.52,6755192
NES,20200526,0.049,0.049,0.047,0.049,250004
NET,20200526,0.038,0.039,0.035,0.036,11284954
NEU,20200526,1.71,1.71,1.68,1.68,22031
NEW,20200526,1.06,1.085,1.06,1.075,155419
NGI,20200526,1.305,1.35,1.277,1.31,989170
NHC,20200526,1.37,1.41,1.355,1.41,2944955
NHF,20200526,4.58,4.61,4.5,4.56,1697261
NIC,20200526,0.54,0.54,0.52,0.525,3149323
NML,20200526,0.17,0.175,0.165,0.165,903401
NMT,20200526,0.17,0.17,0.165,0.17,395209
NNT,20200526,0.052,0.059,0.052,0.059,356235
NOR,20200526,0.023,0.023,0.023,0.023,40202
NOV,20200526,0.175,0.19,0.175,0.19,34947
NOX,20200526,0.23,0.235,0.225,0.23,390646
NSB,20200526,0.175,0.175,0.175,0.175,118500
NSC,20200526,0.475,0.49,0.475,0.48,144339
NSR,20200526,1.775,1.825,1.765,1.8,5663433
NST,20200526,14.78,15.21,14.7,15.11,4372320
NTD,20200526,0.295,0.3,0.28,0.28,57738
NTI,20200526,0.006,0.006,0.006,0.006,88583
NTM,20200526,0.096,0.098,0.096,0.098,76912
NTO,20200526,1.7,1.7,1.64,1.665,298953
NTU,20200526,0.023,0.023,0.022,0.022,4177046
NUC,20200526,2.96,3,2.89,3,58515
NUF,20200526,5.26,5.45,5.22,5.43,1914573
NUH,20200526,0.021,0.021,0.02,0.02,5240952
NUS,20200526,0.34,0.34,0.33,0.33,25426
NVA,20200526,0.05,0.053,0.049,0.052,9547068
NVO,20200526,0.01,0.011,0.01,0.01,3710489
NVU,20200526,0.11,0.12,0.095,0.099,1474133
NWE,20200526,0.004,0.004,0.004,0.004,2164844
NWF,20200526,0.19,0.19,0.19,0.19,108344
NWH,20200526,2.04,2.09,1.94,1.985,5300538
NWL,20200526,8.02,8.13,7.83,7.99,712781
NWS,20200526,18.2,18.2,17.94,18.09,112338
NXE,20200526,0.006,0.007,0.006,0.007,203847
NXS,20200526,1.575,1.6,1.53,1.55,245224
NXT,20200526,9.5,9.64,9.32,9.56,1783028
NYR,20200526,0.17,0.17,0.16,0.165,133555
NZM,20200526,0.195,0.195,0.195,0.195,20000
NZS,20200526,0.014,0.014,0.014,0.014,673057
OAR,20200526,0.002,0.002,0.002,0.002,3750000
OAU,20200526,0.019,0.021,0.019,0.02,286649
OBL,20200526,4.37,4.54,4.35,4.44,555191
OBM,20200526,0.26,0.265,0.24,0.255,2755713
OCA,20200526,0.785,0.795,0.785,0.785,285450
OCC,20200526,0.335,0.347,0.315,0.325,1150750
OCL,20200526,7,7,6.78,6.83,71684
ODM,20200526,0.04,0.043,0.04,0.041,10501367
OEC,20200526,0.72,0.78,0.72,0.77,206420
OEL,20200526,0.007,0.007,0.006,0.007,7770740
OEX,20200526,0.002,0.002,0.002,0.002,288666
OFX,20200526,1.32,1.32,1.3,1.305,159197
OGA,20200526,0.095,0.095,0.095,0.095,22100
OGC,20200526,3.21,3.28,3.2,3.27,465874
OIL,20200526,0.039,0.043,0.039,0.043,195000
OKR,20200526,0.14,0.14,0.14,0.14,1192
OKU,20200526,0.3,0.3,0.3,0.3,172563
OLI,20200526,0.051,0.06,0.051,0.057,2828594
OLL,20200526,0.255,0.295,0.25,0.285,1141696
OMH,20200526,0.38,0.385,0.37,0.37,27261
OML,20200526,1.105,1.15,1.095,1.12,6547126
ONE,20200526,0.052,0.052,0.046,0.047,534951
ONT,20200526,5.12,5.31,5.12,5.31,4072
ONX,20200526,0.052,0.053,0.052,0.052,299300
OOO,20200526,3.54,3.59,3.53,3.59,1177468
OPC,20200526,4.72,4.86,4.69,4.75,28983
OPH,20200526,2.49,2.53,2.49,2.5,232969
OPL,20200526,0.115,0.115,0.1,0.1,324820
OPT,20200526,3.03,3.08,2.95,2.99,1308604
OPY,20200526,1.23,1.32,1.205,1.3,1038597
ORA,20200526,2.57,2.57,2.48,2.5,5708440
ORE,20200526,2.4,2.53,2.36,2.39,3569424
ORG,20200526,5.65,5.82,5.65,5.75,9541489
ORI,20200526,17.2,17.69,17.165,17.69,2516464
ORM,20200526,0.02,0.02,0.02,0.02,40500
ORN,20200526,0.018,0.018,0.017,0.017,727002
ORR,20200526,0.38,0.38,0.365,0.375,531375
OSH,20200526,3.38,3.52,3.38,3.47,13272192
OSL,20200526,0.105,0.105,0.1,0.105,2681930
OSP,20200526,0.012,0.016,0.012,0.016,15413354
OSX,20200526,0.51,0.51,0.49,0.495,54455
OTW,20200526,2.89,2.89,2.84,2.84,25932
OVH,20200526,0.22,0.23,0.215,0.225,437081
OVN,20200526,0.27,0.285,0.265,0.28,575264
OVT,20200526,0.022,0.022,0.021,0.021,82995
OZF,20200526,13.8,14.16,13.8,14.16,35748
OZG,20200526,0.16,0.16,0.16,0.16,244976
OZL,20200526,9.45,9.62,9.34,9.62,1340174
OZR,20200526,10.9,11.04,10.88,11.04,44773
PAA,20200526,0.105,0.105,0.095,0.096,882292
PAB,20200526,0.014,0.015,0.013,0.013,6713688
PAC,20200526,4.96,5,4.95,4.97,123393
PAF,20200526,0.705,0.71,0.69,0.7,16908
PAI,20200526,0.965,0.98,0.965,0.97,257384
PAK,20200526,0.01,0.01,0.01,0.01,839311
PAL,20200526,0.72,0.905,0.72,0.8,159506
PAR,20200526,2.59,2.66,2.55,2.64,1262225
PBH,20200526,5.23,5.28,5.05,5.06,1165783
PBP,20200526,1.9,1.97,1.88,1.95,133348
PCG,20200526,1.17,1.2,1.15,1.2,14229
PCI,20200526,0.95,0.965,0.945,0.945,252739
PCK,20200526,0.19,0.195,0.18,0.185,3819604
PCL,20200526,0.001,0.001,0.001,0.001,125000
PDL,20200526,6.2,6.35,6.15,6.31,1000496
PDN,20200526,0.12,0.125,0.12,0.12,3887733
PE1,20200526,1.55,1.55,1.52,1.545,49932
PEC,20200526,0.022,0.024,0.022,0.024,35655
PEK,20200526,0.025,0.027,0.025,0.026,1253844
PEN,20200526,0.13,0.135,0.13,0.135,558607
PET,20200526,0.56,0.625,0.555,0.58,3831517
PEX,20200526,0.125,0.16,0.125,0.145,338484
PFP,20200526,2.98,3.02,2.97,2.99,71189
PFT,20200526,0.2,0.22,0.2,0.215,676394
PG1,20200526,0.094,0.094,0.086,0.086,101016
PGC,20200526,0.165,0.175,0.16,0.17,797805
PGF,20200526,0.885,0.9,0.875,0.9,597986
PGG,20200526,1.525,1.605,1.52,1.57,230076
PGH,20200526,2.12,2.21,2.08,2.18,1585473
PGI,20200526,0.047,0.047,0.047,0.047,89299
PGL,20200526,1.025,1.31,1.025,1.24,660265
PGM,20200526,0.026,0.027,0.026,0.026,119617
PGR,20200526,0.056,0.056,0.056,0.056,30000
PGX,20200526,0.245,0.245,0.23,0.23,103086
PIA,20200526,1.07,1.075,1.06,1.065,129039
PIC,20200526,0.87,0.895,0.87,0.895,140755
PIO,20200526,0.012,0.012,0.011,0.011,2780050
PIQ,20200526,0.345,0.365,0.345,0.365,71060
PKD,20200526,0.033,0.033,0.033,0.033,99464
PKO,20200526,0.016,0.017,0.016,0.017,185000
PKS,20200526,0.185,0.19,0.18,0.19,126064
PL8,20200526,0.98,1,0.975,1,324707
PLL,20200526,0.11,0.115,0.11,0.11,2946448
PLS,20200526,0.26,0.267,0.255,0.26,10055268
PM1,20200526,0.015,0.016,0.015,0.016,1825000
PM8,20200526,0.27,0.285,0.26,0.26,829119
PMC,20200526,1.24,1.25,1.235,1.245,94729
PME,20200526,29.73,29.98,29.05,29.68,488249
PMV,20200526,16.08,16.36,15.85,16.1,500978
PMY,20200526,0.006,0.006,0.006,0.006,1018004
PNC,20200526,0.29,0.3,0.285,0.3,870347
PNI,20200526,4.24,4.24,3.95,4.05,646298
PNN,20200526,0.002,0.002,0.001,0.002,4405962
PNR,20200526,0.185,0.21,0.185,0.21,6049789
PNV,20200526,2.75,2.77,2.66,2.7,2530721
PNX,20200526,0.008,0.008,0.008,0.008,2889582
PO3,20200526,2.85,3.25,2.85,3.25,6593
POD,20200526,0.026,0.026,0.025,0.025,17189
POS,20200526,0.031,0.031,0.029,0.03,3422308
POU,20200526,18.18,18.21,18.18,18.21,1388
POW,20200526,0.008,0.009,0.008,0.008,16061912
PPC,20200526,0.735,0.795,0.735,0.78,2688594
PPE,20200526,2.08,2.23,2.06,2.08,721054
PPG,20200526,0.17,0.185,0.17,0.175,2061843
PPH,20200526,6.7,6.77,6.39,6.45,604425
PPK,20200526,4.07,4.16,3.9,4.07,189333
PPL,20200526,0.005,0.005,0.005,0.005,83712
PPS,20200526,0.39,0.42,0.39,0.405,1200142
PPT,20200526,30.34,30.95,30.07,30.72,204710
PRN,20200526,1.165,1.185,1.145,1.16,2681415
PRO,20200526,0.69,0.75,0.675,0.7,105302
PRT,20200526,0.105,0.105,0.105,0.105,505412
PRU,20200526,1.23,1.28,1.23,1.275,6165594
PRX,20200526,0.051,0.055,0.051,0.055,763016
PSC,20200526,0.089,0.089,0.085,0.085,191642
PSI,20200526,2.56,2.61,2.55,2.6,135696
PSQ,20200526,1.35,1.44,1.35,1.4,97166
PSZ,20200526,0.02,0.02,0.02,0.02,10000
PTB,20200526,0.52,0.575,0.52,0.56,207637
PTL,20200526,0.35,0.36,0.345,0.35,354174
PTM,20200526,3.77,3.82,3.72,3.77,2093118
PTR,20200526,0.056,0.057,0.056,0.057,233928
PTX,20200526,0.059,0.059,0.049,0.049,16137991
PUR,20200526,0.005,0.005,0.005,0.005,2474865
PWG,20200526,1.01,1.03,0.99,0.995,82693
PWH,20200526,4.18,4.18,4.06,4.15,52094
PWL,20200526,0.175,0.175,0.175,0.175,50000
PWN,20200526,0.007,0.007,0.007,0.007,3035084
PXS,20200526,0.096,0.096,0.09,0.091,1042751
PXX,20200526,0.034,0.035,0.032,0.035,418000
PYC,20200526,0.093,0.093,0.087,0.088,3416829
QAG,20200526,4.62,4.69,4.62,4.64,342
QAN,20200526,3.93,4.08,3.89,4.07,29196928
QAU,20200526,17.01,17.11,17.01,17.08,68549
QBE,20200526,8.15,8.24,7.9,8.19,6936454
QCB,20200526,5.9,6.06,5.61,6.06,2719
QFE,20200526,0.28,0.34,0.28,0.34,2116404
QFN,20200526,7.67,7.92,7.67,7.91,102053
QFY,20200526,0.002,0.002,0.001,0.002,15562525
QGL,20200526,0.038,0.038,0.035,0.035,33715
QHL,20200526,0.105,0.11,0.102,0.11,766590
QIP,20200526,1.11,1.11,1.085,1.11,64757
QOZ,20200526,10.95,11.21,10.95,11.21,53810
QRE,20200526,5.96,6.025,5.95,6.01,47560
QRI,20200526,1.365,1.4,1.36,1.375,153963
QUB,20200526,2.71,2.79,2.68,2.74,6807925
QUS,20200526,34.2,34.36,34.2,34.35,5241
QVE,20200526,0.775,0.785,0.77,0.78,473943
RAC,20200526,0.32,0.33,0.305,0.32,247407
RAG,20200526,0.006,0.007,0.006,0.007,4658936
RAN,20200526,0.008,0.008,0.007,0.008,143666
RAP,20200526,0.175,0.18,0.165,0.17,887434
RBL,20200526,1.25,1.295,1.23,1.26,637433
RBR,20200526,0.008,0.01,0.008,0.01,1222770
RCB,20200526,21.09,21.14,21.09,21.1,9016
RCE,20200526,0.67,0.76,0.66,0.76,1041901
RCL,20200526,0.285,0.285,0.27,0.28,81829
RCW,20200526,0.17,0.17,0.17,0.17,52158
RDC,20200526,0.79,0.83,0.77,0.8,604681
RDF,20200526,0.415,0.43,0.415,0.43,121411
RDH,20200526,0.53,0.555,0.53,0.55,111881
RDM,20200526,0.09,0.09,0.09,0.09,52916
RDN,20200526,0.005,0.005,0.005,0.005,1112557
RDV,20200526,22.1,22.78,22.1,22.78,7373
RDY,20200526,1.46,1.48,1.43,1.48,71685
REA,20200526,100.98,102.94,100.08,102.89,230164
RED,20200526,0.285,0.29,0.28,0.285,2633428
REE,20200526,0.06,0.07,0.057,0.069,25930204
REG,20200526,1.56,1.667,1.545,1.63,828393
REH,20200526,8.79,8.85,8.58,8.65,460958
RES,20200526,0.059,0.062,0.059,0.062,204274
REX,20200526,1.06,1.065,1.04,1.05,122460
REZ,20200526,0.016,0.016,0.015,0.016,3545984
RF1,20200526,2.27,2.27,2.19,2.24,116731
RFF,20200526,1.93,1.945,1.915,1.92,546113
RFG,20200526,0.072,0.072,0.067,0.068,3108529
RFN,20200526,0.003,0.003,0.002,0.002,3689000
RFT,20200526,0.04,0.042,0.039,0.042,750441
RFX,20200526,0.031,0.032,0.03,0.03,548539
RGB,20200526,23.64,23.64,23.6,23.6,6129
RGI,20200526,0.055,0.06,0.055,0.06,54237
RGL,20200526,0.032,0.033,0.03,0.031,5146457
RGS,20200526,0.075,0.076,0.075,0.076,13505
RHC,20200526,69.23,70.94,69.1,70.66,765188
RHP,20200526,2,2,1.89,1.915,499652
RHT,20200526,0.18,0.19,0.18,0.19,457501
RIC,20200526,0.725,0.73,0.715,0.73,170729
RIM,20200526,0.008,0.009,0.008,0.008,2448104
RIO,20200526,92.99,93.85,92,93.8,1488434
RKN,20200526,0.59,0.59,0.58,0.59,31059
RLC,20200526,0.004,0.004,0.004,0.004,500000
RLE,20200526,0.025,0.027,0.025,0.026,456321
RLG,20200526,0.022,0.026,0.022,0.025,4511612
RLT,20200526,1.205,1.23,1.18,1.23,28880
RMC,20200526,0.88,0.985,0.875,0.955,271132
RMD,20200526,25.1,25.16,24.83,25.04,1057062
RML,20200526,0.067,0.068,0.064,0.066,1828566
RMS,20200526,1.72,1.825,1.72,1.785,7768258
RMY,20200526,0.29,0.325,0.29,0.325,389653
RND,20200526,2.05,2.06,2.02,2.02,5772
RNE,20200526,0.02,0.02,0.02,0.02,25000
RNO,20200526,0.076,0.076,0.07,0.072,1093331
RNT,20200526,0.035,0.035,0.033,0.033,43600
RNU,20200526,0.012,0.012,0.011,0.012,793248
RNX,20200526,0.004,0.004,0.004,0.004,1186858
ROG,20200526,0.001,0.001,0.001,0.001,1648334
ROO,20200526,0.025,0.027,0.024,0.027,1030331
RPM,20200526,0.135,0.135,0.135,0.135,11367
RRL,20200526,5.25,5.35,5.22,5.35,2568232
RSG,20200526,1.115,1.15,1.11,1.13,9577388
RSH,20200526,0.07,0.072,0.068,0.071,1922094
RSM,20200526,21.81,21.82,21.81,21.82,535
RTG,20200526,0.065,0.065,0.063,0.063,171603
RTR,20200526,0.091,0.091,0.087,0.088,1416886
RUL,20200526,1.05,1.06,1.03,1.05,256773
RVR,20200526,0.063,0.063,0.062,0.062,384037
RVS,20200526,0.39,0.39,0.39,0.39,22400
RWC,20200526,2.96,3.01,2.95,3,2906520
RXM,20200526,0.078,0.079,0.078,0.079,77049
RXP,20200526,0.27,0.27,0.27,0.27,61463
RYD,20200526,1.255,1.265,1.255,1.265,34500
RZI,20200526,0.7,0.7,0.68,0.7,105346
S2R,20200526,0.105,0.115,0.1,0.115,211392
S32,20200526,1.91,1.92,1.88,1.915,20951575
S66,20200526,0.47,0.47,0.47,0.47,111
SAR,20200526,5.5,5.66,5.43,5.63,4707619
SAU,20200526,0.165,0.165,0.16,0.165,83500
SBM,20200526,3.2,3.24,3.16,3.2,4477273
SBR,20200526,0.002,0.003,0.002,0.003,48739568
SBW,20200526,0.065,0.07,0.065,0.07,47752
SCG,20200526,2.32,2.46,2.31,2.45,24700915
SCI,20200526,0.018,0.019,0.016,0.016,7386769
SCL,20200526,0.017,0.017,0.017,0.017,3653390
SCP,20200526,2.25,2.31,2.24,2.31,4305031
SCT,20200526,0.048,0.05,0.045,0.05,320000
SDF,20200526,3.27,3.34,3.24,3.32,2635617
SDG,20200526,1.12,1.175,1.12,1.175,19116
SDI,20200526,0.75,0.755,0.75,0.755,11596
SDV,20200526,0.76,0.81,0.76,0.78,585260
SDX,20200526,0.066,0.066,0.062,0.062,218722
SE1,20200526,0.029,0.032,0.027,0.027,15331203
SEC,20200526,1.275,1.305,1.275,1.305,193005
SEI,20200526,0.03,0.03,0.029,0.03,1389021
SEK,20200526,19.69,20.24,19.56,19.99,1628698
SEN,20200526,0.045,0.047,0.045,0.047,919994
SEQ,20200526,0.19,0.19,0.19,0.19,115910
SER,20200526,0.004,0.004,0.004,0.004,1000000
SES,20200526,0.064,0.064,0.062,0.062,565191
SFG,20200526,0.055,0.056,0.054,0.056,117589
SFR,20200526,4.45,4.49,4.36,4.49,1001599
SFX,20200526,0.115,0.115,0.099,0.1,1498823
SFY,20200526,51.13,52.16,51,52.16,30627
SGC,20200526,0.015,0.015,0.015,0.015,68041
SGF,20200526,1.7,1.78,1.65,1.66,162121
SGH,20200526,0.88,0.905,0.855,0.9,24464
SGM,20200526,7.75,7.86,7.53,7.83,692552
SGP,20200526,3.24,3.49,3.23,3.43,13882655
SGQ,20200526,0.105,0.11,0.098,0.105,3800873
SGR,20200526,2.94,3.16,2.94,3.11,7443642
SHE,20200526,0.006,0.006,0.006,0.006,300000
SHH,20200526,0.004,0.004,0.004,0.004,4400000
SHJ,20200526,0.79,0.82,0.785,0.82,155954
SHL,20200526,28.43,29,28.23,29,1631098
SHM,20200526,0.475,0.475,0.44,0.45,25420
SHO,20200526,0.025,0.025,0.025,0.025,222000
SHV,20200526,6.83,6.99,6.65,6.67,1029823
SI6,20200526,0.004,0.004,0.004,0.004,14931840
SIG,20200526,0.59,0.61,0.57,0.61,2089597
SIH,20200526,0.016,0.016,0.016,0.016,61232
SIO,20200526,0.26,0.27,0.255,0.26,108212
SIQ,20200526,6.02,6.64,6.02,6.59,1726183
SIS,20200526,0.016,0.016,0.016,0.016,99334
SIV,20200526,0.6,0.65,0.6,0.61,163925
SKC,20200526,2.38,2.445,2.37,2.43,1162625
SKF,20200526,0.145,0.145,0.145,0.145,63800
SKI,20200526,1.955,2.01,1.95,1.97,5868811
SKO,20200526,2.62,2.7,2.6,2.62,101540
SKT,20200526,0.175,0.19,0.16,0.165,4934360
SKY,20200526,0.32,0.33,0.29,0.295,1898361
SLC,20200526,1.09,1.12,1.035,1.07,2967564
SLF,20200526,10.45,11.09,10.45,11.06,253404
SLK,20200526,4.08,4.12,4,4.06,413024
SLM,20200526,0.685,0.69,0.68,0.69,18086
SLR,20200526,2.24,2.31,2.22,2.3,4642956
SLX,20200526,0.38,0.39,0.375,0.375,149299
SLZ,20200526,0.145,0.16,0.145,0.15,218072
SM1,20200526,6.75,6.81,6.61,6.68,44411
SMI,20200526,0.003,0.003,0.003,0.003,100000
SMN,20200526,0.37,0.375,0.365,0.37,62574
SMP,20200526,0.46,0.48,0.45,0.465,281464
SMR,20200526,0.86,0.875,0.84,0.85,87103
SMX,20200526,0.25,0.275,0.25,0.275,15000
SNC,20200526,0.625,0.63,0.625,0.63,95232
SND,20200526,0.46,0.46,0.46,0.46,6942
SNS,20200526,0.087,0.089,0.087,0.089,20000
SNZ,20200526,5.58,5.58,5.54,5.56,785
SO4,20200526,0.555,0.555,0.495,0.52,2831233
SOL,20200526,18.75,19.05,18.69,19.01,312625
SOM,20200526,0.98,1.05,0.98,1.02,271649
SOR,20200526,0.05,0.054,0.05,0.051,108910
SP3,20200526,0.056,0.056,0.053,0.053,220591
SPK,20200526,4.22,4.25,4.19,4.25,702146
SPL,20200526,1.14,1.165,1.125,1.125,391952
SPQ,20200526,0.005,0.006,0.005,0.006,1671000
SPT,20200526,0.51,0.52,0.49,0.51,4100741
SPX,20200526,0.195,0.2,0.19,0.2,1290496
SPY,20200526,455.86,458.74,455.86,458.74,230
SPZ,20200526,0.1,0.105,0.099,0.105,1017326
SRG,20200526,0.205,0.21,0.195,0.195,2003307
SRI,20200526,0.054,0.054,0.051,0.051,71452
SRN,20200526,0.003,0.003,0.003,0.003,8414390
SRV,20200526,2.15,2.19,2.13,2.18,102739
SSG,20200526,0.63,0.65,0.63,0.635,158805
SSM,20200526,2.03,2.04,1.982,2.03,2844788
SSO,20200526,14,14.17,14,14.17,729
ST1,20200526,0.195,0.2,0.185,0.2,539881
STA,20200526,0.15,0.15,0.145,0.15,66263
STG,20200526,1.015,1.015,0.95,0.955,45217
STM,20200526,0.006,0.008,0.006,0.008,33008934
STO,20200526,5.3,5.5,5.28,5.46,9976897
STW,20200526,52.49,53.44,52.4,53.1,203183
STX,20200526,0.21,0.212,0.195,0.195,6777788
SUD,20200526,0.04,0.043,0.039,0.043,258519
SUL,20200526,8.28,8.55,8.22,8.46,2434388
SUN,20200526,8.73,9.05,8.72,9.05,4897435
SVD,20200526,0.009,0.009,0.009,0.009,74075
SVM,20200526,0.165,0.17,0.155,0.155,873090
SVW,20200526,15.89,16.32,15.86,16.27,609972
SVY,20200526,0.655,0.675,0.625,0.635,758350
SW1,20200526,0.033,0.037,0.033,0.035,4034802
SWF,20200526,0.33,0.37,0.31,0.325,2635180
SWK,20200526,0.14,0.14,0.14,0.14,13000
SWM,20200526,0.086,0.093,0.085,0.09,18156733
SXE,20200526,0.455,0.47,0.45,0.46,692565
SXL,20200526,0.165,0.19,0.165,0.185,76899710
SXY,20200526,0.21,0.245,0.21,0.24,16984011
SYA,20200526,0.007,0.007,0.006,0.006,957251
SYD,20200526,5.98,6.22,5.94,6.17,14116519
SYI,20200526,22.91,23.46,22.91,23.41,17725
SYR,20200526,0.29,0.3,0.285,0.29,2305109
SZL,20200526,2.13,2.13,2.03,2.07,448132
TAH,20200526,3.28,3.33,3.26,3.32,10103336
TAM,20200526,0.051,0.052,0.05,0.051,1400888
TAO,20200526,0.079,0.079,0.079,0.079,120000
TAP,20200526,0.08,0.082,0.077,0.081,424850
TAR,20200526,0.013,0.013,0.013,0.013,128609
TAS,20200526,0.035,0.035,0.035,0.035,356652
TBR,20200526,7.17,7.41,7.02,7.15,20541
TCL,20200526,14.75,15,14.68,14.74,7651859
TCN,20200526,0.039,0.039,0.039,0.039,30865
TD1,20200526,0.03,0.031,0.03,0.031,4452276
TDI,20200526,1.575,1.585,1.535,1.585,65272
TDO,20200526,0.084,0.085,0.073,0.076,151044
TDY,20200526,0.16,0.18,0.15,0.175,398154
TEG,20200526,0.047,0.055,0.047,0.051,4737108
TEK,20200526,0.245,0.245,0.24,0.24,241663
TER,20200526,0.135,0.14,0.135,0.14,293986
TFL,20200526,0.115,0.115,0.115,0.115,5000
TGA,20200526,0.12,0.135,0.12,0.135,443724
TGF,20200526,1.305,1.33,1.295,1.295,158622
TGG,20200526,1.15,1.15,1.14,1.15,87406
TGH,20200526,0.17,0.195,0.17,0.19,267812
TGM,20200526,0.225,0.23,0.225,0.23,5000
TGP,20200526,0.86,0.88,0.86,0.88,220398
TGR,20200526,3.85,3.96,3.84,3.95,986623
THC,20200526,0.39,0.395,0.375,0.38,329660
THR,20200526,0.008,0.009,0.007,0.007,1312856
TIE,20200526,0.35,0.35,0.335,0.335,326203
TIN,20200526,0.18,0.19,0.165,0.165,2322787
TIP,20200526,0.56,0.565,0.56,0.565,5700
TKL,20200526,0.009,0.009,0.008,0.008,1124833
TKM,20200526,0.024,0.024,0.024,0.024,210000
TLG,20200526,0.395,0.4,0.355,0.37,294306
TLM,20200526,0.095,0.095,0.093,0.093,512668
TLS,20200526,3.14,3.24,3.12,3.23,41336507
TLT,20200526,3,3,2.85,2.92,9029
TLX,20200526,1.44,1.46,1.385,1.41,1926604
TMG,20200526,0.077,0.077,0.071,0.071,310883
TMR,20200526,0.245,0.26,0.245,0.255,301743
TMT,20200526,0.17,0.19,0.17,0.185,372819
TNE,20200526,9.51,9.58,9.46,9.53,1835625
TNG,20200526,0.055,0.056,0.053,0.054,2539582
TNK,20200526,0.81,0.83,0.81,0.83,17450
TNR,20200526,0.033,0.034,0.032,0.032,5498032
TNT,20200526,0.064,0.072,0.064,0.071,7232617
TNY,20200526,1.02,1.04,0.99,0.99,145938
TOE,20200526,0.009,0.009,0.009,0.009,1988757
TON,20200526,0.047,0.048,0.046,0.048,425051
TOP,20200526,0.465,0.515,0.46,0.5,149226
TOT,20200526,0.88,0.895,0.88,0.89,91244
TPM,20200526,8.18,8.32,8.145,8.26,1668354
TPP,20200526,0.044,0.044,0.043,0.043,236256
TPW,20200526,4.25,4.49,4.21,4.38,578804
TRL,20200526,0.016,0.016,0.016,0.016,150000
TRM,20200526,0.011,0.013,0.011,0.013,829000
TRS,20200526,4.85,5.04,4.83,5.03,450160
TRT,20200526,0.02,0.021,0.02,0.021,216806
TRY,20200526,0.092,0.094,0.091,0.091,678569
TSC,20200526,0.007,0.007,0.006,0.006,32166469
TSL,20200526,0.045,0.054,0.045,0.054,1625926
TSO,20200526,0.077,0.079,0.075,0.079,2247740
TTB,20200526,0.44,0.44,0.385,0.405,269735
TTM,20200526,0.08,0.088,0.08,0.086,1617896
TTT,20200526,0.67,0.685,0.67,0.685,155104
TWD,20200526,2.5,2.65,2.5,2.65,2717
TWE,20200526,9.67,10.02,9.64,9.78,5125928
TYM,20200526,0.036,0.036,0.033,0.033,260000
TYR,20200526,3.73,3.85,3.71,3.8,2418693
TYX,20200526,0.004,0.005,0.004,0.004,8420000
TZL,20200526,0.04,0.04,0.04,0.04,16334
TZN,20200526,0.038,0.038,0.038,0.038,1100
UBI,20200526,0.23,0.235,0.22,0.225,1018457
UBN,20200526,0.055,0.055,0.055,0.055,200000
UCM,20200526,0.22,0.225,0.215,0.215,196458
UMG,20200526,4.28,4.28,4.1,4.18,5115116
UNL,20200526,0.028,0.031,0.028,0.03,333560
UNV,20200526,0.155,0.16,0.155,0.16,39659
UOS,20200526,0.69,0.69,0.69,0.69,5000
URF,20200526,0.34,0.34,0.34,0.34,60907
URW,20200526,3.66,4.03,3.66,3.99,5543846
USD,20200526,14.85,14.86,14.78,14.78,71522
UWL,20200526,1.59,1.635,1.56,1.6,1110292
VAE,20200526,64.01,64.45,63.6,64.38,3099
VAF,20200526,52.74,52.76,52.68,52.72,48521
VAL,20200526,0.002,0.002,0.001,0.001,4832525
VAN,20200526,0.1,0.105,0.091,0.092,1056160
VAP,20200526,68.01,71.1,68.01,70.72,86142
VAS,20200526,71.95,73.44,71.77,73.44,258648
VCF,20200526,50.08,50.08,49.89,49.89,7700
VCX,20200526,1.615,1.7,1.61,1.69,15663550
VEA,20200526,1.57,1.64,1.565,1.615,3952530
VEE,20200526,0.415,0.415,0.415,0.415,1437
VEN,20200526,0.049,0.058,0.048,0.052,2541186
VEQ,20200526,51.65,51.91,51.26,51.89,6599
VEU,20200526,68.17,68.93,68.14,68.75,34723
VG1,20200526,2.12,2.14,2.11,2.14,196106
VG8,20200526,2.05,2.07,2.04,2.06,566675
VGB,20200526,53.94,53.98,53.91,53.91,32993
VGE,20200526,61.99,63,61.99,62.71,12950
VGI,20200526,9.75,9.87,9.61,9.76,30101
VGL,20200526,1.305,1.31,1.25,1.3,140140
VGS,20200526,77.64,78.2,77.5,78.15,57664
VHT,20200526,1.5,1.525,1.44,1.47,861521
VHY,20200526,48.12,49.56,48.1,49.56,81435
VIC,20200526,0.001,0.001,0.001,0.001,1100000
VIF,20200526,51.88,52.02,51.87,51.98,21572
VIP,20200526,0.035,0.038,0.035,0.036,1067025
VLC,20200526,56.78,58,56.78,58,22063
VLS,20200526,0.55,0.55,0.54,0.54,11759
VLT,20200526,0.22,0.23,0.215,0.215,290279
VMG,20200526,0.002,0.002,0.001,0.001,1050000
VML,20200526,0.013,0.013,0.012,0.012,4177633
VMS,20200526,0.018,0.018,0.017,0.018,1967349
VMT,20200526,0.215,0.215,0.21,0.215,380142
VMX,20200526,0.17,0.17,0.16,0.16,584812
VMY,20200526,0.049,0.05,0.049,0.05,302270
VN8,20200526,0.12,0.12,0.105,0.11,19090
VOC,20200526,2.95,3.04,2.92,3.02,1463865
VOR,20200526,0.135,0.14,0.13,0.135,180677
VR1,20200526,0.032,0.032,0.03,0.032,2821973
VR8,20200526,0.017,0.017,0.017,0.017,296052
VRC,20200526,0.018,0.025,0.018,0.024,56926509
VRL,20200526,2.09,2.12,2.08,2.1,613592
VRS,20200526,0.032,0.032,0.03,0.03,587834
VRT,20200526,3.31,3.73,3.31,3.73,868321
VRX,20200526,0.096,0.097,0.096,0.097,169380
VSO,20200526,55.27,55.9,55,55.71,64895
VTG,20200526,1.05,1.065,1.03,1.065,165814
VTH,20200526,0.75,0.75,0.74,0.75,197553
VTI,20200526,0.017,0.017,0.017,0.017,174507
VTS,20200526,230.5,231.46,230,230.95,22169
VUK,20200526,1.49,1.615,1.485,1.58,6296636
VUL,20200526,0.265,0.275,0.255,0.26,1065856
VVA,20200526,2.45,2.7,2.45,2.45,70563
VXR,20200526,0.07,0.07,0.064,0.064,495768
WAA,20200526,0.9,0.915,0.9,0.915,102585
WAF,20200526,0.81,0.81,0.78,0.79,2948462
WAM,20200526,1.875,1.91,1.87,1.89,793924
WAX,20200526,1.36,1.37,1.34,1.345,168532
WBC,20200526,15.4,16.3,15.35,16.3,17699859
WBE,20200526,0.005,0.007,0.005,0.006,25887599
WBT,20200526,0.36,0.36,0.34,0.36,52198
WCN,20200526,0.007,0.007,0.007,0.007,5213541
WEB,20200526,4.5,4.8,4.31,4.4,27762792
WEL,20200526,0.035,0.035,0.03,0.03,826078
WES,20200526,39.72,40.92,39.6,40.84,2293105
WGB,20200526,2.05,2.07,2.05,2.05,170856
WGN,20200526,0.835,0.915,0.79,0.86,432408
WGO,20200526,0.18,0.185,0.175,0.175,2409744
WGX,20200526,2.39,2.42,2.31,2.39,1441356
WHC,20200526,1.76,1.85,1.75,1.84,8771506
WHF,20200526,4.65,4.77,4.65,4.75,41376
WHK,20200526,0.071,0.072,0.068,0.07,877430
WIC,20200526,0.875,0.905,0.875,0.885,116400
WKT,20200526,0.11,0.115,0.11,0.115,29385
WLD,20200526,0.036,0.041,0.036,0.041,230717
WLE,20200526,1.06,1.065,1.05,1.06,1829788
WMI,20200526,1.23,1.32,1.23,1.27,292492
WML,20200526,0.012,0.012,0.012,0.012,700000
WNB,20200526,0.008,0.008,0.007,0.007,25566087
WND,20200526,0.975,0.985,0.975,0.985,7829
WNR,20200526,0.255,0.255,0.255,0.255,4000
WOA,20200526,0.33,0.405,0.32,0.365,3213838
WOR,20200526,9.18,9.41,9.12,9.27,2559795
WOW,20200526,34.67,35.34,34.47,35.34,3293663
WPL,20200526,22.9,23.4,22.87,23.24,4348097
WPP,20200526,0.24,0.275,0.24,0.275,2527800
WPR,20200526,2.52,2.62,2.51,2.62,3424072
WQG,20200526,1.26,1.295,1.26,1.295,239804
WSA,20200526,2.26,2.27,2.17,2.26,1669603
WSI,20200526,0.011,0.011,0.011,0.011,1318649
WSP,20200526,2.6,2.61,2.36,2.38,1287501
WTC,20200526,22.02,22.28,21.55,22.19,1663707
WWI,20200526,0.012,0.012,0.011,0.011,304170
WZR,20200526,0.16,0.165,0.15,0.165,9671779
XAM,20200526,0.04,0.044,0.04,0.044,302826
XCD,20200526,0.011,0.012,0.011,0.011,1082378
XF1,20200526,0.18,0.18,0.17,0.175,350486
XPL,20200526,0.055,0.056,0.054,0.054,292252
XRF,20200526,0.205,0.215,0.205,0.215,223267
XRO,20200526,82.58,85.88,82.43,85.04,578734
XTC,20200526,0.003,0.003,0.002,0.002,2400000
XTD,20200526,0.025,0.025,0.024,0.024,500000
XTE,20200526,0.56,0.58,0.555,0.555,108400
YAL,20200526,2.16,2.18,2.1,2.14,134886
YBR,20200526,0.066,0.066,0.066,0.066,20000
YOJ,20200526,0.049,0.054,0.049,0.052,2233258
YOW,20200526,0.056,0.057,0.055,0.057,654845
YPB,20200526,0.003,0.003,0.003,0.003,53387
YRL,20200526,0.28,0.28,0.27,0.27,87259
Z1P,20200526,3.68,3.76,3.65,3.7,6776542
ZEL,20200526,2.74,2.77,2.7,2.77,348154
ZEN,20200526,0.96,0.96,0.935,0.945,988585
ZER,20200526,0.145,0.145,0.14,0.14,3880
ZEU,20200526,0.008,0.008,0.008,0.008,1200000
ZGL,20200526,0.05,0.05,0.05,0.05,14103
ZIM,20200526,9.99,9.99,9.92,9.99,3097
ZLD,20200526,0.05,0.051,0.047,0.048,3614442
ZNO,20200526,1.89,1.895,1.855,1.87,298832
XAF,20200526,5436.2,5603.4,5436.2,5603.4,0
XAO,20200526,5729.9,5889.9,5729.9,5889.9,0
XAT,20200526,5563.1,5727.1,5563.1,5727.1,0
XDJ,20200526,2276.5,2348.9,2276.5,2347.4,0
XEC,20200526,1317.3,1339.3,1317.3,1332.1,0
XEJ,20200526,7550.1,7801.1,7539.9,7763.5,0
XFJ,20200526,4207.8,4386.7,4207.8,4386.7,0
XFL,20200526,5473.3,5643.2,5473.3,5643.2,0
XGD,20200526,8395.3,8548.8,8372.9,8538.4,0
XHJ,20200526,42915.8,44062.7,42825.1,44062.7,0
XIJ,20200526,1481.3,1519,1481.3,1515.5,0
XJO,20200526,5615.6,5780,5615.6,5780,0
XJR,20200526,4336.8,4420.9,4332.6,4420.9,0
XKO,20200526,5587.1,5749.5,5587.1,5749.5,0
XMD,20200526,6383.4,6542.9,6383.4,6534.6,0
XMJ,20200526,12940.3,13181.6,12936.4,13181.6,0
XMM,20200526,4343.8,4416.9,4335.9,4416.9,0
XNJ,20200526,5774.4,5923.6,5774.4,5896.2,0
XPJ,20200526,1205.8,1263.8,1205.8,1260.7,0
XSJ,20200526,11719.2,11913.9,11719.2,11896.7,0
XSO,20200526,2591.5,2649.8,2591.5,2649.8,0
XTJ,20200526,1140.9,1180.3,1140.9,1178.5,0
XTL,20200526,3059.3,3161.7,3059.3,3161.7,0
XTO,20200526,4621.2,4759.4,4621.2,4759.4,0
XUJ,20200526,7616.4,7755.5,7598.6,7694.6,0
XXJ,20200526,4693.1,4892.6,4693.1,4892.6,0
