360,20200601,2.03,2.1,2.03,2.1,50434
14D,20200601,0.155,0.155,0.15,0.15,33378
1AD,20200601,0.074,0.074,0.074,0.074,32000
1AG,20200601,0.039,0.039,0.037,0.037,656339
1ST,20200601,0.032,0.032,0.03,0.03,824000
2BE,20200601,0.096,0.096,0.096,0.096,45500
3DA,20200601,0.16,0.16,0.15,0.15,209281
3DP,20200601,0.041,0.041,0.041,0.041,71770
4DS,20200601,0.051,0.051,0.05,0.051,578105
5GN,20200601,1.13,1.17,1.1,1.155,566008
88E,20200601,0.005,0.006,0.005,0.006,4094869
9SP,20200601,0.018,0.018,0.017,0.018,3153222
A1G,20200601,0.125,0.13,0.11,0.125,160123
A1M,20200601,0.3,0.31,0.3,0.3,107672
A2B,20200601,0.765,0.82,0.76,0.79,201468
A2M,20200601,17.51,17.63,17.08,17.31,2823716
A3D,20200601,0.072,0.074,0.071,0.071,97180
A4N,20200601,0.165,0.17,0.16,0.165,295056
AAA,20200601,50.07,50.08,50.07,50.07,120700
AAC,20200601,1.08,1.08,1.05,1.05,435694
AAJ,20200601,0.006,0.006,0.004,0.004,20453772
AAP,20200601,0.009,0.009,0.009,0.009,70000
AAR,20200601,0.14,0.142,0.135,0.135,389783
ABA,20200601,4.59,4.67,4.58,4.58,11617
ABC,20200601,2.75,3,2.72,2.96,3107303
ABP,20200601,2.54,2.64,2.48,2.57,2371575
ABR,20200601,0.71,0.727,0.65,0.67,1630501
ABT,20200601,0.016,0.016,0.016,0.016,2400
ABV,20200601,0.023,0.023,0.023,0.023,195000
ABX,20200601,0.094,0.094,0.09,0.09,26362
AC8,20200601,0.175,0.175,0.17,0.175,312578
ACB,20200601,0.009,0.009,0.009,0.009,10000
ACF,20200601,0.275,0.285,0.27,0.285,210153
ACQ,20200601,0.89,0.905,0.89,0.895,100703
ACR,20200601,0.18,0.18,0.16,0.16,589008
ACS,20200601,0.005,0.005,0.005,0.005,25000
ACU,20200601,0.089,0.089,0.085,0.085,72656
ACW,20200601,0.019,0.019,0.018,0.018,31354
AD1,20200601,0.011,0.013,0.011,0.013,317947
AD8,20200601,6.5,6.6,6.23,6.25,231104
ADA,20200601,0.46,0.475,0.435,0.435,37448
ADD,20200601,0.016,0.021,0.015,0.021,1127600
ADH,20200601,1.87,1.91,1.825,1.885,836959
ADI,20200601,2.48,2.51,2.4,2.43,241556
ADN,20200601,0.072,0.075,0.058,0.059,70458944
ADO,20200601,0.023,0.024,0.023,0.023,1573603
ADR,20200601,0.025,0.025,0.025,0.025,45000
ADS,20200601,0.022,0.022,0.02,0.021,361929
ADT,20200601,1.375,1.53,1.36,1.5,1102087
ADV,20200601,0.005,0.005,0.005,0.005,316752
ADX,20200601,0.007,0.007,0.007,0.007,2392288
ADY,20200601,0.012,0.012,0.012,0.012,60000
AEF,20200601,7.3,7.8,7.11,7.15,479338
AEG,20200601,1.125,1.145,1.125,1.145,116118
AEI,20200601,0.69,0.69,0.625,0.625,2020231
AEV,20200601,0.01,0.011,0.01,0.011,1150000
AFG,20200601,1.59,1.7,1.585,1.69,2514004
AFI,20200601,6.07,6.19,6.06,6.09,439794
AGD,20200601,0.155,0.155,0.135,0.155,363306
AGE,20200601,0.006,0.006,0.006,0.006,6362440
AGG,20200601,7.75,8,7.53,7.65,49703
AGH,20200601,0.365,0.38,0.365,0.375,599130
AGI,20200601,0.46,0.46,0.44,0.445,212625
AGL,20200601,16.72,16.82,16.62,16.82,1452404
AGM,20200601,1.63,1.63,1.61,1.61,9287
AGR,20200601,0.07,0.07,0.06,0.06,733741
AGS,20200601,0.185,0.19,0.185,0.19,61570
AGY,20200601,0.068,0.068,0.065,0.067,579096
AHF,20200601,0.073,0.076,0.073,0.074,59068
AHL,20200601,0.005,0.005,0.005,0.005,100000
AHQ,20200601,0.071,0.071,0.069,0.07,424293
AHX,20200601,0.45,0.475,0.45,0.475,101502
AHY,20200601,1.02,1.035,1,1.005,143152
AIA,20200601,5.99,6.03,5.91,6.02,376205
AIS,20200601,0.045,0.045,0.043,0.043,421156
AIZ,20200601,1.32,1.39,1.285,1.355,4392960
AJL,20200601,0.048,0.048,0.048,0.048,110734
AJM,20200601,0.045,0.046,0.044,0.046,1480457
AJQ,20200601,0.029,0.032,0.029,0.03,1168521
AJX,20200601,0.044,0.046,0.044,0.045,91623
AKG,20200601,0.24,0.24,0.24,0.24,1000
AKM,20200601,0.076,0.076,0.074,0.074,357966
AKP,20200601,22.5,22.95,22,22.11,39894
AL3,20200601,0.165,0.17,0.165,0.17,131229
ALC,20200601,0.155,0.165,0.155,0.16,1960692
ALD,20200601,27.06,27.56,26.435,27.4,1022174
ALF,20200601,0.875,0.885,0.875,0.885,168862
ALG,20200601,0.455,0.46,0.417,0.42,8066631
ALI,20200601,2.27,2.27,2.2,2.21,68360
ALK,20200601,0.925,0.985,0.915,0.98,5223464
ALL,20200601,25.61,26.48,25.61,26.48,2024381
ALQ,20200601,7,7.14,6.92,7.05,1575754
ALT,20200601,0.002,0.003,0.002,0.003,2061683
ALU,20200601,37,37.42,36.67,37.31,460766
ALX,20200601,6.52,6.64,6.51,6.6,4929436
ALY,20200601,0.013,0.013,0.013,0.013,608998
AMA,20200601,0.64,0.645,0.607,0.63,6867343
AMC,20200601,15.1,15.17,14.78,14.99,2450990
AMD,20200601,0.007,0.007,0.006,0.007,1014359
AME,20200601,0.076,0.076,0.073,0.074,717398
AMH,20200601,0.895,0.9,0.89,0.895,97748
AMI,20200601,0.33,0.36,0.325,0.355,4615947
AML,20200601,0.09,0.094,0.083,0.089,604691
AMN,20200601,0.46,0.46,0.435,0.435,27862
AMP,20200601,1.61,1.695,1.605,1.675,14511357
AMS,20200601,0.57,0.58,0.54,0.55,546873
AMT,20200601,0.12,0.12,0.115,0.12,252888
AMX,20200601,1.7,1.71,1.68,1.68,82887
ANA,20200601,0.016,0.017,0.016,0.017,3345041
ANG,20200601,0.135,0.135,0.135,0.135,7959
ANL,20200601,0.002,0.002,0.001,0.001,8875025
ANN,20200601,34.71,35.76,34.29,35.76,604205
ANO,20200601,4.89,4.98,4.8,4.83,6766
ANP,20200601,0.07,0.072,0.069,0.071,2390728
ANR,20200601,0.19,0.19,0.19,0.19,10000
ANW,20200601,0.001,0.001,0.001,0.001,16450000
ANZ,20200601,17.72,18.22,17.41,18.05,8024480
AO1,20200601,0.008,0.008,0.008,0.008,262761
AOA,20200601,0.003,0.003,0.003,0.003,326666
AOF,20200601,2.17,2.21,2.11,2.21,110113
AON,20200601,0.027,0.028,0.025,0.027,790000
AOP,20200601,0.285,0.31,0.285,0.295,1233404
AOU,20200601,0.07,0.07,0.069,0.069,153574
APA,20200601,11.35,11.61,11.32,11.52,1395447
APC,20200601,0.05,0.05,0.05,0.05,545671
APD,20200601,0.56,0.56,0.535,0.55,128781
APE,20200601,6.4,6.55,6.25,6.53,763002
APH,20200601,0.13,0.13,0.12,0.12,60008
API,20200601,1.155,1.17,1.13,1.155,916789
APL,20200601,0.97,0.985,0.965,0.985,371974
APT,20200601,46.53,48.1,46.53,47.75,2732777
APV,20200601,0.17,0.17,0.16,0.17,48594
APW,20200601,1.255,1.255,1.255,1.255,32000
APX,20200601,30.7,31.24,30.35,30.83,2932210
AQD,20200601,0.013,0.013,0.013,0.013,303847
AQG,20200601,9.44,9.83,9.43,9.65,914165
AQI,20200601,0.08,0.08,0.075,0.075,281204
AQR,20200601,3.33,3.37,3.25,3.3,80710
AQS,20200601,0.013,0.013,0.013,0.013,14444
AQX,20200601,0.023,0.025,0.023,0.024,2118005
AQZ,20200601,2.65,2.67,2.58,2.62,175480
AR9,20200601,0.056,0.06,0.056,0.058,551159
ARB,20200601,16.81,17.345,16.76,17.27,162225
ARD,20200601,0.02,0.022,0.019,0.02,7461832
ARE,20200601,0.007,0.007,0.006,0.007,6839417
ARF,20200601,2.48,2.565,2.38,2.4,574175
ARG,20200601,7.45,7.5,7.42,7.46,166254
ARL,20200601,0.31,0.31,0.28,0.28,285036
ARM,20200601,0.03,0.031,0.028,0.028,6815184
ARN,20200601,0.089,0.09,0.082,0.087,1075868
ARQ,20200601,0.11,0.11,0.095,0.098,292052
ARS,20200601,0.048,0.048,0.047,0.047,546938
ARU,20200601,0.076,0.078,0.073,0.074,1970838
ARV,20200601,0.031,0.033,0.031,0.032,4374902
ASB,20200601,3.4,3.68,3.4,3.65,4812209
ASG,20200601,0.965,0.97,0.95,0.97,158278
ASQ,20200601,0.04,0.048,0.04,0.048,336896
AST,20200601,1.735,1.765,1.735,1.75,7897725
ASW,20200601,0.7,0.7,0.7,0.7,5000
ASX,20200601,87.73,88.03,86.72,87.89,333972
AT1,20200601,0.345,0.352,0.325,0.335,3298894
ATC,20200601,0.049,0.049,0.048,0.048,693551
ATH,20200601,0.017,0.018,0.017,0.017,1226715
ATL,20200601,0.35,0.37,0.35,0.36,90200
ATS,20200601,0.03,0.03,0.029,0.029,10554512
ATU,20200601,0.24,0.24,0.24,0.24,10000
ATX,20200601,0.145,0.16,0.14,0.14,563032
AU8,20200601,0.058,0.061,0.057,0.06,553914
AUB,20200601,13.9,13.9,13.35,13.48,129619
AUC,20200601,0.014,0.014,0.014,0.014,989454
AUI,20200601,7.96,8.17,7.95,8.17,15569
AUL,20200601,0.28,0.29,0.27,0.29,43769
AUR,20200601,0.018,0.02,0.018,0.02,705000
AUT,20200601,0.053,0.054,0.05,0.05,5221430
AUZ,20200601,0.01,0.01,0.009,0.009,2995479
AVA,20200601,0.16,0.16,0.16,0.16,58709
AVE,20200601,0.008,0.008,0.008,0.008,141500
AVG,20200601,0.43,0.43,0.405,0.43,57507
AVH,20200601,0.475,0.49,0.47,0.49,9914661
AVJ,20200601,0.42,0.42,0.405,0.415,325794
AVL,20200601,0.01,0.01,0.009,0.01,2292421
AVN,20200601,1.97,1.995,1.902,1.915,1525714
AVR,20200601,6.15,6.37,6.15,6.29,3166
AVW,20200601,0.004,0.004,0.002,0.002,26196716
AVZ,20200601,0.064,0.064,0.062,0.062,2777308
AWC,20200601,1.475,1.525,1.47,1.515,26385863
AWV,20200601,0.023,0.025,0.021,0.023,2401541
AX1,20200601,1.33,1.37,1.315,1.35,1677771
AX8,20200601,0.035,0.035,0.035,0.035,13200
AXE,20200601,0.645,0.65,0.62,0.63,996514
AYF,20200601,5.4,5.4,5.4,5.4,3785
AYI,20200601,0.001,0.001,0.001,0.001,535050
AYS,20200601,0.33,0.33,0.32,0.32,60031
AZJ,20200601,4.7,4.8,4.65,4.79,5953499
AZS,20200601,0.099,0.1,0.095,0.095,70101
AZV,20200601,0.075,0.075,0.075,0.075,25000
AZY,20200601,0.027,0.028,0.027,0.027,3216210
BAF,20200601,0.715,0.725,0.71,0.71,109378
BAP,20200601,5.8,5.97,5.79,5.89,1852605
BAR,20200601,0.017,0.019,0.017,0.018,637239
BAT,20200601,0.006,0.007,0.006,0.006,745118
BBN,20200601,3.28,3.32,3.19,3.23,195939
BBX,20200601,0.096,0.096,0.093,0.093,481348
BC8,20200601,0.63,0.7,0.61,0.7,363446
BCB,20200601,0.047,0.047,0.045,0.045,736609
BCC,20200601,0.17,0.18,0.17,0.175,60930
BCI,20200601,0.165,0.17,0.165,0.17,334659
BCK,20200601,0.023,0.023,0.023,0.023,41500
BCN,20200601,0.039,0.039,0.037,0.037,2430039
BCT,20200601,0.063,0.07,0.06,0.065,581081
BD1,20200601,0.03,0.031,0.03,0.03,1047999
BDA,20200601,0.295,0.295,0.275,0.28,461271
BDC,20200601,0.087,0.09,0.087,0.089,2929824
BDG,20200601,0.063,0.063,0.063,0.063,19999
BEE,20200601,0.015,0.015,0.015,0.015,120918
BEM,20200601,0.04,0.04,0.039,0.039,39684
BEN,20200601,6.14,6.32,6.04,6.21,4881522
BET,20200601,0.35,0.36,0.335,0.35,1965069
BFC,20200601,0.053,0.053,0.049,0.049,1478635
BFG,20200601,1.15,1.15,1.105,1.125,159677
BGA,20200601,5.36,5.4,5.26,5.32,641325
BGL,20200601,0.905,0.945,0.9,0.92,6530156
BGP,20200601,3.05,3.05,2.7,2.7,4150
BGT,20200601,0.155,0.16,0.155,0.16,13036
BHP,20200601,35,35.71,34.87,35.71,7176664
BID,20200601,0.72,0.72,0.7,0.7,171345
BIN,20200601,2.35,2.56,2.34,2.53,2973925
BIQ,20200601,0.006,0.006,0.006,0.006,1709152
BIS,20200601,0.92,0.92,0.88,0.88,3912
BIT,20200601,0.092,0.093,0.091,0.091,1752998
BKI,20200601,1.43,1.46,1.43,1.435,152282
BKL,20200601,82,83.99,81.5,82.96,73909
BKW,20200601,15.15,15.63,15.07,15.63,365868
BKY,20200601,0.265,0.265,0.255,0.26,31947
BLD,20200601,3.1,3.36,3.09,3.32,16868530
BLG,20200601,0.025,0.026,0.024,0.024,462442
BLK,20200601,0.017,0.019,0.016,0.019,61695405
BLU,20200601,0.033,0.033,0.032,0.032,1798817
BLV,20200601,0.071,0.071,0.071,0.071,17778
BLX,20200601,0.97,0.972,0.94,0.97,40421
BLY,20200601,0.63,0.63,0.615,0.615,33286
BLZ,20200601,0.019,0.019,0.018,0.018,66578
BMN,20200601,0.038,0.039,0.037,0.038,1069712
BNL,20200601,0.008,0.009,0.008,0.008,2517866
BNO,20200601,0.049,0.051,0.048,0.048,430000
BNR,20200601,0.062,0.067,0.062,0.067,91699
BOC,20200601,0.255,0.255,0.24,0.24,35790
BOE,20200601,0.066,0.067,0.063,0.065,1139568
BOL,20200601,0.09,0.091,0.09,0.09,1015508
BOQ,20200601,5.24,5.39,5.16,5.24,5469646
BOT,20200601,0.049,0.049,0.047,0.049,4348405
BPL,20200601,0.022,0.022,0.022,0.022,356570
BPP,20200601,0.015,0.015,0.015,0.015,400000
BPT,20200601,1.58,1.67,1.56,1.67,15521785
BRB,20200601,0.27,0.275,0.265,0.27,113112
BRG,20200601,22,22.76,21.9,22.63,166240
BRI,20200601,1.5,1.5,1.5,1.5,334
BRK,20200601,0.006,0.006,0.005,0.005,1454351
BRL,20200601,0.055,0.06,0.055,0.055,979840
BRN,20200601,0.074,0.079,0.073,0.077,10003545
BRU,20200601,0.11,0.11,0.105,0.105,795641
BRV,20200601,0.035,0.037,0.033,0.035,5323976
BSA,20200601,0.255,0.265,0.255,0.265,186568
BSE,20200601,0.17,0.17,0.17,0.17,260998
BSL,20200601,10.97,11.32,10.8,11.22,2955703
BSX,20200601,0.155,0.17,0.155,0.165,623606
BTH,20200601,0.77,0.785,0.745,0.755,1573539
BTI,20200601,0.8,0.81,0.79,0.81,16822
BUB,20200601,1.055,1.07,1.035,1.05,5588777
BUD,20200601,0.013,0.014,0.012,0.014,4376726
BUG,20200601,0.165,0.165,0.165,0.165,60000
BUY,20200601,0.011,0.011,0.011,0.011,871846
BVS,20200601,4.81,4.94,4.8,4.89,502618
BWF,20200601,0.295,0.3,0.29,0.29,34880
BWP,20200601,3.73,3.77,3.66,3.69,1432652
BWR,20200601,1.335,1.335,1.335,1.335,1000
BWX,20200601,3.86,3.86,3.75,3.78,355549
BXB,20200601,11.5,11.63,11.39,11.63,2512985
BYE,20200601,0.14,0.145,0.135,0.135,2942013
BYH,20200601,0.057,0.059,0.056,0.059,85600
C6C,20200601,0.5,0.5,0.485,0.49,24350
CAD,20200601,0.002,0.002,0.001,0.001,1550000
CAF,20200601,0.084,0.095,0.084,0.095,375071
CAG,20200601,0.445,0.445,0.43,0.43,11126
CAI,20200601,0.535,0.57,0.5,0.5,3817276
CAJ,20200601,0.22,0.22,0.215,0.215,929409
CAM,20200601,0.77,0.82,0.77,0.77,77153
CAN,20200601,1.17,1.175,1.14,1.155,323041
CAP,20200601,0.023,0.023,0.023,0.023,18000
CAR,20200601,15.95,16.29,15.95,16.27,714054
CAT,20200601,1.42,1.42,1.355,1.395,556095
CAU,20200601,0.12,0.12,0.115,0.115,297169
CAV,20200601,0.005,0.005,0.005,0.005,500000
CAY,20200601,0.125,0.13,0.125,0.127,598801
CAZ,20200601,0.031,0.034,0.031,0.032,2577817
CBA,20200601,63.05,64.23,62.31,63.9,3070283
CBE,20200601,0.18,0.18,0.18,0.18,15700
CBR,20200601,2.15,2.18,2,2,291504
CBY,20200601,0.076,0.076,0.076,0.076,43000
CCA,20200601,0.094,0.094,0.085,0.085,509910
CCE,20200601,0.001,0.001,0.001,0.001,669953
CCL,20200601,8.71,8.85,8.63,8.7,2750222
CCP,20200601,17.07,17.16,16.22,16.51,1015157
CCV,20200601,0.21,0.215,0.205,0.215,346992
CCX,20200601,2.95,2.98,2.73,2.82,775106
CCZ,20200601,0.023,0.024,0.023,0.023,3807791
CD1,20200601,0.875,0.875,0.87,0.87,11578
CDA,20200601,7.19,7.22,7.02,7.18,269887
CDD,20200601,0.3,0.3,0.29,0.29,157918
CDM,20200601,0.6,0.63,0.595,0.625,825901
CDP,20200601,3.6,3.7,3.55,3.64,24301
CDT,20200601,0.009,0.011,0.009,0.01,3327800
CDV,20200601,0.41,0.415,0.405,0.41,616327
CDX,20200601,0.027,0.029,0.027,0.028,1058501
CE1,20200601,0.005,0.005,0.005,0.005,3360150
CEL,20200601,0.225,0.28,0.225,0.275,4793899
CEN,20200601,5.81,6.15,5.81,6.15,669
CFE,20200601,0.003,0.003,0.002,0.002,2837233
CG1,20200601,0.235,0.235,0.23,0.23,77478
CGA,20200601,0.3,0.3,0.3,0.3,10000
CGC,20200601,3.22,3.42,3.16,3.2,4124384
CGF,20200601,4.97,5.07,4.86,4.94,3661152
CGL,20200601,2.86,2.9,2.79,2.83,167221
CGO,20200601,0.12,0.12,0.12,0.12,4167
CGR,20200601,0.28,0.29,0.275,0.28,634325
CGS,20200601,0.3,0.315,0.295,0.315,79580
CHC,20200601,9.4,9.76,9.4,9.75,2210259
CHK,20200601,0.01,0.011,0.01,0.011,8629736
CHN,20200601,1.035,1.075,1.005,1.07,3054499
CHZ,20200601,0.087,0.092,0.087,0.088,1086743
CI1,20200601,0.029,0.029,0.028,0.028,1342202
CIA,20200601,2.7,3,2.68,2.94,1552564
CIE,20200601,0.59,0.6,0.59,0.6,44867
CIM,20200601,24.73,25.8,24.41,25.61,415893
CIN,20200601,24.5,24.5,24,24.4,985
CIO,20200601,0.024,0.024,0.024,0.024,203333
CIP,20200601,2.9,2.91,2.84,2.91,841017
CKA,20200601,0.045,0.046,0.044,0.046,1320426
CKF,20200601,7.81,7.98,7.79,7.96,330899
CL1,20200601,1.41,1.41,1.385,1.405,217616
CL8,20200601,0.01,0.01,0.009,0.009,3697150
CLA,20200601,0.013,0.015,0.013,0.014,2014074
CLB,20200601,0.094,0.094,0.091,0.091,97833
CLQ,20200601,0.195,0.195,0.19,0.195,214092
CLV,20200601,2.38,2.38,2.305,2.34,81247
CLW,20200601,4.25,4.37,4.19,4.25,2395773
CLX,20200601,0.465,0.48,0.465,0.465,20699
CLZ,20200601,0.002,0.002,0.001,0.001,27799999
CM8,20200601,0.027,0.029,0.027,0.028,1682119
CMD,20200601,0.007,0.007,0.007,0.007,60875
CML,20200601,0.015,0.02,0.015,0.018,16492521
CMM,20200601,1.56,1.63,1.56,1.58,643235
CMP,20200601,0.505,0.51,0.49,0.51,58206
CMW,20200601,0.785,0.815,0.785,0.815,5675530
CNB,20200601,0.11,0.12,0.11,0.11,1061359
CNI,20200601,1.875,1.875,1.785,1.83,1030956
CNL,20200601,0.08,0.08,0.08,0.08,6500
CNU,20200601,6.87,7.08,6.83,6.99,550256
CNW,20200601,0.022,0.022,0.021,0.022,384766
COB,20200601,0.125,0.125,0.125,0.125,16000
COE,20200601,0.41,0.42,0.405,0.42,2596032
COF,20200601,2.02,2.04,1.92,1.95,1163499
COG,20200601,0.048,0.048,0.046,0.046,30403
COH,20200601,194.58,196.28,191.57,194.01,191395
COI,20200601,0.115,0.115,0.105,0.105,207933
COL,20200601,15.28,15.48,15.14,15.48,4344235
COS,20200601,0.44,0.46,0.44,0.46,148699
CP1,20200601,0.095,0.095,0.088,0.09,71200
CPT,20200601,0.016,0.016,0.016,0.016,75
CPU,20200601,12.9,13.31,12.9,13.27,1867417
CPV,20200601,0.145,0.145,0.13,0.14,280242
CQE,20200601,2.47,2.53,2.41,2.45,960039
CQR,20200601,3.15,3.25,3.15,3.23,2974236
CR1,20200601,0.295,0.315,0.295,0.3,534043
CRN,20200601,1.195,1.195,1.14,1.17,663242
CRO,20200601,0.004,0.004,0.004,0.004,2850000
CRS,20200601,0.155,0.16,0.155,0.16,122053
CSL,20200601,277,287.48,276.5,284.67,1352692
CSR,20200601,4.04,4.245,4.02,4.21,4616679
CSS,20200601,0.665,0.68,0.65,0.68,49157
CST,20200601,0.13,0.135,0.12,0.13,1940954
CT1,20200601,0.033,0.033,0.031,0.032,709638
CTD,20200601,11.74,12.11,11.38,12.11,789592
CTE,20200601,0.19,0.19,0.17,0.17,32157
CTM,20200601,0.285,0.29,0.27,0.27,207868
CTO,20200601,0.005,0.006,0.005,0.005,6748717
CTP,20200601,0.092,0.092,0.09,0.09,147462
CUE,20200601,0.1,0.11,0.1,0.11,38348
CUL,20200601,0.012,0.014,0.012,0.014,1422773
CUP,20200601,1.02,1.02,1.02,1.02,19586
CUV,20200601,23.56,23.97,22.91,23.25,228373
CV1,20200601,0.078,0.08,0.078,0.078,66827
CVC,20200601,1.22,1.25,1.22,1.25,12482
CVF,20200601,0.82,0.825,0.82,0.825,77702
CVL,20200601,0.39,0.395,0.39,0.395,2000
CVN,20200601,0.225,0.225,0.215,0.215,1903150
CVV,20200601,0.032,0.033,0.032,0.033,119100
CVW,20200601,0.26,0.265,0.26,0.265,100000
CWL,20200601,0.077,0.077,0.074,0.076,470000
CWN,20200601,9.51,9.76,9.49,9.66,1501594
CWP,20200601,5.5,5.55,5.39,5.55,102344
CWX,20200601,0.18,0.185,0.175,0.18,209209
CWY,20200601,1.935,1.99,1.925,1.99,10367198
CWZ,20200601,0.135,0.135,0.12,0.12,116500
CXL,20200601,0.77,0.775,0.75,0.75,6098
CXM,20200601,0.026,0.026,0.026,0.026,30000
CXO,20200601,0.044,0.045,0.043,0.043,12820107
CXZ,20200601,0.015,0.017,0.015,0.016,3177911
CY5,20200601,0.054,0.06,0.054,0.056,639656
CYC,20200601,1.54,1.54,1.485,1.485,2200
CYG,20200601,0.78,0.78,0.75,0.75,20767
CYL,20200601,2.68,2.83,2.68,2.82,70604
CYM,20200601,0.155,0.155,0.155,0.155,8100
CYP,20200601,0.68,0.695,0.675,0.685,77001
CZI,20200601,0.13,0.14,0.125,0.13,1312494
CZL,20200601,0.005,0.005,0.003,0.003,38336259
CZN,20200601,0.003,0.003,0.003,0.003,6660000
CZR,20200601,0.012,0.012,0.011,0.011,1266000
D2O,20200601,1.38,1.38,1.36,1.375,4705
DAF,20200601,0.028,0.028,0.028,0.028,37000
DAU,20200601,0.03,0.03,0.028,0.028,778570
DBF,20200601,1.055,1.055,1.055,1.055,4166
DCC,20200601,0.026,0.028,0.026,0.027,1329025
DCL,20200601,0.056,0.056,0.055,0.055,256835
DCN,20200601,0.45,0.46,0.445,0.46,6966923
DCX,20200601,0.006,0.006,0.006,0.006,2573656
DDD,20200601,0.004,0.004,0.003,0.003,22835079
DDR,20200601,7.89,8.22,7.88,8.05,233918
DDT,20200601,0.004,0.004,0.004,0.004,1000000
DEG,20200601,0.41,0.435,0.41,0.435,10226602
DEM,20200601,0.155,0.157,0.155,0.157,14468
DEV,20200601,0.115,0.13,0.115,0.115,1668726
DGH,20200601,1.23,1.23,1.23,1.23,2550
DGO,20200601,2.3,2.4,2.27,2.4,29499
DGR,20200601,0.053,0.055,0.053,0.055,416461
DHG,20200601,3.02,3.1,3,3.02,1137289
DJW,20200601,2.58,2.61,2.53,2.56,126689
DKM,20200601,0.18,0.21,0.18,0.2,1072430
DLC,20200601,0.005,0.005,0.005,0.005,830000
DMP,20200601,60.49,62.63,60.2,62.12,314103
DNA,20200601,0.051,0.056,0.051,0.051,501935
DNK,20200601,0.43,0.43,0.385,0.395,154031
DOW,20200601,4.46,4.57,4.38,4.49,4899869
DRE,20200601,0.007,0.008,0.007,0.008,30855978
DRO,20200601,0.135,0.145,0.135,0.145,738598
DRX,20200601,0.009,0.009,0.009,0.009,1680561
DSE,20200601,0.057,0.06,0.057,0.059,741984
DTC,20200601,0.955,0.96,0.93,0.96,120205
DTI,20200601,0.029,0.029,0.028,0.028,500000
DTL,20200601,5.46,5.62,5.32,5.62,1043458
DTM,20200601,0.06,0.06,0.06,0.06,5537
DTR,20200601,0.002,0.002,0.001,0.002,3246250
DTS,20200601,0.13,0.135,0.13,0.135,564628
DTZ,20200601,0.078,0.078,0.074,0.075,41807
DUB,20200601,1.26,1.415,1.255,1.365,1799837
DUI,20200601,4.26,4.32,4.25,4.25,37879
DVL,20200601,0.018,0.019,0.017,0.017,547159
DW8,20200601,0.006,0.006,0.006,0.006,948591
DWS,20200601,0.8,0.8,0.775,0.775,22314
DXB,20200601,0.265,0.28,0.265,0.27,448478
DXN,20200601,0.013,0.013,0.012,0.013,23028195
DXS,20200601,8.76,9.34,8.73,9.18,7390911
DYL,20200601,0.245,0.25,0.245,0.245,47269
E25,20200601,0.39,0.39,0.365,0.365,358836
E2M,20200601,0.145,0.15,0.145,0.145,74455
EAF,20200601,1.2,1.2,1.2,1.2,36382
EAI,20200601,0.95,0.96,0.95,0.95,109660
EAS,20200601,0.8,0.8,0.8,0.8,5000
EBO,20200601,20.46,20.46,20.46,20.46,623
ECF,20200601,0.98,1.005,0.98,1.005,11402
ECG,20200601,0.03,0.03,0.029,0.029,176692
ECP,20200601,1.04,1.04,1.03,1.03,10000
ECS,20200601,0.028,0.031,0.028,0.03,1916242
ECT,20200601,0.002,0.002,0.002,0.002,1050020
ECX,20200601,1.2,1.265,1.16,1.2,1872308
ED1,20200601,0.55,0.57,0.54,0.555,61132
EDC,20200601,0.93,0.93,0.92,0.92,6781
EDE,20200601,0.036,0.037,0.035,0.035,2010572
EEG,20200601,0.285,0.285,0.28,0.28,186476
EEU,20200601,16,16,15.93,15.93,1876
EGD,20200601,2.6,2.61,2.6,2.6,140873
EGG,20200601,1.54,1.54,1.5,1.5,1533
EGH,20200601,0.32,0.32,0.31,0.312,212074
EGI,20200601,1.06,1.065,1.06,1.065,45542
EGR,20200601,0.068,0.07,0.063,0.065,1151169
EHE,20200601,1.52,1.535,1.475,1.495,943999
EHL,20200601,1.115,1.145,1.06,1.085,3984783
ELD,20200601,9.92,9.97,9.65,9.86,1019670
ELO,20200601,6.42,6.73,6.37,6.66,98675
ELS,20200601,0.335,0.34,0.305,0.33,87625
ELT,20200601,0.003,0.003,0.002,0.002,1371422
ELX,20200601,0.5,0.51,0.49,0.49,34120
EM1,20200601,0.019,0.019,0.014,0.014,6737417
EM2,20200601,0.14,0.155,0.14,0.155,75824
EMD,20200601,0.054,0.054,0.054,0.054,40000
EMH,20200601,0.235,0.24,0.235,0.24,8390
EML,20200601,3.62,3.785,3.57,3.72,3570540
EMN,20200601,0.095,0.095,0.092,0.095,19849
EMP,20200601,0.031,0.031,0.03,0.03,857273
EMR,20200601,0.46,0.47,0.45,0.465,154221
EMT,20200601,0.013,0.013,0.012,0.013,1272880
EMV,20200601,1.36,1.405,1.355,1.385,140269
EN1,20200601,0.011,0.011,0.01,0.01,2414711
ENE,20200601,0.04,0.04,0.039,0.04,59990
ENN,20200601,1.265,1.295,1.245,1.245,61513
ENR,20200601,0.14,0.14,0.135,0.135,67894
ENT,20200601,0.012,0.013,0.011,0.013,1266461
ENV,20200601,0.005,0.005,0.005,0.005,270000
ENX,20200601,0.016,0.016,0.016,0.016,500000
EOF,20200601,3.07,3.1,3,3.05,93276
EOL,20200601,3.6,3.75,3.6,3.75,9395
EOS,20200601,5.7,5.8,5.54,5.61,1021701
EPM,20200601,0.009,0.009,0.008,0.009,1009444
EQE,20200601,0.013,0.014,0.013,0.013,10648345
EQT,20200601,24.74,25.32,24.1,25.23,21657
EQX,20200601,0.26,0.26,0.26,0.26,50000
ERA,20200601,0.16,0.17,0.16,0.17,81105
ERF,20200601,0.77,0.77,0.73,0.73,160510
ERG,20200601,0.061,0.061,0.061,0.061,120000
ERM,20200601,0.12,0.125,0.115,0.12,497730
ERX,20200601,0.062,0.062,0.06,0.062,1047247
ESE,20200601,0.018,0.019,0.017,0.019,1873892
ESH,20200601,0.006,0.006,0.005,0.005,4667820
ESK,20200601,0.15,0.15,0.14,0.14,21428
ESR,20200601,0.01,0.01,0.009,0.01,2652977
EUC,20200601,0.03,0.035,0.027,0.031,78251338
EUR,20200601,0.07,0.07,0.07,0.07,7000
EVE,20200601,0.007,0.007,0.006,0.006,6528378
EVN,20200601,6.14,6.31,6.04,6.3,11901165
EVO,20200601,0.105,0.105,0.105,0.105,41800
EVS,20200601,0.14,0.145,0.14,0.14,631101
EVT,20200601,9.11,9.51,8.96,9.22,110079
EVZ,20200601,0.08,0.08,0.08,0.08,50000
EWC,20200601,0.066,0.067,0.065,0.065,109814
EX1,20200601,0.235,0.27,0.23,0.235,315148
EXL,20200601,0.26,0.26,0.24,0.245,2481004
EXP,20200601,0.145,0.145,0.145,0.145,836446
EXR,20200601,0.026,0.027,0.026,0.026,1995037
EZL,20200601,0.925,0.935,0.925,0.935,21613
FAM,20200601,0.026,0.026,0.026,0.026,45181
FAR,20200601,0.016,0.016,0.015,0.015,33037410
FBR,20200601,0.023,0.023,0.022,0.023,1669269
FBU,20200601,3.23,3.57,3.22,3.55,2330782
FCL,20200601,3.6,3.6,3.5,3.5,104476
FCT,20200601,0.067,0.07,0.064,0.067,2722518
FDV,20200601,0.955,0.98,0.955,0.96,47776
FEL,20200601,0.012,0.012,0.01,0.011,4134027
FEX,20200601,0.087,0.088,0.084,0.087,1862665
FFG,20200601,0.008,0.008,0.007,0.007,150000
FFL,20200601,0.295,0.295,0.28,0.28,12788
FFR,20200601,0.036,0.036,0.036,0.036,20333
FGG,20200601,1.19,1.225,1.19,1.215,259230
FGO,20200601,0.002,0.002,0.001,0.001,3750000
FGR,20200601,0.14,0.145,0.135,0.135,471295
FGX,20200601,0.97,0.975,0.96,0.965,309258
FHS,20200601,0.05,0.054,0.049,0.051,6454474
FID,20200601,5.29,5.29,5.1,5.26,6064
FIJ,20200601,0.085,0.085,0.085,0.085,33524
FIN,20200601,0.012,0.013,0.012,0.013,1685000
FLC,20200601,0.265,0.275,0.265,0.27,280867
FLN,20200601,0.505,0.52,0.5,0.52,702579
FLT,20200601,13.16,14.2,12.97,13.65,4878304
FMG,20200601,13.97,14.8,13.9,14.79,14354603
FML,20200601,0.245,0.275,0.245,0.275,7413
FMS,20200601,0.021,0.022,0.021,0.021,1116357
FNP,20200601,3.71,3.71,3.47,3.5,5289945
FNT,20200601,0.011,0.014,0.011,0.012,24511765
FOD,20200601,0.056,0.056,0.054,0.054,692318
FOR,20200601,0.905,0.91,0.905,0.905,14267
FPC,20200601,0.89,0.9,0.89,0.9,28591
FPH,20200601,27.39,27.885,27.19,27.64,521847
FPP,20200601,0.77,0.78,0.77,0.78,50000
FRI,20200601,0.705,0.705,0.65,0.67,111213
FRM,20200601,0.33,0.33,0.32,0.32,48547
FRN,20200601,0.032,0.034,0.031,0.031,1764809
FRX,20200601,0.014,0.014,0.013,0.013,130000
FSA,20200601,0.93,0.93,0.93,0.93,2717
FSF,20200601,3.3,3.35,3.3,3.35,1692
FTC,20200601,0.092,0.095,0.09,0.09,38926
FTT,20200601,0.003,0.003,0.002,0.003,4892525
FWD,20200601,1.74,1.755,1.7,1.7,14100
FXL,20200601,1.15,1.185,1.11,1.15,4341908
FYI,20200601,0.049,0.054,0.049,0.053,274913
FZO,20200601,0.18,0.18,0.17,0.17,1013044
G1A,20200601,0.23,0.24,0.23,0.235,455983
G88,20200601,0.047,0.047,0.042,0.042,411411
GAL,20200601,0.23,0.23,0.225,0.225,141793
GAP,20200601,0.155,0.155,0.155,0.155,232335
GBR,20200601,0.029,0.029,0.026,0.028,350859
GBZ,20200601,0.086,0.086,0.085,0.086,78000
GC1,20200601,0.64,0.64,0.64,0.64,10121
GCI,20200601,1.885,1.9,1.88,1.9,145082
GDF,20200601,0.975,0.995,0.965,0.985,82123
GDI,20200601,1.085,1.105,1.06,1.105,790776
GDX,20200601,52.22,52.9,51.25,52,78640
GED,20200601,0.008,0.01,0.008,0.01,27319862
GEM,20200601,1.035,1.055,1.005,1.03,6341631
GES,20200601,0.017,0.025,0.017,0.025,1560468
GEV,20200601,0.061,0.061,0.06,0.06,186223
GGG,20200601,0.135,0.14,0.135,0.14,895096
GIB,20200601,0.052,0.058,0.052,0.054,415284
GID,20200601,0.001,0.002,0.001,0.002,907525
GLA,20200601,0.002,0.002,0.001,0.001,5831059
GLB,20200601,1.145,1.15,1.145,1.15,1908
GLH,20200601,0.14,0.145,0.14,0.145,96667
GLL,20200601,0.43,0.465,0.415,0.46,160246
GLN,20200601,0.15,0.15,0.15,0.15,108239
GMA,20200601,2.1,2.18,2.07,2.14,419508
GMD,20200601,0.039,0.044,0.037,0.042,11737745
GMG,20200601,15.01,15.44,14.965,15.39,4149697
GML,20200601,0.014,0.015,0.014,0.015,547688
GMN,20200601,0.053,0.053,0.048,0.051,294379
GMR,20200601,0.008,0.009,0.007,0.008,24890441
GMV,20200601,0.063,0.067,0.063,0.066,2257483
GNC,20200601,4.41,4.47,4.34,4.41,1128268
GNE,20200601,2.75,2.8,2.75,2.76,52074
GNM,20200601,0.013,0.013,0.013,0.013,4284571
GNX,20200601,0.21,0.215,0.2,0.2,1115014
GO2,20200601,0.038,0.04,0.038,0.039,258100
GOR,20200601,1.815,1.86,1.8,1.86,10129942
GOW,20200601,1.41,1.41,1.41,1.41,3546
GOZ,20200601,3.11,3.22,3.1,3.21,1268697
GPR,20200601,0.525,0.555,0.525,0.53,458872
GPT,20200601,3.93,4.04,3.855,4,12628945
GRB,20200601,0.056,0.056,0.053,0.054,542990
GRL,20200601,0.195,0.205,0.185,0.205,239370
GRR,20200601,0.25,0.255,0.24,0.245,1191703
GRV,20200601,0.03,0.03,0.03,0.03,36777
GSM,20200601,0.19,0.21,0.18,0.205,2473469
GSN,20200601,0.093,0.105,0.093,0.105,1997928
GSS,20200601,1.925,2.05,1.925,2.05,121137
GSW,20200601,0.72,0.75,0.71,0.745,104758
GTG,20200601,0.006,0.006,0.005,0.006,8479649
GTK,20200601,1.375,1.5,1.375,1.5,102290
GTN,20200601,0.535,0.54,0.53,0.53,1027135
GTR,20200601,0.042,0.042,0.039,0.039,17686266
GUD,20200601,10.25,10.64,10.25,10.64,199339
GUL,20200601,0.065,0.065,0.065,0.065,11140
GVF,20200601,0.965,0.97,0.925,0.93,16679
GWA,20200601,2.93,3.13,2.86,3.1,904595
GWR,20200601,0.065,0.068,0.065,0.068,60000
GXY,20200601,0.78,0.8,0.77,0.78,4022384
HAV,20200601,0.095,0.095,0.092,0.094,20988
HAW,20200601,0.155,0.155,0.15,0.15,26264
HCD,20200601,0.034,0.034,0.034,0.034,25000
HCH,20200601,0.014,0.015,0.014,0.015,5463210
HCT,20200601,0.165,0.165,0.16,0.16,793873
HE8,20200601,0.082,0.085,0.082,0.084,227186
HFR,20200601,0.54,0.65,0.54,0.58,387039
HGO,20200601,0.035,0.035,0.032,0.032,52019
HIL,20200601,0.18,0.185,0.18,0.18,29318
HIP,20200601,0.013,0.013,0.013,0.013,1250
HIT,20200601,1.38,1.38,1.38,1.38,360
HLA,20200601,1.03,1.04,1.02,1.02,22830
HLO,20200601,2.65,3.14,2.63,3.04,1366632
HLS,20200601,2.42,2.47,2.4,2.47,2287607
HM1,20200601,2.98,3.05,2.98,3.03,212065
HMC,20200601,2.86,2.9,2.75,2.88,110371
HMX,20200601,0.025,0.027,0.025,0.027,4663210
HNR,20200601,0.006,0.006,0.006,0.006,147508
HPI,20200601,2.74,2.74,2.68,2.71,282252
HRL,20200601,0.083,0.085,0.082,0.082,338192
HRN,20200601,0.25,0.25,0.25,0.25,40000
HRR,20200601,0.048,0.048,0.047,0.047,766599
HRZ,20200601,0.115,0.125,0.115,0.12,779890
HSC,20200601,0.005,0.005,0.005,0.005,4012490
HSN,20200601,3.23,3.25,3.15,3.17,330989
HT1,20200601,1.245,1.245,1.135,1.155,178312
HT8,20200601,0.035,0.037,0.035,0.035,64509
HTA,20200601,0.16,0.16,0.155,0.155,24600
HTG,20200601,0.15,0.155,0.14,0.15,546767
HUB,20200601,10.5,10.58,10.25,10.36,221277
HUO,20200601,3.46,3.49,3.36,3.49,6733
HVM,20200601,0.19,0.205,0.185,0.2,42949
HVN,20200601,3.3,3.39,3.28,3.36,7380243
HWH,20200601,0.034,0.034,0.033,0.033,48972
HWK,20200601,0.008,0.008,0.008,0.008,1992803
HXG,20200601,0.066,0.066,0.066,0.066,20000
HYD,20200601,0.1,0.1,0.1,0.1,30278
HZN,20200601,0.069,0.071,0.069,0.071,658620
HZR,20200601,0.525,0.58,0.525,0.545,416398
IAA,20200601,88.39,90.14,88.39,89.67,8835
IAF,20200601,116.63,116.63,116.2,116.31,16063
IAG,20200601,5.96,6.07,5.95,6.03,5794911
IAM,20200601,0.001,0.001,0.001,0.001,200000
IAP,20200601,1.2,1.215,1.17,1.175,3050957
IBC,20200601,0.435,0.435,0.435,0.435,53576
IBG,20200601,0.009,0.009,0.009,0.009,325000
IBX,20200601,0.026,0.028,0.026,0.028,7002145
ICE,20200601,0.145,0.145,0.135,0.135,8303
ICG,20200601,0.001,0.001,0.001,0.001,255000
ICI,20200601,0.02,0.021,0.019,0.021,557326
ICN,20200601,0.011,0.011,0.01,0.01,565411
ICQ,20200601,0.33,0.33,0.32,0.32,192252
ICR,20200601,0.4,0.42,0.385,0.385,1106550
ICT,20200601,0.034,0.035,0.034,0.035,110000
ICU,20200601,0.007,0.007,0.007,0.007,165725
ID8,20200601,0.11,0.12,0.11,0.115,304547
IDT,20200601,0.175,0.18,0.165,0.18,986916
IDX,20200601,3.72,3.75,3.62,3.64,415619
IEL,20200601,16.41,17.16,16.39,17.16,821207
IEM,20200601,56.3,57.38,56.3,57.35,12579
IEU,20200601,59.5,59.5,58.64,58.79,12548
IFL,20200601,4.74,4.92,4.67,4.81,1089771
IFM,20200601,1.65,1.67,1.605,1.615,731471
IFN,20200601,0.605,0.61,0.59,0.6,1015298
IFT,20200601,4.63,4.63,4.6,4.62,3917
IGB,20200601,114.94,115.07,114.92,115.05,869
IGL,20200601,1.22,1.23,1.125,1.145,1621969
IGN,20200601,0.017,0.018,0.017,0.018,238399
IGO,20200601,5.03,5.18,4.98,5.18,3582981
IHD,20200601,11.7,11.91,11.7,11.88,140411
IHL,20200601,0.053,0.053,0.05,0.051,2381605
IHR,20200601,0.065,0.065,0.065,0.065,100000
IJH,20200601,264.85,264.85,263,263,1054
IJP,20200601,83,83.45,82.36,82.36,3299
IJR,20200601,100.5,100.5,98.8,98.8,3347
IKO,20200601,82.76,82.96,82.56,82.96,1221
ILB,20200601,125.58,126.7,125.58,126.09,815
ILC,20200601,21.85,22.38,21.85,22.31,16682
ILU,20200601,8.19,8.58,8.17,8.53,1701345
IMA,20200601,0.145,0.145,0.14,0.14,74716
IMC,20200601,0.08,0.08,0.08,0.08,117501
IMD,20200601,1.155,1.185,1.127,1.155,885828
IME,20200601,0.035,0.036,0.035,0.035,427686
IMM,20200601,0.2,0.21,0.195,0.2,5480261
IMR,20200601,1.345,1.35,1.345,1.35,8960
IMS,20200601,0.004,0.004,0.003,0.003,268000
IMU,20200601,0.034,0.035,0.033,0.033,7654312
INA,20200601,4.19,4.34,4.17,4.31,1248023
INF,20200601,0.057,0.057,0.054,0.057,372397
ING,20200601,3.3,3.38,3.29,3.32,1141941
INR,20200601,0.12,0.12,0.115,0.115,5057934
INV,20200601,0.089,0.089,0.087,0.087,333555
IOD,20200601,0.14,0.15,0.14,0.15,398684
IOO,20200601,77.99,77.99,76.05,76.05,45582
IOZ,20200601,23.34,23.82,23.3,23.82,197723
IPB,20200601,0.015,0.016,0.014,0.016,274000
IPD,20200601,0.08,0.082,0.077,0.082,4084812
IPH,20200601,7.49,7.74,7.49,7.6,715601
IPL,20200601,2,2.02,1.975,1.99,11986900
IPT,20200601,0.014,0.014,0.013,0.014,2936220
IRD,20200601,0.045,0.045,0.045,0.045,40705
IRI,20200601,3.45,3.56,3.39,3.45,516855
ISD,20200601,0.15,0.16,0.15,0.155,412802
ISO,20200601,4.56,4.59,4.56,4.59,105103
ISU,20200601,0.265,0.265,0.25,0.25,393254
ITG,20200601,0.32,0.32,0.29,0.3,85958
IVC,20200601,11.4,11.5,11.26,11.39,418282
IVE,20200601,89.86,90.48,88.99,89.46,5611
IVR,20200601,0.019,0.021,0.018,0.021,9725865
IVV,20200601,456.39,456.52,453.01,453.01,15593
IVX,20200601,0.008,0.009,0.008,0.009,421672
IVZ,20200601,0.026,0.026,0.025,0.026,563175
IXC,20200601,1.415,1.57,1.415,1.48,336986
IXI,20200601,78.01,78.01,77.19,77.42,1864
IXJ,20200601,105.5,105.5,104.02,104.02,13011
IXR,20200601,0.009,0.009,0.008,0.008,5004314
IZZ,20200601,57.9,59.1,57.9,58.95,7755
JAN,20200601,0.33,0.35,0.315,0.35,101059
JAT,20200601,0.044,0.044,0.043,0.043,696015
JAY,20200601,0.18,0.18,0.175,0.175,29933
JBH,20200601,36.61,38.05,36.5,37.96,415601
JCS,20200601,0.032,0.032,0.032,0.032,150500
JHC,20200601,0.55,0.575,0.545,0.565,550361
JHG,20200601,32.03,32.76,31.98,32.33,277744
JHL,20200601,0.022,0.022,0.022,0.022,15000
JHX,20200601,25.81,26.49,25.75,26.38,1948024
JIN,20200601,11.85,12.28,11.76,11.87,1104911
JLG,20200601,2.41,2.59,2.4,2.54,477544
JMS,20200601,0.28,0.295,0.28,0.29,2211090
JPR,20200601,0.022,0.023,0.022,0.023,246936
JRL,20200601,0.26,0.29,0.26,0.29,5075
JRV,20200601,0.17,0.17,0.165,0.17,956704
JXT,20200601,0.03,0.031,0.03,0.031,157035
JYC,20200601,1.01,1.01,1.005,1.01,14579
K2F,20200601,0.215,0.215,0.2,0.205,256467
KAI,20200601,0.018,0.018,0.017,0.017,6480349
KAR,20200601,0.57,0.61,0.56,0.59,3581694
KAS,20200601,0.012,0.012,0.012,0.012,1800
KAU,20200601,0.29,0.3,0.265,0.285,503674
KCN,20200601,0.445,0.445,0.412,0.415,208255
KEY,20200601,0.004,0.004,0.004,0.004,22777042
KFE,20200601,0.054,0.054,0.05,0.053,343262
KGL,20200601,0.175,0.2,0.175,0.18,202121
KGM,20200601,0.008,0.008,0.008,0.008,451826
KGN,20200601,11.2,11.2,10.78,10.94,1715385
KIN,20200601,0.14,0.14,0.135,0.135,519620
KIS,20200601,0.052,0.052,0.052,0.052,7563
KKC,20200601,1.845,1.96,1.815,1.955,1216633
KKO,20200601,0.047,0.049,0.047,0.049,1440442
KLA,20200601,57.4,60,57.4,58.5,3114
KLL,20200601,0.16,0.17,0.155,0.155,23363063
KMD,20200601,0.985,0.99,0.96,0.97,2739417
KME,20200601,0.995,0.995,0.985,0.985,4173
KNM,20200601,0.018,0.019,0.018,0.018,1325292
KNO,20200601,0.069,0.069,0.069,0.069,30000
KOV,20200601,3.7,3.95,3.65,3.95,3200
KP2,20200601,0.011,0.011,0.011,0.011,123448
KPO,20200601,0.028,0.028,0.028,0.028,237569
KRM,20200601,0.043,0.045,0.042,0.045,1950396
KRR,20200601,0.057,0.058,0.057,0.058,1074341
KSL,20200601,1.05,1.065,1.015,1.015,129929
KSM,20200601,1.84,1.84,1.83,1.83,91703
KSN,20200601,0.165,0.165,0.16,0.16,1156080
KSS,20200601,0.21,0.225,0.205,0.225,132749
KTA,20200601,0.039,0.04,0.038,0.039,411811
KTD,20200601,0.3,0.3,0.28,0.285,1773027
KTE,20200601,0.015,0.016,0.014,0.014,1639261
KTG,20200601,0.145,0.15,0.145,0.145,128127
KWR,20200601,0.17,0.17,0.14,0.14,1102623
KYK,20200601,0.09,0.09,0.081,0.081,3890596
KZA,20200601,0.465,0.485,0.465,0.465,68435
KZR,20200601,0.6,0.675,0.6,0.66,350397
LAU,20200601,0.365,0.365,0.36,0.36,187776
LAW,20200601,0.042,0.042,0.042,0.042,100000
LBL,20200601,0.42,0.42,0.42,0.42,67999
LBT,20200601,0.16,0.16,0.155,0.155,70006
LCD,20200601,0.017,0.017,0.017,0.017,100000
LCK,20200601,0.084,0.084,0.082,0.083,85949
LCL,20200601,0.045,0.045,0.044,0.044,331677
LCM,20200601,0.13,0.135,0.13,0.135,36000
LCT,20200601,0.014,0.014,0.013,0.013,38349
LEG,20200601,0.155,0.16,0.15,0.15,1046654
LEP,20200601,4.69,4.92,4.66,4.74,223049
LER,20200601,0.019,0.019,0.019,0.019,135130
LEX,20200601,0.19,0.2,0.19,0.2,212500
LGP,20200601,0.395,0.395,0.385,0.385,251158
LI3,20200601,0.021,0.023,0.021,0.023,571145
LIC,20200601,9.36,9.51,9.12,9.42,352661
LIN,20200601,0.013,0.013,0.012,0.012,7516262
LIT,20200601,0.052,0.052,0.05,0.05,1576410
LKE,20200601,0.039,0.039,0.037,0.037,965125
LLC,20200601,12.62,13.13,12.43,13.13,1960487
LLO,20200601,1.96,1.96,1.75,1.75,11618
LME,20200601,1.38,1.38,1.355,1.36,2018
LMG,20200601,0.01,0.01,0.01,0.01,1042308
LNK,20200601,4.04,4.095,3.96,4.08,1991702
LNU,20200601,0.014,0.015,0.014,0.014,6315344
LNY,20200601,0.004,0.005,0.004,0.004,5164232
LOM,20200601,0.053,0.053,0.047,0.048,1990178
LON,20200601,0.125,0.125,0.12,0.12,49632
LOT,20200601,0.059,0.059,0.058,0.058,197464
LOV,20200601,7.75,7.93,7.47,7.79,568357
LPD,20200601,0.007,0.008,0.007,0.007,11549728
LPE,20200601,0.3,0.3,0.3,0.3,30
LPI,20200601,0.125,0.135,0.125,0.13,118000
LRK,20200601,0.92,0.96,0.9,0.94,48107
LRS,20200601,0.004,0.004,0.004,0.004,4182825
LRT,20200601,0.75,0.75,0.725,0.725,11100
LSF,20200601,1.29,1.35,1.29,1.34,1216022
LSH,20200601,0.034,0.034,0.033,0.033,26779
LTR,20200601,0.125,0.13,0.125,0.13,1233741
LVH,20200601,0.27,0.275,0.265,0.275,496603
LVT,20200601,0.24,0.25,0.24,0.25,3032918
LYC,20200601,2.03,2.12,2.03,2.1,3784054
LYL,20200601,4.77,4.77,4.65,4.72,25148
M7T,20200601,0.71,0.735,0.695,0.72,737641
M8S,20200601,0.097,0.097,0.097,0.097,20618
MA1,20200601,1.045,1.045,1.045,1.045,6800
MAD,20200601,0.785,0.8,0.76,0.775,132456
MAG,20200601,0.36,0.365,0.34,0.35,790980
MAH,20200601,0.255,0.265,0.255,0.26,1218005
MAI,20200601,0.57,0.575,0.52,0.54,54590
MAN,20200601,0.026,0.03,0.026,0.027,9517616
MAQ,20200601,34.26,34.26,30.85,31.95,9463
MAT,20200601,0.125,0.125,0.115,0.117,336350
MAU,20200601,1.22,1.23,1.16,1.2,74596
MAY,20200601,0.007,0.007,0.007,0.007,412000
MBK,20200601,0.01,0.011,0.01,0.01,2913635
MCA,20200601,0.115,0.12,0.115,0.12,1142752
MCM,20200601,0.14,0.16,0.14,0.16,3790
MCP,20200601,2.78,2.86,2.63,2.66,217376
MCR,20200601,0.715,0.725,0.705,0.71,334110
MCT,20200601,0.008,0.008,0.007,0.008,34190169
MDC,20200601,0.2,0.2,0.2,0.2,54515
MDI,20200601,0.017,0.018,0.016,0.016,73270764
MDR,20200601,0.625,0.645,0.615,0.63,253560
MEA,20200601,0.22,0.22,0.22,0.22,75280
MEB,20200601,0.007,0.008,0.007,0.007,2006452
MEC,20200601,0.895,0.935,0.895,0.92,13000
MEI,20200601,0.021,0.022,0.02,0.02,3523810
MEL,20200601,0.028,0.029,0.028,0.029,458920
MEM,20200601,0.07,0.07,0.068,0.069,153439
MEP,20200601,0.049,0.049,0.044,0.044,1169100
MEU,20200601,0.05,0.052,0.049,0.051,2366416
MEY,20200601,0.063,0.063,0.062,0.062,100666
MEZ,20200601,4.41,4.64,4.41,4.5,2331
MFF,20200601,2.85,2.86,2.82,2.84,346774
MFG,20200601,57.5,58.59,56.83,58.53,398459
MGC,20200601,0.435,0.435,0.435,0.435,3000
MGE,20200601,4.05,4.05,4.01,4.03,412397
MGG,20200601,1.82,1.83,1.81,1.815,667184
MGR,20200601,2.28,2.33,2.26,2.3,17213673
MGT,20200601,0.002,0.003,0.002,0.002,10000899
MGX,20200601,0.705,0.745,0.695,0.735,6109343
MHC,20200601,0.013,0.013,0.012,0.013,4496345
MHG,20200601,3.41,3.44,3.4,3.42,317286
MHH,20200601,1.46,1.475,1.445,1.47,928010
MHJ,20200601,0.335,0.365,0.335,0.365,299306
MIL,20200601,0.385,0.385,0.385,0.385,2000
MIN,20200601,18.83,19.4,18.8,19.4,1051915
MIO,20200601,0.205,0.205,0.2,0.2,15000
MIR,20200601,2.28,2.28,2.27,2.27,25373
MJC,20200601,0.016,0.016,0.016,0.016,10000
MKG,20200601,0.08,0.086,0.079,0.079,481279
MLD,20200601,0.965,1.015,0.925,0.955,857151
MLL,20200601,0.1,0.1,0.097,0.097,170500
MLM,20200601,0.01,0.011,0.01,0.011,600000
MLS,20200601,0.002,0.002,0.002,0.002,1000000
MLT,20200601,4.1,4.15,4.07,4.13,239134
MLX,20200601,0.096,0.097,0.092,0.093,1696536
MME,20200601,1.2,1.245,1.165,1.18,108434
MMI,20200601,0.1,0.105,0.1,0.105,255359
MMJ,20200601,0.125,0.125,0.12,0.12,113654
MML,20200601,0.715,0.73,0.69,0.705,445582
MMM,20200601,1.12,1.12,1.025,1.05,1510047
MMS,20200601,8.45,8.88,8.29,8.84,402635
MNB,20200601,0.001,0.001,0.001,0.001,8750000
MND,20200601,11.96,12.13,11.56,11.89,233532
MNF,20200601,5.29,5.35,5.125,5.3,57413
MNW,20200601,0.008,0.008,0.008,0.008,200000
MNY,20200601,1.675,1.81,1.625,1.785,880970
MOB,20200601,0.065,0.069,0.064,0.064,740175
MOC,20200601,0.795,0.85,0.77,0.805,272489
MOE,20200601,3.6,3.73,3.44,3.73,101756
MOH,20200601,0.075,0.079,0.074,0.079,442000
MOT,20200601,1.8,1.85,1.795,1.82,136444
MOZ,20200601,0.89,0.89,0.865,0.88,384588
MP1,20200601,13.65,14.025,13.47,13.88,421010
MPH,20200601,0.13,0.13,0.12,0.12,46325
MPL,20200601,2.8,2.83,2.79,2.82,6933264
MPP,20200601,0.16,0.16,0.155,0.155,8000
MPR,20200601,0.021,0.021,0.021,0.021,37236
MQG,20200601,108.81,111.09,107.19,110.49,1092962
MQR,20200601,0.047,0.047,0.047,0.047,20000
MRC,20200601,0.225,0.225,0.225,0.225,11281
MRD,20200601,0.001,0.001,0.001,0.001,80000
MRG,20200601,0.017,0.019,0.016,0.019,2419987
MRM,20200601,0.075,0.08,0.072,0.073,1103952
MRQ,20200601,0.007,0.007,0.005,0.005,19316054
MRR,20200601,0.01,0.01,0.01,0.01,555545
MRZ,20200601,0.19,0.2,0.185,0.2,6500
MSB,20200601,4.1,4.14,3.89,3.93,7383896
MSE,20200601,0.011,0.012,0.011,0.011,6453277
MSG,20200601,0.019,0.019,0.019,0.019,902000
MSL,20200601,0.076,0.076,0.075,0.075,241883
MSM,20200601,0.027,0.027,0.026,0.026,238400
MSR,20200601,0.006,0.006,0.005,0.006,4383333
MSV,20200601,0.45,0.46,0.445,0.46,675080
MTC,20200601,0.16,0.165,0.155,0.16,555035
MTH,20200601,0.014,0.016,0.012,0.016,11821831
MTO,20200601,1.73,1.73,1.57,1.7,642436
MTS,20200601,2.64,2.71,2.64,2.69,4447470
MVA,20200601,19.4,19.4,18.88,19.02,17678
MVB,20200601,19.62,19.73,19.05,19.6,40300
MVE,20200601,26.35,26.45,26.35,26.4,1162
MVF,20200601,0.575,0.585,0.56,0.565,1553236
MVP,20200601,8,8.08,7.82,8.02,107220
MVR,20200601,27.19,27.81,27.19,27.81,15975
MVS,20200601,17.75,17.79,17.61,17.61,319
MVW,20200601,26.59,27.01,26.57,27,48009
MWY,20200601,0.96,0.975,0.95,0.97,32531
MX1,20200601,0.15,0.15,0.14,0.145,1062551
MXC,20200601,0.023,0.024,0.023,0.023,1917697
MXI,20200601,0.165,0.165,0.16,0.16,21435
MXR,20200601,0.088,0.091,0.085,0.089,1104280
MXT,20200601,1.885,1.9,1.875,1.9,430200
MYE,20200601,0.7,0.705,0.685,0.705,80127
MYL,20200601,0.057,0.059,0.057,0.058,2173901
MYQ,20200601,0.235,0.24,0.21,0.21,570288
MYR,20200601,0.285,0.285,0.275,0.275,7778562
MYS,20200601,3.97,4.03,3.9,3.95,49195
MYX,20200601,0.425,0.435,0.415,0.425,6779622
MZZ,20200601,0.255,0.27,0.255,0.27,318107
NAB,20200601,17.43,18.15,17.27,17.95,10661631
NAC,20200601,0.77,0.78,0.77,0.78,5402
NAE,20200601,0.005,0.005,0.005,0.005,3247535
NAG,20200601,0.065,0.066,0.063,0.066,156540
NAM,20200601,0.33,0.33,0.315,0.315,79770
NAN,20200601,7.1,7.22,7.07,7.2,693039
NBI,20200601,1.69,1.71,1.685,1.71,411599
NCC,20200601,0.8,0.815,0.795,0.795,49336
NCK,20200601,5.5,5.89,5.5,5.7,146968
NCM,20200601,31.04,31.49,30.44,31.42,2739835
NCR,20200601,0.007,0.008,0.007,0.008,968000
NCZ,20200601,0.19,0.19,0.175,0.18,2021826
NDQ,20200601,24.25,24.29,24.09,24.09,136951
NEA,20200601,2.29,2.31,2.17,2.19,5116974
NEC,20200601,1.445,1.517,1.44,1.5,4424714
NES,20200601,0.045,0.048,0.045,0.048,618231
NET,20200601,0.05,0.051,0.048,0.049,5095429
NEU,20200601,1.685,1.83,1.685,1.795,141413
NEW,20200601,1.08,1.115,1.08,1.115,270114
NGE,20200601,0.48,0.49,0.48,0.49,41979
NGI,20200601,1.32,1.325,1.28,1.285,853491
NHC,20200601,1.35,1.395,1.34,1.37,3486948
NHF,20200601,4.63,4.68,4.52,4.59,2069625
NIC,20200601,0.525,0.54,0.52,0.54,2042721
NME,20200601,0.02,0.02,0.02,0.02,419118
NML,20200601,0.16,0.17,0.16,0.165,1829917
NMT,20200601,0.17,0.17,0.165,0.17,33978
NNT,20200601,0.056,0.056,0.056,0.056,79886
NOR,20200601,0.024,0.025,0.024,0.025,86949
NOX,20200601,0.22,0.24,0.21,0.21,935872
NSB,20200601,0.175,0.18,0.175,0.18,46835
NSC,20200601,0.54,0.54,0.515,0.52,44701
NSR,20200601,1.805,1.855,1.805,1.84,3688759
NST,20200601,14.79,15.17,14.66,15.17,5922341
NSX,20200601,0.12,0.12,0.12,0.12,79038
NTD,20200601,0.36,0.36,0.36,0.36,5000
NTM,20200601,0.093,0.095,0.092,0.095,190254
NTO,20200601,1.6,1.61,1.54,1.575,374069
NTU,20200601,0.024,0.025,0.023,0.024,5260510
NUC,20200601,2.9,2.9,2.87,2.9,37555
NUF,20200601,5.33,5.6,5.33,5.59,1259823
NUH,20200601,0.021,0.021,0.018,0.019,9193387
NUS,20200601,0.32,0.32,0.32,0.32,2200
NVA,20200601,0.058,0.066,0.058,0.066,16414159
NVO,20200601,0.01,0.01,0.01,0.01,55000
NVU,20200601,0.094,0.1,0.092,0.1,423233
NVX,20200601,0.42,0.45,0.39,0.41,1193741
NWC,20200601,0.013,0.013,0.012,0.012,32452
NWE,20200601,0.004,0.004,0.003,0.003,2056263
NWH,20200601,1.915,1.99,1.87,1.945,3746455
NWL,20200601,8.25,8.34,8.1,8.19,282342
NWM,20200601,0.185,0.185,0.185,0.185,2800
NWS,20200601,17.9,18.37,17.78,18.02,424014
NXM,20200601,0.05,0.051,0.05,0.05,355584
NXS,20200601,1.485,1.495,1.45,1.45,109508
NXT,20200601,9.1,9.21,8.89,8.99,2288865
NYR,20200601,0.17,0.185,0.17,0.185,90635
NZM,20200601,0.19,0.195,0.19,0.19,32756
OAR,20200601,0.002,0.003,0.002,0.003,1349900
OBL,20200601,4.94,4.97,4.61,4.65,943089
OBM,20200601,0.27,0.295,0.27,0.285,3859564
OCA,20200601,0.85,0.86,0.835,0.85,13951
OCC,20200601,0.36,0.365,0.35,0.35,321718
OCL,20200601,7.24,7.39,7.21,7.27,38120
ODA,20200601,0.11,0.11,0.11,0.11,8667
ODM,20200601,0.045,0.047,0.041,0.042,3319656
OEC,20200601,0.7,0.7,0.67,0.68,144283
OEL,20200601,0.007,0.007,0.006,0.007,33690416
OFX,20200601,1.33,1.355,1.315,1.33,163277
OGA,20200601,0.095,0.095,0.09,0.09,31250
OGC,20200601,3.14,3.24,3.1,3.23,789752
OIL,20200601,0.043,0.043,0.043,0.043,69601
OKJ,20200601,0.047,0.047,0.047,0.047,30000
OKR,20200601,0.15,0.15,0.15,0.15,21660
OKU,20200601,0.28,0.28,0.27,0.275,440018
OLI,20200601,0.056,0.058,0.055,0.055,299062
OLL,20200601,0.27,0.285,0.24,0.245,1416287
OMH,20200601,0.4,0.415,0.4,0.415,88488
OML,20200601,1.07,1.125,1.03,1.09,5919881
ONE,20200601,0.049,0.049,0.047,0.047,58000
ONT,20200601,5.16,5.16,5.16,5.16,100
OOO,20200601,3.64,3.68,3.61,3.64,2080737
OPC,20200601,4.96,5.15,4.96,5.11,33085
OPH,20200601,2.49,2.51,2.46,2.5,232680
OPL,20200601,0.095,0.1,0.095,0.1,97028
OPT,20200601,3,3.345,2.97,3.3,828050
OPY,20200601,1.35,1.665,1.35,1.635,3627044
ORA,20200601,2.66,2.7,2.63,2.68,6164196
ORE,20200601,2.33,2.48,2.33,2.46,1385795
ORG,20200601,5.81,6.09,5.81,6.08,5905387
ORI,20200601,17.09,17.4,16.87,17.36,1008544
ORN,20200601,0.016,0.016,0.015,0.015,374481
ORR,20200601,0.38,0.38,0.375,0.375,67439
OSH,20200601,3.44,3.57,3.36,3.55,11176782
OSL,20200601,0.11,0.115,0.11,0.11,8146955
OSP,20200601,0.015,0.015,0.013,0.014,2020250
OSX,20200601,0.49,0.49,0.475,0.475,45424
OTW,20200601,3.3,3.3,3.23,3.28,46532
OVH,20200601,0.385,0.385,0.36,0.375,9317074
OVN,20200601,0.31,0.33,0.305,0.32,868102
OVT,20200601,0.02,0.02,0.016,0.017,2798680
OZF,20200601,14.64,15.02,14.64,14.93,18590
OZG,20200601,0.16,0.16,0.16,0.16,128466
OZL,20200601,9.33,9.63,9.33,9.63,1224838
OZR,20200601,10.96,11.21,10.96,11.2,6057
PAB,20200601,0.014,0.015,0.014,0.015,924714
PAC,20200601,5.2,5.25,5.02,5.02,10116
PAF,20200601,0.715,0.715,0.695,0.705,121694
PAI,20200601,0.975,0.975,0.97,0.975,328172
PAK,20200601,0.012,0.012,0.012,0.012,252000
PAL,20200601,0.75,0.775,0.72,0.72,37270
PAN,20200601,0.088,0.09,0.083,0.084,9175654
PAR,20200601,2.91,3.19,2.91,3.15,2715804
PBH,20200601,5.9,6.19,5.65,6.01,1509478
PBP,20200601,1.94,1.94,1.9,1.9,57120
PCG,20200601,1.2,1.21,1.18,1.21,5373
PCI,20200601,0.96,0.97,0.955,0.955,255246
PCK,20200601,0.185,0.185,0.17,0.17,1633651
PCL,20200601,0.001,0.001,0.001,0.001,400000
PDI,20200601,0.105,0.112,0.1,0.1,7318665
PDL,20200601,6.2,6.39,6.17,6.24,1003372
PDN,20200601,0.115,0.12,0.11,0.11,3660092
PDZ,20200601,0.16,0.175,0.16,0.175,195502
PE1,20200601,1.685,1.69,1.65,1.65,37440
PEC,20200601,0.035,0.052,0.034,0.045,3041168
PEK,20200601,0.024,0.025,0.024,0.024,737885
PET,20200601,0.52,0.525,0.505,0.51,1631889
PEX,20200601,0.165,0.165,0.145,0.155,509090
PFP,20200601,2.99,2.99,2.94,2.97,34977
PFT,20200601,0.205,0.22,0.205,0.215,159292
PG1,20200601,0.08,0.08,0.075,0.08,336141
PGC,20200601,0.165,0.167,0.165,0.165,367484
PGF,20200601,0.89,0.9,0.89,0.9,254540
PGG,20200601,1.63,1.665,1.63,1.665,65124
PGH,20200601,2.27,2.37,2.2,2.29,571899
PGI,20200601,0.046,0.046,0.044,0.046,884413
PGL,20200601,1.13,1.195,1.08,1.1,207064
PGM,20200601,0.03,0.031,0.024,0.025,10303863
PGX,20200601,0.23,0.235,0.22,0.23,164738
PGY,20200601,0.025,0.026,0.024,0.024,240828
PIA,20200601,1.055,1.06,1.055,1.06,85906
PIC,20200601,0.93,0.935,0.91,0.92,230017
PIN,20200601,0.055,0.055,0.054,0.054,203685
PIO,20200601,0.012,0.012,0.011,0.012,2350657
PIQ,20200601,0.335,0.355,0.335,0.35,148823
PKS,20200601,0.18,0.19,0.18,0.18,255475
PL8,20200601,0.985,1.01,0.985,0.99,259437
PLL,20200601,0.105,0.11,0.105,0.11,756320
PLS,20200601,0.265,0.265,0.255,0.265,5476745
PM1,20200601,0.015,0.016,0.015,0.016,1904305
PM8,20200601,0.27,0.275,0.27,0.27,771875
PMC,20200601,1.235,1.24,1.22,1.22,201984
PME,20200601,29,29.72,28.53,29.32,416968
PMV,20200601,16.18,16.53,16.18,16.4,298408
PMY,20200601,0.006,0.006,0.006,0.006,9650586
PNC,20200601,0.295,0.295,0.275,0.29,425937
PNI,20200601,4.14,4.29,4.06,4.2,662025
PNN,20200601,0.002,0.002,0.001,0.002,15800000
PNR,20200601,0.215,0.22,0.21,0.215,1946099
PNV,20200601,2.71,2.73,2.63,2.69,3714131
PNX,20200601,0.009,0.009,0.009,0.009,665448
PO3,20200601,3.4,3.8,3.37,3.8,9691
POS,20200601,0.03,0.03,0.03,0.03,1010000
POU,20200601,18.11,18.11,18.02,18.02,4642
PPC,20200601,0.9,0.93,0.89,0.93,548710
PPE,20200601,2.13,2.17,2.04,2.15,271300
PPG,20200601,0.185,0.185,0.18,0.185,321716
PPH,20200601,7,7.09,6.85,6.88,277407
PPK,20200601,4.06,4.36,4.06,4.31,387251
PPL,20200601,0.006,0.007,0.006,0.007,387590
PPS,20200601,0.385,0.4,0.375,0.375,1098582
PPT,20200601,30.84,31.23,30.3,30.59,176537
PRN,20200601,1.2,1.25,1.175,1.235,5263968
PRO,20200601,0.65,0.66,0.65,0.66,107353
PRT,20200601,0.097,0.097,0.097,0.097,25000
PRU,20200601,1.3,1.345,1.27,1.33,7815514
PRX,20200601,0.052,0.063,0.052,0.058,3248762
PSC,20200601,0.085,0.087,0.083,0.087,23372
PSI,20200601,2.57,2.57,2.5,2.5,54257
PSZ,20200601,0.024,0.024,0.023,0.023,33776
PTB,20200601,0.58,0.585,0.58,0.585,41844
PTL,20200601,0.355,0.36,0.35,0.355,165734
PTM,20200601,3.89,3.96,3.75,3.77,1674975
PTR,20200601,0.055,0.055,0.055,0.055,840
PTX,20200601,0.053,0.064,0.053,0.064,9167683
PUA,20200601,0.018,0.021,0.015,0.02,8546840
PUR,20200601,0.007,0.007,0.007,0.007,2773342
PWG,20200601,1.01,1.01,1.01,1.01,20933
PWH,20200601,4.35,4.35,4.15,4.24,23764
PWL,20200601,0.165,0.17,0.165,0.17,26010
PWN,20200601,0.007,0.008,0.006,0.007,4815488
PXS,20200601,0.088,0.088,0.088,0.088,118597
PXX,20200601,0.035,0.035,0.035,0.035,30026
PYC,20200601,0.089,0.094,0.087,0.094,2665421
PYG,20200601,0.7,0.7,0.68,0.68,41771
QAN,20200601,3.98,4.06,3.89,4.01,16684857
QAU,20200601,17.16,17.19,17.07,17.19,271060
QBE,20200601,8.6,8.85,8.45,8.74,7002195
QCB,20200601,6.1,6.13,6.1,6.13,6254
QFE,20200601,0.315,0.325,0.31,0.31,239489
QFN,20200601,8.25,8.37,8.14,8.31,10309
QFY,20200601,0.001,0.001,0.001,0.001,60
QHL,20200601,0.1,0.1,0.094,0.096,1007267
QIP,20200601,1.065,1.08,1.05,1.075,39360
QOZ,20200601,11.32,11.49,11.28,11.49,18476
QRE,20200601,5.95,6.08,5.95,6.08,8355
QRI,20200601,1.39,1.4,1.375,1.39,136035
QTM,20200601,0.037,0.038,0.037,0.037,84460
QUB,20200601,2.62,2.74,2.62,2.74,4812655
QUS,20200601,34.38,34.38,34.18,34.18,1525
QVE,20200601,0.81,0.81,0.79,0.8,301245
RAC,20200601,0.33,0.335,0.32,0.32,76581
RAG,20200601,0.007,0.007,0.007,0.007,581414
RAN,20200601,0.008,0.008,0.008,0.008,76667
RAP,20200601,0.175,0.185,0.17,0.18,1297709
RBL,20200601,1.255,1.285,1.2,1.275,882204
RBR,20200601,0.008,0.008,0.008,0.008,858250
RCB,20200601,21.12,21.17,21.12,21.16,12588
RCE,20200601,0.77,0.8,0.725,0.785,306307
RCL,20200601,0.275,0.275,0.275,0.275,5500
RCT,20200601,1.865,1.865,1.865,1.865,340
RDC,20200601,0.8,0.8,0.755,0.765,1051757
RDF,20200601,0.475,0.48,0.475,0.48,12112
RDH,20200601,0.67,0.76,0.67,0.71,133126
RDM,20200601,0.09,0.09,0.079,0.079,320112
RDN,20200601,0.006,0.006,0.006,0.006,3090000
RDS,20200601,0.008,0.008,0.008,0.008,140000
RDV,20200601,23.04,23.26,23.04,23.21,2235
RDY,20200601,1.58,1.6,1.58,1.6,12331
REA,20200601,99.7,103.26,99.2,102.8,239601
RED,20200601,0.29,0.292,0.28,0.29,8476169
REE,20200601,0.056,0.058,0.052,0.052,3706513
REG,20200601,1.52,1.525,1.445,1.46,688676
REH,20200601,9.11,9.55,9.1,9.46,517121
RES,20200601,0.072,0.072,0.072,0.072,24100
REX,20200601,1.055,1.08,1.045,1.08,87511
REZ,20200601,0.016,0.017,0.016,0.017,16993661
RF1,20200601,2.26,2.27,2.24,2.24,65919
RFF,20200601,2.01,2.02,1.97,1.97,608890
RFG,20200601,0.07,0.074,0.07,0.07,1373365
RFN,20200601,0.002,0.002,0.002,0.002,850000
RFT,20200601,0.042,0.042,0.041,0.041,131405
RFX,20200601,0.031,0.031,0.03,0.03,724211
RGB,20200601,23.58,23.63,23.57,23.63,2578
RGI,20200601,0.067,0.067,0.064,0.064,231303
RGL,20200601,0.029,0.035,0.029,0.033,14615451
RHC,20200601,69.29,70.19,69.04,69.65,699599
RHP,20200601,1.9,1.9,1.85,1.885,139123
RHT,20200601,0.185,0.185,0.18,0.18,457635
RHY,20200601,0.093,0.093,0.092,0.093,36577
RIC,20200601,0.75,0.75,0.725,0.725,25132
RIM,20200601,0.007,0.007,0.006,0.006,8923950
RIO,20200601,94.36,97.3,94.36,97.23,1779210
RKN,20200601,0.635,0.64,0.635,0.635,35486
RLE,20200601,0.028,0.028,0.025,0.026,692928
RLG,20200601,0.021,0.021,0.02,0.02,757011
RLT,20200601,1.2,1.245,1.2,1.2,8256
RMC,20200601,0.915,0.94,0.905,0.94,370169
RMD,20200601,23.67,23.83,23.61,23.76,999981
RML,20200601,0.063,0.066,0.063,0.065,2544443
RMS,20200601,1.78,1.79,1.72,1.785,5874553
RMY,20200601,0.32,0.33,0.31,0.33,106544
RND,20200601,2.06,2.06,2.01,2.06,12013
RNE,20200601,0.02,0.02,0.019,0.019,58433
RNO,20200601,0.078,0.078,0.076,0.076,427911
RNT,20200601,0.033,0.033,0.033,0.033,146219
RNU,20200601,0.011,0.011,0.011,0.011,534000
ROG,20200601,0.002,0.002,0.002,0.002,1500000
ROO,20200601,0.021,0.021,0.019,0.019,1792456
RPM,20200601,0.14,0.14,0.14,0.14,4476
RRL,20200601,5.42,5.47,5.27,5.47,2826031
RSG,20200601,1.15,1.18,1.13,1.175,13233499
RSH,20200601,0.074,0.078,0.07,0.07,699118
RSM,20200601,21.81,21.86,21.81,21.86,1934
RTE,20200601,0.39,0.39,0.39,0.39,99475
RTG,20200601,0.13,0.245,0.125,0.185,15029099
RTR,20200601,0.09,0.091,0.088,0.09,1057904
RUL,20200601,0.99,0.99,0.94,0.96,287836
RVR,20200601,0.059,0.06,0.059,0.059,2408390
RVS,20200601,0.465,0.465,0.465,0.465,1340
RWC,20200601,2.95,3.09,2.95,3.06,2379193
RXL,20200601,0.026,0.027,0.026,0.026,7746760
RXM,20200601,0.078,0.078,0.075,0.078,58200
RXP,20200601,0.285,0.285,0.28,0.285,313280
RYD,20200601,1.25,1.25,1.25,1.25,17120
RZI,20200601,0.7,0.705,0.69,0.705,124336
S2R,20200601,0.105,0.105,0.102,0.105,73000
S32,20200601,1.895,1.95,1.89,1.95,13232284
SAR,20200601,5.24,5.28,5.12,5.23,5983102
SAU,20200601,0.145,0.145,0.135,0.14,321842
SBM,20200601,3.15,3.25,3.13,3.25,4885446
SBR,20200601,0.003,0.003,0.002,0.003,10895033
SBW,20200601,0.075,0.076,0.075,0.076,130000
SCG,20200601,2.15,2.22,2.14,2.19,37635449
SCI,20200601,0.016,0.016,0.015,0.015,222826
SCL,20200601,0.016,0.017,0.016,0.017,6544318
SCP,20200601,2.24,2.27,2.22,2.25,4363339
SCU,20200601,0.016,0.017,0.016,0.017,3692026
SDF,20200601,3.31,3.34,3.28,3.34,2013561
SDG,20200601,1.22,1.22,1.15,1.165,11660
SDI,20200601,0.755,0.755,0.755,0.755,6700
SDV,20200601,0.75,0.755,0.7,0.7,508771
SDX,20200601,0.076,0.076,0.076,0.076,40562
SE1,20200601,0.028,0.028,0.026,0.026,863762
SEC,20200601,1.33,1.365,1.32,1.365,101551
SEI,20200601,0.033,0.035,0.033,0.034,421727
SEK,20200601,19.73,20.24,19.62,20.24,1338034
SEN,20200601,0.049,0.052,0.049,0.049,900559
SEQ,20200601,0.195,0.195,0.192,0.195,275864
SER,20200601,0.004,0.004,0.004,0.004,64000
SES,20200601,0.061,0.061,0.061,0.061,152810
SF1,20200601,0.018,0.018,0.018,0.018,109578
SFC,20200601,11.8,12.2,11.8,12.2,742
SFG,20200601,0.056,0.061,0.056,0.057,2491698
SFR,20200601,4.36,4.56,4.36,4.55,1346283
SFX,20200601,0.115,0.115,0.115,0.115,25643
SFY,20200601,52.04,52.76,51.79,52.63,8248
SGC,20200601,0.015,0.015,0.015,0.015,11066
SGF,20200601,1.735,1.735,1.675,1.69,37221
SGH,20200601,0.89,0.89,0.85,0.85,15229
SGI,20200601,0.065,0.065,0.065,0.065,1000
SGM,20200601,7.69,7.82,7.62,7.81,327003
SGO,20200601,0.028,0.028,0.028,0.028,10500
SGP,20200601,3.43,3.55,3.38,3.53,14303049
SGQ,20200601,0.1,0.11,0.1,0.11,1518600
SGR,20200601,2.95,3.18,2.95,3.04,11463360
SHJ,20200601,0.865,0.88,0.86,0.88,44512
SHK,20200601,0.005,0.005,0.005,0.005,101891
SHL,20200601,27.92,28.18,27.76,28.18,1193388
SHM,20200601,0.475,0.5,0.475,0.5,61075
SHO,20200601,0.025,0.029,0.025,0.028,646430
SHV,20200601,6.19,6.21,6,6.14,669846
SI6,20200601,0.004,0.004,0.004,0.004,256825
SIG,20200601,0.58,0.595,0.58,0.595,656701
SIH,20200601,0.015,0.016,0.015,0.016,648655
SIO,20200601,0.27,0.27,0.27,0.27,33462
SIQ,20200601,6.61,6.75,6.52,6.64,1610478
SIS,20200601,0.016,0.016,0.016,0.016,775742
SKC,20200601,2.3,2.41,2.3,2.41,551925
SKF,20200601,0.145,0.145,0.14,0.14,75250
SKI,20200601,2.06,2.11,2.05,2.09,6046773
SKO,20200601,2.79,2.84,2.79,2.83,10750
SKT,20200601,0.15,0.17,0.15,0.16,2858911
SKY,20200601,0.315,0.342,0.295,0.34,1398623
SLC,20200601,1.06,1.125,1.03,1.1,1971426
SLF,20200601,10.73,10.89,10.6,10.85,76112
SLK,20200601,4.21,4.42,4.14,4.4,126397
SLR,20200601,2.21,2.27,2.17,2.26,3540286
SLX,20200601,0.35,0.35,0.31,0.32,752029
SLZ,20200601,0.135,0.145,0.135,0.145,157643
SM1,20200601,6.5,6.69,6.47,6.66,130317
SMN,20200601,0.375,0.395,0.375,0.38,123503
SMP,20200601,0.495,0.5,0.49,0.49,229548
SMR,20200601,0.89,0.94,0.89,0.895,135167
SMX,20200601,0.26,0.28,0.26,0.28,14166
SNC,20200601,0.63,0.645,0.63,0.645,42905
SND,20200601,0.44,0.46,0.44,0.44,100500
SNL,20200601,4.25,4.25,4.25,4.25,1404
SNS,20200601,0.081,0.085,0.081,0.084,95222
SNZ,20200601,5.92,5.92,5.91,5.91,864
SO4,20200601,0.585,0.61,0.56,0.565,3030153
SOL,20200601,18.86,19.46,18.82,19.37,431941
SOM,20200601,1.5,1.582,1.43,1.43,100977
SOR,20200601,0.052,0.057,0.052,0.055,507825
SP3,20200601,0.054,0.054,0.054,0.054,14450
SPK,20200601,4.12,4.14,4.05,4.06,948474
SPL,20200601,1.1,1.1,1.05,1.055,454551
SPT,20200601,0.465,0.5,0.46,0.495,2477648
SPY,20200601,456,456,452.39,453,143
SPZ,20200601,0.125,0.13,0.115,0.115,293084
SRG,20200601,0.195,0.2,0.195,0.195,1671954
SRH,20200601,0.155,0.16,0.155,0.16,17000
SRI,20200601,0.051,0.052,0.051,0.052,9808
SRK,20200601,0.053,0.059,0.053,0.058,518878
SRN,20200601,0.003,0.003,0.003,0.003,6116259
SRV,20200601,2.38,2.65,2.37,2.63,57669
SRZ,20200601,0.01,0.01,0.01,0.01,313191
SSG,20200601,0.595,0.605,0.565,0.6,282540
SSM,20200601,2.03,2.05,2,2.02,1739587
ST1,20200601,0.215,0.215,0.205,0.215,210756
STA,20200601,0.165,0.165,0.16,0.16,67512
STG,20200601,0.88,0.88,0.88,0.88,5634
STM,20200601,0.007,0.007,0.007,0.007,1675000
STN,20200601,0.4,0.44,0.4,0.435,382485
STO,20200601,5.3,5.51,5.235,5.5,6947086
STW,20200601,52.87,53.99,52.8,53.99,208920
STX,20200601,0.195,0.205,0.195,0.195,2677665
SUD,20200601,0.042,0.042,0.042,0.042,23300
SUL,20200601,8.3,8.54,8.16,8.54,991650
SUN,20200601,9.07,9.24,9.02,9.19,2717978
SUP,20200601,0.06,0.06,0.051,0.051,222139
SVA,20200601,0.024,0.025,0.024,0.025,300555
SVL,20200601,0.13,0.135,0.125,0.13,16408395
SVM,20200601,0.165,0.17,0.165,0.17,66371
SVW,20200601,15.83,16.6,15.72,16.6,403836
SVY,20200601,0.59,0.595,0.57,0.575,524145
SW1,20200601,0.044,0.044,0.04,0.04,2558412
SWF,20200601,0.305,0.315,0.295,0.3,986866
SWK,20200601,0.135,0.137,0.135,0.137,67572
SWM,20200601,0.088,0.097,0.086,0.092,23786485
SXA,20200601,0.062,0.062,0.062,0.062,1333
SXE,20200601,0.45,0.45,0.445,0.45,248880
SXL,20200601,0.23,0.235,0.22,0.225,35220808
SXY,20200601,0.23,0.235,0.225,0.23,3699814
SYA,20200601,0.007,0.007,0.006,0.007,4876620
SYD,20200601,5.82,5.95,5.81,5.9,6508586
SYI,20200601,23.95,24.45,23.77,24.45,4805
SYR,20200601,0.295,0.305,0.29,0.295,4767767
SZL,20200601,2.06,2.22,2.03,2.22,961913
T3D,20200601,0.001,0.001,0.001,0.001,1500000
TAH,20200601,3.15,3.27,3.14,3.25,8015419
TAM,20200601,0.055,0.055,0.048,0.05,1596238
TAO,20200601,0.08,0.08,0.075,0.08,159463
TAP,20200601,0.082,0.082,0.082,0.082,9948
TAR,20200601,0.013,0.013,0.013,0.013,650000
TAS,20200601,0.034,0.034,0.034,0.034,134100
TBL,20200601,0.195,0.2,0.195,0.2,9356
TBR,20200601,7.34,7.34,7.21,7.33,9407
TCL,20200601,14.17,14.47,14.15,14.39,5928273
TD1,20200601,0.03,0.03,0.029,0.029,3071258
TDI,20200601,1.597,1.6,1.59,1.595,107180
TDY,20200601,0.165,0.165,0.16,0.16,23250
TEG,20200601,0.047,0.047,0.045,0.045,812670
TEK,20200601,0.24,0.25,0.24,0.25,330475
TER,20200601,0.14,0.17,0.14,0.155,5190684
TFL,20200601,0.115,0.12,0.115,0.12,196644
TGA,20200601,0.12,0.12,0.115,0.115,150410
TGF,20200601,1.27,1.28,1.26,1.26,33870
TGG,20200601,1.15,1.165,1.15,1.165,71719
TGM,20200601,0.21,0.21,0.21,0.21,104000
TGN,20200601,0.115,0.115,0.115,0.115,17998
TGP,20200601,0.88,0.88,0.865,0.865,77132
TGR,20200601,3.99,4,3.9,3.91,678698
THC,20200601,0.4,0.42,0.4,0.41,726569
THR,20200601,0.013,0.016,0.009,0.011,30778904
TIE,20200601,0.335,0.345,0.325,0.34,617922
TIN,20200601,0.17,0.17,0.16,0.16,469289
TIP,20200601,0.56,0.56,0.535,0.55,34589
TKL,20200601,0.009,0.009,0.009,0.009,75056
TKM,20200601,0.023,0.024,0.021,0.024,722244
TLG,20200601,0.43,0.46,0.425,0.45,537455
TLM,20200601,0.09,0.09,0.088,0.09,259989
TLS,20200601,3.21,3.25,3.2,3.22,21790309
TLT,20200601,3,3.03,2.98,2.98,7924
TLX,20200601,1.38,1.435,1.375,1.385,760163
TMG,20200601,0.079,0.08,0.079,0.08,75104
TMK,20200601,0.005,0.005,0.005,0.005,200000
TMR,20200601,0.22,0.23,0.205,0.215,641242
TMT,20200601,0.175,0.175,0.16,0.17,346365
TMX,20200601,0.005,0.005,0.005,0.005,45000
TMZ,20200601,0.018,0.018,0.018,0.018,62500
TNE,20200601,9.09,9.26,9.07,9.16,1175499
TNG,20200601,0.053,0.054,0.052,0.054,1054055
TNK,20200601,0.85,0.855,0.85,0.85,8639
TNR,20200601,0.03,0.041,0.03,0.035,27532305
TNT,20200601,0.066,0.067,0.064,0.064,1478412
TNY,20200601,0.985,1,0.945,1,46089
TOE,20200601,0.008,0.008,0.008,0.008,220005
TON,20200601,0.052,0.052,0.046,0.048,578427
TOP,20200601,0.5,0.5,0.5,0.5,182359
TOT,20200601,0.9,0.9,0.9,0.9,48630
TPD,20200601,0.002,0.002,0.002,0.002,2000000
TPM,20200601,8.42,8.45,8.2,8.26,1035279
TPP,20200601,0.055,0.055,0.055,0.055,105150
TPS,20200601,0.045,0.045,0.045,0.045,2306
TPW,20200601,4.42,4.62,4.33,4.6,894846
TRL,20200601,0.022,0.026,0.019,0.026,605735
TRS,20200601,5.73,5.96,5.69,5.9,209722
TRY,20200601,0.089,0.089,0.087,0.088,328874
TSC,20200601,0.007,0.007,0.006,0.006,2948712
TSL,20200601,0.047,0.047,0.047,0.047,350000
TSO,20200601,0.073,0.08,0.073,0.079,4122871
TTB,20200601,0.41,0.41,0.41,0.41,34207
TTI,20200601,0.013,0.013,0.013,0.013,61102
TTM,20200601,0.079,0.079,0.075,0.075,3634513
TTT,20200601,0.695,0.695,0.665,0.665,395373
TWD,20200601,2.7,2.78,2.7,2.72,21321
TWE,20200601,9.55,9.76,9.51,9.76,3456835
TWR,20200601,0.575,0.595,0.575,0.585,143347
TYR,20200601,3.82,4.2,3.76,4.09,2802014
TYX,20200601,0.005,0.005,0.005,0.005,1791765
TZL,20200601,0.04,0.04,0.04,0.04,35544
TZN,20200601,0.04,0.045,0.04,0.041,109452
UBI,20200601,0.22,0.22,0.215,0.22,390669
UBN,20200601,0.057,0.059,0.056,0.059,405866
UCM,20200601,0.23,0.23,0.225,0.225,213099
UMG,20200601,4.3,4.46,4.26,4.45,604537
UOS,20200601,0.675,0.68,0.67,0.68,70124
URF,20200601,0.36,0.36,0.35,0.36,30261
URW,20200601,4.03,4.25,3.97,4.1,2453851
USD,20200601,14.62,14.62,14.42,14.42,118897
UUV,20200601,0.002,0.002,0.001,0.001,750000
UWL,20200601,1.56,1.59,1.555,1.59,220747
VAE,20200601,63.26,64.72,63.26,64.72,5645
VAF,20200601,52.68,52.69,52.62,52.68,35794
VAL,20200601,0.003,0.003,0.003,0.003,666700
VAN,20200601,0.099,0.102,0.097,0.1,909086
VAP,20200601,70.2,70.2,68.17,69.32,41411
VAS,20200601,73.07,74.01,72.4,74.01,315109
VBS,20200601,0.695,0.7,0.68,0.68,15019
VCF,20200601,50.1,50.27,50.07,50.25,4394
VEA,20200601,1.6,1.63,1.58,1.61,11914468
VEN,20200601,0.054,0.06,0.054,0.058,679587
VEQ,20200601,52.29,52.55,52.24,52.37,3906
VEU,20200601,69.01,69.22,68.51,69,68850
VG1,20200601,2.14,2.14,2.1,2.11,303074
VG8,20200601,2.08,2.1,2.08,2.1,151631
VGB,20200601,53.87,53.89,53.82,53.88,12251
VGE,20200601,62.06,63,62.01,62.82,10756
VGI,20200601,9.76,9.79,9.64,9.78,6619
VGL,20200601,1.415,1.5,1.415,1.45,152458
VGS,20200601,77.96,78.4,77.57,77.61,51667
VHT,20200601,1.42,1.435,1.395,1.42,754062
VHY,20200601,50,50.56,49.31,50.41,69536
VIC,20200601,0.001,0.001,0.001,0.001,2974388
VIF,20200601,51.9,52.03,51.9,52.02,19071
VIP,20200601,0.036,0.037,0.036,0.037,1031081
VKA,20200601,0.008,0.011,0.008,0.009,589253
VLC,20200601,57.58,58.71,57.58,58.5,2046
VLT,20200601,0.235,0.26,0.235,0.25,387925
VMC,20200601,0.18,0.18,0.175,0.175,38273
VML,20200601,0.011,0.011,0.011,0.011,1737050
VMS,20200601,0.018,0.018,0.017,0.017,1342726
VMT,20200601,0.23,0.23,0.22,0.222,128717
VMX,20200601,0.18,0.18,0.18,0.18,6600
VMY,20200601,0.043,0.043,0.043,0.043,464620
VN8,20200601,0.115,0.115,0.105,0.105,108695
VOC,20200601,3.02,3.06,2.97,3.01,1191279
VOR,20200601,0.18,0.2,0.175,0.19,1447285
VR1,20200601,0.031,0.032,0.029,0.031,448187
VR8,20200601,0.017,0.017,0.017,0.017,10000
VRC,20200601,0.017,0.018,0.016,0.018,8204795
VRL,20200601,2.06,2.13,2.05,2.1,479010
VRS,20200601,0.034,0.035,0.034,0.034,2881047
VRT,20200601,3.22,3.44,3.13,3.33,568227
VRX,20200601,0.11,0.12,0.11,0.115,910816
VSO,20200601,55.47,56.23,55.4,56.23,5071
VTG,20200601,1.08,1.105,1.08,1.09,159661
VTH,20200601,0.76,0.76,0.745,0.76,28086
VTI,20200601,0.017,0.017,0.014,0.016,5915703
VTS,20200601,231,231.17,228.24,228.24,22114
VUK,20200601,1.68,1.8,1.66,1.755,7741276
VUL,20200601,0.365,0.385,0.335,0.335,3362557
VVA,20200601,2.5,2.535,2.32,2.35,82614
VXR,20200601,0.064,0.064,0.06,0.061,102493
VYS,20200601,0.053,0.053,0.051,0.052,66906
WAA,20200601,0.94,0.945,0.92,0.945,32784
WAF,20200601,0.825,0.84,0.805,0.84,7287996
WAM,20200601,1.93,1.96,1.925,1.94,485783
WAT,20200601,2.25,2.25,2.25,2.25,5000
WAX,20200601,1.41,1.48,1.395,1.44,312395
WBC,20200601,16.85,17.44,16.7,17.36,10606477
WBE,20200601,0.006,0.006,0.006,0.006,1167334
WBT,20200601,0.37,0.385,0.37,0.385,16921
WCN,20200601,0.01,0.011,0.009,0.009,10064992
WEB,20200601,4.11,4.43,4.01,4.3,13322140
WEC,20200601,0.085,0.086,0.081,0.084,297390
WEL,20200601,0.03,0.03,0.027,0.028,544589
WES,20200601,39.86,40.66,39.78,40.66,1484732
WGB,20200601,2.06,2.06,2.05,2.06,139119
WGN,20200601,1.21,1.21,1.14,1.14,279215
WGO,20200601,0.16,0.165,0.152,0.155,7079535
WGX,20200601,2.34,2.4,2.32,2.38,942799
WHC,20200601,1.78,1.82,1.74,1.77,11659293
WHF,20200601,4.7,4.7,4.57,4.57,58736
WHK,20200601,0.071,0.072,0.07,0.071,398829
WIC,20200601,0.9,0.9,0.89,0.89,40931
WKT,20200601,0.12,0.12,0.115,0.115,149000
WLD,20200601,0.035,0.035,0.035,0.035,130555
WLE,20200601,1.08,1.1,1.08,1.1,463329
WMI,20200601,1.25,1.285,1.25,1.285,140681
WNB,20200601,0.008,0.008,0.007,0.007,6766821
WND,20200601,0.99,0.99,0.99,0.99,2062
WNR,20200601,0.26,0.26,0.26,0.26,150000
WOR,20200601,8.38,8.63,8.3,8.6,3191265
WOW,20200601,34.81,35.28,34.8,35.28,2166851
WPL,20200601,22.5,23,22.35,22.93,2652424
WPP,20200601,0.295,0.3,0.27,0.28,1406471
WPR,20200601,2.58,2.62,2.55,2.62,3753391
WQG,20200601,1.275,1.285,1.265,1.28,207966
WRM,20200601,0.006,0.007,0.006,0.006,26247886
WSA,20200601,2.3,2.32,2.27,2.32,1316341
WSI,20200601,0.012,0.012,0.012,0.012,1708571
WSP,20200601,2.5,2.56,2.45,2.54,639549
WTC,20200601,19.88,20.67,19.52,20.17,2346890
WTL,20200601,0.028,0.028,0.028,0.028,22178
WZR,20200601,0.16,0.165,0.16,0.16,1643828
XCD,20200601,0.011,0.011,0.01,0.01,2449290
XF1,20200601,0.162,0.17,0.15,0.16,333387
XPE,20200601,0.001,0.001,0.001,0.001,500000
XPL,20200601,0.057,0.057,0.057,0.057,50000
XRF,20200601,0.22,0.23,0.22,0.23,121183
XRO,20200601,83.33,86.87,83.1,86.61,392219
XTC,20200601,0.002,0.002,0.002,0.002,7600000
XTD,20200601,0.024,0.025,0.024,0.025,152932
XTE,20200601,0.64,0.645,0.625,0.645,16524
YAL,20200601,2.18,2.19,2.14,2.17,73215
YBR,20200601,0.072,0.072,0.072,0.072,1827
YOJ,20200601,0.06,0.06,0.056,0.056,1249965
YOW,20200601,0.06,0.061,0.06,0.061,365792
YPB,20200601,0.003,0.003,0.002,0.002,2900000
YRL,20200601,0.26,0.26,0.25,0.25,66430
ZEL,20200601,2.75,2.82,2.67,2.8,391195
ZEN,20200601,0.995,0.995,0.97,0.98,1753713
ZIM,20200601,10.1,10.6,10.1,10.25,2753
ZLD,20200601,0.05,0.054,0.05,0.051,3653505
ZMI,20200601,0.038,0.039,0.038,0.039,68000
ZNC,20200601,0.086,0.086,0.086,0.086,1212
ZNO,20200601,2.12,2.48,2.12,2.48,4733468
XAF,20200601,5578.5,5645,5530.1,5645,0
XAO,20200601,5872.2,5938.4,5823.5,5938.4,1184008100
XAT,20200601,5705.3,5768.8,5654.6,5768.8,0
XDJ,20200601,2310.8,2341.4,2291.1,2341.4,0
XEC,20200601,1347.2,1371.4,1347.2,1369.6,0
XEJ,20200601,7682.6,7818.9,7565.9,7818.9,0
XFJ,20200601,4591.5,4628.5,4479.7,4604.1,0
XFL,20200601,5618.1,5686.9,5570.7,5686.9,0
XGD,20200601,8292.6,8519.5,8266,8519.5,0
XHJ,20200601,40756,41838,40739.3,41585.2,0
XIJ,20200601,1482.1,1495.8,1466.5,1488,0
XJO,20200601,5755.7,5819.2,5705.4,5819.2,0
XJR,20200601,4348.9,4480.8,4348.9,4480.8,0
XKO,20200601,5727.3,5788.8,5677.2,5788.8,0
XMD,20200601,6491.6,6543.9,6424.6,6543.9,0
XMJ,20200601,13011.4,13413.8,13011.4,13413.8,0
XMM,20200601,4341.2,4486.3,4341.2,4486.3,0
XNJ,20200601,5825,5867.7,5758.5,5864.6,0
XPJ,20200601,1243.4,1243.4,1207.6,1237.3,0
XSJ,20200601,11907.5,11907.5,11743.5,11875.3,0
XSO,20200601,2658.3,2669.5,2632.3,2669.5,0
XTJ,20200601,1179.6,1181.5,1168.3,1176.5,0
XTL,20200601,3144.5,3188.8,3120.3,3183.8,0
XTO,20200601,4736.7,4791.6,4695.4,4791.6,0
XUJ,20200601,7725.2,7725.2,7592.1,7698.3,0
XXJ,20200601,5121.1,5162.3,4996.4,5135.2,0
