360,20200324,1.59,1.705,1.59,1.65,190978
14D,20200324,0.098,0.098,0.09,0.09,62057
1AD,20200324,0.045,0.045,0.041,0.041,783333
1ST,20200324,0.022,0.023,0.02,0.022,1359099
2BE,20200324,0.085,0.09,0.085,0.09,80240
3DA,20200324,0.065,0.07,0.065,0.069,200175
3DP,20200324,0.022,0.024,0.022,0.024,460687
3PL,20200324,0.725,0.745,0.69,0.745,2078323
4DS,20200324,0.029,0.029,0.025,0.027,2408707
5GN,20200324,0.57,0.6,0.545,0.57,212950
88E,20200324,0.013,0.014,0.013,0.013,6369780
8CO,20200324,0.045,0.049,0.045,0.049,16043
8IH,20200324,0.055,0.075,0.055,0.075,2305
9SP,20200324,0.009,0.01,0.009,0.01,2514459
A1G,20200324,0.04,0.04,0.038,0.038,75000
A2B,20200324,0.67,0.69,0.65,0.69,29669
A2M,20200324,15.43,16.16,15.43,16.06,5510230
A3D,20200324,0.075,0.076,0.07,0.07,137054
A4N,20200324,0.09,0.095,0.086,0.095,1546208
AAA,20200324,50.1,50.11,50.1,50.11,869120
AAC,20200324,0.97,1.07,0.97,1.07,1138045
AAP,20200324,0.008,0.008,0.008,0.008,14483
AAR,20200324,0.083,0.091,0.077,0.082,885553
ABA,20200324,3.49,3.49,3.33,3.48,33484
ABC,20200324,1.835,1.95,1.74,1.915,3184460
ABP,20200324,2.03,2.17,2.03,2.13,2276668
ABR,20200324,0.15,0.165,0.15,0.15,582133
ABX,20200324,0.086,0.086,0.085,0.085,37143
AC8,20200324,0.155,0.17,0.14,0.14,675823
ACB,20200324,0.005,0.005,0.005,0.005,200000
ACF,20200324,0.135,0.16,0.135,0.155,297068
ACQ,20200324,0.76,0.79,0.755,0.79,85774
ACR,20200324,0.11,0.115,0.105,0.115,110060
ACU,20200324,0.052,0.052,0.05,0.051,212500
ACW,20200324,0.016,0.016,0.016,0.016,277904
AD8,20200324,2.6,3,2.56,2.83,555015
ADA,20200324,0.32,0.34,0.3,0.3,36395
ADD,20200324,0.016,0.016,0.015,0.016,796000
ADH,20200324,0.505,0.57,0.49,0.57,2157051
ADI,20200324,1.75,1.815,1.66,1.76,364597
ADJ,20200324,0.011,0.011,0.009,0.009,344200
ADN,20200324,0.021,0.024,0.019,0.023,18964870
ADO,20200324,0.012,0.013,0.012,0.013,1573283
ADT,20200324,0.82,0.875,0.815,0.855,239124
ADX,20200324,0.005,0.005,0.004,0.004,2510500
ADY,20200324,0.005,0.005,0.004,0.004,844407
AEE,20200324,0.003,0.004,0.003,0.004,9926221
AEF,20200324,2.07,2.2,2.05,2.18,223197
AEG,20200324,0.96,0.98,0.94,0.98,160685
AEI,20200324,0.45,0.47,0.44,0.45,242540
AEV,20200324,0.006,0.006,0.005,0.005,118518
AFG,20200324,0.955,1.03,0.92,1,835597
AFI,20200324,4.93,4.95,4.81,4.82,873912
AFL,20200324,0.09,0.09,0.09,0.09,25000
AGD,20200324,0.145,0.16,0.145,0.16,65429
AGG,20200324,5.39,5.69,5.39,5.45,211887
AGH,20200324,0.155,0.175,0.155,0.175,657416
AGI,20200324,0.365,0.365,0.355,0.355,117424
AGL,20200324,15.42,15.74,15.15,15.51,3625333
AGR,20200324,0.069,0.07,0.066,0.066,22527
AGY,20200324,0.03,0.032,0.029,0.029,1286728
AHF,20200324,0.065,0.068,0.065,0.068,387649
AHL,20200324,0.003,0.003,0.003,0.003,800000
AHX,20200324,0.605,0.605,0.4,0.4,73467
AHY,20200324,0.91,0.925,0.865,0.905,753514
AHZ,20200324,3.6,3.7,3.6,3.7,186
AIA,20200324,4.5,4.84,4.41,4.82,1279480
AIS,20200324,0.029,0.032,0.029,0.032,380465
AIZ,20200324,0.84,0.875,0.8,0.83,793399
AJJ,20200324,0.032,0.032,0.031,0.031,22340
AJL,20200324,0.04,0.04,0.04,0.04,17313
AJM,20200324,0.029,0.031,0.028,0.03,3306083
AJX,20200324,0.03,0.035,0.03,0.035,239590
AKG,20200324,0.21,0.21,0.21,0.21,6777
AKM,20200324,0.052,0.056,0.051,0.056,134248
AKP,20200324,10.3,10.55,9.97,10.25,5828
ALC,20200324,0.1,0.115,0.1,0.105,2708204
ALF,20200324,0.81,0.825,0.8,0.825,415519
ALG,20200324,0.13,0.14,0.115,0.13,6784083
ALI,20200324,1.625,1.65,1.52,1.6,382472
ALK,20200324,0.63,0.66,0.565,0.575,6880676
ALL,20200324,15.24,18.53,14.81,17.09,6749312
ALQ,20200324,4.6,4.99,4.36,4.64,4723254
ALU,20200324,24.02,26.75,24.02,25.74,1089210
ALX,20200324,4.31,5.23,4.24,5.15,6452133
ALY,20200324,0.01,0.01,0.01,0.01,308919
AMA,20200324,0.18,0.185,0.15,0.15,7005881
AMB,20200324,0.06,0.06,0.06,0.06,41734
AMC,20200324,11.45,11.92,11.2,11.9,5229087
AMD,20200324,0.003,0.003,0.003,0.003,2032428
AME,20200324,0.05,0.05,0.05,0.05,47924
AMG,20200324,0.04,0.041,0.04,0.04,304707
AMH,20200324,0.725,0.74,0.71,0.715,122918
AMI,20200324,0.23,0.255,0.227,0.24,12230391
AML,20200324,0.057,0.065,0.056,0.062,348793
AMN,20200324,0.23,0.25,0.195,0.22,346799
AMO,20200324,0.043,0.043,0.042,0.042,294564
AMP,20200324,1.155,1.18,1.08,1.11,27829610
AMS,20200324,0.295,0.33,0.285,0.305,636723
AMX,20200324,0.805,0.87,0.77,0.87,206565
ANA,20200324,0.005,0.005,0.005,0.005,1339064
ANG,20200324,0.11,0.11,0.105,0.105,26062
ANL,20200324,0.002,0.002,0.001,0.002,2651692
ANN,20200324,22.18,23.76,21.9,23.57,1190854
ANP,20200324,0.03,0.034,0.03,0.033,670753
ANR,20200324,0.15,0.17,0.15,0.17,25882
ANZ,20200324,14.5,14.85,14.21,14.85,16337588
AO1,20200324,0.004,0.004,0.003,0.003,164654
AOF,20200324,1.605,1.715,1.505,1.715,634575
AOP,20200324,0.14,0.15,0.14,0.15,698664
APA,20200324,8.86,9.36,8.73,9.3,5530191
APC,20200324,0.065,0.066,0.065,0.066,104549
APD,20200324,0.395,0.415,0.395,0.415,56064
APE,20200324,3.2,3.32,2.94,3.11,793050
APG,20200324,0.001,0.001,0.001,0.001,14666667
API,20200324,1.16,1.165,1.1,1.15,3075873
APL,20200324,0.81,0.835,0.81,0.83,572927
APT,20200324,9.87,12.19,9.05,11.21,11619998
APV,20200324,0.1,0.11,0.096,0.1,88780
APW,20200324,0.99,0.99,0.98,0.985,9466
APX,20200324,17.23,18.95,17.05,18.29,1565720
APZ,20200324,0.9,0.9,0.87,0.87,61366
AQG,20200324,4.63,4.92,4.54,4.83,689807
AQI,20200324,0.033,0.034,0.03,0.034,775000
AQR,20200324,2.47,2.85,2.47,2.85,161989
AQX,20200324,0.013,0.016,0.013,0.013,6304302
AQZ,20200324,1,1.12,1,1.1,442280
ARB,20200324,10.75,11.55,10.73,11,808852
ARD,20200324,0.011,0.012,0.01,0.012,1362377
ARE,20200324,0.003,0.003,0.003,0.003,1316327
ARF,20200324,1.43,1.59,1.4,1.55,1452571
ARG,20200324,5.5,5.64,5.44,5.59,815477
ARL,20200324,0.2,0.2,0.175,0.175,68470
ARM,20200324,0.005,0.005,0.005,0.005,832059
ARN,20200324,0.081,0.083,0.08,0.08,189965
ARO,20200324,0.002,0.002,0.002,0.002,13500
ARQ,20200324,0.07,0.07,0.067,0.067,132503
ARS,20200324,0.014,0.016,0.014,0.015,2483224
ARU,20200324,0.05,0.051,0.046,0.047,3103203
ARV,20200324,0.017,0.02,0.017,0.02,1097471
AS1,20200324,0.1,0.1,0.1,0.1,39999
ASB,20200324,2.32,2.58,2.3,2.55,2668588
ASH,20200324,0.22,0.22,0.2,0.2,561050
ASN,20200324,0.017,0.017,0.014,0.015,1055120
ASP,20200324,0.008,0.008,0.008,0.008,31334
ASQ,20200324,0.035,0.035,0.035,0.035,61000
AST,20200324,1.61,1.715,1.605,1.71,17812000
ASX,20200324,70.29,72.48,68.5,70.71,1424451
ATC,20200324,0.028,0.032,0.028,0.03,2348712
ATH,20200324,0.018,0.019,0.017,0.017,1288457
ATL,20200324,0.085,0.085,0.075,0.075,81787
ATP,20200324,0.006,0.006,0.006,0.006,50000
ATS,20200324,0.008,0.009,0.007,0.007,21293605
ATU,20200324,0.125,0.125,0.12,0.12,336922
ATX,20200324,0.049,0.057,0.049,0.057,171699
AU1,20200324,0.038,0.039,0.038,0.039,31940
AU8,20200324,0.036,0.042,0.034,0.042,2345643
AUB,20200324,11.2,11.64,10.71,11,569881
AUC,20200324,0.01,0.01,0.01,0.01,1274928
AUI,20200324,6.5,6.7,6.46,6.51,69830
AUQ,20200324,0.017,0.017,0.017,0.017,350000
AUR,20200324,0.011,0.013,0.011,0.011,586418
AUT,20200324,0.013,0.015,0.013,0.015,2921872
AUZ,20200324,0.006,0.007,0.006,0.007,5366810
AV1,20200324,0.068,0.075,0.068,0.075,616436
AVA,20200324,0.086,0.095,0.086,0.095,400000
AVC,20200324,0.21,0.225,0.21,0.225,20887
AVE,20200324,0.002,0.002,0.002,0.002,1000000
AVG,20200324,0.34,0.34,0.32,0.34,32459
AVH,20200324,0.37,0.39,0.342,0.36,18461348
AVJ,20200324,0.34,0.41,0.34,0.41,659088
AVL,20200324,0.007,0.008,0.007,0.007,1709756
AVN,20200324,1.485,1.54,1.41,1.54,2068745
AVZ,20200324,0.046,0.049,0.046,0.048,7528027
AWC,20200324,1.445,1.575,1.41,1.575,18823186
AWV,20200324,0.004,0.004,0.004,0.004,3543
AWY,20200324,0.028,0.029,0.025,0.025,439947
AX1,20200324,0.56,0.695,0.56,0.625,3647161
AX8,20200324,0.015,0.015,0.015,0.015,100000
AXE,20200324,0.13,0.145,0.12,0.145,429410
AYR,20200324,0.001,0.001,0.001,0.001,100000
AYS,20200324,0.25,0.26,0.25,0.26,302679
AZI,20200324,0.003,0.004,0.003,0.004,476500
AZJ,20200324,3.78,4.1,3.73,4.03,21196809
AZS,20200324,0.052,0.052,0.048,0.051,235156
AZV,20200324,0.06,0.06,0.048,0.048,326420
AZY,20200324,0.011,0.012,0.011,0.012,4599570
BAF,20200324,0.6,0.61,0.585,0.6,330647
BAP,20200324,3.18,3.4,3.14,3.27,2506754
BAR,20200324,0.011,0.013,0.011,0.013,300000
BAS,20200324,0.001,0.001,0.001,0.001,500000
BAT,20200324,0.004,0.004,0.004,0.004,1008588
BBL,20200324,0.395,0.395,0.395,0.395,2000
BBN,20200324,1.605,1.85,1.605,1.83,526633
BBX,20200324,0.09,0.11,0.09,0.1,308571
BC8,20200324,0.21,0.23,0.21,0.215,89381
BCB,20200324,0.028,0.028,0.028,0.028,404960
BCC,20200324,0.17,0.175,0.17,0.175,11095
BCI,20200324,0.105,0.11,0.1,0.1,379791
BCN,20200324,0.024,0.027,0.023,0.027,3005100
BCT,20200324,0.053,0.058,0.053,0.054,170318
BD1,20200324,0.019,0.02,0.019,0.02,1602654
BDA,20200324,0.135,0.135,0.135,0.135,20957
BDC,20200324,0.049,0.05,0.045,0.045,2343433
BEM,20200324,0.026,0.026,0.024,0.025,59427
BEN,20200324,5.68,5.87,5.32,5.47,4992724
BET,20200324,0.086,0.098,0.086,0.09,2464191
BFC,20200324,0.066,0.069,0.062,0.062,439240
BFG,20200324,0.51,0.65,0.48,0.64,777080
BGA,20200324,4.14,4.32,3.98,4.15,1660536
BHP,20200324,27.5,28.565,27.42,28.4,13295042
BID,20200324,0.42,0.47,0.405,0.45,402723
BIN,20200324,1.8,1.9,1.765,1.9,3601012
BIQ,20200324,0.007,0.007,0.007,0.007,18000
BIS,20200324,0.635,0.635,0.63,0.63,10500
BIT,20200324,0.068,0.08,0.068,0.075,4204096
BKI,20200324,1.05,1.14,1.04,1.08,720152
BKL,20200324,66.53,68.47,63.71,66.86,122401
BKT,20200324,0.027,0.029,0.027,0.029,73751
BKW,20200324,14.8,15.14,14.44,15.04,281672
BKY,20200324,0.12,0.12,0.12,0.12,4214
BLD,20200324,1.8,1.85,1.685,1.785,18017998
BLG,20200324,0.025,0.025,0.021,0.021,1548989
BLK,20200324,0.009,0.009,0.009,0.009,39980272
BLT,20200324,0.024,0.025,0.022,0.022,411184
BLU,20200324,0.015,0.017,0.015,0.017,863468
BLX,20200324,0.4,0.44,0.39,0.43,706064
BLZ,20200324,0.007,0.007,0.007,0.007,82578
BMN,20200324,0.018,0.021,0.017,0.02,7156517
BNL,20200324,0.004,0.004,0.004,0.004,490382
BNO,20200324,0.035,0.035,0.03,0.03,1076863
BNR,20200324,0.014,0.02,0.014,0.02,519157
BOC,20200324,0.2,0.2,0.17,0.17,60050
BOE,20200324,0.035,0.036,0.033,0.035,1955163
BOL,20200324,0.085,0.087,0.085,0.086,22653
BOQ,20200324,4.84,4.97,4.56,4.7,5946179
BPL,20200324,0.012,0.012,0.011,0.011,106843
BPP,20200324,0.016,0.016,0.016,0.016,50000
BPT,20200324,0.96,0.985,0.92,0.97,21888369
BRB,20200324,0.095,0.135,0.095,0.135,2301039
BRG,20200324,11.4,11.56,10.41,11,748060
BRK,20200324,0.003,0.004,0.003,0.003,3852667
BRL,20200324,0.042,0.045,0.04,0.043,3210894
BRN,20200324,0.037,0.038,0.035,0.036,2443269
BRU,20200324,0.067,0.073,0.067,0.073,332661
BRV,20200324,0.015,0.018,0.015,0.017,4465784
BSE,20200324,0.13,0.145,0.13,0.135,225975
BSL,20200324,8.05,8.65,8.05,8.65,3099410
BSR,20200324,0.011,0.012,0.011,0.012,1093813
BSX,20200324,0.085,0.088,0.08,0.088,80369
BTH,20200324,0.33,0.4,0.325,0.4,2159314
BTI,20200324,0.53,0.54,0.49,0.54,1058068
BUB,20200324,0.52,0.545,0.52,0.535,2406194
BUD,20200324,0.008,0.009,0.008,0.008,1185572
BUG,20200324,0.14,0.14,0.12,0.12,127370
BUX,20200324,0.045,0.045,0.045,0.045,200000
BUY,20200324,0.006,0.006,0.006,0.006,164833
BVS,20200324,3.19,3.38,3.005,3.31,2720624
BWF,20200324,0.32,0.32,0.32,0.32,1375
BWP,20200324,2.74,3.29,2.73,3.25,4500835
BWR,20200324,0.93,0.93,0.925,0.925,1539
BWX,20200324,2.54,2.74,2.53,2.57,405916
BXB,20200324,10.1,10.43,9.41,9.91,11791319
BYE,20200324,0.12,0.12,0.11,0.12,856435
C6C,20200324,0.35,0.35,0.335,0.335,28030
CAA,20200324,0.08,0.08,0.08,0.08,160800
CAD,20200324,0.001,0.001,0.001,0.001,11167907
CAF,20200324,0.089,0.089,0.089,0.089,2
CAG,20200324,0.33,0.34,0.32,0.34,75372
CAI,20200324,0.18,0.19,0.18,0.185,341364
CAJ,20200324,0.17,0.19,0.17,0.19,2717754
CAM,20200324,0.6,0.62,0.595,0.615,90115
CAN,20200324,0.61,0.63,0.605,0.605,465780
CAR,20200324,10.4,11.31,10.25,10.96,1386215
CAT,20200324,0.575,0.61,0.525,0.54,807513
CAU,20200324,0.082,0.082,0.082,0.082,5000
CAY,20200324,0.06,0.063,0.054,0.054,1241897
CAZ,20200324,0.019,0.019,0.019,0.019,205679
CBA,20200324,56.01,58.08,55,57,6944322
CBR,20200324,0.84,0.97,0.83,0.88,894669
CCA,20200324,0.06,0.06,0.058,0.058,92574
CCE,20200324,0.001,0.001,0.001,0.001,1500000
CCL,20200324,8.01,8.22,7.9,8.05,3518488
CCP,20200324,6.23,9.51,6.01,9.12,2214633
CCV,20200324,0.12,0.12,0.1,0.1,408099
CCX,20200324,0.75,1,0.715,0.9,3677898
CCZ,20200324,0.007,0.007,0.007,0.007,1238519
CD2,20200324,0.855,0.9,0.85,0.9,19335
CDA,20200324,4,4.73,3.94,4.59,971129
CDD,20200324,0.22,0.24,0.22,0.23,16236
CDM,20200324,0.385,0.46,0.385,0.44,1851183
CDP,20200324,3.1,3.1,2.91,3,32608
CDT,20200324,0.005,0.005,0.005,0.005,1211784
CDV,20200324,0.305,0.315,0.275,0.285,725312
CDX,20200324,0.016,0.017,0.016,0.016,802575
CE1,20200324,0.003,0.003,0.003,0.003,1380555
CEL,20200324,0.074,0.083,0.074,0.083,2086677
CEN,20200324,4.71,5.06,4.71,5,15489
CFE,20200324,0.002,0.002,0.002,0.002,1000000
CG1,20200324,0.12,0.14,0.12,0.135,202141
CGB,20200324,0.006,0.007,0.006,0.007,8659224
CGC,20200324,2.52,2.64,2.51,2.64,3618763
CGF,20200324,3.09,3.75,3,3.48,5724055
CGL,20200324,1.3,1.62,1.3,1.515,577712
CGN,20200324,0.008,0.008,0.008,0.008,58350
CGR,20200324,0.45,0.45,0.42,0.44,319727
CGS,20200324,0.3,0.32,0.295,0.3,545024
CHC,20200324,5.25,5.77,4.93,5.61,7211853
CHK,20200324,0.004,0.004,0.004,0.004,790250
CHN,20200324,0.335,0.335,0.295,0.32,6129047
CHZ,20200324,0.05,0.05,0.045,0.045,207201
CI1,20200324,0.026,0.03,0.026,0.03,554900
CIA,20200324,1.495,1.54,1.4,1.44,966701
CIE,20200324,0.555,0.555,0.555,0.555,9009
CII,20200324,0.91,0.91,0.9,0.9,12000
CIM,20200324,21.55,23.25,19.6,21.9,2626141
CIN,20200324,19.2,19.2,18.21,18.6,9554
CIP,20200324,2.3,2.36,2.24,2.29,1652974
CKA,20200324,0.026,0.026,0.025,0.025,83352
CKF,20200324,4.31,4.89,4.3,4.78,1623235
CL1,20200324,0.92,1.015,0.9,0.965,721786
CL8,20200324,0.008,0.008,0.007,0.007,1585363
CLA,20200324,0.007,0.007,0.007,0.007,3507286
CLB,20200324,0.04,0.04,0.04,0.04,50000
CLF,20200324,0.88,0.88,0.86,0.88,17643
CLQ,20200324,0.105,0.12,0.105,0.11,671042
CLT,20200324,0.099,0.115,0.099,0.115,26957
CLV,20200324,1.89,1.965,1.787,1.87,387603
CLW,20200324,3.53,3.85,3.53,3.76,3465774
CLX,20200324,0.56,0.56,0.49,0.5,24092
CLZ,20200324,0.001,0.001,0.001,0.001,16375000
CM8,20200324,0.011,0.011,0.01,0.011,392336
CMD,20200324,0.005,0.005,0.005,0.005,60000
CML,20200324,0.006,0.006,0.006,0.006,364663
CMM,20200324,0.95,1.055,0.93,0.985,319839
CMP,20200324,0.275,0.28,0.25,0.27,592288
CMW,20200324,0.735,0.77,0.72,0.77,9997841
CNB,20200324,0.044,0.044,0.038,0.038,214002
CNI,20200324,1.5,1.57,1.455,1.57,2817076
CNJ,20200324,0.003,0.003,0.003,0.003,1000000
CNU,20200324,5.95,6.17,5.8,6,8538228
CNW,20200324,0.015,0.015,0.015,0.015,20000
COB,20200324,0.079,0.079,0.077,0.079,357551
COE,20200324,0.38,0.4,0.345,0.375,8040284
COF,20200324,1.45,1.535,1.42,1.5,3233186
COG,20200324,0.031,0.038,0.031,0.037,525714
COH,20200324,165.6,177.68,160.01,168,639533
COI,20200324,0.05,0.054,0.048,0.049,723016
COL,20200324,15.58,16.14,15.27,16.14,12550043
COS,20200324,0.26,0.265,0.25,0.25,105470
CP1,20200324,0.079,0.08,0.079,0.08,22000
CPH,20200324,0.05,0.054,0.045,0.054,896013
CPT,20200324,0.021,0.021,0.021,0.021,5750
CPU,20200324,9.22,9.49,8.535,8.6,5060060
CPV,20200324,0.055,0.055,0.051,0.051,42962
CQE,20200324,1.62,1.625,1.485,1.6,3421534
CQR,20200324,3.03,3.095,2.84,2.96,3080971
CR1,20200324,0.14,0.14,0.14,0.14,3800
CRL,20200324,0.009,0.009,0.009,0.009,400000
CRN,20200324,0.98,1.025,0.935,1,863999
CRO,20200324,0.002,0.002,0.002,0.002,210000
CRS,20200324,0.12,0.12,0.12,0.12,7167
CSE,20200324,0.022,0.024,0.022,0.024,204500
CSL,20200324,282.7,290.9,275.18,285.35,2127919
CSR,20200324,2.97,3.08,2.81,2.9,3491070
CSS,20200324,0.425,0.425,0.4,0.42,145782
CST,20200324,0.06,0.08,0.06,0.08,175078
CT1,20200324,0.017,0.017,0.016,0.017,238606
CTD,20200324,5.77,7.56,5.77,7.56,1316490
CTM,20200324,0.006,0.006,0.005,0.005,8717498
CTO,20200324,0.002,0.002,0.002,0.002,4405001
CTP,20200324,0.069,0.074,0.065,0.07,726383
CTX,20200324,19.22,20.72,19.22,20.51,1164418
CUE,20200324,0.061,0.072,0.061,0.071,410341
CUP,20200324,0.725,0.735,0.71,0.735,113026
CUV,20200324,16.8,17.1,15.82,16.56,306494
CUX,20200324,0.004,0.004,0.003,0.003,1200000
CV1,20200324,0.053,0.053,0.053,0.053,4
CVF,20200324,0.665,0.7,0.665,0.7,73252
CVN,20200324,0.12,0.135,0.12,0.125,3099484
CVW,20200324,0.2,0.2,0.2,0.2,50000
CWN,20200324,6.08,6.57,5.84,6.48,6405886
CWP,20200324,2.99,3.6,2.95,3.28,516660
CWX,20200324,0.155,0.18,0.155,0.16,292702
CWY,20200324,1.41,1.57,1.41,1.505,21722851
CXL,20200324,0.52,0.575,0.52,0.575,40478
CXM,20200324,0.025,0.025,0.024,0.024,40000
CXO,20200324,0.014,0.015,0.013,0.014,7951363
CXU,20200324,0.015,0.015,0.015,0.015,20000
CXZ,20200324,0.009,0.011,0.009,0.009,4359231
CY5,20200324,0.03,0.03,0.03,0.03,40000
CYC,20200324,0.72,0.99,0.72,0.9,65555
CYG,20200324,0.5,0.505,0.465,0.465,68549
CYL,20200324,2,2.11,2,2.11,17552
CYP,20200324,0.59,0.655,0.58,0.65,84375
CZI,20200324,0.06,0.064,0.06,0.064,456644
CZL,20200324,0.004,0.004,0.003,0.003,6039666
CZN,20200324,0.002,0.002,0.002,0.002,1600000
CZR,20200324,0.007,0.007,0.007,0.007,120000
D2O,20200324,1.06,1.08,1.04,1.06,175465
DAU,20200324,0.018,0.018,0.018,0.018,59000
DBF,20200324,0.995,0.995,0.995,0.995,2994
DCC,20200324,0.014,0.015,0.014,0.014,746599
DDR,20200324,4.05,4.49,4.01,4.42,211832
DEG,20200324,0.21,0.225,0.205,0.205,10140655
DEM,20200324,0.14,0.14,0.12,0.12,45000
DEV,20200324,0.034,0.035,0.032,0.032,528233
DGO,20200324,1.65,1.65,1.65,1.65,4200
DHG,20200324,1.7,1.825,1.675,1.795,1912131
DHR,20200324,0.002,0.002,0.002,0.002,1000000
DIV,20200324,16.3,16.35,16.3,16.35,2773
DJW,20200324,2.05,2.15,2.04,2.06,157606
DKM,20200324,0.11,0.115,0.11,0.115,24248
DMP,20200324,49,53.77,48.15,53.4,623166
DNA,20200324,0.028,0.03,0.027,0.03,1332795
DNK,20200324,0.3,0.33,0.3,0.325,112694
DOW,20200324,2.8,2.92,2.63,2.73,4847166
DRE,20200324,0.002,0.003,0.002,0.003,1522422
DRO,20200324,0.1,0.102,0.099,0.1,356611
DRX,20200324,0.008,0.009,0.007,0.009,1344144
DSE,20200324,0.032,0.034,0.028,0.033,1389015
DTC,20200324,0.425,0.54,0.4,0.53,190082
DTL,20200324,2.61,3.075,2.61,2.94,1121441
DTR,20200324,0.002,0.002,0.002,0.002,900000
DTS,20200324,0.096,0.096,0.086,0.086,470303
DUB,20200324,0.41,0.515,0.41,0.51,1512746
DUI,20200324,3.32,3.45,3.31,3.39,64673
DW8,20200324,0.005,0.006,0.005,0.005,7222239
DWS,20200324,0.56,0.58,0.55,0.55,141351
DXB,20200324,0.12,0.12,0.115,0.115,208252
DXS,20200324,8.67,9,8.34,8.8,7262109
DYL,20200324,0.115,0.14,0.11,0.13,235701
E25,20200324,0.095,0.095,0.095,0.095,2
E2E,20200324,0.001,0.001,0.001,0.001,850000
EAF,20200324,1.205,1.205,1.14,1.145,35406
EAI,20200324,0.85,0.86,0.835,0.85,474697
EAS,20200324,0.69,0.7,0.69,0.7,28607
EBO,20200324,19.35,20,19.1,20,4802
ECF,20200324,0.86,0.895,0.85,0.895,204821
ECS,20200324,0.017,0.018,0.016,0.016,752400
ECX,20200324,0.4,0.46,0.375,0.42,3628422
ED1,20200324,0.58,0.605,0.58,0.59,173284
EDE,20200324,0.021,0.023,0.02,0.02,809633
EEG,20200324,0.15,0.15,0.15,0.15,123375
EEU,20200324,17.64,17.64,17.55,17.55,5601
EGD,20200324,2.18,2.18,2.18,2.18,92026
EGG,20200324,0.8,0.805,0.8,0.8,10629
EGH,20200324,0.285,0.29,0.285,0.29,83045
EGI,20200324,0.77,0.77,0.725,0.77,33687
EGN,20200324,0.39,0.39,0.385,0.385,32441
EGR,20200324,0.05,0.05,0.05,0.05,9542
EHE,20200324,0.91,1.085,0.91,1.07,2263123
EHH,20200324,0.145,0.15,0.14,0.145,750323
EHL,20200324,0.52,0.565,0.52,0.555,3874475
EHX,20200324,0.085,0.085,0.085,0.085,400
ELD,20200324,7.4,7.75,7.29,7.57,1779501
ELO,20200324,3.9,4.2,3.9,4.1,311775
ELS,20200324,0.285,0.285,0.245,0.27,112470
ELX,20200324,0.475,0.605,0.455,0.605,244206
EM1,20200324,0.005,0.005,0.005,0.005,26872
EMH,20200324,0.13,0.145,0.13,0.145,46386
EML,20200324,1.395,1.4,1.215,1.33,7374607
EMR,20200324,0.03,0.03,0.026,0.027,5270583
EMT,20200324,0.007,0.007,0.007,0.007,2010500
EMV,20200324,0.45,0.51,0.45,0.51,80959
EN1,20200324,0.016,0.017,0.016,0.016,3368609
ENN,20200324,0.74,0.78,0.71,0.73,152504
ENR,20200324,0.08,0.08,0.065,0.071,132527
ENT,20200324,0.006,0.007,0.006,0.007,1773037
EOF,20200324,1.295,1.49,1.24,1.4,234813
EOL,20200324,1.4,1.6,1.4,1.6,6891
EOS,20200324,3.05,3.54,3,3.38,1885812
EPD,20200324,0.21,0.21,0.21,0.21,6312
EPM,20200324,0.003,0.003,0.003,0.003,200000
EQE,20200324,0.004,0.005,0.004,0.005,2894798
EQT,20200324,17.51,19.11,17.45,18.32,52152
EQX,20200324,0.21,0.21,0.21,0.21,1
ERA,20200324,0.145,0.145,0.14,0.14,373605
ERF,20200324,0.8,0.835,0.8,0.83,20355
ERG,20200324,0.065,0.065,0.065,0.065,17000
ERL,20200324,0.007,0.007,0.007,0.007,364117
ERM,20200324,0.071,0.08,0.071,0.08,303525
ERX,20200324,0.024,0.026,0.021,0.022,4595828
ESE,20200324,0.005,0.005,0.005,0.005,177884
ESH,20200324,0.005,0.005,0.004,0.005,3183959
ESR,20200324,0.005,0.006,0.005,0.006,483000
ETF,20200324,15,15.08,14.93,14.93,2743
EUC,20200324,0.009,0.01,0.009,0.01,708191
EUR,20200324,0.039,0.039,0.036,0.036,708000
EVE,20200324,0.004,0.004,0.004,0.004,1630000
EVN,20200324,3.92,4.04,3.78,3.98,16707558
EVO,20200324,0.052,0.052,0.047,0.05,1162931
EVS,20200324,0.08,0.085,0.08,0.081,1064867
EVT,20200324,5.95,6.78,5.88,6.16,157163
EWC,20200324,0.046,0.046,0.046,0.046,100000
EX1,20200324,0.165,0.18,0.165,0.18,44993
EXL,20200324,0.2,0.215,0.175,0.175,414873
EXP,20200324,0.035,0.036,0.033,0.034,3810887
EXR,20200324,0.018,0.019,0.017,0.018,1017440
EZL,20200324,0.65,0.65,0.62,0.64,165591
FAM,20200324,0.025,0.027,0.025,0.027,58951
FAR,20200324,0.009,0.011,0.009,0.01,14902395
FAU,20200324,0.006,0.007,0.006,0.007,1000000
FBR,20200324,0.012,0.014,0.012,0.013,3710344
FBU,20200324,3.11,3.37,3.11,3.31,1865864
FCL,20200324,2.45,2.69,2.45,2.66,89641
FCT,20200324,0.075,0.093,0.075,0.093,220248
FDV,20200324,0.605,0.65,0.605,0.65,21677
FEX,20200324,0.031,0.031,0.028,0.028,30000
FFL,20200324,0.15,0.15,0.14,0.145,86000
FFR,20200324,0.025,0.025,0.024,0.024,113562
FGG,20200324,0.98,1.015,0.98,1,616624
FGO,20200324,0.001,0.001,0.001,0.001,94500
FGR,20200324,0.08,0.085,0.08,0.084,1258373
FGX,20200324,0.785,0.825,0.785,0.81,742314
FHS,20200324,0.018,0.023,0.018,0.022,3984886
FID,20200324,3.11,3.5,3.1,3.5,41713
FIJ,20200324,0.03,0.04,0.029,0.04,717379
FIN,20200324,0.008,0.008,0.007,0.007,1700000
FLC,20200324,0.28,0.29,0.27,0.27,1090832
FLN,20200324,0.25,0.28,0.245,0.28,169186
FMG,20200324,9.45,9.85,9.35,9.73,15411428
FML,20200324,0.165,0.175,0.16,0.16,34952
FMS,20200324,0.032,0.032,0.032,0.032,62500
FNP,20200324,4.66,4.66,4.3,4.65,1310012
FNT,20200324,0.007,0.007,0.007,0.007,2097576
FOD,20200324,0.074,0.075,0.068,0.069,1957303
FOR,20200324,0.52,0.58,0.515,0.55,208202
FPC,20200324,0.61,0.61,0.6,0.6,56141
FPH,20200324,26.6,29.89,26.6,29.79,2036219
FPL,20200324,0.002,0.002,0.002,0.002,2233333
FPP,20200324,0.59,0.6,0.59,0.6,10042
FRI,20200324,0.525,0.545,0.52,0.54,124263
FRM,20200324,0.215,0.24,0.215,0.24,5150
FSA,20200324,0.765,0.765,0.715,0.72,64330
FSF,20200324,3.9,3.9,3.9,3.9,300
FSG,20200324,0.02,0.02,0.02,0.02,55555
FTC,20200324,0.062,0.062,0.061,0.061,13978
FTT,20200324,0.001,0.001,0.001,0.001,11835947
FWD,20200324,1.215,1.23,1.18,1.18,606474
FXL,20200324,0.425,0.43,0.38,0.415,6575369
FYI,20200324,0.038,0.039,0.033,0.033,694151
FZO,20200324,0.063,0.08,0.063,0.074,491040
G1A,20200324,0.16,0.175,0.16,0.175,39169
G88,20200324,0.025,0.025,0.024,0.025,306423
GAL,20200324,0.11,0.11,0.1,0.1,151129
GAP,20200324,0.095,0.1,0.089,0.09,553378
GAS,20200324,0.4,0.4,0.38,0.38,3000
GBR,20200324,0.025,0.029,0.023,0.029,75000
GBZ,20200324,0.055,0.06,0.055,0.06,170000
GC1,20200324,0.505,0.52,0.505,0.505,131957
GCI,20200324,1.34,1.4,1.25,1.4,178007
GDF,20200324,0.9,0.92,0.895,0.915,129229
GDI,20200324,0.9,1.005,0.875,0.91,1353059
GDX,20200324,37.8,40,37.8,38.5,71037
GEM,20200324,0.5,0.6,0.5,0.575,8207648
GFL,20200324,1.5,1.5,1.4,1.5,8037
GGG,20200324,0.073,0.079,0.07,0.079,2077938
GIB,20200324,0.023,0.023,0.023,0.023,100000
GLL,20200324,0.33,0.37,0.33,0.36,82253
GLN,20200324,0.16,0.165,0.13,0.135,1485346
GMA,20200324,1.35,1.51,1.22,1.425,2016603
GMD,20200324,0.023,0.024,0.023,0.023,582258
GME,20200324,0.042,0.047,0.042,0.047,35106
GMG,20200324,10.59,11.38,10.21,11.38,8663332
GML,20200324,0.012,0.012,0.01,0.012,850000
GMR,20200324,0.004,0.005,0.004,0.005,2800000
GMV,20200324,0.041,0.044,0.04,0.04,157808
GNC,20200324,6.47,6.47,3,3.07,3053166
GNE,20200324,2,2.25,2,2.24,52083
GNG,20200324,0.65,0.65,0.65,0.65,19622
GNM,20200324,0.004,0.005,0.004,0.005,209238
GNX,20200324,0.1,0.1,0.1,0.1,68756
GO2,20200324,0.011,0.011,0.011,0.011,2623
GOR,20200324,1.15,1.285,1.15,1.25,14607992
GOW,20200324,1.36,1.36,1.36,1.36,5000
GOZ,20200324,2.49,2.51,2.26,2.32,3197478
GPR,20200324,0.235,0.255,0.235,0.25,46940
GPT,20200324,3.08,3.55,3.05,3.55,17082601
GRB,20200324,0.038,0.047,0.038,0.047,810881
GRL,20200324,0.12,0.13,0.105,0.13,70293
GRR,20200324,0.16,0.165,0.155,0.16,560243
GSM,20200324,0.072,0.075,0.072,0.075,18261
GSN,20200324,0.035,0.037,0.03,0.036,316809
GSS,20200324,1.05,1.08,1.045,1.06,2586170
GSW,20200324,0.315,0.33,0.28,0.295,111603
GTG,20200324,0.004,0.004,0.004,0.004,2024354
GTK,20200324,0.895,0.9,0.77,0.77,59785
GTN,20200324,0.44,0.44,0.435,0.44,1018614
GTR,20200324,0.004,0.004,0.004,0.004,97750
GUD,20200324,7.6,8.2,7.52,8.03,758809
GUL,20200324,0.04,0.04,0.04,0.04,55732
GVF,20200324,0.86,0.86,0.86,0.86,58837
GWA,20200324,2.41,2.735,2.41,2.55,3208028
GWR,20200324,0.061,0.061,0.061,0.061,50000
GXY,20200324,0.77,0.82,0.765,0.79,3481626
HAS,20200324,0.076,0.076,0.062,0.062,629819
HAV,20200324,0.073,0.075,0.071,0.072,105000
HAW,20200324,0.078,0.08,0.073,0.08,44601
HCH,20200324,0.009,0.01,0.009,0.01,1640000
HCT,20200324,0.097,0.105,0.092,0.095,2320297
HE8,20200324,0.09,0.095,0.085,0.088,4757853
HFR,20200324,0.26,0.275,0.26,0.275,90445
HIL,20200324,0.14,0.155,0.14,0.145,123473
HIT,20200324,0.85,0.85,0.85,0.85,16000
HLA,20200324,0.55,0.57,0.5,0.52,66998
HLO,20200324,0.69,0.817,0.67,0.8,823999
HLS,20200324,2.25,2.27,2.08,2.25,3857850
HLX,20200324,0.006,0.006,0.006,0.006,160000
HM1,20200324,1.9,2.12,1.87,2.05,432377
HMC,20200324,1.2,1.54,1.17,1.54,408858
HMD,20200324,0.07,0.08,0.07,0.07,346812
HMX,20200324,0.011,0.012,0.011,0.011,1000508
HNG,20200324,0.115,0.15,0.115,0.15,8515
HPI,20200324,1.5,1.585,1.45,1.535,1016466
HRZ,20200324,0.06,0.06,0.06,0.06,256090
HSC,20200324,0.004,0.004,0.004,0.004,100000
HSN,20200324,2.86,2.99,2.84,2.9,467204
HT1,20200324,1.025,1.025,0.94,0.995,288029
HTA,20200324,0.12,0.12,0.1,0.1,20237
HUB,20200324,7.09,7.36,6.49,6.73,741138
HUO,20200324,3.5,3.61,3.5,3.53,14553
HVM,20200324,0.13,0.13,0.13,0.13,14000
HVN,20200324,2.38,2.61,2.38,2.61,5711768
HWK,20200324,0.004,0.004,0.003,0.003,1085073
HXG,20200324,0.032,0.035,0.032,0.032,108000
HYD,20200324,0.097,0.1,0.093,0.1,140522
HZN,20200324,0.045,0.049,0.043,0.046,1275612
HZR,20200324,0.27,0.27,0.255,0.255,185642
IAA,20200324,86.66,88.93,86.66,88.88,25616
IAF,20200324,114.5,115.97,114.5,115.56,38127
IAG,20200324,5.38,5.65,5.32,5.62,8014908
IAP,20200324,1.12,1.12,0.99,1.045,252862
IBC,20200324,0.37,0.37,0.335,0.335,36097
IBG,20200324,0.005,0.005,0.004,0.005,1574564
ICG,20200324,0.001,0.001,0.001,0.001,25005210
ICI,20200324,0.012,0.012,0.012,0.012,14000
ICN,20200324,0.006,0.006,0.006,0.006,7109
ICQ,20200324,0.13,0.18,0.13,0.17,333601
ICS,20200324,1.505,1.51,1.4,1.455,25963
IDT,20200324,0.08,0.08,0.08,0.08,6600
IDX,20200324,1.9,2.07,1.84,1.93,1256077
IDZ,20200324,0.002,0.002,0.001,0.001,1752527
IEL,20200324,11.07,11.635,10.37,10.89,2357456
IEM,20200324,51.82,53.575,51.68,53.3,34637
IEU,20200324,49,52.92,49,52.76,41979
IFL,20200324,3.05,3.07,2.72,2.79,3208365
IFM,20200324,1.3,1.49,1.28,1.345,777215
IFN,20200324,0.365,0.43,0.365,0.43,2410706
IFT,20200324,3.29,3.29,3.15,3.15,4484
IGB,20200324,114.8,115.21,114.5,115.07,2293
IGL,20200324,0.32,0.38,0.285,0.3,2026226
IGO,20200324,3.6,3.92,3.535,3.77,4079828
IHD,20200324,9.3,9.7,9.3,9.7,68092
IHL,20200324,0.03,0.032,0.029,0.029,2036925
IHR,20200324,0.031,0.031,0.031,0.031,27000
IJH,20200324,200,214,200,213.6,4681
IJP,20200324,80,80,74,77.55,14815
IJR,20200324,82.64,87,82.64,85.86,2366
IKE,20200324,0.8,0.85,0.8,0.85,80750
IKO,20200324,67.6,71,67.6,70.85,1452
ILB,20200324,112,117.2,112,117.2,1310
ILC,20200324,18.67,19.17,18.67,19.17,20591
ILU,20200324,6.4,6.96,6.2,6.82,4845970
IMA,20200324,0.125,0.135,0.12,0.125,1510716
IMC,20200324,0.082,0.082,0.075,0.075,102468
IMD,20200324,0.85,0.91,0.83,0.835,1656824
IME,20200324,0.016,0.016,0.015,0.015,1100581
IMF,20200324,3.23,3.47,3.17,3.34,564712
IMM,20200324,0.3,0.31,0.295,0.3,814900
IMR,20200324,0.83,0.86,0.83,0.86,13740
IMS,20200324,0.003,0.003,0.003,0.003,55433
IMU,20200324,0.017,0.018,0.016,0.018,6072905
INA,20200324,2.98,3.13,2.67,2.91,2979892
ING,20200324,3.23,3.49,3.23,3.4,3175877
INP,20200324,0.01,0.01,0.01,0.01,196812
INR,20200324,0.079,0.082,0.075,0.077,1867310
IOD,20200324,0.055,0.055,0.055,0.055,3339
IOO,20200324,66.27,68.2,65.88,67.97,105249
IOZ,20200324,19.01,19.55,18.97,19.55,500227
IPB,20200324,0.011,0.011,0.011,0.011,756338
IPD,20200324,0.05,0.05,0.048,0.048,1913007
IPH,20200324,6.1,6.53,6.06,6.34,1265591
IPL,20200324,1.78,1.82,1.662,1.73,8652354
IPT,20200324,0.005,0.005,0.004,0.004,5014285
IRD,20200324,0.04,0.048,0.04,0.048,42480
IRE,20200324,9.19,9.54,8.84,9.43,1046561
IRI,20200324,2.37,2.47,2.33,2.35,486817
ISD,20200324,0.12,0.125,0.105,0.115,632799
ISO,20200324,3.01,3.28,3.01,3.21,242443
ISU,20200324,0.175,0.18,0.175,0.175,22520
ITG,20200324,0.2,0.245,0.195,0.2,36679
IVC,20200324,12.2,12.33,10.75,11.19,1078828
IVE,20200324,80.7,81.35,80.25,80.75,18522
IVR,20200324,0.012,0.014,0.012,0.012,2876606
IVV,20200324,375,394.99,375,393.06,69957
IVX,20200324,0.007,0.007,0.006,0.007,3510295
IVZ,20200324,0.01,0.01,0.01,0.01,954299
IXC,20200324,0.57,0.58,0.57,0.58,19366
IXI,20200324,73.15,74.05,73.08,73.22,8479
IXJ,20200324,88.25,90.94,88.25,90.2,16693
IXR,20200324,0.005,0.005,0.005,0.005,480999
IXU,20200324,0.03,0.03,0.03,0.03,15000
IZZ,20200324,60,60.51,58.82,60.02,18461
JAN,20200324,0.285,0.3,0.275,0.275,290461
JAT,20200324,0.033,0.037,0.033,0.036,696593
JAY,20200324,0.09,0.09,0.08,0.08,66450
JBH,20200324,24.6,25.52,23.31,24.16,1360931
JCS,20200324,0.021,0.021,0.021,0.021,203014
JDR,20200324,0.007,0.007,0.007,0.007,142857
JHC,20200324,0.395,0.42,0.375,0.41,1099509
JHG,20200324,21.18,21.76,20.95,21.2,447514
JHX,20200324,16.51,17.02,15.59,16.87,3549480
JIN,20200324,9.62,10.22,8.92,9.11,1196820
JLG,20200324,1.8,2.07,1.76,1.98,457145
JMS,20200324,0.205,0.205,0.195,0.195,5307978
JRV,20200324,0.14,0.14,0.135,0.135,673292
JXT,20200324,0.025,0.027,0.02,0.022,1650095
JYC,20200324,0.88,0.88,0.88,0.88,4000
K2F,20200324,0.15,0.15,0.15,0.15,1866
KAI,20200324,0.006,0.006,0.006,0.006,323959
KAM,20200324,0.029,0.029,0.029,0.029,10
KAR,20200324,0.39,0.4,0.385,0.395,3106085
KAS,20200324,0.02,0.02,0.02,0.02,116650
KAT,20200324,0.57,0.57,0.57,0.57,1462
KAU,20200324,0.14,0.165,0.14,0.15,255122
KCN,20200324,0.345,0.35,0.34,0.35,173008
KEY,20200324,0.002,0.002,0.002,0.002,2400000
KFE,20200324,0.02,0.026,0.02,0.023,146000
KGL,20200324,0.125,0.125,0.11,0.11,109836
KGM,20200324,0.004,0.004,0.004,0.004,19270
KGN,20200324,4.3,4.77,4.3,4.7,1951912
KKC,20200324,1.24,1.285,1.21,1.27,1470796
KLA,20200324,47.4,49.71,47.4,49,4407
KMD,20200324,0.73,0.775,0.685,0.7,1111100
KME,20200324,0.7,0.805,0.7,0.76,102235
KMT,20200324,0.003,0.003,0.003,0.003,4769000
KNM,20200324,0.016,0.017,0.014,0.015,4431761
KOR,20200324,0.004,0.004,0.004,0.004,10638
KOV,20200324,3,3,3,3,5000
KPO,20200324,0.019,0.019,0.019,0.019,106864
KRM,20200324,0.026,0.028,0.026,0.028,300000
KRR,20200324,0.018,0.02,0.018,0.02,1083807
KSC,20200324,1.495,1.5,1.46,1.46,20015
KSL,20200324,0.62,0.655,0.59,0.655,398302
KSN,20200324,0.073,0.075,0.073,0.075,254923
KSS,20200324,0.17,0.195,0.16,0.195,82065
KTA,20200324,0.029,0.03,0.028,0.03,643025
KTD,20200324,0.22,0.225,0.205,0.225,268983
KTG,20200324,0.055,0.06,0.055,0.058,416729
KWR,20200324,0.075,0.079,0.075,0.079,40785
KYK,20200324,0.042,0.042,0.035,0.037,103000
KZA,20200324,0.435,0.45,0.42,0.425,141328
KZR,20200324,0.3,0.335,0.3,0.31,390525
LAA,20200324,0.014,0.015,0.014,0.015,357068
LAU,20200324,0.295,0.33,0.295,0.33,802060
LAW,20200324,0.036,0.036,0.036,0.036,100000
LBL,20200324,0.26,0.26,0.26,0.26,5000
LBT,20200324,0.08,0.081,0.08,0.08,157186
LCD,20200324,0.012,0.012,0.012,0.012,200000
LCK,20200324,0.089,0.095,0.089,0.091,87095
LCL,20200324,0.016,0.016,0.015,0.016,610000
LCT,20200324,0.01,0.01,0.01,0.01,110476
LEG,20200324,0.064,0.065,0.06,0.064,1342878
LEP,20200324,3.42,3.6,3.34,3.6,302842
LEX,20200324,0.185,0.2,0.185,0.2,61000
LGP,20200324,0.2,0.2,0.185,0.185,19370
LIC,20200324,4.64,5.33,4.55,4.93,795726
LIN,20200324,0.01,0.011,0.01,0.01,4075263
LIT,20200324,0.035,0.035,0.032,0.032,1735423
LKE,20200324,0.027,0.028,0.022,0.025,6911553
LLC,20200324,9.65,10.25,9.58,9.79,3998322
LNK,20200324,2.78,2.91,2.7,2.88,3545791
LNU,20200324,0.009,0.011,0.008,0.008,457758
LNY,20200324,0.003,0.003,0.003,0.003,2649000
LOM,20200324,0.08,0.086,0.079,0.085,198087
LON,20200324,0.068,0.07,0.06,0.069,211500
LOT,20200324,0.02,0.023,0.02,0.022,3092024
LOV,20200324,3.45,3.63,3.09,3.55,1684751
LPD,20200324,0.005,0.007,0.005,0.006,6678077
LPE,20200324,0.23,0.23,0.18,0.2,41905
LPI,20200324,0.13,0.14,0.12,0.14,43267
LRS,20200324,0.003,0.003,0.002,0.003,2199746
LSF,20200324,0.7,0.765,0.685,0.765,2448179
LSH,20200324,0.018,0.022,0.018,0.022,214228
LSR,20200324,0.004,0.005,0.004,0.005,732193
LTR,20200324,0.054,0.062,0.054,0.061,7792423
LVH,20200324,0.08,0.082,0.08,0.082,50615
LVT,20200324,0.13,0.145,0.13,0.13,4146125
LYC,20200324,1.15,1.23,1.145,1.23,4253280
LYL,20200324,3.85,4,3.85,4,19927
M7T,20200324,0.4,0.43,0.395,0.405,321213
M8S,20200324,0.05,0.05,0.045,0.05,157000
MAD,20200324,0.75,0.75,0.75,0.75,733
MAG,20200324,0.205,0.237,0.205,0.235,292240
MAH,20200324,0.16,0.165,0.14,0.165,1199402
MAI,20200324,0.25,0.28,0.245,0.255,42613
MAM,20200324,0.15,0.16,0.15,0.16,29506
MAN,20200324,0.01,0.01,0.01,0.01,1250000
MAQ,20200324,19.4,20.65,19.2,20.3,73063
MAT,20200324,0.084,0.09,0.084,0.09,278475
MAU,20200324,0.49,0.52,0.49,0.52,72236
MAY,20200324,0.003,0.004,0.003,0.004,1972616
MBK,20200324,0.005,0.005,0.005,0.005,1101252
MCA,20200324,0.1,0.1,0.1,0.1,5500
MCE,20200324,0.21,0.22,0.205,0.21,127949
MCP,20200324,1.45,1.82,1.45,1.77,678617
MCR,20200324,0.4,0.465,0.375,0.455,2023778
MCT,20200324,0.003,0.003,0.003,0.003,1158300
MCY,20200324,3.66,3.66,3.66,3.66,382
MDC,20200324,0.13,0.145,0.13,0.145,285434
MDI,20200324,0.005,0.006,0.005,0.006,4416088
MDR,20200324,0.36,0.365,0.33,0.35,586702
MEA,20200324,0.16,0.16,0.16,0.16,23000
MEC,20200324,0.7,0.7,0.7,0.7,4000
MEI,20200324,0.009,0.009,0.009,0.009,1422226
MEM,20200324,0.035,0.036,0.033,0.033,835200
MEP,20200324,0.024,0.025,0.022,0.025,365259
MEU,20200324,0.024,0.025,0.024,0.024,323000
MEZ,20200324,3.8,4.23,3.77,3.95,28523
MFD,20200324,0.5,0.51,0.5,0.5,59334
MFF,20200324,2.23,2.41,2.2,2.38,489472
MFG,20200324,31.5,35.07,30.73,34.31,1740780
MGC,20200324,0.42,0.425,0.42,0.425,521089
MGE,20200324,3.65,3.68,3.56,3.6,2105324
MGG,20200324,1.34,1.39,1.27,1.36,3633257
MGR,20200324,1.78,1.915,1.685,1.8,34622360
MGT,20200324,0.001,0.001,0.001,0.001,3250000
MGV,20200324,0.077,0.083,0.077,0.082,613643
MGX,20200324,0.695,0.74,0.675,0.73,3396645
MHG,20200324,2.77,2.86,2.77,2.85,920601
MHH,20200324,1.135,1.2,1.13,1.17,1068661
MHJ,20200324,0.235,0.26,0.22,0.235,267366
MIL,20200324,0.225,0.23,0.2,0.2,92270
MIN,20200324,12.95,13.09,12.54,12.96,1935896
MIO,20200324,0.1,0.1,0.1,0.1,17500
MIR,20200324,1.66,1.72,1.66,1.72,104520
MJC,20200324,0.021,0.022,0.021,0.022,114936
MKG,20200324,0.033,0.033,0.027,0.028,521870
MLD,20200324,0.54,0.545,0.49,0.51,607700
MLL,20200324,0.041,0.044,0.041,0.042,182196
MLT,20200324,3.15,3.25,3.09,3.19,391862
MLX,20200324,0.046,0.057,0.045,0.057,4468154
MME,20200324,0.6,0.6,0.5,0.59,273216
MMI,20200324,0.084,0.087,0.079,0.08,1959517
MMJ,20200324,0.066,0.07,0.064,0.07,485419
MML,20200324,0.49,0.53,0.47,0.505,401042
MMM,20200324,0.68,0.88,0.67,0.68,3979905
MMS,20200324,6.26,6.885,6.16,6.76,735572
MND,20200324,8.91,9.66,8.49,9.46,582229
MNF,20200324,3.68,4.09,3.68,4.03,284413
MNS,20200324,0.057,0.057,0.052,0.055,96300
MNW,20200324,0.007,0.007,0.007,0.007,270263
MNY,20200324,0.8,0.885,0.74,0.86,1972037
MOC,20200324,0.54,0.595,0.53,0.56,220124
MOE,20200324,1.5,1.525,1.35,1.4,1158751
MOH,20200324,0.055,0.055,0.052,0.052,99281
MOQ,20200324,0.08,0.08,0.08,0.08,97619
MOT,20200324,1.25,1.48,1.25,1.4,178909
MOZ,20200324,0.295,0.3,0.27,0.3,207687
MP1,20200324,8.16,8.16,7.13,7.44,1736693
MPH,20200324,0.14,0.145,0.11,0.11,33900
MPL,20200324,2.63,2.73,2.6,2.73,20575933
MPR,20200324,0.011,0.011,0.008,0.008,568680
MPW,20200324,0.033,0.033,0.03,0.03,19960
MQG,20200324,74.48,79.9,72.59,79.9,3063123
MRD,20200324,0.001,0.001,0.001,0.001,2550631
MRG,20200324,0.01,0.011,0.01,0.011,27500
MRM,20200324,0.06,0.067,0.06,0.064,583033
MRQ,20200324,0.004,0.004,0.004,0.004,6006450
MRR,20200324,0.006,0.006,0.006,0.006,400000
MRZ,20200324,0.15,0.15,0.15,0.15,5350
MSB,20200324,1.18,1.24,1.1,1.15,4459755
MSE,20200324,0.004,0.004,0.004,0.004,99979
MSG,20200324,0.01,0.01,0.01,0.01,100000
MSV,20200324,0.29,0.315,0.285,0.285,160425
MTC,20200324,0.035,0.035,0.032,0.032,324000
MTH,20200324,0.005,0.006,0.005,0.006,399917
MTO,20200324,0.65,0.65,0.55,0.63,41592
MTS,20200324,3.29,3.47,3.11,3.22,15663308
MVA,20200324,14.05,14.5,14,14.16,122380
MVB,20200324,15.6,16.03,15.55,15.62,30550
MVE,20200324,19.03,19.03,18.94,18.94,5729
MVF,20200324,0.39,0.4,0.38,0.4,492998
MVP,20200324,3.92,4.6,3.86,4.6,297470
MVR,20200324,19,20.86,19,20.6,2127
MVS,20200324,12.77,12.97,12.77,12.85,7706
MVW,20200324,20.09,20.8,20.09,20.8,93331
MWR,20200324,0.077,0.077,0.07,0.07,307596
MWY,20200324,0.9,1,0.85,0.94,163690
MX1,20200324,0.125,0.125,0.105,0.105,569337
MXI,20200324,0.115,0.115,0.115,0.115,2
MXR,20200324,0.025,0.027,0.025,0.027,134004
MXT,20200324,1.32,1.6,1.32,1.57,1463650
MYE,20200324,0.49,0.5,0.49,0.5,54792
MYL,20200324,0.034,0.035,0.031,0.035,1807922
MYQ,20200324,0.065,0.073,0.065,0.072,87480
MYR,20200324,0.099,0.12,0.093,0.115,6911723
MYS,20200324,3.32,3.35,3.15,3.31,346345
MYX,20200324,0.235,0.25,0.215,0.225,4522304
MZZ,20200324,0.1,0.105,0.1,0.105,574976
NAB,20200324,14.42,14.48,13.94,14.4,16978521
NAG,20200324,0.033,0.034,0.033,0.034,82425
NAN,20200324,4.31,4.76,4.31,4.67,1759876
NBI,20200324,0.94,1.1,0.94,1.075,651118
NCC,20200324,0.83,0.855,0.8,0.8,47312
NCK,20200324,3.5,3.5,2.88,3.17,729856
NCM,20200324,24.57,25.6,23.47,24.21,8080437
NCZ,20200324,0.053,0.063,0.053,0.054,1158190
NDQ,20200324,20.52,20.98,20.28,20.74,300961
NEA,20200324,0.87,0.94,0.86,0.91,5619713
NEC,20200324,0.845,0.895,0.84,0.86,16673721
NES,20200324,0.033,0.033,0.033,0.033,279000
NEU,20200324,0.99,1.035,0.965,0.98,243741
NEW,20200324,1.035,1.045,1,1.04,459890
NGE,20200324,0.33,0.33,0.32,0.32,70000
NGI,20200324,1.7,1.82,1.65,1.82,175132
NHC,20200324,1.05,1.195,1.05,1.195,5502751
NHF,20200324,5.12,5.23,4.89,5.04,4380198
NIC,20200324,0.39,0.402,0.36,0.4,13923224
NML,20200324,0.059,0.062,0.059,0.062,757046
NMT,20200324,0.165,0.165,0.155,0.155,411361
NOR,20200324,0.025,0.025,0.025,0.025,305689
NOV,20200324,0.096,0.096,0.094,0.094,20000
NOX,20200324,0.115,0.125,0.105,0.11,560668
NSB,20200324,0.15,0.16,0.145,0.145,115000
NSC,20200324,0.37,0.37,0.32,0.35,197775
NSR,20200324,1.4,1.45,1.325,1.45,8507297
NST,20200324,12,13,11.65,12.82,12627831
NTD,20200324,0.205,0.245,0.205,0.24,200787
NTI,20200324,0.004,0.004,0.004,0.004,7000
NTM,20200324,0.048,0.051,0.048,0.051,596387
NTO,20200324,0.805,0.85,0.78,0.82,419333
NTU,20200324,0.024,0.025,0.024,0.024,3476182
NUC,20200324,1.39,1.44,1.39,1.44,43807
NUF,20200324,4.37,4.37,4.01,4.22,2132534
NUH,20200324,0.011,0.012,0.01,0.012,778768
NUS,20200324,0.23,0.23,0.225,0.23,98542
NVA,20200324,0.025,0.028,0.025,0.026,3386281
NVL,20200324,3.63,3.67,3.6,3.67,135592
NVO,20200324,0.006,0.006,0.006,0.006,255871
NVU,20200324,0.034,0.034,0.03,0.03,69134
NVX,20200324,0.25,0.25,0.25,0.25,5000
NWC,20200324,0.006,0.006,0.006,0.006,87300
NWE,20200324,0.002,0.003,0.002,0.003,2025500
NWH,20200324,1.14,1.2,1.085,1.15,4432308
NWL,20200324,5.65,6,5.54,5.95,787372
NWS,20200324,14.2,14.35,13.36,14.04,636956
NXS,20200324,1.1,1.2,1.1,1.12,100826
NXT,20200324,7.3,7.6,7.13,7.59,3041597
NYR,20200324,0.115,0.125,0.115,0.12,150000
NZK,20200324,1.305,1.31,1.305,1.31,6780
NZM,20200324,0.195,0.2,0.155,0.155,259467
OAR,20200324,0.002,0.002,0.002,0.002,3317506
OAU,20200324,0.01,0.01,0.01,0.01,18000
OBM,20200324,0.105,0.12,0.105,0.115,449933
OCC,20200324,0.195,0.23,0.195,0.22,660001
OCL,20200324,4.32,4.54,4.28,4.54,48195
ODA,20200324,0.14,0.14,0.14,0.14,67
ODM,20200324,0.023,0.023,0.023,0.023,100000
OEC,20200324,0.4,0.4,0.38,0.4,176240
OEL,20200324,0.007,0.008,0.007,0.008,3096581
OEQ,20200324,0.05,0.05,0.05,0.05,75000
OEX,20200324,0.002,0.002,0.002,0.002,309131
OFX,20200324,1.065,1.21,1.065,1.18,214727
OGA,20200324,0.074,0.074,0.071,0.071,18000
OGC,20200324,1.49,1.585,1.455,1.47,1205517
OIL,20200324,0.02,0.02,0.018,0.018,158862
OKJ,20200324,0.023,0.023,0.023,0.023,6250
OKR,20200324,0.04,0.04,0.04,0.04,44116
OKU,20200324,0.175,0.175,0.15,0.16,419803
OLI,20200324,0.06,0.06,0.045,0.048,609503
OLL,20200324,0.215,0.265,0.215,0.23,2539668
OMH,20200324,0.26,0.425,0.245,0.36,1152559
ONE,20200324,0.035,0.035,0.035,0.035,2969858
ONT,20200324,4.8,5.1,4.7,5.1,5807
OOO,20200324,6.1,6.3,6,6.2,210898
OPC,20200324,3.4,3.71,3.2,3.71,55135
OPH,20200324,1.77,1.91,1.77,1.84,243448
OPT,20200324,1.405,1.6,1.35,1.555,1085837
OPY,20200324,0.33,0.375,0.33,0.335,59483
ORA,20200324,2.41,2.46,2.32,2.43,7540419
ORE,20200324,2.03,2.07,1.895,2.06,1841285
ORG,20200324,3.84,4.08,3.83,4.05,9760216
ORI,20200324,14.7,15.38,13.83,14.66,1629465
ORN,20200324,0.014,0.014,0.012,0.012,2531526
ORR,20200324,0.2,0.2,0.2,0.2,12466
OSH,20200324,1.97,2.11,1.89,2.04,20488476
OSL,20200324,0.094,0.1,0.094,0.098,1084011
OSP,20200324,0.012,0.012,0.011,0.011,166410
OSX,20200324,0.31,0.32,0.3,0.32,40600
OTW,20200324,1.92,1.92,1.83,1.84,28951
OVH,20200324,0.105,0.11,0.105,0.105,78132
OVN,20200324,0.18,0.2,0.18,0.185,165388
OVT,20200324,0.009,0.012,0.009,0.01,2930683
OZF,20200324,12.31,12.31,12.1,12.1,6793
OZL,20200324,6.1,6.51,6.09,6.47,3211797
OZR,20200324,8.18,8.4,8.18,8.35,13934
P2P,20200324,0.045,0.045,0.045,0.045,189143
PAA,20200324,0.068,0.072,0.059,0.066,1071602
PAB,20200324,0.012,0.012,0.012,0.012,313096
PAC,20200324,4.44,4.44,3.8,4.03,423021
PAF,20200324,0.6,0.61,0.6,0.61,82500
PAI,20200324,0.885,0.93,0.885,0.915,430708
PAL,20200324,0.5,0.57,0.5,0.57,14259
PAN,20200324,0.13,0.145,0.125,0.14,821333
PAR,20200324,1.33,1.65,1.3,1.63,3590160
PBH,20200324,1.2,1.35,1.2,1.285,1029410
PBP,20200324,1.65,1.65,1.58,1.61,142922
PCG,20200324,0.84,0.845,0.84,0.845,16000
PCI,20200324,0.685,0.735,0.68,0.71,248090
PCK,20200324,0.064,0.075,0.064,0.071,2317825
PCL,20200324,0.001,0.001,0.001,0.001,4160000
PDL,20200324,3.76,3.78,3.33,3.56,3334027
PDN,20200324,0.038,0.05,0.038,0.043,6429841
PDZ,20200324,0.125,0.125,0.125,0.125,30000
PE1,20200324,1.1,1.4,1.1,1.135,350275
PEK,20200324,0.017,0.019,0.015,0.017,1003318
PEN,20200324,0.088,0.09,0.082,0.083,411573
PET,20200324,0.32,0.365,0.32,0.36,1349472
PEX,20200324,0.105,0.11,0.1,0.11,935888
PFG,20200324,0.045,0.045,0.045,0.045,68261
PFP,20200324,2.38,2.47,2.3,2.3,283014
PG1,20200324,0.078,0.078,0.078,0.078,5000
PGC,20200324,0.125,0.125,0.1,0.11,504476
PGF,20200324,0.77,0.795,0.77,0.78,3477960
PGG,20200324,1.11,1.19,1.1,1.115,423321
PGH,20200324,1.34,1.365,1.285,1.31,508462
PGL,20200324,0.5,0.51,0.43,0.495,53430
PGM,20200324,0.01,0.011,0.01,0.011,210000
PGX,20200324,0.105,0.105,0.1,0.1,228750
PIA,20200324,0.755,0.775,0.72,0.765,332134
PIC,20200324,0.625,0.64,0.62,0.64,633409
PIO,20200324,0.008,0.009,0.008,0.009,7477320
PIQ,20200324,0.2,0.225,0.195,0.225,52500
PKS,20200324,0.09,0.095,0.086,0.087,639020
PL8,20200324,0.8,0.82,0.79,0.8,361334
PLL,20200324,0.068,0.07,0.065,0.07,532336
PLS,20200324,0.15,0.155,0.135,0.145,19499664
PM1,20200324,0.008,0.011,0.008,0.011,29285
PM8,20200324,0.11,0.115,0.11,0.115,280370
PMC,20200324,1.12,1.2,1.05,1.2,478695
PME,20200324,16.12,17.44,16.1,17.44,627175
PMV,20200324,8.6,9.52,8.13,9.49,1075092
PMY,20200324,0.003,0.003,0.003,0.003,3510000
PNC,20200324,0.43,0.46,0.31,0.31,254834
PNI,20200324,3.09,3.17,2.71,2.84,1825485
PNN,20200324,0.002,0.002,0.002,0.002,100000
PNR,20200324,0.079,0.087,0.079,0.082,1603700
PNV,20200324,1.355,1.49,1.315,1.415,5417932
PNX,20200324,0.004,0.004,0.004,0.004,783369
PO3,20200324,2,2,2,2,5167
POU,20200324,19.39,19.39,19.2,19.2,25648
POW,20200324,0.002,0.002,0.002,0.002,200000
PPC,20200324,0.62,0.625,0.56,0.56,218029
PPE,20200324,1.35,1.35,1.1,1.1,890491
PPG,20200324,0.072,0.072,0.072,0.072,15000
PPH,20200324,2.99,3.13,2.9,3.08,197987
PPK,20200324,1.89,2.34,1.78,1.92,267290
PPS,20200324,0.2,0.22,0.2,0.21,1309477
PPT,20200324,21.5,21.76,19.65,20.27,454616
PRN,20200324,0.51,0.525,0.45,0.48,13493291
PRO,20200324,0.275,0.36,0.25,0.3,988724
PRT,20200324,0.086,0.094,0.085,0.093,230372
PRU,20200324,0.84,0.95,0.815,0.91,11187212
PRX,20200324,0.03,0.034,0.03,0.03,1032805
PSI,20200324,2.3,2.3,2.3,2.3,45
PSQ,20200324,0.95,0.95,0.86,0.86,44877
PSZ,20200324,0.016,0.016,0.016,0.016,180000
PTB,20200324,0.32,0.375,0.31,0.32,647630
PTL,20200324,0.36,0.36,0.35,0.35,204920
PTM,20200324,3,3,2.81,2.95,2817713
PTR,20200324,0.025,0.026,0.022,0.022,121922
PTX,20200324,0.024,0.03,0.022,0.026,1791917
PUA,20200324,0.01,0.01,0.009,0.009,182254
PUR,20200324,0.003,0.003,0.003,0.003,415350
PVE,20200324,0.044,0.044,0.044,0.044,37000
PVS,20200324,0.9,0.9,0.9,0.9,1000
PWG,20200324,0.68,0.73,0.675,0.73,422705
PWH,20200324,2.8,2.82,2.59,2.6,224088
PWL,20200324,0.1,0.1,0.1,0.1,712500
PXS,20200324,0.054,0.061,0.053,0.06,925336
PXX,20200324,0.012,0.016,0.012,0.016,308820
PYC,20200324,0.048,0.053,0.047,0.053,4062096
PYG,20200324,0.5,0.51,0.5,0.51,5658
QAG,20200324,5.08,5.15,5.01,5.15,9360
QAN,20200324,2.58,2.63,2.46,2.59,18862803
QAU,20200324,15.5,15.88,15.48,15.75,561753
QBE,20200324,7.55,7.99,7.48,7.84,6701634
QCB,20200324,6.25,6.25,6.25,6.25,697
QFE,20200324,0.14,0.145,0.13,0.14,248112
QFN,20200324,6.74,6.79,6.71,6.73,5055
QFY,20200324,0.002,0.002,0.001,0.001,1800574
QGL,20200324,0.035,0.035,0.035,0.035,3000
QHL,20200324,0.06,0.062,0.055,0.058,719217
QIP,20200324,0.985,1.015,0.985,1.015,113782
QOZ,20200324,8.9,9.33,8.9,9.2,685342
QRE,20200324,4.5,4.65,4.5,4.64,33034
QRI,20200324,1.04,1.13,1.015,1.09,539569
QTM,20200324,0.028,0.029,0.028,0.029,81886
QUB,20200324,1.8,1.88,1.795,1.86,5200362
QUS,20200324,29.38,29.77,29.34,29.47,1608
QVE,20200324,0.645,0.68,0.64,0.68,112431
RAC,20200324,0.225,0.247,0.225,0.247,212167
RAN,20200324,0.008,0.012,0.008,0.012,460800
RAP,20200324,0.077,0.165,0.077,0.145,17329548
RBL,20200324,0.5,0.5,0.45,0.475,514380
RCB,20200324,18.55,19.99,18.55,19.9,84358
RCE,20200324,0.26,0.26,0.225,0.23,476090
RCL,20200324,0.32,0.37,0.315,0.325,485494
RCT,20200324,1.58,1.655,1.55,1.65,70918
RCW,20200324,0.19,0.19,0.19,0.19,5882
RDF,20200324,0.33,0.33,0.33,0.33,3000
RDH,20200324,0.8,0.8,0.8,0.8,700
RDM,20200324,0.042,0.045,0.042,0.045,25877
RDS,20200324,0.004,0.004,0.002,0.004,478400
RDV,20200324,18.42,18.91,18.42,18.7,6549
RDY,20200324,1.1,1.1,1.005,1.005,70225
REA,20200324,66.89,70.53,65.2,67.5,731689
RED,20200324,0.205,0.235,0.205,0.23,6150333
REE,20200324,0.015,0.015,0.015,0.015,224000
REG,20200324,0.77,1.05,0.77,1.025,2219948
REH,20200324,7.79,8.24,7.79,8.24,233409
RES,20200324,0.041,0.053,0.041,0.045,400335
REX,20200324,0.45,0.45,0.37,0.44,332009
REZ,20200324,0.009,0.01,0.009,0.01,530000
RF1,20200324,1.28,1.33,1.26,1.31,47636
RFF,20200324,1.76,1.84,1.745,1.81,1930513
RFG,20200324,0.029,0.034,0.027,0.032,6178437
RFT,20200324,0.023,0.023,0.022,0.022,28200
RFX,20200324,0.022,0.024,0.021,0.024,1700749
RGB,20200324,23.39,23.41,23.39,23.4,1209
RGI,20200324,0.05,0.05,0.05,0.05,16677
RGS,20200324,0.084,0.084,0.08,0.081,527223
RHC,20200324,50.9,52.73,48.5,52.68,1276876
RHP,20200324,1.505,1.55,1.37,1.48,200542
RHT,20200324,0.093,0.099,0.093,0.095,179486
RHY,20200324,0.041,0.042,0.041,0.042,28715
RIC,20200324,0.75,0.75,0.725,0.725,183284
RIM,20200324,0.002,0.002,0.002,0.002,250000
RIO,20200324,79,80.09,76.87,79.55,2501542
RKN,20200324,0.49,0.505,0.395,0.4,147675
RLE,20200324,0.012,0.012,0.011,0.012,612516
RLG,20200324,0.011,0.012,0.01,0.012,584714
RLT,20200324,0.85,0.9,0.84,0.87,83976
RMC,20200324,0.43,0.445,0.415,0.44,277633
RMD,20200324,20.96,22.14,20.78,22.01,2897851
RML,20200324,0.04,0.045,0.04,0.043,753237
RMP,20200324,0.006,0.006,0.006,0.006,43000
RMS,20200324,0.985,1.08,0.942,1.05,12409822
RMX,20200324,0.003,0.003,0.003,0.003,1000000
RMY,20200324,0.19,0.2,0.16,0.165,984743
RND,20200324,1.55,1.55,1.55,1.55,5000
RNE,20200324,0.02,0.02,0.02,0.02,1527
RNO,20200324,0.071,0.071,0.066,0.066,90697
RNU,20200324,0.004,0.004,0.004,0.004,1000000
RNX,20200324,0.002,0.002,0.002,0.002,4378481
ROO,20200324,0.013,0.013,0.01,0.01,1054711
RPM,20200324,0.11,0.11,0.105,0.105,26227
RRL,20200324,3.6,3.89,3.6,3.84,8022954
RSG,20200324,0.75,0.805,0.715,0.72,23718949
RSM,20200324,21.2,21.25,21.2,21.25,3696
RTG,20200324,0.053,0.053,0.053,0.053,18868
RTR,20200324,0.047,0.048,0.045,0.048,743607
RUL,20200324,0.6,0.65,0.6,0.65,462321
RVR,20200324,0.043,0.044,0.043,0.044,1971853
RWC,20200324,1.73,1.795,1.685,1.74,4884643
RWD,20200324,0.076,0.076,0.073,0.073,103357
RXL,20200324,0.015,0.015,0.014,0.015,6779347
RXM,20200324,0.029,0.029,0.026,0.029,64071
RXP,20200324,0.2,0.21,0.2,0.21,202106
RYD,20200324,1.1,1.14,1.1,1.14,58153
RZI,20200324,0.31,0.37,0.31,0.37,123733
S2R,20200324,0.08,0.08,0.08,0.08,130250
S32,20200324,1.705,1.83,1.66,1.75,32746523
S66,20200324,0.45,0.45,0.44,0.44,7000
SAR,20200324,3.36,3.65,3.3,3.5,14243053
SBM,20200324,1.995,2.16,1.975,2.06,8879131
SBW,20200324,0.075,0.085,0.075,0.075,64000
SCG,20200324,1.545,1.625,1.37,1.43,30780025
SCI,20200324,0.005,0.005,0.005,0.005,250000
SCL,20200324,0.01,0.01,0.01,0.01,85850
SCN,20200324,0.015,0.015,0.015,0.015,60000
SCP,20200324,2.12,2.23,2.07,2.17,10110345
SCT,20200324,0.03,0.03,0.03,0.03,140000
SCU,20200324,0.008,0.008,0.008,0.008,11866
SDF,20200324,2.93,3.04,2.86,2.95,4320165
SDG,20200324,1,1.03,0.995,1.025,47698
SDI,20200324,0.68,0.7,0.66,0.68,108936
SDV,20200324,0.31,0.4,0.31,0.34,2228825
SE1,20200324,0.004,0.004,0.004,0.004,946000
SEC,20200324,1,1.01,1,1.01,49327
SEI,20200324,0.028,0.028,0.026,0.027,93800
SEK,20200324,11.98,12.69,11.53,12.1,3663892
SEN,20200324,0.038,0.042,0.038,0.042,176289
SEQ,20200324,0.15,0.15,0.15,0.15,33439
SER,20200324,0.004,0.004,0.004,0.004,84700
SF1,20200324,0.014,0.014,0.014,0.014,383334
SFC,20200324,9.9,10,9.8,10,8443
SFR,20200324,2.84,2.92,2.79,2.89,1348072
SFX,20200324,0.066,0.072,0.065,0.07,1696178
SFY,20200324,43.26,44.59,43.23,44.2,95910
SGF,20200324,0.99,1.14,0.96,1.14,831602
SGH,20200324,0.72,0.72,0.68,0.7,7700
SGM,20200324,5.86,6.53,5.61,5.74,1274236
SGP,20200324,1.895,2,1.82,1.99,37524930
SGQ,20200324,0.061,0.064,0.059,0.061,623932
SHH,20200324,0.002,0.002,0.002,0.002,1608512
SHJ,20200324,0.66,0.68,0.66,0.68,29898
SHL,20200324,22.47,23.39,21.51,21.98,3701626
SHM,20200324,0.44,0.47,0.415,0.415,96687
SHV,20200324,7,7.12,6.76,7.02,912571
SI6,20200324,0.001,0.001,0.001,0.001,5000000
SIG,20200324,0.65,0.71,0.65,0.7,3701424
SIO,20200324,0.205,0.205,0.205,0.205,48000
SIQ,20200324,4.24,4.87,4.23,4.84,1452084
SIV,20200324,0.34,0.36,0.34,0.36,35864
SKC,20200324,1.29,1.43,1.245,1.41,1503907
SKF,20200324,0.075,0.092,0.075,0.09,221186
SKI,20200324,1.8,1.845,1.76,1.825,16084923
SKN,20200324,0.021,0.025,0.017,0.018,3020330
SKO,20200324,0.935,0.98,0.905,0.97,92024
SKT,20200324,0.225,0.245,0.2,0.2,275159
SKY,20200324,0.13,0.13,0.12,0.13,366374
SLC,20200324,0.445,0.51,0.445,0.51,896239
SLF,20200324,7.84,8.28,7.84,8.13,177671
SLK,20200324,2.63,2.89,2.63,2.79,391711
SLM,20200324,0.755,0.77,0.755,0.755,91847
SLR,20200324,1.295,1.42,1.295,1.415,11776211
SLX,20200324,0.19,0.215,0.175,0.195,430074
SM1,20200324,4.8,4.98,4.8,4.8,109389
SM8,20200324,0.08,0.09,0.08,0.088,188782
SMN,20200324,0.315,0.78,0.315,0.53,1211962
SMP,20200324,0.23,0.26,0.23,0.26,324405
SMR,20200324,0.73,0.75,0.7,0.7,149276
SMX,20200324,0.28,0.32,0.28,0.32,8500
SNC,20200324,0.5,0.5,0.49,0.49,48806
SND,20200324,0.37,0.38,0.37,0.38,45700
SNL,20200324,2.99,3.12,2.99,2.99,8687
SNS,20200324,0.059,0.067,0.055,0.055,107425
SO4,20200324,0.33,0.33,0.31,0.31,86865
SOL,20200324,18.9,19.5,17.85,18.65,523472
SOP,20200324,0.023,0.023,0.023,0.023,22222
SOR,20200324,0.037,0.037,0.033,0.033,175701
SP3,20200324,0.045,0.045,0.041,0.041,259663
SPK,20200324,3.74,3.83,3.725,3.82,1303415
SPL,20200324,0.67,0.72,0.615,0.63,1141920
SPQ,20200324,0.002,0.002,0.002,0.002,600000
SPT,20200324,0.22,0.245,0.215,0.24,1043476
SPX,20200324,0.105,0.125,0.105,0.12,9288799
SPY,20200324,388,390,384,388.76,366
SPZ,20200324,0.08,0.08,0.07,0.07,325000
SRG,20200324,0.2,0.2,0.18,0.18,3533753
SRI,20200324,0.03,0.03,0.03,0.03,90655
SRK,20200324,0.025,0.026,0.025,0.026,83775
SRV,20200324,2.02,2.15,2.02,2.15,72971
SRY,20200324,0.012,0.012,0.01,0.01,488000
SSG,20200324,0.27,0.28,0.225,0.23,1021978
SSL,20200324,5.5,5.5,5.5,5.5,4175
SSM,20200324,1.69,1.87,1.69,1.85,3125495
SSO,20200324,10.25,10.25,10.24,10.24,12994
SST,20200324,10.1,10.1,10,10,123
ST1,20200324,0.12,0.13,0.12,0.13,169659
STA,20200324,0.072,0.072,0.067,0.069,866859
STG,20200324,0.55,0.56,0.48,0.56,58125
STM,20200324,0.004,0.005,0.004,0.005,707050
STN,20200324,0.34,0.34,0.33,0.33,80159
STO,20200324,3,3.52,2.95,3.52,17456718
STW,20200324,43.17,44.51,43.01,44.42,448016
STX,20200324,0.091,0.096,0.089,0.093,1058110
SUD,20200324,0.042,0.042,0.039,0.042,292266
SUL,20200324,4.06,4.15,3.76,4.05,3449813
SUN,20200324,7.95,8.24,7.44,8.11,6761238
SUP,20200324,0.007,0.007,0.007,0.007,97864
SVA,20200324,0.012,0.012,0.011,0.011,170000
SVD,20200324,0.004,0.004,0.004,0.004,674734
SVL,20200324,0.07,0.08,0.07,0.072,9903029
SVM,20200324,0.085,0.091,0.085,0.091,130000
SVW,20200324,9.59,10.02,8.92,9.87,1840681
SVY,20200324,0.3,0.355,0.275,0.305,450327
SW1,20200324,0.013,0.013,0.013,0.013,170000
SWF,20200324,0.1,0.105,0.096,0.098,767088
SWK,20200324,0.11,0.11,0.097,0.1,233054
SWM,20200324,0.065,0.074,0.065,0.067,14076060
SXA,20200324,0.05,0.05,0.05,0.05,68212
SXE,20200324,0.36,0.37,0.335,0.355,258795
SXY,20200324,0.135,0.14,0.12,0.13,16766415
SYA,20200324,0.007,0.007,0.006,0.006,1278205
SYD,20200324,4.99,5.07,4.7,4.99,11849754
SYI,20200324,19.19,19.8,19.19,19.43,7510
SYR,20200324,0.23,0.265,0.215,0.23,12914227
SZL,20200324,0.41,0.44,0.37,0.4,247139
T3D,20200324,0.001,0.001,0.001,0.001,80200
TAH,20200324,2.2,2.35,2.16,2.34,12482511
TAM,20200324,0.036,0.042,0.036,0.04,1230473
TAO,20200324,0.045,0.045,0.045,0.045,2887
TAP,20200324,0.065,0.065,0.065,0.065,41970
TBR,20200324,4.57,4.85,4.57,4.8,8827
TCL,20200324,10.23,11.18,9.93,11.18,15148715
TCN,20200324,0.031,0.031,0.03,0.031,733850
TD1,20200324,0.015,0.015,0.014,0.015,2411240
TDI,20200324,1.075,1.1,1,1.1,120471
TDO,20200324,0.05,0.05,0.05,0.05,4165
TEG,20200324,0.024,0.024,0.024,0.024,25000
TEK,20200324,0.13,0.14,0.125,0.14,182660
TER,20200324,0.165,0.18,0.14,0.18,638418
TFL,20200324,0.085,0.085,0.085,0.085,100000
TGA,20200324,0.035,0.038,0.03,0.038,1912710
TGF,20200324,0.785,0.8,0.73,0.8,266329
TGG,20200324,0.95,0.97,0.945,0.965,198528
TGM,20200324,0.18,0.195,0.175,0.195,78055
TGP,20200324,0.6,0.645,0.6,0.645,10226
TGR,20200324,2.91,3.03,2.9,3,1219003
THC,20200324,0.195,0.215,0.19,0.21,267591
THR,20200324,0.004,0.004,0.004,0.004,1150000
TIA,20200324,0.2,0.2,0.2,0.2,200
TIE,20200324,0.14,0.15,0.135,0.15,860082
TIP,20200324,0.52,0.55,0.5,0.55,167006
TLG,20200324,0.22,0.245,0.22,0.245,322037
TLM,20200324,0.056,0.06,0.056,0.056,213695
TLS,20200324,3.1,3.16,3.05,3.16,55617429
TLT,20200324,2.7,2.7,2.69,2.69,2495
TLX,20200324,0.77,0.85,0.77,0.85,237853
TMR,20200324,0.105,0.12,0.096,0.12,210078
TMT,20200324,0.061,0.065,0.06,0.061,36862
TNE,20200324,7.3,7.55,7.09,7.32,1580183
TNG,20200324,0.045,0.048,0.04,0.041,643854
TNK,20200324,0.6,0.6,0.6,0.6,1000
TNR,20200324,0.005,0.005,0.004,0.005,3860822
TNT,20200324,0.027,0.032,0.027,0.032,2831539
TNY,20200324,0.62,0.62,0.58,0.595,89235
TOE,20200324,0.004,0.005,0.004,0.005,2081310
TON,20200324,0.022,0.023,0.02,0.021,727706
TOP,20200324,0.34,0.37,0.34,0.365,171554
TOT,20200324,0.62,0.7,0.62,0.675,218058
TPM,20200324,6.4,6.94,6.1,6.94,2381158
TPP,20200324,0.028,0.028,0.028,0.028,50000
TPS,20200324,0.07,0.07,0.07,0.07,17943
TPW,20200324,1.59,1.8,1.565,1.6,381315
TRL,20200324,0.019,0.02,0.019,0.02,55500
TRS,20200324,2.48,2.53,2.43,2.53,90624
TRT,20200324,0.01,0.01,0.01,0.01,547076
TRY,20200324,0.063,0.064,0.063,0.064,386926
TSC,20200324,0.004,0.004,0.003,0.003,1010279
TSL,20200324,0.036,0.04,0.036,0.04,162277
TSO,20200324,0.027,0.033,0.027,0.03,4548281
TTB,20200324,0.275,0.305,0.275,0.295,107553
TTI,20200324,0.01,0.01,0.01,0.01,72179
TTM,20200324,0.036,0.038,0.033,0.038,778042
TTT,20200324,0.535,0.55,0.5,0.505,289829
TWD,20200324,2.55,2.55,2.44,2.44,11600
TWE,20200324,9.22,9.7,9.11,9.46,7382101
TWR,20200324,0.53,0.53,0.53,0.53,16990
TYR,20200324,1.13,1.16,1.045,1.07,1563455
UBA,20200324,15.2,15.66,15.2,15.44,2557
UBE,20200324,18.7,18.85,18.52,18.74,130724
UBI,20200324,0.14,0.14,0.14,0.14,281000
UBJ,20200324,24,24.2,23.5,23.5,42864
UBN,20200324,0.03,0.031,0.024,0.028,1076010
UBP,20200324,26.9,27.5,26.73,27.38,11420
UBU,20200324,27.81,28.16,27.81,28.16,1644
UBW,20200324,24.74,25.2,24.74,25.06,4179
UCM,20200324,0.195,0.235,0.195,0.23,448364
UMG,20200324,3.6,4.14,3.6,4.1,378154
UNV,20200324,0.125,0.125,0.1,0.115,754756
UOS,20200324,0.59,0.6,0.59,0.59,104519
URF,20200324,0.225,0.25,0.2,0.25,359035
URW,20200324,5.31,5.55,5.14,5.2,5004843
USD,20200324,16.63,16.68,16.37,16.45,232319
UWL,20200324,0.87,0.95,0.85,0.95,1083285
VAE,20200324,60,62.06,60,61.5,5290
VAF,20200324,52,52.5,51.23,52.34,68397
VAH,20200324,0.059,0.064,0.051,0.062,14769529
VAL,20200324,0.001,0.001,0.001,0.001,4319830
VAN,20200324,0.095,0.11,0.095,0.1,143659
VAP,20200324,50.7,53.35,50.7,51.94,79711
VAR,20200324,0.012,0.012,0.012,0.012,29727
VAS,20200324,58.85,60.49,58.56,60.45,324313
VCF,20200324,43.5,44.75,43.2,44.42,46664
VCX,20200324,1,1.05,0.967,1.02,38956433
VEA,20200324,1.35,1.35,1.23,1.255,7506034
VEE,20200324,0.43,0.445,0.43,0.445,2671
VEN,20200324,0.06,0.06,0.055,0.057,894324
VEQ,20200324,46.7,47.16,45.68,46.97,7668
VEU,20200324,62,62.72,61.33,61.99,161349
VG1,20200324,2.08,2.14,2.08,2.09,645285
VG8,20200324,2.12,2.14,2.09,2.1,701566
VGB,20200324,53.5,54,53.15,53.57,68390
VGE,20200324,57.01,59.65,56.5,59.24,20076
VGI,20200324,7.05,7.95,7.05,7.9,24372
VGL,20200324,1.2,1.2,1,1.075,66515
VGS,20200324,65,68.99,65,67.68,119269
VHT,20200324,0.84,0.91,0.79,0.835,712230
VHY,20200324,40.22,41.89,40.22,41.89,111008
VIF,20200324,48.99,51,48.94,50.5,29191
VLC,20200324,49.4,50.2,49.4,49.55,4669
VLT,20200324,0.105,0.105,0.1,0.105,69000
VMC,20200324,0.13,0.14,0.13,0.135,45654
VML,20200324,0.006,0.006,0.006,0.006,3699347
VMS,20200324,0.008,0.008,0.008,0.008,460000
VMT,20200324,0.125,0.125,0.117,0.125,467213
VMY,20200324,0.019,0.022,0.019,0.021,1213099
VN8,20200324,0.071,0.071,0.06,0.06,1691
VOC,20200324,1.81,2.04,1.81,1.94,4000733
VPR,20200324,0.001,0.001,0.001,0.001,1000000
VR8,20200324,0.012,0.012,0.01,0.01,1000000
VRC,20200324,0.005,0.006,0.005,0.005,8649554
VRL,20200324,1,1.06,0.87,0.9,1468420
VRS,20200324,0.02,0.023,0.02,0.021,266863
VRT,20200324,2.15,2.25,2.01,2.15,481528
VRX,20200324,0.05,0.073,0.05,0.073,188472
VSO,20200324,36.3,39.39,36.3,38.92,27895
VTG,20200324,0.61,0.68,0.605,0.65,1049999
VTH,20200324,0.64,0.65,0.61,0.63,82920
VTS,20200324,190,196.99,190,195.87,73999
VUK,20200324,1.195,1.235,1.06,1.07,14692164
VUL,20200324,0.17,0.175,0.17,0.17,176633
VVR,20200324,2.13,2.14,1.995,2.07,7855902
VXR,20200324,0.055,0.055,0.055,0.055,36000
VYS,20200324,0.04,0.04,0.04,0.04,120457
WAA,20200324,0.87,0.87,0.81,0.82,118508
WAF,20200324,0.415,0.455,0.41,0.455,10608604
WAM,20200324,1.5,1.535,1.465,1.49,1897335
WAX,20200324,0.945,0.95,0.9,0.93,453280
WBC,20200324,14.5,14.69,14,14.51,28821872
WBE,20200324,0.003,0.003,0.003,0.003,3180000
WBT,20200324,0.22,0.225,0.21,0.22,29110
WCN,20200324,0.003,0.003,0.003,0.003,7362570
WEC,20200324,0.065,0.065,0.065,0.065,1500
WEL,20200324,0.019,0.019,0.019,0.019,400000
WES,20200324,31.05,31.87,30.44,31.68,5242219
WGB,20200324,1.41,1.435,1.36,1.41,490436
WGN,20200324,0.61,0.7,0.57,0.61,1091479
WGO,20200324,0.08,0.088,0.08,0.086,669237
WGX,20200324,1.71,1.895,1.685,1.77,4732644
WHC,20200324,1.68,1.81,1.61,1.765,14967208
WHF,20200324,3.78,3.82,3.7,3.71,49685
WHK,20200324,0.03,0.033,0.03,0.032,1102729
WIC,20200324,0.59,0.59,0.58,0.585,37608
WKT,20200324,0.125,0.13,0.11,0.13,292992
WLD,20200324,0.04,0.04,0.04,0.04,45000
WLE,20200324,0.795,0.83,0.755,0.805,2107977
WMI,20200324,0.85,0.93,0.82,0.93,367230
WML,20200324,0.008,0.008,0.008,0.008,350576
WNB,20200324,0.005,0.005,0.005,0.005,12075064
WND,20200324,0.77,0.8,0.77,0.785,323147
WNR,20200324,0.23,0.23,0.23,0.23,40000
WOR,20200324,4.89,5.28,4.82,5.11,2883754
WOW,20200324,35.96,36.66,34.75,36.18,5245444
WPL,20200324,15.2,16.36,15.16,16.13,6215037
WPP,20200324,0.33,0.34,0.23,0.27,2231725
WQG,20200324,0.955,0.99,0.9,0.98,243426
WRM,20200324,0.003,0.003,0.003,0.003,2463895
WSA,20200324,1.67,1.805,1.66,1.78,2288370
WSI,20200324,0.01,0.01,0.01,0.01,58333
WSP,20200324,0.7,0.72,0.68,0.72,280444
WTC,20200324,12.71,14.54,12.1,13.67,1713564
WZR,20200324,0.075,0.086,0.074,0.082,9092573
XAM,20200324,0.021,0.023,0.021,0.023,268636
XF1,20200324,0.1,0.125,0.1,0.125,110750
XRF,20200324,0.14,0.14,0.13,0.14,333492
XRO,20200324,57.94,63.35,57.61,63.09,1024134
XST,20200324,0.001,0.001,0.001,0.001,2000000
XTD,20200324,0.027,0.027,0.027,0.027,13648
XTE,20200324,0.395,0.45,0.395,0.45,49000
YAL,20200324,2.08,2.1,2.01,2.1,16858
YBR,20200324,0.059,0.059,0.051,0.051,158001
YOJ,20200324,0.013,0.013,0.012,0.012,2411480
YOW,20200324,0.031,0.036,0.031,0.035,746954
YPB,20200324,0.001,0.002,0.001,0.001,49230000
YRL,20200324,0.12,0.12,0.12,0.12,10000
Z1P,20200324,1.27,1.33,1.19,1.285,7252820
ZEL,20200324,2.65,2.8,2.56,2.76,52793
ZEN,20200324,0.82,0.82,0.82,0.82,81911
ZIM,20200324,7.8,7.8,7.2,7.2,1760
ZLD,20200324,0.023,0.027,0.023,0.025,1388864
ZNC,20200324,0.026,0.026,0.026,0.026,9859
ZNO,20200324,1.325,1.35,1.22,1.27,1847383
XAF,20200324,4559.8,4737.8,4559.8,4733.9,0
XAO,20200324,4564.1,4753.3,4564.1,4753.3,1833386700
XAT,20200324,4493.7,4681.3,4493.7,4681.3,0
XDJ,20200324,1597.4,1664.4,1593.4,1664.4,0
XEC,20200324,757.8,806.6,757.8,806,0
XEJ,20200324,5022.7,5405.9,5022.7,5405.9,0
XFJ,20200324,3658.7,3861.8,3658.7,3831,0
XFL,20200324,4592,4767,4592,4764.4,0
XGD,20200324,5560.7,6283,5560.7,6165.9,0
XHJ,20200324,38201.2,39447.7,37754.8,38978.1,0
XIJ,20200324,847.9,912.8,847.9,904.2,0
XJO,20200324,4546,4735.7,4546,4735.7,0
XJR,20200324,3192,3386.5,3192,3381.2,0
XKO,20200324,4500,4687.8,4500,4687.8,0
XMD,20200324,4511.3,4783.6,4511.3,4783.6,0
XMJ,20200324,9824.7,10325,9824.7,10306.3,0
XMM,20200324,3256.2,3458.9,3256.2,3438.7,0
XNJ,20200324,4321.3,4517.7,4299.8,4517.7,0
XPJ,20200324,877.4,943.5,877.4,943.5,0
XSJ,20200324,11669.3,11802,11411.4,11802,0
XSO,20200324,1825.8,1920.6,1825.8,1920.6,0
XTJ,20200324,1001.3,1029.3,997.3,1029.3,0
XTL,20200324,2633.3,2729.4,2633.3,2727.7,0
XTO,20200324,3782.8,3936.3,3782.8,3936.3,0
XUJ,20200324,6625.9,6717.7,6468.6,6712.3,0
XXJ,20200324,4080.7,4307.2,4080.7,4272.9,0
