360,20200212,3.28,3.35,3.255,3.29,56767
14D,20200212,0.18,0.18,0.18,0.18,52555
1AD,20200212,0.094,0.094,0.092,0.092,174466
1AG,20200212,0.035,0.035,0.035,0.035,27143
1ST,20200212,0.061,0.068,0.061,0.068,287096
3DA,20200212,0.305,0.345,0.305,0.31,443385
3DP,20200212,0.043,0.045,0.043,0.045,326451
3PL,20200212,0.795,0.8,0.765,0.8,52338
4DS,20200212,0.063,0.064,0.062,0.062,1333033
5GN,20200212,0.945,1.02,0.945,0.985,1190682
88E,20200212,0.021,0.022,0.021,0.022,8965875
8EC,20200212,0.08,0.081,0.08,0.081,60902
8IH,20200212,0.125,0.125,0.12,0.12,56590
9SP,20200212,0.023,0.023,0.022,0.023,3426724
A1G,20200212,0.135,0.135,0.13,0.13,23529
A2B,20200212,1.415,1.42,1.41,1.415,20921
A2M,20200212,14.75,15.24,14.73,15.16,3673316
A4N,20200212,0.25,0.25,0.24,0.24,959886
AAA,20200212,50.08,50.09,50.08,50.09,55151
AAC,20200212,1.25,1.265,1.24,1.26,489518
AAR,20200212,0.12,0.135,0.12,0.125,2168728
ABA,20200212,6.38,6.38,6.3,6.37,15989
ABC,20200212,3.38,3.38,3.25,3.28,2765834
ABP,20200212,3.85,3.86,3.78,3.79,917598
ABR,20200212,0.455,0.455,0.43,0.43,284724
ABV,20200212,0.033,0.035,0.033,0.035,30000
ABX,20200212,0.11,0.11,0.11,0.11,48545
AC8,20200212,0.275,0.28,0.26,0.28,395059
ACB,20200212,0.009,0.009,0.008,0.008,570255
ACF,20200212,0.35,0.35,0.345,0.345,146364
ACQ,20200212,1.195,1.2,1.19,1.19,34323
ACR,20200212,0.175,0.175,0.175,0.175,67570
ACU,20200212,0.13,0.13,0.13,0.13,5000
ACW,20200212,0.032,0.033,0.032,0.032,2133326
AD8,20200212,8.14,8.44,8.11,8.42,205223
ADA,20200212,0.66,0.66,0.647,0.655,39031
ADD,20200212,0.032,0.034,0.032,0.034,66000
ADH,20200212,2.4,2.465,2.39,2.44,590386
ADI,20200212,3.08,3.09,3.07,3.09,243064
ADJ,20200212,0.027,0.027,0.027,0.027,134710
ADN,20200212,0.043,0.047,0.043,0.045,8854535
ADO,20200212,0.032,0.033,0.032,0.033,1785651
ADR,20200212,0.036,0.036,0.033,0.034,626699
ADT,20200212,1.55,1.6,1.55,1.595,122602
ADV,20200212,0.003,0.003,0.003,0.003,249750
ADY,20200212,0.005,0.005,0.005,0.005,762981
AEE,20200212,0.005,0.005,0.005,0.005,2500000
AEF,20200212,5.18,5.29,5.1,5.12,101236
AEG,20200212,1.15,1.16,1.15,1.155,166291
AEI,20200212,0.525,0.525,0.44,0.49,984986
AER,20200212,0.15,0.15,0.14,0.14,259782
AEV,20200212,0.013,0.013,0.01,0.01,1185284
AFG,20200212,2.81,2.81,2.6,2.68,659170
AFI,20200212,7.1,7.16,7.09,7.09,311880
AFP,20200212,3.1,3.1,3.1,3.1,240
AGG,20200212,5.75,5.93,5.75,5.76,16184
AGH,20200212,0.39,0.4,0.37,0.37,520126
AGI,20200212,0.69,0.695,0.66,0.68,148490
AGL,20200212,19.33,19.55,19.17,19.52,2555431
AGM,20200212,2.1,2.1,2.05,2.05,55643
AGR,20200212,0.105,0.11,0.105,0.11,28722
AGS,20200212,0.105,0.11,0.105,0.11,515843
AGY,20200212,0.075,0.075,0.072,0.072,296062
AHF,20200212,0.089,0.089,0.085,0.087,339541
AHQ,20200212,0.13,0.13,0.13,0.13,185000
AHX,20200212,0.47,0.475,0.465,0.465,115777
AHY,20200212,1.1,1.11,1.08,1.09,392773
AHZ,20200212,0.079,0.079,0.078,0.078,57595
AIA,20200212,8.2,8.29,8.15,8.22,124653
AIS,20200212,0.06,0.06,0.06,0.06,447857
AIV,20200212,0.16,0.16,0.16,0.16,600
AIZ,20200212,2.71,2.72,2.695,2.7,94414
AJX,20200212,0.061,0.061,0.059,0.06,427948
AKG,20200212,0.5,0.53,0.5,0.53,7765
AKM,20200212,0.1,0.11,0.096,0.11,158299
AKP,20200212,14.22,14.33,14.1,14.1,10508
ALC,20200212,0.22,0.225,0.22,0.22,1056641
ALF,20200212,0.965,0.975,0.965,0.975,342743
ALG,20200212,1.405,1.42,1.38,1.42,427830
ALI,20200212,2.58,2.59,2.58,2.59,20198
ALL,20200212,37.11,37.28,37,37.18,2333839
ALQ,20200212,9.76,9.825,9.63,9.66,1026949
ALT,20200212,0.002,0.002,0.002,0.002,1076365
ALU,20200212,41.67,41.85,40.915,41.21,349798
ALX,20200212,8.37,8.49,8.345,8.4,2473255
ALY,20200212,0.011,0.011,0.011,0.011,45200
AMA,20200212,0.905,0.905,0.865,0.88,3843171
AMC,20200212,16.47,16.53,15.56,15.79,9742368
AMD,20200212,0.008,0.008,0.007,0.007,625888
AME,20200212,0.033,0.033,0.031,0.031,133505
AMG,20200212,0.06,0.06,0.05,0.05,1131490
AMH,20200212,0.99,1,0.99,0.997,63580
AMI,20200212,0.425,0.425,0.41,0.415,854031
AML,20200212,0.14,0.14,0.14,0.14,61207
AMN,20200212,0.45,0.45,0.43,0.43,120629
AMP,20200212,1.74,1.845,1.74,1.825,22176703
AMS,20200212,1.245,1.25,1.2,1.2,390184
AMX,20200212,2.31,2.37,2.31,2.35,209358
ANA,20200212,0.013,0.014,0.013,0.013,1667899
ANG,20200212,0.2,0.2,0.195,0.2,156453
ANL,20200212,0.002,0.002,0.001,0.002,5354411
ANN,20200212,32.21,32.6,32.1,32.43,510601
ANO,20200212,6.57,6.8,6.45,6.65,26098
ANP,20200212,0.064,0.064,0.06,0.06,1231254
ANR,20200212,0.25,0.25,0.25,0.25,4000
ANW,20200212,0.001,0.001,0.001,0.001,7000000
ANZ,20200212,26.25,26.38,26.07,26.34,9463367
AOA,20200212,0.002,0.002,0.002,0.002,1165000
AOF,20200212,2.98,3.01,2.97,3,1388169
AON,20200212,0.025,0.029,0.025,0.028,1002464
AOP,20200212,0.24,0.24,0.23,0.24,211432
AOU,20200212,0.065,0.065,0.064,0.064,104947
APA,20200212,11.5,11.59,11.35,11.36,1912421
APC,20200212,0.105,0.105,0.1,0.1,279345
APD,20200212,0.675,0.695,0.675,0.685,272321
APE,20200212,8.67,9.025,8.67,8.97,619470
APG,20200212,0.002,0.002,0.002,0.002,50000
APH,20200212,0.14,0.14,0.135,0.135,11182
API,20200212,1.3,1.3,1.28,1.28,590037
APL,20200212,1.035,1.035,1.02,1.025,801118
APT,20200212,39.07,39.27,38.48,38.61,1620208
APV,20200212,0.23,0.23,0.225,0.225,105951
APX,20200212,26.84,27.45,26.8,27.05,813406
APZ,20200212,1.16,1.175,1.16,1.175,4862
AQD,20200212,0.011,0.011,0.011,0.011,180459
AQG,20200212,6.91,7.05,6.89,7.02,200982
AQI,20200212,0.07,0.074,0.065,0.069,2091373
AQR,20200212,3.8,3.86,3.71,3.86,192608
AQX,20200212,0.05,0.063,0.05,0.054,82352228
AQZ,20200212,2.67,2.68,2.64,2.68,197882
ARA,20200212,0.61,0.61,0.61,0.61,5000
ARB,20200212,19.15,19.82,19.02,19.82,191310
ARD,20200212,0.016,0.016,0.015,0.016,603435
ARF,20200212,3.18,3.18,3.12,3.17,811289
ARG,20200212,8.99,9.07,8.98,9.07,277721
ARL,20200212,0.525,0.525,0.5,0.52,59471
ARN,20200212,0.205,0.205,0.19,0.19,318228
ARQ,20200212,0.295,0.31,0.27,0.28,841654
ARS,20200212,0.022,0.024,0.021,0.021,14321406
ARU,20200212,0.079,0.079,0.077,0.077,1209001
ARV,20200212,0.039,0.039,0.03,0.03,22727209
AS1,20200212,0.17,0.17,0.165,0.165,142629
ASB,20200212,4.05,4.08,3.985,4.03,2186732
ASG,20200212,1.63,1.64,1.62,1.64,23249
ASH,20200212,0.46,0.46,0.45,0.45,31779
ASN,20200212,0.033,0.033,0.031,0.033,581659
ASQ,20200212,0.033,0.033,0.032,0.033,35710
AST,20200212,1.73,1.76,1.725,1.74,7079210
ASX,20200212,85.41,86.96,85.34,86.65,307748
ATC,20200212,0.084,0.087,0.084,0.087,364491
ATH,20200212,0.018,0.018,0.018,0.018,341605
ATL,20200212,0.325,0.33,0.32,0.325,33087
ATS,20200212,0.072,0.072,0.068,0.07,1552099
ATU,20200212,0.35,0.35,0.35,0.35,171545
ATX,20200212,0.075,0.096,0.075,0.087,990682
AU1,20200212,0.055,0.055,0.055,0.055,4661
AU8,20200212,0.08,0.083,0.076,0.076,2711328
AUB,20200212,13,13,12.77,12.84,22825
AUC,20200212,0.016,0.016,0.016,0.016,2157783
AUH,20200212,0.003,0.003,0.003,0.003,186259
AUI,20200212,10.2,10.26,10.2,10.25,5629
AUP,20200212,2.86,2.86,2.86,2.86,18970
AUR,20200212,0.018,0.018,0.018,0.018,250000
AUT,20200212,0.024,0.024,0.021,0.022,13236359
AUZ,20200212,0.015,0.015,0.015,0.015,1041895
AV1,20200212,0.225,0.225,0.215,0.215,202398
AVG,20200212,0.475,0.475,0.47,0.475,119469
AVH,20200212,0.82,0.825,0.8,0.805,11726536
AVJ,20200212,0.61,0.61,0.605,0.61,11323
AVL,20200212,0.013,0.013,0.012,0.012,3905945
AVN,20200212,2.89,2.955,2.87,2.91,1030607
AVZ,20200212,0.071,0.072,0.069,0.07,14041653
AWC,20200212,2.14,2.19,2.14,2.17,9289868
AWN,20200212,0.12,0.12,0.12,0.12,3042
AWV,20200212,0.009,0.009,0.009,0.009,10000
AWY,20200212,0.033,0.033,0.032,0.032,151515
AX1,20200212,1.86,1.91,1.86,1.89,728267
AXE,20200212,0.23,0.23,0.18,0.185,3845278
AXI,20200212,0.052,0.052,0.052,0.052,3606
AYR,20200212,0.002,0.002,0.002,0.002,1000000
AYS,20200212,0.315,0.34,0.3,0.3,450962
AZJ,20200212,5.47,5.53,5.42,5.47,10081581
AZS,20200212,0.135,0.135,0.13,0.13,468429
AZV,20200212,0.09,0.09,0.09,0.09,31131
AZY,20200212,0.011,0.012,0.011,0.012,1144587
BAF,20200212,0.855,0.86,0.84,0.84,159490
BAP,20200212,7.01,7.22,6.63,7.11,4456823
BAR,20200212,0.019,0.019,0.019,0.019,50000
BAS,20200212,0.002,0.002,0.002,0.002,4567525
BBC,20200212,0.605,0.605,0.6,0.6,22796
BBN,20200212,3.6,3.69,3.57,3.59,678821
BBX,20200212,0.165,0.165,0.165,0.165,24233
BC8,20200212,0.385,0.385,0.365,0.367,73407
BCB,20200212,0.051,0.052,0.05,0.051,261053
BCC,20200212,0.32,0.32,0.315,0.315,15346
BCI,20200212,0.16,0.17,0.155,0.17,438101
BCN,20200212,0.033,0.033,0.031,0.033,2444475
BCT,20200212,0.125,0.125,0.12,0.12,2004646
BD1,20200212,0.033,0.034,0.033,0.034,1000637
BDA,20200212,0.29,0.29,0.275,0.28,18422
BDC,20200212,0.082,0.082,0.079,0.08,1471729
BDG,20200212,0.09,0.09,0.09,0.09,37400
BEE,20200212,0.016,0.017,0.016,0.017,487980
BEL,20200212,0.04,0.04,0.04,0.04,1487
BEM,20200212,0.047,0.047,0.046,0.046,41479
BEN,20200212,10.22,10.59,10.22,10.53,2605855
BET,20200212,0.36,0.36,0.34,0.34,1785306
BFC,20200212,0.083,0.084,0.08,0.08,292891
BFG,20200212,1.35,1.4,1.345,1.35,421686
BGA,20200212,4.31,4.43,4.31,4.36,427354
BGL,20200212,0.54,0.55,0.53,0.535,1684576
BGP,20200212,3.8,3.8,3.63,3.8,22909
BGT,20200212,0.165,0.165,0.155,0.155,339776
BHP,20200212,38.55,38.55,38.18,38.4,5302573
BID,20200212,1.225,1.245,1.18,1.225,426165
BIN,20200212,2.95,3.08,2.92,3.05,3412631
BIQ,20200212,0.012,0.012,0.012,0.012,2839602
BIT,20200212,0.135,0.15,0.127,0.14,30040034
BKI,20200212,1.675,1.69,1.67,1.68,225777
BKL,20200212,72,78,68.5,78,601191
BKT,20200212,0.048,0.048,0.048,0.048,169696
BKW,20200212,20.1,20.13,19.85,19.93,221972
BKY,20200212,0.195,0.195,0.19,0.19,498406
BLD,20200212,4.74,4.83,4.72,4.75,8651571
BLG,20200212,0.067,0.072,0.067,0.071,957451
BLK,20200212,0.01,0.011,0.01,0.01,4967999
BLT,20200212,0.04,0.04,0.037,0.037,682380
BLU,20200212,0.04,0.04,0.04,0.04,247559
BLX,20200212,1.03,1.06,1.03,1.06,8667
BLY,20200212,1.225,1.25,1.2,1.25,61702
BLZ,20200212,0.014,0.014,0.014,0.014,188784
BMN,20200212,0.033,0.033,0.031,0.033,1312171
BNL,20200212,0.007,0.008,0.007,0.008,788618
BNO,20200212,0.063,0.064,0.06,0.064,471005
BOA,20200212,0.22,0.24,0.22,0.24,20000
BOC,20200212,0.245,0.28,0.245,0.265,76105
BOE,20200212,0.045,0.05,0.043,0.049,36723362
BOQ,20200212,7.59,7.6,7.545,7.59,1509678
BOT,20200212,0.089,0.089,0.086,0.087,1487541
BPL,20200212,0.017,0.017,0.017,0.017,24447
BPT,20200212,2.29,2.34,2.2,2.21,15396241
BRB,20200212,0.265,0.265,0.255,0.265,160495
BRG,20200212,19.35,19.98,19.29,19.98,490974
BRI,20200212,1.615,1.615,1.615,1.615,500
BRK,20200212,0.007,0.007,0.007,0.007,198904
BRL,20200212,0.1,0.11,0.1,0.105,95050
BRN,20200212,0.051,0.053,0.051,0.052,2399358
BRU,20200212,0.16,0.165,0.155,0.165,191596
BRV,20200212,0.023,0.029,0.023,0.028,21022553
BSA,20200212,0.39,0.405,0.39,0.405,67107
BSE,20200212,0.245,0.25,0.235,0.24,431025
BSL,20200212,14.12,14.42,14.09,14.36,3495719
BSM,20200212,0.006,0.006,0.006,0.006,1600000
BSR,20200212,0.013,0.013,0.012,0.013,4906005
BSX,20200212,0.18,0.205,0.175,0.175,1861239
BTC,20200212,0.145,0.15,0.145,0.15,24959
BTH,20200212,0.94,0.94,0.91,0.915,2923208
BTI,20200212,1.09,1.095,1.09,1.095,63000
BUB,20200212,0.71,0.715,0.7,0.7,3635762
BUD,20200212,0.031,0.031,0.03,0.031,2297682
BUX,20200212,0.08,0.08,0.076,0.076,172225
BVS,20200212,5.55,5.61,5.36,5.4,754479
BWF,20200212,0.55,0.555,0.55,0.555,16161
BWP,20200212,3.99,4,3.97,3.98,618192
BWX,20200212,4.12,4.34,4.12,4.3,248122
BXB,20200212,12.65,12.86,12.58,12.68,3099129
BXN,20200212,0.012,0.012,0.012,0.012,292591
BYE,20200212,0.295,0.3,0.295,0.295,470593
C6C,20200212,0.685,0.72,0.685,0.72,13932
CAG,20200212,0.52,0.52,0.51,0.51,44222
CAI,20200212,0.265,0.27,0.26,0.26,206209
CAJ,20200212,0.245,0.255,0.245,0.25,320261
CAM,20200212,0.97,0.97,0.95,0.96,451898
CAN,20200212,1.2,1.21,1.14,1.15,593296
CAP,20200212,0.03,0.03,0.03,0.03,316582
CAR,20200212,18.9,19.6,18.54,19.09,1524711
CAT,20200212,2.08,2.11,2,2.02,387402
CAU,20200212,0.17,0.17,0.165,0.165,63554
CAY,20200212,0.14,0.145,0.14,0.145,142000
CAZ,20200212,0.022,0.022,0.022,0.022,210128
CBA,20200212,86.2,88.56,86.2,88.18,7132862
CBE,20200212,0.265,0.27,0.225,0.23,1683956
CBR,20200212,4.32,4.4,4.28,4.35,60650
CCA,20200212,0.215,0.225,0.18,0.185,1676656
CCE,20200212,0.001,0.001,0.001,0.001,4411843
CCG,20200212,0.056,0.056,0.055,0.055,82996
CCL,20200212,12.11,12.15,12,12.02,1542185
CCP,20200212,37.35,37.75,37.32,37.6,217208
CCV,20200212,0.22,0.22,0.21,0.21,44825
CCX,20200212,3.14,3.17,3.09,3.16,85274
CCZ,20200212,0.018,0.018,0.018,0.018,451495
CD1,20200212,1.57,1.57,1.57,1.57,1200
CD2,20200212,1.63,1.63,1.63,1.63,4650
CD3,20200212,1.32,1.32,1.32,1.32,3800
CDA,20200212,8,8.18,7.96,7.99,216466
CDD,20200212,0.37,0.38,0.365,0.365,553927
CDM,20200212,0.735,0.74,0.725,0.735,428471
CDP,20200212,5.88,5.895,5.88,5.885,818
CDT,20200212,0.01,0.01,0.01,0.01,297272
CDV,20200212,0.37,0.37,0.36,0.37,1766271
CDX,20200212,0.028,0.028,0.027,0.027,997037
CE1,20200212,0.006,0.006,0.006,0.006,600000
CEL,20200212,0.185,0.19,0.18,0.18,1917976
CEN,20200212,7.21,7.35,7.21,7.3,29219
CG1,20200212,0.46,0.46,0.455,0.46,33117
CGB,20200212,0.015,0.015,0.015,0.015,4493088
CGC,20200212,3.06,3.16,3.04,3.06,1615306
CGF,20200212,9.99,10.235,9.8,10.14,4720142
CGL,20200212,5.11,5.38,5.11,5.38,182332
CGR,20200212,0.56,0.565,0.56,0.565,298765
CGS,20200212,0.465,0.48,0.45,0.45,37912
CHC,20200212,12.68,12.825,12.63,12.8,1131045
CHK,20200212,0.009,0.009,0.009,0.009,1899569
CHN,20200212,0.305,0.305,0.285,0.3,699259
CHZ,20200212,0.099,0.099,0.096,0.098,260771
CI1,20200212,0.022,0.022,0.022,0.022,43103
CIA,20200212,2.42,2.48,2.4,2.4,811231
CIE,20200212,0.85,0.87,0.85,0.855,65841
CIM,20200212,28.15,28.64,27.76,27.8,953042
CIN,20200212,31.62,31.7,31.39,31.7,4714
CIO,20200212,0.003,0.003,0.003,0.003,2416667
CIP,20200212,3.72,3.74,3.695,3.73,828366
CIW,20200212,0.68,0.69,0.68,0.68,103200
CKA,20200212,0.042,0.043,0.042,0.043,121430
CKF,20200212,9.66,9.73,9.52,9.56,415043
CL1,20200212,2.09,2.09,2.05,2.06,186493
CL8,20200212,0.013,0.013,0.013,0.013,40000
CLA,20200212,0.012,0.012,0.012,0.012,2819068
CLB,20200212,0.061,0.061,0.061,0.061,7115
CLF,20200212,1.32,1.32,1.32,1.32,69
CLH,20200212,1.06,1.09,1.06,1.085,216611
CLQ,20200212,0.265,0.265,0.255,0.265,158775
CLV,20200212,2.7,2.8,2.69,2.77,248516
CLW,20200212,5.55,5.65,5.55,5.64,2202599
CLZ,20200212,0.003,0.003,0.002,0.002,3014199
CM8,20200212,0.025,0.025,0.024,0.024,2438998
CML,20200212,0.016,0.016,0.016,0.016,574390
CMM,20200212,1.23,1.24,1.21,1.21,158928
CMP,20200212,0.695,0.695,0.68,0.68,55487
CMW,20200212,1.22,1.23,1.215,1.22,10432992
CNI,20200212,2.52,2.6,2.5,2.56,1501433
CNU,20200212,6.1,6.14,6.08,6.1,284672
CNW,20200212,0.034,0.034,0.03,0.031,2767817
COB,20200212,0.13,0.14,0.13,0.135,48999
COE,20200212,0.55,0.56,0.545,0.56,2384387
COF,20200212,3.09,3.17,3.09,3.15,2740951
COG,20200212,0.092,0.093,0.092,0.093,438125
COH,20200212,235.63,239.99,232.87,232.87,249086
COI,20200212,0.135,0.145,0.135,0.14,497240
COL,20200212,17.2,17.24,17.1,17.18,1993925
COO,20200212,0.079,0.079,0.078,0.078,300000
COS,20200212,0.345,0.345,0.33,0.335,215967
CP1,20200212,0.12,0.145,0.11,0.11,167913
CPH,20200212,0.15,0.15,0.135,0.135,1811625
CPT,20200212,0.07,0.07,0.065,0.065,4500
CPU,20200212,16.39,17.865,16.14,17.45,4225689
CPV,20200212,0.155,0.155,0.145,0.155,211727
CQE,20200212,3.52,3.57,3.45,3.55,866533
CQR,20200212,4.86,4.98,4.85,4.95,1650848
CR1,20200212,0.21,0.21,0.21,0.21,550
CRN,20200212,1.99,2,1.98,1.99,366905
CRO,20200212,0.005,0.005,0.005,0.005,1200000
CRS,20200212,0.135,0.135,0.135,0.135,5469
CSL,20200212,335.01,335.99,320.28,328.25,1013939
CSR,20200212,4.91,4.95,4.9,4.93,1940366
CSS,20200212,0.715,0.715,0.71,0.715,46206
CT1,20200212,0.044,0.046,0.036,0.038,18338112
CTD,20200212,17.08,17.4,16.85,17.02,1042652
CTM,20200212,0.011,0.011,0.01,0.011,6712759
CTP,20200212,0.13,0.135,0.125,0.125,554270
CTX,20200212,33,33.17,32.93,32.93,1702703
CUE,20200212,0.137,0.14,0.135,0.14,121155
CUL,20200212,0.011,0.013,0.011,0.013,532623
CUP,20200212,1.275,1.275,1.275,1.275,2300
CUV,20200212,27.69,27.86,25.62,25.65,167858
CV1,20200212,0.12,0.12,0.12,0.12,20900
CVF,20200212,0.99,1,0.99,0.99,63022
CVL,20200212,0.45,0.495,0.445,0.48,49926
CVN,20200212,0.33,0.335,0.325,0.325,1056197
CVV,20200212,0.03,0.03,0.03,0.03,12987
CVW,20200212,0.375,0.375,0.35,0.37,152702
CWN,20200212,11.8,11.85,11.735,11.8,1654854
CWP,20200212,8,8.09,7.99,8.06,61811
CWX,20200212,0.205,0.25,0.205,0.25,1143950
CWY,20200212,1.93,1.95,1.91,1.945,5147788
CWZ,20200212,0.16,0.16,0.16,0.16,3100
CXL,20200212,0.93,0.94,0.91,0.91,303075
CXO,20200212,0.036,0.036,0.035,0.036,625000
CXZ,20200212,0.02,0.02,0.02,0.02,40000
CY5,20200212,0.045,0.045,0.043,0.044,14486
CYC,20200212,1.16,1.16,1.085,1.09,45298
CYL,20200212,3.03,3.03,3.02,3.02,1105
CYP,20200212,1.1,1.11,1.08,1.09,114610
CZI,20200212,0.125,0.13,0.088,0.095,6228197
CZL,20200212,0.009,0.011,0.008,0.01,7362800
CZR,20200212,0.009,0.009,0.008,0.009,6159980
D2O,20200212,1.495,1.5,1.49,1.5,137449
DAF,20200212,0.018,0.018,0.018,0.018,300000
DAU,20200212,0.023,0.023,0.023,0.023,83773
DCC,20200212,0.03,0.03,0.03,0.03,882176
DCG,20200212,0.4,0.4,0.38,0.39,541013
DDD,20200212,0.003,0.003,0.002,0.002,3900000
DDR,20200212,7.2,7.33,7.14,7.26,121156
DDT,20200212,0.007,0.007,0.007,0.007,300000
DEG,20200212,0.145,0.16,0.135,0.145,25290653
DEM,20200212,0.215,0.215,0.2,0.21,263292
DEV,20200212,0.061,0.062,0.06,0.062,209896
DGH,20200212,1.485,1.485,1.485,1.485,25000
DGO,20200212,1.89,1.89,1.6,1.6,29529
DHG,20200212,3.74,3.86,3.71,3.81,1541416
DIV,20200212,24.7,24.73,24.69,24.71,1753
DJW,20200212,3.34,3.4,3.34,3.38,108458
DKM,20200212,0.17,0.175,0.17,0.17,140000
DME,20200212,0.19,0.19,0.19,0.19,15000
DMP,20200212,57.65,58.9,56.96,57.32,330203
DNA,20200212,0.075,0.081,0.074,0.076,2384236
DNK,20200212,0.56,0.575,0.56,0.575,70033
DOW,20200212,7.25,7.37,7.09,7.27,3381412
DRE,20200212,0.005,0.005,0.005,0.005,800000
DRO,20200212,0.205,0.205,0.195,0.2,669215
DRX,20200212,0.011,0.011,0.011,0.011,1141666
DSE,20200212,0.05,0.05,0.047,0.047,362000
DTC,20200212,1.1,1.105,1.08,1.1,28224
DTL,20200212,4.87,4.92,4.77,4.8,349473
DTM,20200212,0.066,0.066,0.066,0.066,60711
DTS,20200212,0.14,0.14,0.14,0.14,13893
DTZ,20200212,0.058,0.058,0.053,0.053,112342
DUB,20200212,1.13,1.13,1.07,1.08,636512
DUI,20200212,5.19,5.23,5.19,5.2,24665
DW8,20200212,0.008,0.008,0.006,0.006,4014075
DWS,20200212,1.075,1.075,1.065,1.075,122178
DXB,20200212,0.145,0.15,0.14,0.14,413265
DXN,20200212,0.043,0.043,0.04,0.042,3652062
DXS,20200212,13.01,13.16,13.01,13.09,5474343
DYL,20200212,0.245,0.25,0.245,0.245,208591
EAF,20200212,1.39,1.39,1.39,1.39,20000
EAI,20200212,1.08,1.08,1.07,1.07,195285
EAS,20200212,0.98,1,0.98,1,31772
EBG,20200212,1,1,1,1,1355
ECF,20200212,1.295,1.32,1.295,1.31,374824
ECG,20200212,0.042,0.042,0.042,0.042,30000
ECL,20200212,1.39,1.39,1.39,1.39,13333
ECP,20200212,1.11,1.11,1.11,1.11,3238
ECS,20200212,0.046,0.046,0.046,0.046,303838
ECT,20200212,0.001,0.001,0.001,0.001,3036137
ECX,20200212,1.825,1.825,1.775,1.795,1888821
ED1,20200212,1.01,1.035,1,1.035,53000
EDE,20200212,0.042,0.042,0.04,0.04,456827
EEG,20200212,0.365,0.37,0.36,0.37,254198
EFF,20200212,1.78,1.78,1.78,1.78,29375
EGD,20200212,2.6,2.6,2.6,2.6,60050
EGF,20200212,1.845,1.845,1.845,1.845,1583
EGG,20200212,1.84,1.85,1.75,1.825,73407
EGH,20200212,0.39,0.395,0.39,0.395,110371
EGI,20200212,1.2,1.2,1.195,1.195,237976
EGL,20200212,0.038,0.038,0.038,0.038,1833
EGR,20200212,0.08,0.081,0.078,0.08,386237
EGY,20200212,0.25,0.25,0.25,0.25,63
EHE,20200212,2.34,2.36,2.32,2.32,433119
EHH,20200212,0.115,0.12,0.115,0.12,117990
EHL,20200212,2.05,2.07,2.04,2.06,1162065
EHX,20200212,0.12,0.12,0.11,0.11,89458
ELD,20200212,8.12,8.35,8.08,8.3,565616
ELO,20200212,7.38,7.7,7.38,7.7,92279
ELS,20200212,0.365,0.38,0.355,0.36,199352
ELT,20200212,0.003,0.003,0.003,0.003,180000
ELX,20200212,0.765,0.81,0.765,0.81,103838
EM1,20200212,0.009,0.009,0.008,0.008,2585354
EM2,20200212,0.14,0.14,0.14,0.14,15000
EMD,20200212,0.145,0.155,0.135,0.145,4813916
EME,20200212,0.115,0.115,0.11,0.11,40586
EMH,20200212,0.28,0.28,0.265,0.265,50000
EML,20200212,5.29,5.59,5.27,5.47,4167704
EMP,20200212,0.035,0.035,0.032,0.032,103152
EMR,20200212,0.047,0.047,0.046,0.047,3280421
EMV,20200212,0.81,0.865,0.81,0.86,116471
EN1,20200212,0.02,0.02,0.019,0.019,782855
ENN,20200212,2.14,2.15,2.14,2.15,19123
ENR,20200212,0.098,0.098,0.094,0.097,109421
ENT,20200212,0.008,0.009,0.008,0.009,310000
EOF,20200212,2.88,2.95,2.86,2.93,142270
EOL,20200212,3.5,3.6,3.5,3.5,12217
EOS,20200212,9.8,9.95,9.57,9.65,309686
EPD,20200212,0.415,0.43,0.415,0.43,215507
EPM,20200212,0.006,0.006,0.006,0.006,85000
EQE,20200212,0.013,0.013,0.013,0.013,552000
EQT,20200212,31.67,31.8,31.18,31.31,6806
EQX,20200212,0.265,0.265,0.265,0.265,101163
ERA,20200212,0.16,0.16,0.155,0.155,86530
ERF,20200212,1.23,1.235,1.22,1.23,26947
ERG,20200212,0.065,0.065,0.065,0.065,7000
ERL,20200212,0.012,0.012,0.01,0.012,802466
ERM,20200212,0.094,0.095,0.09,0.09,212186
ERX,20200212,0.064,0.068,0.061,0.065,2981451
ESE,20200212,0.011,0.011,0.01,0.01,1122799
ESH,20200212,0.007,0.007,0.007,0.007,2217383
ESR,20200212,0.009,0.009,0.009,0.009,312971
ETF,20200212,23.63,23.63,23.63,23.63,14000
EUC,20200212,0.016,0.017,0.016,0.017,181638
EUR,20200212,0.083,0.084,0.083,0.084,220000
EVE,20200212,0.006,0.006,0.006,0.006,100000
EVN,20200212,4.04,4.04,3.885,4,16654805
EVO,20200212,0.145,0.145,0.142,0.145,387662
EVS,20200212,0.225,0.23,0.21,0.22,435354
EVT,20200212,12.45,12.63,12.42,12.61,59152
EVZ,20200212,0.135,0.135,0.135,0.135,1135
EWC,20200212,0.071,0.072,0.069,0.069,238551
EX1,20200212,0.27,0.355,0.27,0.35,464066
EXL,20200212,0.665,0.665,0.595,0.63,1620637
EXP,20200212,0.205,0.205,0.2,0.2,7234801
EXR,20200212,0.048,0.05,0.045,0.045,3339225
EZL,20200212,1.025,1.025,1.025,1.025,103155
FAM,20200212,0.06,0.065,0.05,0.05,144987
FAR,20200212,0.034,0.036,0.034,0.036,14065441
FAU,20200212,0.01,0.01,0.01,0.01,75000
FBR,20200212,0.052,0.054,0.052,0.052,1524787
FBU,20200212,5.03,5.12,5.02,5.1,1527226
FCL,20200212,3.41,3.45,3.39,3.39,37808
FCT,20200212,0.135,0.15,0.13,0.14,966694
FDV,20200212,1.107,1.107,1.095,1.1,275507
FFG,20200212,0.008,0.009,0.008,0.009,161338
FFL,20200212,0.37,0.395,0.37,0.395,15457
FGG,20200212,1.28,1.28,1.27,1.28,212770
FGO,20200212,0.001,0.002,0.001,0.001,2101200
FGR,20200212,0.175,0.175,0.16,0.17,895927
FGX,20200212,1.14,1.15,1.14,1.15,172192
FHS,20200212,0.018,0.021,0.018,0.021,4387550
FID,20200212,5.82,6,5.82,6,25532
FIN,20200212,0.013,0.013,0.013,0.013,250000
FLC,20200212,0.345,0.372,0.345,0.37,587983
FLN,20200212,0.48,0.485,0.47,0.475,144589
FLT,20200212,37.36,38.54,37.35,38.26,679690
FMG,20200212,11.36,11.37,10.97,11.11,13556947
FML,20200212,0.25,0.25,0.245,0.245,55832
FMS,20200212,0.048,0.048,0.048,0.048,2375
FNP,20200212,4.75,4.91,4.74,4.85,593120
FNT,20200212,0.01,0.01,0.01,0.01,2795147
FOD,20200212,0.06,0.061,0.055,0.055,890243
FOR,20200212,1.165,1.17,1.165,1.17,18459
FPC,20200212,1.05,1.05,1.05,1.05,13094
FPH,20200212,23.2,23.83,23.2,23.67,509273
FPL,20200212,0.005,0.005,0.004,0.005,1361487
FPP,20200212,0.94,0.94,0.92,0.925,31602
FRI,20200212,0.9,0.93,0.885,0.895,196694
FRM,20200212,0.3,0.305,0.3,0.305,21975
FRN,20200212,0.021,0.022,0.021,0.022,827411
FRX,20200212,0.036,0.038,0.036,0.037,150000
FSA,20200212,1.41,1.41,1.41,1.41,1584
FSI,20200212,1.965,2,1.965,2,17170
FTC,20200212,0.1,0.1,0.098,0.1,45086
FTT,20200212,0.002,0.002,0.002,0.002,7724531
FWD,20200212,1.99,1.995,1.875,1.99,9020
FXL,20200212,1.895,1.93,1.875,1.885,830225
FYI,20200212,0.05,0.056,0.049,0.056,446135
FZO,20200212,0.145,0.145,0.145,0.145,11646
FZR,20200212,0.2,0.2,0.2,0.2,250000
G1A,20200212,0.295,0.295,0.285,0.285,180893
G88,20200212,0.052,0.052,0.052,0.052,226131
GAL,20200212,0.16,0.175,0.155,0.16,359356
GAP,20200212,0.195,0.195,0.185,0.19,93321
GAS,20200212,0.59,0.6,0.58,0.58,35584
GBE,20200212,0.016,0.016,0.016,0.016,50000
GBR,20200212,0.037,0.037,0.037,0.037,22500
GBZ,20200212,0.063,0.07,0.063,0.07,70000
GC1,20200212,0.8,0.8,0.8,0.8,26000
GCI,20200212,2.04,2.04,2.02,2.03,215442
GDF,20200212,1.415,1.425,1.415,1.42,37432
GDI,20200212,1.52,1.54,1.51,1.54,298575
GDX,20200212,42.5,42.5,42.2,42.35,9267
GEM,20200212,1.86,1.865,1.8,1.83,3379962
GEV,20200212,0.145,0.165,0.145,0.15,720082
GGG,20200212,0.12,0.12,0.115,0.115,278434
GGX,20200212,0.002,0.002,0.002,0.002,1000000
GIB,20200212,0.046,0.046,0.046,0.046,11521
GID,20200212,0.013,0.013,0.013,0.013,218608
GLA,20200212,0.001,0.001,0.001,0.001,1500000
GLH,20200212,0.14,0.14,0.14,0.14,958
GLL,20200212,0.57,0.65,0.57,0.65,151176
GLN,20200212,0.225,0.23,0.2,0.2,482550
GMA,20200212,3.88,3.885,3.82,3.82,970490
GMD,20200212,0.033,0.033,0.033,0.033,68097
GMG,20200212,15.39,15.57,15.24,15.4,6435597
GMN,20200212,0.067,0.072,0.067,0.072,99340
GMR,20200212,0.01,0.01,0.01,0.01,45000
GMV,20200212,0.095,0.099,0.088,0.089,1373184
GNC,20200212,8.88,8.94,8.86,8.92,504658
GNE,20200212,3.07,3.16,3.03,3.16,66101
GNG,20200212,0.915,0.915,0.915,0.915,7460
GNM,20200212,0.007,0.007,0.007,0.007,168011
GNX,20200212,0.2,0.2,0.195,0.2,216431
GO2,20200212,0.016,0.016,0.013,0.013,459000
GOR,20200212,1.62,1.637,1.585,1.635,9106970
GOW,20200212,2.35,2.35,2.33,2.33,22100
GOZ,20200212,4.32,4.35,4.32,4.32,436251
GPT,20200212,6.32,6.35,6.29,6.31,7618208
GPX,20200212,0.105,0.125,0.105,0.105,149895
GRB,20200212,0.068,0.068,0.068,0.068,513408
GRL,20200212,0.21,0.235,0.21,0.235,377368
GRR,20200212,0.23,0.235,0.227,0.23,921576
GSM,20200212,0.095,0.14,0.095,0.095,2253388
GSN,20200212,0.06,0.06,0.053,0.055,160000
GSS,20200212,1.13,1.165,1.13,1.16,182766
GSW,20200212,0.595,0.595,0.59,0.59,28695
GTE,20200212,0.004,0.004,0.004,0.004,701262
GTG,20200212,0.009,0.01,0.009,0.009,3023251
GTK,20200212,2.25,2.3,2.24,2.29,33436
GTN,20200212,0.795,0.795,0.77,0.795,7825740
GTR,20200212,0.008,0.008,0.007,0.007,915697
GUD,20200212,12.5,12.7,12.44,12.67,224885
GVF,20200212,1.095,1.105,1.095,1.105,73158
GWA,20200212,3.7,3.91,3.7,3.88,1057594
GXY,20200212,1.11,1.13,1.08,1.105,2474650
HAS,20200212,0.125,0.13,0.12,0.13,372011
HAV,20200212,0.1,0.1,0.1,0.1,49353
HAW,20200212,0.079,0.079,0.079,0.079,38409
HCD,20200212,0.045,0.047,0.045,0.046,85505
HCH,20200212,0.029,0.03,0.028,0.029,4006190
HCT,20200212,0.16,0.16,0.145,0.155,6066303
HE8,20200212,0.18,0.18,0.17,0.17,369307
HFR,20200212,0.68,0.68,0.6,0.6,167766
HGO,20200212,0.055,0.055,0.052,0.052,181591
HIL,20200212,0.425,0.442,0.425,0.44,773207
HIP,20200212,0.016,0.016,0.016,0.016,449000
HIT,20200212,1.4,1.56,1.4,1.56,67205
HLA,20200212,1.3,1.3,1.29,1.3,24062
HLO,20200212,4.2,4.3,4.2,4.27,58245
HLS,20200212,2.87,2.95,2.86,2.92,1060888
HLX,20200212,0.013,0.013,0.012,0.013,3095930
HM1,20200212,3.33,3.48,3.33,3.4,68108
HMC,20200212,3.8,3.85,3.78,3.8,92933
HMD,20200212,0.175,0.175,0.175,0.175,11368
HMX,20200212,0.025,0.025,0.022,0.023,2294707
HNR,20200212,0.008,0.008,0.008,0.008,110125
HPI,20200212,3.47,3.5,3.45,3.47,185051
HRL,20200212,0.15,0.18,0.15,0.155,1135773
HRN,20200212,0.18,0.18,0.17,0.17,101892
HRR,20200212,0.081,0.088,0.08,0.082,181986
HRZ,20200212,0.105,0.105,0.105,0.105,168606
HSC,20200212,0.006,0.006,0.006,0.006,17302873
HSN,20200212,3.65,3.82,3.64,3.78,245956
HT1,20200212,1.555,1.575,1.5,1.555,56079
HTA,20200212,0.135,0.14,0.135,0.14,191224
HUB,20200212,10.9,11.03,10.89,10.93,130877
HUO,20200212,4.44,4.5,4.43,4.5,3712
HVM,20200212,0.17,0.17,0.155,0.155,386510
HVN,20200212,4.68,4.81,4.64,4.77,8347977
HWH,20200212,0.033,0.033,0.031,0.033,665427
HWK,20200212,0.006,0.006,0.005,0.005,2450000
HXG,20200212,0.051,0.051,0.05,0.05,319825
HYD,20200212,0.22,0.22,0.22,0.22,25109
HZN,20200212,0.078,0.081,0.077,0.079,2993822
HZR,20200212,0.445,0.45,0.445,0.45,92783
IAA,20200212,98.46,99.22,98.03,99.22,13623
IAF,20200212,115.28,115.43,115.23,115.23,58908
IAG,20200212,6.81,7.06,6.81,6.88,6138868
IAP,20200212,1.53,1.56,1.53,1.54,538309
IBC,20200212,0.525,0.525,0.525,0.525,31115
IBG,20200212,0.013,0.014,0.012,0.012,3062253
IBX,20200212,0.035,0.038,0.035,0.037,13643603
ICE,20200212,0.22,0.245,0.22,0.245,464850
ICG,20200212,0.002,0.002,0.002,0.002,1833333
ICN,20200212,0.005,0.005,0.005,0.005,68089
ICQ,20200212,0.375,0.375,0.365,0.37,263821
IDA,20200212,0.025,0.025,0.025,0.025,85000
IDT,20200212,0.14,0.15,0.137,0.14,545958
IDX,20200212,4.25,4.25,4.15,4.19,292062
IDZ,20200212,0.008,0.008,0.008,0.008,14111
IEL,20200212,21.15,22,19.25,21.42,4166445
IEM,20200212,65.85,66.23,65.5,66.22,24246
IEU,20200212,69.68,69.98,69.6,69.78,25378
IFL,20200212,7.1,7.18,7.07,7.1,1117225
IFM,20200212,2.05,2.08,2.02,2.02,81368
IFN,20200212,0.695,0.705,0.685,0.7,2261105
IFT,20200212,5.32,5.32,5.3,5.31,5459
IGB,20200212,113.75,113.75,113.57,113.57,282
IGL,20200212,2.23,2.36,2.23,2.29,419867
IGN,20200212,0.026,0.026,0.026,0.026,8217
IGO,20200212,5.86,5.86,5.725,5.83,3406294
IHD,20200212,14.39,14.8,14.38,14.8,30186
IHL,20200212,0.061,0.061,0.059,0.06,770381
IHR,20200212,0.084,0.084,0.084,0.084,28179
IJH,20200212,310,310.05,308.83,308.83,576
IJP,20200212,88.81,88.81,87.98,88.2,5146
IJR,20200212,123.77,124.3,123.66,123.9,2136
IKO,20200212,94.72,94.72,93.66,94.19,469
ILB,20200212,129.66,129.66,129.12,129.38,1083
ILC,20200212,27.52,27.6,27.45,27.48,19967
ILU,20200212,9.55,9.64,9.51,9.54,810801
IMA,20200212,0.21,0.21,0.207,0.21,635299
IMC,20200212,0.135,0.14,0.13,0.14,206494
IMD,20200212,1.375,1.46,1.37,1.46,522523
IME,20200212,0.029,0.029,0.029,0.029,181428
IMF,20200212,4.84,4.87,4.8,4.83,329673
IMM,20200212,0.39,0.397,0.375,0.38,3353216
IMR,20200212,1.9,1.9,1.6,1.75,96872
IMU,20200212,0.032,0.033,0.031,0.032,3341832
INA,20200212,4.68,4.98,4.22,4.95,1167984
INF,20200212,0.057,0.057,0.057,0.057,82443
ING,20200212,3.72,3.75,3.65,3.75,1863904
INP,20200212,0.02,0.02,0.02,0.02,1030487
INR,20200212,0.175,0.18,0.175,0.175,706050
IOO,20200212,84.18,84.19,83.71,83.8,44348
IOZ,20200212,28.87,28.92,28.81,28.88,274590
IP1,20200212,0.007,0.008,0.007,0.008,136363
IPB,20200212,0.028,0.028,0.028,0.028,76000
IPD,20200212,0.115,0.12,0.112,0.115,808111
IPH,20200212,9.02,9.53,9.02,9.5,1117298
IPL,20200212,3.14,3.19,3.14,3.17,2882911
IPT,20200212,0.009,0.014,0.009,0.014,54235456
IRE,20200212,14.2,14.24,14.045,14.06,333678
IRI,20200212,2.93,2.93,2.89,2.92,114536
IS3,20200212,0.13,0.13,0.12,0.12,13780
ISD,20200212,0.27,0.27,0.265,0.265,89635
ISO,20200212,5.2,5.23,5.2,5.23,7913
ISU,20200212,0.44,0.5,0.44,0.5,9000
ITG,20200212,0.435,0.445,0.43,0.44,130017
ITW,20200212,62.22,62.4,62.22,62.37,351
IVC,20200212,13.2,13.38,13.13,13.26,419787
IVE,20200212,103,103.74,103,103.48,7574
IVR,20200212,0.023,0.023,0.022,0.022,923000
IVV,20200212,502.26,503.39,500.46,501.73,14311
IVX,20200212,0.01,0.01,0.01,0.01,5866079
IVZ,20200212,0.025,0.026,0.025,0.026,185947
IXC,20200212,1.18,1.18,1.125,1.135,150513
IXI,20200212,84.31,84.31,83.59,83.64,972
IXJ,20200212,105.88,105.89,105.31,105.61,9401
IZZ,20200212,63.01,63.09,62.77,63.09,3570
JAN,20200212,0.43,0.455,0.43,0.43,137325
JAT,20200212,0.05,0.05,0.049,0.049,217966
JAY,20200212,0.31,0.31,0.3,0.3,36146
JBH,20200212,42.3,42.92,41.82,42.57,831603
JDR,20200212,0.012,0.012,0.011,0.011,2050000
JHC,20200212,0.925,0.93,0.91,0.91,281492
JHG,20200212,39.37,40.17,39.355,40.07,417894
JHX,20200212,33.41,33.42,30.82,31.55,3557610
JIN,20200212,13.25,13.25,13.02,13.13,379765
JLG,20200212,2.75,2.75,2.56,2.58,218760
JMS,20200212,0.27,0.29,0.27,0.29,1627214
JRV,20200212,0.255,0.29,0.255,0.285,1299409
JXT,20200212,0.115,0.115,0.115,0.115,3726
JYC,20200212,1.55,1.55,1.54,1.54,11500
K2F,20200212,0.232,0.235,0.23,0.23,52873
KAI,20200212,0.01,0.01,0.009,0.009,535405
KAR,20200212,1.07,1.085,1.055,1.065,1612318
KCN,20200212,0.56,0.56,0.55,0.555,651400
KEY,20200212,0.005,0.005,0.005,0.005,1529120
KFE,20200212,0.058,0.06,0.057,0.058,301786
KGN,20200212,5.1,5.2,5.01,5.1,1220508
KIN,20200212,0.044,0.045,0.044,0.045,104031
KKC,20200212,2.45,2.47,2.45,2.45,352224
KLA,20200212,57,57,54.7,55.42,3442
KLL,20200212,0.51,0.51,0.49,0.495,184244
KMD,20200212,3.36,3.5,3.35,3.48,283891
KME,20200212,1.49,1.5,1.465,1.465,54027
KNM,20200212,0.018,0.018,0.016,0.018,2734704
KOR,20200212,0.011,0.011,0.008,0.008,2832630
KOV,20200212,4.55,4.6,4.52,4.6,4356
KPG,20200212,0.9,0.9,0.88,0.88,4450
KPO,20200212,0.04,0.041,0.04,0.04,458987
KRM,20200212,0.034,0.034,0.034,0.034,360149
KRR,20200212,0.025,0.026,0.024,0.024,1370486
KSC,20200212,1.65,1.65,1.597,1.65,11200
KSL,20200212,1.375,1.39,1.35,1.35,160400
KSN,20200212,0.185,0.19,0.18,0.185,185932
KSS,20200212,0.365,0.375,0.36,0.365,305712
KTA,20200212,0.03,0.037,0.03,0.034,7930557
KTD,20200212,0.36,0.36,0.345,0.35,485214
KTE,20200212,0.008,0.008,0.008,0.008,419719
KTG,20200212,0.18,0.18,0.175,0.175,75995
KWR,20200212,0.175,0.26,0.175,0.205,1279204
KYK,20200212,0.082,0.082,0.075,0.075,936859
KZA,20200212,0.625,0.64,0.595,0.6,19394
KZR,20200212,0.65,0.655,0.64,0.65,420115
LAU,20200212,0.35,0.355,0.35,0.355,45577
LAW,20200212,0.066,0.066,0.065,0.065,129065
LBL,20200212,0.74,0.74,0.73,0.735,34576
LBT,20200212,0.14,0.14,0.125,0.13,781513
LCK,20200212,0.13,0.13,0.115,0.115,531380
LCL,20200212,0.039,0.039,0.038,0.038,223390
LCT,20200212,0.018,0.018,0.018,0.018,5000
LEG,20200212,0.096,0.1,0.093,0.1,9848038
LEP,20200212,5.63,5.63,5.6,5.6,7800
LEX,20200212,0.18,0.18,0.18,0.18,878
LIC,20200212,9.1,9.19,9.04,9.05,44085
LIN,20200212,0.035,0.036,0.033,0.035,4652610
LIT,20200212,0.064,0.065,0.062,0.063,2737227
LKE,20200212,0.039,0.039,0.037,0.037,2046194
LLC,20200212,17.9,18.17,17.73,17.81,939322
LLO,20200212,1.975,2,1.975,2,25766
LME,20200212,1.88,1.88,1.85,1.875,14979
LMG,20200212,0.013,0.013,0.013,0.013,915442
LNG,20200212,0.12,0.12,0.105,0.11,2811832
LNK,20200212,6.44,6.53,6.42,6.48,1533856
LNU,20200212,0.024,0.025,0.023,0.023,520544
LNY,20200212,0.005,0.005,0.005,0.005,2000250
LOM,20200212,0.13,0.132,0.13,0.13,188030
LON,20200212,0.155,0.16,0.155,0.16,53770
LOT,20200212,0.049,0.05,0.048,0.05,341032
LOV,20200212,11.17,11.42,10.89,11,385105
LPD,20200212,0.013,0.013,0.013,0.013,5574983
LPE,20200212,0.525,0.525,0.505,0.515,47116
LPI,20200212,0.285,0.3,0.285,0.3,113666
LRS,20200212,0.004,0.004,0.004,0.004,25906617
LRT,20200212,4.74,4.77,4.73,4.77,344
LSF,20200212,1.43,1.46,1.425,1.435,715095
LSR,20200212,0.008,0.008,0.008,0.008,392800
LSX,20200212,0.465,0.465,0.465,0.465,4755
LVE,20200212,0.035,0.035,0.033,0.035,33209
LVH,20200212,0.205,0.21,0.2,0.2,20867
LVT,20200212,0.355,0.355,0.32,0.335,5835266
LYC,20200212,2.12,2.14,2.1,2.11,2139750
M7T,20200212,0.9,0.9,0.865,0.87,283099
MAD,20200212,1.07,1.085,1.065,1.08,22216
MAG,20200212,0.4,0.45,0.37,0.45,1646599
MAH,20200212,0.285,0.29,0.285,0.29,477535
MAI,20200212,0.675,0.675,0.645,0.645,191845
MAM,20200212,0.555,0.555,0.525,0.525,116896
MAN,20200212,0.016,0.016,0.015,0.015,356369
MAQ,20200212,27,27,26.59,26.59,849
MAT,20200212,0.135,0.137,0.13,0.135,253231
MAU,20200212,0.665,0.665,0.665,0.665,43961
MAY,20200212,0.01,0.01,0.01,0.01,300000
MBK,20200212,0.007,0.007,0.007,0.007,1466027
MCA,20200212,0.145,0.145,0.14,0.145,199073
MCP,20200212,2.93,2.96,2.89,2.95,721549
MCR,20200212,0.665,0.675,0.635,0.64,460248
MCT,20200212,0.005,0.005,0.005,0.005,1200000
MCY,20200212,5.16,5.27,5.08,5.08,19835
MDC,20200212,0.33,0.33,0.31,0.315,135931
MDI,20200212,0.005,0.005,0.005,0.005,3380000
MDR,20200212,0.535,0.565,0.535,0.55,637311
MEA,20200212,0.31,0.32,0.31,0.32,19183
MEB,20200212,0.009,0.009,0.009,0.009,210000
MEC,20200212,0.985,0.99,0.985,0.99,136077
MEI,20200212,0.026,0.026,0.024,0.024,2316395
MEL,20200212,0.042,0.042,0.042,0.042,10337
MEM,20200212,0.07,0.071,0.067,0.07,445231
MEP,20200212,0.044,0.044,0.041,0.041,121785
MEU,20200212,0.041,0.041,0.037,0.037,1873611
MEY,20200212,0.067,0.067,0.067,0.067,178831
MEZ,20200212,5.26,5.55,5.26,5.53,42012
MFD,20200212,1.11,1.11,1.105,1.105,46929
MFF,20200212,3.65,3.71,3.65,3.7,170288
MFG,20200212,71.5,72.94,71.2,72.41,657061
MGC,20200212,0.435,0.435,0.435,0.435,5000
MGE,20200212,4.36,4.36,4.33,4.33,388156
MGG,20200212,2.09,2.1,2.07,2.09,806661
MGR,20200212,3.32,3.355,3.31,3.34,12104553
MGT,20200212,0.004,0.004,0.004,0.004,100421
MGU,20200212,0.055,0.055,0.055,0.055,17716
MGV,20200212,0.096,0.107,0.096,0.102,744116
MGX,20200212,0.845,0.845,0.82,0.83,2608845
MHC,20200212,0.006,0.006,0.006,0.006,1000000
MHG,20200212,3.77,3.77,3.77,3.77,58600
MHH,20200212,1.72,1.72,1.7,1.715,691997
MHJ,20200212,0.61,0.62,0.61,0.61,39633
MIL,20200212,0.55,0.56,0.545,0.545,31250
MIN,20200212,17.71,17.91,17.56,17.6,1509409
MIR,20200212,2.65,2.66,2.61,2.61,127738
MKG,20200212,0.068,0.068,0.067,0.067,30200
MLD,20200212,0.93,0.945,0.905,0.905,250630
MLL,20200212,0.08,0.082,0.079,0.079,341618
MLM,20200212,0.013,0.013,0.013,0.013,175000
MLT,20200212,4.96,4.96,4.93,4.95,348618
MLX,20200212,0.096,0.105,0.096,0.099,5375294
MME,20200212,1.8,2,1.8,1.9,157976
MMI,20200212,0.145,0.145,0.14,0.14,766828
MMJ,20200212,0.125,0.13,0.12,0.12,457268
MML,20200212,0.75,0.76,0.74,0.74,127808
MMM,20200212,0.29,0.3,0.29,0.3,134394
MMS,20200212,12.27,12.58,12.27,12.35,231341
MND,20200212,16.5,16.73,16.31,16.42,337917
MNF,20200212,5,5.02,4.96,5,34164
MNS,20200212,0.105,0.11,0.1,0.11,422163
MNW,20200212,0.017,0.017,0.017,0.017,250000
MNY,20200212,2.62,2.72,2.62,2.7,757985
MOB,20200212,0.096,0.096,0.096,0.096,6125
MOC,20200212,1.36,1.38,1.35,1.355,162935
MOE,20200212,5.8,5.88,5.76,5.82,38573
MOH,20200212,0.11,0.13,0.09,0.091,11104088
MOT,20200212,2.09,2.1,2.07,2.07,195092
MOZ,20200212,1.645,1.68,1.625,1.68,27711
MP1,20200212,11.02,11.11,10.45,10.8,936390
MPL,20200212,3.05,3.12,3.05,3.1,7625568
MQG,20200212,148.09,148.9,147.42,148.26,1097617
MQR,20200212,0.06,0.06,0.059,0.06,124620
MRC,20200212,0.285,0.29,0.285,0.29,17785
MRM,20200212,0.155,0.155,0.155,0.155,75473
MRQ,20200212,0.011,0.013,0.01,0.013,27363354
MRZ,20200212,0.225,0.225,0.225,0.225,794
MSB,20200212,2.88,2.94,2.85,2.9,2939640
MSE,20200212,0.015,0.015,0.012,0.013,9998878
MSG,20200212,0.018,0.018,0.017,0.017,776181
MSM,20200212,0.01,0.011,0.01,0.011,1683681
MSR,20200212,0.002,0.002,0.002,0.002,19411554
MTC,20200212,0.05,0.052,0.05,0.051,784756
MTH,20200212,0.011,0.011,0.011,0.011,4015930
MTO,20200212,1.76,1.76,1.75,1.75,9901
MTS,20200212,2.68,2.75,2.67,2.72,8642792
MVA,20200212,26.27,26.76,26.27,26.65,10356
MVB,20200212,28,28,27.64,27.74,22358
MVE,20200212,30.67,30.72,30.65,30.72,2000
MVF,20200212,1,1,0.987,0.99,1191584
MVP,20200212,10.6,10.62,10.31,10.47,154273
MVR,20200212,29.78,29.78,29.65,29.71,3168
MVS,20200212,20.97,21.06,20.97,21.06,6923
MVW,20200212,32.17,32.3,32.17,32.21,50071
MWR,20200212,0.19,0.205,0.19,0.195,311983
MWY,20200212,1.66,1.66,1.58,1.6,83143
MX1,20200212,0.155,0.16,0.155,0.155,67400
MXC,20200212,0.032,0.032,0.032,0.032,379609
MXI,20200212,0.21,0.215,0.21,0.215,95665
MXT,20200212,2.02,2.03,2.02,2.02,1061874
MYE,20200212,0.94,0.99,0.94,0.99,67077
MYL,20200212,0.05,0.05,0.049,0.05,742540
MYQ,20200212,0.21,0.215,0.205,0.215,113480
MYR,20200212,0.42,0.43,0.415,0.415,474858
MYS,20200212,5.68,5.78,5.68,5.76,28628
MYX,20200212,0.42,0.43,0.42,0.42,1868976
NAB,20200212,26.15,26.28,26.05,26.13,7174545
NAC,20200212,1,1.01,1,1.01,62558
NAM,20200212,0.335,0.36,0.335,0.36,142724
NAN,20200212,7.56,7.67,7.47,7.49,753669
NBI,20200212,2.06,2.06,2.05,2.06,551062
NC6,20200212,0.064,0.064,0.064,0.064,7120
NCC,20200212,1.07,1.08,1.07,1.08,14905
NCK,20200212,8.05,8.17,7.96,7.98,235698
NCM,20200212,29.75,29.79,29.44,29.55,2474011
NCZ,20200212,0.195,0.2,0.187,0.2,2510822
NDQ,20200212,24.11,24.13,24.01,24.08,102018
NEA,20200212,1.94,1.94,1.89,1.91,4692946
NEC,20200212,1.86,1.885,1.86,1.87,2826384
NES,20200212,0.04,0.04,0.04,0.04,85543
NEU,20200212,2.94,2.94,2.84,2.87,54085
NEW,20200212,1.2,1.2,1.165,1.165,183377
NGE,20200212,0.63,0.63,0.63,0.63,12880
NGI,20200212,3.24,3.46,3.24,3.45,340418
NHC,20200212,1.93,1.93,1.89,1.9,978897
NHF,20200212,5.36,5.42,5.36,5.4,1375079
NIC,20200212,0.59,0.595,0.582,0.59,1589311
NML,20200212,0.11,0.115,0.105,0.115,449040
NMT,20200212,0.23,0.23,0.222,0.225,282113
NNW,20200212,0.067,0.07,0.067,0.07,21262
NOR,20200212,0.049,0.05,0.048,0.049,542670
NSB,20200212,0.165,0.165,0.16,0.16,78002
NSC,20200212,0.71,0.715,0.71,0.71,28957
NSR,20200212,2.17,2.19,2.16,2.17,5023249
NST,20200212,13.51,13.79,13.4,13.73,5202315
NTD,20200212,0.41,0.41,0.4,0.4,92317
NTI,20200212,0.008,0.008,0.008,0.008,20000
NTM,20200212,0.083,0.083,0.081,0.081,767483
NTO,20200212,1.69,1.952,1.69,1.83,1277962
NTU,20200212,0.043,0.043,0.041,0.041,2240106
NUC,20200212,3.45,3.47,3.39,3.42,85912
NUF,20200212,5.74,5.87,5.67,5.82,654452
NUH,20200212,0.028,0.03,0.028,0.03,861656
NUS,20200212,0.27,0.28,0.255,0.28,316411
NVA,20200212,0.038,0.042,0.038,0.041,3071042
NVL,20200212,3.66,3.67,3.66,3.67,718618
NVO,20200212,0.015,0.015,0.015,0.015,3432347
NVX,20200212,0.41,0.415,0.41,0.415,52833
NWC,20200212,0.013,0.013,0.013,0.013,160141
NWE,20200212,0.005,0.005,0.004,0.004,3040645
NWF,20200212,0.145,0.15,0.145,0.145,57988
NWH,20200212,2.99,3.02,2.94,3.01,1797962
NWL,20200212,8.1,8.18,8.07,8.13,175046
NWS,20200212,21.28,21.64,21.23,21.56,173099
NXE,20200212,0.009,0.009,0.009,0.009,7000
NXM,20200212,0.044,0.044,0.044,0.044,24161
NXS,20200212,2.24,2.39,2.24,2.28,66543
NXT,20200212,7.77,7.9,7.77,7.86,2727324
NYR,20200212,0.225,0.232,0.21,0.22,717575
NZC,20200212,0.362,0.362,0.362,0.362,282120
NZK,20200212,2.01,2.01,2.01,2.01,2000
NZM,20200212,0.375,0.375,0.37,0.375,9001
NZS,20200212,0.012,0.012,0.011,0.011,200487
OAR,20200212,0.003,0.003,0.003,0.003,2794244
OAU,20200212,0.02,0.02,0.02,0.02,1300000
OBM,20200212,0.19,0.19,0.185,0.185,107392
OCC,20200212,0.48,0.485,0.48,0.48,173974
OCL,20200212,6.33,6.4,6.3,6.34,23382
ODA,20200212,0.2,0.21,0.185,0.21,41810
OEC,20200212,0.595,0.6,0.58,0.58,56226
OEL,20200212,0.025,0.025,0.023,0.024,21526672
OFX,20200212,1.415,1.45,1.415,1.415,106451
OGA,20200212,0.12,0.12,0.12,0.12,84434
OGC,20200212,2.89,2.95,2.86,2.92,449934
OIL,20200212,0.031,0.031,0.031,0.031,6853
OKJ,20200212,0.028,0.028,0.028,0.028,68741
OKR,20200212,0.075,0.075,0.075,0.075,12000
OKU,20200212,0.23,0.245,0.23,0.235,718456
OLI,20200212,0.089,0.092,0.089,0.092,58195
OLL,20200212,0.185,0.19,0.175,0.175,796485
OMH,20200212,0.41,0.425,0.41,0.42,9767
OML,20200212,3.14,3.16,3.07,3.08,1271205
ONE,20200212,0.12,0.14,0.12,0.14,5125
ONT,20200212,6.23,6.23,6.23,6.23,400
ONX,20200212,0.066,0.066,0.066,0.066,71261
OOO,20200212,12.95,13.06,12.94,13.05,6044
OPC,20200212,4.6,4.6,4.48,4.48,6745
OPH,20200212,2.69,2.71,2.69,2.7,133881
OPL,20200212,0.13,0.13,0.115,0.115,286747
OPT,20200212,3.47,3.47,3.36,3.4,86480
OPY,20200212,1.33,1.38,1.33,1.35,764227
ORA,20200212,2.95,3.07,2.85,3.01,14708489
ORE,20200212,3.56,3.67,3.5,3.53,1119248
ORG,20200212,7.6,7.75,7.6,7.69,9929273
ORI,20200212,22.34,22.75,22.32,22.41,834541
ORN,20200212,0.02,0.02,0.02,0.02,1458701
ORR,20200212,0.42,0.42,0.42,0.42,16792
OSH,20200212,6.46,6.47,6.37,6.38,8387233
OSL,20200212,0.19,0.21,0.185,0.185,5167090
OSP,20200212,0.019,0.02,0.019,0.02,746110
OSX,20200212,0.62,0.63,0.615,0.63,56683
OTW,20200212,4.38,4.42,4.38,4.4,17984
OVH,20200212,0.305,0.31,0.295,0.31,528663
OVL,20200212,0.008,0.008,0.007,0.007,7237348
OVN,20200212,0.395,0.395,0.395,0.395,1027
OVT,20200212,0.045,0.048,0.045,0.048,63583
OZF,20200212,20.38,20.5,20.38,20.5,6121
OZG,20200212,0.175,0.175,0.175,0.175,110874
OZL,20200212,10.3,10.45,10.17,10.32,3469791
OZR,20200212,11.92,11.93,11.82,11.85,11844
PAA,20200212,0.1,0.105,0.1,0.105,312091
PAB,20200212,0.018,0.018,0.018,0.018,238888
PAC,20200212,6.27,6.28,6.2,6.25,52341
PAF,20200212,0.91,0.92,0.91,0.92,43247
PAI,20200212,1.06,1.07,1.06,1.06,180686
PAL,20200212,0.875,0.875,0.85,0.85,71576
PAN,20200212,0.23,0.232,0.225,0.23,875120
PAR,20200212,4.39,4.395,4.21,4.35,602381
PBH,20200212,5.51,5.67,5.46,5.67,403695
PBP,20200212,2.41,2.45,2.4,2.4,119216
PCG,20200212,1.575,1.575,1.45,1.455,33611
PCI,20200212,1.145,1.15,1.14,1.145,213248
PCK,20200212,0.135,0.135,0.13,0.135,916939
PCL,20200212,0.002,0.002,0.002,0.002,100000
PDI,20200212,0.007,0.007,0.007,0.007,6500
PDL,20200212,9.2,9.25,9.1,9.19,706932
PDN,20200212,0.096,0.1,0.092,0.099,5962517
PDZ,20200212,0.205,0.205,0.205,0.205,31457
PE1,20200212,1.415,1.415,1.385,1.4,90165
PEC,20200212,0.038,0.04,0.038,0.04,250000
PEK,20200212,0.039,0.041,0.039,0.039,1459600
PEN,20200212,0.165,0.175,0.165,0.175,1085517
PET,20200212,0.77,0.79,0.75,0.78,833268
PEX,20200212,0.22,0.225,0.22,0.225,72491
PFP,20200212,3.52,3.55,3.51,3.55,22730
PG1,20200212,0.14,0.14,0.13,0.13,604086
PGC,20200212,0.285,0.285,0.265,0.265,2748495
PGF,20200212,1.255,1.265,1.25,1.26,139893
PGG,20200212,2.07,2.07,2.05,2.05,289739
PGH,20200212,2.61,2.63,2.59,2.6,265801
PGI,20200212,0.029,0.029,0.026,0.026,147354
PGL,20200212,2.02,2.02,2,2.02,30490
PGM,20200212,0.02,0.02,0.019,0.019,2037667
PGR,20200212,0.11,0.11,0.11,0.11,75000
PGX,20200212,0.4,0.4,0.39,0.39,38072
PGY,20200212,0.018,0.018,0.018,0.018,32812
PIA,20200212,1.165,1.17,1.165,1.165,73037
PIC,20200212,1.06,1.075,1.06,1.075,290900
PIN,20200212,0.092,0.095,0.092,0.095,27398
PIO,20200212,0.012,0.013,0.012,0.012,2980549
PIQ,20200212,0.28,0.29,0.28,0.29,12460
PKO,20200212,0.014,0.014,0.014,0.014,50000
PKS,20200212,0.155,0.155,0.145,0.155,144272
PL8,20200212,1.185,1.19,1.18,1.19,374712
PLL,20200212,0.125,0.125,0.12,0.12,383013
PLS,20200212,0.32,0.33,0.31,0.32,9506923
PLX,20200212,0.65,0.69,0.65,0.69,17760
PM1,20200212,0.02,0.02,0.019,0.019,8760845
PM8,20200212,0.2,0.205,0.185,0.19,831660
PMC,20200212,1.53,1.53,1.505,1.525,770517
PME,20200212,27.5,27.86,27.12,27.3,381524
PMV,20200212,20.24,20.67,20.22,20.44,104941
PNC,20200212,1.745,1.745,1.74,1.745,149999
PNI,20200212,5.98,6.26,5.93,6.19,750462
PNR,20200212,0.1,0.105,0.1,0.105,2327272
PNV,20200212,3.03,3.14,2.95,2.97,6882816
PNX,20200212,0.006,0.008,0.006,0.007,9162616
PO3,20200212,2.95,2.95,2.75,2.85,9242
POD,20200212,0.037,0.037,0.037,0.037,67028
POS,20200212,0.036,0.037,0.035,0.035,1593404
POU,20200212,18.91,18.91,18.84,18.84,1142
PPC,20200212,1.39,1.39,1.35,1.39,12991
PPE,20200212,3.8,3.9,3.78,3.85,80321
PPG,20200212,0.11,0.112,0.11,0.112,108818
PPH,20200212,4.35,4.66,4.33,4.54,847722
PPK,20200212,6.6,6.62,6.4,6.41,17032
PPS,20200212,0.46,0.465,0.45,0.46,2281708
PPT,20200212,43,44.26,42.86,44.22,265833
PPY,20200212,0.014,0.014,0.014,0.014,109400
PRM,20200212,0.002,0.002,0.002,0.002,1638806
PRN,20200212,1.52,1.57,1.475,1.48,3726725
PRO,20200212,0.785,0.8,0.785,0.8,7521
PRT,20200212,0.155,0.16,0.155,0.16,231227
PRU,20200212,1.155,1.17,1.14,1.16,4328441
PRX,20200212,0.06,0.062,0.052,0.058,529552
PSA,20200212,0.056,0.056,0.056,0.056,45980
PSI,20200212,3.25,3.26,3.2,3.25,69340
PSQ,20200212,1.85,1.85,1.85,1.85,2000
PSZ,20200212,0.026,0.026,0.026,0.026,124149
PTB,20200212,0.82,0.82,0.79,0.795,669305
PTL,20200212,0.315,0.315,0.315,0.315,2989
PTM,20200212,4.7,4.77,4.68,4.77,1254578
PTR,20200212,0.071,0.071,0.06,0.06,813856
PTX,20200212,0.049,0.05,0.047,0.047,1653362
PUA,20200212,0.01,0.012,0.01,0.012,580472
PVL,20200212,0.074,0.074,0.074,0.074,32993
PVS,20200212,1.55,1.62,1.5,1.62,28027
PWG,20200212,1.46,1.465,1.425,1.445,929591
PWH,20200212,4.72,4.91,4.72,4.84,66106
PWL,20200212,0.175,0.175,0.175,0.175,10489
PWN,20200212,0.006,0.007,0.006,0.007,5725670
PXS,20200212,0.12,0.12,0.105,0.11,548293
PXX,20200212,0.032,0.032,0.03,0.031,372102
PYC,20200212,0.062,0.062,0.062,0.062,169618
PYG,20200212,0.66,0.66,0.65,0.65,35000
QAN,20200212,6.36,6.495,6.36,6.47,7320361
QAU,20200212,15.75,15.76,15.72,15.74,18392
QBE,20200212,14.18,14.35,14.12,14.28,5307955
QCB,20200212,7.63,7.66,7.62,7.62,1500
QEM,20200212,0.09,0.09,0.09,0.09,2653
QFE,20200212,0.33,0.34,0.33,0.33,214294
QFN,20200212,11.34,11.42,11.34,11.41,18474
QFY,20200212,0.003,0.004,0.003,0.003,615072
QGL,20200212,0.051,0.052,0.05,0.05,55572
QHL,20200212,0.135,0.14,0.132,0.14,1073743
QIP,20200212,1.29,1.295,1.28,1.28,35710
QOZ,20200212,14.17,14.24,14.17,14.22,19255
QRE,20200212,6.5,6.5,6.47,6.47,14277
QRI,20200212,1.635,1.635,1.62,1.63,261602
QTM,20200212,0.04,0.04,0.038,0.04,1496774
QUB,20200212,3.46,3.5,3.455,3.49,3508066
QUS,20200212,40.92,40.92,40.86,40.89,1378
QVE,20200212,1.035,1.035,1.02,1.035,401100
RAC,20200212,0.275,0.275,0.27,0.27,229656
RAN,20200212,0.015,0.016,0.015,0.015,1177000
RAP,20200212,0.245,0.25,0.245,0.25,354871
RBL,20200212,1.155,1.345,1.14,1.215,903497
RBR,20200212,0.013,0.013,0.013,0.013,1073599
RCB,20200212,20.85,20.85,20.79,20.79,11130
RCE,20200212,0.415,0.425,0.407,0.41,564622
RCL,20200212,0.35,0.35,0.34,0.34,25000
RCT,20200212,2.38,2.46,2.37,2.46,80095
RDC,20200212,1.13,1.13,1.12,1.125,134920
RDF,20200212,0.615,0.62,0.6,0.62,35201
RDG,20200212,0.017,0.017,0.017,0.017,10464
RDM,20200212,0.09,0.09,0.088,0.088,52136
RDN,20200212,0.006,0.007,0.006,0.007,241513
RDS,20200212,0.007,0.008,0.007,0.008,153372
RDV,20200212,30.7,30.87,30.7,30.82,9715
RDY,20200212,2.12,2.12,2.09,2.12,33738
REA,20200212,114.44,115.5,112.6,113.03,263869
RED,20200212,0.29,0.295,0.285,0.29,1119710
REE,20200212,0.036,0.036,0.035,0.035,651259
REG,20200212,2.34,2.4,2.34,2.35,251939
REH,20200212,11.42,11.74,11.31,11.48,77499
RES,20200212,0.08,0.08,0.075,0.08,85015
REX,20200212,1.065,1.075,1.06,1.075,62620
RF1,20200212,2.65,2.68,2.64,2.68,212767
RFF,20200212,1.92,1.99,1.91,1.985,1145117
RFG,20200212,0.105,0.105,0.1,0.105,131556
RFR,20200212,0.12,0.12,0.12,0.12,300000
RFT,20200212,0.041,0.041,0.041,0.041,50833
RFX,20200212,0.042,0.044,0.042,0.044,384697
RGB,20200212,23.2,23.2,23.17,23.17,2115
RGI,20200212,0.12,0.12,0.12,0.12,20000
RGL,20200212,0.01,0.01,0.01,0.01,1473795
RGS,20200212,0.062,0.062,0.061,0.061,46940
RHC,20200212,80.11,80.93,79.85,79.91,299018
RHP,20200212,2.09,2.14,2.07,2.13,140900
RHT,20200212,0.195,0.2,0.19,0.195,389046
RHY,20200212,0.092,0.092,0.092,0.092,19000
RIC,20200212,1,1.01,0.995,0.995,129158
RIE,20200212,0.015,0.015,0.015,0.015,15000
RIO,20200212,98.88,98.88,97.13,97.5,1406169
RKN,20200212,0.665,0.67,0.63,0.63,36443
RLE,20200212,0.025,0.025,0.024,0.025,1375220
RLG,20200212,0.028,0.028,0.028,0.028,428678
RLT,20200212,1.31,1.32,1.3,1.3,33740
RMC,20200212,1.42,1.44,1.42,1.43,100871
RMD,20200212,25.84,25.94,25.79,25.89,643098
RML,20200212,0.065,0.069,0.064,0.068,972351
RMP,20200212,0.012,0.013,0.012,0.013,551804
RMS,20200212,1.26,1.26,1.232,1.25,2923699
RMY,20200212,0.61,0.65,0.6,0.64,872369
RND,20200212,2.25,2.25,2.24,2.24,2150
RNO,20200212,0.162,0.162,0.16,0.16,951285
RNT,20200212,0.054,0.054,0.054,0.054,20000
RNU,20200212,0.01,0.011,0.01,0.011,360000
ROG,20200212,0.002,0.002,0.002,0.002,1000000
ROO,20200212,0.04,0.04,0.036,0.036,444667
RPM,20200212,0.185,0.185,0.18,0.18,181073
RRL,20200212,4.32,4.37,4.29,4.35,2124002
RSG,20200212,1.12,1.145,1.105,1.135,6775996
RSH,20200212,0.082,0.085,0.082,0.085,842753
RSM,20200212,21.45,21.45,21.45,21.45,529
RTG,20200212,0.088,0.088,0.088,0.088,25000
RTR,20200212,0.087,0.087,0.085,0.085,883977
RUL,20200212,1.1,1.1,1.08,1.08,192716
RVR,20200212,0.105,0.107,0.102,0.102,514106
RWC,20200212,4.64,4.71,4.63,4.69,1326254
RXL,20200212,0.027,0.027,0.027,0.027,1235586
RXM,20200212,0.06,0.061,0.06,0.06,130133
RXP,20200212,0.455,0.46,0.44,0.445,308587
RYD,20200212,1.495,1.495,1.495,1.495,900
RZI,20200212,0.965,0.965,0.96,0.96,148693
S2R,20200212,0.098,0.1,0.095,0.095,107071
S32,20200212,2.6,2.62,2.54,2.55,17718561
S66,20200212,0.55,0.55,0.55,0.55,10500
SAR,20200212,4.11,4.16,4.07,4.12,6479806
SAU,20200212,0.16,0.16,0.16,0.16,720
SBM,20200212,2.76,2.77,2.72,2.75,2512496
SBR,20200212,0.002,0.002,0.002,0.002,14208895
SBW,20200212,0.14,0.15,0.14,0.15,77693
SCG,20200212,3.89,3.93,3.87,3.9,13610257
SCI,20200212,0.008,0.008,0.008,0.008,200000
SCL,20200212,0.017,0.017,0.015,0.015,1611876
SCN,20200212,0.025,0.025,0.024,0.025,900000
SCP,20200212,3.09,3.11,3.08,3.11,13669911
SCU,20200212,0.015,0.015,0.015,0.015,51250
SDF,20200212,4,4.05,3.985,4.01,1890864
SDG,20200212,1.775,1.775,1.755,1.77,1878
SDI,20200212,0.865,0.865,0.855,0.865,22765
SDV,20200212,0.745,0.885,0.745,0.875,2023340
SE1,20200212,0.012,0.012,0.009,0.012,6589292
SEC,20200212,1.835,1.835,1.78,1.78,43437
SEI,20200212,0.037,0.037,0.037,0.037,256674
SEK,20200212,23.01,23.46,22.98,23.36,926651
SEN,20200212,0.066,0.066,0.066,0.066,187204
SER,20200212,0.004,0.004,0.004,0.004,1401349
SES,20200212,0.084,0.084,0.078,0.078,19172
SFC,20200212,16.5,16.5,16.25,16.25,3273
SFG,20200212,0.071,0.071,0.07,0.071,276178
SFR,20200212,5.25,5.25,5.13,5.24,967956
SFX,20200212,0.165,0.167,0.145,0.15,2088960
SFY,20200212,65,65.21,64.98,65.02,6101
SGC,20200212,0.035,0.035,0.031,0.031,198447
SGF,20200212,2.22,2.3,2.22,2.29,115785
SGH,20200212,1.025,1.04,1.015,1.015,13909
SGM,20200212,10.89,10.94,10.67,10.72,544796
SGP,20200212,5.01,5.03,4.98,5,5699128
SGQ,20200212,0.115,0.12,0.115,0.12,223776
SGR,20200212,4.22,4.24,4.19,4.21,2045904
SHJ,20200212,0.925,0.93,0.905,0.905,441845
SHL,20200212,32,32.07,31.67,31.72,1284211
SHM,20200212,0.72,0.75,0.72,0.725,42821
SHV,20200212,9.06,9.22,8.92,9.1,331429
SI6,20200212,0.003,0.003,0.003,0.003,6705170
SIG,20200212,0.6,0.605,0.595,0.6,624752
SIL,20200212,0.043,0.043,0.043,0.043,5181
SIO,20200212,0.385,0.385,0.385,0.385,2983
SIQ,20200212,6.79,6.91,6.735,6.89,2061346
SIS,20200212,0.014,0.014,0.012,0.012,632594
SIT,20200212,0.06,0.06,0.059,0.059,172765
SIV,20200212,0.62,0.62,0.62,0.62,24044
SKC,20200212,3.44,3.49,3.42,3.45,307532
SKF,20200212,0.19,0.19,0.19,0.19,20200
SKI,20200212,2.15,2.18,2.135,2.17,3642057
SKN,20200212,0.01,0.01,0.01,0.01,55000
SKO,20200212,4.79,4.84,4.76,4.77,31805
SKT,20200212,0.61,0.61,0.57,0.57,115086
SKY,20200212,0.235,0.315,0.235,0.28,8949254
SLC,20200212,0.86,0.875,0.86,0.86,444831
SLF,20200212,14.85,14.96,14.85,14.91,45192
SLK,20200212,4.02,4.13,3.98,4.01,1179847
SLM,20200212,0.82,0.82,0.82,0.82,3364
SLR,20200212,1.68,1.76,1.665,1.73,9910728
SLX,20200212,0.39,0.39,0.36,0.36,13229
SLZ,20200212,0.074,0.078,0.071,0.078,205618
SM1,20200212,7.83,8.05,7.8,8.05,59301
SM8,20200212,0.058,0.059,0.058,0.059,210000
SMD,20200212,0.005,0.005,0.005,0.005,1824625
SMI,20200212,0.004,0.004,0.004,0.004,8665992
SMN,20200212,0.79,0.805,0.79,0.795,43850
SMP,20200212,0.695,0.72,0.68,0.72,670797
SMR,20200212,0.935,0.935,0.915,0.925,84031
SMX,20200212,0.38,0.38,0.37,0.37,34950
SNC,20200212,0.83,0.835,0.825,0.83,133963
SNL,20200212,4.14,4.14,4.01,4.01,9950
SNS,20200212,0.135,0.135,0.135,0.135,96996
SNZ,20200212,8.49,8.74,8.49,8.74,36688
SO4,20200212,0.635,0.635,0.615,0.615,213487
SOL,20200212,20.92,21.08,20.78,21.05,363948
SOM,20200212,3.26,3.3,3.26,3.3,201049
SOP,20200212,0.045,0.045,0.045,0.045,250000
SOR,20200212,0.076,0.076,0.076,0.076,122795
SP3,20200212,0.105,0.105,0.1,0.1,247656
SPK,20200212,4.57,4.61,4.54,4.55,788654
SPL,20200212,1.135,1.152,1.125,1.13,332699
SPT,20200212,0.51,0.52,0.49,0.505,1241460
SPX,20200212,0.13,0.135,0.13,0.13,20907681
SPY,20200212,500,500,499.33,499.4,62
SPZ,20200212,0.23,0.23,0.225,0.225,3922
SRG,20200212,0.375,0.375,0.36,0.362,159147
SRI,20200212,0.064,0.064,0.064,0.064,29794
SRK,20200212,0.05,0.051,0.05,0.051,96121
SRV,20200212,4.23,4.23,4.01,4.18,22569
SSG,20200212,0.665,0.67,0.65,0.665,40200
SSM,20200212,2.35,2.35,2.25,2.27,6162358
ST1,20200212,0.18,0.19,0.18,0.185,29939
STA,20200212,0.12,0.125,0.12,0.125,87542
STG,20200212,1.35,1.35,1.2,1.25,31601
STM,20200212,0.01,0.011,0.01,0.011,2374216
STN,20200212,0.45,0.455,0.45,0.45,137216
STO,20200212,8.3,8.33,8.11,8.13,4263583
STW,20200212,65.45,65.58,65.33,65.52,113300
STX,20200212,0.175,0.18,0.17,0.175,4061472
SUD,20200212,0.055,0.055,0.055,0.055,48444
SUL,20200212,9.01,9.18,9.01,9.1,1322553
SUN,20200212,12.3,12.44,12.28,12.42,4238731
SUP,20200212,0.011,0.011,0.01,0.011,1240343
SVL,20200212,0.1,0.102,0.099,0.099,2313943
SVM,20200212,0.135,0.135,0.13,0.135,2127716
SVW,20200212,19.5,19.76,19.46,19.67,1082389
SVY,20200212,0.69,0.705,0.685,0.7,136862
SW1,20200212,0.076,0.076,0.075,0.075,32646
SWF,20200212,0.155,0.165,0.152,0.16,1356682
SWK,20200212,0.17,0.175,0.17,0.175,101508
SWM,20200212,0.25,0.257,0.245,0.25,1420776
SXA,20200212,0.06,0.06,0.06,0.06,85000
SXE,20200212,0.61,0.615,0.605,0.615,43374
SXL,20200212,0.82,0.832,0.81,0.815,1754198
SXY,20200212,0.315,0.33,0.315,0.325,2499407
SYA,20200212,0.014,0.014,0.012,0.013,9519823
SYD,20200212,8.51,8.62,8.51,8.54,5674213
SYI,20200212,30.03,30.16,30.03,30.16,1677
SYR,20200212,0.54,0.58,0.535,0.57,3175906
SZL,20200212,1.83,1.89,1.81,1.825,116953
TAH,20200212,4.65,4.68,4.61,4.64,3042386
TAM,20200212,0.041,0.047,0.041,0.046,2089555
TAO,20200212,0.07,0.07,0.07,0.07,73682
TAP,20200212,0.105,0.11,0.105,0.11,73422
TAS,20200212,0.041,0.041,0.041,0.041,14958
TBR,20200212,4.76,5.12,4.75,5.1,79375
TCL,20200212,16.3,16.36,16.02,16.04,4872653
TD1,20200212,0.037,0.037,0.036,0.036,4165059
TDI,20200212,1.695,1.71,1.685,1.685,60000
TDL,20200212,0.022,0.022,0.022,0.022,3300
TEG,20200212,0.045,0.047,0.045,0.047,110000
TEK,20200212,0.275,0.275,0.27,0.27,164007
TER,20200212,0.29,0.29,0.29,0.29,112949
TFL,20200212,0.12,0.125,0.12,0.125,69755
TGA,20200212,0.215,0.215,0.205,0.205,608843
TGF,20200212,1.75,1.775,1.735,1.77,120789
TGG,20200212,1.355,1.36,1.345,1.35,243451
TGH,20200212,0.15,0.155,0.15,0.155,3169984
TGM,20200212,0.215,0.235,0.21,0.235,63129
TGO,20200212,0.105,0.105,0.1,0.1,48861
TGP,20200212,1.11,1.11,1.095,1.11,27873
TGR,20200212,4.16,4.61,4.14,4.61,3416120
THC,20200212,0.38,0.385,0.375,0.375,76638
THR,20200212,0.006,0.006,0.006,0.006,1000000
TIE,20200212,0.305,0.305,0.295,0.295,320893
TIG,20200212,0.009,0.009,0.009,0.009,104709
TIN,20200212,0.083,0.083,0.083,0.083,1791
TIP,20200212,0.655,0.655,0.65,0.65,31301
TKL,20200212,0.007,0.007,0.007,0.007,32658
TKM,20200212,0.02,0.02,0.02,0.02,22000
TLG,20200212,0.435,0.45,0.435,0.44,114762
TLM,20200212,0.08,0.08,0.08,0.08,228684
TLS,20200212,3.87,3.885,3.81,3.82,29916592
TLT,20200212,3.27,3.27,3.26,3.26,638
TLX,20200212,1.465,1.475,1.44,1.455,281182
TMG,20200212,0.052,0.052,0.052,0.052,10193
TMK,20200212,0.008,0.009,0.008,0.009,875000
TMR,20200212,0.195,0.21,0.195,0.21,250537
TMT,20200212,0.115,0.115,0.11,0.11,86595
TNE,20200212,8.9,8.96,8.645,8.71,1337611
TNG,20200212,0.084,0.085,0.083,0.084,135039
TNP,20200212,0.009,0.009,0.009,0.009,6579
TNT,20200212,0.08,0.083,0.076,0.079,8555490
TNY,20200212,1.64,1.64,1.45,1.52,405651
TON,20200212,0.036,0.036,0.035,0.035,95976
TOP,20200212,0.655,0.655,0.645,0.65,157367
TOT,20200212,1.06,1.06,1.055,1.06,140075
TOU,20200212,0.065,0.067,0.065,0.067,38235
TPM,20200212,7.3,7.45,7.265,7.31,1295873
TPP,20200212,0.069,0.069,0.069,0.069,15000
TPW,20200212,4.12,4.25,4,4.04,194277
TRS,20200212,4.45,4.54,4.36,4.4,85384
TRY,20200212,0.092,0.092,0.09,0.09,363254
TSC,20200212,0.008,0.008,0.008,0.008,11079047
TSL,20200212,0.04,0.04,0.039,0.039,541989
TSO,20200212,0.03,0.035,0.027,0.031,19129077
TTB,20200212,0.7,0.755,0.695,0.755,37983
TTM,20200212,0.117,0.13,0.115,0.12,431246
TTT,20200212,0.89,0.93,0.85,0.88,420506
TWD,20200212,3.43,3.43,3.43,3.43,1500
TWE,20200212,11.78,11.91,11.64,11.86,7247022
TWR,20200212,0.675,0.675,0.675,0.675,771
TYM,20200212,0.03,0.03,0.03,0.03,53617
TYR,20200212,4.53,4.53,4.29,4.37,1621340
TZN,20200212,0.039,0.039,0.039,0.039,50000
UBA,20200212,23.41,23.46,23.39,23.46,3642
UBE,20200212,24.98,24.98,24.98,24.98,366
UBI,20200212,0.18,0.18,0.18,0.18,377756
UBJ,20200212,27.22,27.22,27.22,27.22,440
UBN,20200212,0.062,0.062,0.062,0.062,165991
UBP,20200212,30.48,30.51,30.48,30.51,2711
UBW,20200212,32.29,32.33,32.26,32.31,3022
UCM,20200212,0.37,0.4,0.34,0.385,2703103
UCW,20200212,0.225,0.225,0.215,0.215,27001
UNL,20200212,0.041,0.041,0.041,0.041,20000
UNV,20200212,0.24,0.24,0.235,0.24,574920
UOS,20200212,0.84,0.84,0.84,0.84,19517
URF,20200212,0.46,0.46,0.43,0.43,524613
URW,20200212,10.1,10.27,10.02,10.22,609420
USD,20200212,14.48,14.48,14.43,14.44,56415
UUV,20200212,0.002,0.002,0.001,0.002,773916
UWL,20200212,1.55,1.6,1.545,1.575,234013
VAE,20200212,71.67,72,71.43,71.86,4938
VAF,20200212,52.46,52.47,52.36,52.38,54280
VAH,20200212,0.13,0.135,0.125,0.135,378399
VAL,20200212,0.002,0.002,0.002,0.002,3750000
VAN,20200212,0.14,0.14,0.12,0.12,481091
VAP,20200212,95.34,96,95.29,96,78546
VAR,20200212,0.026,0.029,0.026,0.028,700000
VAS,20200212,89.57,89.78,89.45,89.66,79081
VBS,20200212,0.575,0.575,0.575,0.575,26172
VCF,20200212,51.1,51.4,51.01,51.07,34413
VCX,20200212,2.54,2.57,2.52,2.53,7144584
VEA,20200212,1.715,1.72,1.695,1.695,1966640
VEN,20200212,0.14,0.14,0.14,0.14,135799
VEQ,20200212,62.5,62.71,62.15,62.44,4459
VEU,20200212,79.96,80.7,79.8,80.24,26413
VG1,20200212,2.28,2.31,2.28,2.29,246355
VG8,20200212,2.28,2.31,2.28,2.3,254077
VGB,20200212,53.46,53.46,53.35,53.35,11000
VGE,20200212,72.8,73.05,72.58,73.05,9055
VGI,20200212,12.45,12.5,12.3,12.3,5901
VGL,20200212,3.09,3.1,3.06,3.09,6255
VGS,20200212,87.25,87.26,86.86,87.03,46332
VHT,20200212,1.795,1.82,1.765,1.8,259395
VHY,20200212,62.37,62.49,62.31,62.4,60488
VIF,20200212,51.14,51.14,51,51.05,11776
VKA,20200212,0.01,0.01,0.01,0.01,14403
VLC,20200212,72.55,72.55,72.24,72.48,2015
VLT,20200212,0.29,0.29,0.265,0.285,143787
VMC,20200212,0.19,0.195,0.185,0.185,283468
VMG,20200212,0.001,0.001,0.001,0.001,201175
VML,20200212,0.009,0.009,0.009,0.009,158996
VMS,20200212,0.014,0.014,0.014,0.014,1619137
VMT,20200212,0.285,0.295,0.28,0.295,135555
VMX,20200212,0.285,0.285,0.285,0.285,12500
VMY,20200212,0.044,0.044,0.042,0.042,277300
VN8,20200212,0.11,0.11,0.11,0.11,39053
VOC,20200212,3.42,3.45,3.39,3.41,1424419
VOR,20200212,0.007,0.007,0.007,0.007,3836666
VPR,20200212,0.001,0.001,0.001,0.001,5000000
VR1,20200212,0.021,0.023,0.02,0.023,533820
VR8,20200212,0.024,0.024,0.023,0.023,1189748
VRC,20200212,0.012,0.013,0.012,0.012,913810
VRL,20200212,3.97,3.99,3.94,3.99,54642
VRS,20200212,0.067,0.067,0.065,0.065,732632
VRT,20200212,4.25,4.36,4.25,4.36,80135
VRX,20200212,0.105,0.105,0.1,0.1,413204
VSO,20200212,62.14,62.5,62.14,62.3,4593
VTG,20200212,1.215,1.23,1.21,1.23,284360
VTH,20200212,0.78,0.79,0.78,0.79,27972
VTI,20200212,0.039,0.043,0.038,0.043,133589
VTS,20200212,254.21,254.27,253.3,253.8,12103
VUK,20200212,3.52,3.61,3.49,3.57,4369336
VUL,20200212,0.25,0.27,0.23,0.255,440923
VVA,20200212,2.87,2.89,2.85,2.89,21667
VVR,20200212,2.76,2.8,2.75,2.77,1130051
VXR,20200212,0.09,0.097,0.09,0.097,228618
WAA,20200212,1.085,1.095,1.085,1.09,21976
WAF,20200212,0.49,0.505,0.485,0.5,1962414
WAM,20200212,2.31,2.33,2.31,2.32,469040
WAT,20200212,2.25,2.25,2.25,2.25,329
WAX,20200212,1.455,1.465,1.45,1.46,98746
WBC,20200212,25.25,25.3,25.16,25.25,8351876
WBE,20200212,0.008,0.009,0.008,0.009,548114
WBT,20200212,0.39,0.39,0.38,0.38,43875
WEB,20200212,12.34,12.63,12.3,12.62,556882
WEC,20200212,0.076,0.08,0.076,0.08,26111
WEL,20200212,0.05,0.05,0.044,0.044,869945
WES,20200212,46.22,46.22,45.23,45.39,1970574
WGB,20200212,2.27,2.28,2.26,2.27,294328
WGN,20200212,1.87,1.9,1.865,1.88,199674
WGO,20200212,0.195,0.202,0.19,0.2,297379
WGX,20200212,2.19,2.24,2.18,2.22,382795
WHC,20200212,2.53,2.56,2.49,2.52,4165824
WHF,20200212,5.39,5.45,5.35,5.45,31977
WHK,20200212,0.072,0.073,0.069,0.069,857538
WIC,20200212,1.1,1.11,1.1,1.11,30000
WJA,20200212,0.12,0.12,0.115,0.115,20493
WKT,20200212,0.185,0.185,0.185,0.185,39399
WLD,20200212,0.064,0.064,0.064,0.064,47191
WLE,20200212,1.295,1.305,1.295,1.3,856614
WMI,20200212,1.52,1.565,1.52,1.535,251065
WML,20200212,0.015,0.015,0.012,0.014,630186
WNB,20200212,0.004,0.005,0.004,0.005,3175620
WND,20200212,0.93,0.94,0.93,0.94,35957
WOR,20200212,14.4,14.54,14.38,14.5,996802
WOW,20200212,43.22,43.46,43.04,43.05,1788783
WPL,20200212,33.95,34.17,33.71,33.86,2147057
WPP,20200212,0.545,0.56,0.54,0.55,209083
WQG,20200212,1.28,1.28,1.27,1.27,148785
WRM,20200212,0.004,0.004,0.004,0.004,1997816
WSA,20200212,2.52,2.55,2.49,2.52,1606823
WSI,20200212,0.021,0.022,0.021,0.021,859792
WSP,20200212,1.42,1.452,1.42,1.43,148173
WTC,20200212,28.31,28.75,28.03,28.31,915980
WTL,20200212,0.04,0.04,0.04,0.04,20000
WWG,20200212,0.165,0.165,0.15,0.15,125185
WWI,20200212,0.016,0.016,0.014,0.014,2800499
WZR,20200212,0.31,0.32,0.305,0.32,5920919
XCD,20200212,0.01,0.01,0.01,0.01,668700
XF1,20200212,0.25,0.255,0.23,0.255,193287
XPL,20200212,0.11,0.11,0.1,0.1,345839
XRF,20200212,0.24,0.24,0.235,0.235,115910
XRO,20200212,87.74,89.17,86.99,87.4,523345
XTC,20200212,0.002,0.002,0.002,0.002,40048933
XTD,20200212,0.039,0.039,0.039,0.039,511
XTE,20200212,0.5,0.53,0.5,0.502,87824
YAL,20200212,2.87,2.88,2.87,2.87,2470
YBR,20200212,0.084,0.084,0.084,0.084,900
YOJ,20200212,0.048,0.048,0.046,0.046,628780
YPB,20200212,0.003,0.004,0.003,0.004,125000
Z1P,20200212,4.1,4.14,4.02,4.06,2026821
ZEL,20200212,4.22,4.28,4.21,4.26,42220
ZEN,20200212,0.755,0.8,0.75,0.76,859553
ZGL,20200212,0.105,0.105,0.105,0.105,13586
ZIM,20200212,12.5,12.5,12.45,12.45,1374
ZLD,20200212,0.057,0.058,0.057,0.057,561185
ZMI,20200212,0.061,0.066,0.061,0.066,53000
ZNC,20200212,0.051,0.051,0.051,0.051,100000
ZNO,20200212,1.24,1.515,1.24,1.48,7093177
XAF,20200212,6944.7,6987.9,6942.3,6976.4,0
XAO,20200212,7151.4,7194.6,7151.2,7185.3,0
XAT,20200212,6995.8,7039.1,6994.1,7029.3,0
XDJ,20200212,2847.4,2873.3,2847.4,2860.8,0
XEC,20200212,1591.6,1598,1591.5,1596.7,0
XEJ,20200212,10998.3,11047.1,10959.9,10959.9,0
XFJ,20200212,6267,6391.1,6267,6379,0
XFL,20200212,7002.5,7044.5,7002.3,7032.2,0
XGD,20200212,7185.9,7214.7,7125.7,7201.2,0
XHJ,20200212,47084.1,47784.5,46655.2,47272.9,0
XIJ,20200212,1597.5,1607.5,1578.1,1588.9,0
XJO,20200212,7055.3,7098.6,7055.1,7088.2,0
XJR,20200212,4862.1,4871.9,4834.9,4851,0
XKO,20200212,7008.6,7051.7,7008.6,7041.7,0
XMD,20200212,7609.1,7659.6,7609.1,7643.4,0
XMJ,20200212,13945.4,14004.7,13843.1,13895.4,0
XMM,20200212,4494.6,4504.3,4465.1,4488.1,0
XNJ,20200212,7208.3,7210,7162.8,7168.3,0
XPJ,20200212,1689.4,1699.7,1689.2,1695.4,0
XSJ,20200212,13473.3,13538.3,13434.2,13494.2,0
XSO,20200212,3023.5,3049.9,3022.4,3049.1,0
XTJ,20200212,1368.2,1378.8,1356.8,1359.2,0
XTL,20200212,3913.7,3943.6,3913.7,3936.4,0
XTO,20200212,5850,5884.8,5850,5875,0
XUJ,20200212,8134.5,8159.6,8079.7,8119,0
XXJ,20200212,6989.8,7128.3,6989.8,7114.8,0
