360,20200423,1.87,2,1.8,1.8,51177
14D,20200423,0.115,0.115,0.115,0.115,15853
1AD,20200423,0.06,0.06,0.05,0.05,864291
1ST,20200423,0.035,0.037,0.033,0.034,1088463
2BE,20200423,0.095,0.1,0.095,0.095,56000
3DA,20200423,0.16,0.16,0.14,0.14,131270
3DP,20200423,0.036,0.036,0.036,0.036,92523
3PL,20200423,0.8,0.82,0.79,0.815,50418
4DS,20200423,0.04,0.04,0.038,0.038,1140840
5GN,20200423,0.915,0.96,0.87,0.87,526370
88E,20200423,0.005,0.005,0.005,0.005,15559658
8CO,20200423,0.061,0.061,0.06,0.06,132400
8IH,20200423,0.1,0.1,0.1,0.1,17000
9SP,20200423,0.014,0.014,0.013,0.013,1175000
A1G,20200423,0.125,0.125,0.115,0.115,47250
A1M,20200423,0.27,0.27,0.265,0.27,73185
A2B,20200423,0.635,0.645,0.62,0.62,20767
A2M,20200423,18.82,18.89,18.46,18.59,3354675
A3D,20200423,0.095,0.096,0.095,0.096,19000
A4N,20200423,0.13,0.13,0.125,0.125,112252
AAA,20200423,50.1,50.1,50.09,50.1,60051
AAC,20200423,1.085,1.1,1.065,1.1,312219
AAJ,20200423,0.002,0.002,0.002,0.002,400000
AAR,20200423,0.135,0.14,0.135,0.14,88633
ABA,20200423,4.48,4.52,4.39,4.52,5079
ABC,20200423,2.34,2.37,2.29,2.32,1880195
ABP,20200423,2.44,2.57,2.39,2.41,3037856
ABR,20200423,0.34,0.395,0.335,0.39,1111369
ABV,20200423,0.029,0.029,0.025,0.025,457499
ABX,20200423,0.081,0.081,0.081,0.081,3000
AC8,20200423,0.195,0.195,0.185,0.19,431933
ACB,20200423,0.01,0.011,0.01,0.011,163386
ACQ,20200423,0.87,0.87,0.85,0.85,57402
ACW,20200423,0.021,0.022,0.02,0.02,2679837
AD8,20200423,4.94,5.2,4.65,4.73,315459
ADD,20200423,0.019,0.019,0.016,0.016,150000
ADH,20200423,1.16,1.22,1.11,1.145,1192346
ADI,20200423,2.05,2.12,2.04,2.05,85476
ADN,20200423,0.04,0.04,0.039,0.04,2207278
ADO,20200423,0.023,0.024,0.022,0.024,1585733
ADR,20200423,0.03,0.03,0.028,0.03,194558
ADT,20200423,1.21,1.23,1.16,1.2,118242
ADV,20200423,0.004,0.004,0.003,0.004,3931215
ADX,20200423,0.005,0.006,0.005,0.006,1000000
ADY,20200423,0.005,0.005,0.005,0.005,10000
AEE,20200423,0.003,0.003,0.003,0.003,11174999
AEF,20200423,3.6,3.8,3.6,3.63,58337
AEG,20200423,1.11,1.12,1.11,1.12,101885
AEI,20200423,0.53,0.575,0.53,0.575,434303
AEV,20200423,0.008,0.008,0.007,0.007,90950
AFG,20200423,1.37,1.43,1.36,1.415,341463
AFI,20200423,5.73,5.76,5.69,5.71,296019
AFL,20200423,0.145,0.16,0.145,0.16,37004
AFP,20200423,3.85,3.85,3.85,3.85,106
AFR,20200423,0.02,0.02,0.02,0.02,25000
AGD,20200423,0.165,0.165,0.155,0.155,47250
AGE,20200423,0.002,0.002,0.002,0.002,91168
AGG,20200423,7.64,7.98,7.64,7.8,17976
AGH,20200423,0.35,0.36,0.335,0.335,304854
AGI,20200423,0.42,0.43,0.41,0.41,47954
AGJ,20200423,0.022,0.022,0.022,0.022,5435
AGL,20200423,17.71,17.73,17,17.19,2551807
AGM,20200423,1.5,1.5,1.5,1.5,32276
AGY,20200423,0.04,0.04,0.038,0.038,407782
AHF,20200423,0.085,0.088,0.081,0.081,170300
AHL,20200423,0.005,0.006,0.005,0.005,1280000
AHQ,20200423,0.07,0.07,0.07,0.07,502305
AHX,20200423,0.45,0.45,0.45,0.45,1015000
AHY,20200423,0.99,0.995,0.955,0.975,228452
AHZ,20200423,6.65,6.86,6.02,6.02,4474
AIA,20200423,5.48,5.53,5.31,5.38,421673
AIQ,20200423,0.11,0.11,0.11,0.11,500000
AIS,20200423,0.04,0.04,0.039,0.04,78845
AIZ,20200423,1.215,1.24,1.205,1.22,1304282
AJL,20200423,0.055,0.058,0.055,0.058,105000
AJM,20200423,0.046,0.048,0.045,0.048,1307940
AJX,20200423,0.05,0.05,0.046,0.049,99848
AKG,20200423,0.32,0.32,0.32,0.32,13966
AKM,20200423,0.07,0.075,0.07,0.075,58300
AKP,20200423,14.5,14.5,14,14,9294
AL3,20200423,0.145,0.155,0.145,0.15,1299280
ALC,20200423,0.16,0.16,0.145,0.15,1365440
ALF,20200423,0.855,0.86,0.85,0.85,260921
ALG,20200423,0.31,0.33,0.26,0.28,4379624
ALI,20200423,2.04,2.08,2.03,2.03,15666
ALK,20200423,0.73,0.745,0.685,0.695,4732335
ALL,20200423,22.4,22.8,21.62,21.91,4090209
ALQ,20200423,6.09,6.18,5.9,6.02,1095351
ALT,20200423,0.002,0.002,0.002,0.002,2504342
ALU,20200423,31.66,32.19,30.63,30.84,992075
ALX,20200423,5.72,5.78,5.56,5.75,2923300
AMA,20200423,0.38,0.4,0.36,0.375,3179152
AMC,20200423,13.23,13.31,12.92,13.05,3008598
AME,20200423,0.066,0.066,0.065,0.065,2705944
AMG,20200423,0.043,0.043,0.039,0.042,157155
AMH,20200423,0.81,0.81,0.795,0.795,138181
AMI,20200423,0.34,0.35,0.33,0.34,3073883
AML,20200423,0.06,0.06,0.058,0.06,917459
AMN,20200423,0.38,0.38,0.38,0.38,5263
AMP,20200423,1.325,1.36,1.275,1.295,14522392
AMS,20200423,0.53,0.565,0.515,0.525,283809
AMT,20200423,0.13,0.13,0.125,0.125,115912
AMX,20200423,1.235,1.29,1.235,1.25,19731
ANA,20200423,0.006,0.006,0.006,0.006,3716666
ANG,20200423,0.145,0.145,0.145,0.145,53424
ANL,20200423,0.002,0.002,0.001,0.002,3754330
ANN,20200423,29.65,29.65,28.25,28.49,524359
ANO,20200423,4.38,4.4,4.3,4.3,9000
ANP,20200423,0.049,0.054,0.046,0.048,7489959
ANR,20200423,0.165,0.175,0.165,0.175,48342
ANW,20200423,0.001,0.001,0.001,0.001,27646123
ANZ,20200423,16.28,16.34,15.84,16.01,6978926
AO1,20200423,0.012,0.012,0.011,0.011,785257
AOF,20200423,2,2.05,1.982,2,48908
AON,20200423,0.017,0.017,0.017,0.017,37500
AOP,20200423,0.23,0.235,0.225,0.235,320698
APA,20200423,11.09,11.13,10.765,10.92,2167662
APC,20200423,0.08,0.08,0.08,0.08,60000
APD,20200423,0.465,0.48,0.465,0.48,887427
APE,20200423,3.82,3.86,3.52,3.55,981089
APH,20200423,0.115,0.13,0.115,0.125,76749
API,20200423,1.14,1.15,0.995,1.005,6241655
APL,20200423,0.93,0.93,0.905,0.91,1085974
APT,20200423,27.25,27.65,26.6,27.15,3441190
APV,20200423,0.15,0.155,0.15,0.155,34500
APX,20200423,24.28,24.49,22.78,23.01,796560
APZ,20200423,1,1,0.98,0.99,15462
AQC,20200423,0.15,0.15,0.14,0.14,16550
AQD,20200423,0.013,0.013,0.013,0.013,881826
AQG,20200423,7.38,7.43,7.18,7.32,1037489
AQI,20200423,0.065,0.065,0.06,0.065,83000
AQR,20200423,2.92,3.09,2.92,3.09,81793
AQX,20200423,0.019,0.02,0.019,0.02,4184621
AQZ,20200423,1.96,2.02,1.95,2,177297
ARA,20200423,0.42,0.42,0.42,0.42,9800
ARB,20200423,14.17,14.28,13.62,13.68,175388
ARD,20200423,0.013,0.016,0.013,0.015,5244309
ARE,20200423,0.004,0.004,0.004,0.004,1253353
ARF,20200423,2.15,2.22,2.07,2.17,518530
ARG,20200423,7.05,7.19,6.97,6.97,255323
ARL,20200423,0.26,0.26,0.25,0.25,167181
ARM,20200423,0.013,0.013,0.013,0.013,143920
ARN,20200423,0.13,0.135,0.125,0.135,120304
ARQ,20200423,0.12,0.12,0.105,0.11,391678
ARS,20200423,0.021,0.023,0.021,0.022,13016077
ARU,20200423,0.063,0.067,0.062,0.062,802822
ARV,20200423,0.027,0.028,0.026,0.028,2014809
ASB,20200423,2.95,3.03,2.93,2.99,1597989
ASG,20200423,0.72,0.72,0.675,0.675,39216
ASP,20200423,0.01,0.01,0.01,0.01,200000
ASQ,20200423,0.041,0.041,0.041,0.041,59546
AST,20200423,1.865,1.865,1.8,1.845,9844720
ASW,20200423,0.62,0.62,0.62,0.62,7500
ASX,20200423,83.37,83.43,81.13,82.02,428623
AT1,20200423,0.435,0.455,0.415,0.415,6421265
ATC,20200423,0.048,0.05,0.045,0.05,851895
ATH,20200423,0.02,0.02,0.02,0.02,22222
ATL,20200423,0.2,0.205,0.2,0.205,52112
ATS,20200423,0.025,0.029,0.025,0.028,5822905
ATU,20200423,0.26,0.26,0.255,0.255,707723
AU1,20200423,0.035,0.035,0.035,0.035,14285
AU8,20200423,0.057,0.057,0.056,0.056,158856
AUB,20200423,10.4,11.75,10.4,10.65,377148
AUC,20200423,0.014,0.014,0.013,0.014,679428
AUI,20200423,7.3,7.41,7.26,7.26,11871
AUL,20200423,0.25,0.25,0.21,0.23,69580
AUR,20200423,0.018,0.018,0.017,0.017,201390
AUT,20200423,0.033,0.034,0.032,0.033,5014387
AUZ,20200423,0.009,0.009,0.009,0.009,1649010
AV1,20200423,0.084,0.09,0.084,0.09,166929
AVE,20200423,0.006,0.006,0.006,0.006,13454371
AVG,20200423,0.435,0.435,0.43,0.43,10209
AVH,20200423,0.475,0.475,0.43,0.44,16602838
AVJ,20200423,0.355,0.37,0.345,0.345,81865
AVL,20200423,0.009,0.01,0.009,0.009,2055801
AVN,20200423,1.54,1.57,1.47,1.5,679203
AVZ,20200423,0.06,0.061,0.058,0.059,8166622
AWC,20200423,1.5,1.525,1.45,1.505,17398774
AWN,20200423,0.055,0.055,0.055,0.055,75000
AWV,20200423,0.008,0.008,0.008,0.008,3040
AX1,20200423,0.95,1.005,0.915,0.925,1873128
AX8,20200423,0.02,0.02,0.02,0.02,95000
AXE,20200423,0.165,0.177,0.165,0.175,370658
AYS,20200423,0.31,0.33,0.305,0.31,123954
AZI,20200423,0.004,0.004,0.004,0.004,4887132
AZJ,20200423,4.62,4.66,4.41,4.45,8775845
AZS,20200423,0.077,0.077,0.077,0.077,12650
AZV,20200423,0.061,0.065,0.06,0.065,102948
AZY,20200423,0.015,0.016,0.015,0.015,2692144
BAF,20200423,0.71,0.71,0.71,0.71,3661
BAP,20200423,4.71,4.8,4.49,4.53,2818140
BAR,20200423,0.014,0.014,0.014,0.014,109263
BAS,20200423,0.001,0.001,0.001,0.001,52131999
BAT,20200423,0.006,0.006,0.005,0.005,1024897
BBC,20200423,0.41,0.41,0.41,0.41,800
BBL,20200423,0.385,0.385,0.38,0.38,26835
BBN,20200423,2.5,2.51,2.38,2.47,1191577
BC8,20200423,0.365,0.39,0.365,0.385,54614
BCB,20200423,0.05,0.05,0.05,0.05,96369
BCC,20200423,0.17,0.18,0.17,0.175,124677
BCI,20200423,0.135,0.145,0.135,0.135,1040806
BCN,20200423,0.037,0.037,0.035,0.036,2204193
BCT,20200423,0.065,0.065,0.065,0.065,430187
BD1,20200423,0.024,0.025,0.024,0.024,842900
BDA,20200423,0.245,0.25,0.245,0.25,125675
BDC,20200423,0.073,0.076,0.068,0.07,8059055
BDG,20200423,0.062,0.062,0.062,0.062,20000
BEN,20200423,5.75,5.83,5.68,5.78,2654035
BET,20200423,0.215,0.22,0.205,0.21,1236234
BFC,20200423,0.07,0.07,0.066,0.066,101135
BFG,20200423,0.92,1.01,0.905,0.965,1058255
BGA,20200423,4.82,4.87,4.725,4.78,957736
BGL,20200423,0.57,0.575,0.545,0.55,3356605
BGT,20200423,0.215,0.225,0.187,0.195,1092996
BHP,20200423,29.8,30.07,29.59,29.75,7265982
BID,20200423,0.75,0.78,0.7,0.7,90009
BIN,20200423,2.03,2.1,1.99,2.02,2283642
BIS,20200423,0.83,0.83,0.82,0.82,56900
BIT,20200423,0.088,0.1,0.088,0.09,7694281
BKI,20200423,1.31,1.355,1.31,1.33,110099
BKL,20200423,74.25,74.25,70,71.06,114643
BKT,20200423,0.028,0.028,0.028,0.028,542878
BKW,20200423,12.24,12.58,12.1,12.26,482718
BKY,20200423,0.19,0.2,0.19,0.2,183532
BLD,20200423,2.52,2.6,2.49,2.53,7628458
BLG,20200423,0.026,0.028,0.025,0.028,1641564
BLK,20200423,0.011,0.012,0.011,0.011,13944082
BLU,20200423,0.018,0.018,0.016,0.016,952143
BLX,20200423,0.65,0.65,0.65,0.65,18935
BLY,20200423,0.7,0.71,0.66,0.66,22300
BLZ,20200423,0.006,0.009,0.006,0.009,607004
BMG,20200423,0.001,0.001,0.001,0.001,3150000
BMN,20200423,0.041,0.042,0.039,0.042,3257177
BNO,20200423,0.049,0.049,0.046,0.046,455804
BNR,20200423,0.047,0.05,0.047,0.05,872375
BOC,20200423,0.25,0.26,0.25,0.255,109015
BOE,20200423,0.057,0.06,0.057,0.06,2802702
BOL,20200423,0.092,0.092,0.086,0.086,32307
BOQ,20200423,4.74,4.81,4.64,4.69,2430211
BOT,20200423,0.033,0.034,0.033,0.034,1113278
BPL,20200423,0.013,0.013,0.013,0.013,50000
BPP,20200423,0.015,0.015,0.015,0.015,66100
BPT,20200423,1.285,1.32,1.26,1.31,13975808
BRB,20200423,0.175,0.19,0.175,0.185,409716
BRG,20200423,17.07,17.31,16.36,16.66,479264
BRI,20200423,1.22,1.22,1.22,1.22,1960
BRK,20200423,0.004,0.004,0.004,0.004,1032999
BRL,20200423,0.073,0.075,0.073,0.073,424653
BRN,20200423,0.049,0.05,0.044,0.048,8366222
BRU,20200423,0.08,0.082,0.077,0.082,546983
BRV,20200423,0.023,0.024,0.023,0.024,1815866
BSA,20200423,0.3,0.31,0.28,0.31,104073
BSE,20200423,0.145,0.145,0.145,0.145,37042
BSL,20200423,9.48,9.62,9.32,9.47,1363044
BSM,20200423,0.003,0.003,0.003,0.003,60000
BSX,20200423,0.14,0.155,0.14,0.155,1028788
BTC,20200423,0.07,0.07,0.07,0.07,7000
BTH,20200423,0.59,0.605,0.56,0.575,1200635
BTI,20200423,0.68,0.685,0.67,0.68,106663
BUB,20200423,0.9,0.915,0.86,0.875,4140734
BUD,20200423,0.01,0.01,0.01,0.01,2228505
BUX,20200423,0.05,0.055,0.05,0.055,32935
BVS,20200423,4.24,4.26,4.105,4.23,1492762
BWF,20200423,0.297,0.3,0.295,0.295,33000
BWP,20200423,3.32,3.42,3.3,3.34,1679591
BWR,20200423,1.2,1.2,1.18,1.18,210498
BWX,20200423,3.49,3.61,3.37,3.42,257982
BXB,20200423,11.1,11.16,10.85,11,7237143
BYE,20200423,0.13,0.135,0.13,0.13,487514
BYH,20200423,0.028,0.042,0.028,0.038,211962
C6C,20200423,0.51,0.51,0.51,0.51,15
CAF,20200423,0.083,0.083,0.083,0.083,42422
CAG,20200423,0.6,0.6,0.57,0.57,35920
CAI,20200423,0.285,0.29,0.275,0.29,145436
CAJ,20200423,0.185,0.19,0.185,0.185,1326992
CAM,20200423,0.8,0.8,0.725,0.735,60645
CAN,20200423,0.855,0.875,0.85,0.86,121249
CAP,20200423,0.026,0.026,0.023,0.023,143437
CAR,20200423,13,13.66,12.64,12.8,2002343
CAT,20200423,0.955,1,0.932,0.95,572806
CAV,20200423,0.002,0.002,0.002,0.002,4000000
CAY,20200423,0.095,0.096,0.095,0.096,291427
CAZ,20200423,0.021,0.023,0.021,0.022,3055632
CBA,20200423,60,60.24,58.37,58.83,4443380
CBE,20200423,0.155,0.155,0.15,0.15,234873
CBR,20200423,1.415,1.55,1.415,1.55,429685
CCA,20200423,0.056,0.06,0.056,0.06,233758
CCE,20200423,0.002,0.002,0.001,0.001,5400000
CCG,20200423,0.056,0.06,0.056,0.06,269491
CCL,20200423,8.53,8.6,8.21,8.24,2985816
CCP,20200423,14.79,15.05,13.77,13.88,568836
CCV,20200423,0.15,0.15,0.145,0.145,551420
CCX,20200423,1.85,2.01,1.82,1.91,377110
CCZ,20200423,0.019,0.02,0.018,0.018,3353627
CD1,20200423,0.76,0.76,0.76,0.76,14625
CD2,20200423,0.925,0.925,0.89,0.89,13125
CDA,20200423,5.87,5.87,5.49,5.52,752755
CDD,20200423,0.24,0.24,0.22,0.23,586432
CDM,20200423,0.535,0.555,0.535,0.54,377681
CDP,20200423,3.35,3.38,3.1,3.25,39023
CDV,20200423,0.39,0.395,0.375,0.38,317822
CDY,20200423,0.225,0.23,0.215,0.22,526489
CE1,20200423,0.004,0.005,0.004,0.005,7070529
CEL,20200423,0.1,0.105,0.098,0.1,1002035
CEN,20200423,5.84,5.85,5.78,5.78,2016
CFE,20200423,0.002,0.002,0.002,0.002,497000
CFO,20200423,0.05,0.05,0.046,0.046,110000
CG1,20200423,0.25,0.25,0.24,0.245,103539
CGB,20200423,0.008,0.008,0.007,0.008,6322071
CGC,20200423,2.74,2.81,2.64,2.65,1843483
CGF,20200423,4.4,4.42,4.18,4.28,3462411
CGL,20200423,3.2,3.22,3.07,3.09,98726
CGN,20200423,0.009,0.01,0.009,0.01,180083
CGR,20200423,0.48,0.49,0.48,0.49,124931
CHC,20200423,7.29,7.48,7.21,7.24,3147343
CHN,20200423,1.11,1.125,1.027,1.05,1561927
CHZ,20200423,0.06,0.06,0.06,0.06,40000
CI1,20200423,0.033,0.033,0.03,0.031,2760016
CIA,20200423,1.895,1.91,1.85,1.905,113721
CIE,20200423,0.505,0.52,0.495,0.495,175666
CIM,20200423,21.85,22.54,21.205,21.6,862063
CIN,20200423,20.5,20.57,20.35,20.4,3257
CIP,20200423,2.6,2.72,2.59,2.65,2544830
CKA,20200423,0.04,0.04,0.039,0.04,504574
CKF,20200423,6.37,6.5,6.15,6.25,413851
CL1,20200423,1.38,1.4,1.365,1.365,53553
CL8,20200423,0.007,0.008,0.007,0.008,110000
CLA,20200423,0.01,0.01,0.01,0.01,50000
CLB,20200423,0.051,0.051,0.051,0.051,7000
CLF,20200423,0.995,1.015,0.995,1,12300
CLQ,20200423,0.17,0.175,0.17,0.17,274195
CLV,20200423,1.91,1.97,1.86,1.97,306323
CLW,20200423,4.46,4.49,4.36,4.45,1531265
CLX,20200423,0.605,0.615,0.575,0.575,29835
CLZ,20200423,0.002,0.002,0.001,0.001,18934307
CM8,20200423,0.022,0.026,0.02,0.025,4239314
CMD,20200423,0.006,0.008,0.006,0.007,1517278
CML,20200423,0.009,0.009,0.008,0.008,915000
CMM,20200423,1.27,1.295,1.265,1.29,214693
CMP,20200423,0.42,0.445,0.42,0.44,66292
CMW,20200423,0.775,0.79,0.752,0.765,5724799
CNB,20200423,0.075,0.076,0.075,0.076,50533
CNI,20200423,1.535,1.56,1.485,1.52,1729541
CNU,20200423,6.62,6.65,6.35,6.39,587829
CNW,20200423,0.024,0.026,0.024,0.026,200100
COB,20200423,0.1,0.11,0.1,0.11,274604
COE,20200423,0.41,0.42,0.385,0.395,7378209
COF,20200423,1.85,1.85,1.76,1.795,1004366
COG,20200423,0.045,0.045,0.045,0.045,150000
COH,20200423,179.74,183.93,178.64,179.34,277343
COL,20200423,16.25,16.33,15.95,16.06,2996060
COS,20200423,0.3,0.3,0.3,0.3,15000
COY,20200423,0.009,0.011,0.009,0.011,324000
CPH,20200423,0.064,0.067,0.062,0.062,682554
CPT,20200423,0.018,0.018,0.014,0.014,88860
CPU,20200423,10.92,10.96,10.66,10.79,1960163
CPV,20200423,0.12,0.12,0.12,0.12,74041
CQE,20200423,2.24,2.37,2.16,2.23,821675
CQR,20200423,3.15,3.25,3.13,3.16,2109381
CR1,20200423,0.26,0.26,0.25,0.25,183124
CRL,20200423,0.012,0.012,0.011,0.011,235650
CRN,20200423,1.18,1.18,1.125,1.17,263517
CRS,20200423,0.115,0.115,0.115,0.115,110195
CSL,20200423,316.5,317.09,303.02,306.67,1168632
CSR,20200423,3.23,3.275,3.14,3.16,3166825
CSS,20200423,0.69,0.69,0.63,0.63,26309
CST,20200423,0.105,0.12,0.1,0.105,1097143
CTD,20200423,9,9.09,8.43,8.5,686402
CTM,20200423,0.17,0.185,0.16,0.17,6709256
CTO,20200423,0.004,0.004,0.004,0.004,629872
CTP,20200423,0.075,0.076,0.072,0.073,552057
CTX,20200423,23.2,23.2,22.38,22.48,1662519
CUE,20200423,0.077,0.077,0.077,0.077,7050
CUP,20200423,0.88,0.88,0.8,0.8,39683
CUV,20200423,22,22.66,19.54,19.87,434103
CUX,20200423,0.004,0.004,0.004,0.004,982167
CV1,20200423,0.067,0.067,0.067,0.067,2632
CVF,20200423,0.74,0.76,0.74,0.75,88478
CVN,20200423,0.175,0.175,0.165,0.175,2068065
CVW,20200423,0.2,0.2,0.185,0.185,2546550
CWN,20200423,8.19,8.29,8.15,8.23,2279233
CWP,20200423,4.05,4.05,3.76,3.85,703841
CWX,20200423,0.225,0.24,0.22,0.22,378188
CWY,20200423,1.75,1.775,1.73,1.74,6500051
CXL,20200423,0.7,0.7,0.69,0.69,27903
CXO,20200423,0.041,0.041,0.04,0.04,1025817
CXU,20200423,0.024,0.025,0.024,0.024,229625
CXZ,20200423,0.015,0.015,0.015,0.015,554770
CYL,20200423,2.3,2.64,2.3,2.39,47528
CYP,20200423,0.66,0.7,0.65,0.7,131254
CYQ,20200423,0.001,0.001,0.001,0.001,10354500
CZI,20200423,0.094,0.095,0.094,0.095,390359
CZL,20200423,0.008,0.008,0.005,0.005,26335529
CZN,20200423,0.003,0.003,0.002,0.003,13279618
CZR,20200423,0.009,0.009,0.009,0.009,75000
D2O,20200423,1.26,1.26,1.23,1.23,48959
DAU,20200423,0.03,0.03,0.029,0.029,328728
DBF,20200423,1,1,1,1,3297
DCC,20200423,0.024,0.024,0.022,0.022,1264869
DCG,20200423,0.13,0.135,0.125,0.125,436457
DCN,20200423,0.36,0.375,0.355,0.375,6936352
DCX,20200423,0.005,0.005,0.004,0.004,505000
DDR,20200423,6.27,6.39,6.15,6.18,76978
DDT,20200423,0.004,0.004,0.004,0.004,156628
DEM,20200423,0.165,0.165,0.15,0.165,242964
DEV,20200423,0.085,0.088,0.082,0.088,1327136
DGO,20200423,1.96,2.05,1.95,2,18697
DGR,20200423,0.074,0.075,0.074,0.075,125000
DHG,20200423,2.17,2.27,2.11,2.12,1058803
DHR,20200423,0.002,0.002,0.002,0.002,16000
DIV,20200423,18.62,18.62,18.6,18.6,2000
DJW,20200423,2.53,2.54,2.5,2.54,32844
DLC,20200423,0.005,0.01,0.005,0.007,32730648
DMP,20200423,51.62,52.05,49.02,49.64,339762
DNA,20200423,0.034,0.034,0.033,0.033,508000
DNK,20200423,0.365,0.38,0.365,0.375,63342
DOR,20200423,0.033,0.033,0.03,0.03,33222
DOW,20200423,3.6,3.67,3.55,3.63,2915655
DRE,20200423,0.006,0.006,0.005,0.006,2270000
DRO,20200423,0.09,0.092,0.086,0.086,418006
DRX,20200423,0.008,0.008,0.008,0.008,638350
DSE,20200423,0.041,0.042,0.039,0.039,1059121
DTC,20200423,0.885,0.885,0.86,0.88,132652
DTI,20200423,0.025,0.026,0.025,0.026,55785
DTL,20200423,3.65,3.72,3.52,3.58,372490
DTM,20200423,0.059,0.064,0.059,0.064,47500
DTS,20200423,0.115,0.115,0.115,0.115,26860
DTZ,20200423,0.047,0.047,0.046,0.046,109339
DUB,20200423,0.86,0.875,0.82,0.82,563460
DUI,20200423,3.87,3.87,3.83,3.85,106748
DVL,20200423,0.013,0.013,0.013,0.013,58854
DW8,20200423,0.005,0.005,0.005,0.005,1974333
DWS,20200423,0.72,0.72,0.715,0.715,8007
DXB,20200423,0.175,0.19,0.175,0.185,817761
DXN,20200423,0.012,0.012,0.012,0.012,608333
DXS,20200423,8.83,8.93,8.68,8.76,4375651
DYL,20200423,0.245,0.245,0.24,0.24,156178
EAF,20200423,1.21,1.21,1.21,1.21,67818
EAI,20200423,0.95,0.95,0.945,0.945,271626
EBO,20200423,21.99,22.5,21.75,22.5,1731
ECF,20200423,0.895,0.9,0.845,0.895,130160
ECL,20200423,1.15,1.15,1.15,1.15,14000
ECP,20200423,0.785,0.785,0.78,0.78,10000
ECS,20200423,0.032,0.034,0.03,0.03,1172340
ECX,20200423,0.595,0.622,0.535,0.575,2184969
ED1,20200423,0.59,0.59,0.58,0.58,8080
EDE,20200423,0.034,0.035,0.034,0.035,50000
EEG,20200423,0.185,0.19,0.18,0.19,34586
EEU,20200423,16.47,16.47,16.47,16.47,3323
EFE,20200423,0.003,0.003,0.003,0.003,500000
EFF,20200423,1.27,1.27,1.26,1.26,31707
EGD,20200423,2.45,2.45,2.4,2.4,69054
EGF,20200423,1.56,1.56,1.56,1.56,36296
EGG,20200423,1.1,1.125,1.06,1.06,34152
EGH,20200423,0.275,0.28,0.27,0.275,28164
EGI,20200423,0.9,0.9,0.9,0.9,20000
EGL,20200423,0.026,0.026,0.026,0.026,25000
EHE,20200423,1.32,1.365,1.265,1.29,1113754
EHL,20200423,1.01,1.145,1,1.125,3196358
ELD,20200423,8.34,8.48,8.2,8.29,445424
ELO,20200423,5.53,5.75,5.45,5.5,215367
ELS,20200423,0.255,0.255,0.22,0.25,505974
ELX,20200423,0.565,0.565,0.55,0.555,155663
EM1,20200423,0.007,0.007,0.007,0.007,1150000
EMD,20200423,0.075,0.075,0.069,0.069,765185
EME,20200423,0.14,0.14,0.14,0.14,16428
EMH,20200423,0.18,0.2,0.175,0.18,796851
EML,20200423,2.41,2.45,2.25,2.26,4151610
EMR,20200423,0.44,0.48,0.44,0.47,823642
EMU,20200423,0.017,0.017,0.015,0.015,98718
EMV,20200423,0.81,0.835,0.8,0.8,121994
EN1,20200423,0.012,0.013,0.012,0.012,2148806
ENE,20200423,0.042,0.042,0.042,0.042,28500
ENN,20200423,0.77,0.805,0.77,0.795,250412
ENR,20200423,0.135,0.135,0.125,0.125,230800
ENT,20200423,0.009,0.009,0.009,0.009,500000
EOF,20200423,2.35,2.47,2.35,2.43,94807
EOL,20200423,2.75,2.75,2.75,2.75,1500
EOS,20200423,4.32,4.5,4.06,4.09,2639020
EPD,20200423,0.235,0.255,0.225,0.255,37841
EPM,20200423,0.006,0.006,0.005,0.005,2414383
EQT,20200423,20.27,20.91,20.01,20.33,8247
EQX,20200423,0.24,0.24,0.24,0.24,206166
ERA,20200423,0.17,0.17,0.165,0.17,55427
ERF,20200423,0.74,0.74,0.68,0.7,275143
ERG,20200423,0.062,0.062,0.062,0.062,26400
ERL,20200423,0.009,0.009,0.009,0.009,33334
ERM,20200423,0.072,0.073,0.072,0.073,26742
ERX,20200423,0.043,0.043,0.043,0.043,100000
ESH,20200423,0.007,0.007,0.007,0.007,599999
ESR,20200423,0.007,0.008,0.007,0.008,1704299
ETF,20200423,17.57,17.57,17.4,17.4,528
EUC,20200423,0.014,0.014,0.014,0.014,1375000
EUR,20200423,0.041,0.041,0.041,0.041,572374
EVE,20200423,0.005,0.005,0.005,0.005,505219
EVN,20200423,5.15,5.15,4.97,5.07,15090764
EVO,20200423,0.07,0.07,0.066,0.068,1164658
EVS,20200423,0.125,0.125,0.125,0.125,315400
EVT,20200423,7.4,7.57,7.37,7.4,46255
EWC,20200423,0.071,0.072,0.071,0.072,377600
EX1,20200423,0.23,0.23,0.2,0.2,34043
EXL,20200423,0.355,0.365,0.35,0.365,233453
EXP,20200423,0.095,0.099,0.095,0.097,212200
EXR,20200423,0.022,0.023,0.022,0.022,1366744
EZL,20200423,0.81,0.83,0.81,0.83,15198
FAM,20200423,0.023,0.023,0.023,0.023,45800
FAR,20200423,0.014,0.014,0.013,0.014,6454486
FAU,20200423,0.008,0.009,0.008,0.008,437400
FBR,20200423,0.022,0.025,0.022,0.023,3274487
FBU,20200423,3.49,3.51,3.4,3.46,1034110
FCL,20200423,3.23,3.23,3.13,3.21,30920
FCT,20200423,0.089,0.089,0.082,0.085,78971
FDV,20200423,0.78,0.8,0.775,0.79,148168
FEL,20200423,0.012,0.012,0.012,0.012,125416
FEX,20200423,0.051,0.052,0.05,0.052,2569557
FFG,20200423,0.006,0.007,0.006,0.007,726285
FFI,20200423,5.1,5.1,5.1,5.1,389
FFL,20200423,0.22,0.22,0.2,0.2,100000
FGG,20200423,1.105,1.11,1.09,1.1,110682
FGO,20200423,0.002,0.002,0.001,0.001,3120000
FGX,20200423,0.87,0.895,0.87,0.87,133098
FHS,20200423,0.025,0.026,0.023,0.025,3631564
FID,20200423,4.5,4.5,4.37,4.48,5222
FIJ,20200423,0.053,0.053,0.053,0.053,10000
FLC,20200423,0.26,0.26,0.235,0.235,898659
FLN,20200423,0.4,0.4,0.39,0.39,43270
FLT,20200423,9.57,9.57,8.56,8.75,3493795
FMG,20200423,11.24,11.24,11.02,11.07,10148807
FML,20200423,0.275,0.28,0.26,0.265,95331
FNP,20200423,4.35,4.42,4.24,4.28,601315
FNT,20200423,0.008,0.008,0.008,0.008,8813180
FOD,20200423,0.066,0.067,0.06,0.063,4095226
FOR,20200423,0.75,0.77,0.75,0.77,17690
FPC,20200423,0.715,0.72,0.71,0.71,12337
FPH,20200423,27.06,27.15,25.71,25.93,555393
FPL,20200423,0.003,0.003,0.003,0.003,2023400
FPP,20200423,0.7,0.7,0.7,0.7,4741
FRI,20200423,0.62,0.62,0.605,0.605,63426
FRM,20200423,0.28,0.28,0.28,0.28,48
FRN,20200423,0.02,0.022,0.02,0.022,743705
FRX,20200423,0.013,0.013,0.011,0.011,251276
FSA,20200423,0.9,0.9,0.9,0.9,4400
FSF,20200423,3.49,3.49,3.49,3.49,300
FTC,20200423,0.077,0.079,0.077,0.079,43812
FTT,20200423,0.002,0.002,0.002,0.002,320000
FWD,20200423,1.432,1.432,1.38,1.41,59170
FXL,20200423,0.78,0.79,0.675,0.7,3443409
FYI,20200423,0.039,0.041,0.039,0.041,168265
FZO,20200423,0.13,0.13,0.13,0.13,131143
G1A,20200423,0.19,0.195,0.19,0.195,5100000
GAL,20200423,0.235,0.245,0.22,0.23,6654136
GAP,20200423,0.13,0.145,0.13,0.145,86850
GAS,20200423,0.35,0.37,0.35,0.36,46664
GBR,20200423,0.042,0.042,0.032,0.033,527247
GBZ,20200423,0.072,0.075,0.07,0.075,617000
GC1,20200423,0.62,0.64,0.59,0.64,58808
GCI,20200423,1.73,1.73,1.695,1.695,126444
GDF,20200423,0.86,0.925,0.855,0.88,364962
GDG,20200423,0.66,0.66,0.66,0.66,1045
GDI,20200423,1.07,1.07,1.002,1.01,673249
GDX,20200423,50.66,52.69,50.66,51.9,47746
GED,20200423,0.005,0.005,0.005,0.005,1898000
GEM,20200423,0.785,0.805,0.785,0.795,11845025
GFL,20200423,1.865,1.88,1.865,1.88,5000
GGG,20200423,0.105,0.11,0.1,0.105,2472753
GIB,20200423,0.025,0.025,0.025,0.025,10721
GLL,20200423,0.45,0.485,0.37,0.41,1544434
GLN,20200423,0.15,0.15,0.14,0.145,156461
GMA,20200423,1.93,1.95,1.83,1.87,606013
GMD,20200423,0.029,0.029,0.028,0.028,2326166
GMG,20200423,12.92,13.11,12.76,12.84,7109417
GML,20200423,0.011,0.012,0.01,0.012,1770843
GMN,20200423,0.05,0.05,0.047,0.049,831252
GMR,20200423,0.007,0.008,0.007,0.007,1580006
GMV,20200423,0.105,0.11,0.105,0.11,945082
GNC,20200423,3.5,3.52,3.35,3.42,1123800
GNE,20200423,2.69,2.69,2.63,2.65,12777
GNM,20200423,0.005,0.006,0.005,0.005,9368855
GNX,20200423,0.17,0.17,0.17,0.17,329285
GO2,20200423,0.022,0.022,0.022,0.022,92778
GOR,20200423,1.655,1.67,1.61,1.66,6383710
GOW,20200423,1.35,1.36,1.32,1.36,70859
GOZ,20200423,2.87,2.93,2.82,2.87,1553280
GPR,20200423,0.37,0.37,0.355,0.355,556189
GPT,20200423,3.7,3.795,3.65,3.68,8382662
GRB,20200423,0.057,0.057,0.057,0.057,148948
GRL,20200423,0.115,0.115,0.11,0.115,92194
GRR,20200423,0.21,0.21,0.205,0.21,386657
GSM,20200423,0.15,0.16,0.135,0.14,394345
GSN,20200423,0.05,0.051,0.044,0.045,1115767
GSS,20200423,1.76,1.82,1.76,1.785,136225
GSW,20200423,0.655,0.66,0.64,0.66,296849
GTG,20200423,0.005,0.006,0.005,0.006,7008335
GTK,20200423,1.41,1.42,1.39,1.405,10174
GTN,20200423,0.385,0.385,0.375,0.375,161526
GTR,20200423,0.007,0.007,0.007,0.007,1600000
GUD,20200423,8.77,8.83,8.57,8.71,367923
GVF,20200423,0.91,0.92,0.905,0.905,77476
GWA,20200423,2.31,2.37,2.25,2.28,514117
GWR,20200423,0.07,0.07,0.07,0.07,23528
GXY,20200423,0.75,0.79,0.745,0.76,2975327
HAS,20200423,0.056,0.056,0.052,0.052,2762752
HAV,20200423,0.11,0.12,0.11,0.115,201497
HAW,20200423,0.135,0.135,0.125,0.13,77649
HCD,20200423,0.016,0.016,0.016,0.016,120000
HCH,20200423,0.022,0.022,0.021,0.021,1352519
HCT,20200423,0.18,0.19,0.17,0.175,4188807
HE8,20200423,0.09,0.094,0.088,0.093,596353
HFR,20200423,0.33,0.34,0.315,0.315,87459
HGO,20200423,0.044,0.048,0.044,0.047,125000
HIL,20200423,0.195,0.195,0.185,0.185,163552
HIP,20200423,0.011,0.013,0.01,0.01,1295818
HIT,20200423,1.25,1.25,1.25,1.25,4000
HLA,20200423,0.77,0.78,0.77,0.77,31050
HLO,20200423,1.275,1.32,1.22,1.245,268347
HLS,20200423,2.43,2.46,2.34,2.42,2036561
HLX,20200423,0.007,0.007,0.007,0.007,65000
HM1,20200423,2.64,2.71,2.64,2.68,140848
HMC,20200423,2.2,2.25,2.15,2.18,99526
HMD,20200423,0.125,0.13,0.125,0.13,86207
HMX,20200423,0.021,0.021,0.021,0.021,627400
HPI,20200423,2.13,2.16,2.06,2.09,184141
HRL,20200423,0.094,0.096,0.094,0.096,40000
HRR,20200423,0.04,0.04,0.04,0.04,62525
HRZ,20200423,0.09,0.09,0.089,0.089,216383
HSC,20200423,0.007,0.007,0.006,0.006,33277112
HSN,20200423,2.77,2.82,2.72,2.75,370751
HT1,20200423,1.3,1.315,1.175,1.24,72055
HT8,20200423,0.045,0.045,0.04,0.04,2141028
HTG,20200423,0.12,0.12,0.12,0.12,243068
HUB,20200423,9.64,9.89,9.33,9.4,388057
HUO,20200423,3.33,3.77,3.325,3.4,1971
HVN,20200423,2.62,2.7,2.61,2.63,4094546
HWH,20200423,0.019,0.019,0.019,0.019,79590
HWK,20200423,0.004,0.005,0.004,0.005,3633679
HXG,20200423,0.066,0.066,0.062,0.066,366000
HYD,20200423,0.08,0.08,0.08,0.08,75707
HZN,20200423,0.046,0.05,0.046,0.049,5579965
HZR,20200423,0.38,0.39,0.375,0.385,61516
IAA,20200423,92.27,93.2,92.13,92.9,3767
IAF,20200423,115.85,115.98,115.61,115.79,12464
IAG,20200423,5.94,5.98,5.82,5.84,4457495
IAP,20200423,1.045,1.08,1.01,1.08,154355
IBC,20200423,0.4,0.4,0.4,0.4,7224
IBG,20200423,0.007,0.007,0.007,0.007,1390000
IBX,20200423,0.013,0.013,0.012,0.013,4874757
ICE,20200423,0.155,0.17,0.155,0.165,18112
ICN,20200423,0.009,0.009,0.008,0.008,70000
ICQ,20200423,0.19,0.19,0.18,0.19,220443
ICT,20200423,0.045,0.045,0.044,0.045,399250
IDA,20200423,0.021,0.021,0.021,0.021,300000
IDT,20200423,0.14,0.14,0.135,0.14,28702
IDX,20200423,3.1,3.11,2.95,3.04,606621
IDZ,20200423,0.002,0.002,0.002,0.002,3263673
IEL,20200423,13.27,13.83,13.07,13.13,987194
IEM,20200423,56.65,57.18,56.56,56.72,34576
IEU,20200423,56.72,57.32,56.59,57.32,37503
IFL,20200423,3.43,3.58,3.4,3.49,1574657
IFN,20200423,0.49,0.505,0.485,0.49,619823
IFT,20200423,4.25,4.25,4.25,4.25,150
IGB,20200423,115.08,115.08,114.62,114.62,1329
IGL,20200423,0.57,0.585,0.51,0.52,1015948
IGN,20200423,0.01,0.01,0.01,0.01,55000
IGO,20200423,4.6,4.72,4.49,4.65,3310971
IHD,20200423,10.64,10.65,10.52,10.52,15524
IHL,20200423,0.051,0.055,0.051,0.052,1300905
IJH,20200423,237.96,239.75,237.95,239.62,434
IJP,20200423,79.5,80.01,79.38,79.78,3574
IJR,20200423,90.5,90.84,90.16,90.84,680
IKO,20200423,81.7,81.7,80.8,80.94,602
ILB,20200423,122.44,122.6,122.4,122.6,506
ILC,20200423,20.92,20.92,20.47,20.54,12718
ILU,20200423,7.42,7.54,7.28,7.43,1653556
IMA,20200423,0.15,0.15,0.145,0.15,462043
IMC,20200423,0.1,0.1,0.098,0.098,203088
IMD,20200423,0.855,0.875,0.84,0.85,1296773
IMM,20200423,0.165,0.165,0.15,0.15,561473
IMR,20200423,0.95,0.95,0.95,0.95,514315
IMS,20200423,0.004,0.004,0.004,0.004,74496
IMU,20200423,0.022,0.023,0.022,0.022,4153508
INA,20200423,3.44,3.59,3.41,3.53,1646598
INF,20200423,0.039,0.039,0.037,0.037,269000
ING,20200423,3.4,3.47,3.355,3.39,1365493
INR,20200423,0.135,0.14,0.125,0.135,1205184
IOO,20200423,75.91,76.49,75.47,75.92,21902
IOZ,20200423,21.54,21.62,21.2,21.34,524393
IP1,20200423,0.008,0.008,0.008,0.008,87500
IPB,20200423,0.016,0.016,0.014,0.014,1992227
IPD,20200423,0.038,0.04,0.037,0.04,3560419
IPH,20200423,7.56,7.62,7.16,7.31,1004909
IPL,20200423,2.14,2.17,2.05,2.12,5764581
IPT,20200423,0.009,0.009,0.008,0.008,4365672
IRD,20200423,0.048,0.048,0.048,0.048,894
IRE,20200423,9.91,10,9.59,9.64,475433
IRI,20200423,2.94,2.96,2.89,2.94,294212
ISD,20200423,0.17,0.17,0.15,0.155,55866
ISO,20200423,3.88,3.9,3.855,3.855,14112
ISU,20200423,0.21,0.225,0.21,0.22,6557
ITG,20200423,0.18,0.18,0.165,0.175,1221608
IVC,20200423,10.38,10.38,9.955,10.05,786589
IVE,20200423,86.84,86.95,86.36,86.65,2316
IVR,20200423,0.012,0.012,0.012,0.012,140210
IVV,20200423,449.9,449.9,441.65,441.65,10211
IVZ,20200423,0.016,0.017,0.016,0.017,497100
IXC,20200423,1.075,1.08,0.995,0.995,36219
IXI,20200423,79.8,80.02,79.79,79.84,4759
IXJ,20200423,105.56,106.99,105.56,105.64,5344
IXU,20200423,0.022,0.022,0.02,0.02,1000000
IZZ,20200423,60.31,60.49,60.21,60.4,2427
JAT,20200423,0.049,0.05,0.047,0.049,1031625
JAY,20200423,0.072,0.072,0.072,0.072,40000
JBH,20200423,33.55,33.9,32.71,33.24,722027
JHC,20200423,0.485,0.495,0.48,0.485,366408
JHG,20200423,23.69,23.96,23.37,23.79,379208
JHX,20200423,18.13,18.38,17.96,18.22,1307338
JIN,20200423,10.99,11.02,10.47,10.64,484916
JLG,20200423,2.4,2.49,2.35,2.42,1049413
JMS,20200423,0.255,0.26,0.24,0.245,5467436
JPR,20200423,0.06,0.345,0.06,0.15,10014284
JRV,20200423,0.16,0.165,0.16,0.16,337842
JXT,20200423,0.035,0.036,0.031,0.036,232217
JYC,20200423,0.92,0.93,0.92,0.93,7451
K2F,20200423,0.225,0.23,0.215,0.23,29637
KAI,20200423,0.011,0.012,0.011,0.012,2797105
KAM,20200423,0.032,0.034,0.032,0.034,132611
KAR,20200423,0.485,0.495,0.47,0.495,6971110
KAS,20200423,0.017,0.017,0.017,0.017,118800
KAU,20200423,0.195,0.205,0.195,0.205,27500
KCN,20200423,0.425,0.445,0.415,0.43,156780
KEY,20200423,0.003,0.003,0.003,0.003,200000
KFE,20200423,0.027,0.029,0.026,0.029,661813
KGL,20200423,0.16,0.16,0.16,0.16,2003
KGN,20200423,7.1,7.39,6.97,7,1552207
KIS,20200423,0.049,0.049,0.049,0.049,57960
KKC,20200423,1.72,1.75,1.69,1.75,271665
KLA,20200423,61,62.2,60.99,61.7,6325
KMD,20200423,0.735,0.735,0.68,0.685,2532186
KME,20200423,1.04,1.16,1.04,1.15,95242
KMT,20200423,0.005,0.005,0.005,0.005,1000000
KNM,20200423,0.018,0.021,0.018,0.02,2529110
KNO,20200423,0.061,0.061,0.061,0.061,19999
KOV,20200423,3.45,3.45,3.45,3.45,400
KPG,20200423,0.755,0.755,0.755,0.755,1500
KPO,20200423,0.032,0.032,0.03,0.031,783900
KPT,20200423,0.95,0.95,0.95,0.95,2000
KRM,20200423,0.03,0.03,0.03,0.03,20000
KRR,20200423,0.039,0.056,0.039,0.041,47878988
KSL,20200423,0.89,0.89,0.845,0.855,122153
KSM,20200423,1.68,1.68,1.61,1.61,6352
KSN,20200423,0.135,0.135,0.12,0.13,34875
KTA,20200423,0.031,0.033,0.03,0.033,2262163
KTD,20200423,0.405,0.41,0.395,0.4,254949
KTG,20200423,0.085,0.094,0.083,0.094,141400
KWR,20200423,0.135,0.15,0.135,0.15,244413
KYK,20200423,0.089,0.092,0.084,0.084,205856
KZA,20200423,0.43,0.43,0.415,0.42,86055
KZR,20200423,0.525,0.54,0.5,0.505,292147
LAA,20200423,0.011,0.011,0.01,0.01,31492
LAU,20200423,0.345,0.35,0.345,0.35,69183
LBL,20200423,0.41,0.43,0.41,0.41,2282
LBT,20200423,0.11,0.115,0.1,0.105,417255
LCD,20200423,0.011,0.011,0.011,0.011,421212
LCK,20200423,0.1,0.1,0.095,0.095,383971
LCL,20200423,0.042,0.042,0.038,0.038,794701
LCT,20200423,0.014,0.014,0.012,0.012,30000
LEG,20200423,0.18,0.185,0.17,0.18,7444096
LEP,20200423,4.19,4.19,4.05,4.14,176895
LGP,20200423,0.275,0.285,0.26,0.27,149817
LI3,20200423,0.04,0.043,0.025,0.026,23085326
LIC,20200423,6.6,6.64,6.41,6.62,213573
LIN,20200423,0.015,0.017,0.015,0.017,1048677
LIT,20200423,0.046,0.05,0.045,0.045,974588
LKE,20200423,0.036,0.036,0.036,0.036,395887
LLC,20200423,10.7,10.75,10.21,10.3,1795168
LLO,20200423,1.52,1.525,1.52,1.525,2085
LMG,20200423,0.009,0.009,0.009,0.009,12000
LNG,20200423,0.043,0.046,0.042,0.044,2901361
LNK,20200423,3.3,3.36,3.26,3.3,2294842
LNY,20200423,0.003,0.003,0.003,0.003,6035288
LOM,20200423,0.054,0.055,0.053,0.054,786772
LON,20200423,0.09,0.09,0.09,0.09,12500
LOT,20200423,0.063,0.064,0.06,0.06,1534858
LOV,20200423,6.04,6.29,5.98,6.25,308664
LPD,20200423,0.007,0.008,0.007,0.008,7104052
LPE,20200423,0.21,0.21,0.21,0.21,5000
LPI,20200423,0.15,0.15,0.15,0.15,19045
LRS,20200423,0.004,0.004,0.003,0.003,2718000
LRT,20200423,0.61,0.61,0.61,0.61,820
LSA,20200423,0.006,0.006,0.006,0.006,300000
LSF,20200423,1.01,1.025,1,1,842327
LSH,20200423,0.033,0.034,0.033,0.034,128576
LSR,20200423,0.006,0.006,0.006,0.006,100000
LTR,20200423,0.105,0.11,0.105,0.105,1228687
LVE,20200423,0.045,0.045,0.045,0.045,50000
LVH,20200423,0.15,0.175,0.145,0.17,345520
LVT,20200423,0.2,0.2,0.19,0.19,1568007
LYC,20200423,1.64,1.685,1.56,1.63,19219732
LYL,20200423,3.85,3.97,3.81,3.88,34472
M7T,20200423,0.57,0.58,0.53,0.54,205473
MA1,20200423,0.845,0.845,0.845,0.845,6000
MAD,20200423,0.73,0.73,0.7,0.7,55000
MAG,20200423,0.225,0.235,0.205,0.225,739505
MAH,20200423,0.2,0.215,0.2,0.215,461519
MAI,20200423,0.4,0.405,0.4,0.405,16219
MAN,20200423,0.021,0.021,0.02,0.021,6087743
MAQ,20200423,23.55,24.95,23.55,24.915,1912
MAT,20200423,0.11,0.11,0.11,0.11,9347
MAU,20200423,0.84,0.84,0.77,0.775,113980
MAY,20200423,0.003,0.003,0.003,0.003,398424
MBK,20200423,0.008,0.009,0.008,0.009,2329879
MCA,20200423,0.12,0.12,0.12,0.12,83150
MCE,20200423,0.205,0.205,0.2,0.205,94097
MCM,20200423,0.18,0.18,0.18,0.18,10000
MCP,20200423,2.66,2.8,2.65,2.7,348249
MCR,20200423,0.575,0.6,0.575,0.585,170219
MCX,20200423,0.065,0.065,0.065,0.065,3000
MCY,20200423,4.19,4.22,4.1,4.1,6064
MDC,20200423,0.24,0.24,0.225,0.235,139133
MDI,20200423,0.013,0.013,0.013,0.013,14834533
MDR,20200423,0.41,0.42,0.4,0.415,276648
MEA,20200423,0.185,0.185,0.175,0.175,567202
MEB,20200423,0.007,0.007,0.007,0.007,1531696
MEI,20200423,0.014,0.014,0.013,0.013,747161
MEM,20200423,0.049,0.049,0.047,0.048,273000
MEP,20200423,0.036,0.039,0.036,0.038,159333
MEU,20200423,0.037,0.037,0.034,0.037,1289463
MEY,20200423,0.063,0.068,0.063,0.068,90550
MEZ,20200423,4.15,4.33,4.09,4.28,12678
MFD,20200423,0.695,0.725,0.69,0.71,23189
MFF,20200423,2.85,2.9,2.84,2.86,173581
MFG,20200423,47.27,47.72,45.51,46.13,508742
MGC,20200423,0.435,0.44,0.435,0.44,249231
MGE,20200423,4.07,4.11,4.07,4.09,441596
MGG,20200423,1.7,1.71,1.68,1.68,1508325
MGR,20200423,2.08,2.13,2.03,2.08,20419286
MGX,20200423,0.645,0.65,0.61,0.625,2303965
MHC,20200423,0.005,0.007,0.005,0.005,16092784
MHG,20200423,3.3,3.31,3.3,3.31,317938
MHH,20200423,1.395,1.415,1.365,1.365,1122749
MHJ,20200423,0.325,0.325,0.31,0.31,21800
MIL,20200423,0.28,0.28,0.28,0.28,37833
MIN,20200423,16.55,16.68,16.36,16.42,1291279
MIO,20200423,0.085,0.085,0.085,0.085,34865
MIR,20200423,1.97,1.97,1.925,1.955,106177
MLD,20200423,0.715,0.74,0.7,0.715,301428
MLL,20200423,0.048,0.058,0.048,0.055,670664
MLT,20200423,3.82,3.83,3.74,3.74,244555
MLX,20200423,0.075,0.078,0.074,0.076,1575232
MME,20200423,0.775,0.775,0.74,0.76,19675
MMI,20200423,0.1,0.1,0.096,0.098,207386
MMJ,20200423,0.125,0.13,0.115,0.125,287423
MML,20200423,0.545,0.59,0.54,0.585,431300
MMM,20200423,1.185,1.2,1.15,1.15,1012915
MMS,20200423,6.74,6.96,6.5,6.58,396026
MND,20200423,10.2,10.36,9.78,9.9,424375
MNF,20200423,4.65,4.65,4.5,4.53,53077
MNS,20200423,0.051,0.051,0.05,0.05,166159
MNW,20200423,0.005,0.006,0.005,0.005,2274936
MNY,20200423,1.26,1.317,1.18,1.25,356854
MOC,20200423,0.63,0.64,0.62,0.62,197233
MOE,20200423,2.45,2.45,2.23,2.28,103271
MOT,20200423,1.5,1.51,1.44,1.485,51068
MOZ,20200423,0.56,0.595,0.55,0.56,125395
MP1,20200423,11.66,11.92,11.51,11.56,709516
MPL,20200423,2.58,2.62,2.57,2.62,13641342
MPW,20200423,0.024,0.024,0.022,0.022,1024953
MQG,20200423,98.9,99.06,95.7,96.96,1458678
MRC,20200423,0.22,0.22,0.22,0.22,10000
MRG,20200423,0.009,0.009,0.009,0.009,348267
MRM,20200423,0.078,0.078,0.075,0.075,283236
MRQ,20200423,0.007,0.007,0.006,0.006,4403939
MRR,20200423,0.011,0.011,0.01,0.01,18219886
MSB,20200423,1.99,2.06,1.9,1.965,3212942
MSE,20200423,0.009,0.009,0.007,0.007,3460455
MSM,20200423,0.011,0.011,0.011,0.011,125729
MSR,20200423,0.004,0.004,0.003,0.003,91125959
MSV,20200423,0.39,0.39,0.375,0.375,651436
MTC,20200423,0.185,0.19,0.18,0.185,475577
MTH,20200423,0.007,0.007,0.007,0.007,795305
MTO,20200423,0.64,0.64,0.63,0.63,82182
MTS,20200423,2.6,2.64,2.45,2.49,8069002
MVA,20200423,16.8,17.04,16.75,16.82,17516
MVB,20200423,17.91,17.91,17.27,17.64,30497
MVE,20200423,22.74,22.74,22.74,22.74,2132
MVF,20200423,0.8,0.81,0.705,0.705,597383
MVP,20200423,6.95,7.29,6.7,6.75,223071
MVR,20200423,23.55,23.84,23.55,23.66,6388
MVS,20200423,15.03,15.03,14.9,14.9,2534
MVW,20200423,23.67,23.85,23.37,23.5,51310
MWR,20200423,0.09,0.093,0.085,0.09,186818
MWY,20200423,0.95,0.955,0.925,0.925,47068
MX1,20200423,0.145,0.145,0.135,0.135,1711056
MXC,20200423,0.031,0.031,0.029,0.029,3286172
MXR,20200423,0.033,0.033,0.033,0.033,28000
MXT,20200423,1.775,1.8,1.76,1.795,564597
MYE,20200423,0.7,0.705,0.7,0.7,369094
MYL,20200423,0.041,0.041,0.038,0.038,2254205
MYQ,20200423,0.17,0.19,0.16,0.16,150129
MYR,20200423,0.2,0.2,0.185,0.195,4734693
MYS,20200423,3.69,3.78,3.67,3.78,158973
MYX,20200423,0.385,0.385,0.345,0.355,6648574
MZZ,20200423,0.165,0.175,0.165,0.17,309022
NAB,20200423,16.02,16.11,15.59,15.72,8362748
NAE,20200423,0.003,0.003,0.003,0.003,654025
NAG,20200423,0.043,0.044,0.043,0.044,50000
NAM,20200423,0.29,0.29,0.29,0.29,306
NAN,20200423,6.35,6.49,6.025,6.13,1083152
NBI,20200423,1.565,1.59,1.49,1.54,360288
NC6,20200423,0.027,0.027,0.027,0.027,25000
NCC,20200423,0.74,0.74,0.74,0.74,3869
NCK,20200423,3.86,3.86,3.64,3.66,245417
NCM,20200423,28.5,28.69,28.03,28.48,4426144
NCZ,20200423,0.23,0.23,0.17,0.17,13165537
NDQ,20200423,23.23,23.34,23.14,23.15,102964
NEA,20200423,1.31,1.36,1.24,1.26,5871083
NEC,20200423,1.175,1.195,1.13,1.15,4450857
NES,20200423,0.03,0.03,0.027,0.027,342500
NET,20200423,0.043,0.047,0.042,0.044,7093686
NEU,20200423,1.455,1.49,1.435,1.46,51355
NEW,20200423,1.005,1.025,1.005,1.015,635903
NGE,20200423,0.425,0.425,0.425,0.425,14000
NGI,20200423,1.21,1.25,1.165,1.225,611669
NHC,20200423,1.43,1.455,1.395,1.425,2437833
NHF,20200423,4.72,4.81,4.67,4.7,932128
NIC,20200423,0.495,0.5,0.485,0.49,1304198
NME,20200423,0.015,0.017,0.015,0.017,30882
NML,20200423,0.105,0.11,0.105,0.105,473960
NMT,20200423,0.155,0.162,0.155,0.162,83610
NOR,20200423,0.029,0.029,0.028,0.028,217297
NOV,20200423,0.165,0.17,0.165,0.17,53158
NOX,20200423,0.19,0.205,0.18,0.19,666714
NSB,20200423,0.175,0.19,0.17,0.19,77878
NSR,20200423,1.57,1.645,1.54,1.63,5494536
NST,20200423,13.62,13.68,13,13.34,6012748
NTD,20200423,0.27,0.27,0.27,0.27,6620
NTL,20200423,0.007,0.007,0.006,0.006,266666
NTM,20200423,0.076,0.077,0.073,0.073,10535772
NTO,20200423,1.185,1.185,1.13,1.18,76958
NTU,20200423,0.021,0.023,0.021,0.021,4970100
NUC,20200423,3,3.1,3,3,72255
NUF,20200423,4.77,4.86,4.64,4.71,832182
NUH,20200423,0.016,0.016,0.015,0.016,673893
NVA,20200423,0.044,0.046,0.043,0.043,1866989
NVO,20200423,0.009,0.012,0.009,0.01,4282707
NVU,20200423,0.056,0.056,0.056,0.056,88915
NVX,20200423,0.3,0.3,0.3,0.3,5000
NWC,20200423,0.011,0.013,0.011,0.013,2392490
NWE,20200423,0.003,0.003,0.003,0.003,4350823
NWH,20200423,1.605,1.64,1.455,1.475,3462406
NWL,20200423,7.5,7.66,7.13,7.26,730102
NWS,20200423,13.79,13.86,13.48,13.68,173561
NXE,20200423,0.006,0.006,0.006,0.006,25500
NXM,20200423,0.042,0.042,0.042,0.042,43000
NXS,20200423,1.462,1.575,1.455,1.49,99897
NXT,20200423,8.7,8.74,8.5,8.61,4302470
NYR,20200423,0.175,0.18,0.17,0.18,38144
NZM,20200423,0.205,0.205,0.185,0.195,142932
NZS,20200423,0.019,0.019,0.018,0.018,1343725
OAU,20200423,0.02,0.02,0.019,0.019,90545
OBL,20200423,3.65,3.71,3.62,3.7,332535
OBM,20200423,0.195,0.21,0.195,0.205,1215982
OCC,20200423,0.305,0.315,0.3,0.305,168037
OCL,20200423,5.6,5.77,5.55,5.55,16298
ODA,20200423,0.1,0.1,0.1,0.1,15000
ODM,20200423,0.031,0.031,0.031,0.031,13333
OEC,20200423,0.7,0.705,0.68,0.69,158837
OEL,20200423,0.006,0.007,0.005,0.006,20359607
OEX,20200423,0.003,0.003,0.003,0.003,1152132
OFX,20200423,1.25,1.267,1.22,1.255,607780
OGA,20200423,0.112,0.115,0.112,0.115,90000
OGC,20200423,2.25,2.38,2.25,2.34,758026
OIL,20200423,0.034,0.036,0.033,0.036,250951
OKR,20200423,0.125,0.13,0.12,0.13,132550
OKU,20200423,0.3,0.305,0.295,0.3,1529955
OLI,20200423,0.053,0.053,0.053,0.053,38813
OLL,20200423,0.185,0.19,0.18,0.18,358049
OMH,20200423,0.36,0.365,0.35,0.36,278532
OML,20200423,0.745,0.81,0.705,0.725,7453134
ONE,20200423,0.057,0.075,0.055,0.073,3966729
ONT,20200423,5.14,5.14,5.14,5.14,2443
ONX,20200423,0.061,0.065,0.061,0.065,265775
OOO,20200423,2.96,3.02,2.78,2.96,5701098
OPC,20200423,4.3,4.5,4.3,4.3,41914
OPH,20200423,2.31,2.36,2.25,2.3,96579
OPL,20200423,0.075,0.075,0.075,0.075,8700
OPT,20200423,2.3,2.35,2.18,2.24,363276
OPY,20200423,0.625,0.7,0.61,0.615,103729
ORA,20200423,2.44,2.47,2.38,2.41,4884580
ORE,20200423,2.11,2.18,2.1,2.18,990255
ORG,20200423,4.8,4.83,4.66,4.72,8920424
ORI,20200423,16.8,17.02,16.63,16.81,858913
ORN,20200423,0.013,0.016,0.013,0.016,1762545
ORR,20200423,0.31,0.31,0.3,0.3,989511
OSH,20200423,2.54,2.54,2.46,2.5,15608566
OSL,20200423,0.11,0.11,0.11,0.11,496779
OSP,20200423,0.012,0.012,0.01,0.01,543256
OSX,20200423,0.605,0.61,0.535,0.545,177098
OTW,20200423,2.96,3.15,2.96,3,22971
OVH,20200423,0.205,0.205,0.195,0.195,109317
OVN,20200423,0.26,0.27,0.255,0.255,61837
OVT,20200423,0.008,0.01,0.008,0.01,2286343
OZF,20200423,13.35,13.35,13.35,13.35,288
OZL,20200423,8.56,8.65,8.42,8.48,1429896
OZR,20200423,9.48,9.5,9.41,9.42,8978
PAA,20200423,0.095,0.105,0.095,0.1,435010
PAB,20200423,0.015,0.015,0.014,0.014,533971
PAC,20200423,4.55,4.57,4.22,4.51,29958
PAF,20200423,0.67,0.675,0.67,0.675,40640
PAI,20200423,0.965,0.985,0.965,0.985,72551
PAK,20200423,0.014,0.014,0.014,0.014,5063
PAL,20200423,0.62,0.625,0.62,0.625,50
PAR,20200423,1.5,1.595,1.487,1.53,1293725
PBH,20200423,3.6,3.66,3.36,3.41,627081
PBP,20200423,1.875,1.9,1.86,1.875,28763
PCG,20200423,0.995,1,0.99,1,11000
PCI,20200423,0.92,0.94,0.9,0.9,248232
PCK,20200423,0.1,0.105,0.097,0.098,1119778
PCL,20200423,0.001,0.001,0.001,0.001,17695891
PDI,20200423,0.07,0.07,0.065,0.065,23543688
PDL,20200423,4.92,5.09,4.77,4.89,842591
PDN,20200423,0.11,0.115,0.1,0.11,8338295
PDZ,20200423,0.125,0.125,0.125,0.125,22060
PE1,20200423,1.335,1.385,1.33,1.38,39122
PEK,20200423,0.016,0.018,0.016,0.018,2990630
PEN,20200423,0.155,0.22,0.15,0.22,5751477
PET,20200423,0.51,0.53,0.51,0.52,918090
PFP,20200423,2.66,2.77,2.66,2.71,64259
PGC,20200423,0.175,0.175,0.165,0.165,125109
PGF,20200423,0.86,0.86,0.83,0.83,137244
PGG,20200423,1.55,1.56,1.505,1.56,141934
PGH,20200423,1.85,1.91,1.825,1.855,447567
PGI,20200423,0.027,0.03,0.027,0.028,191351
PGL,20200423,0.755,0.82,0.75,0.77,189911
PGM,20200423,0.015,0.015,0.015,0.015,235550
PGX,20200423,0.185,0.19,0.18,0.18,57000
PGY,20200423,0.013,0.013,0.012,0.012,1635041
PIA,20200423,0.96,0.985,0.96,0.965,266799
PIC,20200423,0.79,0.795,0.775,0.775,175135
PIO,20200423,0.01,0.012,0.01,0.011,9544249
PIQ,20200423,0.29,0.29,0.285,0.285,213959
PKS,20200423,0.155,0.155,0.15,0.15,168193
PL8,20200423,0.9,0.91,0.9,0.905,165043
PLL,20200423,0.078,0.078,0.076,0.076,1384490
PLS,20200423,0.205,0.215,0.195,0.2,5661701
PM8,20200423,0.135,0.135,0.13,0.13,120000
PMC,20200423,1.25,1.255,1.23,1.23,401435
PME,20200423,24.8,25.18,24.03,24.5,631274
PMV,20200423,12.85,13.215,12.38,12.65,388483
PMY,20200423,0.004,0.004,0.003,0.003,2750000
PNC,20200423,0.24,0.24,0.205,0.235,1404335
PNI,20200423,3.61,3.7,3.53,3.59,625065
PNN,20200423,0.002,0.002,0.002,0.002,700000
PNR,20200423,0.145,0.15,0.14,0.145,3418312
PNV,20200423,2.09,2.105,1.955,1.98,6358771
PNX,20200423,0.008,0.008,0.007,0.007,273131
PO3,20200423,2.45,2.47,2.31,2.4,2657
POD,20200423,0.018,0.019,0.018,0.019,43850
POS,20200423,0.035,0.035,0.031,0.031,28693348
POU,20200423,19.14,19.14,19.13,19.13,10371
PPC,20200423,0.74,0.785,0.695,0.74,44323
PPE,20200423,1.48,1.495,1.415,1.415,271420
PPG,20200423,0.1,0.105,0.1,0.105,35714
PPH,20200423,3.9,3.99,3.81,3.99,124892
PPK,20200423,3.05,3.14,3,3.01,52525
PPS,20200423,0.29,0.29,0.28,0.29,617808
PPT,20200423,26.8,27.62,26.335,26.8,186360
PRN,20200423,0.73,0.78,0.72,0.765,4558467
PRO,20200423,0.415,0.42,0.41,0.42,38500
PRT,20200423,0.1,0.1,0.1,0.1,233000
PRU,20200423,1.1,1.2,1.1,1.17,9387114
PRX,20200423,0.034,0.034,0.033,0.034,996178
PSI,20200423,2.34,2.36,2.34,2.36,9350
PSQ,20200423,1.14,1.18,1.06,1.06,31700
PSZ,20200423,0.016,0.017,0.016,0.017,73000
PTB,20200423,0.475,0.49,0.47,0.47,210996
PTL,20200423,0.395,0.395,0.395,0.395,910155
PTM,20200423,3.43,3.57,3.35,3.51,3032219
PTX,20200423,0.04,0.043,0.04,0.042,2967807
PUA,20200423,0.012,0.013,0.012,0.013,405428
PUR,20200423,0.004,0.004,0.004,0.004,181000
PWG,20200423,0.81,0.81,0.8,0.8,11573
PWH,20200423,3.5,3.56,3.37,3.4,125465
PWN,20200423,0.004,0.004,0.004,0.004,395949
PXS,20200423,0.099,0.099,0.089,0.089,464516
PXX,20200423,0.018,0.018,0.018,0.018,16000
PYC,20200423,0.076,0.076,0.074,0.076,234256
QAG,20200423,4.83,4.88,4.78,4.88,20265
QAN,20200423,3.43,3.46,3.34,3.34,18758318
QAU,20200423,16.85,16.99,16.85,16.98,85303
QBE,20200423,8.15,8.17,7.9,7.95,8485814
QCB,20200423,5.9,5.9,5.53,5.63,18984
QFE,20200423,0.225,0.23,0.22,0.23,71187
QFN,20200423,7.56,7.56,7.38,7.4,2332
QFY,20200423,0.002,0.002,0.001,0.002,8655452
QHL,20200423,0.073,0.073,0.07,0.072,62196
QIP,20200423,1.015,1.05,1.015,1.05,6000
QOZ,20200423,10.3,10.3,10.17,10.19,39045
QRE,20200423,5.19,5.19,5.16,5.17,12500
QRI,20200423,1.4,1.4,1.36,1.4,180851
QUB,20200423,2.23,2.24,2.195,2.22,4623894
QUS,20200423,33.26,33.31,33.23,33.23,1223
QVE,20200423,0.75,0.76,0.75,0.76,44124
RAC,20200423,0.26,0.27,0.26,0.26,151261
RAG,20200423,0.004,0.011,0.004,0.005,49028139
RAN,20200423,0.009,0.009,0.009,0.009,5000
RAP,20200423,0.145,0.15,0.14,0.14,900513
RBL,20200423,0.765,0.8,0.74,0.8,6415664
RBR,20200423,0.007,0.007,0.007,0.007,111111
RCB,20200423,20.82,20.87,20.82,20.87,17375
RCE,20200423,0.36,0.385,0.36,0.37,161848
RCL,20200423,0.29,0.29,0.285,0.285,11563
RCW,20200423,0.18,0.185,0.13,0.13,4085
RDC,20200423,0.625,0.63,0.625,0.63,143466
RDF,20200423,0.415,0.415,0.35,0.35,75806
RDG,20200423,0.023,0.023,0.023,0.023,75000
RDM,20200423,0.072,0.078,0.07,0.078,106364
RDN,20200423,0.005,0.005,0.005,0.005,3753100
RDS,20200423,0.006,0.006,0.006,0.006,75000
RDV,20200423,20.85,20.85,20.63,20.63,9986
RDY,20200423,1.375,1.455,1.375,1.455,28649
REA,20200423,82.49,83.03,78.9,80,737903
RED,20200423,0.2,0.22,0.195,0.195,9447579
REE,20200423,0.032,0.033,0.03,0.03,1779200
REG,20200423,1.38,1.445,1.3,1.31,682720
REH,20200423,8.41,8.46,8.27,8.27,340575
RES,20200423,0.052,0.052,0.05,0.05,350000
REX,20200423,0.85,0.85,0.82,0.82,38198
REZ,20200423,0.014,0.015,0.014,0.014,6161420
RF1,20200423,1.915,1.97,1.915,1.92,14600
RFF,20200423,1.98,1.98,1.91,1.94,525017
RFG,20200423,0.049,0.049,0.047,0.049,63907
RFR,20200423,0.08,0.08,0.078,0.079,780000
RFT,20200423,0.028,0.028,0.028,0.028,33928
RFX,20200423,0.03,0.03,0.027,0.027,1273308
RGB,20200423,23.57,23.61,23.57,23.61,228
RGI,20200423,0.08,0.08,0.075,0.075,68953
RGS,20200423,0.061,0.063,0.061,0.063,36500
RHC,20200423,62.49,62.74,58.82,60.52,2480971
RHP,20200423,1.68,1.68,1.57,1.58,343408
RHT,20200423,0.12,0.12,0.12,0.12,29500
RHY,20200423,0.085,0.085,0.081,0.081,89904
RIC,20200423,0.73,0.75,0.725,0.73,131303
RIO,20200423,87.07,87.6,85.79,86,1727211
RLE,20200423,0.022,0.022,0.022,0.022,43860
RLG,20200423,0.024,0.027,0.024,0.025,6509608
RLT,20200423,1.07,1.07,1.07,1.07,303000
RMC,20200423,0.72,0.72,0.665,0.665,75947
RMD,20200423,25.39,25.55,25,25.16,1948917
RML,20200423,0.13,0.14,0.125,0.13,4568082
RMP,20200423,0.008,0.008,0.008,0.008,30000
RMS,20200423,1.22,1.25,1.2,1.24,12109329
RMY,20200423,0.25,0.25,0.25,0.25,2680
RNE,20200423,0.027,0.027,0.025,0.025,37191
RNU,20200423,0.006,0.007,0.006,0.007,711000
RNX,20200423,0.002,0.002,0.002,0.002,4570000
ROG,20200423,0.002,0.002,0.001,0.001,491001
RRL,20200423,4.41,4.57,4.4,4.54,6494105
RSG,20200423,0.88,0.89,0.85,0.885,10858948
RSH,20200423,0.07,0.071,0.068,0.071,226135
RSM,20200423,21.61,21.61,21.61,21.61,1862
RTG,20200423,0.07,0.07,0.07,0.07,259118
RTR,20200423,0.071,0.071,0.065,0.068,1495847
RUL,20200423,0.9,0.97,0.895,0.92,126560
RVR,20200423,0.061,0.065,0.06,0.063,1253928
RWC,20200423,2.35,2.44,2.27,2.3,11558633
RXL,20200423,0.024,0.024,0.024,0.024,2961175
RXM,20200423,0.052,0.052,0.052,0.052,30000
RXP,20200423,0.235,0.24,0.22,0.225,222104
RZI,20200423,0.45,0.465,0.45,0.465,7077
S2R,20200423,0.1,0.1,0.1,0.1,60000
S32,20200423,1.85,1.88,1.815,1.845,14701185
SAR,20200423,4.32,4.41,4.22,4.28,8975641
SBM,20200423,2.49,2.54,2.43,2.47,7158490
SBW,20200423,0.07,0.07,0.07,0.07,293500
SCG,20200423,2.07,2.095,1.975,2.01,26828432
SCI,20200423,0.008,0.008,0.008,0.008,250000
SCL,20200423,0.01,0.011,0.01,0.011,1448332
SCP,20200423,2.24,2.24,2.13,2.21,7215801
SCU,20200423,0.011,0.012,0.011,0.012,86970
SDF,20200423,2.71,2.76,2.66,2.72,3458742
SDG,20200423,1.05,1.09,1.015,1.03,60931
SDI,20200423,0.7,0.71,0.65,0.685,532700
SDV,20200423,0.6,0.625,0.59,0.615,263776
SDX,20200423,0.056,0.056,0.053,0.055,192317
SE1,20200423,0.015,0.021,0.015,0.018,16419212
SEC,20200423,1.16,1.17,1.155,1.165,69885
SEI,20200423,0.029,0.029,0.029,0.029,43700
SEK,20200423,16.65,16.74,15.655,15.92,2371899
SEN,20200423,0.044,0.044,0.044,0.044,238090
SEQ,20200423,0.185,0.19,0.185,0.19,110000
SER,20200423,0.003,0.004,0.003,0.004,990000
SES,20200423,0.049,0.049,0.048,0.048,179762
SFC,20200423,11.5,11.54,11.36,11.36,1691
SFG,20200423,0.06,0.06,0.055,0.055,700558
SFR,20200423,4.16,4.26,4.05,4.14,1779293
SFX,20200423,0.1,0.105,0.098,0.105,157444
SFY,20200423,48.6,48.8,47.78,47.82,28575
SGF,20200423,1.21,1.22,1.165,1.2,551474
SGH,20200423,0.65,0.65,0.6,0.6,23344
SGI,20200423,0.069,0.07,0.069,0.07,157295
SGM,20200423,6.11,6.24,6.04,6.16,1010380
SGP,20200423,2.64,2.7,2.58,2.63,15908784
SGQ,20200423,0.094,0.099,0.094,0.097,838794
SGR,20200423,2.36,2.38,2.26,2.36,5621843
SHJ,20200423,0.76,0.76,0.76,0.76,10800
SHK,20200423,0.005,0.005,0.005,0.005,156950
SHL,20200423,25.06,25.45,24.95,25,2032172
SHM,20200423,0.46,0.465,0.46,0.46,94000
SHO,20200423,0.026,0.027,0.026,0.026,125153
SHV,20200423,7.39,7.49,7.14,7.34,615253
SIG,20200423,0.605,0.61,0.59,0.6,2620187
SIH,20200423,0.015,0.015,0.015,0.015,285001
SIQ,20200423,5.08,5.16,4.92,4.97,535703
SIT,20200423,0.027,0.027,0.027,0.027,88000
SIV,20200423,0.4,0.43,0.4,0.43,2673
SKC,20200423,2.15,2.19,2.04,2.07,912795
SKF,20200423,0.15,0.15,0.145,0.145,133395
SKI,20200423,1.98,1.99,1.935,1.975,3350630
SKN,20200423,0.074,0.085,0.072,0.082,8382396
SKO,20200423,2.51,2.51,2.35,2.35,26214
SKT,20200423,0.285,0.29,0.285,0.285,70493
SKY,20200423,0.28,0.285,0.275,0.275,867311
SLC,20200423,0.85,0.865,0.785,0.81,981130
SLF,20200423,9.45,9.65,9.45,9.5,148551
SLK,20200423,3.34,3.38,3.21,3.25,71475
SLR,20200423,1.91,1.98,1.86,1.96,11121674
SLX,20200423,0.32,0.34,0.32,0.33,378133
SLZ,20200423,0.069,0.07,0.069,0.07,100000
SM1,20200423,6.64,6.79,6.51,6.51,47848
SMN,20200423,0.45,0.45,0.425,0.43,69223
SMP,20200423,0.405,0.415,0.395,0.41,233605
SMR,20200423,1.02,1.02,1.015,1.02,646648
SNC,20200423,0.68,0.68,0.642,0.65,106640
SND,20200423,0.46,0.47,0.46,0.47,64300
SNL,20200423,3.5,3.5,3.5,3.5,725
SNS,20200423,0.115,0.115,0.11,0.115,420894
SNZ,20200423,5.98,6.08,5.98,6.08,6467
SO4,20200423,0.34,0.34,0.31,0.33,3476271
SOL,20200423,17.41,17.84,17.12,17.25,302326
SOM,20200423,1.035,1.125,1.02,1.12,61712
SOR,20200423,0.043,0.048,0.043,0.045,232480
SP3,20200423,0.058,0.062,0.058,0.062,545563
SPK,20200423,4.31,4.31,4.12,4.13,1419036
SPL,20200423,0.98,0.98,0.89,0.92,401785
SPT,20200423,0.495,0.505,0.47,0.49,651033
SPX,20200423,0.14,0.145,0.14,0.14,3896889
SPY,20200423,448.37,448.37,440.8,442.47,214
SPZ,20200423,0.099,0.105,0.099,0.1,151783
SRG,20200423,0.27,0.295,0.245,0.29,96438
SRI,20200423,0.04,0.04,0.04,0.04,11071
SRV,20200423,2.41,2.41,2.33,2.33,14904
SRZ,20200423,0.009,0.009,0.009,0.009,27500
SSG,20200423,0.43,0.43,0.405,0.41,99117
SSM,20200423,1.865,1.905,1.815,1.835,1594909
ST1,20200423,0.13,0.135,0.13,0.135,365370
STA,20200423,0.125,0.125,0.12,0.12,238740
STG,20200423,0.7,0.705,0.65,0.65,59838
STM,20200423,0.006,0.006,0.006,0.006,100000
STO,20200423,4.2,4.36,4.13,4.26,11333822
STW,20200423,48.9,48.97,48,48.38,170355
STX,20200423,0.12,0.125,0.12,0.125,406390
SUD,20200423,0.052,0.052,0.047,0.047,88219
SUH,20200423,0.016,0.016,0.016,0.016,380491
SUL,20200423,5.5,5.69,5.36,5.5,1720210
SUN,20200423,9.24,9.26,8.91,9.02,5069246
SVA,20200423,0.021,0.021,0.021,0.021,100000
SVL,20200423,0.088,0.088,0.084,0.087,1381968
SVM,20200423,0.12,0.12,0.12,0.12,433099
SVW,20200423,12.87,13.23,12.65,13.14,411544
SVY,20200423,0.4,0.43,0.37,0.42,626592
SW1,20200423,0.017,0.018,0.016,0.017,208126
SWF,20200423,0.155,0.155,0.147,0.15,1988281
SWK,20200423,0.14,0.14,0.13,0.13,97136
SWM,20200423,0.093,0.096,0.086,0.086,5222993
SXA,20200423,0.06,0.06,0.06,0.06,150000
SXE,20200423,0.395,0.4,0.39,0.4,94590
SXL,20200423,0.12,0.125,0.112,0.115,34936684
SXY,20200423,0.2,0.205,0.195,0.205,4130061
SYA,20200423,0.008,0.008,0.008,0.008,770124
SYD,20200423,5.63,5.69,5.53,5.55,8231045
SYI,20200423,21.64,21.64,21.3,21.3,1508
SYR,20200423,0.215,0.22,0.205,0.21,3074362
SZL,20200423,1.41,1.45,1.39,1.395,163047
TAH,20200423,2.83,2.86,2.76,2.8,6028351
TAM,20200423,0.041,0.043,0.041,0.042,1201040
TAO,20200423,0.046,0.05,0.046,0.05,58481
TAP,20200423,0.085,0.088,0.084,0.084,82920
TAS,20200423,0.034,0.038,0.032,0.037,560286
TBR,20200423,5.85,6.2,5.8,6.07,78236
TCL,20200423,12.64,12.68,12.34,12.59,6586284
TCN,20200423,0.031,0.031,0.031,0.031,77000
TD1,20200423,0.028,0.028,0.027,0.027,2493157
TDI,20200423,1.45,1.495,1.45,1.47,44343
TDY,20200423,0.165,0.175,0.155,0.175,6345
TEG,20200423,0.026,0.028,0.023,0.023,1062284
TEK,20200423,0.19,0.19,0.185,0.185,23000
TER,20200423,0.098,0.1,0.096,0.1,978057
TFL,20200423,0.092,0.092,0.09,0.09,126000
TGA,20200423,0.091,0.145,0.091,0.13,4525919
TGF,20200423,1.08,1.11,1.08,1.085,227213
TGG,20200423,1.12,1.13,1.115,1.115,71142
TGH,20200423,0.12,0.12,0.12,0.12,4937
TGP,20200423,0.88,0.89,0.875,0.875,173330
TGR,20200423,3.7,3.75,3.66,3.72,1092571
THC,20200423,0.31,0.315,0.305,0.305,188188
THR,20200423,0.006,0.007,0.006,0.006,1140250
TIE,20200423,0.255,0.275,0.255,0.265,1754273
TIG,20200423,0.006,0.006,0.006,0.006,73701
TIP,20200423,0.59,0.6,0.59,0.6,2960
TLG,20200423,0.275,0.285,0.27,0.28,153927
TLM,20200423,0.08,0.08,0.076,0.076,125000
TLS,20200423,3.06,3.07,3.01,3.02,25377064
TLX,20200423,1.11,1.145,1.1,1.105,384743
TMG,20200423,0.052,0.052,0.05,0.05,52300
TMR,20200423,0.17,0.175,0.17,0.175,151171
TMX,20200423,0.004,0.006,0.004,0.004,4314577
TNE,20200423,8.66,8.76,8.42,8.52,1215740
TNG,20200423,0.056,0.059,0.056,0.057,250834
TNK,20200423,0.81,0.86,0.81,0.86,6397
TNR,20200423,0.015,0.019,0.015,0.016,2250088
TNT,20200423,0.055,0.056,0.052,0.052,1843993
TNY,20200423,1.02,1.08,1.02,1.02,57969
TOE,20200423,0.007,0.008,0.007,0.008,455000
TON,20200423,0.029,0.032,0.029,0.031,1160453
TOP,20200423,0.395,0.4,0.395,0.395,27404
TOT,20200423,0.88,0.89,0.88,0.89,94449
TPM,20200423,7.36,7.44,7.23,7.39,453129
TPW,20200423,3.14,3.39,3.06,3.28,300542
TRL,20200423,0.013,0.013,0.012,0.012,100000
TRS,20200423,2.71,2.72,2.67,2.7,78241
TRT,20200423,0.013,0.013,0.013,0.013,1218
TRY,20200423,0.081,0.081,0.079,0.08,557902
TSC,20200423,0.006,0.006,0.006,0.006,8087976
TSL,20200423,0.033,0.034,0.033,0.034,199967
TSO,20200423,0.073,0.077,0.068,0.074,4943910
TTB,20200423,0.35,0.375,0.35,0.35,156537
TTM,20200423,0.061,0.061,0.061,0.061,70000
TTT,20200423,0.76,0.77,0.73,0.74,151059
TWD,20200423,2.4,2.4,2.4,2.4,250
TWE,20200423,10,10.22,9.8,9.8,7189651
TYR,20200423,2.75,2.89,2.67,2.7,1360702
TYX,20200423,0.002,0.002,0.002,0.002,100000
TZL,20200423,0.055,0.055,0.05,0.052,163160
UBA,20200423,17.3,17.48,17.3,17.42,1532
UBE,20200423,20.11,20.33,20.11,20.33,2343
UBI,20200423,0.195,0.2,0.195,0.2,511812
UBJ,20200423,23.48,23.48,23.48,23.48,440
UBN,20200423,0.046,0.046,0.046,0.046,355449
UBP,20200423,28.35,28.7,28.35,28.55,2481
UBW,20200423,27.61,28,27.61,27.75,2288
UCM,20200423,0.21,0.21,0.195,0.2,250340
UCW,20200423,0.097,0.097,0.097,0.097,2000
UMG,20200423,4.65,4.65,4.42,4.47,435320
UNL,20200423,0.025,0.025,0.025,0.025,18183
UNV,20200423,0.145,0.145,0.13,0.13,651974
UOS,20200423,0.7,0.705,0.7,0.705,18400
URF,20200423,0.25,0.25,0.235,0.235,78024
URW,20200423,4.42,4.5,4.37,4.42,1184928
USD,20200423,15.48,15.48,15.32,15.32,67242
UUV,20200423,0.001,0.001,0.001,0.001,970001
UWL,20200423,1.33,1.38,1.295,1.34,3404845
VAE,20200423,65,65.8,65,65.1,3656
VAF,20200423,52.45,52.45,52.36,52.37,35382
VAN,20200423,0.13,0.135,0.115,0.13,355443
VAP,20200423,61.55,61.9,60.31,61.9,60488
VAS,20200423,66.8,66.98,65.6,66.13,223116
VCF,20200423,49.55,49.77,48.93,49.09,6720
VCX,20200423,1.31,1.325,1.26,1.275,16783570
VEA,20200423,1.42,1.45,1.34,1.355,2982515
VEE,20200423,0.45,0.45,0.45,0.45,1500
VEN,20200423,0.042,0.042,0.04,0.04,1020603
VEQ,20200423,49.9,50.5,49.9,50.26,5105
VEU,20200423,66.97,67.47,66.95,67.11,51296
VG1,20200423,2.16,2.17,2.14,2.14,195145
VG8,20200423,2.16,2.17,2.15,2.16,215989
VGB,20200423,53.6,53.73,53.59,53.7,28416
VGE,20200423,62.99,62.99,62.15,62.29,12669
VGI,20200423,9.75,9.89,9.69,9.69,1658
VGL,20200423,1.21,1.215,1.175,1.19,52531
VGS,20200423,75.42,75.74,74.95,74.97,140278
VHT,20200423,1.335,1.385,1.29,1.3,784505
VHY,20200423,45.48,45.48,44.55,44.66,52014
VIC,20200423,0.001,0.001,0.001,0.001,300000
VIF,20200423,51.73,51.73,51.49,51.71,31989
VIP,20200423,0.056,0.056,0.043,0.05,9350924
VKA,20200423,0.007,0.007,0.007,0.007,158901
VLC,20200423,54.5,54.5,53.7,53.72,1448
VMC,20200423,0.17,0.175,0.17,0.175,115750
VML,20200423,0.008,0.011,0.008,0.01,15538137
VMS,20200423,0.014,0.015,0.014,0.014,2058135
VMT,20200423,0.145,0.147,0.145,0.145,57595
VMY,20200423,0.044,0.047,0.043,0.046,610210
VN8,20200423,0.094,0.11,0.094,0.105,292256
VOC,20200423,2.78,2.79,2.61,2.69,2248716
VOR,20200423,0.089,0.098,0.089,0.092,9002
VR1,20200423,0.018,0.019,0.018,0.018,346713
VRC,20200423,0.006,0.006,0.005,0.006,837500
VRL,20200423,1.86,1.865,1.71,1.81,309604
VRS,20200423,0.023,0.023,0.018,0.02,3655199
VRT,20200423,2.72,2.75,2.53,2.6,572844
VRX,20200423,0.08,0.08,0.072,0.075,550509
VSO,20200423,47,47.1,46.25,46.36,3396
VTG,20200423,0.955,0.975,0.925,0.95,235023
VTH,20200423,0.685,0.71,0.68,0.685,123797
VTS,20200423,220.52,221.3,219.89,219.89,18494
VUK,20200423,1.32,1.33,1.29,1.29,2993540
VUL,20200423,0.19,0.2,0.185,0.2,295977
VVA,20200423,1.715,1.995,1.715,1.89,28621
VVR,20200423,2.38,2.4,2.34,2.39,3455775
VXR,20200423,0.069,0.069,0.069,0.069,287000
VYS,20200423,0.052,0.052,0.052,0.052,20000
WAA,20200423,0.88,0.895,0.85,0.85,19710
WAF,20200423,0.565,0.625,0.56,0.61,13887597
WAM,20200423,1.83,1.83,1.755,1.765,665158
WAT,20200423,2.1,2.1,2.1,2.1,8888
WAX,20200423,1.17,1.18,1.125,1.15,127819
WBC,20200423,15.46,15.53,15.09,15.28,11694870
WBE,20200423,0.004,0.004,0.004,0.004,1306035
WBT,20200423,0.35,0.37,0.34,0.365,135027
WEB,20200423,2.33,2.38,2.25,2.28,4019599
WEC,20200423,0.072,0.072,0.072,0.072,35237
WEL,20200423,0.018,0.018,0.017,0.017,635142
WES,20200423,37.14,37.19,36.3,36.56,2099436
WGB,20200423,1.815,1.86,1.815,1.83,85916
WGN,20200423,0.74,0.77,0.695,0.705,1136470
WGO,20200423,0.12,0.12,0.11,0.12,217787
WGX,20200423,2.15,2.16,2.07,2.14,16429180
WHC,20200423,1.775,1.81,1.735,1.75,4239498
WHF,20200423,4.38,4.41,4.33,4.33,28709
WHK,20200423,0.055,0.058,0.055,0.055,2067997
WIC,20200423,0.83,0.85,0.83,0.85,108560
WJA,20200423,0.078,0.08,0.078,0.08,186666
WKT,20200423,0.125,0.125,0.125,0.125,159824
WLD,20200423,0.041,0.041,0.041,0.041,5036
WLE,20200423,0.965,0.965,0.94,0.945,944215
WMI,20200423,1.05,1.07,1.03,1.03,107936
WML,20200423,0.012,0.013,0.012,0.012,431200
WNB,20200423,0.012,0.012,0.011,0.012,9757642
WND,20200423,0.94,0.94,0.935,0.94,50551
WOA,20200423,0.14,0.15,0.14,0.15,33333
WOR,20200423,6.78,6.9,6.66,6.75,1516920
WOW,20200423,36.45,36.5,35.71,36.13,1959254
WPL,20200423,20,20.16,19.69,20,3682796
WPP,20200423,0.25,0.255,0.24,0.255,355984
WQG,20200423,1.12,1.13,1.11,1.115,194337
WRM,20200423,0.004,0.004,0.004,0.004,400000
WSA,20200423,2.08,2.205,2.08,2.14,1864052
WSI,20200423,0.014,0.014,0.013,0.013,503500
WSP,20200423,1.75,1.77,1.65,1.69,268284
WTC,20200423,16.35,17.22,15.84,16.07,1946601
WWI,20200423,0.012,0.012,0.012,0.012,42000
WZR,20200423,0.125,0.125,0.115,0.125,3302631
XAM,20200423,0.029,0.029,0.029,0.029,40000
XCD,20200423,0.005,0.005,0.005,0.005,1000000
XF1,20200423,0.088,0.09,0.088,0.09,100000
XPE,20200423,0.002,0.002,0.001,0.001,3038517
XPL,20200423,0.051,0.051,0.05,0.05,282188
XRF,20200423,0.2,0.205,0.2,0.2,69631
XRO,20200423,76,77.19,75,75.73,405074
XTC,20200423,0.004,0.004,0.004,0.004,12703666
XTD,20200423,0.025,0.025,0.025,0.025,40000
XTE,20200423,0.54,0.55,0.54,0.55,30720
YAL,20200423,2.09,2.13,2.09,2.13,17691
YBR,20200423,0.058,0.058,0.058,0.058,25000
YOJ,20200423,0.03,0.03,0.029,0.029,1640218
YPB,20200423,0.003,0.003,0.003,0.003,1050386
YRL,20200423,0.195,0.195,0.195,0.195,15000
Z1P,20200423,2.09,2.13,1.93,1.94,6101601
ZEL,20200423,2.98,3.05,2.95,2.98,87915
ZEN,20200423,1.01,1.01,1,1.005,746967
ZLD,20200423,0.047,0.048,0.042,0.046,787908
ZNC,20200423,0.05,0.05,0.05,0.05,17874
ZNO,20200423,1.7,1.78,1.68,1.705,1749709
XAF,20200423,5157.8,5212.1,5112.5,5147,0
XAO,20200423,5276.1,5337.9,5238.8,5272.8,1172142300
XAT,20200423,5167.2,5228.6,5128.9,5164.4,0
XDJ,20200423,1977,2007.9,1964.7,1974.4,0
XEC,20200423,1063.7,1092.5,1063.8,1079.8,0
XEJ,20200423,6266.9,6464.6,6266.9,6403.4,0
XFJ,20200423,4150.5,4201,4092.1,4129,0
XFL,20200423,5186.1,5241.3,5140.9,5176.1,0
XGD,20200423,7002.9,7331.2,7002.9,7305.5,0
XHJ,20200423,43284.9,43666.5,42037.1,42426.4,0
XIJ,20200423,1160,1186.3,1156.4,1164.9,0
XJO,20200423,5221.2,5282.6,5181.7,5217.1,0
XJR,20200423,3674.2,3797.1,3674.2,3767.9,0
XKO,20200423,5179.4,5242.1,5142.2,5177.2,0
XMD,20200423,5592.1,5683.4,5570,5614.4,0
XMJ,20200423,11097.5,11443.7,11097.5,11345.9,0
XMM,20200423,3689.2,3822.1,3689.2,3790.3,0
XNJ,20200423,5168.5,5234.6,5123,5166.3,0
XPJ,20200423,1093.1,1100.4,1072.7,1081.7,0
XSJ,20200423,12136.2,12190.7,11966.8,12038,0
XSO,20200423,2214.3,2262.6,2212.2,2225.4,0
XTJ,20200423,1047.4,1063.8,1037.5,1042.2,0
XTL,20200423,2942.5,2975.7,2915.1,2937.9,0
XTO,20200423,4327.8,4376.1,4293,4323.1,0
XUJ,20200423,7598.9,7730,7473.7,7576.5,0
XXJ,20200423,4629.2,4685.5,4564.1,4605.2,0
