360,20200205,3.31,3.38,3.31,3.37,121269
14D,20200205,0.175,0.185,0.175,0.185,44238
1ST,20200205,0.061,0.061,0.056,0.058,877429
2BE,20200205,0.11,0.11,0.11,0.11,1700
3DA,20200205,0.29,0.32,0.28,0.3,539467
3DP,20200205,0.044,0.045,0.044,0.045,491989
3PL,20200205,0.825,0.825,0.815,0.82,3681
4DS,20200205,0.06,0.061,0.059,0.059,612872
5GN,20200205,0.96,0.97,0.92,0.94,336259
88E,20200205,0.022,0.022,0.021,0.022,16528553
8CO,20200205,0.088,0.088,0.088,0.088,73805
8EC,20200205,0.079,0.079,0.078,0.078,329365
8IH,20200205,0.145,0.15,0.14,0.15,103500
9SP,20200205,0.019,0.021,0.019,0.021,5506191
A1M,20200205,0.325,0.325,0.32,0.325,36067
A2B,20200205,1.435,1.48,1.435,1.48,59028
A2M,20200205,14.26,14.3,13.96,14.22,2743203
A3D,20200205,0.14,0.145,0.14,0.145,157901
A4N,20200205,0.26,0.27,0.255,0.255,1243758
AAA,20200205,50.08,50.08,50.07,50.07,337665
AAC,20200205,1.115,1.135,1.115,1.135,370732
AAJ,20200205,0.003,0.003,0.003,0.003,333333
AAR,20200205,0.11,0.115,0.11,0.115,237482
ABA,20200205,6.17,6.19,6.12,6.17,7925
ABC,20200205,3.48,3.55,3.47,3.53,2142149
ABP,20200205,3.79,3.79,3.72,3.75,1077743
ABR,20200205,0.445,0.48,0.435,0.46,1034671
ABT,20200205,0.05,0.05,0.05,0.05,5275
ABV,20200205,0.032,0.04,0.032,0.036,548431
ABX,20200205,0.115,0.115,0.115,0.115,50351
AC8,20200205,0.31,0.31,0.29,0.295,405347
ACB,20200205,0.008,0.008,0.008,0.008,40656
ACF,20200205,0.35,0.35,0.35,0.35,40972
ACQ,20200205,1.185,1.185,1.175,1.175,19000
ACR,20200205,0.175,0.175,0.165,0.165,572864
ACU,20200205,0.15,0.15,0.14,0.14,20708
ACW,20200205,0.033,0.034,0.033,0.033,1364151
AD8,20200205,7.62,8.1,7.62,8.09,210632
ADA,20200205,0.64,0.695,0.625,0.625,65618
ADD,20200205,0.038,0.04,0.038,0.038,700271
ADH,20200205,2.18,2.2,2.15,2.15,585322
ADI,20200205,3.09,3.09,3.05,3.08,118465
ADN,20200205,0.044,0.046,0.044,0.044,4341686
ADO,20200205,0.028,0.029,0.027,0.029,802942
ADR,20200205,0.035,0.035,0.031,0.031,961005
ADT,20200205,1.66,1.665,1.62,1.625,347567
ADV,20200205,0.003,0.003,0.003,0.003,3611956
ADX,20200205,0.008,0.008,0.008,0.008,7343526
ADY,20200205,0.006,0.006,0.005,0.005,1000000
AEE,20200205,0.005,0.005,0.005,0.005,4500000
AEF,20200205,4.7,4.91,4.68,4.9,256534
AEG,20200205,1.115,1.12,1.115,1.12,83376
AEI,20200205,0.365,0.375,0.365,0.365,14356
AER,20200205,0.15,0.15,0.15,0.15,7000
AEV,20200205,0.012,0.014,0.012,0.014,50000
AFG,20200205,2.88,2.9,2.84,2.85,260653
AFI,20200205,7.16,7.22,7.15,7.17,264298
AFR,20200205,0.035,0.035,0.034,0.034,303594
AGG,20200205,5.91,5.92,5.83,5.92,16014
AGH,20200205,0.43,0.43,0.405,0.42,370936
AGI,20200205,0.665,0.705,0.66,0.705,51167
AGL,20200205,19.87,19.9,19.54,19.56,1952226
AGM,20200205,2.02,2.08,2.02,2.02,58112
AGR,20200205,0.11,0.11,0.11,0.11,40298
AGS,20200205,0.11,0.11,0.11,0.11,44100
AGY,20200205,0.077,0.082,0.077,0.08,2331477
AHF,20200205,0.095,0.098,0.094,0.094,492485
AHL,20200205,0.007,0.007,0.006,0.006,648095
AHX,20200205,0.49,0.49,0.49,0.49,2000
AHY,20200205,1.105,1.11,1.1,1.11,28329
AHZ,20200205,0.078,0.084,0.078,0.084,1819244
AIA,20200205,8,8.21,8,8.18,314165
AIB,20200205,0.12,0.12,0.12,0.12,2194
AIR,20200205,0.72,0.73,0.72,0.73,5954
AIS,20200205,0.06,0.06,0.06,0.06,711517
AIV,20200205,0.145,0.15,0.145,0.15,31000
AIZ,20200205,2.65,2.68,2.64,2.68,152096
AJC,20200205,0.001,0.001,0.001,0.001,18673363
AJJ,20200205,0.082,0.082,0.082,0.082,2012
AJL,20200205,0.07,0.082,0.07,0.082,54059
AJQ,20200205,0.058,0.058,0.057,0.057,45000
AJX,20200205,0.062,0.064,0.061,0.063,440139
AKG,20200205,0.53,0.55,0.53,0.55,38400
AKM,20200205,0.12,0.12,0.12,0.12,47572
AKP,20200205,14.3,14.37,13.8,13.98,19753
AL8,20200205,0.016,0.016,0.016,0.016,175000
ALC,20200205,0.205,0.215,0.205,0.21,719921
ALF,20200205,0.985,0.99,0.985,0.99,271503
ALG,20200205,1.36,1.37,1.34,1.35,564865
ALI,20200205,2.53,2.55,2.52,2.52,55992
ALK,20200205,0.79,0.85,0.785,0.85,3861557
ALL,20200205,36.63,36.93,36.44,36.84,1848397
ALQ,20200205,9.64,9.67,9.57,9.64,1869100
ALT,20200205,0.003,0.003,0.003,0.003,900000
ALU,20200205,40.13,41.04,40.13,41.01,494520
ALX,20200205,8.13,8.17,8.06,8.15,2455662
AMA,20200205,0.92,0.92,0.875,0.88,2810636
AMC,20200205,16.06,16.17,16.005,16.01,3415528
AMD,20200205,0.007,0.007,0.007,0.007,60762
AME,20200205,0.031,0.032,0.031,0.032,364711
AMG,20200205,0.061,0.061,0.054,0.055,618807
AMH,20200205,1,1.005,0.995,1.005,97620
AMI,20200205,0.425,0.43,0.415,0.415,1841532
AML,20200205,0.14,0.15,0.14,0.14,282153
AMN,20200205,0.485,0.485,0.435,0.435,68144
AMP,20200205,1.785,1.805,1.755,1.765,10467912
AMS,20200205,1.39,1.4,1.365,1.395,163847
AMX,20200205,2.27,2.37,2.27,2.33,227671
ANA,20200205,0.013,0.014,0.013,0.013,1478460
ANG,20200205,0.215,0.215,0.205,0.205,52760
ANL,20200205,0.002,0.002,0.002,0.002,35431830
ANN,20200205,32.36,32.69,32.245,32.45,474313
ANO,20200205,5.94,6,5.8,5.87,37795
ANP,20200205,0.061,0.063,0.06,0.06,915694
ANR,20200205,0.295,0.3,0.28,0.29,38681
ANZ,20200205,25.88,25.9,25.63,25.82,4627103
AOA,20200205,0.002,0.002,0.002,0.002,9613356
AOF,20200205,3,3,2.98,2.98,62895
AOP,20200205,0.23,0.23,0.23,0.23,80560
AOU,20200205,0.062,0.062,0.062,0.062,150000
APA,20200205,11.51,11.53,11.17,11.3,2351086
APC,20200205,0.096,0.096,0.095,0.095,218605
APD,20200205,0.67,0.7,0.67,0.68,91414
APE,20200205,9,9.08,8.73,8.77,372266
APH,20200205,0.15,0.15,0.15,0.15,7016
API,20200205,1.3,1.31,1.295,1.305,354947
APL,20200205,1.03,1.04,1.025,1.03,848842
APT,20200205,40.15,40.73,38.6,39.2,2354848
APV,20200205,0.245,0.255,0.225,0.245,909962
APX,20200205,25.74,26.705,25.74,26.22,1397238
APZ,20200205,1.16,1.175,1.16,1.16,3868
AQG,20200205,6.5,6.57,6.19,6.49,999248
AQI,20200205,0.052,0.056,0.052,0.054,348034
AQR,20200205,3.69,3.75,3.68,3.71,91541
AQX,20200205,0.027,0.031,0.027,0.03,4937495
AQZ,20200205,2.49,2.54,2.49,2.52,63906
AR9,20200205,0.11,0.11,0.11,0.11,36442
ARB,20200205,18.36,18.88,18.28,18.84,205886
ARD,20200205,0.015,0.017,0.015,0.015,1175816
ARE,20200205,0.006,0.006,0.005,0.006,855000
ARF,20200205,3.12,3.14,3.07,3.08,179669
ARG,20200205,8.9,8.92,8.86,8.87,151179
ARL,20200205,0.49,0.5,0.475,0.5,83250
ARM,20200205,0.009,0.009,0.009,0.009,433694
ARN,20200205,0.14,0.145,0.13,0.145,299907
ARQ,20200205,0.36,0.375,0.36,0.375,49503
ARS,20200205,0.019,0.019,0.018,0.018,1767572
ARU,20200205,0.071,0.075,0.07,0.075,2106361
ARV,20200205,0.029,0.029,0.026,0.026,2543898
ASB,20200205,3.99,4.045,3.965,4.03,1900807
ASG,20200205,1.61,1.635,1.61,1.615,557403
ASH,20200205,0.44,0.44,0.44,0.44,15000
ASN,20200205,0.035,0.037,0.034,0.037,313918
AST,20200205,1.76,1.765,1.735,1.74,5132622
ASX,20200205,85.86,86.24,85.34,85.74,270654
ATC,20200205,0.105,0.105,0.098,0.098,130856
ATL,20200205,0.35,0.35,0.325,0.325,240169
ATS,20200205,0.08,0.08,0.078,0.079,491014
ATU,20200205,0.34,0.34,0.34,0.34,416733
ATX,20200205,0.072,0.072,0.072,0.072,16000
AU8,20200205,0.085,0.089,0.083,0.086,983864
AUB,20200205,12.98,13.21,12.755,13.04,83135
AUC,20200205,0.017,0.017,0.016,0.016,3244987
AUI,20200205,10.12,10.2,10.12,10.19,3383
AUP,20200205,2.91,2.91,2.91,2.91,514
AUR,20200205,0.02,0.02,0.018,0.018,54001
AUT,20200205,0.022,0.022,0.018,0.019,16399545
AUZ,20200205,0.015,0.016,0.015,0.015,984600
AV1,20200205,0.22,0.225,0.215,0.215,515684
AVA,20200205,0.145,0.145,0.145,0.145,23189
AVE,20200205,0.004,0.004,0.004,0.004,2000000
AVG,20200205,0.49,0.49,0.49,0.49,15395
AVH,20200205,0.73,0.74,0.725,0.725,8848022
AVJ,20200205,0.615,0.62,0.615,0.62,40875
AVL,20200205,0.012,0.012,0.012,0.012,6675951
AVN,20200205,2.89,2.96,2.88,2.91,171063
AVW,20200205,0.002,0.002,0.002,0.002,6126667
AVZ,20200205,0.068,0.07,0.066,0.07,25107062
AWC,20200205,2.12,2.14,2.11,2.13,8399432
AWY,20200205,0.034,0.034,0.034,0.034,262000
AX1,20200205,1.76,1.785,1.735,1.765,748436
AX8,20200205,0.032,0.034,0.031,0.034,120675
AXE,20200205,0.245,0.25,0.24,0.245,596432
AYS,20200205,0.315,0.32,0.305,0.31,181605
AZI,20200205,0.008,0.008,0.007,0.007,3472462
AZJ,20200205,5.33,5.36,5.29,5.31,6640900
AZS,20200205,0.135,0.175,0.135,0.145,2388806
AZV,20200205,0.091,0.093,0.091,0.093,78659
AZY,20200205,0.012,0.012,0.012,0.012,60000
BAF,20200205,0.865,0.87,0.86,0.87,265891
BAP,20200205,6.57,6.92,6.57,6.81,2176896
BAS,20200205,0.002,0.002,0.002,0.002,10504615
BAT,20200205,0.007,0.007,0.007,0.007,1538542
BBC,20200205,0.6,0.605,0.6,0.6,22915
BBN,20200205,3.38,3.5,3.32,3.34,249377
BBX,20200205,0.125,0.125,0.125,0.125,35904
BC8,20200205,0.37,0.37,0.365,0.365,54646
BCB,20200205,0.056,0.058,0.056,0.058,74256
BCC,20200205,0.335,0.35,0.335,0.345,73033
BCI,20200205,0.165,0.17,0.16,0.17,619945
BCK,20200205,0.026,0.026,0.026,0.026,27506
BCN,20200205,0.034,0.034,0.033,0.034,682786
BCT,20200205,0.13,0.135,0.125,0.125,371519
BD1,20200205,0.032,0.033,0.032,0.032,1811732
BDA,20200205,0.27,0.27,0.27,0.27,31177
BDC,20200205,0.08,0.081,0.077,0.081,784907
BDG,20200205,0.078,0.078,0.07,0.078,67968
BEE,20200205,0.015,0.015,0.015,0.015,220000
BEM,20200205,0.042,0.045,0.042,0.045,12000
BEN,20200205,10.32,10.39,10.29,10.32,1531458
BET,20200205,0.32,0.377,0.305,0.375,21904914
BFC,20200205,0.084,0.084,0.079,0.079,1308202
BFG,20200205,1.375,1.4,1.35,1.35,245039
BGA,20200205,4.42,4.45,4.36,4.37,332976
BGL,20200205,0.47,0.47,0.455,0.455,705236
BGT,20200205,0.175,0.175,0.17,0.17,172411
BHP,20200205,38.8,38.95,38.77,38.89,5195122
BID,20200205,1.07,1.08,1.025,1.05,673279
BIN,20200205,2.75,2.78,2.715,2.74,1591038
BIT,20200205,0.085,0.085,0.079,0.082,8723442
BKI,20200205,1.725,1.735,1.72,1.73,325596
BKL,20200205,93.97,95,93,94.95,107368
BKT,20200205,0.048,0.048,0.048,0.048,124700
BKW,20200205,19.9,20,19.82,20,78344
BKY,20200205,0.2,0.205,0.2,0.2,886864
BLD,20200205,4.91,5.05,4.9,5.02,6821798
BLG,20200205,0.089,0.089,0.082,0.083,441246
BLK,20200205,0.011,0.011,0.01,0.011,16340742
BLT,20200205,0.034,0.036,0.034,0.036,58174
BLU,20200205,0.043,0.043,0.042,0.042,625000
BLV,20200205,0.25,0.25,0.25,0.25,229
BLX,20200205,1.065,1.065,1.02,1.065,294620
BLY,20200205,1.54,1.54,1.5,1.51,11245
BLZ,20200205,0.016,0.016,0.016,0.016,10000
BMG,20200205,0.004,0.004,0.004,0.004,91783
BMN,20200205,0.038,0.038,0.037,0.037,333578
BNL,20200205,0.007,0.007,0.007,0.007,1800000
BNO,20200205,0.066,0.07,0.066,0.07,8111
BOC,20200205,0.27,0.27,0.27,0.27,7859
BOE,20200205,0.047,0.047,0.045,0.046,1720348
BOL,20200205,0.125,0.125,0.125,0.125,5000
BOQ,20200205,7.58,7.58,7.45,7.45,1714206
BOT,20200205,0.097,0.097,0.092,0.093,1245034
BPH,20200205,0.001,0.001,0.001,0.001,750000
BPL,20200205,0.017,0.019,0.017,0.019,529840
BPT,20200205,2.5,2.52,2.42,2.44,8783289
BRB,20200205,0.24,0.25,0.24,0.25,90470
BRG,20200205,18.21,18.99,18.21,18.96,238427
BRI,20200205,1.61,1.61,1.575,1.6,14420
BRL,20200205,0.105,0.115,0.105,0.115,556924
BRN,20200205,0.05,0.051,0.049,0.05,1640838
BRV,20200205,0.019,0.02,0.019,0.02,7745183
BSA,20200205,0.39,0.4,0.39,0.395,228171
BSE,20200205,0.25,0.25,0.24,0.25,610400
BSL,20200205,14,14.4,13.92,14.4,2488610
BSM,20200205,0.005,0.006,0.005,0.005,1957680
BSR,20200205,0.013,0.013,0.013,0.013,3049064
BSX,20200205,0.17,0.175,0.165,0.165,720146
BTC,20200205,0.14,0.14,0.14,0.14,35236
BTH,20200205,0.95,0.97,0.935,0.95,1667388
BTI,20200205,1.085,1.085,1.07,1.08,40600
BUB,20200205,0.755,0.775,0.745,0.745,8304480
BUD,20200205,0.03,0.032,0.029,0.032,5284687
BUG,20200205,0.23,0.23,0.23,0.23,1424
BUY,20200205,0.005,0.005,0.005,0.005,490000
BVS,20200205,5.58,5.71,5.545,5.65,1038861
BWP,20200205,4.12,4.14,4.08,4.08,1024475
BWX,20200205,4.06,4.32,4.06,4.31,937431
BXB,20200205,12.5,12.55,12.35,12.39,2399530
BYE,20200205,0.27,0.285,0.27,0.275,983958
BYH,20200205,0.042,0.042,0.042,0.042,800
C6C,20200205,0.76,0.76,0.75,0.75,81016
CAA,20200205,0.12,0.13,0.12,0.13,574768
CAF,20200205,0.125,0.125,0.125,0.125,247019
CAG,20200205,0.515,0.535,0.5,0.535,189088
CAI,20200205,0.26,0.27,0.255,0.265,536159
CAJ,20200205,0.255,0.26,0.255,0.255,475669
CAM,20200205,0.97,0.97,0.95,0.955,352877
CAN,20200205,1.23,1.27,1.2,1.26,730431
CAP,20200205,0.03,0.03,0.03,0.03,275750
CAR,20200205,17.28,17.44,17.15,17.24,522821
CAT,20200205,1.925,2.07,1.925,2.02,1047742
CAU,20200205,0.185,0.19,0.18,0.19,92768
CAY,20200205,0.15,0.15,0.145,0.145,801947
CBA,20200205,85,85,83.28,83.28,3166202
CBE,20200205,0.25,0.255,0.245,0.25,648950
CBR,20200205,4.255,4.3,4.15,4.25,136626
CBY,20200205,0.17,0.2,0.17,0.2,79500
CCA,20200205,0.165,0.17,0.165,0.17,11567
CCE,20200205,0.001,0.001,0.001,0.001,1180917
CCG,20200205,0.063,0.066,0.063,0.063,327538
CCL,20200205,12.1,12.17,11.82,11.98,1858309
CCP,20200205,35.8,36.68,35.7,36.54,263896
CCV,20200205,0.23,0.23,0.22,0.23,146247
CCX,20200205,3.09,3.27,3.02,3.23,750861
CCZ,20200205,0.02,0.021,0.02,0.021,101039
CD2,20200205,1.74,1.75,1.735,1.75,21675
CDA,20200205,8.2,8.49,8.16,8.34,616796
CDD,20200205,0.38,0.385,0.375,0.375,180140
CDM,20200205,0.75,0.755,0.735,0.74,760186
CDP,20200205,5.9,5.95,5.87,5.95,1849
CDV,20200205,0.385,0.385,0.37,0.37,400488
CDX,20200205,0.027,0.027,0.026,0.026,2089852
CDY,20200205,0.2,0.205,0.2,0.2,51474
CE1,20200205,0.005,0.005,0.004,0.005,36976685
CEL,20200205,0.17,0.18,0.16,0.18,2606132
CEN,20200205,6.98,7.28,6.9,7,5884
CFE,20200205,0.007,0.007,0.007,0.007,580000
CG1,20200205,0.405,0.405,0.39,0.4,163535
CGA,20200205,0.46,0.475,0.46,0.47,42678
CGB,20200205,0.015,0.016,0.015,0.015,1358247
CGC,20200205,2.91,3.05,2.91,3.03,4206972
CGF,20200205,8.82,8.94,8.78,8.88,822204
CGL,20200205,5.06,5.06,4.93,4.97,44562
CGR,20200205,0.54,0.545,0.535,0.54,659282
CGS,20200205,0.45,0.45,0.45,0.45,111774
CHC,20200205,12.95,12.96,12.72,12.76,1065631
CHK,20200205,0.01,0.01,0.009,0.01,6272492
CHN,20200205,0.275,0.285,0.27,0.28,502383
CHZ,20200205,0.1,0.1,0.096,0.1,835399
CI1,20200205,0.022,0.023,0.022,0.022,1234169
CIA,20200205,2.3,2.4,2.3,2.37,1100128
CIE,20200205,0.835,0.855,0.835,0.855,53686
CIM,20200205,28.73,31.71,28.55,30.93,1689910
CIN,20200205,31.7,31.72,31.6,31.65,2338
CIP,20200205,3.68,3.7,3.64,3.65,401052
CIW,20200205,0.68,0.7,0.68,0.7,40547
CKA,20200205,0.041,0.041,0.04,0.041,1002500
CKF,20200205,8.85,8.94,8.77,8.86,309708
CL1,20200205,2.05,2.05,2.04,2.04,267771
CLA,20200205,0.012,0.012,0.012,0.012,191044
CLH,20200205,1.06,1.065,1.045,1.045,181360
CLQ,20200205,0.25,0.275,0.25,0.27,1044024
CLT,20200205,0.18,0.18,0.18,0.18,4000
CLV,20200205,2.49,2.54,2.44,2.47,214887
CLW,20200205,5.7,5.72,5.595,5.62,1282417
CLZ,20200205,0.002,0.003,0.002,0.002,13182333
CM8,20200205,0.02,0.02,0.02,0.02,140000
CMA,20200205,2.97,2.97,2.93,2.95,900649
CMD,20200205,0.007,0.007,0.007,0.007,8750
CML,20200205,0.018,0.018,0.015,0.015,195875
CMM,20200205,1.225,1.235,1.225,1.23,83638
CMP,20200205,0.692,0.695,0.692,0.695,22110
CMW,20200205,1.215,1.225,1.205,1.205,3973221
CNB,20200205,0.07,0.07,0.07,0.07,25000
CNI,20200205,2.42,2.5,2.41,2.5,1799588
CNJ,20200205,0.008,0.009,0.008,0.009,692485
CNU,20200205,6.22,6.27,6.16,6.21,482364
CNW,20200205,0.034,0.034,0.034,0.034,122860
COB,20200205,0.135,0.145,0.135,0.14,184576
COE,20200205,0.54,0.565,0.54,0.555,2436063
COG,20200205,0.094,0.094,0.09,0.093,125000
COH,20200205,242.03,243.86,240.83,242.27,88187
COI,20200205,0.165,0.165,0.155,0.16,148819
COL,20200205,17,17.02,16.65,16.65,4593584
COO,20200205,0.078,0.078,0.078,0.078,11380
COS,20200205,0.34,0.36,0.33,0.36,139814
CP1,20200205,0.145,0.145,0.13,0.13,44728
CPH,20200205,0.155,0.155,0.15,0.15,570627
CPU,20200205,18.14,18.39,17.94,18.04,2151151
CPV,20200205,0.16,0.165,0.16,0.165,8701
CQE,20200205,3.43,3.58,3.39,3.42,585126
CQR,20200205,4.88,4.91,4.83,4.83,2204565
CRM,20200205,0.2,0.23,0.2,0.23,40000
CRN,20200205,2.06,2.07,2,2.01,398109
CRO,20200205,0.005,0.005,0.005,0.005,3807374
CSL,20200205,321,321.22,314.47,315.64,778727
CSR,20200205,4.75,4.83,4.75,4.8,2840270
CSS,20200205,0.73,0.73,0.72,0.73,9589
CSV,20200205,0.307,0.307,0.305,0.305,86170
CT1,20200205,0.034,0.036,0.034,0.034,11924269
CTD,20200205,17.76,18.03,17.61,17.71,642868
CTM,20200205,0.011,0.011,0.01,0.011,21428691
CTO,20200205,0.005,0.005,0.004,0.004,185000
CTP,20200205,0.13,0.13,0.125,0.13,388014
CTX,20200205,34.09,34.47,33.59,33.7,843774
CUE,20200205,0.135,0.14,0.135,0.14,84987
CUP,20200205,1.195,1.33,1.195,1.33,409632
CUV,20200205,26.25,26.52,25.24,25.55,187163
CV1,20200205,0.12,0.12,0.115,0.12,1060174
CVF,20200205,0.995,1.01,0.995,1,107330
CVN,20200205,0.33,0.33,0.325,0.325,1196097
CVW,20200205,0.43,0.43,0.4,0.4,153238
CWL,20200205,0.066,0.066,0.066,0.066,80000
CWN,20200205,11.75,11.8,11.48,11.58,1311131
CWP,20200205,8.12,8.4,8.12,8.36,85448
CWX,20200205,0.185,0.185,0.185,0.185,7505
CWY,20200205,2.04,2.04,1.975,2.02,9251872
CXL,20200205,0.78,0.78,0.78,0.78,2264
CXM,20200205,0.041,0.041,0.041,0.041,1500
CXO,20200205,0.035,0.037,0.033,0.037,1480654
CXX,20200205,0.054,0.055,0.054,0.055,110050
CXZ,20200205,0.02,0.02,0.02,0.02,58002
CY5,20200205,0.046,0.046,0.045,0.045,261000
CYC,20200205,1.15,1.155,1.15,1.15,19400
CYG,20200205,1.05,1.05,1.045,1.045,51216
CYL,20200205,2.81,2.81,2.81,2.81,15258
CYP,20200205,1.11,1.155,1.11,1.135,50687
CZI,20200205,0.09,0.092,0.09,0.09,570954
CZL,20200205,0.007,0.007,0.006,0.006,3444189
CZN,20200205,0.004,0.004,0.003,0.003,1782186
D2O,20200205,1.485,1.49,1.48,1.49,49327
DAF,20200205,0.02,0.02,0.019,0.019,51381
DBF,20200205,1.135,1.135,1.12,1.12,30567
DCC,20200205,0.029,0.03,0.028,0.028,943857
DCG,20200205,0.385,0.42,0.385,0.42,587628
DCL,20200205,0.058,0.059,0.058,0.059,176200
DDD,20200205,0.002,0.002,0.002,0.002,1169000
DDR,20200205,6.69,6.84,6.69,6.79,48014
DDT,20200205,0.008,0.009,0.008,0.009,2913580
DEM,20200205,0.24,0.24,0.23,0.23,122651
DEV,20200205,0.056,0.056,0.055,0.055,92806
DGR,20200205,0.07,0.071,0.07,0.071,42000
DHG,20200205,3.8,3.82,3.65,3.69,1160346
DIV,20200205,24.07,24.07,24.07,24.07,60
DJW,20200205,3.39,3.46,3.39,3.43,95413
DKM,20200205,0.15,0.16,0.15,0.16,98000
DLC,20200205,0.004,0.004,0.004,0.004,27500
DME,20200205,0.19,0.19,0.19,0.19,5000
DMP,20200205,55.47,56.14,54.85,55.13,152791
DNA,20200205,0.073,0.073,0.07,0.07,573493
DNK,20200205,0.6,0.602,0.595,0.6,196204
DOR,20200205,0.04,0.04,0.04,0.04,100000
DOW,20200205,7.3,7.45,7.215,7.29,4297400
DRE,20200205,0.005,0.005,0.005,0.005,750000
DRO,20200205,0.225,0.235,0.225,0.235,397669
DRX,20200205,0.011,0.012,0.011,0.011,1329730
DSE,20200205,0.047,0.047,0.047,0.047,7400
DTC,20200205,1.095,1.11,1.07,1.095,250455
DTI,20200205,0.02,0.02,0.02,0.02,321096
DTL,20200205,4.87,4.87,4.67,4.78,635841
DTR,20200205,0.002,0.002,0.002,0.002,14425000
DTS,20200205,0.14,0.15,0.14,0.15,141077
DTZ,20200205,0.063,0.063,0.063,0.063,181238
DUB,20200205,1.13,1.18,1.13,1.14,305180
DUI,20200205,5.12,5.14,5.09,5.1,57255
DVN,20200205,0.14,0.14,0.14,0.14,2387
DW8,20200205,0.007,0.008,0.007,0.008,200000
DWS,20200205,1.1,1.1,1.09,1.1,28064
DXB,20200205,0.14,0.14,0.14,0.14,50000
DXN,20200205,0.045,0.045,0.044,0.044,481000
DXS,20200205,12.95,13.02,12.85,12.89,3370403
DYL,20200205,0.26,0.26,0.26,0.26,2959
E25,20200205,0.165,0.165,0.165,0.165,1395
E2E,20200205,0.003,0.003,0.003,0.003,2159864
E2M,20200205,0.18,0.18,0.18,0.18,131882
EAF,20200205,1.33,1.36,1.33,1.36,91237
EAI,20200205,1.04,1.05,1.04,1.045,177190
EAS,20200205,0.905,0.905,0.9,0.9,14146
EBG,20200205,1,1,1,1,158
EBO,20200205,22.5,22.53,22.5,22.5,450
ECF,20200205,1.29,1.3,1.285,1.295,166912
ECP,20200205,1.09,1.09,1.09,1.09,25000
ECS,20200205,0.046,0.048,0.046,0.047,959376
ECT,20200205,0.001,0.001,0.001,0.001,100000
ECX,20200205,1.64,1.72,1.625,1.7,2284612
ED1,20200205,1.01,1.01,1.005,1.005,30382
EDC,20200205,1.105,1.105,1.105,1.105,4826
EDE,20200205,0.037,0.038,0.035,0.038,931284
EEG,20200205,0.412,0.415,0.39,0.39,195328
EGD,20200205,2.5,2.55,2.5,2.55,151903
EGF,20200205,1.81,1.82,1.81,1.82,189350
EGG,20200205,1.92,1.92,1.91,1.91,6781
EGH,20200205,0.385,0.39,0.385,0.39,127592
EGI,20200205,1.185,1.195,1.185,1.195,35166
EGL,20200205,0.04,0.04,0.04,0.04,100000
EGN,20200205,0.59,0.6,0.59,0.6,110013
EHE,20200205,2.42,2.47,2.4,2.44,642102
EHH,20200205,0.115,0.12,0.115,0.12,69425
EHL,20200205,2.16,2.25,2.09,2.1,1205926
EHX,20200205,0.115,0.115,0.115,0.115,15477
ELD,20200205,7.85,7.85,7.68,7.83,1112157
ELO,20200205,7.28,7.28,7.01,7.08,31245
ELS,20200205,0.37,0.37,0.37,0.37,12540
ELT,20200205,0.003,0.003,0.003,0.003,118055
ELX,20200205,0.815,0.84,0.815,0.825,260814
EM1,20200205,0.01,0.01,0.009,0.009,191315
EM2,20200205,0.15,0.15,0.15,0.15,10000
EML,20200205,5.4,5.49,5.34,5.38,3345607
EMN,20200205,0.15,0.15,0.145,0.145,17135
EMR,20200205,0.045,0.045,0.043,0.045,4428532
EMT,20200205,0.012,0.012,0.012,0.012,1398134
EMV,20200205,0.805,0.81,0.79,0.795,123844
EN1,20200205,0.02,0.02,0.019,0.019,1076001
ENN,20200205,2.11,2.13,2.1,2.13,43582
ENR,20200205,0.1,0.1,0.098,0.098,48306
EOF,20200205,3,3,2.77,2.8,243863
EOL,20200205,3.51,3.55,3.5,3.55,10569
EOS,20200205,10.6,10.8,10,10.01,755958
EPD,20200205,0.4,0.4,0.4,0.4,50500
EPM,20200205,0.006,0.006,0.006,0.006,363333
EQE,20200205,0.013,0.013,0.013,0.013,1000000
EQT,20200205,31.01,31.01,30.8,31,34774
EQX,20200205,0.26,0.26,0.26,0.26,38384
ERA,20200205,0.16,0.16,0.157,0.16,294615
ERF,20200205,1.23,1.24,1.23,1.24,30000
ERG,20200205,0.065,0.065,0.065,0.065,127000
ERL,20200205,0.009,0.009,0.009,0.009,1203100
ERM,20200205,0.084,0.089,0.084,0.085,258367
ERX,20200205,0.062,0.063,0.06,0.063,1760592
ESE,20200205,0.011,0.012,0.011,0.012,228958
ESH,20200205,0.008,0.008,0.008,0.008,2913061
ESR,20200205,0.008,0.009,0.008,0.009,567405
ETF,20200205,23.09,23.09,23.09,23.09,576
EUC,20200205,0.015,0.017,0.015,0.017,1137308
EUR,20200205,0.087,0.087,0.085,0.085,23636
EVE,20200205,0.006,0.006,0.005,0.005,7443180
EVN,20200205,3.73,3.75,3.66,3.72,10302512
EVO,20200205,0.155,0.155,0.14,0.15,3565703
EVS,20200205,0.25,0.255,0.24,0.24,500141
EVT,20200205,12.73,12.81,12.59,12.6,47562
EVZ,20200205,0.145,0.145,0.145,0.145,21819
EWC,20200205,0.073,0.073,0.071,0.071,97819
EX1,20200205,0.27,0.27,0.265,0.265,47216
EXL,20200205,0.755,0.815,0.697,0.74,1908319
EXP,20200205,0.215,0.215,0.205,0.205,179946
EXR,20200205,0.031,0.046,0.031,0.043,64609570
EZL,20200205,1.055,1.075,1.04,1.04,110006
FAM,20200205,0.05,0.053,0.05,0.053,173339
FAR,20200205,0.038,0.039,0.035,0.037,27631703
FBR,20200205,0.048,0.05,0.048,0.048,1661065
FBU,20200205,5.33,5.35,5.17,5.21,802800
FCL,20200205,3.23,3.45,3.23,3.36,445227
FCT,20200205,0.15,0.15,0.14,0.145,141581
FDV,20200205,1.15,1.15,1.03,1.06,448160
FEX,20200205,0.049,0.053,0.049,0.053,120675
FFG,20200205,0.009,0.009,0.009,0.009,920946
FFL,20200205,0.36,0.38,0.36,0.38,30000
FGG,20200205,1.26,1.275,1.26,1.27,1206910
FGO,20200205,0.002,0.002,0.002,0.002,650025
FGR,20200205,0.155,0.165,0.155,0.16,796503
FGX,20200205,1.14,1.145,1.135,1.145,503631
FHS,20200205,0.015,0.02,0.014,0.019,10121047
FID,20200205,5.63,5.63,5.63,5.63,801
FIJ,20200205,0.099,0.099,0.099,0.099,124237
FLC,20200205,0.37,0.375,0.355,0.37,422639
FLN,20200205,0.475,0.48,0.47,0.48,248588
FLT,20200205,40.07,40.46,39.805,40.46,632778
FMG,20200205,11.3,11.39,11.15,11.21,12900795
FML,20200205,0.25,0.25,0.25,0.25,54864
FMS,20200205,0.05,0.05,0.05,0.05,100000
FNP,20200205,4.9,4.95,4.79,4.82,195073
FOD,20200205,0.06,0.062,0.058,0.06,625160
FOR,20200205,1.17,1.17,1.16,1.16,88943
FPC,20200205,1,1.015,1,1.01,36233
FPH,20200205,23.19,23.47,22.84,22.96,453043
FPL,20200205,0.006,0.006,0.006,0.006,2661221
FPP,20200205,0.9,0.9,0.88,0.895,26899
FRI,20200205,0.875,0.88,0.875,0.875,51071
FRN,20200205,0.019,0.019,0.019,0.019,55000
FSA,20200205,1.37,1.38,1.37,1.38,4100
FSF,20200205,3.81,3.81,3.75,3.75,8815
FSG,20200205,0.021,0.021,0.02,0.02,1888254
FTC,20200205,0.092,0.11,0.092,0.11,83076
FTT,20200205,0.002,0.002,0.002,0.002,1456020
FTZ,20200205,0.08,0.08,0.08,0.08,206390
FUN,20200205,0.02,0.02,0.02,0.02,79
FWD,20200205,2.02,2.02,1.93,1.98,28000
FXL,20200205,1.915,1.917,1.84,1.865,941805
FYI,20200205,0.057,0.058,0.057,0.057,30749
FZO,20200205,0.16,0.16,0.16,0.16,14463
FZR,20200205,0.19,0.19,0.19,0.19,100000
G1A,20200205,0.29,0.29,0.27,0.27,86578
GAL,20200205,0.15,0.16,0.15,0.16,109845
GAP,20200205,0.195,0.197,0.195,0.197,59649
GBE,20200205,0.015,0.015,0.015,0.015,11716
GBP,20200205,0.032,0.032,0.032,0.032,3334
GBZ,20200205,0.072,0.073,0.07,0.07,124753
GC1,20200205,0.795,0.795,0.785,0.785,52884
GCI,20200205,2.03,2.04,2.03,2.04,108347
GDF,20200205,1.42,1.42,1.415,1.415,23663
GDG,20200205,0.86,0.86,0.86,0.86,3000
GDI,20200205,1.54,1.54,1.515,1.515,289649
GDX,20200205,42.5,42.5,41.59,41.85,12149
GEM,20200205,1.9,1.9,1.857,1.885,2054007
GEV,20200205,0.15,0.15,0.14,0.15,946331
GGG,20200205,0.12,0.125,0.12,0.125,413002
GGX,20200205,0.003,0.003,0.003,0.003,1000000
GIB,20200205,0.043,0.043,0.043,0.043,56812
GLA,20200205,0.001,0.001,0.001,0.001,2553000
GLB,20200205,1.82,1.82,1.8,1.8,672
GLL,20200205,0.58,0.58,0.47,0.57,574358
GLN,20200205,0.22,0.24,0.21,0.235,985883
GMA,20200205,3.88,3.98,3.645,3.8,2026306
GMC,20200205,0.006,0.006,0.005,0.006,2074723
GMD,20200205,0.033,0.033,0.031,0.033,1420912
GMG,20200205,15.2,15.32,15.18,15.21,4092632
GML,20200205,0.015,0.015,0.015,0.015,354844
GMR,20200205,0.009,0.01,0.009,0.01,2398175
GMV,20200205,0.115,0.115,0.105,0.11,535284
GNC,20200205,8.53,8.67,8.52,8.67,754640
GNE,20200205,3.01,3.1,3.01,3.05,31606
GNG,20200205,0.925,0.925,0.925,0.925,3980
GNX,20200205,0.207,0.21,0.205,0.21,247245
GOR,20200205,1.43,1.465,1.41,1.465,5908438
GOW,20200205,2.32,2.35,2.32,2.35,46896
GOZ,20200205,4.25,4.34,4.25,4.28,748234
GPR,20200205,0.425,0.425,0.41,0.41,61183
GPT,20200205,6.19,6.23,6.11,6.13,7197781
GPX,20200205,0.12,0.12,0.12,0.12,10000
GRB,20200205,0.07,0.072,0.07,0.071,3842456
GRL,20200205,0.19,0.21,0.19,0.21,50822
GRR,20200205,0.23,0.235,0.23,0.23,673320
GSN,20200205,0.054,0.054,0.053,0.054,734322
GSS,20200205,1.18,1.18,1.12,1.155,181313
GSW,20200205,0.57,0.595,0.57,0.59,109409
GTE,20200205,0.003,0.003,0.003,0.003,369369
GTG,20200205,0.01,0.01,0.009,0.01,17510862
GTK,20200205,2.06,2.07,2.04,2.04,27812
GTR,20200205,0.008,0.008,0.008,0.008,500000
GUD,20200205,12.35,12.44,12.29,12.35,406034
GVF,20200205,1.09,1.1,1.065,1.065,421942
GWA,20200205,3.59,3.62,3.54,3.55,1482785
GWR,20200205,0.085,0.085,0.08,0.08,19616
GXY,20200205,1.13,1.23,1.12,1.23,11451461
HAS,20200205,0.125,0.13,0.12,0.13,655485
HAW,20200205,0.078,0.08,0.078,0.079,124399
HCD,20200205,0.053,0.053,0.053,0.053,20000
HCH,20200205,0.029,0.03,0.029,0.029,2864150
HCT,20200205,0.093,0.1,0.088,0.093,1693278
HE8,20200205,0.185,0.185,0.18,0.185,469841
HFR,20200205,0.71,0.715,0.68,0.7,158446
HGO,20200205,0.058,0.058,0.056,0.058,171936
HIL,20200205,0.42,0.435,0.415,0.42,231846
HIP,20200205,0.019,0.019,0.017,0.019,1905000
HIT,20200205,1.305,1.305,1.305,1.305,500
HLA,20200205,1.27,1.28,1.27,1.28,72314
HLO,20200205,4.11,4.18,4.11,4.17,152454
HLS,20200205,2.95,2.96,2.92,2.94,682751
HLX,20200205,0.014,0.014,0.014,0.014,31278
HM1,20200205,3.3,3.33,3.29,3.33,51443
HMC,20200205,3.82,3.89,3.8,3.81,60996
HMD,20200205,0.16,0.165,0.16,0.165,112726
HMX,20200205,0.021,0.022,0.02,0.021,1878444
HPI,20200205,3.35,3.425,3.34,3.39,428695
HPR,20200205,0.091,0.091,0.09,0.09,171371
HRL,20200205,0.12,0.125,0.12,0.125,298979
HRN,20200205,0.19,0.19,0.175,0.175,26974
HRR,20200205,0.07,0.07,0.068,0.07,178917
HRZ,20200205,0.11,0.115,0.11,0.11,191818
HSC,20200205,0.007,0.007,0.006,0.006,9120366
HSN,20200205,3.59,3.64,3.59,3.62,68820
HT1,20200205,1.61,1.695,1.61,1.665,668831
HTA,20200205,0.135,0.14,0.13,0.135,24230
HUB,20200205,10.6,10.79,10.585,10.7,683814
HUO,20200205,4.43,4.43,4.42,4.42,993
HVM,20200205,0.2,0.205,0.195,0.2,305911
HVN,20200205,4.54,4.57,4.455,4.5,4365325
HWH,20200205,0.035,0.035,0.035,0.035,98202
HWK,20200205,0.006,0.007,0.005,0.005,8558213
HXG,20200205,0.047,0.051,0.047,0.051,131335
HYD,20200205,0.23,0.23,0.23,0.23,58
HZN,20200205,0.11,0.115,0.11,0.11,412146
HZR,20200205,0.425,0.44,0.425,0.44,174672
IAA,20200205,96.1,96.88,96,96.2,10377
IAF,20200205,115.66,115.74,115.32,115.4,22810
IAG,20200205,7.07,7.07,6.95,6.95,5455441
IAP,20200205,1.55,1.55,1.53,1.55,48953
IBG,20200205,0.012,0.012,0.012,0.012,1816048
IBX,20200205,0.03,0.031,0.029,0.031,5734868
ICE,20200205,0.23,0.23,0.22,0.22,152099
ICG,20200205,0.002,0.002,0.002,0.002,5384030
ICI,20200205,0.02,0.021,0.019,0.02,438123
ICQ,20200205,0.36,0.375,0.36,0.375,772429
ICS,20200205,1.83,1.845,1.83,1.845,3262
ICT,20200205,0.04,0.04,0.04,0.04,100000
IDT,20200205,0.15,0.15,0.145,0.145,142619
IDX,20200205,4.21,4.29,4.11,4.13,514840
IEL,20200205,17.11,17.81,17,17.68,1913852
IEM,20200205,65.06,65.5,64.52,64.77,21131
IEU,20200205,69.47,69.66,68.45,68.51,8978
IFL,20200205,7.54,7.59,7.17,7.27,3643936
IFM,20200205,2,2.03,1.97,2.01,1025688
IFN,20200205,0.79,0.81,0.79,0.8,3674763
IFT,20200205,5.19,5.25,5.19,5.25,2399
IGB,20200205,113.98,114.07,113.85,113.85,2053
IGL,20200205,2.26,2.27,2.215,2.23,477083
IGN,20200205,0.026,0.026,0.026,0.026,166068
IGO,20200205,5.9,5.91,5.79,5.89,3887503
IHD,20200205,14.31,14.31,14.24,14.26,34718
IHL,20200205,0.067,0.067,0.064,0.064,1239488
IHR,20200205,0.093,0.093,0.091,0.091,147185
IJH,20200205,305.13,305.26,304.75,304.97,1053
IJP,20200205,88.88,88.88,87.12,87.5,3403
IJR,20200205,122.69,122.69,122.09,122.18,5926
IKO,20200205,92.22,92.23,90,91,1216
IKW,20200205,0.003,0.003,0.003,0.003,100000
ILB,20200205,130.11,130.14,129.665,130.03,1486
ILC,20200205,27.1,27.1,26.93,26.95,4030
ILU,20200205,9.54,9.8,9.39,9.78,2172515
IMA,20200205,0.215,0.225,0.215,0.225,500340
IMC,20200205,0.14,0.145,0.14,0.145,353138
IMD,20200205,1.4,1.46,1.395,1.405,306563
IME,20200205,0.033,0.033,0.031,0.031,1538476
IMF,20200205,4.86,4.9,4.81,4.87,820354
IMM,20200205,0.335,0.345,0.33,0.335,657141
IMR,20200205,1.45,1.45,1.44,1.44,399433
IMS,20200205,0.007,0.007,0.007,0.007,340721
IMU,20200205,0.032,0.032,0.032,0.032,6537090
INA,20200205,4.8,4.81,4.74,4.77,596332
INF,20200205,0.058,0.062,0.057,0.062,1217639
ING,20200205,3.63,3.635,3.55,3.56,1324927
INP,20200205,0.021,0.021,0.021,0.021,62500
INR,20200205,0.18,0.19,0.175,0.19,2550542
INV,20200205,0.09,0.091,0.089,0.09,166473
IOD,20200205,0.175,0.175,0.17,0.175,517985
IOO,20200205,81.96,82.39,81.6,82.04,24613
IOZ,20200205,28.54,28.57,28.36,28.42,88776
IP1,20200205,0.007,0.008,0.007,0.008,146000
IPB,20200205,0.029,0.029,0.029,0.029,50000
IPD,20200205,0.115,0.115,0.1,0.115,1653357
IPH,20200205,9.35,9.5,9.295,9.32,699185
IPL,20200205,3.15,3.16,3.11,3.15,5728586
IRD,20200205,0.061,0.066,0.061,0.066,29514
IRE,20200205,13.65,14.02,13.65,14,423302
IRI,20200205,2.97,3,2.91,2.94,146922
ISD,20200205,0.26,0.265,0.255,0.255,138105
ISO,20200205,5.13,5.13,5.12,5.13,16130
ITG,20200205,0.43,0.435,0.425,0.435,121575
ITW,20200205,61.09,61.7,61.05,61.22,4470
IVC,20200205,13.24,13.39,13.16,13.28,1112121
IVE,20200205,102.24,102.28,101.78,101.99,3156
IVR,20200205,0.024,0.024,0.022,0.023,1576396
IVV,20200205,491.36,491.38,490.18,490.61,11412
IVX,20200205,0.012,0.012,0.011,0.012,6216327
IVZ,20200205,0.025,0.025,0.025,0.025,1149915
IXC,20200205,1.145,1.16,1.145,1.16,22679
IXI,20200205,83.3,84.16,82.82,82.9,869
IXJ,20200205,104.47,104.48,102.32,102.83,11044
IXU,20200205,0.066,0.066,0.06,0.06,36507
IZZ,20200205,60.54,61.36,60.54,61.16,3061
JAL,20200205,0.185,0.185,0.185,0.185,29343
JAN,20200205,0.43,0.43,0.43,0.43,749
JAT,20200205,0.05,0.051,0.049,0.049,1268529
JAY,20200205,0.305,0.305,0.305,0.305,132596
JBH,20200205,41.58,41.94,40.87,41.16,566573
JCS,20200205,0.032,0.033,0.032,0.033,70000
JHC,20200205,0.95,0.975,0.95,0.95,374772
JHG,20200205,37.77,39.36,37.77,38.44,722862
JHX,20200205,31.8,32.13,31.565,31.59,991849
JIN,20200205,13.51,13.77,13.45,13.6,695661
JLG,20200205,2.55,2.65,2.55,2.6,333256
JMS,20200205,0.285,0.285,0.275,0.275,1402498
JRV,20200205,0.245,0.25,0.24,0.245,624403
JXT,20200205,0.12,0.12,0.11,0.11,256037
JYC,20200205,1.51,1.51,1.51,1.51,5000
K2F,20200205,0.245,0.25,0.245,0.25,63532
KAI,20200205,0.006,0.007,0.005,0.006,4640385
KAM,20200205,0.052,0.053,0.052,0.053,49836
KAR,20200205,1.085,1.095,1.055,1.065,19241221
KAS,20200205,0.012,0.012,0.01,0.01,332629
KAT,20200205,0.85,0.85,0.85,0.85,17896
KCN,20200205,0.555,0.56,0.555,0.56,184738
KEY,20200205,0.005,0.005,0.005,0.005,4260000
KFE,20200205,0.061,0.061,0.061,0.061,51008
KGL,20200205,0.21,0.21,0.21,0.21,2820
KGN,20200205,5.26,5.27,5.13,5.15,855400
KIN,20200205,0.045,0.045,0.038,0.038,826840
KIS,20200205,0.058,0.06,0.053,0.06,113568
KKC,20200205,2.46,2.47,2.45,2.47,294204
KLA,20200205,58.5,58.5,57.07,57.85,5243
KLL,20200205,0.5,0.505,0.49,0.5,270904
KMD,20200205,3,3.02,2.92,2.98,174281
KME,20200205,1.5,1.51,1.47,1.5,30580
KMT,20200205,0.005,0.005,0.005,0.005,978288
KNM,20200205,0.019,0.019,0.019,0.019,145055
KOR,20200205,0.01,0.011,0.01,0.011,360379
KOV,20200205,4.4,4.5,4.4,4.48,15816
KP2,20200205,0.021,0.021,0.018,0.018,515000
KPE,20200205,1.26,1.26,1.26,1.26,10000
KPG,20200205,0.88,0.88,0.88,0.88,23800
KPO,20200205,0.034,0.041,0.034,0.039,2524787
KRM,20200205,0.032,0.032,0.031,0.032,1190000
KRR,20200205,0.019,0.02,0.019,0.019,87001
KSL,20200205,1.39,1.39,1.37,1.38,157883
KSN,20200205,0.185,0.185,0.17,0.17,980170
KSS,20200205,0.325,0.35,0.325,0.35,362253
KTA,20200205,0.032,0.032,0.031,0.031,55607
KTD,20200205,0.38,0.39,0.375,0.375,311691
KTG,20200205,0.19,0.205,0.19,0.2,344172
KWR,20200205,0.15,0.155,0.15,0.155,48117
KYK,20200205,0.085,0.09,0.083,0.084,668264
KZA,20200205,0.62,0.62,0.595,0.6,20136
KZR,20200205,0.65,0.67,0.63,0.655,328623
LAU,20200205,0.36,0.365,0.36,0.365,45155
LAW,20200205,0.065,0.068,0.065,0.065,322470
LBL,20200205,0.77,0.795,0.77,0.775,25261
LBT,20200205,0.16,0.165,0.16,0.16,317120
LCK,20200205,0.127,0.127,0.125,0.125,42000
LCL,20200205,0.043,0.043,0.038,0.04,1321471
LCM,20200205,0.205,0.205,0.205,0.205,3000
LCT,20200205,0.02,0.02,0.018,0.019,1231011
LEG,20200205,0.08,0.083,0.08,0.081,1188277
LEP,20200205,5.6,5.63,5.595,5.61,11046
LER,20200205,0.023,0.023,0.023,0.023,6593
LI3,20200205,0.031,0.031,0.031,0.031,63872
LIC,20200205,9.07,9.1,8.96,9.03,143441
LIN,20200205,0.036,0.04,0.036,0.038,6245363
LIT,20200205,0.061,0.066,0.061,0.064,3859959
LLC,20200205,17.62,17.77,17.62,17.71,1585051
LME,20200205,1.8,1.86,1.785,1.84,37604
LMG,20200205,0.014,0.015,0.013,0.015,1540000
LNG,20200205,0.135,0.14,0.13,0.135,1805441
LNK,20200205,6.6,6.64,6.47,6.53,2349709
LNU,20200205,0.025,0.027,0.025,0.027,168837
LNY,20200205,0.006,0.006,0.006,0.006,2988000
LOM,20200205,0.115,0.115,0.11,0.11,509402
LON,20200205,0.155,0.155,0.145,0.145,22834
LOT,20200205,0.049,0.049,0.049,0.049,25000
LOV,20200205,11.58,12.08,11.31,12,704953
LPD,20200205,0.014,0.014,0.014,0.014,3344971
LPE,20200205,0.53,0.54,0.515,0.54,14000
LPI,20200205,0.28,0.445,0.28,0.35,1188546
LSA,20200205,0.006,0.006,0.006,0.006,908181
LSF,20200205,1.44,1.46,1.44,1.44,934779
LSR,20200205,0.008,0.008,0.008,0.008,250000
LSX,20200205,0.45,0.45,0.45,0.45,20580
LTR,20200205,0.083,0.088,0.082,0.086,7149616
LVE,20200205,0.041,0.041,0.041,0.041,13000
LVH,20200205,0.22,0.23,0.22,0.225,136062
LVT,20200205,0.26,0.3,0.255,0.295,13644043
LYC,20200205,2.15,2.2,2.13,2.17,4256227
LYL,20200205,6.24,6.29,6.16,6.29,15828
M7T,20200205,0.845,0.845,0.8,0.82,396787
M8S,20200205,0.16,0.16,0.15,0.16,123855
MA1,20200205,1.035,1.045,1.035,1.045,48514
MAD,20200205,1.085,1.09,1.065,1.065,36455
MAG,20200205,0.36,0.415,0.36,0.385,1143998
MAH,20200205,0.27,0.275,0.27,0.27,352085
MAI,20200205,0.64,0.645,0.64,0.645,66546
MAM,20200205,0.56,0.56,0.555,0.555,10617
MAN,20200205,0.015,0.015,0.015,0.015,150000
MAQ,20200205,26.89,27,26.89,27,4418
MAT,20200205,0.13,0.13,0.13,0.13,1793
MAU,20200205,0.59,0.62,0.59,0.6,146877
MAY,20200205,0.01,0.01,0.009,0.009,1014385
MBK,20200205,0.007,0.007,0.007,0.007,225000
MCA,20200205,0.145,0.15,0.145,0.15,122368
MCE,20200205,0.33,0.33,0.33,0.33,1100
MCP,20200205,2.74,2.86,2.7,2.84,211625
MCR,20200205,0.67,0.685,0.655,0.68,557498
MCT,20200205,0.005,0.005,0.005,0.005,594000
MCY,20200205,4.96,4.96,4.92,4.94,559
MDC,20200205,0.33,0.35,0.325,0.325,378884
MDR,20200205,0.505,0.54,0.505,0.51,111956
MEA,20200205,0.295,0.295,0.285,0.295,10902
MEB,20200205,0.008,0.008,0.008,0.008,123369
MEC,20200205,0.975,0.975,0.965,0.965,61541
MEI,20200205,0.023,0.023,0.022,0.023,2876565
MEM,20200205,0.05,0.063,0.048,0.063,2238116
MEP,20200205,0.044,0.044,0.042,0.043,647962
MEU,20200205,0.04,0.04,0.034,0.038,852516
MEY,20200205,0.068,0.07,0.068,0.07,45668
MEZ,20200205,5.06,5.14,5.03,5.1,27462
MFD,20200205,1.08,1.105,1.08,1.1,319818
MFF,20200205,3.6,3.63,3.6,3.6,292653
MFG,20200205,66.92,67.8,66.55,67.7,482239
MGC,20200205,0.435,0.435,0.435,0.435,9275
MGE,20200205,4.3,4.3,4.29,4.29,314604
MGG,20200205,2.1,2.13,2.07,2.09,630446
MGR,20200205,3.52,3.525,3.44,3.44,13132434
MGT,20200205,0.004,0.004,0.004,0.004,28000
MGV,20200205,0.092,0.093,0.092,0.092,891497
MGX,20200205,0.87,0.91,0.87,0.905,2557680
MHC,20200205,0.006,0.006,0.005,0.005,2200000
MHG,20200205,3.73,3.73,3.72,3.72,39428
MHH,20200205,1.68,1.69,1.665,1.675,396647
MIL,20200205,0.465,0.465,0.465,0.465,1290
MIN,20200205,17,17.33,16.94,17.29,1298579
MIO,20200205,0.215,0.24,0.21,0.24,136091
MIR,20200205,2.62,2.64,2.6,2.6,75142
MKG,20200205,0.075,0.075,0.072,0.072,101286
MLD,20200205,0.915,0.94,0.915,0.925,134590
MLL,20200205,0.092,0.095,0.089,0.089,561824
MLM,20200205,0.013,0.013,0.013,0.013,50000
MLS,20200205,0.001,0.001,0.001,0.001,1300000
MLT,20200205,5.04,5.06,5.02,5.03,219302
MLX,20200205,0.076,0.079,0.076,0.078,508426
MME,20200205,1.485,1.5,1.455,1.5,56264
MMI,20200205,0.15,0.15,0.15,0.15,82899
MMJ,20200205,0.12,0.13,0.12,0.13,155782
MML,20200205,0.74,0.795,0.74,0.795,668486
MMM,20200205,0.335,0.34,0.315,0.315,494289
MMS,20200205,13.02,13.23,12.72,12.8,315651
MND,20200205,17.31,17.34,17.06,17.33,157580
MNF,20200205,4.96,4.97,4.91,4.95,26222
MNS,20200205,0.105,0.135,0.105,0.125,2189029
MNY,20200205,2.43,2.54,2.43,2.45,260796
MOB,20200205,0.1,0.1,0.099,0.099,152000
MOC,20200205,1.33,1.33,1.31,1.325,28054
MOE,20200205,5.45,5.68,5.45,5.62,199256
MOH,20200205,0.048,0.048,0.043,0.044,202845
MOT,20200205,2.07,2.07,2.06,2.07,190432
MOZ,20200205,1.58,1.65,1.58,1.62,110219
MP1,20200205,10.86,11.34,10.86,11.09,466403
MPL,20200205,3.04,3.06,2.99,3.05,10811829
MPW,20200205,0.083,0.083,0.082,0.083,985196
MQG,20200205,144.99,145.11,144.07,144.67,524205
MQR,20200205,0.054,0.055,0.054,0.055,23500
MRC,20200205,0.29,0.29,0.287,0.287,37090
MRD,20200205,0.002,0.003,0.002,0.003,4980000
MRL,20200205,0.455,0.455,0.45,0.45,34912
MRM,20200205,0.165,0.165,0.162,0.165,203148
MRQ,20200205,0.011,0.011,0.008,0.01,24651220
MRV,20200205,0.003,0.003,0.003,0.003,809066
MRZ,20200205,0.22,0.22,0.22,0.22,3939
MSB,20200205,2.93,3,2.87,2.96,1574091
MSE,20200205,0.013,0.013,0.013,0.013,1476720
MSG,20200205,0.016,0.016,0.016,0.016,285634
MSI,20200205,0.009,0.009,0.009,0.009,198543
MSM,20200205,0.011,0.012,0.011,0.012,649233
MSR,20200205,0.002,0.002,0.002,0.002,93571
MSV,20200205,0.062,0.063,0.06,0.061,1739784
MTB,20200205,0.002,0.002,0.002,0.002,800000
MTC,20200205,0.052,0.052,0.048,0.05,394640
MTH,20200205,0.01,0.01,0.01,0.01,1096004
MTO,20200205,1.9,1.93,1.9,1.905,33986
MTS,20200205,2.63,2.655,2.61,2.62,5801130
MVA,20200205,26.71,26.71,26.41,26.44,4861
MVB,20200205,27.08,27.08,26.96,26.96,4609
MVE,20200205,30,30.09,30,30.09,899
MVF,20200205,0.987,0.992,0.98,0.985,226447
MVP,20200205,10.99,11.25,10.63,10.67,222925
MVR,20200205,29.56,29.59,29.56,29.59,4611
MVS,20200205,20.77,20.84,20.77,20.8,1216
MVW,20200205,31.96,32.15,31.805,32.15,52560
MWR,20200205,0.2,0.205,0.19,0.197,805844
MWY,20200205,1.7,1.7,1.69,1.69,4022
MX1,20200205,0.14,0.145,0.14,0.14,121858
MXC,20200205,0.032,0.033,0.032,0.032,1205162
MXI,20200205,0.205,0.21,0.2,0.2,81565
MXR,20200205,0.054,0.054,0.054,0.054,20594
MXT,20200205,2.03,2.03,2.02,2.02,605185
MYE,20200205,0.955,0.97,0.92,0.97,64764
MYL,20200205,0.049,0.05,0.047,0.049,2157855
MYQ,20200205,0.215,0.215,0.205,0.21,94590
MYR,20200205,0.44,0.44,0.43,0.44,528156
MYS,20200205,5.77,5.77,5.57,5.6,360566
MYX,20200205,0.45,0.455,0.435,0.435,5363861
N1H,20200205,0.083,0.083,0.083,0.083,1833
NAB,20200205,25.7,25.8,25.52,25.61,4453302
NAC,20200205,0.985,0.985,0.985,0.985,500
NAE,20200205,0.003,0.003,0.003,0.003,250500
NAG,20200205,0.05,0.05,0.05,0.05,29264
NAN,20200205,7,7.04,6.825,6.89,441881
NBI,20200205,2.06,2.07,2.05,2.06,244872
NC6,20200205,0.075,0.075,0.072,0.073,51580
NCC,20200205,1.055,1.055,1.05,1.055,50627
NCK,20200205,7.1,7.32,7.1,7.22,112120
NCM,20200205,28.65,29.08,28.52,29.04,3170268
NCZ,20200205,0.2,0.215,0.195,0.215,2634750
NDQ,20200205,23.55,23.56,23.46,23.51,114792
NEA,20200205,1.845,1.95,1.835,1.95,10846473
NEC,20200205,1.845,1.865,1.84,1.845,4082088
NET,20200205,0.085,0.086,0.078,0.08,4232895
NEU,20200205,2.81,2.81,2.71,2.78,34285
NEW,20200205,1.19,1.23,1.19,1.23,240010
NGE,20200205,0.64,0.64,0.64,0.64,44915
NGI,20200205,3.24,3.3,3.18,3.21,154549
NHC,20200205,1.9,1.92,1.882,1.92,2050459
NHF,20200205,5.4,5.41,5.3,5.39,1634985
NIC,20200205,0.59,0.595,0.585,0.59,4078333
NML,20200205,0.1,0.1,0.098,0.1,152727
NMT,20200205,0.21,0.235,0.21,0.23,5824909
NOR,20200205,0.049,0.049,0.049,0.049,422057
NOV,20200205,0.19,0.19,0.18,0.185,186699
NOX,20200205,0.24,0.24,0.22,0.22,135213
NSC,20200205,0.68,0.71,0.68,0.71,156018
NSR,20200205,2.18,2.18,2.13,2.15,2180830
NST,20200205,12.85,13.01,12.69,12.98,4175533
NTD,20200205,0.4,0.4,0.4,0.4,77124
NTI,20200205,0.008,0.009,0.007,0.009,1928090
NTM,20200205,0.08,0.08,0.078,0.078,148588
NTO,20200205,1.59,1.62,1.58,1.6,133320
NTU,20200205,0.046,0.047,0.045,0.047,1741958
NUC,20200205,3.55,3.55,3.48,3.55,44892
NUF,20200205,5.53,5.63,5.44,5.61,1354946
NUH,20200205,0.027,0.027,0.026,0.027,550917
NUS,20200205,0.315,0.315,0.315,0.315,35766
NVA,20200205,0.038,0.038,0.036,0.036,3441114
NVL,20200205,3.66,3.67,3.65,3.67,242063
NVO,20200205,0.017,0.017,0.017,0.017,843598
NVX,20200205,0.45,0.46,0.445,0.45,76742
NWE,20200205,0.005,0.005,0.004,0.004,1018159
NWF,20200205,0.145,0.155,0.145,0.155,35101
NWH,20200205,2.96,3.06,2.92,3.06,3912475
NWL,20200205,8.1,8.27,8.1,8.2,396912
NWS,20200205,20.91,21.06,20.88,20.88,119264
NXE,20200205,0.008,0.008,0.008,0.008,229120
NXS,20200205,2.51,2.58,2.46,2.48,57841
NXT,20200205,7.6,7.75,7.6,7.75,2402140
NYR,20200205,0.21,0.215,0.205,0.205,121661
NZC,20200205,0.36,0.36,0.36,0.36,2300
NZK,20200205,2.02,2.11,1.99,1.99,1044
NZS,20200205,0.013,0.013,0.013,0.013,191000
OAR,20200205,0.003,0.003,0.003,0.003,18189278
OAU,20200205,0.021,0.021,0.02,0.02,660000
OBM,20200205,0.18,0.18,0.17,0.18,131671
OCA,20200205,1.2,1.2,1.2,1.2,2000
OCC,20200205,0.49,0.5,0.485,0.495,567166
OCL,20200205,6.43,6.56,6.43,6.505,4382
ODA,20200205,0.2,0.2,0.2,0.2,17225
OEC,20200205,0.7,0.705,0.6,0.61,1596450
OEL,20200205,0.027,0.028,0.026,0.026,4375706
OEX,20200205,0.003,0.003,0.003,0.003,4000
OFX,20200205,1.51,1.545,1.497,1.5,661129
OGA,20200205,0.13,0.13,0.125,0.125,498960
OGC,20200205,2.85,2.88,2.81,2.88,191173
OIL,20200205,0.033,0.033,0.032,0.032,112223
OKU,20200205,0.245,0.282,0.24,0.25,6713879
OLH,20200205,0.09,0.1,0.09,0.1,140467
OLI,20200205,0.085,0.085,0.072,0.072,1872521
OLL,20200205,0.19,0.205,0.19,0.2,589301
OLV,20200205,0.011,0.011,0.011,0.011,128596
OMH,20200205,0.42,0.42,0.41,0.41,213818
OML,20200205,3.2,3.26,3.11,3.19,4150837
ONE,20200205,0.145,0.155,0.14,0.14,59598
ONX,20200205,0.071,0.071,0.071,0.071,14183
OOO,20200205,12.85,12.94,12.8,12.93,191223
OPC,20200205,4.3,4.5,4.27,4.4,83632
OPH,20200205,2.65,2.71,2.65,2.71,31565
OPL,20200205,0.125,0.135,0.125,0.13,133691
OPT,20200205,3.43,3.54,3.39,3.46,344376
OPY,20200205,1.26,1.275,1.245,1.245,786796
ORA,20200205,3.22,3.22,3.17,3.18,3311857
ORE,20200205,3.33,3.7,3.26,3.64,3647434
ORG,20200205,7.79,7.86,7.74,7.8,6982221
ORI,20200205,22.44,22.72,22.44,22.45,647062
ORN,20200205,0.022,0.022,0.021,0.021,2100334
ORR,20200205,0.425,0.425,0.425,0.425,13949
OSH,20200205,6.58,6.58,6.44,6.46,11238380
OSL,20200205,0.185,0.195,0.18,0.19,1372252
OSP,20200205,0.025,0.025,0.024,0.024,628924
OSX,20200205,0.625,0.625,0.57,0.57,139777
OTW,20200205,4.33,4.4,4.33,4.35,29591
OVH,20200205,0.3,0.345,0.295,0.33,966968
OVL,20200205,0.009,0.009,0.008,0.008,2837001
OVN,20200205,0.38,0.39,0.375,0.39,115329
OVT,20200205,0.048,0.05,0.048,0.05,62239
OZF,20200205,19.99,19.99,19.85,19.87,6037
OZL,20200205,9.87,9.98,9.82,9.97,2071153
OZR,20200205,11.86,11.87,11.84,11.87,8144
P2P,20200205,0.055,0.06,0.055,0.06,14371
PAA,20200205,0.105,0.105,0.1,0.1,34823
PAB,20200205,0.018,0.018,0.018,0.018,646666
PAC,20200205,6.46,6.54,6.3,6.35,87751
PAF,20200205,0.9,0.915,0.9,0.91,86279
PAI,20200205,1.045,1.06,1.04,1.06,280325
PAL,20200205,0.83,0.83,0.735,0.81,630915
PAN,20200205,0.225,0.225,0.215,0.225,1535138
PAR,20200205,4.45,4.5,4.2,4.34,971894
PBH,20200205,5.45,5.5,5.17,5.18,646719
PBP,20200205,2.21,2.39,2.19,2.37,424335
PCG,20200205,1.565,1.565,1.53,1.53,5583
PCI,20200205,1.135,1.145,1.135,1.14,324419
PCK,20200205,0.15,0.15,0.145,0.145,1212484
PCL,20200205,0.001,0.001,0.001,0.001,3000000
PDI,20200205,0.008,0.008,0.007,0.008,908651
PDL,20200205,8.85,8.97,8.84,8.93,788681
PDN,20200205,0.09,0.09,0.084,0.089,2265818
PE1,20200205,1.4,1.41,1.39,1.39,127143
PEK,20200205,0.041,0.042,0.041,0.041,1819488
PEN,20200205,0.157,0.157,0.155,0.155,165123
PET,20200205,0.715,0.74,0.7,0.715,981693
PEX,20200205,0.225,0.23,0.225,0.23,46211
PFP,20200205,3.5,3.5,3.46,3.49,25315
PG1,20200205,0.12,0.13,0.12,0.125,1907161
PGC,20200205,0.325,0.325,0.297,0.305,1052418
PGF,20200205,1.23,1.265,1.23,1.255,199961
PGG,20200205,2.05,2.06,2.04,2.04,410080
PGH,20200205,2.62,2.68,2.59,2.67,1252967
PGI,20200205,0.036,0.036,0.036,0.036,31228
PGL,20200205,2.03,2.03,1.96,2.03,32987
PGM,20200205,0.02,0.022,0.02,0.022,1648846
PGR,20200205,0.125,0.125,0.125,0.125,90000
PGX,20200205,0.39,0.4,0.39,0.395,217120
PIA,20200205,1.155,1.165,1.155,1.16,227730
PIC,20200205,1.07,1.08,1.065,1.075,198000
PIN,20200205,0.105,0.105,0.089,0.095,228950
PIO,20200205,0.013,0.013,0.013,0.013,4220762
PIQ,20200205,0.265,0.285,0.265,0.28,89195
PKO,20200205,0.015,0.015,0.015,0.015,10000
PKS,20200205,0.145,0.15,0.145,0.145,135215
PL8,20200205,1.19,1.195,1.185,1.185,446055
PLL,20200205,0.12,0.13,0.12,0.13,659084
PLS,20200205,0.34,0.355,0.335,0.345,23360328
PLX,20200205,0.695,0.695,0.695,0.695,133
PMC,20200205,1.605,1.605,1.58,1.585,354823
PME,20200205,25.6,25.82,25.04,25.79,202706
PMV,20200205,19.9,19.96,19.59,19.83,128800
PNC,20200205,1.755,1.76,1.755,1.755,138589
PNI,20200205,4.94,5.09,4.82,5.01,989605
PNR,20200205,0.099,0.1,0.098,0.1,414926
PNV,20200205,2.93,2.95,2.88,2.94,2849677
PNX,20200205,0.006,0.006,0.006,0.006,400000
PO3,20200205,2.89,3.26,2.88,3.06,14095
POD,20200205,0.037,0.037,0.034,0.034,237500
POS,20200205,0.032,0.034,0.032,0.033,1709457
POU,20200205,18.95,18.95,18.95,18.95,200
PPC,20200205,1.325,1.33,1.3,1.3,5494
PPE,20200205,3.63,3.65,3.61,3.65,54747
PPG,20200205,0.115,0.115,0.115,0.115,5514
PPH,20200205,4.32,4.37,4.29,4.32,115622
PPK,20200205,6.3,6.3,6.06,6.11,127241
PPL,20200205,0.009,0.009,0.009,0.009,217500
PPS,20200205,0.465,0.475,0.46,0.465,1083520
PPT,20200205,43.1,43.63,42.36,43.16,341047
PPY,20200205,0.013,0.013,0.013,0.013,3400
PRM,20200205,0.002,0.002,0.002,0.002,3471009
PRN,20200205,1.45,1.51,1.45,1.48,6034276
PRO,20200205,0.82,0.9,0.82,0.89,101996
PRU,20200205,1.12,1.12,1.09,1.11,3052134
PRX,20200205,0.067,0.067,0.061,0.063,413499
PSC,20200205,0.17,0.18,0.165,0.18,611419
PSI,20200205,3.14,3.2,3.1,3.2,3518
PSQ,20200205,1.8,1.8,1.8,1.8,11184
PTB,20200205,0.91,0.945,0.91,0.92,123472
PTL,20200205,0.325,0.325,0.325,0.325,10458
PTM,20200205,4.65,4.69,4.61,4.67,1482420
PTX,20200205,0.054,0.055,0.053,0.053,1878600
PUA,20200205,0.012,0.012,0.011,0.011,2037287
PUR,20200205,0.004,0.004,0.004,0.004,10500
PVS,20200205,1.635,1.68,1.635,1.67,341164
PWG,20200205,1.32,1.35,1.275,1.275,524228
PWH,20200205,4.67,4.74,4.64,4.74,10409
PWN,20200205,0.007,0.007,0.006,0.006,1267877
PXS,20200205,0.115,0.117,0.115,0.115,79892
PXX,20200205,0.034,0.034,0.034,0.034,150000
PYC,20200205,0.059,0.06,0.058,0.059,262109
PYG,20200205,0.69,0.69,0.655,0.69,70484
QAG,20200205,5.52,5.52,5.51,5.51,2000
QAN,20200205,6.7,6.7,6.52,6.56,11110021
QAU,20200205,15.75,15.75,15.56,15.63,43471
QBE,20200205,13.73,13.88,13.67,13.87,5022543
QCB,20200205,7.64,7.64,7.64,7.64,544
QFE,20200205,0.34,0.35,0.33,0.34,432715
QFN,20200205,11.12,11.12,11.07,11.07,6492
QFY,20200205,0.004,0.004,0.003,0.004,1298424
QGL,20200205,0.05,0.05,0.05,0.05,42016
QHL,20200205,0.125,0.13,0.12,0.12,374584
QIP,20200205,1.35,1.35,1.34,1.34,22663
QMS,20200205,1.23,1.23,1.22,1.22,5293546
QOZ,20200205,14.09,14.09,13.98,14.02,79621
QRE,20200205,6.46,6.49,6.46,6.49,40211
QRI,20200205,1.62,1.625,1.62,1.62,133763
QUB,20200205,3.39,3.45,3.39,3.44,2567827
QUS,20200205,40.06,40.06,39.93,39.93,32618
QVE,20200205,1.02,1.025,1.015,1.015,234647
RAC,20200205,0.26,0.26,0.25,0.255,151840
RAN,20200205,0.014,0.014,0.014,0.014,1000
RAP,20200205,0.245,0.255,0.245,0.25,766068
RBL,20200205,1.045,1.125,1.002,1.08,1070418
RBR,20200205,0.012,0.013,0.011,0.013,655000
RCB,20200205,20.81,20.89,20.81,20.83,1902
RCE,20200205,0.36,0.375,0.35,0.37,412044
RCL,20200205,0.3,0.32,0.3,0.32,34000
RDC,20200205,1.12,1.125,1.115,1.125,152741
RDF,20200205,0.53,0.535,0.53,0.535,1012
RDG,20200205,0.019,0.019,0.019,0.019,48000
RDH,20200205,1.71,1.715,1.71,1.715,4355
RDM,20200205,0.091,0.091,0.088,0.088,31264
RDS,20200205,0.008,0.008,0.008,0.008,271000
RDV,20200205,30.37,30.37,30.3,30.36,6274
RDY,20200205,2.23,2.23,2.16,2.18,33044
REA,20200205,112,113.905,112,112.51,170955
RED,20200205,0.29,0.29,0.285,0.29,1685338
REE,20200205,0.037,0.037,0.037,0.037,8000
REG,20200205,2.39,2.39,2.35,2.37,167781
REH,20200205,11.1,11.23,11.01,11.17,60546
RES,20200205,0.08,0.08,0.08,0.08,28000
REX,20200205,1.12,1.125,1.1,1.125,57745
REZ,20200205,0.015,0.016,0.014,0.016,605276
RF1,20200205,2.67,2.7,2.67,2.67,19592
RFF,20200205,1.86,1.865,1.805,1.815,1986429
RFG,20200205,0.1,0.105,0.1,0.105,2064077
RFN,20200205,0.003,0.003,0.003,0.003,189999
RFT,20200205,0.041,0.042,0.04,0.04,938379
RFX,20200205,0.044,0.044,0.04,0.041,1261694
RGB,20200205,23.26,23.26,23.26,23.26,450
RGI,20200205,0.12,0.12,0.12,0.12,5882
RGS,20200205,0.071,0.071,0.068,0.068,83500
RHC,20200205,78.88,79.36,78.55,78.72,307939
RHP,20200205,2.16,2.22,2.14,2.14,293985
RHT,20200205,0.215,0.225,0.21,0.215,1515554
RHY,20200205,0.095,0.097,0.095,0.097,65319
RIC,20200205,1.015,1.035,1,1.01,107608
RIO,20200205,98.01,98.49,97.58,98.43,1414163
RKN,20200205,0.66,0.66,0.64,0.65,30576
RLC,20200205,0.003,0.003,0.003,0.003,50000
RLE,20200205,0.025,0.027,0.025,0.027,912524
RLG,20200205,0.03,0.03,0.029,0.03,192381
RLT,20200205,1.25,1.29,1.25,1.29,49315
RMC,20200205,1.36,1.37,1.32,1.34,118508
RMD,20200205,24.96,24.99,24.67,24.79,787877
RML,20200205,0.061,0.074,0.061,0.068,2245850
RMP,20200205,0.01,0.011,0.01,0.011,1484051
RMS,20200205,1.3,1.32,1.285,1.31,2766041
RMX,20200205,0.005,0.005,0.005,0.005,8820625
RMY,20200205,0.48,0.53,0.48,0.5,404802
RND,20200205,2.09,2.09,2.09,2.09,879
RNE,20200205,0.026,0.026,0.026,0.026,8365
RNO,20200205,0.17,0.172,0.165,0.17,507811
RNT,20200205,0.052,0.052,0.049,0.05,1074382
RNU,20200205,0.011,0.012,0.011,0.011,317359
ROG,20200205,0.002,0.002,0.002,0.002,6851001
ROO,20200205,0.039,0.042,0.037,0.042,824920
RPM,20200205,0.16,0.16,0.16,0.16,5405
RRL,20200205,4.3,4.31,4.18,4.22,3692920
RSG,20200205,1.085,1.085,1.045,1.05,20649403
RSH,20200205,0.085,0.087,0.085,0.087,421739
RSM,20200205,21.56,21.56,21.56,21.56,32
RTG,20200205,0.083,0.085,0.081,0.084,842389
RTR,20200205,0.077,0.078,0.077,0.077,418714
RUL,20200205,1.1,1.105,1.09,1.1,298116
RVR,20200205,0.105,0.105,0.102,0.105,830362
RVS,20200205,0.71,0.715,0.71,0.71,25409
RWC,20200205,4.46,4.55,4.41,4.55,2281136
RWD,20200205,0.165,0.165,0.165,0.165,5000
RXL,20200205,0.026,0.026,0.025,0.026,4184798
RXM,20200205,0.061,0.061,0.058,0.058,54231
RXP,20200205,0.49,0.49,0.475,0.48,106674
RZI,20200205,0.87,0.88,0.87,0.88,13013
S2R,20200205,0.1,0.1,0.1,0.1,57538
S32,20200205,2.56,2.59,2.56,2.59,14756846
S66,20200205,0.53,0.55,0.53,0.535,21745
SAR,20200205,3.92,3.96,3.85,3.95,6689362
SAU,20200205,0.155,0.155,0.155,0.155,32716
SBM,20200205,2.68,2.68,2.63,2.67,2656320
SBR,20200205,0.002,0.002,0.002,0.002,15111897
SBW,20200205,0.125,0.125,0.12,0.12,142586
SCG,20200205,3.84,3.87,3.82,3.82,11584594
SCI,20200205,0.009,0.009,0.009,0.009,222222
SCL,20200205,0.018,0.018,0.018,0.018,330110
SCP,20200205,3.02,3.02,2.94,2.98,4072672
SCU,20200205,0.018,0.018,0.018,0.018,48107
SDF,20200205,3.83,3.89,3.83,3.88,1333756
SDG,20200205,1.78,1.795,1.77,1.77,23865
SDI,20200205,0.85,0.855,0.835,0.855,58969
SDV,20200205,0.695,0.76,0.695,0.74,676672
SE1,20200205,0.021,0.023,0.017,0.02,3414763
SEC,20200205,1.785,1.83,1.785,1.8,80380
SEI,20200205,0.042,0.044,0.041,0.044,492542
SEK,20200205,21.5,22.18,21.32,21.87,2846755
SEN,20200205,0.065,0.068,0.065,0.068,578832
SEQ,20200205,0.2,0.2,0.195,0.2,43296
SES,20200205,0.083,0.086,0.083,0.085,108547
SFC,20200205,15.75,16,15.5,15.8,3239
SFG,20200205,0.068,0.07,0.068,0.069,630040
SFR,20200205,5.36,5.39,5.21,5.34,1734329
SFX,20200205,0.235,0.245,0.205,0.22,622803
SFY,20200205,64.39,64.39,64,64.08,9600
SGF,20200205,2.28,2.31,2.22,2.26,73894
SGH,20200205,1.005,1.015,1.005,1.015,7043
SGI,20200205,0.09,0.09,0.09,0.09,225000
SGM,20200205,10.25,10.46,10.16,10.43,600145
SGP,20200205,4.99,5.025,4.91,4.91,4921135
SGQ,20200205,0.11,0.11,0.105,0.11,98633
SGR,20200205,4.15,4.21,4.075,4.18,7151817
SHE,20200205,0.006,0.006,0.006,0.006,1086200
SHJ,20200205,0.92,0.945,0.92,0.945,2514
SHL,20200205,31.18,31.37,31.16,31.2,1058304
SHM,20200205,0.74,0.755,0.73,0.73,43770
SHO,20200205,0.026,0.026,0.026,0.026,96746
SHV,20200205,8.59,8.72,8.54,8.66,447218
SI6,20200205,0.003,0.003,0.003,0.003,1136666
SIG,20200205,0.58,0.59,0.575,0.58,2482280
SIL,20200205,0.045,0.045,0.045,0.045,290708
SIQ,20200205,6.7,6.89,6.7,6.84,1048003
SIT,20200205,0.061,0.061,0.06,0.06,263141
SIV,20200205,0.64,0.65,0.64,0.65,11925
SKC,20200205,3.51,3.55,3.46,3.49,611276
SKF,20200205,0.18,0.19,0.18,0.185,251568
SKI,20200205,2.17,2.19,2.15,2.17,3082859
SKN,20200205,0.013,0.015,0.011,0.015,163334
SKO,20200205,4.94,5.03,4.94,5,68829
SKT,20200205,0.65,0.65,0.63,0.635,129239
SKY,20200205,0.105,0.11,0.105,0.105,488820
SLC,20200205,0.845,0.85,0.82,0.82,770036
SLF,20200205,14.9,14.92,14.77,14.79,45106
SLK,20200205,4.15,4.24,4.08,4.11,208844
SLM,20200205,0.81,0.81,0.81,0.81,1459
SLR,20200205,1.58,1.595,1.53,1.595,6898435
SLX,20200205,0.34,0.34,0.32,0.33,110813
SLZ,20200205,0.062,0.062,0.062,0.062,5000
SM1,20200205,8.06,8.08,7.95,8.06,51101
SM8,20200205,0.06,0.06,0.058,0.058,228343
SMD,20200205,0.005,0.005,0.005,0.005,3880982
SMI,20200205,0.004,0.004,0.004,0.004,7580400
SMN,20200205,0.83,0.83,0.81,0.81,67342
SMP,20200205,0.645,0.74,0.635,0.725,4962176
SMR,20200205,0.99,0.99,0.945,0.98,62365
SMX,20200205,0.345,0.4,0.345,0.365,79613
SNC,20200205,0.825,0.825,0.825,0.825,10545
SND,20200205,0.49,0.49,0.49,0.49,20000
SNL,20200205,4.44,4.44,4.4,4.4,800
SNS,20200205,0.115,0.115,0.115,0.115,30700
SO4,20200205,0.63,0.645,0.63,0.63,636951
SOL,20200205,20.91,21.09,20.86,20.89,278098
SOM,20200205,3.25,3.25,3.24,3.25,32772
SOP,20200205,0.045,0.045,0.045,0.045,7313
SOR,20200205,0.067,0.076,0.066,0.072,721568
SP3,20200205,0.11,0.11,0.11,0.11,4134
SPK,20200205,4.45,4.52,4.45,4.51,1070392
SPL,20200205,1.155,1.175,1.135,1.135,510005
SPT,20200205,0.535,0.535,0.495,0.51,2786349
SPX,20200205,0.09,0.09,0.088,0.089,2569933
SPY,20200205,490,490,488.25,488.25,174
SPZ,20200205,0.23,0.235,0.225,0.23,219079
SRG,20200205,0.395,0.395,0.38,0.39,240252
SRI,20200205,0.066,0.066,0.065,0.065,52688
SRV,20200205,4.31,4.4,4.31,4.4,5165
SRZ,20200205,0.01,0.01,0.009,0.009,77893
SSG,20200205,0.655,0.665,0.655,0.66,228154
SSM,20200205,2.73,2.77,2.69,2.75,1998065
SSO,20200205,15.88,15.88,15.88,15.88,292
ST1,20200205,0.18,0.18,0.18,0.18,52269
STA,20200205,0.105,0.105,0.105,0.105,68871
STG,20200205,1.29,1.29,1.247,1.25,61784
STM,20200205,0.011,0.012,0.011,0.012,1789200
STN,20200205,0.45,0.45,0.44,0.45,150571
STO,20200205,8.28,8.3,8.2,8.26,3908514
STW,20200205,64.74,64.81,64.35,64.52,50344
STX,20200205,0.165,0.18,0.165,0.18,2848296
SUD,20200205,0.055,0.056,0.055,0.055,210000
SUL,20200205,9.48,9.51,9.28,9.42,1421067
SUN,20200205,12.69,12.75,12.6,12.62,2783688
SVA,20200205,0.023,0.023,0.023,0.023,23565
SVL,20200205,0.105,0.105,0.1,0.1,380774
SVM,20200205,0.145,0.15,0.142,0.145,657436
SVW,20200205,20.17,20.29,19.48,19.78,731258
SVY,20200205,0.67,0.735,0.67,0.705,734953
SW1,20200205,0.079,0.079,0.074,0.075,83134
SWF,20200205,0.16,0.165,0.145,0.145,1184010
SWK,20200205,0.17,0.17,0.16,0.165,349996
SWM,20200205,0.24,0.26,0.24,0.26,5923219
SXA,20200205,0.056,0.056,0.056,0.056,1333
SXE,20200205,0.62,0.635,0.62,0.627,152454
SXL,20200205,0.86,0.865,0.845,0.85,2212224
SXY,20200205,0.305,0.317,0.302,0.31,2754485
SYA,20200205,0.015,0.015,0.015,0.015,6443021
SYD,20200205,8.5,8.51,8.42,8.44,4928590
SYI,20200205,29.8,29.86,29.65,29.75,19204
SYR,20200205,0.51,0.55,0.51,0.55,4483158
SYT,20200205,0.001,0.001,0.001,0.001,1600000
SZL,20200205,1.9,1.94,1.9,1.93,66005
T3D,20200205,0.001,0.001,0.001,0.001,570926
TAH,20200205,4.64,4.66,4.58,4.63,4064680
TAM,20200205,0.04,0.04,0.038,0.039,643132
TAP,20200205,0.11,0.11,0.11,0.11,51259
TAS,20200205,0.04,0.04,0.039,0.039,101437
TBR,20200205,4.78,5.01,4.65,4.9,62730
TCL,20200205,15.93,16.12,15.93,16.01,2743724
TD1,20200205,0.044,0.047,0.043,0.043,26354677
TDI,20200205,1.71,1.715,1.675,1.71,114548
TDO,20200205,0.081,0.081,0.081,0.081,110708
TEG,20200205,0.042,0.042,0.036,0.039,1642409
TEK,20200205,0.28,0.28,0.28,0.28,45000
TER,20200205,0.3,0.3,0.29,0.3,407009
TGA,20200205,0.215,0.22,0.21,0.22,119115
TGF,20200205,1.925,1.925,1.835,1.85,34458
TGG,20200205,1.345,1.35,1.345,1.35,20250
TGH,20200205,0.15,0.15,0.15,0.15,506489
TGM,20200205,0.21,0.235,0.21,0.235,107925
TGN,20200205,0.175,0.175,0.175,0.175,30000
TGO,20200205,0.14,0.14,0.14,0.14,11111
TGP,20200205,1.085,1.115,1.08,1.115,39125
TGR,20200205,4.27,4.32,4.26,4.3,304198
THC,20200205,0.375,0.385,0.365,0.365,321437
THR,20200205,0.006,0.006,0.006,0.006,384260
TIE,20200205,0.26,0.265,0.25,0.25,1233194
TIP,20200205,0.71,0.71,0.685,0.69,83404
TKM,20200205,0.019,0.019,0.019,0.019,53500
TLG,20200205,0.48,0.495,0.48,0.49,240072
TLM,20200205,0.085,0.085,0.085,0.085,7600
TLS,20200205,3.84,3.87,3.79,3.8,27367806
TLT,20200205,3.23,3.3,3.23,3.3,1401
TLX,20200205,1.43,1.5,1.415,1.5,908212
TMR,20200205,0.19,0.195,0.19,0.195,88705
TMT,20200205,0.13,0.13,0.125,0.13,185514
TNE,20200205,8.4,8.92,8.4,8.84,2166022
TNG,20200205,0.084,0.085,0.083,0.085,496904
TNK,20200205,1.33,1.33,1.29,1.29,37494
TNR,20200205,0.009,0.009,0.009,0.009,46499
TNT,20200205,0.062,0.066,0.061,0.064,8843323
TNY,20200205,1.99,1.99,1.895,1.9,196437
TOE,20200205,0.008,0.008,0.007,0.007,1426461
TON,20200205,0.037,0.037,0.037,0.037,88799
TOP,20200205,0.64,0.655,0.64,0.655,49471
TOT,20200205,1.05,1.06,1.05,1.06,46259
TOU,20200205,0.061,0.061,0.061,0.061,75000
TPD,20200205,0.002,0.002,0.002,0.002,200000
TPM,20200205,7.5,7.54,7.38,7.4,1111962
TPP,20200205,0.068,0.079,0.068,0.078,742646
TPW,20200205,3.51,3.9,3.51,3.87,690716
TRS,20200205,4.58,4.66,4.25,4.5,168322
TRY,20200205,0.095,0.095,0.09,0.09,618679
TSL,20200205,0.043,0.048,0.039,0.041,3549686
TTB,20200205,0.685,0.69,0.61,0.65,112454
TTI,20200205,0.014,0.014,0.014,0.014,50171
TTT,20200205,0.78,0.79,0.75,0.75,284506
TWD,20200205,3.35,3.45,3.29,3.45,13284
TWE,20200205,12.49,12.555,12.04,12.18,9686026
TWR,20200205,0.67,0.675,0.67,0.675,5641
TYM,20200205,0.029,0.03,0.029,0.03,224877
TYR,20200205,4.12,4.39,4.1,4.14,2984609
TYX,20200205,0.003,0.003,0.003,0.003,50000
UBA,20200205,23.14,23.15,23.05,23.05,1546
UBN,20200205,0.063,0.063,0.063,0.063,10245
UBU,20200205,35.53,35.53,35.53,35.53,96
UBW,20200205,31.73,31.73,31.7,31.7,1098
UCM,20200205,0.2,0.27,0.17,0.27,2256888
UCW,20200205,0.22,0.22,0.22,0.22,110048
UNL,20200205,0.041,0.045,0.041,0.041,138225
UNV,20200205,0.245,0.25,0.245,0.245,1071698
UOS,20200205,0.86,0.86,0.86,0.86,44
URF,20200205,0.52,0.52,0.51,0.51,312685
URW,20200205,10.17,10.19,10.06,10.1,807770
USD,20200205,14.43,14.45,14.42,14.42,112331
UUV,20200205,0.002,0.002,0.002,0.002,600000
UWL,20200205,1.53,1.61,1.53,1.595,430275
VAE,20200205,70.5,70.5,70,70.1,10928
VAF,20200205,52.55,52.55,52.45,52.45,59660
VAH,20200205,0.145,0.145,0.14,0.14,176419
VAL,20200205,0.002,0.002,0.002,0.002,1663874
VAN,20200205,0.145,0.145,0.14,0.14,132068
VAP,20200205,95.37,95.58,94.6,94.6,88263
VAR,20200205,0.034,0.034,0.033,0.033,46060
VAS,20200205,88.67,88.72,88.08,88.29,71036
VCF,20200205,51,51.16,50.95,51.03,5457
VCX,20200205,2.51,2.55,2.48,2.48,6813283
VEA,20200205,1.68,1.715,1.68,1.685,11850845
VEE,20200205,0.48,0.48,0.48,0.48,23177
VEN,20200205,0.165,0.165,0.15,0.15,49528
VEQ,20200205,61.47,61.7,61.29,61.4,6669
VEU,20200205,79.3,79.3,78.6,78.7,12840
VG1,20200205,2.24,2.255,2.23,2.25,2063633
VG8,20200205,2.3,2.3,2.28,2.28,66150
VGB,20200205,53.56,53.57,53.44,53.46,39982
VGE,20200205,71.76,72.15,71.63,71.78,9166
VGI,20200205,11.88,12.3,11.77,12.3,13545
VGL,20200205,3.18,3.19,3.1,3.14,29093
VGS,20200205,85.47,85.52,85.28,85.38,44816
VHT,20200205,1.79,1.79,1.77,1.775,470076
VHY,20200205,61.78,61.89,61.48,61.63,83292
VIC,20200205,0.001,0.001,0.001,0.001,1730916
VIF,20200205,51,51.1,50.96,51.07,10539
VLC,20200205,71.43,71.43,71.17,71.21,2040
VLT,20200205,0.295,0.295,0.265,0.275,140812
VMC,20200205,0.175,0.175,0.175,0.175,384000
VML,20200205,0.01,0.01,0.009,0.009,7014896
VMS,20200205,0.014,0.014,0.014,0.014,430780
VMT,20200205,0.29,0.3,0.285,0.29,1003428
VMX,20200205,0.295,0.32,0.29,0.29,537394
VMY,20200205,0.041,0.041,0.041,0.041,62200
VN8,20200205,0.098,0.11,0.098,0.11,63000
VOC,20200205,3.35,3.4,3.34,3.4,1541469
VOR,20200205,0.008,0.008,0.008,0.008,185975
VR1,20200205,0.023,0.024,0.023,0.024,285989
VR8,20200205,0.024,0.024,0.023,0.024,219898
VRC,20200205,0.011,0.011,0.011,0.011,25000
VRL,20200205,3.97,4,3.96,4,80589
VRS,20200205,0.068,0.07,0.062,0.063,109169
VRT,20200205,4.24,4.31,4.2,4.29,97344
VRX,20200205,0.115,0.115,0.099,0.099,1612897
VSO,20200205,61.5,61.58,61.25,61.47,8140
VTG,20200205,1.18,1.18,1.15,1.165,89442
VTH,20200205,0.78,0.785,0.77,0.77,64775
VTI,20200205,0.039,0.04,0.039,0.04,333000
VTS,20200205,248.81,248.99,248.43,248.54,11455
VUK,20200205,3.36,3.47,3.34,3.43,7182812
VUL,20200205,0.19,0.2,0.19,0.195,364598
VVA,20200205,2.93,2.97,2.91,2.91,13101
VVR,20200205,2.78,2.78,2.75,2.77,708606
VXR,20200205,0.105,0.105,0.097,0.105,147390
VYS,20200205,0.063,0.063,0.063,0.063,89296
WAA,20200205,1.065,1.075,1.04,1.055,216045
WAF,20200205,0.455,0.47,0.445,0.47,1707073
WAM,20200205,2.26,2.28,2.25,2.26,463251
WAT,20200205,2.25,2.25,2.25,2.25,500
WAX,20200205,1.445,1.475,1.42,1.42,483185
WBA,20200205,2,2,1.995,1.995,238383
WBC,20200205,24.9,24.98,24.73,24.73,4916152
WBE,20200205,0.009,0.01,0.009,0.009,3088268
WBT,20200205,0.405,0.41,0.405,0.41,36827
WEB,20200205,12.24,12.52,12.07,12.49,1474758
WEC,20200205,0.07,0.07,0.07,0.07,39066
WEL,20200205,0.046,0.048,0.046,0.047,256450
WES,20200205,45.03,45.45,44.79,44.93,1699771
WGB,20200205,2.24,2.25,2.22,2.22,336056
WGN,20200205,2.02,2.09,2.01,2.06,135639
WGO,20200205,0.21,0.22,0.21,0.21,355927
WGX,20200205,2.1,2.12,2.05,2.1,1919882
WHC,20200205,2.57,2.67,2.55,2.67,12738174
WHF,20200205,5.33,5.36,5.31,5.34,29650
WHK,20200205,0.068,0.07,0.067,0.069,154324
WIC,20200205,1.11,1.115,1.1,1.1,58000
WKT,20200205,0.195,0.195,0.195,0.195,72487
WLD,20200205,0.058,0.058,0.058,0.058,243373
WLE,20200205,1.265,1.285,1.265,1.275,921567
WMI,20200205,1.475,1.51,1.475,1.475,331785
WND,20200205,0.95,0.95,0.945,0.945,24957
WNR,20200205,0.28,0.28,0.28,0.28,86000
WOR,20200205,14.32,14.49,14.21,14.49,1586333
WOW,20200205,42.35,42.61,42.01,42.22,1891860
WPL,20200205,33.21,33.56,33.12,33.47,1810023
WPP,20200205,0.565,0.565,0.56,0.56,119131
WQG,20200205,1.215,1.22,1.195,1.2,265422
WRM,20200205,0.005,0.005,0.005,0.005,1000000
WSA,20200205,2.53,2.58,2.52,2.53,4704126
WSI,20200205,0.021,0.022,0.021,0.022,650360
WSP,20200205,1.48,1.48,1.41,1.45,66397
WTC,20200205,24.84,27.02,24.84,26.81,1239645
WWG,20200205,0.15,0.15,0.15,0.15,5847
WWI,20200205,0.013,0.013,0.011,0.011,3632714
WZR,20200205,0.285,0.292,0.28,0.28,10092517
XAM,20200205,0.035,0.036,0.035,0.036,7000
XCD,20200205,0.011,0.011,0.01,0.011,2284875
XF1,20200205,0.275,0.28,0.27,0.275,95355
XPE,20200205,0.001,0.001,0.001,0.001,220477
XPL,20200205,0.08,0.088,0.08,0.086,306591
XRF,20200205,0.23,0.235,0.23,0.235,131063
XRO,20200205,85.5,86.99,84.24,86.67,400396
XTC,20200205,0.002,0.002,0.002,0.002,6000000
XTD,20200205,0.039,0.04,0.039,0.04,165000
XTE,20200205,0.58,0.595,0.575,0.59,53974
YAL,20200205,2.87,2.89,2.85,2.85,11984
YBR,20200205,0.085,0.085,0.085,0.085,12000
YOJ,20200205,0.05,0.051,0.048,0.048,547658
YOW,20200205,0.06,0.062,0.06,0.062,885849
YPB,20200205,0.004,0.004,0.004,0.004,421000
YRL,20200205,0.21,0.21,0.205,0.205,171970
Z1P,20200205,4.48,4.48,4.24,4.32,6070343
ZEL,20200205,4.39,4.39,4.2,4.2,92394
ZEN,20200205,0.66,0.675,0.66,0.675,50916
ZIM,20200205,12.05,12.07,12.05,12.07,820
ZLD,20200205,0.059,0.059,0.054,0.054,5840107
ZMI,20200205,0.059,0.059,0.059,0.059,10006
ZNC,20200205,0.056,0.056,0.056,0.056,25000
ZNO,20200205,0.88,0.88,0.82,0.84,2430560
XAF,20200205,6850.3,6908.6,6850.3,6864.4,0
XAO,20200205,7047.6,7109.9,7047.6,7080.9,0
XAT,20200205,6891,6950.4,6891,6917.6,0
XDJ,20200205,2795.7,2831.5,2795.7,2816.5,0
XEC,20200205,1568.1,1582.1,1568.1,1582.1,0
XEJ,20200205,10988.7,11074.3,10988.7,11058,0
XFJ,20200205,6190.3,6234.5,6179.9,6185.2,0
XFL,20200205,6910,6969.8,6910,6924.1,0
XGD,20200205,7024.8,7024.8,6812.8,6922,0
XHJ,20200205,45583.9,46447,45583.9,45866.1,0
XIJ,20200205,1558.3,1592.7,1558.3,1590.7,0
XJO,20200205,6948.7,7009.3,6948.7,6976.1,0
XJR,20200205,4817,4864.2,4817,4864.2,0
XKO,20200205,6904,6963.9,6904,6931.8,0
XMD,20200205,7433.5,7512.5,7433.5,7512.3,0
XMJ,20200205,13790.5,13933.5,13790.5,13933.5,0
XMM,20200205,4439.7,4488.4,4439.7,4488.4,0
XNJ,20200205,7048.3,7131,7048.3,7106,0
XPJ,20200205,1674.6,1695,1674.6,1675.3,0
XSJ,20200205,13265.8,13353.3,13174.6,13218.4,0
XSO,20200205,2971,3002.7,2971,3001.7,0
XTJ,20200205,1346.8,1364,1342.4,1344.8,0
XTL,20200205,3850.7,3882.7,3850.7,3858.8,0
XTO,20200205,5764.3,5813.1,5764.3,5783.2,0
XUJ,20200205,8172.3,8239.9,8075,8108,0
XXJ,20200205,6904.3,6953.6,6892.7,6898.5,0
