360,20200302,2.69,2.78,2.5,2.7,205773
14D,20200302,0.15,0.15,0.135,0.145,294607
1AD,20200302,0.073,0.076,0.071,0.076,248025
1AG,20200302,0.033,0.033,0.033,0.033,402700
1ST,20200302,0.04,0.04,0.038,0.04,1454826
2BE,20200302,0.125,0.125,0.125,0.125,20000
3DA,20200302,0.145,0.155,0.125,0.145,1495236
3DP,20200302,0.036,0.036,0.033,0.033,2733112
3PL,20200302,0.675,0.69,0.66,0.69,14036
4DS,20200302,0.053,0.053,0.05,0.05,3325981
5GN,20200302,0.79,0.83,0.755,0.79,695798
88E,20200302,0.019,0.019,0.017,0.018,27656911
8CO,20200302,0.062,0.069,0.062,0.067,143572
9SP,20200302,0.016,0.018,0.014,0.018,5291572
A1G,20200302,0.115,0.115,0.11,0.11,5272
A1M,20200302,0.235,0.25,0.225,0.25,51511
A2B,20200302,1.255,1.26,1.2,1.21,45107
A2M,20200302,15.06,15.58,15.04,15.56,6559622
A3D,20200302,0.18,0.18,0.15,0.15,1138527
A4N,20200302,0.17,0.2,0.155,0.2,1473591
AAA,20200302,50.07,50.08,50.07,50.07,176142
AAC,20200302,1.08,1.14,1.08,1.125,1550464
AAJ,20200302,0.002,0.002,0.002,0.002,100000
AAR,20200302,0.13,0.13,0.12,0.125,711786
ABA,20200302,5.77,6,5.08,6,66088
ABC,20200302,2.94,3.03,2.89,3,3545975
ABP,20200302,3.6,3.64,3.57,3.61,927240
ABR,20200302,0.37,0.39,0.34,0.375,1153550
ABT,20200302,0.022,0.022,0.02,0.02,259616
ABV,20200302,0.027,0.027,0.026,0.026,75461
ABX,20200302,0.099,0.099,0.093,0.093,229558
AC8,20200302,0.215,0.22,0.2,0.21,947530
ACB,20200302,0.009,0.009,0.007,0.007,79102
ACF,20200302,0.29,0.295,0.285,0.285,118434
ACQ,20200302,1.1,1.1,1.035,1.085,102470
ACR,20200302,0.15,0.15,0.13,0.135,416194
ACU,20200302,0.12,0.125,0.12,0.125,74075
ACW,20200302,0.025,0.026,0.024,0.025,1402386
AD1,20200302,0.013,0.013,0.013,0.013,76923
AD8,20200302,6.37,6.78,6.21,6.56,804671
ADA,20200302,0.65,0.65,0.57,0.63,116718
ADH,20200302,2.33,2.39,2.31,2.36,1572524
ADI,20200302,2.91,3,2.89,2.97,419907
ADJ,20200302,0.023,0.023,0.022,0.022,335064
ADN,20200302,0.038,0.039,0.037,0.039,11160097
ADO,20200302,0.021,0.021,0.015,0.018,5422530
ADR,20200302,0.022,0.023,0.022,0.023,241901
ADT,20200302,1.2,1.315,1.065,1.25,1248781
ADV,20200302,0.004,0.004,0.003,0.003,4781250
ADX,20200302,0.006,0.006,0.005,0.006,3635736
ADY,20200302,0.006,0.006,0.006,0.006,728
AEE,20200302,0.005,0.005,0.004,0.005,11824858
AEF,20200302,3.57,3.58,3.2,3.54,553336
AEG,20200302,1.16,1.165,1.11,1.15,156748
AEI,20200302,0.525,0.595,0.52,0.595,1452540
AER,20200302,0.115,0.115,0.115,0.115,12042
AEV,20200302,0.008,0.008,0.008,0.008,17014
AFG,20200302,2.42,2.49,2.24,2.45,640837
AFI,20200302,6.3,6.41,6.15,6.4,1627981
AFL,20200302,0.13,0.145,0.13,0.135,174000
AFR,20200302,0.03,0.03,0.029,0.029,457763
AGD,20200302,0.12,0.12,0.11,0.11,44078
AGG,20200302,5.6,5.7,5.25,5.7,55503
AGH,20200302,0.28,0.285,0.24,0.28,1871760
AGI,20200302,0.695,0.71,0.66,0.705,294063
AGJ,20200302,0.05,0.05,0.05,0.05,500000
AGL,20200302,18.8,18.89,18.675,18.85,2571990
AGM,20200302,1.92,1.92,1.9,1.9,66872
AGY,20200302,0.064,0.064,0.055,0.061,3688019
AHF,20200302,0.082,0.085,0.072,0.076,3251821
AHL,20200302,0.003,0.004,0.003,0.004,4980644
AHQ,20200302,0.105,0.105,0.1,0.1,1729978
AHX,20200302,0.45,0.45,0.42,0.44,84370
AHY,20200302,1.03,1.085,1.015,1.02,352361
AIA,20200302,7.43,7.43,7.17,7.28,459565
AIB,20200302,0.1,0.1,0.1,0.1,1283
AIS,20200302,0.047,0.048,0.047,0.047,150000
AIZ,20200302,2.05,2.13,1.98,2.02,1885741
AJL,20200302,0.066,0.068,0.066,0.067,147925
AJQ,20200302,0.05,0.05,0.048,0.048,601500
AJX,20200302,0.053,0.053,0.052,0.052,37496
AKG,20200302,0.4,0.415,0.4,0.405,359990
AKP,20200302,12.76,14.5,12.76,14.07,19316
AL8,20200302,0.017,0.017,0.017,0.017,2000
ALC,20200302,0.135,0.15,0.125,0.14,10525516
ALF,20200302,0.93,0.96,0.93,0.96,707429
ALG,20200302,0.88,0.88,0.825,0.88,2382982
ALI,20200302,2.2,2.3,2.2,2.28,251239
ALK,20200302,0.725,0.77,0.65,0.75,11694428
ALL,20200302,32.5,32.76,31.8,32.37,3356768
ALQ,20200302,8.17,8.34,8.13,8.29,1466687
ALU,20200302,30.2,32.33,29.81,32,2183526
ALX,20200302,7.87,7.91,7.79,7.9,4230459
ALY,20200302,0.01,0.01,0.01,0.01,531668
AMA,20200302,0.515,0.54,0.51,0.52,18250258
AMC,20200302,14.2,14.36,14.12,14.35,4067948
AMD,20200302,0.006,0.006,0.006,0.006,858615
AME,20200302,0.057,0.057,0.053,0.056,2544651
AMG,20200302,0.04,0.04,0.035,0.04,2185015
AMH,20200302,0.955,0.955,0.89,0.92,87708
AMI,20200302,0.365,0.39,0.347,0.365,5081192
AML,20200302,0.12,0.14,0.11,0.14,347515
AMN,20200302,0.4,0.4,0.385,0.4,17320
AMP,20200302,1.65,1.7,1.607,1.67,33669605
AMS,20200302,0.82,0.835,0.765,0.825,486521
AMX,20200302,1.74,1.82,1.69,1.82,179437
ANA,20200302,0.008,0.008,0.007,0.008,1882657
ANG,20200302,0.16,0.16,0.15,0.16,570026
ANL,20200302,0.001,0.002,0.001,0.001,1982690
ANN,20200302,29.41,29.67,29.04,29.5,1208801
ANO,20200302,4.95,4.95,4.58,4.8,81239
ANP,20200302,0.06,0.062,0.06,0.061,394036
ANR,20200302,0.21,0.21,0.19,0.2,32490
ANW,20200302,0.001,0.001,0.001,0.001,22670827
ANZ,20200302,24.41,24.44,23.82,24.34,9254024
AOA,20200302,0.002,0.002,0.002,0.002,4739335
AOF,20200302,2.98,2.98,2.86,2.9,217330
AON,20200302,0.021,0.021,0.019,0.019,132085
AOP,20200302,0.21,0.21,0.2,0.21,665013
AOU,20200302,0.058,0.058,0.056,0.057,70820
APA,20200302,10.38,10.83,10.3,10.78,3169373
APC,20200302,0.073,0.073,0.073,0.073,141429
APD,20200302,0.655,0.68,0.64,0.68,226343
APE,20200302,8.7,8.79,8.25,8.45,1277187
APG,20200302,0.001,0.001,0.001,0.001,1124000
APH,20200302,0.12,0.135,0.12,0.13,48659
API,20200302,1.17,1.18,1.13,1.165,1941373
APL,20200302,0.91,0.94,0.905,0.93,2186156
APT,20200302,32.18,33.35,31.3,32.64,4427629
APV,20200302,0.185,0.185,0.16,0.18,229778
APX,20200302,20.55,22.2,20.39,22.2,2323536
APZ,20200302,1.135,1.135,1.135,1.135,10599
AQD,20200302,0.01,0.01,0.009,0.01,1365763
AQG,20200302,6.68,6.88,6.67,6.86,563275
AQI,20200302,0.08,0.08,0.069,0.075,923589
AQR,20200302,3.55,3.63,3.54,3.59,71329
AQX,20200302,0.021,0.024,0.019,0.024,23792693
AQZ,20200302,2.29,2.3,2.19,2.27,166287
ARA,20200302,0.59,0.59,0.59,0.59,98734
ARB,20200302,17,17.52,16.65,17.45,348265
ARD,20200302,0.016,0.016,0.013,0.015,4202713
ARE,20200302,0.005,0.005,0.005,0.005,600000
ARF,20200302,2.94,2.99,2.9,2.96,598599
ARG,20200302,8.05,8.19,7.9,8.19,679700
ARL,20200302,0.39,0.4,0.37,0.392,209563
ARN,20200302,0.165,0.165,0.125,0.155,319249
ARQ,20200302,0.11,0.125,0.1,0.125,330224
ARS,20200302,0.019,0.02,0.019,0.019,1835052
ARU,20200302,0.061,0.07,0.06,0.07,3309612
ARV,20200302,0.028,0.028,0.024,0.027,4293233
AS1,20200302,0.145,0.15,0.145,0.15,54449
ASB,20200302,3.43,3.49,3.365,3.45,2711882
ASG,20200302,1.37,1.4,1.37,1.4,37899
ASH,20200302,0.395,0.4,0.38,0.38,221243
ASN,20200302,0.025,0.026,0.021,0.022,799892
ASP,20200302,0.009,0.009,0.009,0.009,118666
AST,20200302,1.66,1.675,1.64,1.66,14107860
ASW,20200302,0.69,0.69,0.69,0.69,12000
ASX,20200302,73,74.83,72.25,74.43,496277
ATC,20200302,0.063,0.065,0.06,0.063,1120186
ATH,20200302,0.014,0.014,0.012,0.012,983886
ATL,20200302,0.305,0.305,0.265,0.28,395025
ATS,20200302,0.061,0.063,0.056,0.06,807475
ATU,20200302,0.25,0.255,0.24,0.24,242002
ATX,20200302,0.076,0.076,0.076,0.076,24984
AU1,20200302,0.06,0.06,0.059,0.06,58250
AU8,20200302,0.064,0.064,0.062,0.064,333645
AUB,20200302,13.84,14.01,13.28,13.87,1168232
AUC,20200302,0.017,0.018,0.017,0.017,906954
AUH,20200302,0.003,0.003,0.003,0.003,226490
AUI,20200302,9.08,9.08,8.79,9.01,90213
AUQ,20200302,0.014,0.014,0.012,0.012,1176318
AUT,20200302,0.029,0.032,0.025,0.028,11211159
AUZ,20200302,0.012,0.012,0.011,0.012,8769065
AV1,20200302,0.155,0.165,0.15,0.16,732099
AVA,20200302,0.125,0.125,0.105,0.115,590202
AVE,20200302,0.003,0.004,0.003,0.003,8147698
AVG,20200302,0.465,0.465,0.44,0.465,255834
AVH,20200302,0.58,0.602,0.54,0.6,31178870
AVJ,20200302,0.52,0.535,0.505,0.535,274580
AVL,20200302,0.011,0.011,0.01,0.011,14304446
AVN,20200302,2.76,2.78,2.69,2.78,632782
AWC,20200302,1.905,1.94,1.87,1.94,24365147
AWN,20200302,0.099,0.1,0.09,0.09,280000
AWV,20200302,0.01,0.01,0.01,0.01,100889
AWY,20200302,0.032,0.034,0.031,0.031,371863
AX1,20200302,1.62,1.62,1.56,1.6,2696328
AX8,20200302,0.036,0.036,0.036,0.036,40666
AXE,20200302,0.175,0.175,0.17,0.175,1299624
AYF,20200302,5.55,5.55,5.49,5.5,5835
AYS,20200302,0.29,0.305,0.28,0.29,607433
AZI,20200302,0.005,0.005,0.005,0.005,300000
AZJ,20200302,4.77,4.83,4.735,4.79,12314029
AZS,20200302,0.09,0.09,0.081,0.081,132409
AZV,20200302,0.09,0.09,0.09,0.09,324793
AZY,20200302,0.014,0.015,0.013,0.014,15369971
BAF,20200302,0.815,0.82,0.81,0.81,873752
BAP,20200302,5.72,5.8,5.58,5.65,2568153
BAR,20200302,0.018,0.018,0.015,0.015,1085886
BAT,20200302,0.007,0.008,0.007,0.008,8074935
BBC,20200302,0.525,0.525,0.525,0.525,1408
BBL,20200302,0.45,0.45,0.425,0.425,7000
BBN,20200302,2.86,3.01,2.78,3,1118331
BBX,20200302,0.17,0.17,0.14,0.14,92649
BC8,20200302,0.35,0.35,0.305,0.33,485726
BCB,20200302,0.048,0.052,0.047,0.05,11308528
BCC,20200302,0.24,0.27,0.23,0.27,81844
BCI,20200302,0.145,0.145,0.135,0.145,703203
BCK,20200302,0.023,0.023,0.023,0.023,195652
BCN,20200302,0.03,0.031,0.028,0.031,8001869
BCT,20200302,0.096,0.096,0.077,0.09,2100416
BD1,20200302,0.029,0.03,0.024,0.027,12326236
BDA,20200302,0.23,0.23,0.175,0.23,315664
BDC,20200302,0.065,0.067,0.06,0.064,3579182
BDG,20200302,0.068,0.083,0.061,0.083,78236
BEE,20200302,0.012,0.013,0.011,0.012,333525
BEL,20200302,0.028,0.028,0.028,0.028,113890
BEM,20200302,0.038,0.038,0.038,0.038,9662
BEN,20200302,9.05,9.065,8.82,9.01,3866917
BET,20200302,0.24,0.292,0.22,0.29,5096290
BFC,20200302,0.071,0.073,0.071,0.073,370955
BFG,20200302,1.05,1.195,1.05,1.175,1629146
BGA,20200302,3.85,4.06,3.52,4.01,1731634
BGL,20200302,0.555,0.565,0.51,0.55,5235764
BGT,20200302,0.145,0.165,0.145,0.16,80858
BHP,20200302,33.09,33.48,31.88,33.35,16216489
BID,20200302,0.8,0.89,0.75,0.825,1170593
BIN,20200302,2.75,2.79,2.66,2.74,4088677
BIS,20200302,0.915,0.92,0.86,0.92,78670
BIT,20200302,0.125,0.15,0.125,0.125,26151662
BKI,20200302,1.5,1.51,1.465,1.485,1129611
BKL,20200302,64.01,69.95,63.1,68.66,167294
BKT,20200302,0.043,0.043,0.041,0.043,678499
BKW,20200302,17.38,17.6,17.19,17.51,404410
BKY,20200302,0.17,0.17,0.165,0.165,40967
BLD,20200302,4.37,4.45,4.315,4.45,9413134
BLG,20200302,0.058,0.058,0.056,0.057,1034284
BLK,20200302,0.009,0.009,0.008,0.009,18835837
BLT,20200302,0.033,0.035,0.033,0.033,180431
BLU,20200302,0.033,0.033,0.03,0.033,1526638
BLV,20200302,0.24,0.24,0.24,0.24,1895
BLX,20200302,0.975,0.975,0.92,0.935,146868
BLY,20200302,0.895,0.92,0.885,0.905,65721
BLZ,20200302,0.01,0.01,0.01,0.01,630109
BMG,20200302,0.003,0.003,0.002,0.002,500000
BMN,20200302,0.029,0.029,0.027,0.029,572183
BNL,20200302,0.006,0.006,0.005,0.005,2364891
BNO,20200302,0.049,0.049,0.04,0.044,493996
BOA,20200302,0.2,0.23,0.2,0.21,50000
BOC,20200302,0.225,0.225,0.165,0.22,85777
BOE,20200302,0.047,0.05,0.043,0.05,1736945
BOL,20200302,0.125,0.14,0.125,0.14,299414
BOQ,20200302,7.4,7.4,7.12,7.34,5349652
BOT,20200302,0.073,0.073,0.067,0.072,3197607
BPL,20200302,0.014,0.015,0.013,0.013,366445
BPP,20200302,0.017,0.017,0.016,0.016,2292235
BPT,20200302,1.69,1.79,1.67,1.77,21703984
BRB,20200302,0.195,0.195,0.175,0.19,318431
BRG,20200302,19,19.46,18.51,19.44,399274
BRI,20200302,1.64,1.64,1.64,1.64,3000
BRK,20200302,0.007,0.009,0.006,0.009,8083176
BRL,20200302,0.094,0.094,0.085,0.085,455804
BRN,20200302,0.048,0.049,0.042,0.047,6473638
BRU,20200302,0.13,0.15,0.125,0.135,838376
BRV,20200302,0.023,0.026,0.021,0.025,10424885
BSA,20200302,0.36,0.36,0.31,0.33,368213
BSE,20200302,0.19,0.195,0.19,0.195,27801
BSL,20200302,11.38,11.83,11.22,11.76,4719817
BSM,20200302,0.004,0.004,0.004,0.004,250000
BSR,20200302,0.014,0.015,0.014,0.015,646429
BSX,20200302,0.12,0.12,0.095,0.11,4910083
BTC,20200302,0.125,0.125,0.12,0.12,75000
BTH,20200302,0.82,0.83,0.755,0.815,1920986
BTI,20200302,0.945,0.95,0.91,0.95,183785
BUB,20200302,0.645,0.665,0.59,0.645,12397117
BUD,20200302,0.019,0.02,0.017,0.02,12235759
BUX,20200302,0.07,0.07,0.069,0.069,62800
BUY,20200302,0.005,0.006,0.005,0.006,340000
BVS,20200302,4.43,4.52,4.3,4.47,5939110
BWF,20200302,0.5,0.515,0.47,0.47,61162
BWP,20200302,3.74,3.77,3.69,3.74,1839469
BWR,20200302,1.3,1.3,1.24,1.3,34202
BWX,20200302,3.91,3.94,3.74,3.85,972418
BXB,20200302,11.7,11.92,11.64,11.88,3939758
BXN,20200302,0.013,0.013,0.012,0.012,104338
BYE,20200302,0.26,0.265,0.25,0.255,2642763
BYI,20200302,0.65,0.65,0.65,0.65,4000
C6C,20200302,0.58,0.58,0.58,0.58,3500
CAA,20200302,0.12,0.12,0.11,0.12,205927
CAD,20200302,0.002,0.002,0.002,0.002,1250000
CAF,20200302,0.095,0.1,0.095,0.1,159860
CAG,20200302,0.495,0.495,0.47,0.48,38149
CAI,20200302,0.28,0.28,0.22,0.27,1274045
CAJ,20200302,0.3,0.3,0.285,0.285,12936328
CAM,20200302,0.9,0.9,0.855,0.87,736183
CAN,20200302,0.82,0.865,0.725,0.85,1067442
CAP,20200302,0.021,0.025,0.02,0.025,618182
CAR,20200302,15.92,16.19,15.81,16.16,961671
CAT,20200302,1.45,1.495,1.355,1.445,1947012
CAU,20200302,0.12,0.15,0.12,0.15,289826
CAZ,20200302,0.023,0.023,0.022,0.022,773456
CBA,20200302,80.05,80.77,78.75,80.47,4313319
CBE,20200302,0.215,0.215,0.19,0.19,407594
CBR,20200302,3.64,3.67,3.38,3.62,501608
CCA,20200302,0.135,0.14,0.1,0.12,1331616
CCE,20200302,0.001,0.001,0.001,0.001,1763752
CCG,20200302,0.055,0.06,0.055,0.06,124488
CCL,20200302,11.39,11.47,11.21,11.44,2546372
CCP,20200302,32,32.43,30.9,31.57,676107
CCV,20200302,0.19,0.19,0.175,0.18,969555
CCX,20200302,2.66,2.9,2.52,2.86,1895162
CCZ,20200302,0.018,0.018,0.016,0.016,2977278
CD1,20200302,1.56,1.58,1.56,1.58,15332
CD2,20200302,1.445,1.51,1.445,1.51,22755
CDA,20200302,6.55,6.84,6.02,6.71,1184384
CDD,20200302,0.385,0.405,0.37,0.38,400826
CDM,20200302,0.62,0.63,0.595,0.63,965591
CDP,20200302,5.73,5.74,5.55,5.56,11096
CDT,20200302,0.005,0.006,0.005,0.006,699615
CDV,20200302,0.325,0.325,0.315,0.315,2025323
CDX,20200302,0.023,0.023,0.022,0.023,2376511
CDY,20200302,0.15,0.15,0.145,0.15,129752
CE1,20200302,0.006,0.006,0.006,0.006,4496666
CEL,20200302,0.135,0.135,0.135,0.135,1772561
CEN,20200302,6.3,6.37,6.23,6.37,12117
CFE,20200302,0.004,0.004,0.004,0.004,67000
CFO,20200302,0.057,0.057,0.055,0.055,75050
CG1,20200302,0.33,0.33,0.3,0.32,395079
CGA,20200302,0.4,0.4,0.4,0.4,3256
CGB,20200302,0.01,0.01,0.009,0.01,7091796
CGC,20200302,2.91,3.17,2.905,3.1,7487687
CGF,20200302,8.89,9,8.645,9,3263295
CGL,20200302,4.2,4.22,3.83,4,486537
CGN,20200302,0.01,0.01,0.01,0.01,1607
CGR,20200302,0.555,0.57,0.55,0.57,1264405
CGS,20200302,0.4,0.42,0.36,0.365,300880
CHC,20200302,11.86,12.18,11.64,12.18,2957142
CHK,20200302,0.007,0.007,0.007,0.007,1219047
CHN,20200302,0.21,0.245,0.19,0.235,2117463
CHZ,20200302,0.075,0.075,0.063,0.07,1611732
CI1,20200302,0.026,0.027,0.026,0.027,378534
CIA,20200302,1.98,2.105,1.9,2.07,1040222
CIE,20200302,0.75,0.75,0.71,0.75,265172
CIM,20200302,23.58,24.22,23.23,24.1,825689
CIN,20200302,28.25,28.8,27.85,28.79,4512
CIP,20200302,3.45,3.56,3.28,3.55,1401062
CIW,20200302,0.56,0.575,0.56,0.56,20294
CKA,20200302,0.035,0.037,0.034,0.034,450200
CKF,20200302,8.5,9.07,8.45,9.03,903927
CL1,20200302,1.545,1.605,1.53,1.54,558650
CL8,20200302,0.013,0.013,0.011,0.013,3000750
CLA,20200302,0.01,0.01,0.009,0.009,1824106
CLB,20200302,0.05,0.05,0.045,0.045,54980
CLF,20200302,1.18,1.18,1.105,1.12,84934
CLQ,20200302,0.2,0.205,0.175,0.19,2120651
CLV,20200302,2.51,2.52,2.19,2.45,632796
CLW,20200302,5.5,5.56,5.39,5.43,8911727
CLZ,20200302,0.002,0.002,0.002,0.002,6720001
CM8,20200302,0.019,0.02,0.019,0.019,454283
CML,20200302,0.015,0.015,0.013,0.013,3237572
CMM,20200302,1.2,1.295,1,1.19,1962326
CMP,20200302,0.665,0.665,0.59,0.62,322485
CMW,20200302,1.07,1.14,1.065,1.13,9895428
CNB,20200302,0.061,0.061,0.06,0.06,40333
CNI,20200302,2.49,2.55,2.45,2.55,2895173
CNJ,20200302,0.007,0.007,0.007,0.007,1068363
CNU,20200302,6.37,6.49,6.23,6.45,1268257
CNW,20200302,0.023,0.023,0.023,0.023,3500000
COB,20200302,0.11,0.11,0.1,0.1,238969
COE,20200302,0.47,0.495,0.46,0.495,4188015
COF,20200302,2.9,2.99,2.83,2.98,1351188
COG,20200302,0.085,0.09,0.085,0.09,216762
COH,20200302,206.49,208.4,203.58,207.5,258989
COI,20200302,0.115,0.115,0.1,0.11,701766
COL,20200302,14.18,14.77,14.03,14.67,8036717
COO,20200302,0.069,0.069,0.069,0.069,190646
COS,20200302,0.32,0.32,0.32,0.32,20000
CP1,20200302,0.12,0.125,0.12,0.12,61447
CPH,20200302,0.083,0.083,0.072,0.08,1763584
CPT,20200302,0.061,0.061,0.06,0.061,106663
CPU,20200302,15.15,15.44,15,15.34,2267974
CPV,20200302,0.1,0.1,0.082,0.093,1463794
CQE,20200302,3.42,3.43,3.32,3.41,891071
CQR,20200302,4.7,4.74,4.6,4.72,2591747
CR1,20200302,0.175,0.175,0.175,0.175,35667
CRL,20200302,0.018,0.018,0.017,0.017,430000
CRN,20200302,1.55,1.71,1.535,1.69,794074
CRO,20200302,0.005,0.005,0.004,0.005,707087
CRS,20200302,0.11,0.11,0.11,0.11,40000
CSL,20200302,298.62,310.28,297.43,306.11,1203930
CSR,20200302,3.93,4.125,3.88,4.11,4887396
CSS,20200302,0.65,0.68,0.625,0.665,105635
CST,20200302,0.16,0.16,0.13,0.145,717646
CT1,20200302,0.025,0.028,0.025,0.027,3889585
CTD,20200302,13.25,13.65,12.54,13.5,1964273
CTE,20200302,0.05,0.068,0.05,0.068,313329
CTM,20200302,0.011,0.012,0.01,0.011,17944510
CTO,20200302,0.004,0.004,0.003,0.003,9326288
CTP,20200302,0.1,0.105,0.095,0.105,1245113
CTX,20200302,31.98,32.18,31.38,32,2221757
CUE,20200302,0.084,0.098,0.081,0.098,279240
CUL,20200302,0.01,0.01,0.01,0.01,681477
CUP,20200302,0.95,1.02,0.915,1.02,135719
CUV,20200302,16.05,17.61,15.91,17.1,966989
CV1,20200302,0.091,0.092,0.089,0.09,429205
CVC,20200302,1.7,1.7,1.7,1.7,216
CVF,20200302,0.91,0.92,0.9,0.91,89300
CVN,20200302,0.24,0.26,0.22,0.25,9866095
CVW,20200302,0.332,0.335,0.32,0.33,400636
CWL,20200302,0.1,0.1,0.099,0.1,974502
CWN,20200302,10.03,10.24,9.92,10.24,2070319
CWP,20200302,6.85,6.97,6.74,6.9,131999
CWX,20200302,0.2,0.23,0.185,0.23,267009
CWY,20200302,2.22,2.32,2.21,2.31,9189420
CWZ,20200302,0.155,0.155,0.155,0.155,12266
CXL,20200302,0.8,0.8,0.72,0.76,325487
CXM,20200302,0.038,0.038,0.038,0.038,80038
CXO,20200302,0.036,0.036,0.032,0.035,2310102
CXZ,20200302,0.018,0.019,0.018,0.019,4215576
CYC,20200302,0.915,1.005,0.915,1,12990
CYG,20200302,0.88,0.88,0.86,0.87,29248
CYL,20200302,2.69,2.77,2.06,2.77,78522
CYM,20200302,0.2,0.2,0.17,0.18,82266
CYP,20200302,0.9,0.915,0.805,0.9,277255
CYQ,20200302,0.001,0.001,0.001,0.001,5000000
CZI,20200302,0.08,0.08,0.075,0.077,785579
CZL,20200302,0.007,0.007,0.007,0.007,5321211
CZN,20200302,0.002,0.003,0.002,0.003,2748571
CZR,20200302,0.009,0.009,0.008,0.008,500000
D2O,20200302,1.37,1.45,1.355,1.45,182885
DAF,20200302,0.019,0.019,0.019,0.019,292935
DAU,20200302,0.022,0.028,0.022,0.026,145978
DBF,20200302,1.1,1.1,1.1,1.1,50000
DCC,20200302,0.026,0.026,0.023,0.023,1577932
DCL,20200302,0.06,0.06,0.055,0.056,82388
DDD,20200302,0.002,0.002,0.002,0.002,1060000
DDR,20200302,5.87,5.89,5.37,5.82,337295
DDT,20200302,0.006,0.006,0.006,0.006,34800
DEG,20200302,0.175,0.19,0.165,0.185,10624320
DEM,20200302,0.18,0.19,0.165,0.19,625003
DEV,20200302,0.05,0.05,0.05,0.05,55000
DGH,20200302,1.4,1.4,1.4,1.4,2250
DGO,20200302,1.8,1.8,1.7,1.8,24133
DGR,20200302,0.067,0.067,0.066,0.066,72335
DHG,20200302,3.07,3.17,3.07,3.1,1152376
DHR,20200302,0.003,0.003,0.003,0.003,500000
DIV,20200302,22.04,22.04,21.6,22.01,9568
DJW,20200302,3.1,3.12,2.98,3.11,244089
DME,20200302,0.19,0.19,0.19,0.19,6778
DMP,20200302,53.7,56.85,53.7,56.85,755577
DNA,20200302,0.069,0.069,0.06,0.067,935159
DNK,20200302,0.51,0.52,0.51,0.51,29171
DOR,20200302,0.045,0.045,0.045,0.045,80000
DOW,20200302,5.4,5.785,5.4,5.7,5720915
DRE,20200302,0.004,0.004,0.004,0.004,2542205
DRO,20200302,0.16,0.165,0.145,0.16,1408623
DRX,20200302,0.01,0.01,0.009,0.01,1359497
DSE,20200302,0.038,0.043,0.038,0.043,215013
DTC,20200302,1,1,0.88,1,205226
DTL,20200302,3.96,4.06,3.71,4,1088070
DTM,20200302,0.067,0.067,0.067,0.067,2225
DTR,20200302,0.001,0.001,0.001,0.001,4400000
DTS,20200302,0.105,0.105,0.085,0.1,408233
DTZ,20200302,0.05,0.056,0.049,0.056,117163
DUB,20200302,1,1.08,0.9,1.03,1113490
DUI,20200302,4.7,4.7,4.4,4.63,290135
DVN,20200302,0.12,0.12,0.12,0.12,5500
DW8,20200302,0.007,0.007,0.006,0.007,1303009
DWS,20200302,0.935,0.95,0.86,0.93,261409
DXB,20200302,0.12,0.125,0.105,0.125,496215
DXN,20200302,0.039,0.039,0.035,0.039,1176637
DXS,20200302,11.87,12.09,11.865,12.09,6217422
DYL,20200302,0.16,0.17,0.15,0.165,270819
E25,20200302,0.16,0.16,0.155,0.155,22844
E2E,20200302,0.002,0.003,0.002,0.003,735000
E2M,20200302,0.13,0.13,0.125,0.125,36000
EAF,20200302,1.32,1.32,1.31,1.31,290446
EAI,20200302,0.99,1.035,0.97,1.035,550357
EAS,20200302,0.98,1.025,0.97,1,22765
EAX,20200302,0.18,0.18,0.155,0.155,10000
EBG,20200302,1.005,1.005,0.99,0.99,11078
EBO,20200302,22,22.2,22,22.2,709
ECF,20200302,1.21,1.25,1.2,1.245,489981
ECG,20200302,0.03,0.03,0.03,0.03,37500
ECL,20200302,1.32,1.325,1.32,1.325,44972
ECS,20200302,0.038,0.038,0.035,0.036,1553279
ECT,20200302,0.001,0.001,0.001,0.001,2000000
ECX,20200302,1.41,1.465,1.35,1.445,1932784
ED1,20200302,0.74,0.74,0.7,0.72,79899
EDE,20200302,0.03,0.032,0.025,0.031,4659880
EEG,20200302,0.295,0.295,0.295,0.295,40513
EEU,20200302,16.32,16.32,16.27,16.27,16444
EGD,20200302,2.41,2.42,2.4,2.4,320216
EGF,20200302,1.69,1.69,1.69,1.69,189416
EGH,20200302,0.365,0.365,0.33,0.36,238752
EGI,20200302,1.04,1.05,1.025,1.05,81176
EGL,20200302,0.032,0.032,0.032,0.032,6530
EGN,20200302,0.46,0.485,0.45,0.485,232616
EGR,20200302,0.063,0.066,0.046,0.046,879916
EHE,20200302,1.88,1.967,1.85,1.94,1901720
EHH,20200302,0.195,0.205,0.185,0.19,7395612
EHL,20200302,1.86,1.88,1.732,1.87,1881446
EHX,20200302,0.1,0.1,0.095,0.095,307717
ELD,20200302,7.68,7.69,7.4,7.53,1822920
ELO,20200302,7,7.46,6.78,7.41,183940
ELS,20200302,0.29,0.297,0.29,0.29,59645
ELT,20200302,0.002,0.002,0.002,0.002,10107500
ELX,20200302,0.67,0.67,0.635,0.665,290164
EM1,20200302,0.007,0.008,0.006,0.007,831827
EM2,20200302,0.115,0.12,0.1,0.12,228586
EMB,20200302,11,11,11,11,2500
EMD,20200302,0.096,0.099,0.09,0.097,461131
EML,20200302,3.53,3.54,3.36,3.49,9482559
EMN,20200302,0.11,0.11,0.11,0.11,69230
EMR,20200302,0.04,0.04,0.033,0.037,10441683
EMU,20200302,0.03,0.03,0.03,0.03,167481
EMV,20200302,0.67,0.7,0.6,0.7,233328
EN1,20200302,0.02,0.02,0.019,0.019,3696922
ENN,20200302,2.05,2.05,1.93,1.99,230028
ENX,20200302,0.007,0.008,0.007,0.008,121704
EOF,20200302,2.4,2.41,2.09,2.29,382717
EOL,20200302,2.49,2.6,2.22,2.6,30622
EOS,20200302,7.11,7.14,6.52,7.08,1370751
EPD,20200302,0.37,0.37,0.355,0.355,214212
EPM,20200302,0.004,0.005,0.004,0.005,820000
EQE,20200302,0.01,0.01,0.007,0.009,2387290
EQT,20200302,28.36,28.42,27.85,28.12,39814
EQX,20200302,0.25,0.25,0.245,0.245,80000
ERA,20200302,0.155,0.16,0.155,0.16,105716
ERF,20200302,1.24,1.24,1.21,1.22,38323
ERG,20200302,0.061,0.061,0.061,0.061,56000
ERL,20200302,0.01,0.01,0.007,0.007,2498339
ERM,20200302,0.075,0.075,0.067,0.074,1209983
ERX,20200302,0.049,0.049,0.047,0.048,990840
ESE,20200302,0.008,0.008,0.006,0.006,540000
ESH,20200302,0.006,0.006,0.004,0.006,6857078
ETF,20200302,21.48,21.48,21.06,21.16,487
EUC,20200302,0.012,0.012,0.011,0.011,420328
EVE,20200302,0.005,0.005,0.004,0.004,3055593
EVN,20200302,3.79,4.09,3.65,4.07,20479472
EVO,20200302,0.115,0.115,0.115,0.115,697952
EVS,20200302,0.16,0.175,0.15,0.175,3043984
EVT,20200302,11.35,11.36,10.97,11.1,101005
EWC,20200302,0.068,0.077,0.064,0.076,1006804
EX1,20200302,0.225,0.225,0.205,0.205,256850
EXL,20200302,0.37,0.405,0.34,0.395,830129
EXP,20200302,0.185,0.185,0.17,0.18,2940145
EXR,20200302,0.032,0.032,0.029,0.032,2010267
EZL,20200302,0.94,0.95,0.93,0.95,135377
FAM,20200302,0.04,0.045,0.04,0.045,78825
FAR,20200302,0.022,0.026,0.022,0.026,14221146
FAU,20200302,0.008,0.009,0.008,0.009,1708142
FBR,20200302,0.034,0.035,0.027,0.033,8096413
FBU,20200302,4.91,5.04,4.86,4.88,1471574
FCL,20200302,3.68,3.68,3.53,3.6,62428
FCT,20200302,0.13,0.135,0.12,0.135,423894
FDV,20200302,0.87,0.88,0.8,0.875,251436
FEL,20200302,0.011,0.011,0.01,0.01,1000000
FEX,20200302,0.044,0.044,0.038,0.038,487500
FFC,20200302,0.065,0.068,0.065,0.068,68167
FFG,20200302,0.007,0.007,0.006,0.007,747163
FFI,20200302,5.3,5.3,4.9,4.9,1697
FFL,20200302,0.345,0.345,0.345,0.345,7412
FFR,20200302,0.032,0.032,0.032,0.032,100000
FGG,20200302,1.155,1.2,1.13,1.185,1629934
FGO,20200302,0.001,0.001,0.001,0.001,501601
FGR,20200302,0.125,0.135,0.125,0.13,1559720
FGX,20200302,1.075,1.1,1.04,1.095,1373710
FHS,20200302,0.028,0.029,0.027,0.029,1006641
FID,20200302,5.2,5.25,4.76,5.2,119095
FIJ,20200302,0.083,0.083,0.065,0.065,241473
FIN,20200302,0.011,0.011,0.011,0.011,10000
FLC,20200302,0.28,0.32,0.28,0.32,706878
FLN,20200302,0.355,0.395,0.35,0.395,116433
FLT,20200302,31.5,32.15,30.56,31.1,1827361
FMG,20200302,9.08,9.31,8.81,9.17,30671146
FML,20200302,0.22,0.22,0.15,0.195,124199
FNP,20200302,4.1,4.48,3.98,4.44,2036236
FNT,20200302,0.008,0.008,0.008,0.008,4090104
FOD,20200302,0.08,0.091,0.08,0.087,7883892
FOR,20200302,1.05,1.05,1.027,1.05,161609
FPC,20200302,0.96,0.96,0.93,0.945,199116
FPH,20200302,24.4,24.685,23.97,24.24,844696
FPL,20200302,0.003,0.004,0.003,0.003,4588642
FPP,20200302,0.89,0.89,0.885,0.885,22517
FRI,20200302,0.87,0.87,0.83,0.84,163513
FRM,20200302,0.24,0.24,0.24,0.24,68298
FRN,20200302,0.024,0.024,0.02,0.024,2211080
FSA,20200302,1.2,1.2,1.07,1.12,103122
FSF,20200302,3.7,3.74,3.7,3.71,35855
FSG,20200302,0.024,0.024,0.024,0.024,20000
FSI,20200302,1.815,1.815,1.815,1.815,1689
FTC,20200302,0.076,0.076,0.076,0.076,37970
FTZ,20200302,0.082,0.095,0.082,0.095,156831
FUN,20200302,0.017,0.017,0.017,0.017,6201
FWD,20200302,1.77,1.78,1.71,1.78,25946
FXL,20200302,1.55,1.69,1.542,1.65,2360201
FYI,20200302,0.051,0.055,0.051,0.055,146949
FZO,20200302,0.12,0.12,0.11,0.11,841601
G1A,20200302,0.2,0.2,0.18,0.2,570945
G88,20200302,0.045,0.047,0.045,0.047,100000
GAL,20200302,0.16,0.16,0.145,0.15,374839
GAP,20200302,0.16,0.16,0.145,0.145,577675
GAS,20200302,0.55,0.55,0.53,0.53,47128
GBR,20200302,0.033,0.033,0.033,0.033,52490
GBZ,20200302,0.065,0.07,0.063,0.064,105267
GC1,20200302,0.76,0.76,0.76,0.76,17043
GCI,20200302,1.96,1.99,1.96,1.97,431401
GDF,20200302,1.35,1.35,1.33,1.34,186767
GDG,20200302,0.725,0.725,0.725,0.725,2500
GDI,20200302,1.48,1.49,1.435,1.48,1224001
GDX,20200302,42.98,42.98,40.26,41.52,63968
GED,20200302,0.012,0.012,0.01,0.01,106092
GEM,20200302,1.565,1.6,1.515,1.575,4938892
GEV,20200302,0.145,0.145,0.135,0.14,95857
GFL,20200302,2.01,2.01,2.01,2.01,300
GGG,20200302,0.081,0.088,0.078,0.087,2398649
GIB,20200302,0.04,0.045,0.04,0.045,155682
GID,20200302,0.007,0.007,0.007,0.007,210000
GLA,20200302,0.001,0.001,0.001,0.001,1000000
GLB,20200302,1.42,1.42,1.42,1.42,13000
GLL,20200302,0.535,0.545,0.5,0.52,329090
GLN,20200302,0.24,0.24,0.21,0.225,674808
GLV,20200302,0.001,0.001,0.001,0.001,2000000
GMA,20200302,3.09,3.19,2.96,3.14,2951175
GMD,20200302,0.03,0.03,0.026,0.03,4964630
GME,20200302,0.05,0.05,0.048,0.048,110048
GMG,20200302,14.46,15.03,14.43,14.91,5463823
GML,20200302,0.012,0.014,0.012,0.013,1198640
GMN,20200302,0.06,0.06,0.06,0.06,144953
GMR,20200302,0.008,0.008,0.006,0.008,5382915
GMV,20200302,0.076,0.076,0.07,0.072,402923
GNC,20200302,7.8,7.81,7.61,7.7,1378831
GNE,20200302,2.85,2.87,2.76,2.87,54253
GNG,20200302,0.855,0.855,0.82,0.855,27869
GNM,20200302,0.006,0.006,0.006,0.006,1000000
GNX,20200302,0.17,0.195,0.15,0.195,1467438
GO2,20200302,0.014,0.014,0.013,0.014,300103
GOR,20200302,1.3,1.375,1.25,1.355,15407006
GOW,20200302,2.09,2.09,2,2.02,33851
GOZ,20200302,4.21,4.22,4.13,4.22,1768990
GPR,20200302,0.42,0.44,0.35,0.365,391186
GPT,20200302,5.65,5.69,5.61,5.65,15064575
GPX,20200302,0.08,0.081,0.08,0.08,100052
GRB,20200302,0.064,0.065,0.062,0.065,1055522
GRL,20200302,0.185,0.19,0.175,0.19,44141
GRR,20200302,0.225,0.225,0.215,0.225,2623697
GSM,20200302,0.07,0.077,0.07,0.075,145670
GSN,20200302,0.05,0.05,0.049,0.05,900818
GSS,20200302,1.14,1.14,1.06,1.1,134515
GSW,20200302,0.55,0.55,0.39,0.495,80170
GTE,20200302,0.003,0.003,0.003,0.003,5493083
GTG,20200302,0.007,0.007,0.006,0.007,8940695
GTK,20200302,1.97,1.97,1.85,1.875,52928
GTN,20200302,0.775,0.78,0.75,0.77,849149
GTR,20200302,0.005,0.005,0.005,0.005,873100
GUD,20200302,10.54,10.71,10.28,10.71,401919
GUL,20200302,0.04,0.04,0.04,0.04,24750
GVF,20200302,0.98,1,0.955,0.98,403462
GWA,20200302,3.1,3.21,3.08,3.19,958335
GXY,20200302,0.85,0.91,0.82,0.895,4342404
HAS,20200302,0.11,0.11,0.105,0.105,438677
HAV,20200302,0.081,0.091,0.075,0.075,558094
HAW,20200302,0.078,0.078,0.075,0.075,63000
HCD,20200302,0.035,0.035,0.035,0.035,425000
HCH,20200302,0.02,0.024,0.018,0.023,10883029
HCT,20200302,0.17,0.185,0.165,0.175,9456828
HE8,20200302,0.096,0.102,0.09,0.096,3738590
HFR,20200302,0.61,0.62,0.59,0.61,89952
HGO,20200302,0.046,0.048,0.04,0.048,182291
HIL,20200302,0.31,0.325,0.297,0.32,1220043
HIP,20200302,0.013,0.014,0.013,0.014,197096
HIT,20200302,1.3,1.445,1.29,1.445,70866
HLA,20200302,1.15,1.15,1.085,1.09,27999
HLO,20200302,3.26,3.28,3.085,3.11,451412
HLS,20200302,3.06,3.07,2.93,2.95,2389309
HLX,20200302,0.01,0.01,0.008,0.008,2513428
HM1,20200302,2.9,2.99,2.77,2.96,824783
HMC,20200302,3.7,3.95,3.59,3.8,276493
HMD,20200302,0.105,0.13,0.1,0.13,200133
HMX,20200302,0.016,0.019,0.016,0.019,517997
HNG,20200302,0.29,0.29,0.27,0.27,146002
HNR,20200302,0.006,0.006,0.006,0.006,6000
HPI,20200302,3.2,3.25,3.15,3.21,302122
HRL,20200302,0.14,0.14,0.125,0.13,405296
HRR,20200302,0.065,0.068,0.052,0.068,137011
HRZ,20200302,0.084,0.084,0.076,0.08,1632012
HSC,20200302,0.004,0.005,0.004,0.004,24507022
HSN,20200302,3.15,3.4,3.15,3.39,842652
HT1,20200302,1.335,1.355,1.3,1.35,124771
HT8,20200302,0.014,0.014,0.014,0.014,48000
HTA,20200302,0.145,0.145,0.145,0.145,347969
HUB,20200302,9.51,9.77,9.51,9.62,444035
HUO,20200302,4.11,4.17,4,4.12,11606
HVM,20200302,0.15,0.16,0.15,0.155,359839
HVN,20200302,3.62,3.715,3.53,3.62,10052762
HWH,20200302,0.023,0.023,0.02,0.023,470644
HWK,20200302,0.005,0.005,0.004,0.005,9506267
HXG,20200302,0.038,0.038,0.03,0.038,324549
HYD,20200302,0.165,0.165,0.16,0.16,158626
HZN,20200302,0.069,0.069,0.064,0.065,4203362
HZR,20200302,0.37,0.38,0.34,0.375,1277011
IAA,20200302,92.64,95.4,91.99,95.33,52651
IAF,20200302,117.57,117.7,117.08,117.11,44559
IAG,20200302,6.27,6.5,6.23,6.5,7722598
IAP,20200302,1.485,1.485,1.35,1.435,574426
IBC,20200302,0.51,0.51,0.51,0.51,72141
IBG,20200302,0.01,0.01,0.01,0.01,811856
IBX,20200302,0.027,0.027,0.022,0.024,5396404
ICE,20200302,0.23,0.23,0.22,0.225,144007
ICI,20200302,0.023,0.03,0.023,0.029,274353
ICN,20200302,0.007,0.007,0.007,0.007,190000
ICQ,20200302,0.3,0.325,0.27,0.32,1842369
ICS,20200302,2.26,2.27,2.195,2.27,31129
ICT,20200302,0.03,0.035,0.03,0.035,1315980
IDA,20200302,0.02,0.02,0.02,0.02,145440
IDT,20200302,0.12,0.12,0.12,0.12,86850
IDX,20200302,3.91,3.94,3.75,3.81,890032
IEC,20200302,0.004,0.004,0.004,0.004,100000
IEL,20200302,20.58,21.34,18.65,21.19,2932651
IEM,20200302,61.46,62.69,60.11,62.56,33650
IEU,20200302,63,64.75,63,64.43,46498
IFL,20200302,5.5,5.73,5.31,5.66,2731557
IFM,20200302,2.01,2.09,1.9,2.06,786125
IFN,20200302,0.62,0.645,0.6,0.64,3712990
IFT,20200302,4.76,4.76,4.75,4.75,4001
IGB,20200302,116.77,116.77,115.85,115.91,7399
IGL,20200302,1.715,1.77,1.69,1.75,767960
IGO,20200302,5.16,5.35,5.07,5.32,5133894
IHD,20200302,12.82,12.96,12.64,12.93,67880
IHL,20200302,0.049,0.05,0.04,0.045,4123782
IHR,20200302,0.073,0.073,0.071,0.071,517024
IJH,20200302,279.85,280.89,265.53,279.64,7549
IJP,20200302,80.32,82.83,80.32,82.61,9238
IJR,20200302,111,112.8,110,112.47,23313
IKO,20200302,85.14,86.65,83.21,86.65,9863
ILB,20200302,131.61,131.88,130.59,130.59,2233
ILC,20200302,24.85,25.23,24.66,25.15,47771
ILU,20200302,8.17,8.38,8.06,8.26,2083670
IMA,20200302,0.145,0.175,0.145,0.16,1080291
IMC,20200302,0.13,0.13,0.115,0.12,271571
IMD,20200302,1.52,1.555,1.49,1.535,3996335
IME,20200302,0.026,0.026,0.023,0.025,4421532
IMF,20200302,4.08,4.3,4.03,4.26,1144910
IMM,20200302,0.33,0.355,0.305,0.355,2369560
IMR,20200302,1.595,1.595,1.36,1.5,319315
IMS,20200302,0.006,0.006,0.005,0.005,332857
IMU,20200302,0.023,0.026,0.023,0.026,18005313
INA,20200302,4.92,4.99,4.81,4.92,2043494
INF,20200302,0.041,0.05,0.041,0.05,299140
ING,20200302,3.41,3.51,3.38,3.47,2565433
INP,20200302,0.021,0.023,0.021,0.021,170175
INR,20200302,0.155,0.165,0.15,0.15,3817108
IOD,20200302,0.12,0.12,0.1,0.115,145950
IOO,20200302,75,76.54,74.93,76.36,144962
IOZ,20200302,25.88,26.26,25.63,26.23,625687
IP1,20200302,0.006,0.006,0.006,0.006,249376
IPD,20200302,0.076,0.084,0.07,0.084,915004
IPH,20200302,8.21,8.61,8.15,8.56,1380499
IPL,20200302,2.75,2.75,2.68,2.71,5419406
IPT,20200302,0.008,0.008,0.007,0.008,10436571
IRE,20200302,11.75,11.84,11.505,11.79,816051
IRI,20200302,2.76,2.87,2.64,2.85,793114
ISD,20200302,0.22,0.22,0.19,0.205,743927
ISO,20200302,4.6,4.64,4.53,4.64,34699
ISU,20200302,0.315,0.325,0.31,0.325,25962
ITG,20200302,0.39,0.45,0.39,0.415,91342
ITW,20200302,60.04,61.1,59.41,60.76,1983
IVC,20200302,14.64,14.99,14.37,14.59,888842
IVE,20200302,95.06,96.25,94.86,96,3743
IVR,20200302,0.015,0.016,0.014,0.015,6938426
IVV,20200302,449.61,459,446.97,456.63,62909
IVX,20200302,0.01,0.01,0.009,0.009,5446425
IVZ,20200302,0.019,0.019,0.019,0.019,2315
IXC,20200302,1.03,1.065,0.91,1,109952
IXI,20200302,77.38,78.11,77.01,77.92,14338
IXJ,20200302,96.07,97.7,95.47,97.38,31091
IXU,20200302,0.051,0.051,0.051,0.051,54689
IZZ,20200302,61.2,62.99,60.21,62.76,34895
JAL,20200302,0.16,0.18,0.16,0.18,17118
JAN,20200302,0.38,0.38,0.355,0.36,31169
JAT,20200302,0.047,0.047,0.044,0.046,8387333
JBH,20200302,36.15,36.45,35.515,36.07,1735992
JCS,20200302,0.033,0.033,0.031,0.031,768645
JDR,20200302,0.012,0.012,0.012,0.012,196826
JHC,20200302,0.86,0.915,0.82,0.9,2137573
JHG,20200302,31.75,32.54,31.18,32.28,459825
JHX,20200302,27.5,28.72,27.21,28.49,2051750
JIN,20200302,10.98,11.33,10.63,11.33,1435963
JLG,20200302,2.37,2.53,2.35,2.49,881532
JMS,20200302,0.235,0.245,0.22,0.24,9099645
JPR,20200302,0.006,0.006,0.006,0.006,150000
JRL,20200302,0.27,0.27,0.27,0.27,4145
JRV,20200302,0.225,0.235,0.21,0.235,1043844
JXT,20200302,0.076,0.076,0.075,0.075,116508
JYC,20200302,1.255,1.255,1.2,1.2,13184
K2F,20200302,0.19,0.235,0.185,0.215,493045
KAI,20200302,0.009,0.009,0.008,0.008,6816667
KAR,20200302,0.82,0.875,0.8,0.87,4517928
KAS,20200302,0.011,0.011,0.011,0.011,4000
KAT,20200302,0.78,0.78,0.78,0.78,18082
KAU,20200302,0.25,0.26,0.2,0.23,1074101
KCN,20200302,0.45,0.455,0.405,0.455,835806
KEY,20200302,0.003,0.004,0.003,0.004,3618136
KFE,20200302,0.045,0.048,0.042,0.045,768022
KGL,20200302,0.2,0.2,0.19,0.19,96987
KGM,20200302,0.006,0.007,0.005,0.006,915957
KGN,20200302,4.38,4.42,4.18,4.42,1532103
KIN,20200302,0.054,0.054,0.039,0.044,1223292
KIS,20200302,0.05,0.05,0.045,0.045,40500
KKC,20200302,2.27,2.27,2.15,2.18,1091240
KLA,20200302,49.49,50.02,48.51,49.56,4258
KMD,20200302,2.77,2.85,2.67,2.83,500309
KME,20200302,0.9,0.94,0.83,0.94,182603
KMT,20200302,0.005,0.005,0.004,0.004,560804
KNM,20200302,0.012,0.012,0.011,0.011,1064966
KNO,20200302,0.063,0.063,0.063,0.063,21376
KOR,20200302,0.008,0.008,0.008,0.008,80000
KOV,20200302,3.65,3.65,3.21,3.55,46789
KPG,20200302,0.895,0.895,0.84,0.84,37008
KPO,20200302,0.033,0.035,0.031,0.035,5349496
KRM,20200302,0.03,0.03,0.029,0.029,587925
KRR,20200302,0.033,0.033,0.025,0.028,6717441
KSC,20200302,1.54,1.54,1.5,1.53,61033
KSL,20200302,1.265,1.265,1.21,1.245,797720
KSM,20200302,2.08,2.15,2.08,2.15,44150
KSN,20200302,0.16,0.16,0.135,0.15,187956
KSS,20200302,0.255,0.27,0.23,0.27,452385
KTA,20200302,0.04,0.042,0.038,0.039,1182402
KTD,20200302,0.305,0.305,0.28,0.305,1064523
KTG,20200302,0.135,0.135,0.115,0.13,286831
KWR,20200302,0.13,0.15,0.125,0.135,426253
KYK,20200302,0.061,0.064,0.051,0.06,769561
KZA,20200302,0.575,0.58,0.56,0.58,321759
KZR,20200302,0.415,0.475,0.385,0.475,1444281
LAA,20200302,0.015,0.016,0.015,0.015,830612
LAU,20200302,0.35,0.35,0.34,0.35,163703
LAW,20200302,0.064,0.065,0.061,0.065,638691
LBL,20200302,0.385,0.39,0.355,0.39,281487
LBT,20200302,0.115,0.12,0.11,0.12,680128
LCD,20200302,0.011,0.011,0.01,0.011,810706
LCK,20200302,0.105,0.105,0.096,0.105,554293
LCL,20200302,0.035,0.035,0.033,0.033,662314
LCM,20200302,0.17,0.17,0.17,0.17,95000
LCT,20200302,0.017,0.017,0.015,0.015,206548
LEG,20200302,0.081,0.081,0.073,0.077,5100483
LEP,20200302,5.15,5.24,5.12,5.2,119668
LER,20200302,0.02,0.02,0.02,0.02,5774
LEX,20200302,0.17,0.175,0.17,0.175,210436
LGP,20200302,0.405,0.405,0.365,0.38,79198
LI3,20200302,0.023,0.023,0.023,0.023,40000
LIC,20200302,8.02,9.01,7.91,8.84,425342
LIN,20200302,0.022,0.023,0.021,0.023,4696771
LIT,20200302,0.052,0.052,0.044,0.049,4368170
LKE,20200302,0.04,0.04,0.038,0.039,4028078
LLC,20200302,17.48,17.71,16.75,17.71,2027348
LLO,20200302,1.575,1.575,1.45,1.46,22026
LMG,20200302,0.008,0.008,0.008,0.008,61350
LML,20200302,0.004,0.004,0.004,0.004,1109376
LNG,20200302,0.14,0.16,0.14,0.155,6283749
LNK,20200302,4.6,4.65,4.56,4.56,6181316
LNU,20200302,0.016,0.017,0.015,0.017,1038725
LNY,20200302,0.004,0.005,0.004,0.005,3500066
LON,20200302,0.135,0.145,0.13,0.145,88946
LOT,20200302,0.052,0.054,0.052,0.052,180841
LOV,20200302,9.51,9.57,8.86,9.38,933525
LPD,20200302,0.011,0.011,0.011,0.011,3217471
LPE,20200302,0.46,0.46,0.45,0.45,34762
LPI,20200302,0.24,0.24,0.235,0.235,43820
LRS,20200302,0.004,0.004,0.004,0.004,1901500
LRT,20200302,4.85,4.85,4.8,4.8,2000
LSA,20200302,0.007,0.007,0.006,0.006,1345000
LSF,20200302,1.27,1.29,1.205,1.26,2068547
LSX,20200302,0.43,0.43,0.42,0.425,45007
LTR,20200302,0.105,0.112,0.099,0.11,15501070
LVE,20200302,0.038,0.042,0.038,0.042,50000
LVH,20200302,0.205,0.205,0.185,0.2,301023
LVT,20200302,0.24,0.27,0.23,0.26,8767282
LYC,20200302,1.765,1.82,1.67,1.81,11964831
LYL,20200302,5.23,5.32,4.92,5.32,72326
M7T,20200302,0.675,0.685,0.6,0.675,2998078
M8S,20200302,0.12,0.12,0.12,0.12,25000
MA1,20200302,0.91,0.93,0.91,0.93,86776
MAG,20200302,0.285,0.285,0.2,0.23,2203330
MAH,20200302,0.28,0.3,0.265,0.295,4042238
MAI,20200302,0.48,0.49,0.45,0.47,203858
MAM,20200302,0.41,0.41,0.41,0.41,45000
MAQ,20200302,27.07,27.07,24.22,24.78,6280
MAT,20200302,0.14,0.14,0.125,0.13,522976
MAY,20200302,0.009,0.01,0.008,0.01,4020560
MBK,20200302,0.006,0.006,0.005,0.006,4208663
MCA,20200302,0.125,0.125,0.115,0.115,1204914
MCE,20200302,0.29,0.29,0.285,0.285,6960
MCP,20200302,2.01,2.18,1.885,2.12,1222213
MCR,20200302,0.585,0.66,0.58,0.66,2806094
MCT,20200302,0.003,0.003,0.003,0.003,5983957
MCY,20200302,4.36,4.49,4.21,4.38,14630
MDC,20200302,0.25,0.25,0.205,0.22,432378
MDI,20200302,0.008,0.008,0.007,0.007,11969376
MDR,20200302,0.42,0.42,0.365,0.39,545616
MEA,20200302,0.295,0.295,0.28,0.28,48735
MEB,20200302,0.007,0.007,0.007,0.007,500000
MEC,20200302,0.97,0.97,0.97,0.97,113679
MEI,20200302,0.012,0.015,0.012,0.014,7557461
MEL,20200302,0.035,0.035,0.034,0.034,133446
MEM,20200302,0.053,0.057,0.049,0.056,1544942
MEP,20200302,0.033,0.033,0.03,0.032,842205
MEU,20200302,0.032,0.033,0.028,0.032,3540508
MEY,20200302,0.053,0.054,0.053,0.054,29000
MEZ,20200302,4.35,4.42,4.25,4.42,21425
MFD,20200302,0.91,0.995,0.89,0.995,108513
MFF,20200302,3.02,3.29,2.98,3.29,938538
MFG,20200302,54.49,56.17,53.06,55.92,952964
MGC,20200302,0.44,0.45,0.435,0.45,35702
MGE,20200302,4.05,4.06,4.03,4.05,4899604
MGG,20200302,1.76,1.93,1.735,1.885,3568607
MGL,20200302,0.013,0.013,0.013,0.013,5900
MGR,20200302,2.89,3.05,2.89,3.03,16426843
MGU,20200302,0.049,0.049,0.049,0.049,100000
MGV,20200302,0.105,0.105,0.095,0.097,1011818
MGX,20200302,0.67,0.735,0.66,0.735,4432917
MHC,20200302,0.005,0.005,0.005,0.005,13313820
MHG,20200302,3.37,3.4,3.37,3.4,566882
MHH,20200302,1.42,1.55,1.4,1.535,2705704
MHJ,20200302,0.555,0.56,0.525,0.56,104555
MIL,20200302,0.42,0.42,0.36,0.37,53600
MIN,20200302,16.16,16.51,15.64,16.47,2212116
MIO,20200302,0.15,0.15,0.14,0.145,53625
MIR,20200302,2.3,2.35,2.29,2.33,254145
MJC,20200302,0.025,0.025,0.025,0.025,60000
MKG,20200302,0.067,0.067,0.067,0.067,145000
MLD,20200302,0.9,0.925,0.88,0.925,674206
MLL,20200302,0.075,0.079,0.072,0.073,750259
MLM,20200302,0.012,0.012,0.011,0.011,127863
MLS,20200302,0.001,0.001,0.001,0.001,1500000
MLT,20200302,4.37,4.48,4.23,4.48,490014
MLX,20200302,0.076,0.076,0.071,0.072,1629380
MME,20200302,1.59,1.59,1.4,1.52,220568
MMI,20200302,0.115,0.115,0.1,0.115,934989
MMJ,20200302,0.097,0.097,0.082,0.087,2635475
MML,20200302,0.515,0.577,0.495,0.53,1077098
MMM,20200302,0.26,0.26,0.26,0.26,36000
MMS,20200302,10.75,10.75,10.33,10.7,373429
MND,20200302,14.04,14.2,13.73,14.1,641198
MNF,20200302,3.88,3.98,3.77,3.89,355979
MNS,20200302,0.08,0.08,0.07,0.074,605457
MNW,20200302,0.013,0.013,0.013,0.013,10000
MNY,20200302,2.66,2.77,2.58,2.7,544562
MOC,20200302,0.98,0.985,0.875,0.94,710783
MOE,20200302,4.9,5.04,4.76,5.04,337920
MOH,20200302,0.086,0.086,0.07,0.071,146971
MOT,20200302,1.94,1.975,1.89,1.9,405976
MOZ,20200302,1.1,1.195,1.02,1.15,175777
MP1,20200302,9.51,10.24,9.51,10.13,1447808
MPL,20200302,2.76,2.82,2.73,2.79,13188831
MPR,20200302,0.023,0.023,0.022,0.022,127102
MQG,20200302,132.85,134.75,130.5,134,1655795
MQR,20200302,0.05,0.05,0.05,0.05,5264
MRC,20200302,0.18,0.18,0.13,0.18,225910
MRD,20200302,0.002,0.002,0.002,0.002,150000
MRM,20200302,0.14,0.14,0.132,0.14,530301
MRQ,20200302,0.007,0.007,0.006,0.007,2891434
MRZ,20200302,0.195,0.21,0.19,0.19,252326
MSB,20200302,2.19,2.34,2.1,2.28,4671057
MSE,20200302,0.009,0.009,0.009,0.009,60000
MSM,20200302,0.008,0.008,0.007,0.007,1815000
MSV,20200302,0.56,0.56,0.535,0.54,348575
MTC,20200302,0.052,0.055,0.051,0.051,136277
MTH,20200302,0.009,0.009,0.009,0.009,447776
MTO,20200302,1.42,1.455,1.4,1.4,49849
MTS,20200302,2.53,2.53,2.39,2.47,4702014
MVA,20200302,24.1,24.68,23.89,24.68,12788
MVB,20200302,25.45,25.65,25.34,25.58,16136
MVE,20200302,26.6,27.29,26.58,27.19,25946
MVF,20200302,0.9,0.91,0.865,0.905,552354
MVP,20200302,8.26,8.3,7.83,8.19,769509
MVR,20200302,25.2,26.7,25.2,26.7,17418
MVS,20200302,18.75,18.75,18.71,18.71,298
MVW,20200302,28.49,28.85,28.1,28.8,137113
MWR,20200302,0.18,0.18,0.155,0.16,648236
MWY,20200302,1.45,1.45,1.38,1.4,130431
MX1,20200302,0.19,0.195,0.175,0.175,1264388
MXI,20200302,0.165,0.165,0.155,0.155,231075
MXR,20200302,0.037,0.037,0.037,0.037,20943
MXT,20200302,1.99,2,1.98,1.99,3058243
MYE,20200302,0.84,0.84,0.75,0.75,229794
MYL,20200302,0.04,0.043,0.036,0.042,3394491
MYQ,20200302,0.195,0.195,0.19,0.19,85338
MYR,20200302,0.34,0.355,0.325,0.35,3471002
MYS,20200302,5.5,5.9,5.07,5.78,370111
MYX,20200302,0.32,0.33,0.305,0.33,8824468
MZZ,20200302,0.18,0.19,0.18,0.19,106634
NAB,20200302,24.6,24.7,23.98,24.47,13426286
NAC,20200302,0.87,0.88,0.83,0.88,46652
NAG,20200302,0.04,0.04,0.04,0.04,48234
NAM,20200302,0.32,0.32,0.3,0.3,53000
NAN,20200302,6.65,6.65,6.12,6.5,2540395
NBI,20200302,1.99,1.99,1.87,1.91,714081
NC6,20200302,0.046,0.046,0.046,0.046,20000
NCC,20200302,0.995,1.03,0.995,1,98493
NCK,20200302,7.01,7.27,6.84,7.22,408258
NCM,20200302,25.15,27.32,25.1,27.1,7070008
NCR,20200302,0.009,0.009,0.007,0.007,604321
NCZ,20200302,0.115,0.12,0.097,0.11,5348645
NDQ,20200302,21.86,22.18,21.39,22.08,573815
NEA,20200302,1.625,1.69,1.58,1.67,6675791
NEC,20200302,1.56,1.57,1.52,1.55,10870547
NES,20200302,0.038,0.041,0.037,0.037,91107
NET,20200302,0.05,0.05,0.044,0.05,9458259
NEU,20200302,1.69,1.7,1.555,1.7,324368
NEW,20200302,1.16,1.195,1.15,1.18,258794
NGE,20200302,0.53,0.54,0.53,0.54,49699
NGI,20200302,2.95,2.95,2.77,2.88,374889
NHC,20200302,1.41,1.535,1.385,1.475,12764915
NHF,20200302,4.65,4.66,4.48,4.61,2252462
NIC,20200302,0.48,0.495,0.45,0.48,4577294
NML,20200302,0.079,0.094,0.073,0.094,1914965
NMT,20200302,0.18,0.19,0.18,0.185,981163
NNW,20200302,0.059,0.059,0.056,0.056,108890
NOR,20200302,0.046,0.046,0.04,0.042,2991829
NOV,20200302,0.16,0.16,0.16,0.16,8073
NOX,20200302,0.235,0.245,0.21,0.24,359872
NSB,20200302,0.13,0.13,0.105,0.11,171316
NSC,20200302,0.585,0.585,0.56,0.57,322295
NSR,20200302,2.22,2.27,2.185,2.26,7186374
NST,20200302,12.58,13.22,12.5,13.16,8844072
NSX,20200302,0.175,0.175,0.155,0.16,788908
NTD,20200302,0.37,0.37,0.35,0.35,235303
NTI,20200302,0.007,0.007,0.006,0.006,646076
NTM,20200302,0.061,0.062,0.056,0.062,1398472
NTO,20200302,1.65,1.65,1.58,1.62,342722
NTU,20200302,0.036,0.036,0.03,0.034,5264707
NUC,20200302,2.75,2.9,2.75,2.82,751079
NUF,20200302,5,5.11,4.91,5.06,1282451
NUH,20200302,0.025,0.025,0.024,0.024,837444
NUS,20200302,0.255,0.255,0.255,0.255,63010
NVA,20200302,0.048,0.048,0.043,0.046,4639822
NVL,20200302,3.66,3.72,3.65,3.69,2052856
NVO,20200302,0.012,0.012,0.011,0.011,1151896
NVX,20200302,0.33,0.33,0.305,0.33,36593
NWC,20200302,0.012,0.012,0.012,0.012,1031670
NWE,20200302,0.004,0.004,0.003,0.004,11734065
NWH,20200302,2.27,2.35,2.22,2.32,6286201
NWL,20200302,7.3,7.68,7.3,7.65,947007
NWM,20200302,0.16,0.16,0.16,0.16,10000
NWS,20200302,18.9,19.13,18.745,19,296380
NXE,20200302,0.008,0.008,0.008,0.008,30500
NXM,20200302,0.04,0.04,0.04,0.04,287528
NXS,20200302,1.84,2.08,1.84,2.01,185182
NXT,20200302,7.99,8.17,7.58,7.6,4183562
NYR,20200302,0.16,0.175,0.145,0.175,307796
NZK,20200302,1.86,1.86,1.86,1.86,1603
NZM,20200302,0.33,0.35,0.33,0.335,12599
NZS,20200302,0.008,0.008,0.008,0.008,66700
OAR,20200302,0.003,0.003,0.002,0.002,3006773
OAU,20200302,0.02,0.02,0.016,0.018,2006000
OBM,20200302,0.16,0.16,0.14,0.155,701844
OCA,20200302,1.055,1.055,1.05,1.05,5000
OCC,20200302,0.3,0.315,0.275,0.315,1716437
OCL,20200302,5.3,5.42,5.02,5.38,44943
ODA,20200302,0.16,0.16,0.16,0.16,1600
ODM,20200302,0.037,0.037,0.037,0.037,72240
OEC,20200302,0.41,0.43,0.395,0.43,273174
OEL,20200302,0.021,0.023,0.019,0.023,8124618
OEX,20200302,0.003,0.003,0.003,0.003,1501499
OFX,20200302,1.26,1.332,1.235,1.295,311373
OGA,20200302,0.11,0.11,0.11,0.11,139216
OGC,20200302,2.3,2.36,2.18,2.27,1394878
OIL,20200302,0.025,0.025,0.024,0.024,454000
OKU,20200302,0.19,0.205,0.17,0.195,1460700
OLI,20200302,0.067,0.068,0.062,0.068,1588915
OLL,20200302,0.15,0.155,0.13,0.155,433816
OLV,20200302,0.009,0.009,0.009,0.009,500000
OMH,20200302,0.4,0.41,0.39,0.41,713231
OML,20200302,2.7,2.81,2.7,2.79,2234529
ONT,20200302,6.05,6.1,5.96,6.1,5645
OOO,20200302,11.55,11.9,11.4,11.88,85986
OPC,20200302,4.76,4.85,4.57,4.85,7242
OPH,20200302,2.32,2.33,2.23,2.32,619422
OPT,20200302,2.85,2.85,2.73,2.85,455483
OPY,20200302,1.06,1.085,1,1.02,426209
ORA,20200302,2.6,2.66,2.55,2.64,7123927
ORE,20200302,2.58,2.74,2.51,2.74,1759611
ORG,20200302,6.71,7.05,6.62,7.01,9136506
ORI,20200302,19.53,19.755,19.4,19.63,1842996
ORN,20200302,0.017,0.018,0.017,0.017,499415
ORR,20200302,0.385,0.385,0.38,0.38,42622
OSH,20200302,5.38,5.59,5.32,5.54,9131749
OSL,20200302,0.13,0.14,0.12,0.14,2156855
OSP,20200302,0.018,0.018,0.017,0.017,974878
OSX,20200302,0.48,0.48,0.415,0.48,275573
OTW,20200302,3.2,3.25,3.09,3.25,43056
OVH,20200302,0.255,0.26,0.24,0.26,689327
OVL,20200302,0.008,0.008,0.007,0.008,7505538
OVN,20200302,0.48,0.55,0.465,0.54,281441
OVT,20200302,0.035,0.039,0.033,0.033,687175
OZF,20200302,18.5,18.76,18.5,18.76,24915
OZG,20200302,0.155,0.155,0.155,0.155,49269
OZL,20200302,8.76,8.985,8.76,8.94,4445682
OZR,20200302,10.16,10.54,10.16,10.53,28745
P2P,20200302,0.073,0.073,0.073,0.073,5000
PAA,20200302,0.081,0.082,0.07,0.082,1160041
PAB,20200302,0.017,0.017,0.015,0.016,3789587
PAC,20200302,5.8,5.8,5.39,5.65,64064
PAF,20200302,0.79,0.8,0.79,0.8,35691
PAI,20200302,0.97,1.025,0.97,0.99,928771
PAK,20200302,0.022,0.022,0.022,0.022,12500
PAL,20200302,0.795,0.8,0.74,0.8,264166
PAN,20200302,0.21,0.21,0.19,0.2,3326954
PAR,20200302,2.72,3.06,2.53,2.93,2545940
PBH,20200302,3.96,4.05,3.42,3.99,2717522
PBP,20200302,2.02,2.18,2.01,2.15,2373198
PCG,20200302,1.45,1.45,1.44,1.445,4376
PCI,20200302,1.045,1.095,1.03,1.035,1477535
PCK,20200302,0.097,0.105,0.09,0.1,8802448
PDI,20200302,0.007,0.007,0.006,0.007,2464161
PDL,20200302,7.17,7.21,6.91,7.08,2443742
PDN,20200302,0.081,0.081,0.078,0.08,2804395
PDZ,20200302,0.16,0.16,0.16,0.16,6176
PE1,20200302,1.335,1.38,1.33,1.375,127914
PEK,20200302,0.034,0.035,0.032,0.035,1842157
PEN,20200302,0.13,0.13,0.12,0.125,289962
PET,20200302,0.6,0.6,0.55,0.595,2265980
PEX,20200302,0.18,0.18,0.165,0.18,150176
PFP,20200302,3.35,3.39,3.22,3.3,243651
PG1,20200302,0.09,0.09,0.09,0.09,28
PGC,20200302,0.2,0.24,0.19,0.24,1372829
PGF,20200302,1.07,1.09,1.02,1.07,412975
PGG,20200302,1.99,1.99,1.91,1.98,542385
PGH,20200302,1.95,2.06,1.875,2.04,1655220
PGI,20200302,0.027,0.027,0.026,0.026,239999
PGL,20200302,1.7,1.74,1.6,1.715,81410
PGM,20200302,0.02,0.021,0.018,0.019,518420
PGX,20200302,0.215,0.215,0.215,0.215,64512
PIA,20200302,1.02,1.04,0.985,1.03,580324
PIC,20200302,0.96,0.96,0.915,0.95,1001388
PIO,20200302,0.012,0.012,0.012,0.012,4856832
PIQ,20200302,0.25,0.28,0.23,0.28,565371
PKS,20200302,0.135,0.135,0.125,0.135,448509
PL8,20200302,1.08,1.08,1.02,1.03,1485047
PLL,20200302,0.105,0.11,0.098,0.105,1250579
PLS,20200302,0.25,0.265,0.227,0.26,17351535
PLX,20200302,0.6,0.6,0.5,0.5,48882
PM1,20200302,0.015,0.016,0.015,0.016,1337518
PM8,20200302,0.205,0.23,0.2,0.23,302058
PMC,20200302,1.255,1.34,1.24,1.31,590322
PME,20200302,19.72,20.83,19,20.67,630263
PMV,20200302,15.25,16.83,15.2,16.71,628639
PMY,20200302,0.004,0.004,0.004,0.004,14732667
PNC,20200302,1.67,1.67,1.5,1.57,246013
PNI,20200302,4.96,5.16,4.85,5.13,984569
PNN,20200302,0.002,0.002,0.001,0.001,1227084
PNR,20200302,0.077,0.08,0.071,0.078,6652205
PNV,20200302,2.27,2.475,2.15,2.46,10687848
PNX,20200302,0.005,0.005,0.005,0.005,595000
PO3,20200302,2.5,2.5,2.3,2.35,5400
POD,20200302,0.031,0.031,0.027,0.028,611367
POS,20200302,0.028,0.03,0.028,0.03,2568813
POU,20200302,19.22,19.3,19.2,19.2,3574
POW,20200302,0.003,0.003,0.003,0.003,4798254
PPC,20200302,1.26,1.26,1.18,1.19,128223
PPE,20200302,3.16,3.3,3,3.2,103820
PPG,20200302,0.1,0.1,0.083,0.09,184592
PPH,20200302,3.63,3.87,3.63,3.87,326135
PPK,20200302,4.64,4.64,4.26,4.5,114336
PPS,20200302,0.35,0.377,0.32,0.365,3632201
PPT,20200302,38,38.06,36.84,37.93,275309
PPY,20200302,0.013,0.013,0.013,0.013,104702
PRM,20200302,0.001,0.001,0.001,0.001,37000000
PRN,20200302,1.44,1.44,1.355,1.415,4951036
PRO,20200302,0.73,0.77,0.725,0.77,33708
PRT,20200302,0.14,0.145,0.135,0.145,417324
PRU,20200302,0.9,1.02,0.875,0.995,16712311
PRX,20200302,0.054,0.054,0.05,0.05,544864
PSA,20200302,0.037,0.037,0.037,0.037,40000
PSC,20200302,0.165,0.165,0.165,0.165,23361
PSI,20200302,3.33,3.33,3.25,3.32,3964
PSQ,20200302,1.78,1.78,1.6,1.75,30542
PSZ,20200302,0.024,0.025,0.024,0.025,598250
PTB,20200302,0.66,0.68,0.635,0.675,414959
PTL,20200302,0.39,0.39,0.37,0.37,30521
PTM,20200302,3.89,3.89,3.73,3.85,2559182
PTR,20200302,0.055,0.055,0.051,0.052,355000
PTX,20200302,0.043,0.043,0.042,0.042,1226407
PUA,20200302,0.012,0.012,0.011,0.011,341948
PUR,20200302,0.006,0.006,0.006,0.006,722350
PVE,20200302,0.053,0.053,0.053,0.053,60000
PWG,20200302,1.39,1.39,1.345,1.35,2431561
PWH,20200302,4.2,4.39,4.14,4.33,418238
PWL,20200302,0.14,0.15,0.14,0.145,501788
PWN,20200302,0.004,0.004,0.004,0.004,2101730
PXS,20200302,0.085,0.099,0.08,0.094,380371
PXX,20200302,0.028,0.028,0.019,0.023,1111596
PYC,20200302,0.06,0.06,0.05,0.059,7528617
PYG,20200302,0.67,0.67,0.65,0.65,35173
QAN,20200302,5.2,5.33,5.14,5.31,16624680
QAU,20200302,16.48,16.88,15.85,16.04,405273
QBE,20200302,13.44,13.55,13.19,13.55,4883654
QCB,20200302,7.19,7.35,7.19,7.35,2654
QEM,20200302,0.087,0.087,0.08,0.08,59833
QFE,20200302,0.275,0.275,0.25,0.26,741956
QFN,20200302,10.26,10.49,10.26,10.45,22220
QFY,20200302,0.002,0.002,0.002,0.002,27000
QGL,20200302,0.036,0.036,0.036,0.036,42001
QHL,20200302,0.097,0.1,0.09,0.1,746480
QOZ,20200302,12.77,12.96,12.52,12.91,306782
QRE,20200302,5.61,5.72,5.5,5.72,39420
QRI,20200302,1.58,1.61,1.56,1.585,519935
QTM,20200302,0.041,0.044,0.04,0.044,325000
QUB,20200302,2.85,2.92,2.83,2.9,4941219
QUS,20200302,36.34,36.89,36.27,36.78,66341
QVE,20200302,0.91,0.93,0.885,0.93,353928
RAC,20200302,0.28,0.36,0.28,0.355,744064
RAG,20200302,0.005,0.005,0.005,0.005,600000
RAN,20200302,0.012,0.012,0.01,0.012,315492
RAP,20200302,0.16,0.19,0.16,0.175,2773246
RBL,20200302,0.93,0.965,0.865,0.95,821684
RBR,20200302,0.01,0.01,0.009,0.009,848000
RCB,20200302,21,21.02,20.92,21.01,17302
RCE,20200302,0.345,0.38,0.33,0.38,1096073
RCT,20200302,2.1,2.1,2.01,2.03,28471
RCW,20200302,0.21,0.21,0.21,0.21,43523
RDC,20200302,1.1,1.1,1.085,1.09,990852
RDF,20200302,0.57,0.58,0.57,0.58,50174
RDG,20200302,0.019,0.02,0.019,0.02,200000
RDH,20200302,1.41,1.41,1.41,1.41,543
RDM,20200302,0.073,0.073,0.064,0.067,475717
RDN,20200302,0.005,0.005,0.005,0.005,802572
RDV,20200302,27.55,27.69,27.01,27.63,57225
RDY,20200302,1.65,1.73,1.615,1.72,61784
REA,20200302,96.89,97.5,94.46,96.95,521667
RED,20200302,0.29,0.312,0.28,0.305,8455983
REG,20200302,1.78,1.84,1.75,1.8,1425298
REH,20200302,11.3,11.8,11.23,11.68,148956
RES,20200302,0.066,0.071,0.066,0.071,318604
REV,20200302,0.012,0.013,0.012,0.012,430894
REX,20200302,1.015,1.015,0.95,0.98,272287
REZ,20200302,0.012,0.012,0.011,0.011,205000
RF1,20200302,2.41,2.42,2.3,2.41,480638
RFF,20200302,1.905,1.965,1.825,1.94,1334520
RFG,20200302,0.095,0.095,0.089,0.092,2441750
RFN,20200302,0.003,0.003,0.002,0.002,9555815
RFR,20200302,0.09,0.09,0.086,0.086,197928
RFT,20200302,0.036,0.039,0.035,0.038,1833592
RFX,20200302,0.039,0.039,0.035,0.038,1926748
RGB,20200302,23.67,23.67,23.63,23.63,24394
RGI,20200302,0.1,0.112,0.085,0.112,281219
RGS,20200302,0.056,0.069,0.056,0.063,476412
RHC,20200302,67.59,68.62,66.36,68.24,627714
RHI,20200302,0.19,0.19,0.19,0.19,14222
RHP,20200302,1.69,1.8,1.61,1.76,483526
RHT,20200302,0.145,0.15,0.14,0.145,848510
RHY,20200302,0.072,0.073,0.06,0.07,681992
RIC,20200302,0.85,0.85,0.8,0.825,309472
RIE,20200302,0.012,0.012,0.012,0.012,59159
RIO,20200302,86.64,86.67,83.46,86.27,2894077
RKN,20200302,0.675,0.675,0.645,0.665,14631
RLC,20200302,0.002,0.002,0.002,0.002,31000
RLE,20200302,0.02,0.021,0.018,0.021,370898
RLG,20200302,0.023,0.023,0.02,0.02,636164
RLT,20200302,1.35,1.38,1.34,1.35,108870
RMC,20200302,1.24,1.25,1.11,1.19,639879
RMD,20200302,24.02,24.37,23.84,24.28,1803598
RMI,20200302,0.006,0.006,0.006,0.006,15000
RML,20200302,0.052,0.056,0.051,0.054,2151250
RMP,20200302,0.01,0.01,0.01,0.01,20202
RMS,20200302,1.08,1.11,1.025,1.095,8561683
RMX,20200302,0.004,0.004,0.004,0.004,2239900
RMY,20200302,0.44,0.445,0.43,0.435,105602
RND,20200302,2.02,2.02,2.02,2.02,495
RNE,20200302,0.027,0.027,0.027,0.027,16993
RNO,20200302,0.15,0.15,0.15,0.15,165982
RNT,20200302,0.045,0.045,0.042,0.042,468374
RNU,20200302,0.008,0.008,0.007,0.008,4355383
RNX,20200302,0.002,0.002,0.002,0.002,8185700
ROG,20200302,0.001,0.002,0.001,0.002,4330000
ROO,20200302,0.025,0.027,0.023,0.023,705135
RPM,20200302,0.145,0.145,0.14,0.14,6044
RRL,20200302,3.75,3.81,3.65,3.75,6910336
RSG,20200302,0.965,1,0.915,0.94,24028292
RSH,20200302,0.071,0.072,0.061,0.07,968467
RSM,20200302,21.67,21.67,21.67,21.67,1427
RTE,20200302,0.38,0.4,0.38,0.4,8719
RTG,20200302,0.078,0.078,0.078,0.078,166519
RTR,20200302,0.074,0.074,0.064,0.07,1506992
RUL,20200302,0.925,0.95,0.88,0.935,1288675
RVR,20200302,0.074,0.074,0.067,0.068,3110163
RVS,20200302,0.5,0.59,0.5,0.59,53121
RWC,20200302,3.38,3.49,3.32,3.42,5981491
RWD,20200302,0.14,0.14,0.14,0.14,26006
RXL,20200302,0.018,0.021,0.017,0.021,14914040
RXM,20200302,0.064,0.067,0.064,0.066,78771
RXP,20200302,0.38,0.38,0.37,0.38,166524
RYD,20200302,1.39,1.4,1.39,1.39,5660
RZI,20200302,0.73,0.755,0.605,0.74,196306
S2R,20200302,0.09,0.09,0.085,0.087,861815
S32,20200302,2.19,2.3,2.165,2.29,47598252
SAN,20200302,0.002,0.002,0.002,0.002,24000
SAR,20200302,3.54,3.87,3.51,3.83,15022336
SAU,20200302,0.13,0.13,0.12,0.13,15327
SBM,20200302,2.23,2.42,2.21,2.42,12270397
SBR,20200302,0.001,0.001,0.001,0.001,3120000
SBW,20200302,0.16,0.16,0.16,0.16,825
SCG,20200302,3.37,3.42,3.34,3.38,16753986
SCL,20200302,0.013,0.014,0.013,0.013,3507594
SCP,20200302,2.94,2.99,2.94,2.97,4320963
SCT,20200302,0.06,0.06,0.052,0.052,77367
SCU,20200302,0.012,0.012,0.012,0.012,21555
SDF,20200302,3.67,3.73,3.57,3.68,4013486
SDG,20200302,1.665,1.7,1.61,1.69,280511
SDI,20200302,0.885,0.92,0.85,0.92,180209
SDV,20200302,0.63,0.67,0.585,0.63,861742
SDX,20200302,0.03,0.031,0.03,0.03,2007850
SE1,20200302,0.009,0.011,0.008,0.008,1152624
SEC,20200302,1.55,1.55,1.475,1.5,143288
SEK,20200302,20.49,20.86,20.12,20.85,3013344
SEN,20200302,0.052,0.052,0.047,0.049,1895367
SEQ,20200302,0.185,0.185,0.185,0.185,100000
SER,20200302,0.005,0.005,0.005,0.005,2125000
SES,20200302,0.062,0.062,0.057,0.062,313983
SFC,20200302,15.05,15.5,15,15.5,7962
SFG,20200302,0.054,0.058,0.053,0.058,1188876
SFR,20200302,4.15,4.345,4.11,4.32,2051458
SFX,20200302,0.115,0.12,0.11,0.12,162379
SFY,20200302,58.69,59.41,58.1,59.18,19197
SGC,20200302,0.025,0.025,0.02,0.02,1270161
SGF,20200302,2.1,2.14,1.995,2.02,406486
SGH,20200302,0.95,0.95,0.85,0.87,47177
SGM,20200302,9.45,9.58,9.31,9.52,1083363
SGO,20200302,0.025,0.025,0.023,0.023,1133387
SGP,20200302,4.6,4.65,4.54,4.63,10853824
SGQ,20200302,0.095,0.096,0.088,0.096,2311469
SGR,20200302,3.61,3.69,3.57,3.66,4261148
SHJ,20200302,0.9,0.95,0.84,0.92,286682
SHL,20200302,28.61,28.98,28.4,28.83,1458684
SHM,20200302,0.69,0.69,0.67,0.675,101943
SHV,20200302,6.08,6.48,5.92,6.46,967313
SI6,20200302,0.003,0.003,0.003,0.003,1600000
SIG,20200302,0.54,0.57,0.53,0.565,2199551
SIH,20200302,0.014,0.014,0.014,0.014,20000
SIO,20200302,0.33,0.33,0.3,0.3,48871
SIQ,20200302,6.3,6.39,6.12,6.35,1899230
SIS,20200302,0.014,0.014,0.013,0.014,501207
SIV,20200302,0.535,0.57,0.535,0.57,20677
SKC,20200302,3,3.05,2.91,3,793960
SKF,20200302,0.165,0.17,0.155,0.17,554125
SKI,20200302,2.08,2.12,2.07,2.11,11481468
SKN,20200302,0.011,0.012,0.01,0.012,221700
SKO,20200302,3.7,3.93,3.6,3.87,116182
SKT,20200302,0.52,0.53,0.495,0.53,178102
SKY,20200302,0.23,0.245,0.21,0.23,2042390
SLC,20200302,0.755,0.77,0.715,0.76,1698618
SLF,20200302,13.7,13.85,13.5,13.75,124995
SLK,20200302,4.11,4.14,3.92,4.13,505316
SLM,20200302,0.78,0.785,0.78,0.78,29223
SLR,20200302,1.33,1.54,1.29,1.54,20542559
SLX,20200302,0.31,0.32,0.285,0.305,671614
SLZ,20200302,0.066,0.067,0.066,0.067,100000
SM1,20200302,5.56,5.59,5.18,5.34,336613
SM8,20200302,0.08,0.088,0.075,0.088,714575
SMC,20200302,0.4,0.4,0.4,0.4,19263
SMD,20200302,0.004,0.005,0.004,0.005,270000
SMI,20200302,0.003,0.003,0.003,0.003,26377364
SMN,20200302,0.61,0.625,0.59,0.605,272371
SMP,20200302,0.485,0.52,0.43,0.49,1276273
SMR,20200302,0.82,0.875,0.785,0.865,173830
SMX,20200302,0.33,0.375,0.33,0.375,128960
SNC,20200302,0.79,0.79,0.75,0.775,174854
SND,20200302,0.485,0.485,0.45,0.45,66978
SNL,20200302,4.06,4.06,4,4.01,9048
SNS,20200302,0.1,0.1,0.097,0.097,205874
SNZ,20200302,7.3,7.3,7.27,7.3,5296
SO4,20200302,0.55,0.55,0.515,0.54,153154
SOL,20200302,19.49,19.91,19.01,19.78,659275
SOM,20200302,2.9,3.1,2.9,3.1,9801
SOP,20200302,0.02,0.02,0.02,0.02,30000
SOR,20200302,0.06,0.061,0.053,0.06,1360739
SP3,20200302,0.081,0.085,0.08,0.08,115000
SPK,20200302,4.29,4.5,4.27,4.5,2109069
SPL,20200302,1.02,1.035,0.975,1,967663
SPQ,20200302,0.004,0.004,0.004,0.004,100000
SPT,20200302,0.37,0.47,0.35,0.47,4168694
SPX,20200302,0.115,0.125,0.115,0.12,4858274
SPY,20200302,451,456.2,445,455.18,1269
SPZ,20200302,0.165,0.17,0.165,0.17,364178
SRG,20200302,0.35,0.38,0.345,0.36,1107879
SRI,20200302,0.047,0.05,0.047,0.047,149637
SRK,20200302,0.04,0.04,0.04,0.04,10000
SRN,20200302,0.002,0.002,0.002,0.002,60000
SRV,20200302,4.25,4.25,3.82,4.04,58758
SRZ,20200302,0.008,0.008,0.007,0.007,285000
SSG,20200302,0.65,0.67,0.6,0.63,738808
SSM,20200302,2.1,2.1,2.015,2.08,3975172
SSO,20200302,14.25,14.25,14.25,14.25,250
SST,20200302,12,12,12,12,1888
ST1,20200302,0.185,0.185,0.165,0.17,255974
STA,20200302,0.099,0.1,0.097,0.097,66295
STG,20200302,0.905,0.92,0.81,0.92,43597
STM,20200302,0.007,0.007,0.006,0.007,6315612
STN,20200302,0.44,0.44,0.44,0.44,81751
STO,20200302,6.73,7.09,6.69,7.03,12432176
STW,20200302,58.68,59.59,58.09,59.59,702150
STX,20200302,0.125,0.135,0.115,0.135,24147795
SUD,20200302,0.057,0.061,0.056,0.059,297011
SUL,20200302,7.95,8.065,7.72,7.95,1585721
SUN,20200302,11.15,11.25,11.02,11.22,3785414
SVA,20200302,0.019,0.019,0.019,0.019,70000
SVL,20200302,0.079,0.079,0.066,0.076,19726041
SVM,20200302,0.1,0.105,0.1,0.105,389150
SVW,20200302,17.23,17.57,16.93,17.4,1035655
SVY,20200302,0.635,0.635,0.5,0.63,824141
SW1,20200302,0.05,0.055,0.05,0.055,52000
SWF,20200302,0.145,0.15,0.13,0.145,1910341
SWK,20200302,0.172,0.172,0.165,0.167,1270816
SWM,20200302,0.16,0.16,0.15,0.15,5419704
SXA,20200302,0.058,0.058,0.055,0.055,150000
SXE,20200302,0.52,0.54,0.505,0.54,320030
SXL,20200302,0.65,0.655,0.62,0.64,9445312
SXY,20200302,0.25,0.28,0.23,0.27,14406259
SYA,20200302,0.011,0.012,0.01,0.012,2956043
SYD,20200302,7.5,7.71,7.46,7.69,7850182
SYI,20200302,27.15,27.42,26.73,27.35,11557
SYR,20200302,0.38,0.415,0.355,0.405,3781111
SZL,20200302,1.6,1.6,1.375,1.49,415066
T3D,20200302,0.001,0.001,0.001,0.001,500000
TAH,20200302,3.77,3.84,3.725,3.83,11522754
TAM,20200302,0.046,0.049,0.04,0.049,587575
TAO,20200302,0.064,0.064,0.061,0.061,39583
TAP,20200302,0.096,0.1,0.095,0.095,168687
TAR,20200302,0.011,0.011,0.011,0.011,1141450
TAS,20200302,0.032,0.032,0.03,0.031,245337
TBL,20200302,0.38,0.38,0.38,0.38,3626
TBR,20200302,5,5.35,4.7,5.1,25747
TCL,20200302,14.69,15,14.63,14.94,5564796
TCN,20200302,0.035,0.035,0.035,0.035,10000
TD1,20200302,0.023,0.025,0.021,0.023,14363962
TDI,20200302,1.6,1.645,1.59,1.64,127142
TDO,20200302,0.08,0.08,0.072,0.072,423101
TDY,20200302,0.17,0.17,0.14,0.17,53346
TEG,20200302,0.039,0.039,0.031,0.037,913032
TEK,20200302,0.24,0.24,0.225,0.24,275895
TFL,20200302,0.11,0.11,0.11,0.11,207557
TGA,20200302,0.125,0.145,0.1,0.12,2970712
TGF,20200302,1.39,1.41,1.33,1.41,232189
TGG,20200302,1.23,1.245,1.225,1.225,427469
TGH,20200302,0.16,0.16,0.145,0.16,351771
TGM,20200302,0.21,0.235,0.185,0.225,271710
TGN,20200302,0.16,0.16,0.16,0.16,49507
TGO,20200302,0.078,0.078,0.075,0.075,3800
TGP,20200302,1.035,1.035,1.01,1.035,64368
TGR,20200302,3.84,3.9,3.755,3.85,1692575
THR,20200302,0.005,0.005,0.005,0.005,28180
TIE,20200302,0.24,0.245,0.22,0.245,821861
TIG,20200302,0.009,0.009,0.009,0.009,99501
TIN,20200302,0.064,0.07,0.064,0.066,144947
TIP,20200302,0.62,0.68,0.62,0.68,51190
TKL,20200302,0.005,0.005,0.005,0.005,367090
TLG,20200302,0.4,0.405,0.38,0.395,538216
TLM,20200302,0.074,0.074,0.071,0.072,443601
TLS,20200302,3.36,3.465,3.35,3.43,48079509
TLT,20200302,3,3,2.9,2.9,8041
TLX,20200302,1.3,1.355,1.2,1.315,1327484
TMG,20200302,0.044,0.044,0.044,0.044,30500
TMR,20200302,0.18,0.18,0.165,0.175,168217
TMT,20200302,0.092,0.093,0.082,0.086,471900
TMX,20200302,0.003,0.003,0.003,0.003,2400000
TMZ,20200302,0.023,0.023,0.023,0.023,3873
TNE,20200302,7.7,7.81,7.61,7.78,1902296
TNG,20200302,0.074,0.074,0.065,0.07,2274941
TNK,20200302,1.18,1.195,1.13,1.195,28010
TNP,20200302,0.008,0.008,0.008,0.008,2800
TNT,20200302,0.063,0.066,0.059,0.064,9766868
TNY,20200302,1.1,1.22,1.06,1.155,111735
TOE,20200302,0.007,0.007,0.006,0.006,3887000
TON,20200302,0.03,0.031,0.025,0.03,1950625
TOP,20200302,0.56,0.56,0.53,0.535,466046
TOT,20200302,1.025,1.025,0.99,1.025,341982
TPM,20200302,7.29,7.48,7.26,7.47,1619191
TPP,20200302,0.059,0.06,0.059,0.06,15000
TPS,20200302,0.125,0.125,0.125,0.125,17500
TPW,20200302,3.1,3.16,2.84,3.1,376041
TRS,20200302,2.91,3.13,2.6,3.06,244977
TRT,20200302,0.02,0.02,0.017,0.017,439333
TRY,20200302,0.08,0.08,0.074,0.078,454608
TSC,20200302,0.006,0.006,0.005,0.005,23071475
TSO,20200302,0.02,0.021,0.019,0.02,1650440
TTB,20200302,0.6,0.6,0.595,0.6,12035
TTI,20200302,0.012,0.012,0.011,0.011,387100
TTM,20200302,0.105,0.105,0.105,0.105,26191
TTT,20200302,0.96,0.96,0.82,0.89,771747
TWD,20200302,3.38,3.38,3.25,3.29,33887
TWE,20200302,10.99,11.12,10.88,10.94,9429794
TWR,20200302,0.645,0.645,0.645,0.645,1000
TYM,20200302,0.027,0.027,0.027,0.027,63182
TYR,20200302,3.38,3.65,3.25,3.59,2405256
TYX,20200302,0.003,0.003,0.003,0.003,7625960
TZL,20200302,0.067,0.068,0.067,0.068,5836
TZN,20200302,0.035,0.035,0.035,0.035,24700
UBA,20200302,21.12,21.36,20.97,21.36,3494
UBI,20200302,0.15,0.15,0.15,0.15,18232
UBN,20200302,0.05,0.051,0.047,0.047,849346
UBP,20200302,28,29.04,28,29.04,418
UBU,20200302,32.08,33.08,32.08,33,11549
UBW,20200302,29,29.61,29,29.6,5091
UCM,20200302,0.36,0.43,0.335,0.4,6858674
UCW,20200302,0.2,0.2,0.19,0.19,179053
UNL,20200302,0.043,0.043,0.043,0.043,18045
UNV,20200302,0.19,0.19,0.19,0.19,22000
UOS,20200302,0.78,0.79,0.77,0.78,41444
URF,20200302,0.355,0.4,0.355,0.4,103933
URW,20200302,9,9.21,8.96,9.19,1258458
USD,20200302,15.03,15.2,14.88,14.92,134012
UUV,20200302,0.002,0.002,0.001,0.002,3525000
UWL,20200302,1.255,1.31,1.21,1.26,1532560
VAE,20200302,68.26,69.35,67,69.17,14446
VAF,20200302,53.44,53.5,53.19,53.19,79682
VAH,20200302,0.105,0.115,0.097,0.097,3824782
VAL,20200302,0.001,0.001,0.001,0.001,3600000
VAP,20200302,88.76,89,86.73,89,111233
VAR,20200302,0.022,0.025,0.022,0.025,10000
VAS,20200302,81,81.5,79.46,81.39,618602
VBS,20200302,0.5,0.5,0.5,0.5,9227
VCF,20200302,51.66,51.79,51.45,51.54,8085
VCX,20200302,2.12,2.19,2.1,2.19,14601563
VEA,20200302,1.71,1.885,1.71,1.855,7145921
VEN,20200302,0.11,0.11,0.092,0.11,608771
VEQ,20200302,56.85,58.02,56.41,57.85,13604
VEU,20200302,73.85,75.19,73.28,74.83,152461
VG1,20200302,2.22,2.22,2.1,2.15,560266
VG8,20200302,2.15,2.19,2.14,2.19,241652
VGB,20200302,54.61,54.68,54.35,54.35,275666
VGE,20200302,68.24,70.06,66.9,69.74,43556
VGI,20200302,11.5,11.5,10.86,11.5,59128
VGL,20200302,2.9,3,2.7,3,34414
VGS,20200302,78.5,80.17,78.34,80.01,145069
VHT,20200302,1.34,1.42,1.255,1.4,960051
VHY,20200302,56.15,56.67,55.3,56.59,139798
VIF,20200302,51.99,52.11,51.88,51.93,21932
VKA,20200302,0.007,0.007,0.007,0.007,252195
VLC,20200302,65.48,66.38,64.82,66.13,8323
VLT,20200302,0.175,0.18,0.145,0.18,381659
VMC,20200302,0.165,0.18,0.145,0.175,518854
VMG,20200302,0.002,0.008,0.002,0.003,51350576
VML,20200302,0.009,0.009,0.008,0.008,8965151
VMS,20200302,0.011,0.012,0.011,0.012,679375
VMT,20200302,0.205,0.23,0.18,0.23,2008264
VMX,20200302,0.25,0.25,0.25,0.25,253112
VMY,20200302,0.043,0.043,0.039,0.039,664400
VN8,20200302,0.1,0.1,0.1,0.1,29000
VOC,20200302,3.35,3.39,3.29,3.34,2148186
VOR,20200302,0.006,0.006,0.006,0.006,92605
VPR,20200302,0.001,0.001,0.001,0.001,500000
VR1,20200302,0.025,0.025,0.02,0.02,762490
VR8,20200302,0.018,0.019,0.017,0.018,724176
VRC,20200302,0.01,0.012,0.01,0.011,3323899
VRL,20200302,3.43,3.46,3.365,3.45,507214
VRS,20200302,0.05,0.051,0.045,0.05,13209702
VRT,20200302,4.01,4.19,4.01,4.17,159141
VRX,20200302,0.089,0.089,0.089,0.089,135337
VSO,20200302,55.35,55.95,54,55.95,60721
VTG,20200302,1.405,1.41,1.295,1.375,618908
VTH,20200302,0.71,0.71,0.7,0.71,1055195
VTI,20200302,0.034,0.034,0.032,0.032,353687
VTS,20200302,227.5,232.2,227,231.49,100067
VUK,20200302,2.95,3.03,2.89,3.03,4519193
VUL,20200302,0.205,0.25,0.195,0.225,1165082
VVA,20200302,2.4,2.4,2,2.25,77562
VVR,20200302,2.76,2.76,2.64,2.71,5893606
VXR,20200302,0.099,0.115,0.099,0.1,477833
VYS,20200302,0.059,0.059,0.057,0.057,163188
WAA,20200302,1.02,1.02,0.99,1.02,121879
WAF,20200302,0.49,0.545,0.455,0.53,11912054
WAM,20200302,2.06,2.16,2,2.15,1931033
WAT,20200302,2.06,2.06,2.06,2.06,9095
WAX,20200302,1.37,1.39,1.35,1.38,443817
WBC,20200302,23.24,23.25,22.68,23.19,14172389
WBE,20200302,0.007,0.007,0.007,0.007,233058
WBT,20200302,0.37,0.37,0.35,0.355,122752
WCN,20200302,0.004,0.004,0.003,0.003,2909932
WEB,20200302,9.4,9.54,8.81,9.49,3253077
WEL,20200302,0.028,0.029,0.025,0.028,692492
WES,20200302,39.8,40.6,39.57,40.6,3458735
WGB,20200302,2,2.06,1.99,2.05,660508
WGN,20200302,1.37,1.38,1.3,1.32,391712
WGO,20200302,0.135,0.14,0.125,0.14,2900873
WGX,20200302,1.925,1.975,1.81,1.94,2477369
WHC,20200302,1.95,2.04,1.922,2.02,8007779
WHF,20200302,5.04,5.04,4.6,4.97,102010
WHK,20200302,0.059,0.061,0.058,0.061,764908
WIC,20200302,0.97,0.97,0.935,0.94,180447
WJA,20200302,0.11,0.12,0.11,0.12,44444
WKT,20200302,0.14,0.15,0.135,0.15,256544
WLD,20200302,0.064,0.067,0.062,0.067,452263
WLE,20200302,1.095,1.17,1.05,1.155,2793030
WMI,20200302,1.31,1.345,1.25,1.33,638273
WML,20200302,0.013,0.013,0.013,0.013,110000
WNB,20200302,0.004,0.004,0.003,0.003,626000
WNR,20200302,0.26,0.26,0.24,0.24,59955
WOA,20200302,0.12,0.12,0.12,0.12,42103
WOR,20200302,12.2,12.66,12.08,12.66,3361926
WOW,20200302,37.73,38.79,37.67,38.63,4753654
WPL,20200302,27.5,28.56,27.21,28.33,5314475
WPP,20200302,0.6,0.605,0.59,0.595,247582
WQG,20200302,1.11,1.195,1.1,1.135,156507
WRM,20200302,0.003,0.003,0.002,0.003,850000
WSA,20200302,2.4,2.46,2.35,2.46,4037477
WSI,20200302,0.018,0.02,0.018,0.02,1053635
WSP,20200302,1.26,1.27,1.12,1.24,230851
WTC,20200302,14.73,17.68,14,17.02,4407649
WWI,20200302,0.01,0.01,0.009,0.009,152614
WZR,20200302,0.16,0.18,0.14,0.17,25724968
XAM,20200302,0.026,0.026,0.026,0.026,2340
XCD,20200302,0.008,0.008,0.007,0.007,1841209
XF1,20200302,0.25,0.255,0.18,0.24,616738
XPE,20200302,0.001,0.001,0.001,0.001,4550000
XPL,20200302,0.071,0.071,0.067,0.067,195067
XRF,20200302,0.22,0.22,0.205,0.22,792436
XRO,20200302,74.75,77.76,72.48,74.59,1207545
XTC,20200302,0.002,0.002,0.002,0.002,992525
XTD,20200302,0.035,0.036,0.035,0.036,500000
XTE,20200302,0.515,0.54,0.48,0.52,242899
YAL,20200302,2.82,2.96,2.82,2.9,54705
YBR,20200302,0.087,0.089,0.087,0.087,82230
YOJ,20200302,0.037,0.037,0.034,0.036,1046441
YPB,20200302,0.002,0.003,0.002,0.003,14475000
YRL,20200302,0.185,0.185,0.185,0.185,10705
Z1P,20200302,2.65,2.85,2.53,2.84,8281861
ZEL,20200302,3.88,3.93,3.71,3.84,110559
ZEN,20200302,0.67,0.67,0.665,0.67,111278
ZER,20200302,0.265,0.265,0.255,0.255,63530
ZGL,20200302,0.072,0.072,0.07,0.07,19000
ZIM,20200302,12.54,12.89,12.04,12.5,96213
ZLD,20200302,0.045,0.045,0.04,0.041,1974781
ZNO,20200302,2,2.33,1.965,2.26,14071015
XAF,20200302,6379.5,6379.5,6187.5,6326,0
XAO,20200302,6511.5,6501.3,6307.8,6461.1,0
XAT,20200302,6383.8,6374.8,6187.8,6334.1,0
XDJ,20200302,2531.6,2531.6,2455.8,2515.1,0
XEC,20200302,1367.3,1367.3,1284.2,1347.8,0
XEJ,20200302,9479.1,9629.3,9209,9587.4,0
XFJ,20200302,5904.3,5904.3,5691.4,5816.6,0
XFL,20200302,6428.2,6426.2,6234.5,6372.9,0
XGD,20200302,6700.4,6729.6,6319,6694.7,0
XHJ,20200302,43816.8,43888.9,42583.9,43474.7,0
XIJ,20200302,1287.5,1304.5,1259.1,1298.4,0
XJO,20200302,6441.2,6438.9,6245.2,6391.5,0
XJR,20200302,4283.6,4275.3,4097.5,4267.2,0
XKO,20200302,6395.6,6386.5,6199.5,6346.6,0
XMD,20200302,6762.6,6754.3,6568.7,6749.5,0
XMJ,20200302,12390.6,12327,11839,12284.5,0
XMM,20200302,3995.4,3995.4,3797,3957.9,0
XNJ,20200302,6487.5,6487.5,6330.6,6459.2,0
XPJ,20200302,1579.4,1579,1535.5,1562.6,0
XSJ,20200302,12210.6,12264.1,11980.5,12253.8,0
XSO,20200302,2728.2,2724.2,2626.8,2707.4,0
XTJ,20200302,1223.9,1228.8,1197.2,1219.9,0
XTL,20200302,3615.9,3610.5,3503.3,3581.5,0
XTO,20200302,5345.3,5336.5,5185.4,5304.4,0
XUJ,20200302,7832.7,7832.7,7653,7782.3,0
XXJ,20200302,6585.3,6585.3,6347.8,6487.4,0
