360,20200317,1.96,2,1.955,1.97,102424
14D,20200317,0.125,0.13,0.11,0.11,173947
1ST,20200317,0.028,0.03,0.025,0.03,869298
2BE,20200317,0.087,0.087,0.087,0.087,32289
3DA,20200317,0.09,0.094,0.085,0.094,591861
3DP,20200317,0.024,0.027,0.022,0.027,160519
3PL,20200317,0.65,0.785,0.65,0.785,83809
4DS,20200317,0.039,0.043,0.038,0.041,1169510
5GN,20200317,0.605,0.645,0.605,0.615,106679
88E,20200317,0.015,0.016,0.015,0.016,9056619
8IH,20200317,0.08,0.08,0.08,0.08,85500
8VI,20200317,0.35,0.35,0.35,0.35,400
9SP,20200317,0.015,0.015,0.014,0.014,1342940
A2B,20200317,0.75,0.76,0.73,0.75,1216176
A2M,20200317,14.29,15.38,14.26,15.15,9511012
A3D,20200317,0.1,0.105,0.089,0.095,396496
A4N,20200317,0.135,0.145,0.13,0.14,1571974
AAA,20200317,50.09,50.1,50.09,50.09,368317
AAC,20200317,0.97,1.03,0.955,1.015,1642398
AAJ,20200317,0.002,0.002,0.002,0.002,10700050
AAR,20200317,0.105,0.11,0.1,0.11,512715
ABA,20200317,4.3,4.5,4.25,4.4,46735
ABC,20200317,2.18,2.4,2.18,2.35,4230639
ABP,20200317,2.67,2.73,2.54,2.65,2966452
ABR,20200317,0.235,0.255,0.23,0.245,362358
ABV,20200317,0.018,0.018,0.018,0.018,25000
AC8,20200317,0.165,0.17,0.16,0.165,950998
ACB,20200317,0.005,0.005,0.005,0.005,286000
ACF,20200317,0.2,0.225,0.18,0.21,364750
ACQ,20200317,0.89,0.905,0.86,0.9,74588
ACR,20200317,0.105,0.125,0.105,0.11,74117
ACU,20200317,0.081,0.081,0.079,0.08,167909
ACW,20200317,0.016,0.016,0.015,0.016,256248
AD1,20200317,0.011,0.011,0.008,0.01,513633
AD8,20200317,4.75,5.11,4.68,5.05,237919
ADA,20200317,0.42,0.435,0.415,0.425,49669
ADH,20200317,1.155,1.235,1.07,1.11,4157662
ADI,20200317,2.19,2.29,2.12,2.28,712190
ADJ,20200317,0.01,0.012,0.009,0.009,5923548
ADN,20200317,0.028,0.03,0.027,0.029,6628465
ADO,20200317,0.015,0.016,0.015,0.016,656616
ADR,20200317,0.015,0.018,0.015,0.018,258515
ADT,20200317,0.78,0.91,0.78,0.88,654331
ADX,20200317,0.006,0.006,0.005,0.005,4296430
AEE,20200317,0.004,0.005,0.004,0.005,15100000
AEF,20200317,2.74,2.74,2.51,2.62,289347
AEG,20200317,1.01,1.05,1,1.025,429866
AEI,20200317,0.38,0.4,0.355,0.39,792199
AEV,20200317,0.005,0.005,0.005,0.005,9233
AFG,20200317,1.4,1.425,1.28,1.39,537537
AFI,20200317,5.68,5.94,5.6,5.65,1414995
AFL,20200317,0.105,0.105,0.094,0.094,85000
AFR,20200317,0.011,0.012,0.011,0.012,254428
AGD,20200317,0.099,0.099,0.099,0.099,10558
AGG,20200317,5.06,5.6,5.06,5.6,16289
AGH,20200317,0.165,0.195,0.16,0.185,1045412
AGI,20200317,0.65,0.65,0.56,0.625,281102
AGL,20200317,15.41,17.01,15.29,16.72,5169556
AGM,20200317,1.5,1.5,1.45,1.45,4259
AGR,20200317,0.085,0.085,0.084,0.085,53529
AGS,20200317,0.1,0.1,0.1,0.1,515000
AGY,20200317,0.038,0.04,0.036,0.038,2432231
AHF,20200317,0.072,0.073,0.066,0.073,225444
AHL,20200317,0.003,0.003,0.002,0.002,10479999
AHQ,20200317,0.069,0.076,0.069,0.075,364072
AHX,20200317,0.39,0.39,0.39,0.39,1200
AHY,20200317,0.97,0.97,0.92,0.95,1742578
AHZ,20200317,4.06,4.35,4,4.35,3503
AIA,20200317,4.93,5.25,4.93,5.05,840758
AIS,20200317,0.03,0.03,0.03,0.03,114710
AJJ,20200317,0.042,0.042,0.041,0.041,31830
AJL,20200317,0.07,0.07,0.059,0.06,160892
AJM,20200317,0.036,0.039,0.035,0.037,4391755
AJQ,20200317,0.03,0.031,0.03,0.03,308031
AJX,20200317,0.044,0.044,0.043,0.043,65298
AKG,20200317,0.375,0.375,0.375,0.375,1360
AKM,20200317,0.065,0.065,0.065,0.065,84287
AKP,20200317,11.5,11.6,10.99,11.5,17495
AL8,20200317,0.016,0.016,0.016,0.016,12130
ALC,20200317,0.12,0.135,0.12,0.135,2827511
ALF,20200317,0.86,0.865,0.85,0.86,466823
ALG,20200317,0.2,0.25,0.19,0.225,2578270
ALI,20200317,2.08,2.14,2.05,2.09,190351
ALK,20200317,0.48,0.56,0.465,0.5,5767079
ALL,20200317,20.1,22.97,19.94,21.32,7825402
ALQ,20200317,5.31,5.66,5.24,5.25,4164524
ALU,20200317,24.32,26.56,24.27,26.4,1510749
ALX,20200317,4.83,5.65,4.82,5.38,20483522
ALY,20200317,0.009,0.009,0.009,0.009,124170
AMA,20200317,0.275,0.285,0.23,0.28,12680046
AMC,20200317,9.89,10.28,9.87,10.14,10773231
AMD,20200317,0.005,0.005,0.004,0.005,192914
AME,20200317,0.052,0.057,0.045,0.045,216592
AMG,20200317,0.038,0.038,0.031,0.034,799895
AMH,20200317,0.83,0.845,0.81,0.82,48000
AMI,20200317,0.215,0.245,0.215,0.24,9347829
AML,20200317,0.075,0.085,0.07,0.085,570651
AMN,20200317,0.27,0.285,0.24,0.24,192740
AMO,20200317,0.047,0.047,0.047,0.047,99091
AMP,20200317,1.285,1.445,1.28,1.445,38176202
AMS,20200317,0.415,0.445,0.39,0.4,1743109
AMX,20200317,1.15,1.15,1.037,1.055,133848
ANA,20200317,0.005,0.006,0.005,0.006,2448086
ANG,20200317,0.14,0.14,0.14,0.14,1500
ANL,20200317,0.002,0.002,0.001,0.001,2635447
ANN,20200317,24.64,27.2,24.56,26.7,1377879
ANP,20200317,0.04,0.045,0.04,0.041,319553
ANR,20200317,0.2,0.2,0.195,0.2,5297
ANW,20200317,0.001,0.001,0.001,0.001,100000
ANZ,20200317,16.07,18.49,16.05,18.4,22816585
AOA,20200317,0.001,0.001,0.001,0.001,62000
AOF,20200317,2.53,2.58,2.5,2.52,337105
AON,20200317,0.014,0.014,0.014,0.014,200000
AOP,20200317,0.16,0.16,0.16,0.16,12355
AOU,20200317,0.03,0.031,0.03,0.031,47500
APA,20200317,8.08,8.89,8.06,8.78,8383181
APC,20200317,0.068,0.069,0.068,0.069,42500
APD,20200317,0.505,0.54,0.5,0.54,254216
APE,20200317,5.34,5.71,4.94,5,2004571
APH,20200317,0.08,0.08,0.08,0.08,168
API,20200317,1.08,1.165,1.075,1.165,2914531
APL,20200317,0.85,0.89,0.85,0.88,1951170
APT,20200317,18,20.45,17.89,19.06,11205162
APV,20200317,0.13,0.14,0.13,0.14,23000
APX,20200317,17.09,20.2,17.05,19.96,2694642
AQD,20200317,0.009,0.01,0.009,0.01,661604
AQG,20200317,5,5.25,4.97,5.15,804840
AQI,20200317,0.042,0.042,0.037,0.04,168000
AQR,20200317,3,3.12,2.98,3.05,105652
AQX,20200317,0.013,0.015,0.012,0.015,6028629
AQZ,20200317,1.25,1.3,1.15,1.2,340413
ARA,20200317,0.5,0.5,0.5,0.5,30950
ARB,20200317,14.34,15.76,14.1,15.36,881087
ARD,20200317,0.01,0.011,0.009,0.011,1730000
ARE,20200317,0.003,0.003,0.002,0.003,230000
ARF,20200317,2.11,2.11,1.785,1.785,1776528
ARG,20200317,7,7.24,6.9,7.09,696202
ARL,20200317,0.23,0.245,0.18,0.19,832055
ARM,20200317,0.007,0.007,0.007,0.007,1237975
ARN,20200317,0.09,0.09,0.089,0.089,267947
ARO,20200317,0.003,0.003,0.003,0.003,1000000
ARQ,20200317,0.09,0.09,0.081,0.081,322156
ARS,20200317,0.014,0.015,0.014,0.014,2437233
ARU,20200317,0.061,0.066,0.06,0.062,1334692
ARV,20200317,0.023,0.024,0.02,0.024,1684372
AS1,20200317,0.105,0.11,0.1,0.11,114927
ASB,20200317,2.48,2.8,2.48,2.8,6216504
ASG,20200317,1.135,1.135,0.99,1.05,55626
ASH,20200317,0.3,0.3,0.26,0.26,202846
ASN,20200317,0.019,0.021,0.018,0.021,1825036
ASQ,20200317,0.03,0.03,0.03,0.03,47041
AST,20200317,1.525,1.642,1.505,1.635,22885125
ASW,20200317,0.6,0.6,0.6,0.6,21468
ASX,20200317,64.3,73.12,64,72.93,1580734
ATC,20200317,0.054,0.054,0.05,0.052,1984224
ATH,20200317,0.013,0.013,0.012,0.013,402700
ATL,20200317,0.11,0.135,0.11,0.125,206587
ATS,20200317,0.02,0.021,0.019,0.02,7536912
ATU,20200317,0.15,0.15,0.125,0.13,1810109
ATX,20200317,0.05,0.05,0.05,0.05,12000
AU8,20200317,0.036,0.036,0.034,0.036,2539760
AUB,20200317,10.9,12.77,10.9,12.1,785456
AUC,20200317,0.009,0.01,0.009,0.01,3362563
AUH,20200317,0.002,0.002,0.002,0.002,35542
AUI,20200317,7.5,7.59,7.14,7.54,54251
AUP,20200317,2.51,2.51,2.51,2.51,315
AUQ,20200317,0.017,0.018,0.017,0.018,1002250
AUT,20200317,0.015,0.022,0.015,0.019,7283178
AUZ,20200317,0.008,0.009,0.008,0.009,5492297
AV1,20200317,0.09,0.096,0.084,0.09,2886375
AVG,20200317,0.4,0.41,0.39,0.41,205446
AVH,20200317,0.365,0.41,0.36,0.385,38822712
AVJ,20200317,0.445,0.45,0.43,0.435,198918
AVL,20200317,0.01,0.01,0.009,0.009,3264697
AVN,20200317,2.11,2.21,1.85,2.02,2025551
AVZ,20200317,0.047,0.054,0.046,0.051,24898394
AWC,20200317,1.44,1.6,1.44,1.555,22812171
AWV,20200317,0.006,0.008,0.006,0.008,874931
AX1,20200317,0.98,1.115,0.98,1.05,3628316
AXE,20200317,0.165,0.165,0.155,0.16,331798
AYR,20200317,0.002,0.002,0.002,0.002,440000
AYS,20200317,0.27,0.27,0.255,0.255,341174
AZI,20200317,0.005,0.005,0.005,0.005,417742
AZJ,20200317,3.8,4.05,3.76,4.03,22725260
AZS,20200317,0.05,0.063,0.049,0.061,294448
AZV,20200317,0.071,0.071,0.07,0.07,120000
AZY,20200317,0.011,0.012,0.011,0.012,3867323
BAF,20200317,0.7,0.71,0.69,0.7,401945
BAP,20200317,4.46,4.94,4.42,4.74,3623682
BAR,20200317,0.01,0.01,0.01,0.01,828231
BAT,20200317,0.006,0.006,0.006,0.006,2714899
BBL,20200317,0.4,0.4,0.4,0.4,3000
BBN,20200317,2.25,2.32,2.15,2.29,702792
BBX,20200317,0.1,0.125,0.1,0.125,221938
BC8,20200317,0.25,0.25,0.22,0.25,209012
BCB,20200317,0.03,0.034,0.03,0.033,228793
BCC,20200317,0.2,0.2,0.19,0.195,60485
BCI,20200317,0.115,0.125,0.105,0.125,531097
BCN,20200317,0.028,0.029,0.027,0.029,1152880
BCT,20200317,0.069,0.069,0.059,0.059,263275
BD1,20200317,0.022,0.023,0.022,0.022,1341463
BDA,20200317,0.13,0.14,0.12,0.12,142379
BDC,20200317,0.049,0.055,0.044,0.052,8061867
BEE,20200317,0.01,0.011,0.01,0.011,300000
BEN,20200317,5.9,6.43,5.85,6.4,7713335
BET,20200317,0.15,0.17,0.135,0.165,3104354
BFC,20200317,0.066,0.066,0.062,0.064,325912
BFG,20200317,0.72,0.8,0.7,0.79,666948
BGA,20200317,3.9,4.26,3.83,4.25,2518074
BGL,20200317,0.34,0.365,0.322,0.34,3726203
BGT,20200317,0.11,0.11,0.11,0.11,25000
BHL,20200317,0.12,0.12,0.12,0.12,10000
BHP,20200317,26.09,28.54,26.09,28.21,20761222
BID,20200317,0.515,0.6,0.51,0.6,214825
BIN,20200317,2.08,2.4,2.08,2.39,6954105
BIS,20200317,0.745,0.745,0.74,0.74,79011
BIT,20200317,0.095,0.1,0.094,0.097,6433304
BKI,20200317,1.32,1.43,1.27,1.34,464995
BKL,20200317,64.99,72.8,64.41,72.8,245137
BKT,20200317,0.032,0.032,0.029,0.029,32500
BKW,20200317,14.5,15.9,14.5,15.88,562308
BKY,20200317,0.115,0.115,0.115,0.115,13100
BLD,20200317,2.85,2.97,2.71,2.82,18451119
BLG,20200317,0.04,0.04,0.03,0.039,2987169
BLK,20200317,0.007,0.009,0.007,0.009,26058507
BLT,20200317,0.025,0.025,0.022,0.022,617667
BLU,20200317,0.018,0.028,0.017,0.02,1970739
BLV,20200317,0.26,0.26,0.25,0.25,49978
BLX,20200317,0.755,0.84,0.7,0.84,71685
BLY,20200317,0.56,0.56,0.56,0.56,6559
BMG,20200317,0.002,0.002,0.002,0.002,2042149
BMN,20200317,0.02,0.025,0.019,0.023,4382164
BNL,20200317,0.004,0.004,0.004,0.004,5533511
BNO,20200317,0.039,0.04,0.038,0.038,150532
BNR,20200317,0.017,0.017,0.016,0.016,700000
BOC,20200317,0.2,0.25,0.2,0.235,6780
BOE,20200317,0.035,0.04,0.033,0.04,1996663
BOL,20200317,0.105,0.12,0.1,0.12,83465
BOQ,20200317,5.06,5.5,5.05,5.48,6735612
BOT,20200317,0.068,0.083,0.066,0.08,3107855
BPL,20200317,0.012,0.012,0.012,0.012,55200
BPT,20200317,1.14,1.27,1.14,1.195,19332074
BRB,20200317,0.11,0.125,0.1,0.125,1624382
BRG,20200317,14.11,15.31,13.905,14.72,734553
BRK,20200317,0.004,0.004,0.004,0.004,1000000
BRL,20200317,0.065,0.068,0.065,0.066,69562
BRN,20200317,0.032,0.034,0.032,0.034,2075271
BRU,20200317,0.092,0.092,0.088,0.088,462257
BRV,20200317,0.016,0.018,0.015,0.017,4791735
BSA,20200317,0.29,0.29,0.285,0.285,16794
BSE,20200317,0.15,0.16,0.14,0.16,443400
BSL,20200317,10.18,10.83,9.91,10.43,7326868
BSM,20200317,0.004,0.004,0.004,0.004,27500
BSR,20200317,0.014,0.014,0.012,0.012,6258949
BSX,20200317,0.091,0.099,0.091,0.098,794974
BTC,20200317,0.07,0.07,0.07,0.07,210000
BTH,20200317,0.34,0.405,0.335,0.365,4167607
BTI,20200317,0.75,0.75,0.73,0.745,61649
BUB,20200317,0.44,0.495,0.43,0.48,7232581
BUD,20200317,0.01,0.011,0.009,0.01,18453528
BUG,20200317,0.135,0.135,0.12,0.12,135463
BUX,20200317,0.06,0.06,0.054,0.055,78623
BUY,20200317,0.005,0.005,0.005,0.005,959717
BVS,20200317,3.35,3.67,3.35,3.52,4070245
BWP,20200317,3.07,3.3,3.07,3.26,4229598
BWR,20200317,1.15,1.15,1.15,1.15,17628
BWX,20200317,2.67,2.78,2.59,2.78,430226
BXB,20200317,9.23,9.97,9.18,9.86,12679273
BYE,20200317,0.14,0.155,0.13,0.14,1484575
BYH,20200317,0.028,0.028,0.022,0.023,698954
C6C,20200317,0.36,0.36,0.36,0.36,3816
CAA,20200317,0.093,0.095,0.091,0.095,163910
CAF,20200317,0.085,0.085,0.085,0.085,865
CAG,20200317,0.3,0.3,0.3,0.3,44365
CAI,20200317,0.2,0.22,0.2,0.22,112191
CAJ,20200317,0.23,0.245,0.225,0.225,7298138
CAM,20200317,0.75,0.77,0.72,0.77,280926
CAN,20200317,0.615,0.68,0.61,0.68,467747
CAP,20200317,0.015,0.016,0.012,0.012,2369340
CAR,20200317,12,13.325,11.72,13.15,4585302
CAT,20200317,0.74,0.815,0.7,0.78,1543727
CAU,20200317,0.088,0.095,0.088,0.088,160266
CAY,20200317,0.079,0.079,0.066,0.07,1421067
CAZ,20200317,0.02,0.02,0.019,0.02,2957949
CBA,20200317,59.72,67.9,59.7,67.64,11837629
CBE,20200317,0.11,0.125,0.1,0.125,522956
CBY,20200317,0.075,0.1,0.075,0.1,79953
CCA,20200317,0.078,0.078,0.075,0.077,14961
CCE,20200317,0.001,0.001,0.001,0.001,11250193
CCL,20200317,9.5,10.3,9.42,10.01,5802142
CCP,20200317,16,17.19,15.11,15.52,1466100
CCV,20200317,0.135,0.14,0.135,0.14,584758
CCX,20200317,1.86,2.02,1.81,1.9,1564986
CCZ,20200317,0.011,0.011,0.01,0.011,1893851
CD3,20200317,0.975,0.975,0.975,0.975,651
CDA,20200317,4.61,5.03,4.5,4.87,864905
CDD,20200317,0.26,0.345,0.26,0.325,172378
CDM,20200317,0.45,0.48,0.435,0.46,970788
CDP,20200317,4,4.25,3.85,3.99,40187
CDT,20200317,0.004,0.004,0.004,0.004,1000
CDV,20200317,0.36,0.365,0.315,0.34,1843858
CDX,20200317,0.02,0.02,0.017,0.018,661477
CDY,20200317,0.09,0.1,0.09,0.1,60500
CE1,20200317,0.003,0.003,0.003,0.003,1394589
CEL,20200317,0.1,0.105,0.091,0.105,3890227
CEN,20200317,6.3,6.3,6.3,6.3,300
CFO,20200317,0.033,0.034,0.032,0.034,138227
CG1,20200317,0.2,0.2,0.18,0.195,321315
CGC,20200317,2.86,3.09,2.82,3.05,5444476
CGF,20200317,5.25,5.4,4.805,4.99,7535206
CGL,20200317,1.65,1.65,1.305,1.445,1006319
CGR,20200317,0.49,0.495,0.49,0.495,25000
CGS,20200317,0.33,0.345,0.33,0.345,115382
CHC,20200317,7.66,8,7.12,7.68,8551898
CHZ,20200317,0.041,0.06,0.041,0.06,790496
CI1,20200317,0.028,0.028,0.025,0.028,5390690
CIA,20200317,1.485,1.77,1.482,1.735,2222967
CIE,20200317,0.635,0.66,0.61,0.66,86639
CII,20200317,1,1,1,1,872
CIM,20200317,19,20.16,18.64,20.14,1642543
CIN,20200317,23.12,23.12,22.2,22.78,2671
CIP,20200317,2.46,2.83,2.46,2.74,1419446
CIW,20200317,0.45,0.45,0.45,0.45,100000
CKA,20200317,0.027,0.028,0.027,0.027,903462
CKF,20200317,4.5,4.67,4.18,4.33,2409163
CL1,20200317,0.95,1.14,0.915,1.04,534051
CL8,20200317,0.008,0.008,0.008,0.008,1000000
CLA,20200317,0.008,0.008,0.008,0.008,3015142
CLB,20200317,0.05,0.05,0.047,0.049,188492
CLF,20200317,0.98,0.98,0.98,0.98,22781
CLQ,20200317,0.12,0.145,0.12,0.14,380581
CLV,20200317,1.8,1.98,1.77,1.92,384078
CLW,20200317,3.98,4.49,3.97,4.4,4182592
CLX,20200317,0.61,0.61,0.61,0.61,1000
CM8,20200317,0.017,0.017,0.016,0.017,1200000
CMD,20200317,0.006,0.006,0.006,0.006,7235
CML,20200317,0.007,0.007,0.007,0.007,886685
CMM,20200317,0.935,0.982,0.9,0.97,399895
CMP,20200317,0.4,0.415,0.38,0.4,137560
CMW,20200317,0.97,1.015,0.95,0.995,19958017
CNB,20200317,0.051,0.051,0.039,0.045,235500
CNI,20200317,2,2.005,1.86,1.99,1958528
CNU,20200317,6.22,6.57,6.13,6.57,1946313
CNW,20200317,0.017,0.017,0.017,0.017,141330
COB,20200317,0.091,0.095,0.091,0.095,316746
COE,20200317,0.415,0.435,0.405,0.435,7780271
COF,20200317,2.23,2.28,2.11,2.19,2786297
COG,20200317,0.037,0.042,0.032,0.042,715982
COH,20200317,171.89,180.77,170,172.33,636022
COI,20200317,0.079,0.079,0.064,0.068,2441065
COL,20200317,16.35,17.22,16.05,17.22,14261354
COS,20200317,0.26,0.28,0.26,0.28,83979
CP1,20200317,0.095,0.105,0.095,0.105,55776
CPH,20200317,0.054,0.06,0.051,0.06,1463477
CPT,20200317,0.028,0.028,0.026,0.026,35750
CPU,20200317,9.03,9.65,8.77,9.61,5102868
CPV,20200317,0.066,0.066,0.062,0.066,163254
CQE,20200317,2.08,2.13,1.91,1.935,5682742
CQR,20200317,3.85,3.99,3.78,3.8,4764481
CRL,20200317,0.014,0.015,0.014,0.015,193675
CRN,20200317,1.215,1.45,1.2,1.385,1128009
CRO,20200317,0.003,0.003,0.003,0.003,416666
CRS,20200317,0.11,0.11,0.105,0.105,97500
CSL,20200317,276.57,298.4,276.57,296.9,2361440
CSR,20200317,3.29,3.54,3.28,3.54,8262156
CSS,20200317,0.47,0.515,0.4,0.515,247455
CST,20200317,0.09,0.093,0.087,0.092,95714
CT1,20200317,0.016,0.016,0.014,0.016,487065
CTD,20200317,7.51,7.92,7,7.58,1255697
CTM,20200317,0.007,0.007,0.006,0.006,22261480
CTO,20200317,0.003,0.003,0.002,0.003,17572713
CTP,20200317,0.076,0.08,0.075,0.079,1332575
CTX,20200317,22.85,23.48,20.05,22.09,3644342
CUE,20200317,0.078,0.078,0.073,0.073,238169
CUL,20200317,0.01,0.01,0.01,0.01,74131
CUP,20200317,0.85,0.87,0.815,0.85,117690
CUV,20200317,14,15.32,13.48,15.32,464847
CUX,20200317,0.004,0.004,0.004,0.004,35700
CV1,20200317,0.073,0.073,0.073,0.073,31125
CVC,20200317,1.37,1.37,1.35,1.37,5055
CVF,20200317,0.8,0.8,0.775,0.8,136400
CVL,20200317,0.42,0.485,0.42,0.485,6000
CVN,20200317,0.135,0.155,0.135,0.15,5810144
CVV,20200317,0.021,0.021,0.021,0.021,47666
CVW,20200317,0.205,0.26,0.2,0.26,74626
CWL,20200317,0.091,0.1,0.091,0.1,361860
CWN,20200317,7.07,7.54,7.01,7.16,6402565
CWP,20200317,4.95,5.08,4.75,5.01,193474
CWX,20200317,0.16,0.165,0.135,0.14,298613
CWY,20200317,1.8,1.945,1.8,1.855,19485626
CXL,20200317,0.7,0.73,0.675,0.725,96289
CXO,20200317,0.023,0.023,0.02,0.023,3669993
CYC,20200317,0.8,0.8,0.75,0.8,17032
CYG,20200317,0.665,0.75,0.66,0.67,12383
CYL,20200317,1.89,2.1,1.89,2.1,34602
CYP,20200317,0.76,0.78,0.73,0.76,123330
CZI,20200317,0.068,0.069,0.061,0.062,483256
CZL,20200317,0.004,0.004,0.003,0.003,2433600
CZN,20200317,0.002,0.002,0.002,0.002,4212379
CZR,20200317,0.006,0.007,0.006,0.007,2039500
D2O,20200317,1.245,1.3,1.21,1.3,68254
DAU,20200317,0.026,0.026,0.026,0.026,1022
DBF,20200317,1.05,1.05,1.05,1.05,500
DCC,20200317,0.013,0.014,0.012,0.012,2219745
DDR,20200317,4.88,5.34,4.8,5.28,334125
DDT,20200317,0.005,0.005,0.005,0.005,142857
DEG,20200317,0.175,0.202,0.175,0.195,14550543
DEM,20200317,0.105,0.115,0.1,0.11,584908
DEV,20200317,0.029,0.035,0.028,0.035,121686
DGH,20200317,1.22,1.22,1.2,1.2,28320
DGO,20200317,1.6,1.6,1.6,1.6,20
DGR,20200317,0.049,0.049,0.049,0.049,36000
DHG,20200317,2.21,2.25,2.12,2.2,2074827
DHR,20200317,0.002,0.002,0.001,0.002,1015000
DIV,20200317,17.61,18.21,17.5,18.16,3680
DJW,20200317,2.5,2.59,2.44,2.52,190343
DLC,20200317,0.004,0.004,0.004,0.004,250000
DMP,20200317,54.21,55.31,48.44,50.2,974161
DNA,20200317,0.037,0.041,0.035,0.039,611029
DNK,20200317,0.34,0.34,0.29,0.32,373554
DOW,20200317,3.49,3.74,3.39,3.66,7166809
DRE,20200317,0.003,0.003,0.003,0.003,2465062
DRO,20200317,0.12,0.12,0.115,0.115,404804
DRX,20200317,0.008,0.009,0.008,0.009,580000
DSE,20200317,0.031,0.034,0.03,0.034,933140
DTC,20200317,0.78,0.79,0.73,0.76,1202310
DTL,20200317,2.61,3.08,2.57,3.04,3651012
DTM,20200317,0.05,0.05,0.05,0.05,25610
DTS,20200317,0.087,0.089,0.086,0.086,81800
DTZ,20200317,0.046,0.046,0.046,0.046,3368
DUB,20200317,0.6,0.63,0.585,0.62,804888
DUI,20200317,3.7,3.86,3.65,3.8,174772
DW8,20200317,0.005,0.005,0.005,0.005,100000
DWS,20200317,0.72,0.72,0.662,0.7,120182
DXB,20200317,0.13,0.135,0.13,0.135,195857
DXN,20200317,0.027,0.027,0.027,0.027,22789
DXS,20200317,10.19,10.88,10.08,10.71,12326506
DYL,20200317,0.13,0.135,0.115,0.135,133638
E25,20200317,0.12,0.12,0.12,0.12,1289
EAF,20200317,1.15,1.15,1.1,1.1,289669
EAI,20200317,0.9,0.94,0.885,0.94,492679
EAS,20200317,0.8,0.8,0.73,0.73,2000
EAX,20200317,0.12,0.12,0.12,0.12,12000
EBO,20200317,21.3,21.4,19.65,19.65,1625
ECF,20200317,1.07,1.08,1.06,1.065,191734
ECG,20200317,0.03,0.03,0.012,0.012,40000
ECL,20200317,1.155,1.155,1.15,1.155,99858
ECS,20200317,0.021,0.022,0.019,0.02,1067856
ECT,20200317,0.001,0.001,0.001,0.001,6000000
ECX,20200317,0.845,0.965,0.805,0.855,13476188
ED1,20200317,0.55,0.55,0.51,0.51,52452
EDE,20200317,0.024,0.025,0.021,0.023,2797621
EEG,20200317,0.18,0.22,0.18,0.2,207157
EEU,20200317,17.54,17.56,17.52,17.52,2832
EFE,20200317,0.002,0.003,0.002,0.003,1091135
EGD,20200317,2.05,2.12,2,2.12,107370
EGF,20200317,1.37,1.37,1.37,1.37,109526
EGG,20200317,1.005,1.15,1,1.15,10136
EGH,20200317,0.285,0.3,0.285,0.3,236287
EGI,20200317,0.82,0.83,0.815,0.83,59977
EGL,20200317,0.03,0.03,0.03,0.03,276999
EGN,20200317,0.45,0.45,0.445,0.445,29597
EGR,20200317,0.062,0.062,0.053,0.054,213675
EHE,20200317,1.24,1.345,1.11,1.18,3224488
EHH,20200317,0.15,0.155,0.145,0.15,1157396
EHL,20200317,0.785,0.915,0.76,0.905,2080285
EHX,20200317,0.083,0.083,0.076,0.076,277760
ELD,20200317,7.41,8.17,7.4,8.17,2244992
ELO,20200317,5.32,5.46,5.2,5.35,205828
ELS,20200317,0.26,0.26,0.26,0.26,2850
ELT,20200317,0.001,0.001,0.001,0.001,1083333
ELX,20200317,0.54,0.58,0.515,0.58,92085
EM1,20200317,0.006,0.006,0.004,0.004,3047798
EM2,20200317,0.094,0.095,0.094,0.095,19000
EMD,20200317,0.049,0.05,0.045,0.05,298346
EML,20200317,1.985,2.17,1.97,2.02,8084111
EMR,20200317,0.039,0.041,0.036,0.04,6276322
EMT,20200317,0.009,0.01,0.009,0.009,2021011
EMU,20200317,0.024,0.024,0.024,0.024,32176
EMV,20200317,0.47,0.53,0.47,0.5,151034
EN1,20200317,0.016,0.017,0.016,0.016,2860062
ENN,20200317,1.415,1.422,1.33,1.35,190472
ENR,20200317,0.08,0.08,0.08,0.08,128083
EOF,20200317,1.41,1.42,1.255,1.3,811038
EOL,20200317,2.23,2.25,2.23,2.25,35840
EOS,20200317,4.06,4.35,3.82,3.95,2181654
EPD,20200317,0.295,0.295,0.25,0.28,93157
EPM,20200317,0.004,0.004,0.004,0.004,2749593
EQE,20200317,0.005,0.006,0.005,0.006,479091
EQT,20200317,23.5,23.5,22.05,22.78,27041
ERA,20200317,0.145,0.147,0.145,0.147,28296
ERF,20200317,1.1,1.1,1.1,1.1,34043
ERM,20200317,0.071,0.073,0.07,0.073,338953
ERX,20200317,0.031,0.034,0.03,0.034,1086666
ESH,20200317,0.005,0.005,0.005,0.005,1245000
ETF,20200317,17.4,17.4,17,17.19,6924
EUC,20200317,0.01,0.01,0.01,0.01,1448937
EUR,20200317,0.04,0.04,0.04,0.04,125523
EVE,20200317,0.004,0.004,0.004,0.004,10515000
EVN,20200317,3.49,3.69,3.39,3.63,32381344
EVO,20200317,0.065,0.068,0.058,0.058,4551213
EVS,20200317,0.075,0.09,0.07,0.084,3587005
EVT,20200317,8.25,8.52,8.05,8.19,226153
EWC,20200317,0.06,0.063,0.06,0.061,189401
EX1,20200317,0.19,0.19,0.18,0.18,23352
EXL,20200317,0.26,0.28,0.24,0.25,1046170
EXP,20200317,0.088,0.093,0.08,0.086,754571
EXR,20200317,0.022,0.024,0.022,0.024,785923
FAM,20200317,0.03,0.03,0.03,0.03,6610
FAR,20200317,0.013,0.015,0.012,0.013,50719462
FAU,20200317,0.007,0.008,0.006,0.008,1369000
FBR,20200317,0.015,0.019,0.015,0.016,14811713
FBU,20200317,3.79,3.96,3.71,3.91,2631766
FCL,20200317,2.49,2.49,2.26,2.41,157717
FCT,20200317,0.1,0.105,0.08,0.105,463203
FDV,20200317,0.66,0.72,0.55,0.7,432864
FEL,20200317,0.01,0.01,0.01,0.01,100000
FEX,20200317,0.031,0.032,0.03,0.03,209400
FFG,20200317,0.004,0.004,0.003,0.004,7065382
FFL,20200317,0.295,0.295,0.295,0.295,10811
FFR,20200317,0.027,0.03,0.027,0.03,110625
FGG,20200317,1.06,1.15,1,1.11,949102
FGO,20200317,0.001,0.001,0.001,0.001,250000
FGR,20200317,0.1,0.105,0.095,0.098,513798
FGX,20200317,0.87,0.92,0.865,0.905,1362329
FHS,20200317,0.023,0.028,0.023,0.027,2887887
FID,20200317,4.11,4.4,4.1,4.4,41873
FIJ,20200317,0.05,0.05,0.045,0.045,183474
FIN,20200317,0.01,0.011,0.009,0.01,1470768
FLC,20200317,0.32,0.37,0.3,0.37,902729
FLN,20200317,0.325,0.35,0.325,0.325,31716
FLT,20200317,16.1,16.56,14.67,15.54,3391592
FMG,20200317,9.65,10.69,9.65,10.69,31341668
FML,20200317,0.17,0.17,0.16,0.17,38414
FMS,20200317,0.03,0.031,0.029,0.031,64955
FNP,20200317,4.01,5.1,4.01,4.86,1688739
FNT,20200317,0.007,0.007,0.007,0.007,482041
FOD,20200317,0.073,0.079,0.071,0.073,1543662
FOR,20200317,0.7,0.75,0.68,0.75,281405
FPC,20200317,0.73,0.74,0.695,0.74,79686
FPH,20200317,26.22,27.93,24.07,25.97,3234024
FPL,20200317,0.002,0.002,0.002,0.002,7050000
FRI,20200317,0.66,0.7,0.62,0.7,131226
FRM,20200317,0.17,0.17,0.17,0.17,40000
FRN,20200317,0.016,0.017,0.016,0.016,685000
FSA,20200317,0.97,1,0.94,1,110479
FSG,20200317,0.02,0.02,0.02,0.02,225000
FSI,20200317,1.4,1.4,1.36,1.36,4000
FTT,20200317,0.002,0.002,0.002,0.002,592000
FUN,20200317,0.01,0.011,0.01,0.01,320360
FWD,20200317,1.315,1.34,1.24,1.33,83012
FXL,20200317,0.94,1.045,0.92,1.025,1736110
FYI,20200317,0.045,0.046,0.045,0.045,353556
FZO,20200317,0.085,0.09,0.077,0.085,401308
G1A,20200317,0.15,0.17,0.15,0.17,201999
GAL,20200317,0.115,0.125,0.11,0.115,818439
GAP,20200317,0.14,0.14,0.14,0.14,451652
GAS,20200317,0.37,0.375,0.37,0.375,27894
GBE,20200317,0.007,0.01,0.007,0.009,353881
GBP,20200317,0.019,0.019,0.019,0.019,21666
GC1,20200317,0.64,0.64,0.635,0.64,56000
GCI,20200317,1.5,1.65,1.45,1.63,250625
GDF,20200317,1.12,1.17,1.12,1.17,136227
GDG,20200317,0.5,0.5,0.495,0.5,63552
GDI,20200317,1.14,1.195,1.09,1.115,4488567
GDX,20200317,35,36.22,33.8,35.1,67576
GED,20200317,0.009,0.009,0.009,0.009,51500
GEM,20200317,0.79,0.865,0.76,0.865,20943004
GEV,20200317,0.082,0.082,0.07,0.07,711929
GFL,20200317,1.6,1.6,1.555,1.555,5909
GGG,20200317,0.074,0.082,0.069,0.078,1199109
GGX,20200317,0.002,0.002,0.002,0.002,8135357
GIB,20200317,0.035,0.035,0.035,0.035,29900
GID,20200317,0.004,0.004,0.004,0.004,398390
GLB,20200317,1.11,1.11,1.11,1.11,2610
GLL,20200317,0.36,0.435,0.36,0.435,197516
GLN,20200317,0.185,0.19,0.18,0.185,147542
GMA,20200317,2.04,2.18,2.03,2.15,1789514
GMD,20200317,0.026,0.026,0.025,0.026,2423251
GME,20200317,0.042,0.054,0.042,0.054,126074
GMG,20200317,11.85,12.34,11.15,11.98,17020539
GML,20200317,0.012,0.012,0.011,0.012,1350060
GMN,20200317,0.055,0.055,0.055,0.055,5984
GMV,20200317,0.042,0.048,0.04,0.046,762522
GNC,20200317,7,7.59,6.86,7.58,3375460
GNE,20200317,2.44,2.52,2.29,2.29,26619
GNG,20200317,0.72,0.72,0.72,0.72,18257
GNM,20200317,0.005,0.005,0.005,0.005,694144
GNX,20200317,0.13,0.13,0.1,0.105,2361983
GOR,20200317,0.86,0.985,0.86,0.975,21075915
GOW,20200317,1.69,1.695,1.69,1.695,3960
GOZ,20200317,3.26,3.35,3.22,3.32,4373094
GPR,20200317,0.28,0.285,0.265,0.28,36000
GPT,20200317,4.64,4.78,4.59,4.69,19411387
GPX,20200317,0.042,0.045,0.041,0.041,105706
GRB,20200317,0.045,0.05,0.045,0.049,195046
GRL,20200317,0.1,0.12,0.1,0.12,371247
GRR,20200317,0.165,0.175,0.165,0.175,1556914
GSM,20200317,0.075,0.075,0.075,0.075,46539
GSN,20200317,0.035,0.041,0.035,0.04,277112
GSS,20200317,0.985,1,0.94,1,148207
GSW,20200317,0.27,0.29,0.255,0.285,31062
GTE,20200317,0.002,0.002,0.001,0.002,675000
GTG,20200317,0.004,0.005,0.004,0.004,15311094
GTK,20200317,1.35,1.355,1.3,1.3,29245
GTN,20200317,0.55,0.55,0.5,0.5,83289
GTR,20200317,0.004,0.004,0.004,0.004,300000
GUD,20200317,9,9.6,8.99,9.53,620128
GVF,20200317,0.92,0.94,0.89,0.9,162947
GWA,20200317,2.48,3.02,2.41,2.8,4860063
GWR,20200317,0.055,0.055,0.055,0.055,3158
GXY,20200317,0.725,0.875,0.725,0.84,6758320
HAS,20200317,0.07,0.07,0.062,0.07,627102
HAV,20200317,0.069,0.071,0.065,0.071,145101
HAW,20200317,0.08,0.08,0.08,0.08,78590
HCH,20200317,0.012,0.013,0.01,0.013,9973993
HCT,20200317,0.082,0.091,0.082,0.088,2013092
HE8,20200317,0.079,0.092,0.079,0.092,827397
HFR,20200317,0.41,0.42,0.385,0.4,41727
HGO,20200317,0.036,0.039,0.036,0.039,3750
HIL,20200317,0.19,0.21,0.185,0.21,179141
HIT,20200317,1,1.01,0.98,1.01,27280
HLA,20200317,0.91,0.91,0.885,0.91,3735
HLO,20200317,1.63,1.64,1.445,1.54,577947
HLS,20200317,2.38,2.63,2.36,2.63,4836347
HLX,20200317,0.007,0.007,0.006,0.007,534209
HM1,20200317,2.1,2.22,2.03,2.15,1248726
HMC,20200317,2.75,2.78,2.6,2.76,309967
HMD,20200317,0.067,0.07,0.067,0.07,14686
HMX,20200317,0.012,0.014,0.009,0.013,10546924
HNG,20200317,0.22,0.22,0.22,0.22,18150
HNR,20200317,0.004,0.004,0.004,0.004,500000
HPI,20200317,2.34,2.4,2.12,2.16,874038
HRL,20200317,0.097,0.097,0.081,0.082,174500
HRN,20200317,0.16,0.165,0.16,0.165,23353
HRR,20200317,0.048,0.048,0.042,0.045,205902
HRZ,20200317,0.07,0.075,0.065,0.066,2053164
HSC,20200317,0.003,0.003,0.003,0.003,4694999
HSN,20200317,2.75,2.85,2.66,2.8,533984
HT1,20200317,1.2,1.33,1.185,1.25,277079
HTA,20200317,0.145,0.155,0.145,0.15,136405
HUB,20200317,6.32,7.15,6.32,7.15,850323
HUO,20200317,3.77,4.08,3.61,3.85,282121
HVM,20200317,0.14,0.14,0.13,0.13,130000
HVN,20200317,2.93,3.12,2.9,3.12,10588586
HXG,20200317,0.032,0.032,0.032,0.032,53720
HYD,20200317,0.125,0.125,0.125,0.125,42822
HZN,20200317,0.055,0.057,0.055,0.055,854171
HZR,20200317,0.31,0.33,0.3,0.32,292201
IAA,20200317,84.5,88.19,80.86,87.75,33762
IAF,20200317,114.22,115.05,112.7,114.8,33835
IAG,20200317,5.8,6.23,5.74,6.21,16565031
IAP,20200317,1.15,1.175,1.08,1.15,987910
IBC,20200317,0.415,0.415,0.38,0.38,107205
IBG,20200317,0.007,0.007,0.007,0.007,110009
IBX,20200317,0.014,0.017,0.013,0.017,1912883
ICE,20200317,0.15,0.15,0.13,0.13,25150
ICI,20200317,0.014,0.018,0.014,0.018,480218
ICN,20200317,0.006,0.006,0.006,0.006,169545
ICQ,20200317,0.2,0.22,0.2,0.21,387229
ICS,20200317,1.675,1.7,1.675,1.7,8736
IDT,20200317,0.1,0.1,0.092,0.1,224285
IDX,20200317,2.8,3.06,2.79,3.05,2130959
IDZ,20200317,0.004,0.004,0.004,0.004,252750
IEL,20200317,16.59,17.82,16.57,17.7,1926540
IEM,20200317,52.14,54.8,52,54.79,36039
IEU,20200317,49,53,49,52.44,24306
IFL,20200317,3.45,3.78,3.25,3.78,6083797
IFM,20200317,1.5,1.642,1.345,1.61,2220316
IFN,20200317,0.45,0.47,0.42,0.45,4405215
IFT,20200317,3.74,3.82,3.74,3.82,16240
IGB,20200317,114.18,114.18,113,114.05,875
IGL,20200317,1.155,1.185,1.01,1.08,898062
IGO,20200317,3.76,3.99,3.72,3.82,6473749
IHD,20200317,10.4,11,10.11,11,56650
IHR,20200317,0.04,0.04,0.036,0.04,505699
IJH,20200317,220,229.76,220,226.8,6880
IJP,20200317,71.16,74.82,70.94,74.82,7102
IJR,20200317,82,87,80.07,87,2089
IKO,20200317,72.36,74.86,69.1,74.02,1206
ILB,20200317,120.65,120.65,115.52,119.49,9880
ILC,20200317,19.65,21.49,19.65,21.49,51973
ILU,20200317,6.73,7.6,6.73,7.52,3488331
IMA,20200317,0.15,0.16,0.145,0.16,1049953
IMC,20200317,0.082,0.084,0.082,0.084,53353
IMD,20200317,0.91,1.07,0.91,1.05,3630433
IME,20200317,0.02,0.024,0.02,0.024,2009673
IMF,20200317,3.48,3.705,3.46,3.65,1328031
IMM,20200317,0.27,0.315,0.265,0.315,750664
IMR,20200317,1,1.1,0.985,1.1,6067
IMU,20200317,0.017,0.019,0.017,0.018,7575500
INA,20200317,3.49,3.69,3.43,3.63,5897081
ING,20200317,3.27,3.56,3.27,3.56,4995924
INP,20200317,0.016,0.016,0.015,0.015,73823
INR,20200317,0.089,0.095,0.084,0.09,3487699
INV,20200317,0.06,0.06,0.06,0.06,175000
IOD,20200317,0.085,0.085,0.08,0.08,14814
IOO,20200317,66.95,71.2,66.75,69.77,64767
IOZ,20200317,20.49,21.92,20.31,21.92,941764
IPB,20200317,0.015,0.015,0.015,0.015,225235
IPD,20200317,0.06,0.066,0.056,0.066,895478
IPH,20200317,7.14,7.43,6.95,7.42,2766003
IPL,20200317,1.945,2.03,1.84,1.95,13156316
IPT,20200317,0.007,0.007,0.007,0.007,534830
IQ3,20200317,0.125,0.125,0.125,0.125,12000
IRD,20200317,0.05,0.05,0.05,0.05,35446
IRE,20200317,9.34,10.48,9.31,10.45,1218872
IRI,20200317,2.54,2.6,2.45,2.6,369105
ISD,20200317,0.15,0.165,0.15,0.165,352056
ISO,20200317,3.55,3.68,3.32,3.67,50080
ISU,20200317,0.22,0.265,0.215,0.265,81956
ITG,20200317,0.295,0.305,0.275,0.295,38910
IVC,20200317,12.59,13.81,12.54,13.81,892312
IVE,20200317,80.33,81.85,77.93,81.85,3875
IVR,20200317,0.009,0.01,0.009,0.01,1160500
IVV,20200317,383,414.68,383,413,50999
IVX,20200317,0.008,0.008,0.007,0.007,1669851
IVZ,20200317,0.01,0.012,0.01,0.011,515428
IXC,20200317,0.83,0.84,0.8,0.84,59027
IXI,20200317,73,75.78,73,75.71,7260
IXJ,20200317,91.8,96.5,90.06,94.99,14731
IXU,20200317,0.03,0.03,0.03,0.03,368928
IZZ,20200317,55.08,59,55.08,59,20114
JAN,20200317,0.35,0.35,0.35,0.35,2931
JAT,20200317,0.036,0.037,0.035,0.035,2323700
JAY,20200317,0.145,0.145,0.135,0.135,33162
JBH,20200317,29.13,32.47,29.04,30.92,2045043
JCS,20200317,0.031,0.031,0.029,0.029,37047
JHC,20200317,0.46,0.5,0.46,0.475,3422880
JHG,20200317,23.91,25.61,23.9,24.88,693425
JHX,20200317,20.12,21.19,19.12,20.5,4405589
JIN,20200317,7.02,8.1,7.02,8.1,1491321
JLG,20200317,1.82,2.04,1.81,2.04,698250
JMS,20200317,0.205,0.225,0.205,0.22,3671451
JRV,20200317,0.14,0.16,0.135,0.155,2375011
JYC,20200317,1.12,1.125,1.105,1.11,19401
K2F,20200317,0.15,0.17,0.145,0.17,328564
KAI,20200317,0.006,0.007,0.006,0.007,933571
KAR,20200317,0.385,0.43,0.37,0.39,5520599
KAS,20200317,0.008,0.01,0.008,0.01,11250
KAU,20200317,0.16,0.17,0.16,0.17,119695
KCN,20200317,0.34,0.39,0.335,0.37,376051
KFE,20200317,0.03,0.031,0.029,0.031,360352
KGL,20200317,0.14,0.14,0.14,0.14,15000
KGN,20200317,3.7,3.99,3.7,3.98,951911
KIS,20200317,0.044,0.044,0.044,0.044,12500
KKC,20200317,1.57,1.9,1.54,1.9,644745
KLA,20200317,41.1,43,41.1,42.4,5100
KMD,20200317,1.695,1.795,1.68,1.7,498790
KME,20200317,0.86,0.95,0.86,0.92,37769
KNM,20200317,0.008,0.008,0.008,0.008,24521
KOV,20200317,3.24,3.25,3.24,3.24,5800
KPG,20200317,0.71,0.71,0.695,0.695,86761
KPO,20200317,0.021,0.021,0.019,0.02,5149915
KRM,20200317,0.023,0.029,0.023,0.029,155000
KRR,20200317,0.022,0.023,0.021,0.023,1656110
KSC,20200317,1.48,1.48,1.48,1.48,2500
KSL,20200317,0.84,0.915,0.84,0.91,503211
KSN,20200317,0.094,0.097,0.09,0.095,578678
KSS,20200317,0.17,0.19,0.15,0.175,686339
KTA,20200317,0.028,0.032,0.027,0.032,997074
KTD,20200317,0.205,0.24,0.205,0.22,645817
KTG,20200317,0.08,0.089,0.08,0.083,154225
KWR,20200317,0.1,0.1,0.095,0.095,280712
KYK,20200317,0.047,0.048,0.047,0.048,104030
KZA,20200317,0.555,0.555,0.505,0.545,289542
KZR,20200317,0.31,0.37,0.285,0.355,430930
LAA,20200317,0.01,0.011,0.01,0.011,649829
LAU,20200317,0.32,0.35,0.305,0.315,117995
LAW,20200317,0.05,0.05,0.05,0.05,8000
LBL,20200317,0.32,0.33,0.305,0.33,72852
LBT,20200317,0.11,0.11,0.11,0.11,216794
LCK,20200317,0.1,0.11,0.1,0.105,623365
LCL,20200317,0.024,0.024,0.024,0.024,250000
LCM,20200317,0.13,0.13,0.11,0.115,243992
LEG,20200317,0.06,0.063,0.06,0.061,2566203
LEP,20200317,4.27,4.3,4.09,4.26,352496
LGP,20200317,0.26,0.26,0.2,0.22,421535
LI3,20200317,0.02,0.02,0.019,0.019,57259
LIC,20200317,6.44,7.01,6.44,6.9,508662
LIN,20200317,0.015,0.016,0.015,0.015,1129882
LIT,20200317,0.035,0.04,0.034,0.037,3398724
LLC,20200317,12.68,13.63,11.81,12.49,6147031
LLO,20200317,0.995,0.995,0.99,0.99,2504
LMG,20200317,0.009,0.009,0.009,0.009,111111
LNG,20200317,0.09,0.091,0.084,0.09,2321242
LNK,20200317,3.3,3.36,3.17,3.28,8331082
LNU,20200317,0.01,0.014,0.009,0.013,3176120
LNY,20200317,0.004,0.004,0.003,0.003,22165201
LOM,20200317,0.08,0.084,0.076,0.08,1249579
LON,20200317,0.095,0.105,0.091,0.091,136835
LOT,20200317,0.025,0.028,0.024,0.028,378572
LOV,20200317,6.12,6.25,5.62,5.83,1096656
LPD,20200317,0.007,0.008,0.007,0.008,4407930
LPE,20200317,0.355,0.355,0.355,0.355,2000
LPI,20200317,0.15,0.15,0.145,0.15,98145
LRS,20200317,0.003,0.003,0.003,0.003,191683
LSA,20200317,0.004,0.004,0.004,0.004,259000
LSF,20200317,0.79,0.86,0.775,0.835,4145159
LSR,20200317,0.005,0.006,0.005,0.006,149794
LSX,20200317,0.31,0.36,0.31,0.36,100544
LTR,20200317,0.077,0.085,0.075,0.082,7020718
LVH,20200317,0.13,0.14,0.13,0.14,217129
LVT,20200317,0.135,0.145,0.125,0.125,12289506
LYC,20200317,1.035,1.205,1.035,1.195,10470369
LYL,20200317,4.44,4.45,4.33,4.4,92844
M7T,20200317,0.51,0.545,0.495,0.52,156970
M8S,20200317,0.081,0.081,0.073,0.073,115372
MA1,20200317,0.84,0.84,0.84,0.84,14449
MAD,20200317,0.75,0.8,0.75,0.8,9950
MAG,20200317,0.18,0.195,0.17,0.195,542982
MAH,20200317,0.18,0.22,0.17,0.215,3096919
MAI,20200317,0.38,0.38,0.365,0.38,15263
MAM,20200317,0.28,0.29,0.275,0.29,23664
MAN,20200317,0.013,0.013,0.013,0.013,201202
MAQ,20200317,20.5,21.45,20.1,20.76,43467
MAT,20200317,0.085,0.085,0.074,0.08,944308
MAU,20200317,0.42,0.42,0.42,0.42,346
MAY,20200317,0.003,0.004,0.003,0.004,2352726
MCE,20200317,0.215,0.22,0.2,0.22,108893
MCP,20200317,1.535,1.65,1.385,1.64,454219
MCR,20200317,0.5,0.535,0.5,0.52,1048181
MCT,20200317,0.003,0.003,0.003,0.003,350000
MCY,20200317,3.9,4.01,3.9,4,5272
MDC,20200317,0.2,0.21,0.185,0.21,66005
MDI,20200317,0.007,0.008,0.007,0.008,1340200
MDR,20200317,0.315,0.45,0.315,0.42,201736
MEA,20200317,0.21,0.21,0.21,0.21,3000
MEI,20200317,0.01,0.011,0.01,0.01,2682980
MEL,20200317,0.025,0.026,0.025,0.025,219960
MEM,20200317,0.04,0.041,0.038,0.038,654921
MEP,20200317,0.028,0.028,0.025,0.025,1430070
MEU,20200317,0.027,0.027,0.025,0.026,379405
MEY,20200317,0.033,0.033,0.033,0.033,108999
MEZ,20200317,3.83,4.07,3.79,4.07,16859
MFD,20200317,0.7,0.7,0.69,0.69,23906
MFF,20200317,2.5,2.67,2.5,2.65,706258
MFG,20200317,39.97,43.91,39.72,42.02,1568517
MGC,20200317,0.42,0.425,0.42,0.42,82114
MGE,20200317,3.66,3.79,3.63,3.78,2886661
MGG,20200317,1.47,1.655,1.46,1.645,3619801
MGL,20200317,0.011,0.011,0.011,0.011,750000
MGR,20200317,2.43,2.685,2.34,2.44,41230134
MGV,20200317,0.08,0.083,0.078,0.08,592220
MGX,20200317,0.68,0.75,0.65,0.75,14701351
MHC,20200317,0.004,0.004,0.004,0.004,2000000
MHG,20200317,2.87,2.97,2.84,2.96,881442
MHH,20200317,1.25,1.4,1.25,1.36,1255481
MHJ,20200317,0.39,0.39,0.39,0.39,100
MIL,20200317,0.335,0.335,0.335,0.335,4500
MIN,20200317,13.99,14.79,13.75,14.58,3938720
MIR,20200317,1.9,1.96,1.82,1.89,230056
MKG,20200317,0.059,0.059,0.055,0.055,21526
MLD,20200317,0.71,0.78,0.685,0.78,740875
MLL,20200317,0.049,0.052,0.046,0.052,336186
MLT,20200317,3.66,3.97,3.6,3.81,314744
MLX,20200317,0.059,0.065,0.057,0.061,2223440
MME,20200317,0.95,0.95,0.9,0.9,42281
MMI,20200317,0.093,0.099,0.091,0.098,540233
MMJ,20200317,0.076,0.077,0.075,0.076,278965
MML,20200317,0.455,0.51,0.445,0.445,386612
MMM,20200317,0.255,0.255,0.23,0.23,53903
MMS,20200317,7.9,8.29,7.3,8.29,953361
MND,20200317,10.59,12.89,10.43,12.6,775936
MNF,20200317,3.01,3.15,2.77,3.02,609450
MNS,20200317,0.064,0.065,0.052,0.06,777019
MNW,20200317,0.01,0.01,0.01,0.01,485766
MNY,20200317,1.41,1.415,1.2,1.32,1591725
MOC,20200317,0.72,0.795,0.715,0.75,352585
MOE,20200317,2.99,2.99,2.25,2.45,373352
MOH,20200317,0.055,0.055,0.05,0.055,444187
MOQ,20200317,0.17,0.17,0.17,0.17,1676
MOT,20200317,1.64,1.69,1.46,1.65,685727
MOZ,20200317,0.65,0.66,0.61,0.625,166771
MP1,20200317,6.68,7.64,6.63,7.51,2045218
MPH,20200317,0.13,0.13,0.13,0.13,3411
MPL,20200317,2.8,2.9,2.65,2.9,28083922
MPR,20200317,0.015,0.015,0.015,0.015,8584
MPW,20200317,0.05,0.05,0.05,0.05,52586
MQG,20200317,98.28,106.2,96.77,104.49,3338659
MQR,20200317,0.031,0.031,0.031,0.031,247273
MRC,20200317,0.175,0.175,0.175,0.175,67450
MRG,20200317,0.012,0.012,0.011,0.012,1034375
MRL,20200317,0.3,0.3,0.3,0.3,2747
MRM,20200317,0.096,0.096,0.09,0.094,572673
MRQ,20200317,0.005,0.005,0.005,0.005,2843839
MRZ,20200317,0.185,0.185,0.14,0.15,217987
MSB,20200317,1.275,1.335,1.19,1.25,7422702
MSE,20200317,0.003,0.004,0.003,0.004,3170256
MSM,20200317,0.007,0.007,0.007,0.007,11989
MSV,20200317,0.37,0.38,0.345,0.355,614845
MTB,20200317,0.002,0.002,0.002,0.002,4704160
MTC,20200317,0.045,0.048,0.041,0.041,255920
MTO,20200317,1.15,1.155,1.05,1.15,47568
MTS,20200317,2.65,3.07,2.65,3.06,26152567
MVA,20200317,18.2,19.02,18.2,19.02,16713
MVB,20200317,17.67,19.68,17.67,19.68,18802
MVE,20200317,20.97,21.41,20.97,21.1,4718
MVF,20200317,0.66,0.675,0.63,0.66,305061
MVP,20200317,4.75,5.38,4.7,4.94,435049
MVR,20200317,21.45,21.61,21.16,21.61,2113
MVS,20200317,14.67,14.77,14.67,14.77,4095
MVW,20200317,22.1,23.48,22,23.48,126752
MWR,20200317,0.08,0.085,0.079,0.084,934797
MWY,20200317,1.155,1.18,1.09,1.09,87895
MX1,20200317,0.13,0.15,0.12,0.145,733482
MXC,20200317,0.019,0.019,0.016,0.017,4348461
MXI,20200317,0.15,0.15,0.15,0.15,210000
MXR,20200317,0.032,0.032,0.032,0.032,17293
MXT,20200317,1.78,1.815,1.565,1.675,2512759
MYE,20200317,0.58,0.58,0.545,0.56,61604
MYL,20200317,0.03,0.032,0.029,0.029,3246749
MYQ,20200317,0.125,0.125,0.115,0.115,31420
MYR,20200317,0.205,0.225,0.2,0.215,5337579
MYS,20200317,3.69,4.01,3.65,3.96,364090
MYX,20200317,0.27,0.3,0.262,0.28,13666006
MZZ,20200317,0.105,0.125,0.1,0.125,439313
NAB,20200317,16.1,17.5,16.05,17.21,24571282
NAC,20200317,0.69,0.69,0.69,0.69,10023
NAG,20200317,0.035,0.035,0.033,0.033,38114
NAM,20200317,0.29,0.29,0.29,0.29,3000
NAN,20200317,5.35,5.85,5.35,5.67,4009512
NBI,20200317,1.42,1.42,1.32,1.39,775441
NCC,20200317,0.88,0.885,0.87,0.875,65000
NCK,20200317,5.2,5.33,4.87,4.98,915136
NCM,20200317,22.79,24.18,22,24,10467414
NCR,20200317,0.006,0.006,0.006,0.006,1472327
NCZ,20200317,0.085,0.097,0.084,0.088,1463963
NDQ,20200317,19.5,20.45,19.5,20.32,249429
NEA,20200317,1.15,1.28,1.14,1.28,8352913
NEC,20200317,1.15,1.225,1.09,1.135,14929303
NEU,20200317,1.12,1.24,1.075,1.2,569756
NEW,20200317,1.06,1.085,1,1.07,325289
NGE,20200317,0.4,0.4,0.4,0.4,2462
NGI,20200317,2.02,2.06,1.895,1.94,727771
NGY,20200317,0.01,0.01,0.009,0.01,750000
NHC,20200317,1.055,1.155,1.035,1.155,8374039
NHF,20200317,4.2,4.31,3.9,4.31,5198990
NIC,20200317,0.32,0.36,0.3,0.305,17374137
NML,20200317,0.062,0.068,0.06,0.068,597607
NMT,20200317,0.155,0.155,0.14,0.14,426189
NNW,20200317,0.06,0.06,0.045,0.054,219250
NOR,20200317,0.026,0.031,0.026,0.027,464515
NOV,20200317,0.085,0.105,0.085,0.1,211150
NOX,20200317,0.165,0.17,0.16,0.17,182660
NSC,20200317,0.465,0.465,0.43,0.45,253670
NSR,20200317,1.85,1.955,1.765,1.8,13822062
NST,20200317,9.7,11.07,9.7,11,17630340
NSX,20200317,0.11,0.125,0.11,0.12,27059
NTD,20200317,0.3,0.3,0.3,0.3,44778
NTM,20200317,0.051,0.051,0.051,0.051,47056
NTO,20200317,0.795,0.9,0.73,0.9,275162
NTU,20200317,0.027,0.028,0.026,0.028,3309521
NUC,20200317,2.1,2.1,1.9,1.95,11466
NUF,20200317,4.2,4.97,4.1,4.88,2722311
NUH,20200317,0.014,0.015,0.012,0.013,1625936
NUS,20200317,0.215,0.235,0.215,0.235,645312
NVA,20200317,0.028,0.031,0.025,0.03,6324454
NVL,20200317,3.57,3.6,3.55,3.58,365044
NVO,20200317,0.008,0.008,0.008,0.008,330876
NVX,20200317,0.27,0.27,0.27,0.27,4000
NWC,20200317,0.008,0.008,0.007,0.007,265350
NWE,20200317,0.003,0.003,0.002,0.003,8456230
NWF,20200317,0.15,0.15,0.15,0.15,9174
NWH,20200317,1.37,1.515,1.285,1.515,5529843
NWL,20200317,5.14,5.84,5.05,5.84,1107553
NWS,20200317,16.5,16.87,16.11,16.77,1464027
NXE,20200317,0.006,0.006,0.006,0.006,2515
NXM,20200317,0.042,0.042,0.042,0.042,200000
NXS,20200317,1.42,1.62,1.42,1.59,191401
NXT,20200317,6.45,7.17,6.45,7.15,6915699
NYR,20200317,0.115,0.125,0.11,0.125,166456
NZK,20200317,1.7,1.73,1.65,1.65,4280
NZS,20200317,0.009,0.01,0.008,0.009,863294
OAU,20200317,0.012,0.012,0.012,0.012,300000
OBM,20200317,0.115,0.125,0.11,0.12,1245656
OCA,20200317,0.715,0.715,0.715,0.715,3542
OCC,20200317,0.25,0.27,0.24,0.255,759581
OCL,20200317,4.53,4.8,4.53,4.7,26411
ODA,20200317,0.165,0.19,0.165,0.165,6256
OEC,20200317,0.45,0.45,0.415,0.435,153458
OEL,20200317,0.01,0.012,0.009,0.011,14010556
OEX,20200317,0.003,0.003,0.003,0.003,6692356
OFX,20200317,1.045,1.095,0.98,1.06,596555
OGA,20200317,0.105,0.105,0.091,0.091,179450
OGC,20200317,1.77,1.88,1.77,1.8,1046689
OIL,20200317,0.016,0.017,0.015,0.015,648533
OKU,20200317,0.145,0.17,0.145,0.155,759160
OLI,20200317,0.083,0.085,0.08,0.08,1504780
OLL,20200317,0.14,0.195,0.14,0.185,1697849
OLV,20200317,0.005,0.005,0.005,0.005,300000
OMH,20200317,0.33,0.335,0.31,0.31,1299653
OML,20200317,1.21,1.26,1.01,1.035,9277954
ONE,20200317,0.05,0.05,0.05,0.05,140812
ONT,20200317,5.74,5.74,5.4,5.59,5256
ONX,20200317,0.04,0.04,0.04,0.04,17660
OOO,20200317,7.59,7.76,7.43,7.65,184828
OPC,20200317,3.98,4.1,3.91,3.99,16341
OPH,20200317,1.9,2.19,1.88,2.15,316498
OPL,20200317,0.071,0.071,0.07,0.07,23332
OPT,20200317,1.87,1.945,1.715,1.88,1303954
OPY,20200317,0.46,0.56,0.45,0.485,330419
ORA,20200317,2.35,2.49,2.28,2.49,7942823
ORE,20200317,2.08,2.44,2.08,2.37,3234913
ORG,20200317,5.29,5.56,5.03,5.14,15779986
ORI,20200317,15.39,15.87,15.17,15.57,3251333
ORN,20200317,0.014,0.014,0.013,0.013,262711
ORR,20200317,0.28,0.28,0.28,0.28,50089
OSH,20200317,2.81,2.91,2.57,2.65,18962255
OSL,20200317,0.087,0.093,0.087,0.092,346374
OSP,20200317,0.012,0.012,0.012,0.012,379232
OSX,20200317,0.4,0.42,0.35,0.35,93618
OTW,20200317,2.3,2.49,2.3,2.4,53413
OVH,20200317,0.2,0.2,0.19,0.2,253640
OVL,20200317,0.005,0.005,0.005,0.005,500000
OVN,20200317,0.365,0.37,0.31,0.335,126297
OVT,20200317,0.021,0.023,0.021,0.023,39857
OXX,20200317,0.007,0.007,0.007,0.007,100524
OZF,20200317,13.82,14.89,13.8,14.89,9609
OZG,20200317,0.14,0.14,0.14,0.14,12000
OZL,20200317,7.09,7.69,7.09,7.63,3737040
OZR,20200317,8.36,9.2,8.36,8.81,95904
P2P,20200317,0.044,0.044,0.044,0.044,30000
PAA,20200317,0.072,0.073,0.07,0.07,57196
PAB,20200317,0.014,0.014,0.014,0.014,15800
PAC,20200317,4.41,4.62,4.33,4.6,101861
PAF,20200317,0.685,0.69,0.68,0.69,50252
PAI,20200317,0.895,0.915,0.88,0.905,636004
PAL,20200317,0.65,0.69,0.61,0.69,143403
PAN,20200317,0.17,0.2,0.16,0.19,2520615
PAR,20200317,1.495,1.63,1.32,1.43,5320860
PBH,20200317,1.73,1.9,1.7,1.77,1235099
PBP,20200317,1.79,1.965,1.79,1.965,163079
PCG,20200317,1.05,1.05,1.05,1.05,29533
PCI,20200317,0.805,0.885,0.775,0.875,637073
PCK,20200317,0.073,0.076,0.069,0.074,7634725
PCL,20200317,0.001,0.001,0.001,0.001,450000
PDI,20200317,0.006,0.006,0.005,0.005,238571
PDL,20200317,4.31,4.7,4.26,4.7,7686797
PDN,20200317,0.049,0.053,0.041,0.051,8008347
PE1,20200317,1.3,1.3,1.2,1.26,1539539
PEK,20200317,0.024,0.026,0.023,0.026,1371671
PEN,20200317,0.085,0.1,0.085,0.1,172314
PET,20200317,0.42,0.46,0.42,0.42,1060614
PEX,20200317,0.125,0.125,0.105,0.125,307391
PFG,20200317,0.056,0.056,0.056,0.056,50000
PFP,20200317,2.85,2.92,2.82,2.85,195989
PGC,20200317,0.15,0.165,0.14,0.15,1927791
PGF,20200317,0.865,0.945,0.83,0.91,492617
PGG,20200317,1.6,1.65,1.45,1.54,272281
PGH,20200317,1.395,1.44,1.32,1.41,2635772
PGI,20200317,0.021,0.021,0.019,0.019,171932
PGL,20200317,0.8,0.89,0.77,0.815,105256
PGM,20200317,0.012,0.013,0.012,0.013,535141
PGX,20200317,0.2,0.21,0.195,0.2,213349
PIA,20200317,0.82,0.88,0.815,0.87,493304
PIC,20200317,0.76,0.84,0.76,0.8,336769
PIO,20200317,0.009,0.01,0.008,0.009,5311733
PIQ,20200317,0.21,0.21,0.2,0.21,42816
PKS,20200317,0.1,0.105,0.1,0.105,117058
PL8,20200317,0.9,0.935,0.855,0.88,995806
PLL,20200317,0.078,0.078,0.064,0.07,1158486
PLS,20200317,0.165,0.185,0.165,0.185,29259774
PLX,20200317,0.44,0.44,0.4,0.41,2600
PM1,20200317,0.012,0.014,0.012,0.013,258000
PM8,20200317,0.15,0.19,0.145,0.18,372100
PMC,20200317,1.26,1.275,1.22,1.22,466216
PME,20200317,15.48,16.26,14.93,15.89,869639
PMV,20200317,12.3,13.55,12.15,13.46,1196062
PMY,20200317,0.003,0.003,0.003,0.003,5972222
PNC,20200317,1.15,1.2,1.15,1.15,84350
PNI,20200317,3,3.43,2.98,3.43,1714394
PNN,20200317,0.002,0.002,0.001,0.002,5292203
PNR,20200317,0.073,0.08,0.072,0.073,1887655
PNV,20200317,1.5,1.625,1.44,1.51,12585356
PNX,20200317,0.004,0.004,0.004,0.004,125000
PO3,20200317,2.38,2.38,2.2,2.25,11202
POS,20200317,0.025,0.027,0.025,0.026,416393
POU,20200317,19.63,19.68,19.55,19.58,180630
PPC,20200317,0.95,0.96,0.85,0.9,1164478
PPE,20200317,2.19,2.3,2.06,2.25,294007
PPG,20200317,0.07,0.075,0.07,0.075,1308836
PPH,20200317,2.49,2.7,2.4,2.7,223044
PPK,20200317,2.38,3,2.35,2.73,200912
PPS,20200317,0.25,0.28,0.232,0.255,1996170
PPT,20200317,27.7,30.29,27.44,29.18,673541
PRN,20200317,0.885,1,0.835,0.935,22496750
PRO,20200317,0.42,0.43,0.415,0.42,544371
PRT,20200317,0.11,0.115,0.11,0.115,27373
PRU,20200317,0.705,0.76,0.7,0.715,17806623
PRX,20200317,0.034,0.034,0.028,0.028,782021
PSA,20200317,0.027,0.027,0.027,0.027,20968
PSC,20200317,0.105,0.105,0.1,0.1,30000
PSI,20200317,2.1,2.22,2.1,2.22,61680
PSQ,20200317,1,1.1,1,1.08,13233
PTB,20200317,0.445,0.46,0.425,0.44,1131042
PTL,20200317,0.36,0.385,0.36,0.36,47715
PTM,20200317,2.93,3.18,2.91,3.15,6045604
PTX,20200317,0.027,0.027,0.026,0.027,794819
PUA,20200317,0.012,0.012,0.012,0.012,15000
PUR,20200317,0.003,0.003,0.003,0.003,125000
PVE,20200317,0.051,0.051,0.051,0.051,50000
PWG,20200317,0.9,1.05,0.9,1,201136
PWH,20200317,2.52,3.04,2.52,2.98,505497
PXS,20200317,0.065,0.068,0.06,0.067,328763
PXX,20200317,0.02,0.02,0.016,0.016,676861
PYC,20200317,0.044,0.051,0.043,0.051,1855509
PYG,20200317,0.575,0.58,0.575,0.58,4255
QAG,20200317,4.98,4.98,4.98,4.98,104
QAN,20200317,3.05,3.21,2.83,2.86,36630332
QAU,20200317,15.02,15.14,14.77,14.93,615590
QBE,20200317,9.44,9.79,8.85,9.55,10510794
QCB,20200317,6.3,6.3,6.19,6.28,1565
QEM,20200317,0.07,0.07,0.07,0.07,71691
QFE,20200317,0.195,0.2,0.19,0.2,120868
QFN,20200317,7.67,8.21,7.66,8.21,8005
QFY,20200317,0.002,0.002,0.001,0.002,5250395
QHL,20200317,0.078,0.082,0.075,0.08,5342497
QIP,20200317,1.1,1.15,1.1,1.15,262452
QOZ,20200317,9.88,10.72,9.88,10.72,55630
QRE,20200317,4.58,4.75,4.58,4.75,11067
QRI,20200317,1.2,1.3,1.1,1.3,301042
QUB,20200317,2.05,2.24,2.03,2.2,11839230
QUS,20200317,31.26,32,31.2,31.88,7043
QVE,20200317,0.72,0.805,0.675,0.715,542651
RAC,20200317,0.25,0.265,0.235,0.265,826133
RAG,20200317,0.004,0.004,0.004,0.004,350000
RAN,20200317,0.01,0.01,0.01,0.01,15360
RAP,20200317,0.077,0.083,0.076,0.083,3548594
RBL,20200317,0.595,0.61,0.55,0.565,1394763
RCB,20200317,18.6,20.21,18.6,20.21,56736
RCE,20200317,0.26,0.305,0.255,0.285,624996
RCL,20200317,0.25,0.26,0.23,0.26,283469
RCT,20200317,1.78,1.895,1.695,1.895,84354
RDC,20200317,0.74,0.75,0.64,0.66,1558599
RDF,20200317,0.45,0.45,0.42,0.42,17460
RDH,20200317,0.85,0.85,0.85,0.85,1960
RDM,20200317,0.048,0.055,0.048,0.055,143613
RDN,20200317,0.005,0.006,0.005,0.005,200000
RDS,20200317,0.005,0.005,0.005,0.005,1000000
RDV,20200317,21,21.71,20.7,21.56,9676
RDY,20200317,1.1,1.2,1.1,1.2,56063
REA,20200317,77,83.06,76.25,82.39,590021
RED,20200317,0.2,0.235,0.2,0.22,17168896
REE,20200317,0.014,0.016,0.013,0.016,867029
REG,20200317,0.98,1.015,0.84,0.9,4337126
REH,20200317,9.54,10.21,9.25,10,803028
RES,20200317,0.049,0.049,0.048,0.048,168500
REZ,20200317,0.009,0.009,0.009,0.009,17100
RF1,20200317,1.8,1.85,1.7,1.72,139302
RFF,20200317,1.66,1.76,1.645,1.705,1068757
RFG,20200317,0.055,0.056,0.052,0.053,34640119
RFN,20200317,0.002,0.002,0.002,0.002,1224
RFT,20200317,0.029,0.03,0.029,0.03,1148795
RFX,20200317,0.028,0.031,0.026,0.031,1184352
RGB,20200317,23.24,23.25,22.34,22.34,2257
RGS,20200317,0.049,0.075,0.049,0.07,228094
RHC,20200317,56.51,60.08,55.69,59.57,1003187
RHP,20200317,1.7,1.7,1.475,1.525,645189
RHT,20200317,0.1,0.105,0.1,0.1,630028
RHY,20200317,0.055,0.058,0.053,0.058,108608
RIC,20200317,0.8,0.85,0.795,0.82,378336
RIM,20200317,0.003,0.003,0.003,0.003,111683
RIO,20200317,80.98,86,79.67,83,4013325
RKN,20200317,0.545,0.57,0.54,0.54,65556
RLC,20200317,0.002,0.002,0.002,0.002,1437902
RLE,20200317,0.012,0.012,0.012,0.012,344853
RLG,20200317,0.019,0.019,0.019,0.019,72500
RLT,20200317,1.1,1.11,1.1,1.1,4500
RMC,20200317,0.65,0.72,0.6,0.67,431308
RMD,20200317,22.64,23.39,22.49,23.22,3792115
RML,20200317,0.047,0.047,0.043,0.045,1907947
RMP,20200317,0.008,0.008,0.008,0.008,1308935
RMS,20200317,0.825,0.91,0.82,0.875,14182329
RMX,20200317,0.002,0.003,0.002,0.003,5210834
RMY,20200317,0.29,0.305,0.27,0.3,435781
RND,20200317,1.6,1.6,1.5,1.5,3430
RNE,20200317,0.019,0.019,0.019,0.019,4010
RNO,20200317,0.11,0.11,0.1,0.1,10287
RNT,20200317,0.04,0.04,0.035,0.035,1120859
RNU,20200317,0.007,0.007,0.007,0.007,800000
RNX,20200317,0.002,0.002,0.002,0.002,2000000
ROG,20200317,0.001,0.001,0.001,0.001,4000072
ROO,20200317,0.016,0.016,0.014,0.016,1132488
RRL,20200317,3.12,3.46,3.1,3.45,11475774
RSG,20200317,0.645,0.735,0.645,0.735,27022301
RSM,20200317,20.36,20.39,20.36,20.39,102
RTE,20200317,0.39,0.395,0.39,0.395,27196
RTR,20200317,0.051,0.053,0.049,0.05,1086580
RUL,20200317,0.78,0.85,0.78,0.8,670826
RVR,20200317,0.05,0.053,0.05,0.05,727411
RWC,20200317,2.09,2.36,2.02,2.3,10388651
RWD,20200317,0.085,0.085,0.084,0.084,13157
RXL,20200317,0.017,0.018,0.017,0.017,3375662
RXM,20200317,0.048,0.048,0.045,0.045,108821
RXP,20200317,0.27,0.27,0.25,0.26,283146
RYD,20200317,1.315,1.315,1.25,1.25,107361
RZI,20200317,0.47,0.52,0.45,0.48,56041
S2R,20200317,0.07,0.07,0.066,0.066,247111
S32,20200317,1.84,1.99,1.835,1.965,42787340
S66,20200317,0.475,0.475,0.47,0.47,32426
SAR,20200317,3.1,3.48,3.1,3.42,21475094
SAU,20200317,0.13,0.135,0.13,0.135,87000
SBM,20200317,1.71,1.955,1.71,1.955,15311127
SBR,20200317,0.001,0.001,0.001,0.001,1430000
SCG,20200317,2.27,2.32,2.08,2.15,57618827
SCI,20200317,0.007,0.007,0.007,0.007,139690
SCL,20200317,0.011,0.011,0.011,0.011,557000
SCP,20200317,2.46,2.54,2.365,2.42,11238165
SCU,20200317,0.01,0.01,0.01,0.01,185000
SDF,20200317,3.09,3.39,2.97,3.39,7261877
SDG,20200317,1.34,1.34,1.2,1.34,174861
SDI,20200317,0.76,0.765,0.7,0.765,166505
SDV,20200317,0.4,0.465,0.395,0.395,474035
SDX,20200317,0.026,0.026,0.025,0.025,516000
SE1,20200317,0.007,0.008,0.007,0.008,1108234
SEC,20200317,1.2,1.28,1.105,1.18,116954
SEI,20200317,0.028,0.03,0.028,0.03,553362
SEK,20200317,15.24,15.98,14.56,15.87,3734528
SEN,20200317,0.044,0.044,0.04,0.04,471605
SEQ,20200317,0.16,0.16,0.14,0.16,42955
SER,20200317,0.004,0.004,0.004,0.004,2146693
SES,20200317,0.057,0.06,0.057,0.06,39376
SFC,20200317,12.8,13.2,12.8,13.19,2369
SFG,20200317,0.04,0.044,0.039,0.044,1591452
SFR,20200317,3.2,3.63,3.19,3.63,2585242
SFX,20200317,0.08,0.085,0.072,0.078,3355044
SFY,20200317,46.23,49.95,46.23,49.95,21636
SGC,20200317,0.016,0.016,0.01,0.011,1707545
SGF,20200317,1.64,1.655,1.475,1.5,306475
SGH,20200317,0.73,0.76,0.725,0.76,10309
SGI,20200317,0.061,0.061,0.06,0.06,309959
SGM,20200317,7.06,7.42,7.06,7.39,2071490
SGP,20200317,3.38,3.47,3.22,3.26,25300459
SGQ,20200317,0.072,0.075,0.071,0.075,1107409
SGR,20200317,2.01,2.09,1.95,2.08,11147919
SHE,20200317,0.004,0.004,0.004,0.004,50000
SHH,20200317,0.002,0.002,0.002,0.002,1760000
SHJ,20200317,0.63,0.75,0.595,0.75,56650
SHL,20200317,26.8,29.68,26.68,29.31,3373162
SHM,20200317,0.52,0.52,0.45,0.45,87451
SHV,20200317,5.31,6.34,5.31,6.17,717917
SI6,20200317,0.002,0.002,0.002,0.002,400000
SIG,20200317,0.505,0.53,0.495,0.53,2373027
SIO,20200317,0.26,0.28,0.26,0.28,33000
SIQ,20200317,5.22,5.77,5.21,5.72,1697531
SIS,20200317,0.009,0.01,0.009,0.01,104500
SKC,20200317,2.26,2.29,2.14,2.18,1880022
SKF,20200317,0.097,0.1,0.079,0.08,1122278
SKI,20200317,1.75,1.83,1.722,1.82,18535130
SKO,20200317,1.7,1.765,1.55,1.645,63161
SKT,20200317,0.3,0.31,0.29,0.3,399065
SKY,20200317,0.16,0.17,0.15,0.16,525056
SLC,20200317,0.55,0.585,0.535,0.57,1467789
SLF,20200317,11.1,11.1,9.95,10.67,215448
SLK,20200317,3.21,3.3,3.09,3.22,389159
SLM,20200317,0.77,0.775,0.76,0.76,26662
SLR,20200317,1.07,1.255,1.07,1.255,22070094
SLX,20200317,0.255,0.26,0.24,0.24,55518
SM1,20200317,4.56,4.71,4.41,4.51,98395
SM8,20200317,0.075,0.081,0.075,0.079,345613
SMD,20200317,0.004,0.004,0.004,0.004,100000
SMI,20200317,0.002,0.003,0.002,0.003,1586666
SMN,20200317,0.395,0.415,0.31,0.41,1060794
SMP,20200317,0.325,0.36,0.3,0.345,1015982
SMR,20200317,0.75,0.84,0.745,0.795,7727178
SMX,20200317,0.275,0.34,0.275,0.34,26500
SNC,20200317,0.6,0.66,0.59,0.66,148380
SNL,20200317,3.61,3.61,3.5,3.61,27240
SNS,20200317,0.069,0.072,0.069,0.069,121666
SNZ,20200317,4.5,4.58,4.41,4.44,9089
SO4,20200317,0.37,0.39,0.34,0.38,265748
SOL,20200317,18.94,21.37,18.51,21.21,1272163
SOM,20200317,2.1,2.1,2,2,2750
SOR,20200317,0.04,0.04,0.04,0.04,84492
SPK,20200317,3.9,4.23,3.81,4.2,3045332
SPL,20200317,0.795,0.84,0.785,0.8,781293
SPT,20200317,0.32,0.325,0.31,0.315,759493
SPX,20200317,0.093,0.105,0.093,0.105,4111747
SPY,20200317,403.67,415,397.97,412.25,1299
SPZ,20200317,0.135,0.135,0.11,0.135,370941
SRG,20200317,0.265,0.265,0.235,0.24,369712
SRI,20200317,0.04,0.04,0.04,0.04,41667
SRK,20200317,0.037,0.037,0.037,0.037,50000
SRV,20200317,3,3.05,2.85,2.85,34755
SRZ,20200317,0.005,0.005,0.005,0.005,350462
SSG,20200317,0.5,0.545,0.5,0.5,642678
SSL,20200317,6,6,6,6,175
SSM,20200317,1.63,1.945,1.535,1.89,7050635
SSO,20200317,11.4,11.4,11.4,11.4,750
ST1,20200317,0.14,0.145,0.14,0.145,27876
STA,20200317,0.075,0.08,0.074,0.08,268202
STG,20200317,0.83,0.83,0.78,0.78,41896
STM,20200317,0.006,0.006,0.005,0.005,3329449
STO,20200317,3.73,3.9,3.52,3.57,20803998
STW,20200317,46,49.8,46,49.54,773900
STX,20200317,0.105,0.115,0.1,0.11,8522716
SUD,20200317,0.043,0.046,0.043,0.046,65311
SUL,20200317,6.39,6.77,6.35,6.51,1849240
SUN,20200317,8.69,9.71,8.65,9.7,9759853
SVA,20200317,0.019,0.021,0.018,0.018,1742209
SVD,20200317,0.005,0.005,0.005,0.005,2000000
SVL,20200317,0.056,0.067,0.056,0.067,6207361
SVM,20200317,0.095,0.098,0.085,0.098,586837
SVW,20200317,11.51,12.57,11.36,12.57,1444130
SVY,20200317,0.375,0.415,0.365,0.415,606877
SW1,20200317,0.04,0.04,0.036,0.036,185000
SWF,20200317,0.125,0.125,0.125,0.125,203610
SWK,20200317,0.13,0.14,0.13,0.14,444032
SWM,20200317,0.12,0.13,0.11,0.12,7861927
SXA,20200317,0.052,0.052,0.052,0.052,10000
SXE,20200317,0.46,0.475,0.445,0.475,193029
SXL,20200317,0.495,0.515,0.415,0.44,8792042
SXY,20200317,0.165,0.18,0.16,0.175,13565930
SYA,20200317,0.007,0.008,0.007,0.007,5172041
SYD,20200317,4.6,4.88,4.44,4.73,30132659
SYI,20200317,20.86,22.35,20.86,22.35,12663
SYR,20200317,0.265,0.285,0.25,0.26,9122792
SZL,20200317,0.68,0.76,0.65,0.71,358603
TAH,20200317,2.89,2.92,2.61,2.67,25340327
TAO,20200317,0.05,0.05,0.05,0.05,14500
TAP,20200317,0.071,0.071,0.067,0.07,470000
TAR,20200317,0.007,0.007,0.007,0.007,489886
TAS,20200317,0.029,0.029,0.028,0.029,168359
TBL,20200317,0.24,0.24,0.24,0.24,5669
TBR,20200317,4.65,4.86,4.56,4.61,34546
TCL,20200317,10.85,11.15,10.26,10.81,22069037
TCN,20200317,0.036,0.036,0.036,0.036,23636
TD1,20200317,0.017,0.019,0.016,0.019,613661
TDL,20200317,0.145,0.3,0.145,0.27,988282
TDY,20200317,0.1,0.105,0.1,0.105,107834
TEG,20200317,0.027,0.027,0.021,0.023,1493423
TEK,20200317,0.19,0.2,0.187,0.2,291045
TER,20200317,0.17,0.19,0.15,0.19,280063
TFL,20200317,0.09,0.09,0.087,0.087,102200
TGA,20200317,0.068,0.07,0.05,0.053,944233
TGF,20200317,0.9,1.08,0.9,1.08,70221
TGG,20200317,1.065,1.065,1.03,1.045,431747
TGH,20200317,0.09,0.09,0.09,0.09,34000
TGM,20200317,0.185,0.195,0.18,0.195,80549
TGO,20200317,0.095,0.095,0.09,0.09,25619
TGP,20200317,0.86,0.86,0.83,0.83,113221
TGR,20200317,3.09,3.31,3.09,3.31,2763328
THC,20200317,0.2,0.22,0.2,0.22,244301
TIA,20200317,0.23,0.23,0.2,0.2,23847
TIE,20200317,0.15,0.195,0.15,0.18,178500
TKL,20200317,0.004,0.004,0.004,0.004,31752
TLG,20200317,0.27,0.305,0.24,0.305,833607
TLM,20200317,0.061,0.065,0.061,0.065,60500
TLS,20200317,3.32,3.57,3.3,3.47,73226856
TLT,20200317,2.75,2.75,2.75,2.75,500
TLX,20200317,1,1.02,0.925,0.99,587852
TMG,20200317,0.044,0.044,0.044,0.044,60000
TMR,20200317,0.135,0.155,0.135,0.15,25706
TMT,20200317,0.06,0.063,0.06,0.063,166899
TNE,20200317,6.75,7.61,6.695,7.52,2902520
TNG,20200317,0.048,0.052,0.046,0.052,1826695
TNK,20200317,0.81,0.815,0.8,0.815,10000
TNR,20200317,0.005,0.007,0.005,0.006,865515
TNT,20200317,0.044,0.049,0.041,0.047,2370846
TNY,20200317,0.8,0.83,0.75,0.75,228072
TOE,20200317,0.005,0.005,0.004,0.005,3094424
TON,20200317,0.017,0.017,0.017,0.017,618783
TOP,20200317,0.44,0.455,0.425,0.44,162961
TOT,20200317,0.885,0.89,0.85,0.89,127822
TOU,20200317,0.041,0.041,0.04,0.04,26982
TPD,20200317,0.001,0.001,0.001,0.001,3000000
TPM,20200317,6.97,7.7,6.91,7.7,3410867
TPS,20200317,0.047,0.047,0.047,0.047,12894
TPW,20200317,1.915,2.23,1.915,2.22,2305236
TRA,20200317,2.1,2.1,2.1,2.1,1000
TRM,20200317,0.006,0.006,0.005,0.005,816518
TRS,20200317,2.51,2.8,2.51,2.75,209300
TRT,20200317,0.011,0.011,0.008,0.008,58000
TRY,20200317,0.06,0.063,0.058,0.063,599841
TSC,20200317,0.004,0.004,0.004,0.004,3472276
TSL,20200317,0.045,0.045,0.045,0.045,12000
TSO,20200317,0.033,0.035,0.033,0.034,6156085
TTB,20200317,0.305,0.365,0.275,0.365,249430
TTI,20200317,0.012,0.012,0.012,0.012,2072
TTM,20200317,0.048,0.048,0.038,0.038,753337
TTT,20200317,0.58,0.62,0.54,0.62,538128
TWD,20200317,2.51,2.67,2.51,2.67,10729
TWE,20200317,8.5,9.325,8.4,8.92,13919281
TYR,20200317,1.7,1.725,1.51,1.565,5808296
TZL,20200317,0.06,0.06,0.06,0.06,6287
TZN,20200317,0.024,0.024,0.024,0.024,2000
UBA,20200317,16.93,17.8,16.93,17.8,3383
UBE,20200317,18.35,18.79,17.48,18.79,17661
UBI,20200317,0.15,0.16,0.15,0.15,169268
UBJ,20200317,22.97,23,22.82,22.82,1025
UBN,20200317,0.046,0.046,0.045,0.045,4058967
UBP,20200317,26.48,27.3,26.2,27.3,2918
UBU,20200317,28.32,29.2,28.32,29.2,2148
UBW,20200317,23.12,25.83,23.12,25.67,10435
UCM,20200317,0.23,0.26,0.23,0.26,460243
UNL,20200317,0.025,0.025,0.025,0.025,8000
UNV,20200317,0.145,0.165,0.145,0.16,211958
UOS,20200317,0.67,0.68,0.66,0.68,163210
URF,20200317,0.315,0.365,0.27,0.36,331422
URW,20200317,5.02,5.29,4.13,4.6,8374070
USD,20200317,15.88,15.96,15.83,15.89,200837
UWL,20200317,0.87,0.92,0.845,0.885,1503897
VAE,20200317,59.8,63.54,59.8,63.54,11674
VAF,20200317,51.95,52.2,51.88,51.88,95745
VAH,20200317,0.07,0.072,0.059,0.063,7196783
VAN,20200317,0.092,0.095,0.09,0.09,203087
VAP,20200317,70.87,70.87,65.5,67.83,73725
VAS,20200317,64,67.98,63,67.71,631235
VBS,20200317,0.585,0.585,0.585,0.585,63140
VCF,20200317,48.5,49.25,47.98,48,17766
VCX,20200317,1.485,1.54,1.455,1.46,33401246
VEA,20200317,1.3,1.49,1.3,1.47,13816377
VEE,20200317,0.43,0.465,0.43,0.465,30191
VEN,20200317,0.07,0.07,0.07,0.07,68219
VEQ,20200317,46.11,47.3,45.53,47.25,17279
VEU,20200317,62.4,63.99,61.25,63.92,147779
VG1,20200317,2.01,2.05,2,2,642357
VG8,20200317,2.21,2.22,2.14,2.18,187199
VGB,20200317,52.02,53.5,52.02,53.33,17641
VGE,20200317,59.89,61.6,58.01,60.9,20122
VGI,20200317,8.91,9.04,8.58,9,46147
VGL,20200317,1.5,1.55,1.43,1.55,10197
VGS,20200317,68.31,70.53,68,70.49,121277
VHT,20200317,1.1,1.16,1.07,1.15,633762
VHY,20200317,45,47,43.5,46.96,263387
VIC,20200317,0.001,0.001,0.001,0.001,500000
VIF,20200317,50,51,49.96,50.32,70919
VLC,20200317,53.9,56.45,51.99,56.45,4217
VLS,20200317,0.65,0.65,0.65,0.65,3076
VLT,20200317,0.15,0.16,0.135,0.16,61916
VMG,20200317,0.001,0.001,0.001,0.001,625025
VML,20200317,0.007,0.007,0.007,0.007,3558977
VMS,20200317,0.008,0.01,0.008,0.009,1553136
VMT,20200317,0.14,0.15,0.135,0.145,878363
VMX,20200317,0.205,0.205,0.205,0.205,100
VMY,20200317,0.025,0.026,0.024,0.024,1810748
VN8,20200317,0.085,0.085,0.085,0.085,11680
VOC,20200317,2.45,2.55,2.28,2.54,7613897
VOL,20200317,0.735,1,0.72,1,17791
VOR,20200317,0.004,0.004,0.004,0.004,5925000
VPR,20200317,0.001,0.001,0.001,0.001,70000
VRC,20200317,0.005,0.006,0.005,0.006,2023813
VRL,20200317,1.7,1.76,1.53,1.725,331738
VRS,20200317,0.027,0.027,0.027,0.027,94614
VRT,20200317,3.1,3.19,3,3.08,210476
VRX,20200317,0.07,0.072,0.068,0.072,306500
VSO,20200317,41,44,41,44,27052
VTG,20200317,1.01,1.025,0.97,0.995,601142
VTH,20200317,0.68,0.68,0.665,0.675,108188
VTS,20200317,195.8,205.99,195.01,205,55832
VUK,20200317,1.78,1.955,1.68,1.9,9901442
VUL,20200317,0.22,0.22,0.19,0.19,436334
VVA,20200317,1.005,1.015,0.92,0.94,88598
VVR,20200317,2.21,2.3,2.145,2.26,7518813
VXR,20200317,0.07,0.07,0.062,0.065,139049
WAA,20200317,0.9,0.9,0.85,0.885,108517
WAF,20200317,0.43,0.5,0.43,0.495,7236115
WAM,20200317,1.85,1.895,1.815,1.895,1733118
WAX,20200317,1.2,1.265,1.185,1.21,275967
WBC,20200317,16,17.49,16,17.25,24947262
WBE,20200317,0.003,0.004,0.003,0.003,2507900
WBT,20200317,0.3,0.3,0.285,0.29,49618
WCN,20200317,0.003,0.003,0.003,0.003,620000
WEB,20200317,4.29,4.38,3.86,4.35,8900876
WEL,20200317,0.015,0.019,0.015,0.019,855214
WES,20200317,35,38.17,35,37.96,6216715
WGB,20200317,1.72,1.77,1.7,1.77,300677
WGN,20200317,0.91,0.91,0.8,0.81,477395
WGO,20200317,0.095,0.11,0.095,0.1,1600239
WGX,20200317,1.5,1.6,1.45,1.53,6195652
WHC,20200317,1.42,1.595,1.375,1.58,10185338
WHF,20200317,3.99,4.24,3.99,4.19,34336
WHK,20200317,0.035,0.037,0.035,0.037,339531
WIC,20200317,0.775,0.78,0.75,0.78,29103
WKT,20200317,0.12,0.16,0.12,0.155,882813
WLD,20200317,0.039,0.042,0.039,0.039,279328
WLE,20200317,0.96,1.06,0.955,1,1064952
WMI,20200317,1.06,1.11,1.05,1.1,308446
WML,20200317,0.012,0.014,0.012,0.014,225352
WNB,20200317,0.003,0.003,0.002,0.002,6769994
WND,20200317,0.895,0.9,0.87,0.9,53171
WOA,20200317,0.1,0.1,0.1,0.1,7285
WOR,20200317,8.07,8.1,6.96,7.19,4762020
WOW,20200317,35.52,41,35.52,39.85,10749362
WPL,20200317,18.1,19.1,17.5,18.9,8440934
WPP,20200317,0.48,0.485,0.46,0.48,1262797
WQG,20200317,1,1.03,0.94,1,152886
WRM,20200317,0.003,0.003,0.003,0.003,1280000
WSA,20200317,1.815,2.11,1.815,2.1,6251118
WSI,20200317,0.011,0.013,0.011,0.013,581082
WSP,20200317,0.9,1.02,0.89,1,1210785
WTC,20200317,13.5,13.57,12.3,12.67,3506376
WWI,20200317,0.008,0.008,0.008,0.008,465688
WZR,20200317,0.071,0.105,0.071,0.1,64072172
XCD,20200317,0.005,0.006,0.005,0.006,2228299
XF1,20200317,0.165,0.2,0.165,0.2,44166
XPL,20200317,0.06,0.06,0.06,0.06,1141621
XRF,20200317,0.175,0.175,0.16,0.17,292661
XRO,20200317,65,74.79,64.72,73.85,1903996
XTE,20200317,0.48,0.485,0.48,0.48,27556
YAL,20200317,2.06,2.2,2.06,2.18,10298
YBR,20200317,0.061,0.061,0.061,0.061,50000
YOJ,20200317,0.016,0.022,0.016,0.02,2205704
YOW,20200317,0.031,0.035,0.031,0.035,69000
YPB,20200317,0.001,0.001,0.001,0.001,600000
YRL,20200317,0.175,0.18,0.15,0.17,39416
Z1P,20200317,1.345,1.62,1.345,1.605,17374496
ZEL,20200317,3.05,3.6,3,3.53,94850
ZEN,20200317,0.88,0.89,0.875,0.89,405014
ZGL,20200317,0.05,0.05,0.05,0.05,5154
ZIM,20200317,7.3,7.3,7.3,7.3,1983
ZLD,20200317,0.03,0.032,0.026,0.031,942755
ZMI,20200317,0.03,0.045,0.03,0.045,60084
ZNO,20200317,1.33,1.58,1.31,1.54,5589537
XAF,20200317,4982.4,5310.3,4982.4,5293,0
XAO,20200317,5058.2,5340.6,5050.1,5332.8,0
XAT,20200317,4953.2,5256.8,4948.9,5246.5,0
XDJ,20200317,1990.3,2054.7,1943.7,2024.6,0
XEC,20200317,940.5,946,915.5,946,0
XEJ,20200317,6239.2,6418.1,5969.7,6266,0
XFJ,20200317,4196.5,4600,4188.2,4582.5,0
XFL,20200317,5007.6,5337.2,5007.6,5319.3,0
XGD,20200317,5140.9,5782.3,5140.2,5778.2,0
XHJ,20200317,39302.1,41381.5,38904,41330.6,0
XIJ,20200317,978,1024,954.2,1023.5,0
XJO,20200317,5002,5303.7,4997.3,5293.4,0
XJR,20200317,3252.9,3553.9,3252.9,3526.2,0
XKO,20200317,4958.7,5251.3,4952.7,5241.6,0
XMD,20200317,5177.4,5348.3,5101.7,5330.3,0
XMJ,20200317,9695.3,10627.2,9695.3,10569.2,0
XMM,20200317,3163,3515.4,3163,3493.9,0
XNJ,20200317,4640.2,4769.1,4477.9,4714.9,0
XPJ,20200317,1216.4,1217.4,1163,1187.6,0
XSJ,20200317,11607.9,12676.6,11599.2,12568.5,0
XSO,20200317,2074.5,2181,2064.7,2181,0
XTJ,20200317,1124.4,1178.5,1109.6,1161.7,0
XTL,20200317,2820,3039,2820,3026.6,0
XTO,20200317,4153.9,4405.7,4150.5,4393.6,0
XUJ,20200317,6362.6,6756.1,6198.8,6723.3,0
XXJ,20200317,4680.5,5130.6,4671.2,5111,0
