360,20200424,1.8,1.805,1.75,1.755,164953
14D,20200424,0.12,0.12,0.12,0.12,104600
1AD,20200424,0.058,0.058,0.05,0.053,761333
1ST,20200424,0.033,0.036,0.033,0.035,1487403
3DA,20200424,0.14,0.14,0.13,0.13,216324
3DP,20200424,0.036,0.036,0.036,0.036,88111
3PL,20200424,0.79,0.79,0.78,0.785,36316
4DS,20200424,0.039,0.039,0.036,0.039,1540449
5GN,20200424,0.89,0.905,0.86,0.89,466105
88E,20200424,0.005,0.005,0.005,0.005,15044448
8CO,20200424,0.06,0.063,0.059,0.06,208220
9SP,20200424,0.014,0.015,0.014,0.014,2701891
A1G,20200424,0.115,0.115,0.099,0.099,160602
A1M,20200424,0.27,0.29,0.265,0.27,82639
A2B,20200424,0.655,0.655,0.61,0.61,81948
A2M,20200424,18.57,18.83,18.5,18.65,6512130
A4N,20200424,0.132,0.17,0.132,0.16,829485
AAA,20200424,50.095,50.1,50.09,50.09,116183
AAC,20200424,1.1,1.11,1.08,1.085,124645
AAR,20200424,0.14,0.15,0.14,0.15,630442
ABA,20200424,4.47,4.5,4.31,4.5,21368
ABC,20200424,2.3,2.38,2.26,2.35,1704118
ABP,20200424,2.39,2.48,2.35,2.43,1992951
ABR,20200424,0.4,0.4,0.37,0.37,603156
ABT,20200424,0.021,0.021,0.021,0.021,5000
ABV,20200424,0.025,0.025,0.025,0.025,121184
ABX,20200424,0.081,0.081,0.081,0.081,20000
AC8,20200424,0.19,0.195,0.185,0.19,135242
ACB,20200424,0.013,0.014,0.012,0.014,1747843
ACF,20200424,0.24,0.24,0.24,0.24,42027
ACQ,20200424,0.85,0.87,0.845,0.845,146208
ACU,20200424,0.063,0.063,0.061,0.061,20645
ACW,20200424,0.02,0.021,0.02,0.021,87762
AD8,20200424,4.9,4.9,4.54,4.58,344243
ADA,20200424,0.41,0.41,0.405,0.405,5550
ADD,20200424,0.019,0.019,0.019,0.019,18501
ADH,20200424,1.17,1.265,1.137,1.25,1004323
ADI,20200424,2.07,2.09,2.045,2.05,92954
ADN,20200424,0.04,0.041,0.039,0.04,3943669
ADO,20200424,0.025,0.025,0.024,0.024,217369
ADR,20200424,0.03,0.033,0.03,0.031,282647
ADT,20200424,1.2,1.2,1.18,1.2,66146
ADV,20200424,0.004,0.004,0.004,0.004,1045011
ADX,20200424,0.006,0.006,0.006,0.006,446674
ADY,20200424,0.005,0.005,0.005,0.005,139000
AEE,20200424,0.003,0.004,0.003,0.004,22349974
AEF,20200424,3.73,3.73,3.54,3.6,71761
AEG,20200424,1.12,1.12,1.11,1.12,39899
AEI,20200424,0.595,0.595,0.572,0.572,83427
AEV,20200424,0.008,0.008,0.008,0.008,48000
AFG,20200424,1.43,1.46,1.387,1.4,195820
AFI,20200424,5.75,5.77,5.73,5.73,275367
AGD,20200424,0.17,0.17,0.16,0.165,79760
AGE,20200424,0.003,0.004,0.003,0.003,27786348
AGG,20200424,8.12,8.5,8.12,8.48,26140
AGH,20200424,0.345,0.35,0.335,0.34,185190
AGI,20200424,0.415,0.46,0.41,0.41,185438
AGJ,20200424,0.022,0.022,0.021,0.022,441286
AGL,20200424,17.01,17.29,16.88,17.1,2190349
AGM,20200424,1.5,1.5,1.5,1.5,61984
AGY,20200424,0.039,0.039,0.039,0.039,533149
AHF,20200424,0.081,0.088,0.081,0.088,148093
AHQ,20200424,0.071,0.072,0.07,0.071,398198
AHX,20200424,0.42,0.43,0.42,0.42,77099
AHY,20200424,0.96,0.99,0.96,0.98,65610
AHZ,20200424,6.25,6.5,6.25,6.5,144
AIA,20200424,5.41,5.44,5.31,5.4,476905
AIR,20200424,0.76,0.76,0.76,0.76,450
AIS,20200424,0.043,0.043,0.043,0.043,122294
AIZ,20200424,1.16,1.195,1.125,1.19,3828249
AJL,20200424,0.055,0.056,0.051,0.056,14701
AJM,20200424,0.048,0.05,0.045,0.05,3369237
AJQ,20200424,0.039,0.039,0.039,0.039,180000
AJX,20200424,0.05,0.053,0.05,0.053,75665
AKM,20200424,0.075,0.075,0.07,0.07,30000
AKP,20200424,14,14.49,13.7,13.7,4698
AL3,20200424,0.16,0.19,0.16,0.17,5174412
ALC,20200424,0.155,0.155,0.145,0.15,390362
ALF,20200424,0.85,0.855,0.85,0.855,35600
ALG,20200424,0.29,0.29,0.27,0.29,1700589
ALI,20200424,2.04,2.08,2.04,2.06,66674
ALK,20200424,0.705,0.755,0.705,0.745,3738108
ALL,20200424,21.51,22.03,21.47,21.66,1879619
ALQ,20200424,5.9,6.25,5.89,6.11,1389137
ALT,20200424,0.003,0.003,0.003,0.003,1868868
ALU,20200424,30.6,31.45,30.3,31.3,767562
ALX,20200424,5.65,5.79,5.49,5.54,2650184
ALY,20200424,0.011,0.012,0.011,0.012,784166
AMA,20200424,0.385,0.395,0.36,0.38,2766640
AMC,20200424,12.72,13.06,12.72,12.93,3760871
AMD,20200424,0.005,0.005,0.005,0.005,82971
AME,20200424,0.065,0.065,0.064,0.064,1442250
AMG,20200424,0.042,0.043,0.04,0.043,213668
AMH,20200424,0.805,0.805,0.8,0.8,55839
AMI,20200424,0.345,0.345,0.325,0.33,2748919
AML,20200424,0.061,0.076,0.06,0.068,591157
AMN,20200424,0.38,0.38,0.35,0.35,95959
AMP,20200424,1.28,1.32,1.275,1.3,8815659
AMS,20200424,0.525,0.555,0.515,0.53,196176
AMX,20200424,1.26,1.54,1.26,1.465,173767
ANA,20200424,0.006,0.006,0.006,0.006,656922
ANG,20200424,0.145,0.145,0.125,0.125,85106
ANL,20200424,0.002,0.002,0.001,0.001,2161875
ANN,20200424,28.28,28.83,27.7,28.71,523705
ANO,20200424,4.3,4.68,4.3,4.32,33925
ANP,20200424,0.049,0.05,0.048,0.049,2209126
ANR,20200424,0.175,0.175,0.175,0.175,14214
ANW,20200424,0.001,0.001,0.001,0.001,19052272
ANZ,20200424,15.89,16.27,15.85,16.02,7846723
AO1,20200424,0.012,0.012,0.011,0.012,1094000
AOF,20200424,2,2.02,1.98,2,37380
AON,20200424,0.017,0.017,0.017,0.017,75000
AOP,20200424,0.225,0.225,0.215,0.215,77452
AOU,20200424,0.058,0.058,0.058,0.058,8750
APA,20200424,10.89,11.08,10.87,11,2430984
APC,20200424,0.076,0.079,0.076,0.079,49500
APE,20200424,3.55,3.62,3.52,3.53,667937
APH,20200424,0.12,0.12,0.115,0.115,465184
API,20200424,1.03,1.06,1.02,1.055,3397425
APL,20200424,0.915,0.915,0.905,0.91,880435
APT,20200424,27,27.58,26.85,27.01,2364336
APX,20200424,23.01,23.4,22.66,22.8,632658
APZ,20200424,0.99,1.01,0.99,1,9472
AQD,20200424,0.013,0.014,0.013,0.014,961107
AQG,20200424,7.92,8.01,7.81,7.9,802443
AQI,20200424,0.063,0.065,0.057,0.065,572000
AQR,20200424,3.05,3.1,3.03,3.05,74834
AQX,20200424,0.02,0.02,0.019,0.019,964699
AQZ,20200424,2,2.05,1.96,2,177318
AR9,20200424,0.08,0.08,0.08,0.08,12935
ARB,20200424,13.6,13.91,13.39,13.49,138484
ARD,20200424,0.015,0.015,0.014,0.015,3033912
ARE,20200424,0.004,0.004,0.004,0.004,408750
ARF,20200424,2.23,2.23,2.13,2.2,229047
ARG,20200424,6.97,7.1,6.97,7.04,137213
ARL,20200424,0.25,0.25,0.245,0.25,101286
ARM,20200424,0.013,0.013,0.013,0.013,1216262
ARN,20200424,0.125,0.13,0.125,0.125,30000
ARO,20200424,0.003,0.003,0.003,0.003,958100
ARQ,20200424,0.11,0.11,0.098,0.11,356275
ARS,20200424,0.023,0.026,0.023,0.025,18668369
ARU,20200424,0.065,0.067,0.064,0.067,779182
ARV,20200424,0.031,0.036,0.03,0.036,12565708
ASB,20200424,2.94,3.01,2.92,2.93,671127
ASG,20200424,0.705,0.74,0.705,0.73,8342
AST,20200424,1.82,1.88,1.81,1.875,9875432
ASX,20200424,81.18,82.57,81.11,81.49,483533
AT1,20200424,0.42,0.43,0.385,0.4,7562471
ATC,20200424,0.049,0.05,0.047,0.047,34703
ATL,20200424,0.2,0.21,0.2,0.21,124399
ATS,20200424,0.029,0.029,0.028,0.028,2418925
ATU,20200424,0.265,0.265,0.245,0.245,103357
ATX,20200424,0.079,0.079,0.078,0.078,112286
AU8,20200424,0.058,0.058,0.058,0.058,11557
AUB,20200424,10.6,11.47,10.59,10.95,239800
AUC,20200424,0.014,0.014,0.013,0.013,1194667
AUI,20200424,7.38,7.41,7.32,7.32,14544
AUL,20200424,0.215,0.24,0.215,0.24,5441
AUT,20200424,0.035,0.039,0.035,0.039,10735078
AUZ,20200424,0.01,0.01,0.009,0.009,3255875
AV1,20200424,0.087,0.097,0.087,0.097,252756
AVA,20200424,0.11,0.11,0.11,0.11,58810
AVE,20200424,0.007,0.007,0.006,0.006,3645643
AVG,20200424,0.43,0.432,0.43,0.43,33558
AVH,20200424,0.44,0.445,0.415,0.42,18200189
AVJ,20200424,0.35,0.36,0.34,0.36,97354
AVL,20200424,0.009,0.009,0.009,0.009,1200195
AVN,20200424,1.535,1.56,1.482,1.505,739518
AVZ,20200424,0.06,0.06,0.058,0.059,4048571
AWC,20200424,1.485,1.52,1.48,1.5,14063343
AWV,20200424,0.008,0.008,0.008,0.008,178386
AX1,20200424,0.93,0.95,0.89,0.9,1676233
AXE,20200424,0.175,0.18,0.165,0.165,284845
AYS,20200424,0.32,0.325,0.31,0.32,34931
AZI,20200424,0.004,0.004,0.004,0.004,10164286
AZJ,20200424,4.45,4.565,4.42,4.5,12703486
AZS,20200424,0.077,0.077,0.075,0.075,5050
AZV,20200424,0.067,0.067,0.067,0.067,25000
AZY,20200424,0.017,0.017,0.016,0.017,17073433
BAF,20200424,0.71,0.71,0.7,0.7,153449
BAP,20200424,4.64,4.76,4.6,4.66,1401156
BAR,20200424,0.013,0.014,0.012,0.012,950000
BAS,20200424,0.002,0.002,0.001,0.001,1992525
BAT,20200424,0.006,0.007,0.006,0.006,142470
BBC,20200424,0.415,0.415,0.415,0.415,3000
BBN,20200424,2.53,2.61,2.43,2.54,1441787
BBX,20200424,0.115,0.115,0.11,0.11,41328
BC8,20200424,0.385,0.39,0.38,0.38,50927
BCB,20200424,0.05,0.05,0.05,0.05,10000
BCI,20200424,0.14,0.14,0.135,0.135,950572
BCK,20200424,0.018,0.018,0.018,0.018,166662
BCN,20200424,0.036,0.037,0.036,0.037,3135740
BCT,20200424,0.064,0.065,0.064,0.065,302996
BD1,20200424,0.024,0.024,0.023,0.023,879833
BDA,20200424,0.24,0.25,0.24,0.24,171937
BDC,20200424,0.072,0.075,0.069,0.074,4140707
BEL,20200424,0.026,0.026,0.026,0.026,21787
BEN,20200424,5.79,5.96,5.75,5.8,3868792
BET,20200424,0.21,0.21,0.2,0.21,534617
BFC,20200424,0.072,0.072,0.066,0.072,357498
BFG,20200424,0.96,0.98,0.955,0.96,264696
BGA,20200424,4.71,4.81,4.65,4.71,1478324
BGL,20200424,0.565,0.635,0.565,0.61,5319002
BGP,20200424,3.5,3.5,3.5,3.5,40
BGT,20200424,0.205,0.21,0.18,0.18,398161
BHP,20200424,30.12,30.58,30,30.54,9304143
BID,20200424,0.71,0.78,0.71,0.77,121135
BIN,20200424,1.98,2.06,1.935,2.02,2095731
BIQ,20200424,0.003,0.003,0.003,0.003,6228458
BIS,20200424,0.875,0.92,0.875,0.9,26819
BIT,20200424,0.093,0.093,0.089,0.089,2136959
BKI,20200424,1.34,1.34,1.32,1.33,188906
BKL,20200424,70.5,72.29,70.26,71.14,102432
BKT,20200424,0.029,0.029,0.029,0.029,415000
BKW,20200424,12.12,12.34,12.03,12.29,419271
BKY,20200424,0.2,0.2,0.195,0.195,185351
BLD,20200424,2.53,2.55,2.43,2.45,8579777
BLG,20200424,0.025,0.026,0.023,0.023,2042379
BLK,20200424,0.011,0.011,0.01,0.011,38826614
BLU,20200424,0.017,0.017,0.016,0.017,1985303
BLX,20200424,0.67,0.71,0.67,0.7,56935
BLY,20200424,0.66,0.66,0.64,0.64,23776
BLZ,20200424,0.009,0.009,0.008,0.008,147339
BMG,20200424,0.002,0.002,0.001,0.001,1500000
BMN,20200424,0.042,0.042,0.041,0.042,1023386
BNO,20200424,0.047,0.047,0.044,0.044,790663
BNR,20200424,0.047,0.047,0.047,0.047,42554
BOC,20200424,0.255,0.255,0.255,0.255,3500
BOE,20200424,0.059,0.064,0.058,0.062,6037001
BOL,20200424,0.087,0.087,0.086,0.086,40155
BOQ,20200424,4.66,4.75,4.66,4.7,2016612
BOT,20200424,0.052,0.065,0.047,0.055,85042449
BPL,20200424,0.013,0.013,0.013,0.013,30000
BPT,20200424,1.325,1.38,1.32,1.365,7719208
BRB,20200424,0.195,0.21,0.19,0.205,619450
BRG,20200424,16.34,16.78,16.34,16.44,151349
BRI,20200424,1.24,1.24,1.24,1.24,390
BRK,20200424,0.004,0.004,0.004,0.004,135762
BRL,20200424,0.071,0.071,0.053,0.056,4346614
BRN,20200424,0.05,0.052,0.049,0.052,10109956
BRU,20200424,0.082,0.083,0.081,0.081,156250
BRV,20200424,0.024,0.025,0.024,0.025,829423
BSA,20200424,0.31,0.31,0.31,0.31,3902
BSE,20200424,0.145,0.145,0.145,0.145,53837
BSL,20200424,9.62,9.8,9.5,9.68,2167159
BSX,20200424,0.155,0.17,0.155,0.165,1696659
BTC,20200424,0.07,0.07,0.07,0.07,3000
BTH,20200424,0.575,0.595,0.565,0.565,1200735
BTI,20200424,0.675,0.68,0.67,0.675,36124
BUB,20200424,0.865,0.88,0.86,0.87,2976603
BUD,20200424,0.01,0.01,0.01,0.01,2745000
BUX,20200424,0.06,0.066,0.06,0.066,88458
BUY,20200424,0.007,0.01,0.007,0.007,6643303
BVS,20200424,4.2,4.325,4.2,4.2,1236378
BWF,20200424,0.32,0.32,0.295,0.295,731354
BWP,20200424,3.31,3.38,3.31,3.33,843222
BWR,20200424,1.195,1.2,1.18,1.18,17634
BWX,20200424,3.42,3.51,3.32,3.32,127577
BXB,20200424,11.14,11.16,10.71,10.79,4858850
BYE,20200424,0.125,0.14,0.125,0.14,315839
BYH,20200424,0.035,0.035,0.035,0.035,7095
C6C,20200424,0.47,0.48,0.465,0.48,16987
CAA,20200424,0.096,0.096,0.096,0.096,4250
CAF,20200424,0.083,0.083,0.083,0.083,4881
CAG,20200424,0.55,0.55,0.52,0.525,45261
CAI,20200424,0.295,0.295,0.26,0.29,353875
CAJ,20200424,0.185,0.19,0.185,0.185,1391722
CAM,20200424,0.75,0.75,0.73,0.75,52796
CAN,20200424,0.875,0.885,0.86,0.88,191819
CAP,20200424,0.025,0.025,0.025,0.025,71078
CAR,20200424,13.27,13.55,12.95,13,1652372
CAT,20200424,0.93,0.98,0.93,0.95,476694
CAU,20200424,0.09,0.09,0.09,0.09,88451
CAV,20200424,0.002,0.002,0.002,0.002,163544
CAY,20200424,0.097,0.098,0.091,0.095,486147
CBA,20200424,58.55,59.55,58.49,58.88,4408844
CBR,20200424,1.65,1.71,1.58,1.6,713856
CCA,20200424,0.059,0.06,0.058,0.058,175400
CCE,20200424,0.001,0.001,0.001,0.001,5719700
CCG,20200424,0.054,0.055,0.054,0.055,250000
CCL,20200424,8.18,8.26,8.16,8.2,2761693
CCP,20200424,13.82,14.03,13.43,13.52,611609
CCV,20200424,0.14,0.145,0.14,0.145,325572
CCX,20200424,1.92,1.955,1.8,1.895,410867
CCZ,20200424,0.019,0.019,0.016,0.016,597415
CD1,20200424,0.76,0.76,0.76,0.76,498
CD2,20200424,0.9,0.9,0.9,0.9,7500
CD3,20200424,0.93,0.93,0.93,0.93,10750
CDA,20200424,5.46,5.75,5.35,5.66,750404
CDD,20200424,0.245,0.245,0.23,0.24,39105
CDM,20200424,0.545,0.56,0.54,0.56,246566
CDP,20200424,3.25,3.25,3.21,3.24,26397
CDV,20200424,0.38,0.39,0.38,0.38,302312
CDX,20200424,0.026,0.028,0.02,0.021,6557240
CDY,20200424,0.22,0.23,0.217,0.225,487390
CE1,20200424,0.005,0.006,0.005,0.006,3699108
CEL,20200424,0.1,0.105,0.1,0.105,631956
CEN,20200424,5.93,5.93,5.78,5.78,157
CFE,20200424,0.001,0.002,0.001,0.002,2135249
CFO,20200424,0.05,0.055,0.05,0.055,49700
CG1,20200424,0.24,0.24,0.24,0.24,261111
CGB,20200424,0.008,0.008,0.007,0.008,3619817
CGC,20200424,2.66,2.71,2.625,2.66,2616700
CGF,20200424,4.22,4.26,4.02,4.05,3743363
CGL,20200424,3.11,3.19,3.05,3.09,75030
CGN,20200424,0.009,0.009,0.009,0.009,313
CGR,20200424,0.495,0.51,0.495,0.505,284316
CGS,20200424,0.34,0.34,0.34,0.34,27500
CHC,20200424,7.15,7.43,6.97,6.99,1936554
CHK,20200424,0.004,0.004,0.004,0.004,1822494
CHN,20200424,1.09,1.095,1.055,1.075,1496368
CHZ,20200424,0.059,0.06,0.059,0.059,351796
CI1,20200424,0.031,0.033,0.031,0.032,4155943
CIA,20200424,1.94,1.96,1.89,1.9,266512
CIE,20200424,0.555,0.555,0.495,0.495,155171
CIM,20200424,21.45,22.21,21.09,21.84,488422
CIN,20200424,20.36,20.58,20.3,20.4,2599
CIO,20200424,0.02,0.02,0.018,0.02,130995
CIP,20200424,2.65,2.67,2.61,2.62,398936
CKA,20200424,0.041,0.041,0.041,0.041,44101
CKF,20200424,6.28,6.365,6.2,6.28,281218
CL1,20200424,1.395,1.395,1.36,1.385,56913
CL8,20200424,0.007,0.008,0.007,0.007,4125000
CLA,20200424,0.01,0.01,0.01,0.01,2649525
CLF,20200424,0.985,0.985,0.985,0.985,68
CLQ,20200424,0.17,0.175,0.17,0.17,146547
CLV,20200424,1.97,2.05,1.935,2,1225861
CLW,20200424,4.4,4.47,4.34,4.44,1377941
CLX,20200424,0.565,0.565,0.565,0.565,2350
CLZ,20200424,0.002,0.002,0.001,0.001,10348914
CM8,20200424,0.028,0.028,0.025,0.025,3645757
CMD,20200424,0.007,0.007,0.007,0.007,190000
CML,20200424,0.01,0.015,0.01,0.012,2399047
CMM,20200424,1.31,1.35,1.3,1.31,134426
CMP,20200424,0.425,0.435,0.425,0.435,59307
CMW,20200424,0.755,0.765,0.745,0.745,6187894
CNB,20200424,0.076,0.079,0.076,0.079,155000
CNI,20200424,1.52,1.535,1.485,1.485,572382
CNJ,20200424,0.007,0.007,0.006,0.006,265888
CNL,20200424,0.08,0.08,0.08,0.08,72912
CNU,20200424,6.36,6.46,6.32,6.39,378255
CNW,20200424,0.026,0.026,0.023,0.024,2212749
COB,20200424,0.11,0.11,0.11,0.11,83491
COE,20200424,0.395,0.42,0.39,0.41,4904178
COF,20200424,1.77,1.845,1.75,1.77,925120
COG,20200424,0.045,0.045,0.045,0.045,135000
COH,20200424,179,180.42,176.13,179.26,238501
COI,20200424,0.074,0.078,0.071,0.071,102210
COL,20200424,16.17,16.35,16.05,16.14,4630370
COY,20200424,0.008,0.009,0.008,0.009,226000
CPH,20200424,0.065,0.067,0.063,0.064,674490
CPT,20200424,0.015,0.015,0.013,0.014,565303
CPU,20200424,10.87,11.1,10.77,10.97,2280964
CPV,20200424,0.12,0.13,0.12,0.13,233356
CQE,20200424,2.25,2.29,2.185,2.19,584363
CQR,20200424,3.15,3.21,3.08,3.15,1540365
CR1,20200424,0.26,0.26,0.26,0.26,143500
CRN,20200424,1.17,1.205,1.16,1.18,85275
CRS,20200424,0.115,0.115,0.115,0.115,29739
CSL,20200424,309.46,315,305.79,313.75,1876691
CSR,20200424,3.15,3.2,3.13,3.16,1362807
CSS,20200424,0.66,0.66,0.635,0.65,17550
CST,20200424,0.11,0.115,0.1,0.105,538844
CTD,20200424,8.58,9.38,8.5,9.08,593225
CTM,20200424,0.165,0.17,0.16,0.165,1065685
CTO,20200424,0.004,0.004,0.004,0.004,2150000
CTP,20200424,0.073,0.073,0.072,0.073,284438
CTX,20200424,22.39,22.7,22.25,22.43,692408
CUE,20200424,0.08,0.081,0.08,0.08,101963
CUP,20200424,0.8,0.845,0.8,0.84,5566
CUV,20200424,20.2,20.83,20,20.21,160681
CV1,20200424,0.072,0.072,0.071,0.071,26368
CVC,20200424,1.15,1.15,1.14,1.15,43720
CVF,20200424,0.745,0.76,0.735,0.75,435113
CVN,20200424,0.175,0.175,0.165,0.17,2439644
CVW,20200424,0.19,0.195,0.185,0.195,326089
CWN,20200424,8.26,8.44,8.23,8.35,1800952
CWP,20200424,3.83,3.94,3.83,3.88,348235
CWX,20200424,0.22,0.225,0.22,0.22,203145
CWY,20200424,1.72,1.76,1.715,1.725,6229190
CWZ,20200424,0.14,0.14,0.14,0.14,50000
CXL,20200424,0.695,0.71,0.695,0.71,32488
CXO,20200424,0.039,0.039,0.038,0.038,1332942
CXX,20200424,0.032,0.035,0.032,0.035,39256
CXZ,20200424,0.015,0.015,0.014,0.014,565823
CY5,20200424,0.035,0.035,0.035,0.035,10000
CYC,20200424,1.385,1.385,1.35,1.35,5055
CYG,20200424,0.5,0.5,0.485,0.485,6000
CYL,20200424,2.67,2.67,2.36,2.5,36430
CYM,20200424,0.15,0.15,0.15,0.15,6000
CYP,20200424,0.69,0.69,0.655,0.66,98617
CYQ,20200424,0.001,0.001,0.001,0.001,12600000
CZI,20200424,0.095,0.095,0.09,0.091,753891
CZL,20200424,0.005,0.005,0.005,0.005,4611442
CZN,20200424,0.003,0.003,0.002,0.003,5341666
CZR,20200424,0.01,0.011,0.01,0.01,3093430
D2O,20200424,1.235,1.27,1.235,1.25,51236
DAF,20200424,0.015,0.015,0.015,0.015,80464
DAU,20200424,0.029,0.029,0.025,0.025,35000
DBF,20200424,0.995,0.995,0.995,0.995,1500
DCC,20200424,0.025,0.027,0.025,0.027,3582851
DCG,20200424,0.13,0.135,0.13,0.135,264895
DCL,20200424,0.044,0.044,0.044,0.044,12019
DCN,20200424,0.385,0.395,0.365,0.365,6726922
DCX,20200424,0.004,0.004,0.004,0.004,150000
DDR,20200424,6.18,6.24,6.01,6.05,123105
DDT,20200424,0.004,0.004,0.004,0.004,135000
DEM,20200424,0.155,0.16,0.155,0.16,42252
DEV,20200424,0.09,0.097,0.09,0.094,1353761
DGO,20200424,2,2.11,1.96,1.98,30862
DHG,20200424,2.12,2.21,2.11,2.15,1801394
DIV,20200424,18.4,18.4,18.4,18.4,1047
DJW,20200424,2.55,2.62,2.53,2.53,35205
DKM,20200424,0.15,0.175,0.15,0.17,318454
DLC,20200424,0.006,0.006,0.005,0.005,12116794
DMP,20200424,49,49,46.84,47.9,839412
DNK,20200424,0.38,0.38,0.36,0.38,27863
DOW,20200424,3.63,3.67,3.53,3.53,3249117
DRE,20200424,0.005,0.005,0.005,0.005,27429
DRO,20200424,0.087,0.09,0.084,0.09,726811
DSE,20200424,0.04,0.043,0.04,0.043,494881
DTC,20200424,0.9,0.905,0.87,0.89,131151
DTL,20200424,3.62,3.73,3.56,3.68,402775
DTS,20200424,0.12,0.12,0.115,0.115,424692
DTZ,20200424,0.044,0.044,0.044,0.044,30000
DUB,20200424,0.825,0.855,0.815,0.815,520593
DUI,20200424,3.85,3.92,3.85,3.88,64721
DW8,20200424,0.005,0.006,0.005,0.005,3807676
DWS,20200424,0.68,0.68,0.68,0.68,13790
DXB,20200424,0.175,0.185,0.17,0.185,170914
DXN,20200424,0.012,0.012,0.009,0.01,7687773
DXS,20200424,8.63,8.81,8.57,8.74,3141387
DYL,20200424,0.24,0.24,0.23,0.235,196332
E25,20200424,0.19,0.19,0.19,0.19,34052
E2E,20200424,0.001,0.001,0.001,0.001,1405500
EAF,20200424,1.2,1.2,1.2,1.2,129690
EAI,20200424,0.95,0.955,0.95,0.95,75858
EBO,20200424,21.99,22,21.51,21.51,3241
ECF,20200424,0.88,0.9,0.88,0.9,32538
ECL,20200424,1.15,1.15,1.15,1.15,509
ECP,20200424,0.86,0.86,0.855,0.855,35000
ECS,20200424,0.033,0.033,0.03,0.03,693913
ECT,20200424,0.001,0.001,0.001,0.001,500000
ECX,20200424,0.575,0.59,0.542,0.57,1895488
ED1,20200424,0.6,0.6,0.58,0.595,91642
EDE,20200424,0.034,0.036,0.033,0.033,974491
EEG,20200424,0.19,0.195,0.18,0.18,32350
EEU,20200424,16.24,16.24,16.24,16.24,2846
EGD,20200424,2.39,2.42,2.37,2.37,48163
EGF,20200424,1.55,1.555,1.55,1.55,115532
EGG,20200424,1.11,1.125,1.06,1.06,3745
EGH,20200424,0.285,0.285,0.275,0.285,47416
EGN,20200424,0.42,0.42,0.42,0.42,1200
EGR,20200424,0.062,0.062,0.062,0.062,40000
EHE,20200424,1.29,1.325,1.26,1.305,1289846
EHL,20200424,1.14,1.15,1.072,1.11,1174630
EHX,20200424,0.081,0.083,0.08,0.083,81507
ELD,20200424,8.24,8.54,8.24,8.45,614782
ELO,20200424,5.5,5.89,5.5,5.86,29440
ELS,20200424,0.25,0.275,0.235,0.275,73789
ELT,20200424,0.002,0.002,0.002,0.002,250000
ELX,20200424,0.55,0.575,0.55,0.575,346042
EM1,20200424,0.007,0.007,0.007,0.007,753299
EMD,20200424,0.069,0.069,0.066,0.066,50925
EMH,20200424,0.23,0.25,0.23,0.25,1542556
EML,20200424,2.22,2.35,2.16,2.23,2880936
EMR,20200424,0.47,0.47,0.45,0.47,38390
EMT,20200424,0.008,0.008,0.008,0.008,400000
EMU,20200424,0.015,0.015,0.015,0.015,300000
EMV,20200424,0.812,0.815,0.77,0.78,11762
EN1,20200424,0.012,0.012,0.012,0.012,2390223
ENE,20200424,0.043,0.043,0.043,0.043,83653
ENN,20200424,0.8,0.88,0.795,0.81,79178
ENR,20200424,0.125,0.125,0.125,0.125,62500
ENT,20200424,0.01,0.01,0.01,0.01,2071092
EOF,20200424,2.45,2.69,2.45,2.56,193803
EOL,20200424,2.8,2.8,2.8,2.8,370
EOS,20200424,4.13,4.47,4.05,4.42,2483865
EPD,20200424,0.24,0.255,0.235,0.255,101314
EPM,20200424,0.005,0.005,0.005,0.005,3882950
EQE,20200424,0.007,0.008,0.007,0.007,1455453
EQT,20200424,20.95,20.98,20.35,20.82,40766
EQX,20200424,0.24,0.25,0.24,0.25,663096
ERA,20200424,0.17,0.17,0.155,0.155,171273
ERF,20200424,0.7,0.725,0.7,0.7,96151
ERG,20200424,0.062,0.062,0.062,0.062,9000
ERL,20200424,0.011,0.013,0.009,0.009,4556370
ERX,20200424,0.047,0.047,0.042,0.042,1058126
ESE,20200424,0.008,0.009,0.008,0.009,556514
ESH,20200424,0.008,0.008,0.007,0.007,1072500
ESR,20200424,0.008,0.011,0.008,0.008,9460327
EUC,20200424,0.015,0.018,0.015,0.018,4386433
EUR,20200424,0.045,0.045,0.042,0.042,1545000
EVE,20200424,0.005,0.006,0.005,0.005,8346883
EVN,20200424,5.13,5.29,5.07,5.18,17152079
EVO,20200424,0.068,0.068,0.066,0.068,587232
EVS,20200424,0.125,0.125,0.12,0.125,509024
EVT,20200424,7.4,7.6,7.36,7.58,60378
EWC,20200424,0.07,0.07,0.07,0.07,50020
EX1,20200424,0.215,0.215,0.2,0.21,69285
EXL,20200424,0.37,0.39,0.355,0.37,461064
EXP,20200424,0.097,0.097,0.097,0.097,10000
EXR,20200424,0.023,0.025,0.022,0.024,1314795
EZL,20200424,0.83,0.835,0.77,0.83,43773
FAM,20200424,0.023,0.023,0.023,0.023,328781
FAR,20200424,0.014,0.015,0.013,0.013,6130554
FAU,20200424,0.008,0.008,0.008,0.008,17892
FBR,20200424,0.024,0.026,0.021,0.021,5234695
FBU,20200424,3.43,3.47,3.35,3.38,862312
FCL,20200424,3.205,3.21,3.17,3.2,8312
FCT,20200424,0.082,0.082,0.08,0.08,186248
FDV,20200424,0.795,0.795,0.77,0.77,70934
FEX,20200424,0.052,0.053,0.049,0.051,3245181
FFG,20200424,0.007,0.007,0.006,0.006,1576122
FFI,20200424,5.1,5.1,5.1,5.1,1111
FFL,20200424,0.22,0.22,0.22,0.22,4000
FFR,20200424,0.03,0.03,0.027,0.027,125845
FGG,20200424,1.105,1.115,1.1,1.1,240434
FGO,20200424,0.001,0.001,0.001,0.001,3044927
FGR,20200424,0.135,0.135,0.125,0.13,1074540
FGX,20200424,0.865,0.875,0.855,0.86,628561
FHS,20200424,0.024,0.025,0.023,0.025,667214
FID,20200424,4.45,4.45,4.37,4.38,4862
FLC,20200424,0.235,0.255,0.235,0.255,177028
FLN,20200424,0.39,0.39,0.385,0.39,26657
FLT,20200424,8.75,9.32,8.62,9.12,3344976
FMG,20200424,11.26,11.55,11.15,11.45,16503797
FML,20200424,0.285,0.285,0.245,0.245,137125
FMS,20200424,0.028,0.028,0.027,0.027,64000
FNP,20200424,4.26,4.48,4.26,4.44,448319
FNT,20200424,0.008,0.009,0.008,0.009,7170930
FOD,20200424,0.063,0.065,0.063,0.064,246020
FOR,20200424,0.77,0.77,0.77,0.77,98523
FPC,20200424,0.68,0.68,0.675,0.675,12512
FPH,20200424,25.95,26.39,25.95,26.32,545108
FPL,20200424,0.004,0.004,0.002,0.003,686862
FPP,20200424,0.715,0.715,0.715,0.715,999
FRI,20200424,0.61,0.61,0.605,0.61,16197
FRN,20200424,0.019,0.022,0.019,0.022,752455
FSG,20200424,0.023,0.023,0.023,0.023,50000
FSI,20200424,1.52,1.52,1.5,1.5,23000
FTC,20200424,0.077,0.079,0.077,0.079,6095
FWD,20200424,1.43,1.445,1.41,1.43,45672
FXL,20200424,0.7,0.745,0.68,0.735,2010690
FYI,20200424,0.041,0.042,0.039,0.042,287869
G1A,20200424,0.195,0.2,0.195,0.197,33550
G88,20200424,0.027,0.027,0.027,0.027,11769
GAL,20200424,0.23,0.235,0.23,0.235,1358189
GAP,20200424,0.135,0.135,0.135,0.135,36120
GAS,20200424,0.35,0.35,0.33,0.35,57839
GBR,20200424,0.033,0.033,0.032,0.032,92500
GBZ,20200424,0.075,0.078,0.075,0.076,257058
GC1,20200424,0.65,0.65,0.635,0.635,11688
GCI,20200424,1.695,1.7,1.69,1.7,88335
GDF,20200424,0.89,0.93,0.89,0.895,183738
GDG,20200424,0.66,0.665,0.64,0.665,24561
GDI,20200424,1.03,1.035,1.005,1.01,612711
GDX,20200424,52.6,52.65,52,52.3,21667
GED,20200424,0.006,0.006,0.005,0.005,875333
GEM,20200424,0.8,0.81,0.785,0.785,7425057
GEV,20200424,0.061,0.075,0.06,0.07,349758
GGG,20200424,0.105,0.105,0.1,0.1,1534791
GGX,20200424,0.001,0.001,0.001,0.001,500000
GID,20200424,0.003,0.003,0.003,0.003,650000
GLL,20200424,0.42,0.48,0.4,0.43,492764
GLN,20200424,0.145,0.145,0.13,0.14,398555
GLV,20200424,0.001,0.001,0.001,0.001,1760000
GMA,20200424,1.83,1.855,1.79,1.805,738740
GME,20200424,0.04,0.04,0.04,0.04,10000
GMG,20200424,12.64,12.99,12.46,12.95,4788740
GML,20200424,0.01,0.012,0.01,0.012,683333
GMN,20200424,0.049,0.049,0.048,0.048,67194
GMR,20200424,0.007,0.007,0.006,0.007,4567681
GMV,20200424,0.105,0.11,0.105,0.105,360889
GNC,20200424,3.43,3.58,3.35,3.53,3246122
GNE,20200424,2.66,2.66,2.65,2.65,8823
GNM,20200424,0.006,0.006,0.006,0.006,6936900
GNX,20200424,0.17,0.185,0.17,0.185,762419
GO2,20200424,0.022,0.022,0.022,0.022,7222
GOR,20200424,1.69,1.705,1.63,1.655,9141663
GOW,20200424,1.34,1.35,1.305,1.305,58050
GOZ,20200424,2.87,2.9,2.81,2.87,986150
GPR,20200424,0.355,0.36,0.355,0.36,104000
GPT,20200424,3.65,3.75,3.63,3.7,3655888
GRB,20200424,0.057,0.057,0.056,0.056,43747
GRL,20200424,0.12,0.12,0.12,0.12,91969
GRR,20200424,0.21,0.21,0.21,0.21,996125
GRV,20200424,0.021,0.022,0.021,0.022,86900
GSM,20200424,0.15,0.16,0.15,0.15,175163
GSN,20200424,0.045,0.048,0.04,0.04,1115406
GSS,20200424,1.8,1.845,1.76,1.8,190879
GSW,20200424,0.66,0.66,0.615,0.65,137226
GTG,20200424,0.005,0.005,0.005,0.005,4568508
GTK,20200424,1.395,1.395,1.375,1.39,9826
GTN,20200424,0.375,0.375,0.36,0.37,53247
GTR,20200424,0.008,0.012,0.008,0.009,16850208
GUD,20200424,8.55,8.78,8.55,8.74,218035
GWA,20200424,2.25,2.34,2.25,2.3,408570
GWR,20200424,0.07,0.07,0.07,0.07,5043
GXY,20200424,0.77,0.785,0.765,0.775,4987490
HAS,20200424,0.052,0.056,0.051,0.053,2623205
HAV,20200424,0.12,0.125,0.12,0.12,202871
HAW,20200424,0.14,0.145,0.135,0.14,348491
HCH,20200424,0.021,0.021,0.02,0.021,1451331
HCT,20200424,0.185,0.19,0.18,0.185,1946355
HE8,20200424,0.091,0.092,0.083,0.086,895015
HFR,20200424,0.32,0.32,0.315,0.315,36503
HGH,20200424,1.2,1.2,1.2,1.2,1400
HGO,20200424,0.048,0.048,0.038,0.038,280459
HIL,20200424,0.185,0.19,0.185,0.185,28569
HIP,20200424,0.01,0.01,0.01,0.01,54182
HIT,20200424,1.25,1.25,1.2,1.2,2500
HLA,20200424,0.76,0.76,0.72,0.72,63432
HLO,20200424,1.245,1.265,1.245,1.245,273321
HLS,20200424,2.37,2.45,2.37,2.4,654229
HLX,20200424,0.007,0.007,0.007,0.007,107752
HM1,20200424,2.65,2.71,2.62,2.68,116496
HMC,20200424,2.18,2.24,2.15,2.22,95639
HMD,20200424,0.13,0.13,0.12,0.12,204177
HMX,20200424,0.022,0.022,0.02,0.02,767746
HNG,20200424,0.185,0.185,0.175,0.175,35309
HNR,20200424,0.005,0.005,0.005,0.005,100000
HOT,20200424,0.097,0.097,0.097,0.097,10000
HPI,20200424,2.1,2.23,2.1,2.2,322442
HRL,20200424,0.089,0.089,0.089,0.089,6058
HRN,20200424,0.2,0.21,0.2,0.21,55000
HRR,20200424,0.039,0.039,0.038,0.039,262162
HRZ,20200424,0.088,0.088,0.085,0.088,231469
HSC,20200424,0.006,0.006,0.006,0.006,4826289
HSN,20200424,2.73,2.79,2.7,2.73,172645
HT1,20200424,1.215,1.295,1.215,1.28,49406
HT8,20200424,0.04,0.043,0.036,0.04,3487273
HTA,20200424,0.145,0.145,0.145,0.145,56
HTG,20200424,0.12,0.125,0.12,0.125,554491
HUB,20200424,9.35,9.64,9.35,9.46,338589
HUO,20200424,3.8,3.81,3.5,3.5,9675
HVN,20200424,2.6,2.65,2.54,2.62,7551706
HWH,20200424,0.02,0.024,0.02,0.024,417849
HWK,20200424,0.006,0.006,0.005,0.006,566000
HXG,20200424,0.065,0.065,0.062,0.062,75000
HZN,20200424,0.049,0.049,0.048,0.049,1220588
HZR,20200424,0.395,0.395,0.375,0.385,22023
IAA,20200424,92.87,92.87,91.3,91.95,9601
IAF,20200424,115.99,115.99,115.63,115.66,14039
IAG,20200424,5.97,5.985,5.83,5.86,4059359
IAP,20200424,1.03,1.06,1.02,1.06,200161
IBC,20200424,0.4,0.4,0.39,0.39,60403
IBG,20200424,0.007,0.007,0.007,0.007,740740
ICE,20200424,0.165,0.17,0.165,0.165,110998
ICN,20200424,0.008,0.008,0.008,0.008,23000
ICQ,20200424,0.185,0.19,0.18,0.185,251164
ICS,20200424,1.615,1.615,1.615,1.615,2225
ICT,20200424,0.045,0.045,0.045,0.045,50000
IDT,20200424,0.14,0.15,0.14,0.15,214075
IDX,20200424,3.05,3.14,3.02,3.05,331072
IEL,20200424,13.14,13.93,13.13,13.74,981867
IEM,20200424,56.55,56.55,55.5,56,20852
IEU,20200424,55.82,56.06,55.19,55.98,9376
IFL,20200424,3.44,3.51,3.36,3.4,2132655
IFM,20200424,1.6,1.6,1.485,1.55,4195946
IFN,20200424,0.51,0.51,0.48,0.485,679412
IFT,20200424,4.24,4.27,4.19,4.22,2877
IGB,20200424,114.6,114.92,114.33,114.84,598
IGL,20200424,0.525,0.565,0.525,0.565,772680
IGN,20200424,0.015,0.08,0.015,0.041,7442638
IGO,20200424,4.65,4.75,4.62,4.72,1568453
IHD,20200424,10.63,10.65,10.59,10.59,5351
IHL,20200424,0.052,0.052,0.049,0.051,493084
IJH,20200424,237.5,237.93,237.5,237.93,321
IJP,20200424,79.34,79.87,78.8,79.55,3471
IJR,20200424,90,91,89.96,90.45,1269
IKO,20200424,80.42,80.47,79.15,79.15,649
ILB,20200424,122.51,122.6,122.455,122.5,562
ILC,20200424,20.58,20.77,20.58,20.77,16093
ILU,20200424,7.44,7.51,7.25,7.3,1522224
IMA,20200424,0.15,0.155,0.15,0.155,808749
IMC,20200424,0.099,0.1,0.098,0.098,84442
IMD,20200424,0.87,0.885,0.83,0.845,694510
IME,20200424,0.025,0.026,0.025,0.026,145000
IMM,20200424,0.17,0.18,0.17,0.175,1651335
IMR,20200424,0.955,0.955,0.955,0.955,5000
IMS,20200424,0.004,0.005,0.004,0.004,590000
IMU,20200424,0.023,0.024,0.023,0.023,5888111
INA,20200424,3.56,3.6,3.51,3.57,1022778
INF,20200424,0.037,0.039,0.037,0.039,400000
ING,20200424,3.35,3.39,3.33,3.37,1195505
INP,20200424,0.009,0.009,0.008,0.008,1638638
INR,20200424,0.14,0.14,0.13,0.13,1388546
IOD,20200424,0.082,0.082,0.08,0.08,142564
IOO,20200424,75.89,75.89,74.64,74.95,22462
IOZ,20200424,21.3,21.54,21.3,21.46,274888
IP1,20200424,0.008,0.008,0.008,0.008,188538
IPD,20200424,0.038,0.039,0.037,0.038,1123360
IPH,20200424,7.14,7.44,7.1,7.3,524215
IPL,20200424,2.1,2.13,2.06,2.08,5235323
IPT,20200424,0.008,0.009,0.008,0.008,4597900
IRD,20200424,0.048,0.048,0.048,0.048,7400
IRE,20200424,9.73,10.07,9.62,10,563661
IRI,20200424,2.93,2.94,2.87,2.9,286538
ISD,20200424,0.155,0.155,0.15,0.15,29602
ISO,20200424,3.85,3.86,3.85,3.86,6329
ISU,20200424,0.22,0.225,0.22,0.22,4443
ITG,20200424,0.18,0.18,0.18,0.18,579
IVC,20200424,10.05,10.27,9.99,10.05,1011987
IVE,20200424,85.27,86.25,84.78,86.25,3395
IVR,20200424,0.012,0.013,0.012,0.013,611157
IVV,20200424,438.75,438.75,435.15,437.4,9491
IVZ,20200424,0.018,0.018,0.017,0.017,1132068
IXC,20200424,1.02,1.05,1,1.05,21275
IXI,20200424,78.8,79.6,78.28,79.6,1358
IXJ,20200424,104.95,106.99,104.53,105.7,6189
IXR,20200424,0.006,0.006,0.006,0.006,100000
IZZ,20200424,59.5,59.8,59.28,59.8,1354
JAL,20200424,0.13,0.13,0.13,0.13,8667
JAT,20200424,0.05,0.05,0.049,0.049,671065
JAY,20200424,0.071,0.071,0.071,0.071,3039
JBH,20200424,33.01,33.87,32.51,33.72,744983
JCS,20200424,0.03,0.03,0.03,0.03,70000
JDR,20200424,0.01,0.01,0.01,0.01,1581876
JHC,20200424,0.485,0.5,0.485,0.495,1387515
JHG,20200424,23.05,23.2,22.74,22.91,314910
JHX,20200424,18,18.26,17.41,17.81,1275518
JIN,20200424,10.55,10.79,10.25,10.52,375228
JLG,20200424,2.32,2.41,2.32,2.39,142470
JMS,20200424,0.245,0.25,0.237,0.24,3352835
JRV,20200424,0.165,0.165,0.16,0.16,158781
JXT,20200424,0.041,0.045,0.041,0.044,166207
K2F,20200424,0.215,0.225,0.215,0.225,37707
KAI,20200424,0.01,0.012,0.01,0.012,2360000
KAM,20200424,0.035,0.035,0.032,0.034,1028000
KAR,20200424,0.495,0.54,0.495,0.525,3675050
KAT,20200424,0.63,0.63,0.62,0.62,39960
KAU,20200424,0.2,0.28,0.2,0.225,478439
KCN,20200424,0.43,0.435,0.425,0.435,83247
KEY,20200424,0.003,0.003,0.003,0.003,337666
KFE,20200424,0.027,0.029,0.027,0.029,681666
KGL,20200424,0.17,0.17,0.17,0.17,17962
KGN,20200424,7,7,6.81,6.91,1149224
KIN,20200424,0.05,0.053,0.05,0.053,850856
KIS,20200424,0.049,0.049,0.04,0.04,296173
KKC,20200424,1.75,1.82,1.74,1.81,366490
KLA,20200424,63.8,65.5,63.8,64.47,3792
KMD,20200424,0.66,0.71,0.66,0.68,4005603
KME,20200424,1.135,1.135,1.05,1.05,90731
KMT,20200424,0.005,0.005,0.005,0.005,430000
KNM,20200424,0.018,0.02,0.018,0.02,184257
KPG,20200424,0.79,0.79,0.79,0.79,2400
KPO,20200424,0.03,0.03,0.028,0.029,1921057
KPT,20200424,0.97,0.97,0.95,0.96,39293
KRM,20200424,0.028,0.029,0.028,0.028,445000
KRR,20200424,0.041,0.042,0.037,0.039,7530157
KSC,20200424,1.455,1.455,1.455,1.455,648
KSL,20200424,0.85,0.865,0.83,0.83,181481
KSN,20200424,0.135,0.14,0.13,0.135,358361
KSS,20200424,0.185,0.185,0.185,0.185,20000
KTA,20200424,0.032,0.032,0.03,0.03,1292097
KTD,20200424,0.41,0.41,0.395,0.405,159642
KTG,20200424,0.09,0.095,0.085,0.085,109573
KWR,20200424,0.15,0.155,0.145,0.155,58096
KYK,20200424,0.085,0.085,0.084,0.084,193102
KZA,20200424,0.42,0.42,0.415,0.415,70862
KZR,20200424,0.505,0.52,0.5,0.51,207274
LAA,20200424,0.01,0.012,0.01,0.011,1955835
LAU,20200424,0.345,0.355,0.345,0.345,291671
LBL,20200424,0.41,0.425,0.41,0.425,11300
LBT,20200424,0.105,0.11,0.105,0.11,85764
LCD,20200424,0.011,0.011,0.011,0.011,157573
LCK,20200424,0.095,0.096,0.093,0.096,199839
LCL,20200424,0.034,0.038,0.034,0.034,309755
LCY,20200424,0.001,0.001,0.001,0.001,499800
LEG,20200424,0.18,0.19,0.18,0.18,3649703
LEP,20200424,4.11,4.14,4.09,4.13,303855
LER,20200424,0.019,0.02,0.019,0.019,68653
LGP,20200424,0.27,0.285,0.265,0.275,95189
LI3,20200424,0.028,0.029,0.023,0.023,6553552
LIC,20200424,6.42,6.65,6.42,6.64,45123
LIN,20200424,0.018,0.018,0.017,0.017,675484
LIT,20200424,0.046,0.049,0.045,0.046,2019056
LKE,20200424,0.037,0.038,0.037,0.037,1106613
LLC,20200424,10.44,10.65,10.2,10.29,1716637
LLO,20200424,1.5,1.5,1.5,1.5,2157
LMG,20200424,0.008,0.008,0.008,0.008,176641
LNG,20200424,0.044,0.045,0.042,0.045,1488154
LNK,20200424,3.26,3.32,3.25,3.27,2489657
LNU,20200424,0.014,0.016,0.012,0.014,3395264
LNY,20200424,0.003,0.003,0.003,0.003,2437712
LOM,20200424,0.055,0.055,0.055,0.055,41664
LON,20200424,0.095,0.096,0.089,0.089,208825
LOT,20200424,0.057,0.057,0.053,0.054,3874318
LOV,20200424,6.3,6.48,6.17,6.42,533891
LPD,20200424,0.008,0.008,0.008,0.008,993082
LPI,20200424,0.155,0.16,0.15,0.15,21250
LRT,20200424,0.61,0.61,0.58,0.58,56180
LSA,20200424,0.005,0.005,0.005,0.005,53900
LSF,20200424,0.98,1,0.975,1,712637
LSH,20200424,0.035,0.035,0.035,0.035,10000
LSR,20200424,0.006,0.006,0.006,0.006,990546
LTR,20200424,0.11,0.115,0.105,0.11,4563678
LVE,20200424,0.045,0.045,0.045,0.045,62000
LVH,20200424,0.17,0.225,0.17,0.225,573755
LVT,20200424,0.2,0.2,0.195,0.195,1531185
LYC,20200424,1.635,1.65,1.53,1.54,8088281
LYL,20200424,3.88,3.91,3.85,3.91,2045
M7T,20200424,0.53,0.54,0.52,0.535,79083
M8S,20200424,0.11,0.12,0.11,0.12,128343
MAD,20200424,0.71,0.71,0.71,0.71,100000
MAG,20200424,0.23,0.24,0.21,0.24,830319
MAH,20200424,0.215,0.215,0.2,0.2,531099
MAI,20200424,0.405,0.42,0.39,0.41,62074
MAN,20200424,0.02,0.02,0.019,0.02,3236490
MAQ,20200424,24.92,25.575,24.92,25.575,4071
MAT,20200424,0.115,0.12,0.115,0.12,272175
MAU,20200424,0.8,0.8,0.765,0.795,73542
MAY,20200424,0.003,0.003,0.003,0.003,600000
MBK,20200424,0.009,0.009,0.009,0.009,239361
MCA,20200424,0.12,0.12,0.12,0.12,14330
MCE,20200424,0.195,0.195,0.195,0.195,4200
MCM,20200424,0.175,0.175,0.155,0.155,206213
MCP,20200424,2.68,2.69,2.52,2.58,470947
MCR,20200424,0.59,0.59,0.565,0.585,205535
MCX,20200424,0.065,0.065,0.065,0.065,6144
MCY,20200424,4.13,4.13,4.13,4.13,1
MDC,20200424,0.235,0.235,0.22,0.225,74529
MDI,20200424,0.013,0.013,0.013,0.013,7722871
MDR,20200424,0.415,0.425,0.415,0.415,230978
MEA,20200424,0.175,0.18,0.172,0.18,196455
MEB,20200424,0.007,0.007,0.007,0.007,438710
MEC,20200424,0.825,0.86,0.82,0.825,25000
MEI,20200424,0.014,0.014,0.013,0.013,415196
MEL,20200424,0.022,0.022,0.022,0.022,36000
MEP,20200424,0.036,0.037,0.035,0.035,125457
MEU,20200424,0.036,0.036,0.034,0.034,404942
MEY,20200424,0.068,0.068,0.068,0.068,8220
MEZ,20200424,4.16,4.32,4.11,4.29,17160
MFF,20200424,2.86,2.9,2.77,2.77,250295
MFG,20200424,46,47.12,45.71,46.41,361996
MGC,20200424,0.44,0.44,0.44,0.44,89293
MGE,20200424,4.01,4.02,3.98,3.98,355678
MGG,20200424,1.675,1.7,1.66,1.7,1100824
MGR,20200424,2.07,2.13,2.04,2.06,10533794
MGT,20200424,0.002,0.003,0.002,0.003,2817475
MGX,20200424,0.625,0.635,0.61,0.63,2664510
MHC,20200424,0.006,0.006,0.006,0.006,3520666
MHG,20200424,3.27,3.28,3.26,3.28,416263
MHH,20200424,1.375,1.395,1.34,1.34,1258472
MHJ,20200424,0.32,0.32,0.29,0.29,305475
MIN,20200424,16.44,16.44,15.66,15.84,1346220
MIO,20200424,0.086,0.092,0.086,0.092,31276
MIR,20200424,1.98,1.995,1.95,1.98,99323
MKG,20200424,0.044,0.044,0.042,0.042,106250
MLD,20200424,0.725,0.732,0.71,0.715,112350
MLL,20200424,0.061,0.063,0.054,0.054,605550
MLS,20200424,0.001,0.001,0.001,0.001,341030
MLT,20200424,3.75,3.8,3.72,3.78,224082
MLX,20200424,0.076,0.079,0.074,0.079,850695
MME,20200424,0.75,0.765,0.74,0.74,36782
MMI,20200424,0.098,0.1,0.098,0.098,445434
MMJ,20200424,0.13,0.13,0.125,0.13,147865
MML,20200424,0.61,0.67,0.595,0.67,869518
MMM,20200424,1.15,1.16,1.115,1.115,228730
MMS,20200424,6.6,6.83,6.555,6.73,318978
MND,20200424,9.83,10.18,9.58,9.96,373412
MNF,20200424,4.54,4.64,4.465,4.49,105371
MNS,20200424,0.052,0.052,0.052,0.052,412818
MNW,20200424,0.005,0.005,0.005,0.005,4171050
MNY,20200424,1.27,1.27,1.205,1.25,232527
MOC,20200424,0.625,0.64,0.62,0.62,115394
MOE,20200424,2.26,2.28,2.17,2.2,115118
MOH,20200424,0.075,0.075,0.07,0.075,364400
MOQ,20200424,0.12,0.12,0.12,0.12,5000
MOT,20200424,1.46,1.535,1.46,1.51,96955
MOZ,20200424,0.56,0.565,0.52,0.55,81115
MP1,20200424,11.75,11.84,11.46,11.84,675237
MPH,20200424,0.15,0.15,0.15,0.15,1536
MPL,20200424,2.58,2.635,2.58,2.61,13503662
MQG,20200424,95.67,96.66,95.01,95.01,2468855
MRG,20200424,0.01,0.011,0.01,0.011,484567
MRL,20200424,0.255,0.285,0.255,0.285,22260
MRM,20200424,0.077,0.078,0.075,0.075,92174
MRQ,20200424,0.007,0.007,0.006,0.006,1619056
MRR,20200424,0.011,0.012,0.01,0.012,775040
MRZ,20200424,0.17,0.17,0.17,0.17,17646
MSB,20200424,2.47,2.83,2.32,2.73,35690385
MSE,20200424,0.008,0.008,0.007,0.007,417333
MSM,20200424,0.012,0.012,0.012,0.012,400000
MSR,20200424,0.003,0.003,0.003,0.003,28493250
MSV,20200424,0.38,0.385,0.37,0.37,537224
MTB,20200424,0.002,0.002,0.002,0.002,340000
MTH,20200424,0.006,0.007,0.006,0.007,696667
MTO,20200424,0.64,0.64,0.625,0.63,39713
MTS,20200424,2.53,2.56,2.485,2.52,4721361
MVA,20200424,16.5,16.91,16.5,16.91,10841
MVB,20200424,17.3,17.4,17.3,17.4,6772
MVE,20200424,22.88,22.88,22.82,22.82,1120
MVF,20200424,0.75,0.76,0.71,0.71,173777
MVP,20200424,6.8,7.05,6.59,6.83,132195
MVR,20200424,24,24.09,24,24.09,1025
MVS,20200424,14.95,14.95,14.94,14.95,3410
MVW,20200424,23.5,23.71,23.46,23.59,54930
MWR,20200424,0.089,0.089,0.088,0.088,16481
MWY,20200424,0.94,0.94,0.93,0.93,60555
MX1,20200424,0.14,0.14,0.135,0.135,353288
MXI,20200424,0.15,0.15,0.15,0.15,77
MXR,20200424,0.033,0.035,0.032,0.035,468864
MXT,20200424,1.795,1.84,1.78,1.84,875367
MYE,20200424,0.695,0.735,0.68,0.69,653403
MYL,20200424,0.038,0.04,0.036,0.037,5896220
MYQ,20200424,0.17,0.17,0.15,0.165,72138
MYR,20200424,0.19,0.2,0.19,0.19,3355466
MYS,20200424,3.77,3.89,3.73,3.89,201445
MYX,20200424,0.355,0.385,0.35,0.38,5744208
MZZ,20200424,0.17,0.18,0.165,0.18,974553
NAB,20200424,15.72,16,15.7,15.76,8364133
NAC,20200424,0.655,0.655,0.645,0.645,27392
NAG,20200424,0.04,0.048,0.04,0.048,265595
NAM,20200424,0.31,0.31,0.305,0.31,101095
NAN,20200424,6.15,6.44,6.15,6.38,734662
NBI,20200424,1.54,1.6,1.54,1.6,200589
NCC,20200424,0.75,0.75,0.74,0.74,28391
NCK,20200424,3.66,3.73,3.56,3.66,230788
NCL,20200424,0.028,0.052,0.028,0.031,2192434
NCM,20200424,28.56,29,28.3,28.53,3664386
NCR,20200424,0.007,0.007,0.007,0.007,14000
NCZ,20200424,0.18,0.185,0.17,0.17,2472101
NDQ,20200424,22.84,22.89,22.74,22.86,112120
NEA,20200424,1.26,1.28,1.175,1.185,6006789
NEC,20200424,1.14,1.175,1.135,1.15,6352132
NES,20200424,0.03,0.03,0.03,0.03,130000
NET,20200424,0.043,0.043,0.04,0.04,7680797
NEU,20200424,1.48,1.48,1.41,1.445,24742
NEW,20200424,1.02,1.04,1.02,1.04,802862
NGE,20200424,0.425,0.445,0.425,0.445,47465
NGI,20200424,1.18,1.23,1.17,1.19,1449041
NHC,20200424,1.4,1.495,1.4,1.48,2676821
NHF,20200424,4.68,4.8,4.68,4.75,982243
NIC,20200424,0.495,0.5,0.485,0.495,1133465
NML,20200424,0.11,0.11,0.105,0.105,862656
NMT,20200424,0.165,0.165,0.165,0.165,120611
NNT,20200424,0.052,0.052,0.052,0.052,43000
NOV,20200424,0.17,0.18,0.17,0.18,108526
NOX,20200424,0.185,0.185,0.18,0.18,407599
NSB,20200424,0.19,0.19,0.18,0.18,3810
NSC,20200424,0.47,0.47,0.465,0.465,42499
NSR,20200424,1.58,1.665,1.58,1.665,5436361
NST,20200424,13.39,13.67,13.19,13.19,6314601
NSX,20200424,0.105,0.105,0.105,0.105,16428
NTD,20200424,0.26,0.26,0.25,0.25,235580
NTL,20200424,0.006,0.006,0.006,0.006,1215793
NTM,20200424,0.075,0.077,0.073,0.075,200406
NTO,20200424,1.17,1.23,1.16,1.23,24115
NTU,20200424,0.022,0.022,0.021,0.022,3203966
NUC,20200424,2.99,3,2.89,2.9,16385
NUF,20200424,4.7,4.87,4.64,4.8,1261202
NUH,20200424,0.016,0.018,0.016,0.017,1518939
NUS,20200424,0.22,0.245,0.217,0.245,149713
NVA,20200424,0.044,0.049,0.044,0.049,2691383
NVO,20200424,0.009,0.009,0.009,0.009,631794
NVU,20200424,0.06,0.06,0.06,0.06,21244
NVX,20200424,0.29,0.315,0.29,0.31,87040
NWC,20200424,0.015,0.016,0.013,0.013,13844746
NWE,20200424,0.003,0.003,0.002,0.003,31327807
NWH,20200424,1.47,1.63,1.47,1.6,2306764
NWL,20200424,7.19,7.64,7.13,7.42,569811
NWS,20200424,13.7,13.98,13.7,13.82,80022
NXS,20200424,1.53,1.58,1.485,1.565,130507
NXT,20200424,8.56,8.6,8.43,8.48,2452135
NYR,20200424,0.165,0.175,0.16,0.175,61666
NZK,20200424,1.725,1.725,1.7,1.7,2000
NZM,20200424,0.19,0.19,0.19,0.19,5000
NZS,20200424,0.018,0.018,0.017,0.018,1586933
OAU,20200424,0.019,0.019,0.019,0.019,22548
OBL,20200424,3.63,3.71,3.59,3.66,436591
OBM,20200424,0.2,0.21,0.195,0.195,2269193
OCC,20200424,0.305,0.32,0.3,0.305,678742
OCL,20200424,5.61,5.81,5.6,5.6,9348
OEC,20200424,0.68,0.695,0.665,0.695,77638
OEL,20200424,0.006,0.007,0.006,0.006,2062168
OFX,20200424,1.26,1.28,1.23,1.235,164279
OGC,20200424,2.43,2.48,2.39,2.41,816983
OIL,20200424,0.037,0.04,0.037,0.037,877532
OKJ,20200424,0.026,0.026,0.026,0.026,55000
OKR,20200424,0.13,0.13,0.13,0.13,2440
OKU,20200424,0.3,0.31,0.3,0.31,1989176
OLI,20200424,0.05,0.052,0.048,0.049,953329
OLL,20200424,0.185,0.185,0.18,0.185,122394
OMH,20200424,0.36,0.365,0.345,0.35,167456
OML,20200424,0.735,0.787,0.71,0.77,4666444
ONE,20200424,0.074,0.075,0.062,0.064,3760618
ONT,20200424,5.09,5.09,5.01,5.01,3716
OOO,20200424,3.09,3.13,2.75,2.75,4823405
OPC,20200424,4.42,4.43,4.3,4.3,461650
OPH,20200424,2.3,2.3,2.24,2.245,67088
OPL,20200424,0.075,0.075,0.075,0.075,10000
OPT,20200424,2.33,2.33,2.22,2.26,98618
OPY,20200424,0.65,0.65,0.635,0.635,28279
ORA,20200424,2.38,2.48,2.38,2.48,11989666
ORE,20200424,2.19,2.19,2.03,2.07,2121553
ORG,20200424,4.81,4.91,4.75,4.84,6623245
ORI,20200424,16.93,17,16.55,16.68,2924532
ORN,20200424,0.018,0.02,0.016,0.018,4881046
OSH,20200424,2.57,2.645,2.52,2.61,19286435
OSL,20200424,0.115,0.115,0.11,0.11,511217
OSP,20200424,0.012,0.012,0.011,0.011,650812
OSX,20200424,0.57,0.57,0.525,0.54,66833
OTW,20200424,2.99,3,2.92,2.93,5487
OVH,20200424,0.19,0.2,0.19,0.2,104837
OVN,20200424,0.26,0.275,0.26,0.275,49464
OVT,20200424,0.01,0.01,0.01,0.01,85118
OZF,20200424,13.31,13.38,13.31,13.37,667
OZL,20200424,8.59,8.665,8.4,8.51,1396797
OZR,20200424,9.55,9.62,9.55,9.62,206
PAA,20200424,0.1,0.1,0.096,0.099,95000
PAC,20200424,4.54,4.63,4.5,4.58,10943
PAF,20200424,0.675,0.685,0.67,0.67,37384
PAI,20200424,0.98,0.985,0.97,0.97,615287
PAK,20200424,0.014,0.014,0.01,0.01,1825340
PAL,20200424,0.625,0.625,0.61,0.61,13426
PAR,20200424,1.55,1.56,1.46,1.495,1240171
PBH,20200424,3.46,3.49,3.37,3.4,652407
PBP,20200424,1.85,1.89,1.815,1.87,30986
PCG,20200424,0.985,0.985,0.985,0.985,7400
PCI,20200424,0.92,0.94,0.92,0.93,277312
PCK,20200424,0.099,0.1,0.098,0.1,454203
PCL,20200424,0.001,0.001,0.001,0.001,6236710
PDI,20200424,0.07,0.071,0.065,0.066,24405395
PDL,20200424,4.8,4.97,4.76,4.86,693403
PDN,20200424,0.115,0.115,0.099,0.105,22642373
PDZ,20200424,0.12,0.12,0.12,0.12,29776
PE1,20200424,1.345,1.345,1.3,1.32,242925
PEC,20200424,0.028,0.032,0.028,0.032,264110
PEK,20200424,0.018,0.018,0.017,0.017,145707
PEN,20200424,0.19,0.195,0.155,0.18,3154595
PET,20200424,0.525,0.56,0.505,0.515,1867483
PEX,20200424,0.14,0.15,0.135,0.15,107335
PFP,20200424,2.72,2.76,2.7,2.71,31071
PG1,20200424,0.09,0.09,0.088,0.09,25008
PGC,20200424,0.165,0.165,0.16,0.16,183169
PGF,20200424,0.835,0.87,0.835,0.86,113134
PGG,20200424,1.57,1.57,1.515,1.515,151732
PGH,20200424,1.88,1.885,1.775,1.82,360297
PGL,20200424,0.78,0.78,0.715,0.72,140114
PGM,20200424,0.015,0.015,0.015,0.015,315000
PGX,20200424,0.185,0.19,0.18,0.18,59767
PIA,20200424,0.965,0.97,0.955,0.965,104459
PIC,20200424,0.78,0.79,0.775,0.78,180353
PIO,20200424,0.012,0.012,0.011,0.011,4086862
PIQ,20200424,0.3,0.31,0.3,0.31,184000
PKD,20200424,0.045,0.05,0.045,0.05,10000
PKS,20200424,0.15,0.15,0.145,0.145,314242
PL8,20200424,0.915,0.955,0.915,0.935,275733
PLL,20200424,0.078,0.08,0.078,0.08,110639
PLS,20200424,0.2,0.21,0.195,0.195,6097667
PM8,20200424,0.135,0.14,0.13,0.13,334108
PMC,20200424,1.24,1.24,1.22,1.23,788737
PME,20200424,24.5,25.05,24.2,24.57,297235
PMV,20200424,12.44,13,12.44,12.86,376437
PMY,20200424,0.004,0.005,0.003,0.004,15452284
PNC,20200424,0.23,0.23,0.2,0.22,1352467
PNI,20200424,3.58,3.73,3.56,3.67,1618177
PNN,20200424,0.002,0.002,0.002,0.002,717251
PNR,20200424,0.15,0.155,0.145,0.145,3194521
PNV,20200424,1.99,2.035,1.97,2.01,1910298
PNX,20200424,0.008,0.008,0.008,0.008,2465407
PO3,20200424,2.45,2.47,2.3,2.47,5461
POD,20200424,0.018,0.018,0.018,0.018,100000
POS,20200424,0.033,0.033,0.031,0.032,2572959
POU,20200424,19.01,19.01,19.01,19.01,1146
POW,20200424,0.004,0.004,0.004,0.004,419467
PPC,20200424,0.785,0.79,0.755,0.775,10991
PPE,20200424,1.4,1.44,1.382,1.42,136712
PPG,20200424,0.105,0.11,0.105,0.11,208115
PPH,20200424,3.99,3.99,3.8,3.88,44169
PPK,20200424,3,3,2.91,2.97,91727
PPS,20200424,0.29,0.29,0.285,0.285,188074
PPT,20200424,26.64,27.49,26.59,26.68,205362
PRN,20200424,0.77,0.79,0.745,0.765,3719239
PRO,20200424,0.42,0.42,0.41,0.41,9500
PRT,20200424,0.1,0.1,0.099,0.1,456993
PRU,20200424,1.185,1.212,1.145,1.185,6136865
PRX,20200424,0.035,0.036,0.034,0.035,909037
PSI,20200424,2.36,2.36,2.34,2.35,33826
PSQ,20200424,1.17,1.3,1.17,1.175,200506
PTB,20200424,0.47,0.47,0.45,0.45,258449
PTL,20200424,0.445,0.45,0.4,0.4,1808500
PTM,20200424,3.5,3.53,3.4,3.41,3159730
PTR,20200424,0.054,0.06,0.054,0.06,98168
PTX,20200424,0.041,0.047,0.038,0.044,5379851
PUA,20200424,0.014,0.014,0.012,0.012,4176
PVS,20200424,0.995,1,0.995,1,10273
PWG,20200424,0.79,0.81,0.79,0.79,247977
PWH,20200424,3.5,3.55,3.375,3.4,222379
PWN,20200424,0.004,0.004,0.004,0.004,394999
PXS,20200424,0.089,0.09,0.088,0.088,82747
PYC,20200424,0.075,0.076,0.074,0.076,163178
PYG,20200424,0.515,0.515,0.495,0.5,24104
QAG,20200424,4.87,4.88,4.87,4.88,2038
QAN,20200424,3.37,3.43,3.36,3.39,10257701
QAU,20200424,17,17.08,16.94,17.04,167282
QBE,20200424,7.95,8.02,7.85,7.89,6688125
QCB,20200424,5.7,5.76,5.7,5.76,7561
QEM,20200424,0.065,0.07,0.065,0.07,202000
QFN,20200424,7.41,7.47,7.41,7.47,942
QFY,20200424,0.002,0.002,0.001,0.002,5360075
QHL,20200424,0.068,0.07,0.068,0.069,204187
QIP,20200424,1.09,1.15,1.07,1.15,35730
QOZ,20200424,10.28,10.29,10.24,10.27,46245
QRE,20200424,5.27,5.28,5.26,5.26,17943
QRI,20200424,1.4,1.4,1.38,1.38,153112
QUB,20200424,2.23,2.24,2.195,2.21,3869108
QUS,20200424,32.95,32.97,32.91,32.97,3963
QVE,20200424,0.745,0.76,0.74,0.75,150868
RAC,20200424,0.26,0.265,0.26,0.26,140280
RAG,20200424,0.005,0.005,0.005,0.005,9754257
RAN,20200424,0.01,0.01,0.01,0.01,810428
RAP,20200424,0.15,0.16,0.145,0.15,1275035
RBL,20200424,0.8,0.86,0.795,0.85,1097458
RBR,20200424,0.007,0.007,0.007,0.007,488889
RCB,20200424,20.92,20.92,20.84,20.92,18387
RCE,20200424,0.37,0.37,0.355,0.36,267594
RCL,20200424,0.285,0.285,0.285,0.285,2500
RCT,20200424,1.825,1.825,1.82,1.825,7850
RCW,20200424,0.16,0.16,0.16,0.16,1355
RDC,20200424,0.62,0.63,0.62,0.62,460745
RDF,20200424,0.35,0.35,0.35,0.35,7850
RDG,20200424,0.023,0.024,0.023,0.024,444300
RDH,20200424,0.55,0.595,0.55,0.595,1968
RDM,20200424,0.078,0.078,0.078,0.078,6423
RDS,20200424,0.005,0.005,0.005,0.005,598215
RDV,20200424,20.67,20.83,20.67,20.83,2509
RDY,20200424,1.57,1.57,1.41,1.41,19009
REA,20200424,80.24,81.6,79.73,80.27,326535
RED,20200424,0.205,0.21,0.195,0.205,8546424
REE,20200424,0.03,0.032,0.028,0.029,892907
REG,20200424,1.3,1.33,1.26,1.27,1435800
REH,20200424,8.27,8.5,8.16,8.3,658322
RES,20200424,0.05,0.05,0.05,0.05,10010
REX,20200424,0.83,0.85,0.83,0.845,7281
REZ,20200424,0.014,0.014,0.013,0.014,1786171
RF1,20200424,1.93,1.97,1.93,1.97,49071
RFF,20200424,1.945,1.96,1.92,1.94,256839
RFG,20200424,0.049,0.05,0.048,0.049,563482
RFR,20200424,0.083,0.083,0.083,0.083,171752
RFT,20200424,0.028,0.029,0.028,0.028,261135
RFX,20200424,0.027,0.036,0.027,0.029,3388530
RGB,20200424,23.58,23.58,23.54,23.55,36080
RGS,20200424,0.061,0.064,0.061,0.064,100000
RHC,20200424,60.32,62.2,59.4,61.94,1271625
RHP,20200424,1.62,1.65,1.585,1.62,322168
RHT,20200424,0.12,0.12,0.115,0.115,784071
RHY,20200424,0.085,0.085,0.085,0.085,4000
RIC,20200424,0.73,0.735,0.72,0.725,152269
RIM,20200424,0.003,0.003,0.003,0.003,4589999
RIO,20200424,86.79,87.55,85.54,87.27,2749355
RKN,20200424,0.605,0.62,0.6,0.6,15882
RLC,20200424,0.002,0.002,0.002,0.002,125000
RLE,20200424,0.024,0.024,0.022,0.022,501783
RLG,20200424,0.025,0.035,0.024,0.03,47922414
RLT,20200424,1.07,1.07,1.005,1.03,21216
RMC,20200424,0.67,0.69,0.66,0.69,100185
RMD,20200424,24.9,24.96,24.66,24.89,601948
RML,20200424,0.135,0.145,0.13,0.135,4563654
RMS,20200424,1.235,1.25,1.145,1.21,12179844
RMX,20200424,0.003,0.003,0.003,0.003,420000
RMY,20200424,0.235,0.235,0.23,0.23,40278
RND,20200424,1.715,1.715,1.715,1.715,39
RNE,20200424,0.025,0.028,0.025,0.028,43846
RNT,20200424,0.04,0.04,0.039,0.039,576960
RNX,20200424,0.003,0.005,0.003,0.003,22811103
ROO,20200424,0.022,0.022,0.021,0.021,24066
RRL,20200424,4.55,4.63,4.5,4.54,4704524
RSG,20200424,0.92,0.93,0.9,0.91,7718525
RSH,20200424,0.068,0.071,0.068,0.07,378401
RSM,20200424,21.64,21.64,21.64,21.64,210
RTE,20200424,0.37,0.37,0.37,0.37,156
RTG,20200424,0.07,0.07,0.068,0.068,275000
RTR,20200424,0.067,0.07,0.065,0.07,678872
RUL,20200424,0.945,0.95,0.93,0.935,49449
RVR,20200424,0.061,0.062,0.058,0.058,1285707
RWC,20200424,2.28,2.4,2.28,2.36,3535523
RXL,20200424,0.025,0.026,0.024,0.025,5154796
RXM,20200424,0.049,0.049,0.049,0.049,88173
RXP,20200424,0.225,0.235,0.225,0.23,81563
RYD,20200424,1.26,1.26,1.26,1.26,5000
RZI,20200424,0.45,0.46,0.45,0.46,43903
S2R,20200424,0.1,0.105,0.097,0.105,136289
S32,20200424,1.845,1.865,1.83,1.845,14638710
SAR,20200424,4.36,4.47,4.29,4.4,10109090
SAU,20200424,0.135,0.135,0.13,0.13,69332
SBM,20200424,2.49,2.6,2.48,2.58,6309041
SBR,20200424,0.001,0.001,0.001,0.001,1500000
SCG,20200424,2.02,2.05,1.96,2.01,19327397
SCI,20200424,0.008,0.009,0.008,0.009,2333950
SCL,20200424,0.011,0.011,0.011,0.011,100000
SCP,20200424,2.17,2.23,2.14,2.21,4037411
SDF,20200424,2.69,2.75,2.69,2.7,2039524
SDI,20200424,0.69,0.7,0.69,0.7,3000
SDV,20200424,0.62,0.625,0.575,0.59,202556
SDX,20200424,0.055,0.055,0.053,0.053,62181
SE1,20200424,0.018,0.018,0.016,0.016,3709372
SEC,20200424,1.17,1.225,1.162,1.185,151083
SEI,20200424,0.028,0.03,0.028,0.03,135726
SEK,20200424,15.68,16.04,15.6,15.64,676340
SEN,20200424,0.044,0.044,0.043,0.044,305546
SER,20200424,0.004,0.004,0.004,0.004,150000
SES,20200424,0.049,0.049,0.049,0.049,37334
SFC,20200424,11.36,11.36,11.36,11.36,100
SFG,20200424,0.055,0.055,0.051,0.051,902804
SFR,20200424,4.14,4.24,4.14,4.22,482236
SFX,20200424,0.105,0.105,0.105,0.105,190059
SFY,20200424,48.07,48.37,47.88,48.32,14236
SGF,20200424,1.205,1.225,1.15,1.2,205808
SGH,20200424,0.6,0.605,0.6,0.605,12807
SGI,20200424,0.07,0.07,0.069,0.07,119600
SGM,20200424,6.34,6.44,6.23,6.25,592251
SGP,20200424,2.6,2.695,2.59,2.66,6567482
SGQ,20200424,0.096,0.096,0.094,0.094,714805
SGR,20200424,2.35,2.42,2.33,2.39,2877063
SHJ,20200424,0.77,0.8,0.77,0.8,10097
SHL,20200424,24.87,25.11,24.36,24.48,3840987
SHM,20200424,0.47,0.47,0.46,0.46,3370
SHO,20200424,0.025,0.026,0.025,0.026,57378
SHV,20200424,7.55,7.61,6.97,7.18,274404
SIG,20200424,0.605,0.605,0.585,0.595,993806
SIQ,20200424,4.91,5,4.85,4.85,332468
SKC,20200424,2.01,2.16,1.98,1.99,1445157
SKF,20200424,0.145,0.145,0.125,0.125,205465
SKI,20200424,1.95,1.995,1.95,1.99,4194597
SKN,20200424,0.082,0.091,0.079,0.086,10003908
SKO,20200424,2.41,2.5,2.25,2.29,25951
SKT,20200424,0.285,0.285,0.27,0.275,214651
SKY,20200424,0.28,0.3,0.27,0.3,705608
SLC,20200424,0.825,0.825,0.755,0.76,461260
SLF,20200424,9.45,9.61,9.35,9.56,173316
SLK,20200424,3.25,3.35,3.225,3.32,150711
SLM,20200424,0.765,0.765,0.75,0.765,129320
SLR,20200424,2,2.02,1.92,1.965,9491027
SLX,20200424,0.33,0.33,0.315,0.315,36229
SM1,20200424,6.72,6.78,6.58,6.69,38744
SMI,20200424,0.003,0.003,0.003,0.003,10830752
SMN,20200424,0.44,0.44,0.44,0.44,24028
SMP,20200424,0.41,0.43,0.41,0.41,70053
SMR,20200424,1.02,1.02,1.015,1.02,1379523
SMX,20200424,0.24,0.24,0.24,0.24,41538
SNC,20200424,0.66,0.69,0.66,0.69,168585
SND,20200424,0.48,0.5,0.44,0.44,96940
SNL,20200424,3.56,3.56,3.47,3.49,4512
SNS,20200424,0.11,0.11,0.097,0.097,105454
SNZ,20200424,5.99,6.01,5.99,6,23467
SO4,20200424,0.325,0.345,0.325,0.335,1364534
SOL,20200424,17.06,17.71,17.06,17.36,314021
SOM,20200424,1.13,1.15,1.13,1.15,19450
SOR,20200424,0.045,0.049,0.045,0.047,254422
SP3,20200424,0.06,0.061,0.057,0.061,560923
SPK,20200424,4.14,4.2,4.13,4.14,816947
SPL,20200424,0.965,0.965,0.92,0.94,349206
SPT,20200424,0.48,0.505,0.47,0.495,402278
SPX,20200424,0.145,0.145,0.135,0.14,2223115
SPY,20200424,441.31,441.31,434.6,437.23,425
SPZ,20200424,0.1,0.1,0.1,0.1,10000
SRG,20200424,0.275,0.28,0.275,0.275,95740
SRI,20200424,0.045,0.045,0.043,0.043,109872
SRK,20200424,0.04,0.04,0.04,0.04,20000
SRV,20200424,2.33,2.45,2.3,2.45,25298
SSG,20200424,0.415,0.415,0.4,0.41,31243
SSM,20200424,1.83,1.915,1.83,1.86,2073771
SSO,20200424,12.09,12.09,12.09,12.09,772
ST1,20200424,0.13,0.135,0.125,0.13,301740
STA,20200424,0.12,0.12,0.12,0.12,100000
STG,20200424,0.68,0.735,0.68,0.735,17010
STO,20200424,4.3,4.42,4.28,4.34,9609824
STW,20200424,48.28,48.79,48.2,48.59,132828
STX,20200424,0.125,0.127,0.115,0.125,3315179
SUD,20200424,0.048,0.048,0.047,0.047,162246
SUL,20200424,5.49,5.65,5.315,5.54,1381211
SUN,20200424,8.85,9.23,8.84,8.92,7001435
SVL,20200424,0.087,0.087,0.084,0.086,1264929
SVM,20200424,0.12,0.12,0.12,0.12,38304
SVW,20200424,12.93,13.45,12.76,13.2,370593
SVY,20200424,0.42,0.42,0.39,0.4,224108
SW1,20200424,0.017,0.018,0.015,0.018,1368132
SWF,20200424,0.155,0.16,0.155,0.16,485000
SWK,20200424,0.13,0.13,0.125,0.125,95640
SWM,20200424,0.087,0.088,0.083,0.085,2661992
SXE,20200424,0.41,0.41,0.4,0.41,1108595
SXL,20200424,0.12,0.135,0.115,0.13,25870995
SXY,20200424,0.205,0.215,0.205,0.205,3275081
SYA,20200424,0.008,0.008,0.008,0.008,800000
SYD,20200424,5.5,5.6,5.5,5.55,12578220
SYI,20200424,21.45,21.58,21.425,21.49,727
SYR,20200424,0.215,0.22,0.205,0.21,2967690
SYT,20200424,0.001,0.001,0.001,0.001,500000
SZL,20200424,1.4,1.45,1.39,1.45,114762
TAH,20200424,2.79,2.8,2.76,2.78,7679686
TAM,20200424,0.042,0.046,0.042,0.046,3003561
TAO,20200424,0.049,0.049,0.049,0.049,51327
TAP,20200424,0.09,0.09,0.074,0.075,912975
TAS,20200424,0.036,0.038,0.036,0.038,700000
TBR,20200424,6,6.08,5.9,5.9,18493
TCL,20200424,12.39,12.59,12.32,12.44,5290048
TD1,20200424,0.028,0.03,0.028,0.03,4189873
TDI,20200424,1.485,1.495,1.45,1.495,39826
TDY,20200424,0.17,0.17,0.17,0.17,16898
TEG,20200424,0.025,0.025,0.022,0.022,1815226
TEK,20200424,0.185,0.2,0.185,0.2,156982
TER,20200424,0.1,0.1,0.098,0.1,283387
TFL,20200424,0.091,0.091,0.09,0.09,79288
TGA,20200424,0.14,0.16,0.13,0.155,4646562
TGF,20200424,1.12,1.16,1.09,1.16,51667
TGG,20200424,1.115,1.13,1.115,1.125,127786
TGM,20200424,0.245,0.25,0.215,0.235,456001
TGO,20200424,0.05,0.05,0.05,0.05,60000
TGP,20200424,0.88,0.89,0.85,0.85,104235
TGR,20200424,3.71,3.76,3.68,3.73,621750
THC,20200424,0.315,0.315,0.305,0.31,108228
THR,20200424,0.006,0.006,0.006,0.006,165000
TIA,20200424,0.28,0.3,0.28,0.3,2812
TIE,20200424,0.265,0.275,0.26,0.275,832456
TIP,20200424,0.62,0.62,0.605,0.605,6322
TLG,20200424,0.29,0.29,0.285,0.29,42026
TLS,20200424,3.02,3.07,3.02,3.05,28418556
TLT,20200424,2.95,2.96,2.95,2.96,7142
TLX,20200424,1.14,1.15,1.085,1.1,977105
TMG,20200424,0.05,0.052,0.05,0.052,47314
TMK,20200424,0.005,0.006,0.005,0.006,949687
TML,20200424,0.07,0.07,0.07,0.07,7600
TMR,20200424,0.18,0.18,0.17,0.17,103555
TMX,20200424,0.005,0.005,0.005,0.005,6000161
TNE,20200424,8.37,8.6,8.37,8.45,480289
TNG,20200424,0.059,0.059,0.055,0.055,50041
TNR,20200424,0.016,0.016,0.016,0.016,250000
TNT,20200424,0.054,0.054,0.05,0.05,2194605
TNY,20200424,1.01,1.045,1.01,1.03,12597
TOE,20200424,0.008,0.008,0.008,0.008,778898
TON,20200424,0.031,0.031,0.03,0.031,747499
TOP,20200424,0.385,0.39,0.38,0.39,64049
TOT,20200424,0.89,0.89,0.875,0.885,70442
TOU,20200424,0.083,0.083,0.083,0.083,6250
TPM,20200424,7.32,7.47,7.32,7.37,726481
TPW,20200424,3.4,3.41,3.27,3.41,398273
TRL,20200424,0.012,0.012,0.012,0.012,250000
TRS,20200424,2.75,2.84,2.68,2.78,147019
TRY,20200424,0.081,0.082,0.08,0.082,911626
TSC,20200424,0.006,0.006,0.005,0.006,7585667
TSL,20200424,0.035,0.035,0.034,0.034,99679
TSO,20200424,0.072,0.072,0.06,0.063,5116173
TTA,20200424,0.011,0.011,0.011,0.011,201223
TTB,20200424,0.35,0.37,0.35,0.37,35010
TTM,20200424,0.061,0.061,0.057,0.057,110000
TTT,20200424,0.75,0.75,0.715,0.715,129035
TWD,20200424,2.39,2.4,2.39,2.39,4500
TWE,20200424,9.8,9.875,9.71,9.71,5344556
TWR,20200424,0.555,0.555,0.555,0.555,750
TYR,20200424,2.74,2.78,2.63,2.65,894091
TZL,20200424,0.05,0.053,0.05,0.051,263337
UBA,20200424,16.5,17.44,16.5,17.4,14954
UBE,20200424,19.91,19.95,19.91,19.95,3476
UBI,20200424,0.2,0.2,0.19,0.19,118427
UBN,20200424,0.048,0.049,0.048,0.049,430185
UBP,20200424,28.09,28.09,28.09,28.09,155
UBU,20200424,30.8,30.8,30.8,30.8,2592
UBW,20200424,27.39,27.43,27.39,27.43,3095
UCM,20200424,0.21,0.22,0.205,0.21,120000
UCW,20200424,0.093,0.093,0.093,0.093,1491
UMG,20200424,4.45,4.47,4.36,4.36,709392
UNL,20200424,0.025,0.025,0.025,0.025,81817
UOS,20200424,0.7,0.7,0.68,0.68,9228
URF,20200424,0.23,0.23,0.23,0.23,76471
URW,20200424,4.37,4.41,4.32,4.34,552714
USD,20200424,15.25,15.35,15.25,15.35,136561
UUV,20200424,0.001,0.002,0.001,0.002,1599999
UWL,20200424,1.32,1.39,1.315,1.37,1030935
VAE,20200424,64.81,64.81,64.11,64.75,4710
VAF,20200424,52.41,52.41,52.29,52.31,66302
VAL,20200424,0.001,0.001,0.001,0.001,1165000
VAN,20200424,0.13,0.13,0.12,0.12,87967
VAP,20200424,61.3,61.45,59.8,61.15,115575
VAS,20200424,65.97,66.72,65.9,66.43,213745
VCF,20200424,49.18,49.3,49.06,49.3,10225
VCX,20200424,1.255,1.315,1.24,1.285,13321078
VEA,20200424,1.38,1.4,1.355,1.36,1858061
VEN,20200424,0.041,0.045,0.038,0.039,502992
VEQ,20200424,50.1,50.1,49.25,49.45,5782
VEU,20200424,66.97,66.97,66.03,66.42,71536
VG1,20200424,2.15,2.16,2.14,2.15,139788
VG8,20200424,2.15,2.17,2.15,2.17,82488
VGB,20200424,53.56,53.69,53.56,53.68,12297
VGE,20200424,61.8,61.8,61.01,61.65,5356
VGI,20200424,9.7,9.99,9.64,9.89,7945
VGL,20200424,1.18,1.19,1.17,1.17,13761
VGS,20200424,74.47,74.47,74,74.3,48110
VHT,20200424,1.3,1.3,1.265,1.28,605976
VHY,20200424,45,45.21,44.84,45.12,36687
VIC,20200424,0.001,0.001,0.001,0.001,1420000
VIF,20200424,51.47,51.87,51.47,51.84,4423
VIP,20200424,0.051,0.052,0.045,0.046,3984543
VLC,20200424,54,54.35,54,54.34,710
VLT,20200424,0.165,0.17,0.155,0.17,27555
VMC,20200424,0.175,0.175,0.175,0.175,50000
VML,20200424,0.01,0.01,0.009,0.009,3870000
VMS,20200424,0.014,0.014,0.014,0.014,82000
VMT,20200424,0.14,0.145,0.14,0.145,209173
VMX,20200424,0.155,0.16,0.155,0.16,187000
VMY,20200424,0.046,0.048,0.045,0.046,567062
VN8,20200424,0.1,0.105,0.1,0.105,99921
VOC,20200424,2.65,2.69,2.65,2.66,852506
VOR,20200424,0.098,0.098,0.092,0.097,40998
VR1,20200424,0.018,0.019,0.018,0.019,353000
VRC,20200424,0.006,0.006,0.005,0.006,974745
VRL,20200424,1.8,1.845,1.71,1.845,106180
VRS,20200424,0.02,0.02,0.019,0.019,127945
VRT,20200424,2.74,3.09,2.73,2.9,930609
VRX,20200424,0.076,0.08,0.075,0.077,48837
VSO,20200424,46.38,46.89,46.38,46.73,5930
VTG,20200424,0.95,0.99,0.92,0.94,630071
VTH,20200424,0.685,0.685,0.68,0.68,86006
VTS,20200424,217.54,218.38,217.1,218.17,11341
VUK,20200424,1.32,1.35,1.295,1.295,2559467
VUL,20200424,0.19,0.19,0.19,0.19,20000
VVA,20200424,1.885,1.95,1.86,1.895,29024
VVR,20200424,2.37,2.4,2.335,2.37,1819185
VXR,20200424,0.069,0.07,0.069,0.07,335483
VYS,20200424,0.05,0.053,0.05,0.053,240000
WAA,20200424,0.87,0.87,0.87,0.87,15500
WAF,20200424,0.635,0.635,0.595,0.605,7058517
WAM,20200424,1.78,1.805,1.765,1.795,394318
WAX,20200424,1.135,1.17,1.125,1.15,103001
WBC,20200424,15.2,15.45,15.16,15.33,9053149
WBE,20200424,0.004,0.005,0.004,0.005,14397776
WBT,20200424,0.37,0.375,0.37,0.375,26008
WCN,20200424,0.004,0.004,0.004,0.004,712700
WEB,20200424,2.29,2.53,2.28,2.5,4325406
WEC,20200424,0.074,0.08,0.074,0.08,103944
WEL,20200424,0.018,0.018,0.018,0.018,81322
WES,20200424,36.2,36.9,36.15,36.65,3347201
WGB,20200424,1.86,1.86,1.795,1.795,273299
WGN,20200424,0.71,0.73,0.65,0.65,410031
WGO,20200424,0.12,0.125,0.12,0.12,206253
WGX,20200424,2.16,2.22,2.12,2.14,1071759
WHC,20200424,1.77,1.815,1.74,1.79,5554440
WHF,20200424,4.42,4.42,4.33,4.39,31431
WHK,20200424,0.057,0.057,0.055,0.055,79977
WJA,20200424,0.081,0.081,0.078,0.078,207300
WKT,20200424,0.13,0.13,0.125,0.125,145909
WLD,20200424,0.042,0.045,0.041,0.045,227346
WLE,20200424,0.945,0.96,0.945,0.955,540899
WMI,20200424,1.04,1.05,1.03,1.05,70751
WML,20200424,0.012,0.012,0.011,0.011,453812
WNB,20200424,0.012,0.012,0.011,0.011,10658717
WND,20200424,0.95,0.95,0.94,0.94,46265
WOR,20200424,6.8,7.02,6.79,6.9,1683542
WOW,20200424,36.15,36.4,35.725,35.89,2872463
WPL,20200424,20.41,20.68,20.23,20.36,3631007
WPP,20200424,0.24,0.25,0.23,0.235,205256
WQG,20200424,1.105,1.135,1.105,1.13,41038
WRM,20200424,0.003,0.004,0.003,0.004,3000000
WSA,20200424,2.12,2.19,2.075,2.1,2674848
WSI,20200424,0.014,0.014,0.014,0.014,183360
WSP,20200424,1.71,1.785,1.69,1.775,285931
WTC,20200424,16,16.46,15.62,16.24,1121383
WZR,20200424,0.12,0.125,0.115,0.12,2763097
XF1,20200424,0.089,0.098,0.089,0.09,401163
XPE,20200424,0.001,0.001,0.001,0.001,3900000
XRF,20200424,0.202,0.21,0.2,0.2,228171
XRO,20200424,76,76.96,75.7,76.13,352971
XTC,20200424,0.004,0.004,0.004,0.004,10690512
XTE,20200424,0.55,0.61,0.55,0.6,199454
YAL,20200424,2.13,2.15,2.09,2.11,15077
YBR,20200424,0.058,0.058,0.058,0.058,3000
YOJ,20200424,0.029,0.029,0.029,0.029,390001
YOW,20200424,0.037,0.037,0.037,0.037,8255
YPB,20200424,0.003,0.003,0.003,0.003,1650000
YRL,20200424,0.195,0.2,0.195,0.2,77392
Z1P,20200424,1.965,2.01,1.91,1.92,4358764
ZEL,20200424,2.96,3.08,2.92,3.04,16536
ZEN,20200424,1.01,1.01,0.99,0.99,362924
ZIM,20200424,10.71,10.98,10.7,10.83,5018
ZLD,20200424,0.047,0.047,0.045,0.046,252523
ZNO,20200424,1.72,1.76,1.605,1.64,852527
XAF,20200424,5147,5195.9,5139.9,5178.2,0
XAO,20200424,5272.8,5321.4,5265.5,5300.7,1044956200
XAT,20200424,5164.4,5213.3,5156.3,5192.5,0
XDJ,20200424,1974.4,1988.3,1953.5,1977.3,0
XEC,20200424,1079.8,1097.5,1079.8,1093,0
XEJ,20200424,6403.4,6601.5,6403.4,6532,0
XFJ,20200424,4129,4172.7,4105.4,4121.8,0
XFL,20200424,5176.1,5224.7,5168.2,5206.6,0
XGD,20200424,7305.5,7470.9,7305.5,7363.9,0
XHJ,20200424,42426.4,43246.6,42286.5,43130.5,0
XIJ,20200424,1164.9,1179.5,1157.4,1167.6,0
XJO,20200424,5217.1,5263.8,5207.5,5242.6,0
XJR,20200424,3767.9,3848.4,3767.9,3832.9,0
XKO,20200424,5177.2,5223.9,5168.4,5203.3,0
XMD,20200424,5614.4,5652.8,5589.7,5613.4,0
XMJ,20200424,11345.9,11527.2,11345.9,11485.2,0
XMM,20200424,3790.3,3865.5,3790.3,3851.4,0
XNJ,20200424,5166.3,5185.6,5100.8,5131.1,0
XPJ,20200424,1081.7,1089.9,1059.2,1082.5,0
XSJ,20200424,12038,12126.4,11965.7,12011.4,0
XSO,20200424,2225.4,2245.6,2223,2236.9,0
XTJ,20200424,1042.2,1058,1042.2,1051.3,0
XTL,20200424,2937.9,2967.1,2933.8,2957.8,0
XTO,20200424,4323.1,4362.1,4315.4,4344.8,0
XUJ,20200424,7576.5,7621.8,7501.8,7604.2,0
XXJ,20200424,4605.2,4653.9,4578.9,4597.2,0
