360,20200507,1.99,2.03,1.9,2.03,2638045
14D,20200507,0.165,0.175,0.165,0.175,282006
1AD,20200507,0.061,0.061,0.06,0.06,84588
1ST,20200507,0.033,0.035,0.031,0.033,3579794
2BE,20200507,0.1,0.1,0.1,0.1,80000
3DA,20200507,0.17,0.17,0.165,0.165,176545
3DP,20200507,0.032,0.033,0.032,0.032,264054
3PL,20200507,0.755,0.755,0.75,0.75,15200
4DS,20200507,0.052,0.053,0.051,0.051,1252016
5GN,20200507,0.915,0.93,0.89,0.89,434208
88E,20200507,0.006,0.007,0.005,0.006,120272732
9SP,20200507,0.016,0.016,0.015,0.015,1386897
A1G,20200507,0.08,0.08,0.08,0.08,6250
A2B,20200507,0.74,0.74,0.68,0.69,55312
A2M,20200507,18.61,18.75,18.29,18.3,2710873
A3D,20200507,0.08,0.082,0.077,0.077,105082
A4N,20200507,0.145,0.17,0.145,0.165,244116
AAA,20200507,50.08,50.08,50.07,50.075,43473
AAC,20200507,1.13,1.15,1.105,1.105,168250
AAJ,20200507,0.002,0.002,0.002,0.002,100000
AAR,20200507,0.145,0.155,0.145,0.15,2311608
ABA,20200507,4.36,4.42,4.36,4.42,5868
ABC,20200507,2.49,2.59,2.46,2.56,2464747
ABP,20200507,2.43,2.47,2.41,2.42,518361
ABR,20200507,0.365,0.375,0.36,0.36,305024
ABT,20200507,0.016,0.017,0.015,0.017,864170
AC8,20200507,0.175,0.18,0.17,0.175,1951441
ACB,20200507,0.014,0.018,0.014,0.018,686362
ACF,20200507,0.225,0.235,0.22,0.225,459770
ACP,20200507,0.009,0.009,0.009,0.009,56000
ACQ,20200507,0.85,0.88,0.85,0.88,128853
ACR,20200507,0.135,0.135,0.13,0.135,140990
ACU,20200507,0.069,0.075,0.066,0.07,977997
ACW,20200507,0.02,0.02,0.02,0.02,399002
AD8,20200507,5.99,6.25,5.81,5.94,329700
ADA,20200507,0.415,0.42,0.415,0.42,16689
ADD,20200507,0.013,0.013,0.013,0.013,111112
ADH,20200507,1.485,1.54,1.43,1.53,996305
ADI,20200507,2.11,2.11,2.06,2.07,123982
ADJ,20200507,0.019,0.02,0.019,0.02,33458
ADN,20200507,0.048,0.049,0.046,0.046,9285681
ADO,20200507,0.02,0.021,0.02,0.021,1359913
ADR,20200507,0.029,0.029,0.026,0.026,823651
ADT,20200507,1.29,1.29,1.265,1.275,54924
ADX,20200507,0.006,0.007,0.006,0.006,1362911
AEE,20200507,0.004,0.005,0.003,0.005,27601648
AEF,20200507,4.82,5.1,4.75,5,200898
AEG,20200507,1.14,1.14,1.095,1.115,93239
AEI,20200507,0.645,0.655,0.615,0.615,1071447
AER,20200507,0.08,0.083,0.08,0.083,35000
AEV,20200507,0.009,0.009,0.009,0.009,555000
AFG,20200507,1.45,1.45,1.375,1.4,410284
AFI,20200507,5.76,5.77,5.71,5.71,245465
AFL,20200507,0.165,0.165,0.165,0.165,200000
AFR,20200507,0.022,0.022,0.022,0.022,204651
AGD,20200507,0.155,0.16,0.155,0.16,55872
AGE,20200507,0.004,0.005,0.004,0.005,136978998
AGG,20200507,8.3,8.3,7.91,8.03,23049
AGH,20200507,0.39,0.395,0.385,0.395,190010
AGI,20200507,0.43,0.445,0.43,0.43,116969
AGL,20200507,16.46,16.68,16.26,16.39,2441917
AGR,20200507,0.08,0.08,0.08,0.08,7199
AGY,20200507,0.044,0.053,0.043,0.051,3753612
AHF,20200507,0.081,0.081,0.08,0.081,450000
AHL,20200507,0.005,0.005,0.005,0.005,75036
AHQ,20200507,0.076,0.076,0.076,0.076,71428
AHX,20200507,0.485,0.49,0.48,0.48,46998
AHY,20200507,1.005,1.015,0.997,1.015,205385
AHZ,20200507,7.63,7.63,7.42,7.42,823
AIA,20200507,5.41,5.44,5.33,5.39,431897
AIS,20200507,0.043,0.043,0.041,0.041,248343
AIZ,20200507,1.18,1.18,1.15,1.165,2012617
AJC,20200507,0.001,0.001,0.001,0.001,10000000
AJL,20200507,0.052,0.052,0.052,0.052,20000
AJM,20200507,0.039,0.039,0.037,0.037,3244078
AJQ,20200507,0.034,0.034,0.034,0.034,200000
AKG,20200507,0.31,0.31,0.29,0.29,24238
AKM,20200507,0.081,0.081,0.08,0.08,90422
AKP,20200507,14.8,15,14.8,15,20706
AL3,20200507,0.185,0.185,0.175,0.18,628826
AL8,20200507,0.017,0.017,0.017,0.017,141000
ALC,20200507,0.16,0.162,0.155,0.155,1163545
ALF,20200507,0.855,0.855,0.85,0.855,138412
ALG,20200507,0.32,0.32,0.3,0.315,2679897
ALI,20200507,2.12,2.14,2.12,2.14,25754
ALK,20200507,0.735,0.75,0.72,0.74,1780000
ALL,20200507,24.23,25.22,24.13,25,5069331
ALQ,20200507,6.65,6.66,6.25,6.39,1918328
ALT,20200507,0.002,0.002,0.002,0.002,225201
ALU,20200507,35.5,36.24,35.23,36.12,712603
ALX,20200507,5.8,5.92,5.75,5.87,3770867
AMA,20200507,0.39,0.42,0.385,0.415,5793218
AMC,20200507,13.36,13.5,13.15,13.22,2857315
AMD,20200507,0.006,0.006,0.006,0.006,1608181
AME,20200507,0.063,0.063,0.063,0.063,15000
AMG,20200507,0.04,0.043,0.039,0.041,480097
AMH,20200507,0.84,0.855,0.84,0.85,160753
AMI,20200507,0.32,0.325,0.31,0.315,2813800
AML,20200507,0.091,0.091,0.088,0.09,85000
AMN,20200507,0.34,0.34,0.34,0.34,15466
AMO,20200507,0.05,0.05,0.05,0.05,45000
AMP,20200507,1.37,1.38,1.345,1.365,8348474
AMS,20200507,0.53,0.54,0.5,0.53,153795
AMT,20200507,0.12,0.12,0.12,0.12,3334
AMX,20200507,1.65,1.665,1.57,1.58,49847
ANA,20200507,0.007,0.007,0.006,0.006,1425358
ANL,20200507,0.002,0.002,0.002,0.002,490023
ANN,20200507,29.79,30.04,29.47,29.91,471919
ANO,20200507,4.58,4.58,4.47,4.49,3330
ANP,20200507,0.048,0.048,0.048,0.048,250675
ANR,20200507,0.2,0.205,0.19,0.205,11000
ANW,20200507,0.001,0.001,0.001,0.001,7909858
ANZ,20200507,16.05,16.1,15.85,15.85,8288031
AO1,20200507,0.01,0.011,0.009,0.009,5218025
AOF,20200507,2.02,2.02,1.97,1.98,61977
AON,20200507,0.018,0.018,0.018,0.018,400000
AOP,20200507,0.245,0.255,0.23,0.24,185196
APA,20200507,11.24,11.33,11.06,11.11,2002874
APC,20200507,0.048,0.051,0.048,0.051,2126116
APD,20200507,0.465,0.48,0.465,0.48,91785
APE,20200507,4.5,4.61,4.4,4.56,1603111
APH,20200507,0.145,0.145,0.13,0.13,16000
API,20200507,1.09,1.1,1.07,1.07,1490514
APL,20200507,0.935,0.94,0.93,0.94,618982
APT,20200507,39.21,39.73,38.52,39.5,2356639
APV,20200507,0.16,0.16,0.16,0.16,7500
APW,20200507,1.145,1.145,1.145,1.145,4725
APX,20200507,28.5,29.48,28,29.05,1182004
APZ,20200507,1.08,1.08,1.05,1.05,855
AQC,20200507,0.12,0.12,0.12,0.12,17500
AQD,20200507,0.013,0.013,0.011,0.011,5706423
AQG,20200507,8.25,8.575,8.19,8.5,512702
AQI,20200507,0.08,0.08,0.077,0.077,706266
AQR,20200507,3.2,3.23,3.18,3.2,92069
AQX,20200507,0.019,0.019,0.019,0.019,447756
AQZ,20200507,2.03,2.08,2.01,2.05,48469
ARB,20200507,14.49,14.88,14.26,14.88,195335
ARD,20200507,0.015,0.015,0.013,0.013,3432150
ARE,20200507,0.004,0.004,0.004,0.004,1100000
ARF,20200507,2.11,2.23,2.11,2.17,323144
ARG,20200507,7.2,7.27,7.2,7.2,125668
ARL,20200507,0.25,0.255,0.25,0.255,35143
ARM,20200507,0.012,0.012,0.012,0.012,2597732
ARN,20200507,0.13,0.16,0.125,0.15,581689
ARQ,20200507,0.093,0.098,0.09,0.091,661640
ARS,20200507,0.045,0.046,0.041,0.042,42113835
ARU,20200507,0.073,0.074,0.071,0.072,539675
ARV,20200507,0.031,0.031,0.03,0.03,2589851
AS1,20200507,0.14,0.145,0.135,0.145,68572
ASB,20200507,2.84,2.89,2.795,2.82,2264017
ASH,20200507,0.3,0.32,0.3,0.31,36480
ASN,20200507,0.017,0.018,0.016,0.018,6845752
AST,20200507,1.9,1.96,1.9,1.95,11152142
ASX,20200507,83.67,83.67,80.205,80.98,605415
AT1,20200507,0.5,0.51,0.445,0.445,20522469
ATC,20200507,0.044,0.044,0.043,0.043,709938
ATH,20200507,0.019,0.019,0.019,0.019,30000
ATL,20200507,0.275,0.29,0.275,0.29,139445
ATS,20200507,0.023,0.025,0.022,0.024,5020831
ATU,20200507,0.24,0.24,0.23,0.23,37125
ATX,20200507,0.1,0.105,0.1,0.1,80590
AUB,20200507,12.04,12.09,11.74,11.77,386623
AUC,20200507,0.014,0.014,0.014,0.014,57142
AUI,20200507,7.69,7.74,7.69,7.74,14752
AUL,20200507,0.235,0.235,0.23,0.235,95514
AUR,20200507,0.017,0.017,0.017,0.017,40000
AUT,20200507,0.048,0.054,0.045,0.052,7187199
AUZ,20200507,0.009,0.01,0.009,0.009,3494989
AV1,20200507,0.091,0.091,0.09,0.09,112222
AVA,20200507,0.15,0.165,0.15,0.157,449158
AVC,20200507,0.215,0.23,0.215,0.22,432784
AVE,20200507,0.007,0.008,0.007,0.007,4855300
AVG,20200507,0.41,0.42,0.41,0.42,11088
AVH,20200507,0.435,0.467,0.425,0.46,14564144
AVJ,20200507,0.37,0.37,0.362,0.37,81280
AVL,20200507,0.009,0.01,0.009,0.01,4160167
AVN,20200507,1.68,1.775,1.68,1.7,663382
AVW,20200507,0.001,0.001,0.001,0.001,100000
AVZ,20200507,0.065,0.066,0.063,0.064,7122971
AWC,20200507,1.58,1.595,1.55,1.58,11159713
AWV,20200507,0.008,0.008,0.008,0.008,50000
AWY,20200507,0.86,0.87,0.86,0.87,17926
AX1,20200507,1.18,1.205,1.14,1.195,1518416
AX8,20200507,0.016,0.016,0.016,0.016,95000
AXE,20200507,0.315,0.35,0.29,0.32,5527673
AYM,20200507,0.002,0.002,0.002,0.002,171650
AYR,20200507,0.015,0.015,0.015,0.015,712063
AYS,20200507,0.305,0.32,0.305,0.32,33650
AZI,20200507,0.005,0.005,0.005,0.005,2850000
AZJ,20200507,4.53,4.59,4.49,4.58,8682917
AZS,20200507,0.072,0.072,0.07,0.071,244929
AZV,20200507,0.076,0.076,0.076,0.076,31556
AZY,20200507,0.02,0.023,0.02,0.022,13657993
BAF,20200507,0.73,0.73,0.715,0.715,80913
BAP,20200507,4.8,5.03,4.74,5,1933910
BAR,20200507,0.02,0.02,0.019,0.019,276364
BAT,20200507,0.005,0.006,0.005,0.005,308793
BBC,20200507,0.415,0.415,0.405,0.41,12189
BBL,20200507,0.41,0.41,0.41,0.41,5000
BBN,20200507,2.58,2.71,2.58,2.68,321004
BBX,20200507,0.09,0.099,0.09,0.091,69340
BC8,20200507,0.42,0.425,0.42,0.425,50019
BCB,20200507,0.046,0.048,0.045,0.045,1447328
BCI,20200507,0.14,0.145,0.14,0.145,73497
BCN,20200507,0.041,0.041,0.039,0.04,419994
BCT,20200507,0.058,0.059,0.058,0.058,1101341
BD1,20200507,0.026,0.026,0.025,0.025,3665568
BDA,20200507,0.355,0.355,0.315,0.325,543029
BDC,20200507,0.077,0.078,0.076,0.077,2355108
BEE,20200507,0.013,0.013,0.012,0.012,305993
BEL,20200507,0.028,0.028,0.028,0.028,2768
BEN,20200507,6,6.05,5.86,5.92,2851411
BET,20200507,0.265,0.27,0.265,0.27,769095
BFC,20200507,0.063,0.067,0.06,0.062,1320563
BFG,20200507,1.11,1.13,1.075,1.13,223385
BGA,20200507,5,5.06,4.85,5,577881
BGL,20200507,0.61,0.61,0.587,0.59,1641142
BGT,20200507,0.18,0.18,0.18,0.18,24000
BHP,20200507,30.7,31.04,30.58,31,6332297
BID,20200507,0.74,0.745,0.715,0.715,192000
BIN,20200507,2.07,2.11,2.02,2.05,4990192
BIQ,20200507,0.004,0.005,0.004,0.005,844205
BIS,20200507,0.99,0.99,0.99,0.99,1217
BIT,20200507,0.1,0.102,0.099,0.099,2265064
BKI,20200507,1.365,1.365,1.34,1.365,157269
BKL,20200507,76,78.13,75.95,77.34,46989
BKT,20200507,0.037,0.039,0.037,0.038,299754
BKW,20200507,13.28,13.28,13.07,13.26,288308
BKY,20200507,0.29,0.315,0.29,0.295,1728601
BLD,20200507,2.65,2.8,2.6,2.74,11935607
BLG,20200507,0.023,0.023,0.022,0.022,688117
BLK,20200507,0.011,0.011,0.01,0.01,7394288
BLU,20200507,0.016,0.017,0.016,0.016,2921493
BLV,20200507,0.18,0.18,0.18,0.18,1997
BLX,20200507,0.7,0.75,0.68,0.71,156591
BLY,20200507,0.66,0.66,0.66,0.66,6507
BLZ,20200507,0.008,0.013,0.007,0.013,800213
BMN,20200507,0.041,0.044,0.04,0.041,4171240
BNL,20200507,0.005,0.005,0.005,0.005,33793
BNO,20200507,0.048,0.048,0.043,0.043,428388
BNR,20200507,0.047,0.047,0.046,0.046,246760
BOA,20200507,0.185,0.24,0.185,0.23,29372
BOC,20200507,0.205,0.25,0.205,0.215,40988
BOE,20200507,0.073,0.074,0.07,0.073,1909432
BOL,20200507,0.094,0.094,0.09,0.09,13000
BOQ,20200507,4.73,4.77,4.68,4.69,2253378
BOT,20200507,0.044,0.044,0.042,0.042,4309628
BPL,20200507,0.015,0.017,0.015,0.017,663876
BPT,20200507,1.47,1.52,1.465,1.505,21147521
BRB,20200507,0.22,0.225,0.22,0.22,186022
BRG,20200507,18.11,18.51,17.78,18.51,418248
BRI,20200507,1.365,1.365,1.365,1.365,400
BRK,20200507,0.005,0.006,0.005,0.005,1481100
BRL,20200507,0.059,0.059,0.056,0.058,249556
BRN,20200507,0.05,0.051,0.049,0.049,3648415
BRU,20200507,0.087,0.092,0.087,0.092,293929
BRV,20200507,0.027,0.027,0.025,0.026,3126781
BSA,20200507,0.265,0.275,0.26,0.26,177325
BSE,20200507,0.13,0.13,0.125,0.13,2654791
BSL,20200507,10,10.14,9.86,10.07,3872195
BSX,20200507,0.15,0.16,0.15,0.15,368602
BTC,20200507,0.075,0.075,0.075,0.075,1319
BTH,20200507,0.71,0.755,0.69,0.75,2563618
BTI,20200507,0.72,0.725,0.72,0.72,46927
BUB,20200507,0.96,1.007,0.96,0.99,10940845
BUD,20200507,0.009,0.009,0.008,0.009,2139207
BUY,20200507,0.008,0.008,0.008,0.008,1000000
BVS,20200507,4.87,4.89,4.7,4.73,981711
BWF,20200507,0.29,0.315,0.29,0.31,64008
BWP,20200507,3.56,3.6,3.54,3.54,1831072
BWR,20200507,1.255,1.26,1.255,1.26,10732
BWX,20200507,3.65,3.71,3.575,3.7,234548
BXB,20200507,10.98,11.1,10.56,10.65,4060623
BXN,20200507,0.011,0.011,0.01,0.01,345000
BYE,20200507,0.165,0.17,0.165,0.17,445977
BYH,20200507,0.028,0.028,0.027,0.028,120132
C6C,20200507,0.5,0.53,0.5,0.53,16015
CAA,20200507,0.1,0.105,0.1,0.105,525115
CAF,20200507,0.081,0.081,0.08,0.08,80700
CAG,20200507,0.51,0.52,0.49,0.49,50579
CAI,20200507,0.3,0.3,0.3,0.3,197238
CAJ,20200507,0.185,0.185,0.18,0.18,4130587
CAM,20200507,0.75,0.755,0.745,0.755,152184
CAN,20200507,0.89,0.915,0.885,0.915,197607
CAP,20200507,0.023,0.023,0.023,0.023,2610
CAR,20200507,13.99,14.02,13.67,13.88,750022
CAT,20200507,1.15,1.165,1.1,1.16,465950
CAU,20200507,0.095,0.096,0.093,0.093,81810
CAV,20200507,0.002,0.002,0.002,0.002,600000
CAY,20200507,0.11,0.11,0.105,0.105,249848
CAZ,20200507,0.022,0.022,0.022,0.022,980350
CBA,20200507,59.93,60.19,59.14,59.26,3227213
CBE,20200507,0.18,0.19,0.18,0.18,114000
CBR,20200507,2.09,2.18,2.05,2.08,351360
CBY,20200507,0.078,0.078,0.075,0.075,84000
CCA,20200507,0.061,0.061,0.057,0.057,53952
CCE,20200507,0.001,0.001,0.001,0.001,1107360
CCG,20200507,0.063,0.068,0.063,0.068,140326
CCL,20200507,8.45,8.47,8.355,8.41,2632098
CCP,20200507,14.64,14.74,14.13,14.28,904142
CCV,20200507,0.16,0.165,0.155,0.155,153842
CCX,20200507,2.19,2.19,2.13,2.15,268037
CCZ,20200507,0.018,0.018,0.018,0.018,1009800
CDA,20200507,6.61,7.08,6.47,6.88,813863
CDD,20200507,0.24,0.265,0.24,0.265,826027
CDM,20200507,0.52,0.52,0.505,0.51,469204
CDP,20200507,3.07,3.07,3.02,3.02,62631
CDV,20200507,0.4,0.43,0.4,0.43,527173
CDX,20200507,0.023,0.023,0.022,0.022,291619
CE1,20200507,0.006,0.006,0.006,0.006,600000
CEL,20200507,0.175,0.18,0.17,0.175,1490543
CG1,20200507,0.235,0.235,0.23,0.235,47348
CGB,20200507,0.008,0.008,0.007,0.007,1283742
CGC,20200507,2.87,2.915,2.8,2.82,1886886
CGF,20200507,4.41,4.595,4.33,4.54,2997791
CGL,20200507,3.23,3.24,3.075,3.1,189064
CGN,20200507,0.009,0.009,0.009,0.009,15000
CGS,20200507,0.325,0.325,0.325,0.325,1490
CHC,20200507,7.19,7.33,7.08,7.32,1947728
CHK,20200507,0.007,0.008,0.007,0.008,1953646
CHN,20200507,1.27,1.28,1.23,1.235,1497751
CHZ,20200507,0.074,0.074,0.073,0.074,696613
CI1,20200507,0.031,0.031,0.03,0.031,4440006
CIA,20200507,1.85,1.91,1.825,1.865,419004
CIE,20200507,0.525,0.55,0.525,0.55,458441
CII,20200507,0.76,0.76,0.76,0.76,100
CIM,20200507,23.44,23.45,23.02,23.19,319813
CIN,20200507,21,21.28,21,21.28,1271
CIO,20200507,0.026,0.026,0.024,0.025,146668
CIP,20200507,2.62,2.69,2.61,2.62,1222836
CKA,20200507,0.042,0.042,0.038,0.038,202114
CKF,20200507,7.7,7.76,7.48,7.76,501201
CL1,20200507,1.415,1.415,1.357,1.395,100837
CLA,20200507,0.008,0.009,0.008,0.009,1075626
CLB,20200507,0.068,0.07,0.068,0.07,342615
CLF,20200507,1.01,1.01,0.99,0.99,8000
CLQ,20200507,0.21,0.21,0.2,0.2,388625
CLV,20200507,2.15,2.26,2.12,2.2,314716
CLW,20200507,4.07,4.19,4.05,4.13,1878498
CLX,20200507,0.555,0.555,0.54,0.54,50619
CM8,20200507,0.022,0.022,0.02,0.02,2768642
CML,20200507,0.011,0.011,0.01,0.011,1500363
CMM,20200507,1.31,1.33,1.26,1.26,203597
CMP,20200507,0.535,0.54,0.51,0.525,104220
CMW,20200507,0.745,0.765,0.735,0.74,4253911
CNB,20200507,0.075,0.076,0.074,0.074,729217
CNI,20200507,1.575,1.575,1.51,1.52,1721032
CNL,20200507,0.07,0.07,0.07,0.07,20000
CNU,20200507,6.66,6.75,6.65,6.75,409041
CNW,20200507,0.021,0.021,0.021,0.021,1223108
COB,20200507,0.12,0.12,0.115,0.115,31515
COE,20200507,0.4,0.4,0.377,0.38,8304654
COF,20200507,1.9,1.907,1.84,1.86,1255403
COG,20200507,0.042,0.042,0.04,0.04,591000
COH,20200507,183.5,184.8,181.05,184.5,211067
COI,20200507,0.078,0.08,0.077,0.08,1302208
COL,20200507,15.45,15.51,15.2,15.23,5753965
COO,20200507,0.05,0.05,0.05,0.05,500
COS,20200507,0.355,0.355,0.355,0.355,20000
CPH,20200507,0.067,0.067,0.063,0.065,1437655
CPU,20200507,11.57,11.6,11.34,11.42,1583946
CPV,20200507,0.13,0.135,0.125,0.125,1052735
CQE,20200507,2.28,2.32,2.23,2.27,1154321
CQR,20200507,3.09,3.12,3,3.01,5486905
CR1,20200507,0.24,0.255,0.235,0.25,243990
CRN,20200507,1.145,1.145,1.055,1.1,314402
CRS,20200507,0.11,0.11,0.11,0.11,110500
CSL,20200507,310.79,312,305.62,307.93,1208546
CSR,20200507,3.4,3.44,3.31,3.44,2663042
CSS,20200507,0.675,0.7,0.665,0.665,55300
CST,20200507,0.16,0.165,0.135,0.145,905198
CT1,20200507,0.021,0.021,0.02,0.02,999580
CTD,20200507,11.7,12.68,11.38,12.08,1220259
CTM,20200507,0.205,0.21,0.205,0.205,436415
CTO,20200507,0.004,0.004,0.003,0.003,4141654
CTP,20200507,0.074,0.075,0.073,0.075,307404
CTX,20200507,24.35,24.52,23.86,24.34,1441668
CUE,20200507,0.073,0.074,0.073,0.074,130000
CUL,20200507,0.008,0.008,0.008,0.008,13636
CUP,20200507,0.88,0.88,0.85,0.88,48377
CUV,20200507,23.1,24.13,22.87,24.1,199539
CUX,20200507,0.003,0.003,0.003,0.003,1002431
CVF,20200507,0.75,0.75,0.745,0.75,107776
CVL,20200507,0.395,0.395,0.395,0.395,820
CVN,20200507,0.2,0.2,0.195,0.195,1577841
CVW,20200507,0.2,0.21,0.2,0.21,229971
CWL,20200507,0.078,0.078,0.078,0.078,2000
CWN,20200507,9.25,9.34,9.03,9.16,1934906
CWP,20200507,4.23,4.26,4,4.06,133615
CWX,20200507,0.205,0.21,0.2,0.21,58000
CWY,20200507,1.83,1.845,1.79,1.825,5772946
CWZ,20200507,0.13,0.15,0.13,0.14,185002
CXL,20200507,0.69,0.7,0.67,0.7,99425
CXM,20200507,0.031,0.031,0.03,0.03,281627
CXO,20200507,0.043,0.043,0.042,0.043,1290301
CXZ,20200507,0.016,0.017,0.016,0.016,400057
CY5,20200507,0.044,0.06,0.042,0.055,1049728
CYC,20200507,1.25,1.25,1.25,1.25,700
CYG,20200507,0.51,0.51,0.51,0.51,1254
CYL,20200507,3.05,3.16,3.01,3.06,116923
CYM,20200507,0.125,0.125,0.125,0.125,8525
CYP,20200507,0.645,0.665,0.645,0.655,142488
CYQ,20200507,0.001,0.001,0.001,0.001,8190000
CZL,20200507,0.004,0.004,0.004,0.004,438391
CZN,20200507,0.003,0.003,0.003,0.003,300000
CZR,20200507,0.01,0.01,0.01,0.01,1208638
D2O,20200507,1.33,1.34,1.325,1.33,8100
DCC,20200507,0.03,0.03,0.028,0.03,2385620
DCG,20200507,0.2,0.23,0.2,0.22,2036098
DCL,20200507,0.051,0.052,0.05,0.05,182678
DCN,20200507,0.395,0.405,0.38,0.38,7460909
DDD,20200507,0.002,0.002,0.002,0.002,9150000
DDT,20200507,0.004,0.004,0.004,0.004,442541
DEG,20200507,0.355,0.365,0.35,0.36,4829245
DEM,20200507,0.18,0.19,0.18,0.185,297374
DEV,20200507,0.093,0.093,0.089,0.091,912086
DGO,20200507,1.9,1.905,1.8,1.8,19476
DGR,20200507,0.063,0.065,0.063,0.065,249500
DHG,20200507,2.83,2.88,2.73,2.88,3081568
DHR,20200507,0.002,0.002,0.002,0.002,180036
DIV,20200507,19.21,19.24,19.14,19.17,10700
DJW,20200507,2.47,2.5,2.43,2.5,63067
DKM,20200507,0.14,0.14,0.14,0.14,10320
DLC,20200507,0.004,0.004,0.004,0.004,1500000
DMP,20200507,57.43,57.72,56.48,56.94,198718
DNA,20200507,0.037,0.039,0.036,0.038,174376
DNK,20200507,0.39,0.395,0.375,0.38,70525
DOW,20200507,3.98,4.02,3.91,4,4175979
DRE,20200507,0.005,0.005,0.005,0.005,1535000
DRO,20200507,0.1,0.105,0.1,0.105,371958
DSE,20200507,0.049,0.053,0.049,0.052,2526086
DTC,20200507,0.9,0.9,0.885,0.885,88886
DTL,20200507,4.11,4.23,4,4.18,543921
DTS,20200507,0.11,0.125,0.11,0.125,125516
DUB,20200507,1.085,1.13,1.055,1.075,1751953
DUI,20200507,4,4,3.97,4,73191
DVL,20200507,0.031,0.031,0.031,0.031,9000
DW8,20200507,0.006,0.006,0.005,0.006,9976769
DWS,20200507,0.71,0.715,0.695,0.71,104937
DXB,20200507,0.245,0.275,0.245,0.26,3325054
DXN,20200507,0.01,0.012,0.01,0.011,5261158
DXS,20200507,8.85,8.91,8.61,8.7,3682809
DYL,20200507,0.27,0.27,0.255,0.265,676683
E25,20200507,0.2,0.2,0.2,0.2,50000
E2M,20200507,0.17,0.185,0.14,0.15,1103996
EAF,20200507,1.215,1.215,1.21,1.21,166480
EAI,20200507,0.95,0.955,0.95,0.95,308884
EBO,20200507,21.01,21.42,21,21,4183
ECF,20200507,0.875,0.875,0.865,0.87,545350
ECP,20200507,0.95,0.96,0.95,0.96,51289
ECS,20200507,0.03,0.031,0.03,0.031,71293
ECX,20200507,0.605,0.63,0.595,0.605,1874216
ED1,20200507,0.55,0.56,0.55,0.56,10416
EDC,20200507,0.91,0.95,0.91,0.91,44149
EDE,20200507,0.036,0.037,0.036,0.036,37320
EEG,20200507,0.23,0.255,0.23,0.25,96942
EEU,20200507,16.16,16.16,16.06,16.06,9538
EFF,20200507,1.3,1.3,1.3,1.3,26125
EGD,20200507,2.51,2.52,2.51,2.51,15700
EGF,20200507,1.58,1.585,1.58,1.58,137138
EGG,20200507,1.18,1.18,1.18,1.18,10
EGH,20200507,0.285,0.3,0.28,0.3,3102718
EGI,20200507,0.96,0.97,0.96,0.97,85519
EGN,20200507,0.41,0.415,0.41,0.41,26026
EGR,20200507,0.062,0.062,0.059,0.059,151000
EHE,20200507,1.41,1.455,1.385,1.435,916434
EHL,20200507,0.99,1.06,0.985,1.035,2217818
EHX,20200507,0.083,0.083,0.081,0.081,550000
ELD,20200507,9.07,9.19,8.99,9.11,667069
ELO,20200507,7.96,8.06,7.83,8,98403
ELS,20200507,0.41,0.42,0.405,0.41,370373
ELT,20200507,0.002,0.003,0.002,0.003,15752016
ELX,20200507,0.49,0.51,0.49,0.5,143765
EM1,20200507,0.008,0.008,0.008,0.008,907287
EM2,20200507,0.13,0.13,0.13,0.13,10000
EMD,20200507,0.065,0.065,0.061,0.061,194799
EMH,20200507,0.21,0.21,0.21,0.21,8911
EML,20200507,3.08,3.24,3.01,3.2,6841497
EMP,20200507,0.017,0.017,0.017,0.017,13659
EMR,20200507,0.475,0.49,0.475,0.49,71930
EMT,20200507,0.011,0.011,0.011,0.011,500000
EMV,20200507,0.88,0.88,0.855,0.855,40715
EN1,20200507,0.011,0.011,0.011,0.011,2530000
ENE,20200507,0.044,0.044,0.044,0.044,61186
ENN,20200507,0.925,0.95,0.92,0.94,316734
ENT,20200507,0.011,0.015,0.011,0.013,6085915
EOF,20200507,2.95,3.04,2.93,3.04,235948
EOS,20200507,4.72,4.77,4.6,4.69,864972
EPD,20200507,0.34,0.34,0.335,0.335,170861
EPM,20200507,0.007,0.009,0.007,0.008,23053953
EQE,20200507,0.007,0.007,0.007,0.007,257142
EQT,20200507,20.8,20.95,20.7,20.7,7055
ERA,20200507,0.185,0.185,0.16,0.16,762373
ERF,20200507,0.75,0.785,0.75,0.75,99517
ERL,20200507,0.009,0.009,0.009,0.009,50000
ERM,20200507,0.09,0.09,0.09,0.09,150968
ESH,20200507,0.007,0.007,0.006,0.006,4750000
ESR,20200507,0.008,0.008,0.008,0.008,82000
ETF,20200507,17.64,17.94,17.64,17.89,7839
EUR,20200507,0.045,0.045,0.043,0.045,35588
EVE,20200507,0.006,0.006,0.005,0.005,900000
EVN,20200507,5.22,5.4,5.19,5.38,10210933
EVO,20200507,0.078,0.08,0.078,0.08,1319080
EVS,20200507,0.11,0.115,0.11,0.115,638453
EVT,20200507,7.5,7.53,7.43,7.43,101288
EWC,20200507,0.075,0.075,0.074,0.074,76993
EX1,20200507,0.2,0.21,0.2,0.21,70573
EXL,20200507,0.33,0.335,0.315,0.315,277906
EXP,20200507,0.096,0.096,0.096,0.096,50505
EXR,20200507,0.022,0.03,0.022,0.03,4249031
EZL,20200507,0.84,0.85,0.84,0.85,26998
FAM,20200507,0.032,0.033,0.029,0.029,1409792
FAR,20200507,0.015,0.015,0.014,0.014,16567042
FAU,20200507,0.008,0.008,0.008,0.008,247586
FBR,20200507,0.024,0.024,0.023,0.023,1437194
FBU,20200507,3.35,3.36,3.26,3.26,908921
FCL,20200507,3.18,3.24,3.05,3.09,785886
FCT,20200507,0.07,0.076,0.07,0.076,291949
FDV,20200507,0.99,0.995,0.96,0.97,88797
FEX,20200507,0.051,0.051,0.05,0.05,700502
FFG,20200507,0.007,0.007,0.007,0.007,2201785
FFI,20200507,5,5,5,5,289
FFL,20200507,0.235,0.235,0.23,0.23,62000
FFR,20200507,0.032,0.032,0.032,0.032,58603
FGG,20200507,1.105,1.11,1.105,1.105,87681
FGO,20200507,0.001,0.001,0.001,0.001,954998
FGR,20200507,0.12,0.14,0.12,0.125,1934627
FGX,20200507,0.9,0.9,0.9,0.9,53171
FHS,20200507,0.027,0.027,0.027,0.027,500000
FID,20200507,4.47,4.74,4.47,4.48,332
FIJ,20200507,0.071,0.071,0.068,0.068,30000
FIN,20200507,0.01,0.01,0.01,0.01,154261
FLC,20200507,0.295,0.295,0.277,0.28,348317
FLN,20200507,0.385,0.39,0.385,0.385,26868
FLT,20200507,9.94,10.04,9.68,9.95,3104647
FMG,20200507,11.3,11.545,11.17,11.45,9815779
FML,20200507,0.26,0.26,0.25,0.25,2378
FMS,20200507,0.024,0.025,0.024,0.025,221489
FNP,20200507,4.34,4.55,4.34,4.51,393305
FNT,20200507,0.008,0.008,0.008,0.008,107832
FOD,20200507,0.062,0.062,0.061,0.062,301996
FOR,20200507,0.77,0.77,0.765,0.765,3233
FPH,20200507,27.29,27.7,27.16,27.62,2158108
FPL,20200507,0.004,0.004,0.004,0.004,625000
FPP,20200507,0.7,0.72,0.7,0.72,18541
FRI,20200507,0.62,0.62,0.62,0.62,2380
FRM,20200507,0.295,0.295,0.295,0.295,340
FSA,20200507,0.88,0.88,0.88,0.88,69088
FSG,20200507,0.035,0.036,0.026,0.032,3882031
FTC,20200507,0.081,0.081,0.081,0.081,162152
FTT,20200507,0.003,0.003,0.003,0.003,10361404
FTZ,20200507,0.065,0.065,0.065,0.065,149500
FWD,20200507,1.415,1.48,1.415,1.48,2837
FXL,20200507,0.89,0.96,0.86,0.925,3599155
FYI,20200507,0.062,0.062,0.061,0.061,224133
FZO,20200507,0.13,0.15,0.13,0.145,1835232
G1A,20200507,0.24,0.24,0.232,0.232,53450
G88,20200507,0.022,0.022,0.022,0.022,339963
GAL,20200507,0.255,0.255,0.245,0.245,728254
GAS,20200507,0.38,0.4,0.36,0.36,11736
GBR,20200507,0.036,0.036,0.033,0.033,161000
GBZ,20200507,0.08,0.08,0.079,0.079,24198
GC1,20200507,0.65,0.65,0.625,0.625,11668
GCI,20200507,1.71,1.71,1.69,1.69,178478
GDF,20200507,0.9,0.92,0.9,0.9,156536
GDI,20200507,1.005,1.01,0.985,1.005,1587495
GDX,20200507,53.39,53.39,52.75,52.75,53576
GED,20200507,0.012,0.012,0.011,0.011,17297130
GEM,20200507,0.87,0.905,0.85,0.87,11917314
GEV,20200507,0.057,0.057,0.057,0.057,74000
GFL,20200507,1.795,1.795,1.795,1.795,279
GGE,20200507,0.003,0.006,0.003,0.006,9779809
GGG,20200507,0.115,0.12,0.115,0.115,372095
GGX,20200507,0.002,0.002,0.002,0.002,1000000
GIB,20200507,0.039,0.045,0.039,0.045,356017
GID,20200507,0.003,0.003,0.003,0.003,1244488
GLB,20200507,1.175,1.18,1.165,1.17,7222
GLH,20200507,0.135,0.135,0.135,0.135,17215
GLL,20200507,0.38,0.38,0.37,0.38,9625
GLN,20200507,0.155,0.155,0.15,0.15,35090
GLV,20200507,0.001,0.001,0.001,0.001,500000
GMA,20200507,2.05,2.06,1.95,1.99,973149
GMD,20200507,0.034,0.034,0.033,0.033,280000
GMG,20200507,13.85,14.16,13.79,14.11,7008401
GML,20200507,0.01,0.01,0.01,0.01,191720
GMN,20200507,0.045,0.05,0.045,0.049,413376
GMR,20200507,0.007,0.007,0.006,0.006,6939910
GMV,20200507,0.1,0.1,0.087,0.091,9880744
GNC,20200507,3.56,3.57,3.49,3.53,808752
GNE,20200507,2.75,2.75,2.72,2.73,5369
GNG,20200507,0.67,0.67,0.67,0.67,4500
GNM,20200507,0.007,0.008,0.007,0.007,194786
GNX,20200507,0.19,0.19,0.19,0.19,603603
GO2,20200507,0.042,0.043,0.035,0.036,2496041
GOR,20200507,1.58,1.59,1.525,1.575,10644423
GOW,20200507,1.4,1.4,1.3,1.305,54277
GOZ,20200507,2.91,2.94,2.88,2.94,1475994
GPR,20200507,0.41,0.41,0.37,0.375,706840
GPT,20200507,3.88,3.92,3.81,3.87,5652457
GRB,20200507,0.052,0.052,0.049,0.05,3356461
GRL,20200507,0.165,0.17,0.15,0.17,207355
GRR,20200507,0.225,0.23,0.22,0.23,660595
GSM,20200507,0.15,0.15,0.15,0.15,10012
GSS,20200507,1.995,2.12,1.995,2.08,316131
GSW,20200507,0.82,0.9,0.81,0.86,133297
GTE,20200507,0.001,0.002,0.001,0.002,4654534
GTG,20200507,0.006,0.006,0.006,0.006,9861465
GTK,20200507,1.375,1.39,1.375,1.375,43948
GTN,20200507,0.38,0.39,0.38,0.38,17918
GTR,20200507,0.025,0.026,0.023,0.023,30101360
GUD,20200507,8.53,8.8,8.5,8.8,188188
GVF,20200507,0.94,0.94,0.94,0.94,25000
GWA,20200507,2.55,2.58,2.49,2.55,967971
GWR,20200507,0.063,0.063,0.063,0.063,15338
GXY,20200507,0.72,0.74,0.72,0.725,810830
HAS,20200507,0.057,0.065,0.057,0.06,2161866
HAV,20200507,0.1,0.1,0.099,0.099,159000
HAW,20200507,0.13,0.13,0.125,0.13,261783
HCD,20200507,0.035,0.035,0.028,0.028,606879
HCH,20200507,0.02,0.02,0.019,0.019,2574707
HCT,20200507,0.165,0.185,0.165,0.17,3076991
HE8,20200507,0.086,0.086,0.086,0.086,12177
HFR,20200507,0.345,0.355,0.33,0.33,145394
HGO,20200507,0.039,0.039,0.032,0.038,200257
HIL,20200507,0.185,0.185,0.18,0.185,169360
HIT,20200507,1.4,1.5,1.4,1.42,59230
HLA,20200507,0.75,0.79,0.735,0.77,62658
HLO,20200507,1.525,1.54,1.465,1.5,254676
HLS,20200507,2.45,2.51,2.43,2.51,1899343
HM1,20200507,2.79,2.82,2.78,2.79,119646
HMC,20200507,2.68,2.87,2.62,2.79,176707
HMD,20200507,0.12,0.12,0.12,0.12,40383
HMX,20200507,0.022,0.023,0.022,0.023,1850299
HNR,20200507,0.006,0.006,0.006,0.006,408833
HPI,20200507,2.5,2.55,2.48,2.49,103117
HRL,20200507,0.094,0.094,0.094,0.094,10000
HRN,20200507,0.24,0.24,0.24,0.24,14000
HRR,20200507,0.042,0.043,0.042,0.042,127007
HRZ,20200507,0.079,0.079,0.079,0.079,10000
HSC,20200507,0.006,0.006,0.005,0.005,1350000
HSN,20200507,2.85,2.88,2.77,2.85,306525
HT1,20200507,1.14,1.15,1.115,1.12,81351
HT8,20200507,0.031,0.031,0.031,0.031,375062
HTA,20200507,0.15,0.15,0.15,0.15,45428
HTG,20200507,0.145,0.145,0.14,0.145,137723
HUB,20200507,9.85,10.49,9.85,10.39,518019
HUO,20200507,3.29,3.36,3.29,3.36,1745
HVM,20200507,0.24,0.24,0.225,0.24,153198
HVN,20200507,2.89,2.915,2.81,2.84,5166801
HWH,20200507,0.029,0.029,0.026,0.026,307330
HWK,20200507,0.007,0.008,0.007,0.008,4265500
HXG,20200507,0.065,0.065,0.06,0.06,19509
HYD,20200507,0.099,0.1,0.099,0.1,59550
HZN,20200507,0.049,0.05,0.049,0.05,189059
HZR,20200507,0.435,0.435,0.415,0.42,182783
IAA,20200507,92.18,92.19,91.05,91.73,11894
IAF,20200507,116.02,116.03,115.89,115.92,17778
IAG,20200507,5.31,5.35,5.26,5.3,9323943
IAM,20200507,0.001,0.001,0.001,0.001,500000
IAP,20200507,1.02,1.04,1.015,1.03,2060231
IBC,20200507,0.43,0.43,0.42,0.42,65933
IBX,20200507,0.018,0.019,0.017,0.017,11447450
ICE,20200507,0.155,0.155,0.15,0.15,100000
ICI,20200507,0.021,0.021,0.021,0.021,172400
ICQ,20200507,0.2,0.205,0.195,0.205,359283
ICT,20200507,0.04,0.04,0.04,0.04,12800
IDT,20200507,0.15,0.17,0.15,0.16,646511
IDX,20200507,3.18,3.34,3.14,3.3,662240
IDZ,20200507,0.005,0.005,0.005,0.005,183000
IEL,20200507,14.99,15.47,14.79,15.21,873257
IEM,20200507,56.08,56.37,55.5,56.14,13349
IEU,20200507,56.17,56.86,56.17,56.49,20493
IFL,20200507,4.24,4.27,4.16,4.23,703860
IFM,20200507,1.6,1.63,1.54,1.565,1170853
IFN,20200507,0.52,0.53,0.5,0.505,1741860
IFT,20200507,4.33,4.37,4.32,4.35,10231
IGB,20200507,114.77,114.77,114.5,114.51,94
IGL,20200507,0.69,0.69,0.66,0.69,532266
IGN,20200507,0.02,0.02,0.02,0.02,85000
IGO,20200507,4.71,4.71,4.61,4.67,2187759
IHD,20200507,10.75,10.75,10.72,10.73,12871
IHL,20200507,0.052,0.052,0.05,0.05,576629
IHR,20200507,0.063,0.063,0.063,0.063,15000
IJH,20200507,248.67,249.45,247.86,249,1248
IJP,20200507,79.65,79.97,79.65,79.66,3816
IJR,20200507,94.5,94.5,93.5,93.85,1515
IKO,20200507,80.59,81.29,80.495,80.91,1712
ILB,20200507,123.86,124.09,123.55,124.09,1371
ILC,20200507,20.93,20.93,20.8,20.8,13633
ILU,20200507,7.49,7.6,7.49,7.59,1165877
IMA,20200507,0.16,0.16,0.15,0.15,823315
IMC,20200507,0.084,0.084,0.08,0.082,265863
IMD,20200507,1.01,1.06,0.99,1.045,619416
IME,20200507,0.031,0.032,0.03,0.03,4129666
IMM,20200507,0.145,0.145,0.135,0.135,3952792
IMR,20200507,1.225,1.225,1.225,1.225,200000
IMS,20200507,0.004,0.004,0.003,0.004,1101381
IMU,20200507,0.031,0.031,0.028,0.028,17827975
INA,20200507,3.7,3.7,3.585,3.61,2106978
INF,20200507,0.038,0.038,0.038,0.038,37384
ING,20200507,3.23,3.27,3.2,3.22,1401941
INR,20200507,0.125,0.127,0.12,0.12,2276681
IOD,20200507,0.125,0.125,0.12,0.12,320000
IOO,20200507,76.15,76.41,76.01,76.16,22634
IOZ,20200507,22,22.07,21.88,21.9,229699
IP1,20200507,0.007,0.007,0.007,0.007,20000
IPD,20200507,0.04,0.043,0.039,0.04,4807387
IPH,20200507,7.25,7.32,7.11,7.25,656149
IPL,20200507,2.24,2.25,2.17,2.2,4370852
IPT,20200507,0.015,0.022,0.014,0.015,299626680
IQ3,20200507,0.12,0.12,0.12,0.12,41500
IRE,20200507,10.86,11.04,10.81,10.88,438426
IRI,20200507,3.2,3.24,3.17,3.2,203363
ISD,20200507,0.14,0.145,0.135,0.145,200605
ISO,20200507,4.08,4.12,4.08,4.11,17606
ISU,20200507,0.215,0.22,0.21,0.22,58969
ITG,20200507,0.25,0.265,0.25,0.265,98450
IVC,20200507,10.39,10.46,10.2,10.44,562215
IVE,20200507,85.87,87.04,85.87,86.92,2445
IVR,20200507,0.012,0.012,0.011,0.011,344337
IVV,20200507,445.97,446.73,444.67,445.12,6446
IVX,20200507,0.009,0.009,0.009,0.009,378450
IVZ,20200507,0.022,0.024,0.022,0.024,435629
IXC,20200507,1.43,1.445,1.37,1.38,21859
IXI,20200507,77.95,77.95,76.98,77.08,188084
IXJ,20200507,107.81,107.81,104.795,105.14,107155
IXR,20200507,0.005,0.005,0.005,0.005,5405805
IZZ,20200507,59.71,59.91,59.46,59.46,2113
JAN,20200507,0.27,0.29,0.27,0.285,73055
JAT,20200507,0.045,0.046,0.044,0.046,475039
JBH,20200507,34.69,34.92,33.56,33.99,828600
JCS,20200507,0.032,0.033,0.032,0.033,50000
JDR,20200507,0.012,0.012,0.011,0.011,1906100
JHC,20200507,0.535,0.535,0.505,0.53,424012
JHG,20200507,27.88,27.88,27.4,27.53,334030
JHL,20200507,0.025,0.025,0.025,0.025,100000
JHX,20200507,20.58,21.58,20.09,21.48,2289363
JIN,20200507,12.56,12.6,12.15,12.45,496478
JLG,20200507,2.24,2.24,2.13,2.2,575046
JMS,20200507,0.27,0.27,0.265,0.27,841880
JPR,20200507,0.052,0.052,0.036,0.039,2820618
JRV,20200507,0.21,0.22,0.2,0.205,487610
JXT,20200507,0.039,0.052,0.037,0.052,490427
JYC,20200507,0.905,0.93,0.9,0.93,5600
KAI,20200507,0.011,0.012,0.011,0.012,7362742
KAR,20200507,0.545,0.575,0.535,0.565,9368285
KAS,20200507,0.013,0.013,0.012,0.012,86169
KAU,20200507,0.26,0.29,0.255,0.285,1617466
KCN,20200507,0.385,0.395,0.385,0.395,48925
KEY,20200507,0.004,0.004,0.004,0.004,489999
KFE,20200507,0.032,0.032,0.031,0.031,322505
KGL,20200507,0.16,0.16,0.16,0.16,3026
KGM,20200507,0.009,0.009,0.009,0.009,192578
KGN,20200507,8.29,8.58,8.16,8.56,1098530
KIN,20200507,0.071,0.071,0.07,0.071,246521
KIS,20200507,0.04,0.04,0.04,0.04,10910
KKC,20200507,1.66,1.725,1.65,1.7,812626
KLA,20200507,65.9,65.95,65.01,65.2,776
KMD,20200507,0.89,0.92,0.87,0.885,6447985
KME,20200507,0.96,0.96,0.93,0.93,22323
KNM,20200507,0.018,0.019,0.017,0.019,2827762
KNO,20200507,0.068,0.068,0.068,0.068,23000
KOR,20200507,0.008,0.008,0.008,0.008,425750
KOV,20200507,3.51,3.51,3.5,3.5,1661
KP2,20200507,0.014,0.014,0.014,0.014,238358
KPO,20200507,0.023,0.026,0.023,0.026,2346220
KPT,20200507,0.9,0.9,0.89,0.89,891
KRM,20200507,0.036,0.036,0.035,0.035,155622
KRR,20200507,0.052,0.053,0.049,0.053,5174472
KSL,20200507,0.885,0.885,0.86,0.87,247715
KSM,20200507,1.68,1.69,1.68,1.69,11083
KSN,20200507,0.145,0.145,0.135,0.135,309492
KSS,20200507,0.18,0.18,0.175,0.18,187075
KTA,20200507,0.03,0.031,0.03,0.031,574754
KTE,20200507,0.006,0.006,0.006,0.006,200000
KTG,20200507,0.125,0.135,0.115,0.135,53138
KWR,20200507,0.15,0.155,0.145,0.15,126398
KYK,20200507,0.078,0.079,0.076,0.076,426492
KZA,20200507,0.39,0.395,0.39,0.395,123144
KZR,20200507,0.49,0.49,0.445,0.45,246429
LAU,20200507,0.35,0.36,0.345,0.345,258777
LAW,20200507,0.041,0.041,0.041,0.041,40755
LBT,20200507,0.115,0.115,0.11,0.11,140017
LCK,20200507,0.094,0.096,0.09,0.09,249548
LCL,20200507,0.052,0.058,0.051,0.051,1173232
LCT,20200507,0.013,0.013,0.013,0.013,100000
LCY,20200507,0.002,0.002,0.002,0.002,300000
LEG,20200507,0.175,0.18,0.17,0.17,924157
LEP,20200507,4.1,4.115,4.06,4.1,58981
LER,20200507,0.02,0.02,0.02,0.02,34011
LGP,20200507,0.305,0.33,0.3,0.31,130835
LI3,20200507,0.019,0.02,0.019,0.019,552540
LIC,20200507,7.7,7.84,7.53,7.66,154660
LIN,20200507,0.013,0.013,0.011,0.011,9271977
LIT,20200507,0.052,0.055,0.05,0.054,4860228
LKE,20200507,0.037,0.038,0.035,0.036,1320271
LLC,20200507,11.57,11.6,11.22,11.3,3688090
LLO,20200507,1.405,1.425,1.405,1.425,3280
LNK,20200507,3.59,3.66,3.475,3.49,5299715
LNU,20200507,0.012,0.012,0.011,0.011,3148920
LOM,20200507,0.049,0.067,0.049,0.052,3488597
LON,20200507,0.13,0.13,0.13,0.13,24710
LOT,20200507,0.072,0.074,0.069,0.074,513328
LOV,20200507,7.2,7.44,7.02,7.39,201069
LPD,20200507,0.008,0.008,0.007,0.007,2165356
LPI,20200507,0.135,0.145,0.13,0.14,232405
LRS,20200507,0.004,0.004,0.004,0.004,745261
LSF,20200507,1.075,1.08,1.065,1.07,970888
LSH,20200507,0.032,0.032,0.03,0.03,231073
LSR,20200507,0.006,0.006,0.005,0.005,3842512
LSX,20200507,0.425,0.425,0.39,0.39,60877
LTR,20200507,0.12,0.125,0.11,0.11,7629533
LVH,20200507,0.23,0.24,0.225,0.235,51008
LVT,20200507,0.215,0.23,0.215,0.23,1513524
LYC,20200507,1.79,1.805,1.735,1.785,7285010
LYL,20200507,4.35,4.39,4.25,4.25,4730
M7T,20200507,0.555,0.59,0.525,0.59,299852
M8S,20200507,0.095,0.095,0.095,0.095,37356
MA1,20200507,0.955,0.97,0.955,0.97,28799
MAG,20200507,0.29,0.295,0.28,0.29,337606
MAH,20200507,0.22,0.222,0.21,0.215,1709661
MAI,20200507,0.38,0.4,0.38,0.4,23020
MAN,20200507,0.019,0.021,0.019,0.02,4867755
MAQ,20200507,27.86,27.9,27.78,27.78,1419
MAT,20200507,0.115,0.115,0.115,0.115,182141
MAU,20200507,0.785,0.795,0.765,0.78,28262
MAY,20200507,0.004,0.005,0.004,0.005,10481527
MBK,20200507,0.008,0.009,0.008,0.009,636900
MCA,20200507,0.12,0.12,0.115,0.115,72508
MCE,20200507,0.19,0.19,0.19,0.19,39475
MCP,20200507,2.62,2.81,2.6,2.75,542901
MCR,20200507,0.62,0.625,0.61,0.625,306592
MCT,20200507,0.003,0.003,0.003,0.003,300000
MCY,20200507,4.32,4.32,4.29,4.29,439
MDC,20200507,0.24,0.24,0.225,0.23,168735
MDI,20200507,0.012,0.012,0.012,0.012,1290000
MDR,20200507,0.555,0.59,0.535,0.58,455207
MEA,20200507,0.18,0.185,0.18,0.185,67647
MEB,20200507,0.007,0.008,0.007,0.008,4438300
MEC,20200507,0.83,0.83,0.83,0.83,66600
MEI,20200507,0.013,0.015,0.013,0.015,4242994
MEL,20200507,0.024,0.024,0.024,0.024,1666
MEM,20200507,0.059,0.062,0.058,0.062,612024
MEP,20200507,0.043,0.043,0.04,0.041,957089
MEU,20200507,0.044,0.044,0.041,0.042,1247187
MEY,20200507,0.069,0.069,0.064,0.067,314828
MEZ,20200507,4.3,4.3,4.2,4.25,28489
MFD,20200507,0.71,0.71,0.705,0.71,22689
MFF,20200507,2.89,2.9,2.85,2.85,175004
MFG,20200507,52.55,53.04,51.02,53.04,951979
MGE,20200507,4.03,4.03,4,4.02,326544
MGG,20200507,1.755,1.795,1.755,1.77,569514
MGR,20200507,2.17,2.2,2.12,2.18,10946609
MGT,20200507,0.001,0.001,0.001,0.001,2055025
MGV,20200507,0.11,0.115,0.11,0.115,1378884
MGX,20200507,0.605,0.61,0.595,0.6,698568
MHC,20200507,0.011,0.011,0.008,0.01,18908558
MHG,20200507,3.29,3.29,3.28,3.29,222279
MHH,20200507,1.42,1.435,1.41,1.435,498911
MHJ,20200507,0.33,0.33,0.325,0.325,39680
MIN,20200507,16.65,16.99,16.6,16.91,635604
MIO,20200507,0.15,0.17,0.14,0.14,24666
MIR,20200507,2.15,2.15,2.11,2.12,58338
MJC,20200507,0.021,0.021,0.021,0.021,30000
MKG,20200507,0.051,0.055,0.05,0.05,114068
MLD,20200507,0.76,0.785,0.75,0.78,205039
MLL,20200507,0.064,0.07,0.062,0.07,271931
MLS,20200507,0.001,0.001,0.001,0.001,2300000
MLT,20200507,3.85,3.85,3.79,3.79,160861
MLX,20200507,0.085,0.085,0.077,0.083,6333942
MME,20200507,1.065,1.1,1,1.05,158652
MMI,20200507,0.094,0.098,0.093,0.098,686138
MMJ,20200507,0.125,0.125,0.12,0.125,71446
MML,20200507,0.68,0.7,0.68,0.7,111609
MMM,20200507,1.16,1.25,1.15,1.23,699096
MMS,20200507,7.12,7.29,6.91,7.01,415795
MND,20200507,9.94,10.18,9.755,10.09,336149
MNF,20200507,4.95,4.95,4.78,4.82,218409
MNS,20200507,0.051,0.052,0.05,0.05,514444
MNY,20200507,1.52,1.52,1.452,1.47,253316
MOC,20200507,0.655,0.665,0.645,0.645,56124
MOE,20200507,2.52,2.87,2.45,2.79,379179
MOH,20200507,0.068,0.068,0.067,0.067,125000
MOT,20200507,1.74,1.79,1.72,1.72,345283
MOZ,20200507,0.59,0.74,0.59,0.695,521715
MP1,20200507,13.5,14.04,13.45,13.51,869106
MPH,20200507,0.145,0.145,0.145,0.145,6000
MPL,20200507,2.75,2.855,2.73,2.85,15451096
MPW,20200507,0.037,0.037,0.035,0.035,75100
MQG,20200507,98.9,100.54,97.91,99.55,934125
MRC,20200507,0.255,0.255,0.255,0.255,209
MRG,20200507,0.014,0.014,0.014,0.014,35785
MRM,20200507,0.074,0.075,0.07,0.075,745012
MRQ,20200507,0.007,0.007,0.006,0.006,8577621
MRZ,20200507,0.165,0.165,0.165,0.165,18780
MSB,20200507,3.6,3.65,3.43,3.54,7793411
MSE,20200507,0.01,0.01,0.009,0.009,2608944
MSG,20200507,0.015,0.015,0.014,0.014,788523
MSM,20200507,0.012,0.013,0.012,0.013,511692
MSV,20200507,0.38,0.385,0.38,0.38,192240
MTC,20200507,0.145,0.145,0.135,0.135,645375
MTH,20200507,0.007,0.009,0.007,0.008,31083487
MTO,20200507,0.74,0.82,0.74,0.81,37496
MTS,20200507,2.36,2.38,2.31,2.34,9348137
MVA,20200507,17.55,17.55,17.17,17.37,19695
MVB,20200507,17.9,17.9,17.68,17.68,20514
MVE,20200507,24.2,24.37,24.2,24.36,2335
MVF,20200507,0.565,0.565,0.542,0.55,3413931
MVP,20200507,7.6,7.69,7.31,7.49,167019
MVR,20200507,24.8,24.8,24.67,24.67,445
MVS,20200507,15.88,16,15.88,16,310
MVW,20200507,24.74,24.79,24.58,24.64,55246
MWR,20200507,0.089,0.089,0.089,0.089,92196
MWY,20200507,0.92,0.925,0.9,0.925,65383
MX1,20200507,0.14,0.14,0.14,0.14,42694
MXI,20200507,0.15,0.15,0.14,0.15,122606
MXR,20200507,0.031,0.032,0.029,0.031,281828
MXT,20200507,1.87,1.9,1.865,1.885,636065
MYE,20200507,0.75,0.75,0.69,0.7,173100
MYL,20200507,0.042,0.042,0.04,0.04,1045346
MYQ,20200507,0.18,0.18,0.17,0.17,64300
MYR,20200507,0.195,0.207,0.192,0.2,9158157
MYS,20200507,3.74,3.75,3.68,3.69,72331
MYX,20200507,0.42,0.43,0.412,0.43,4826085
MZZ,20200507,0.195,0.22,0.195,0.215,641016
NAB,20200507,16.34,16.43,16.15,16.22,11916668
NAC,20200507,0.675,0.675,0.64,0.64,80630
NAE,20200507,0.003,0.003,0.003,0.003,2190015
NAG,20200507,0.051,0.051,0.051,0.051,99487
NAM,20200507,0.3,0.3,0.3,0.3,10000
NAN,20200507,6.74,6.93,6.64,6.86,1173660
NBI,20200507,1.63,1.63,1.605,1.61,131762
NC6,20200507,0.033,0.033,0.032,0.032,48449
NCC,20200507,0.79,0.79,0.77,0.77,82149
NCK,20200507,4.68,4.72,4.59,4.62,131743
NCL,20200507,0.028,0.028,0.025,0.025,100000
NCM,20200507,28.45,28.575,27.66,27.83,6151338
NCR,20200507,0.009,0.009,0.009,0.009,228483
NCZ,20200507,0.17,0.195,0.17,0.185,4280188
NDQ,20200507,23.84,23.91,23.81,23.85,96739
NEA,20200507,1.7,1.72,1.625,1.67,5406906
NEC,20200507,1.39,1.405,1.375,1.4,3517939
NES,20200507,0.038,0.039,0.038,0.039,259754
NET,20200507,0.042,0.046,0.042,0.046,5621016
NEU,20200507,1.785,1.83,1.635,1.72,134815
NEW,20200507,1.05,1.05,1.02,1.02,216283
NGI,20200507,1.26,1.295,1.22,1.275,382026
NHC,20200507,1.42,1.45,1.4,1.44,2500717
NHF,20200507,4.79,4.92,4.71,4.92,964575
NIC,20200507,0.585,0.585,0.555,0.575,4378285
NML,20200507,0.105,0.115,0.105,0.115,1611329
NMT,20200507,0.15,0.155,0.15,0.15,850906
NOR,20200507,0.026,0.027,0.025,0.027,130000
NOV,20200507,0.17,0.17,0.165,0.165,59016
NSB,20200507,0.19,0.19,0.185,0.185,10942
NSC,20200507,0.47,0.47,0.46,0.46,75841
NSR,20200507,1.58,1.605,1.572,1.585,4671596
NST,20200507,12.98,13.17,12.66,12.84,4066392
NTD,20200507,0.26,0.265,0.26,0.265,94181
NTI,20200507,0.007,0.007,0.007,0.007,100000
NTL,20200507,0.007,0.007,0.007,0.007,200000
NTM,20200507,0.077,0.079,0.076,0.079,108203
NTO,20200507,1.39,1.42,1.37,1.41,372894
NTU,20200507,0.023,0.023,0.022,0.022,4129673
NUC,20200507,3.11,3.15,3.11,3.15,11841
NUF,20200507,5.09,5.25,5.08,5.2,1191407
NUH,20200507,0.016,0.017,0.016,0.017,1994772
NUS,20200507,0.255,0.26,0.255,0.26,44695
NVA,20200507,0.053,0.053,0.05,0.05,3016647
NVO,20200507,0.008,0.008,0.007,0.007,153000
NVU,20200507,0.094,0.094,0.081,0.084,858333
NVX,20200507,0.355,0.355,0.3,0.355,113025
NWC,20200507,0.014,0.015,0.014,0.015,2297614
NWE,20200507,0.002,0.003,0.002,0.003,298365
NWF,20200507,0.19,0.19,0.19,0.19,5000
NWH,20200507,1.47,1.505,1.44,1.46,2879556
NWL,20200507,7.42,7.7,7.31,7.61,1035806
NWS,20200507,15.61,15.8,15.49,15.54,167559
NXM,20200507,0.042,0.042,0.04,0.04,138000
NXS,20200507,1.7,1.86,1.69,1.77,328292
NXT,20200507,9.49,9.65,9.35,9.55,2805411
NYR,20200507,0.175,0.185,0.175,0.175,59900
NZM,20200507,0.185,0.205,0.185,0.19,3608
NZS,20200507,0.016,0.017,0.015,0.017,834400
OAR,20200507,0.003,0.003,0.002,0.002,3786667
OAU,20200507,0.018,0.018,0.018,0.018,310000
OBL,20200507,3.98,4.11,3.89,3.99,891071
OBM,20200507,0.18,0.18,0.175,0.18,204630
OCA,20200507,0.68,0.68,0.68,0.68,1888
OCC,20200507,0.33,0.335,0.32,0.33,193287
OCL,20200507,6.3,6.5,6.3,6.36,41089
ODM,20200507,0.034,0.034,0.033,0.033,260000
OEC,20200507,0.86,0.86,0.82,0.82,177268
OEL,20200507,0.007,0.007,0.006,0.006,513000
OFX,20200507,1.25,1.28,1.24,1.275,200779
OGA,20200507,0.095,0.095,0.095,0.095,10204
OGC,20200507,2.47,2.6,2.47,2.6,535948
OIL,20200507,0.04,0.04,0.04,0.04,320540
OKU,20200507,0.32,0.325,0.315,0.325,483476
OLI,20200507,0.055,0.055,0.046,0.052,2988497
OLL,20200507,0.22,0.22,0.215,0.215,132562
OMH,20200507,0.345,0.345,0.337,0.34,120244
OML,20200507,0.95,1.04,0.94,1.035,6150153
ONE,20200507,0.05,0.05,0.046,0.046,307261
ONT,20200507,5.1,5.1,5.1,5.1,500
ONX,20200507,0.052,0.052,0.052,0.052,113505
OOO,20200507,2.98,2.98,2.91,2.94,1303027
OPC,20200507,4.55,4.55,4.41,4.46,594245
OPH,20200507,2.29,2.29,2.27,2.29,77559
OPT,20200507,2.59,2.79,2.58,2.77,215150
OPY,20200507,1.16,1.16,1.1,1.145,354537
ORA,20200507,2.46,2.48,2.39,2.43,2941169
ORE,20200507,2.1,2.11,2.04,2.05,2118382
ORG,20200507,5.52,5.545,5.43,5.53,5436103
ORI,20200507,17.28,17.43,16.65,16.76,1248322
ORR,20200507,0.32,0.33,0.31,0.32,172600
OSH,20200507,2.9,2.92,2.85,2.87,16362359
OSL,20200507,0.105,0.112,0.105,0.11,2297429
OSP,20200507,0.01,0.01,0.01,0.01,538032
OSX,20200507,0.585,0.585,0.565,0.58,69284
OTW,20200507,2.77,2.88,2.76,2.79,47367
OVH,20200507,0.235,0.245,0.235,0.245,141731
OVN,20200507,0.28,0.28,0.255,0.26,773152
OVT,20200507,0.019,0.02,0.018,0.018,465635
OZF,20200507,13.64,13.64,13.64,13.64,3
OZL,20200507,8.6,8.69,8.52,8.69,811328
OZR,20200507,9.72,9.73,9.72,9.73,3556
PAA,20200507,0.105,0.105,0.1,0.1,767912
PAB,20200507,0.012,0.012,0.012,0.012,200000
PAC,20200507,4.72,4.8,4.7,4.77,35052
PAF,20200507,0.695,0.695,0.685,0.685,4159
PAI,20200507,0.965,0.975,0.96,0.975,623902
PAK,20200507,0.011,0.011,0.011,0.011,213750
PAR,20200507,2.19,2.4,2.06,2.4,3611737
PBH,20200507,4.27,4.35,4.15,4.22,1087563
PBP,20200507,1.94,1.985,1.92,1.985,41697
PCI,20200507,0.935,0.95,0.935,0.945,62381
PCK,20200507,0.17,0.175,0.16,0.165,5857951
PCL,20200507,0.001,0.001,0.001,0.001,1060001
PDI,20200507,0.061,0.062,0.06,0.061,5991145
PDL,20200507,5.32,5.41,5.23,5.35,618352
PDN,20200507,0.115,0.12,0.105,0.12,13902362
PE1,20200507,1.39,1.445,1.38,1.38,258468
PEK,20200507,0.021,0.021,0.02,0.02,725478
PEN,20200507,0.135,0.14,0.135,0.14,635318
PET,20200507,0.485,0.515,0.48,0.505,1645557
PEX,20200507,0.14,0.14,0.14,0.14,3211
PFP,20200507,2.66,2.68,2.64,2.68,130114
PFT,20200507,0.22,0.225,0.205,0.215,405651
PGC,20200507,0.185,0.185,0.175,0.18,155713
PGF,20200507,0.885,0.885,0.86,0.87,218609
PGG,20200507,1.44,1.44,1.42,1.435,211913
PGH,20200507,1.82,1.85,1.76,1.765,555711
PGI,20200507,0.026,0.026,0.026,0.026,682380
PGL,20200507,0.885,0.89,0.87,0.89,23016
PGM,20200507,0.019,0.022,0.018,0.021,2134749
PGX,20200507,0.225,0.235,0.225,0.235,30184
PIA,20200507,0.99,0.995,0.98,0.99,77479
PIC,20200507,0.84,0.845,0.825,0.845,73100
PIO,20200507,0.011,0.012,0.011,0.011,340132
PIQ,20200507,0.32,0.34,0.32,0.32,99180
PKO,20200507,0.011,0.012,0.009,0.009,204672
PKS,20200507,0.15,0.15,0.145,0.145,133035
PL8,20200507,0.99,1.005,0.99,0.99,189088
PLL,20200507,0.1,0.1,0.099,0.1,910355
PLS,20200507,0.2,0.21,0.2,0.2,3887026
PM1,20200507,0.013,0.013,0.013,0.013,287021
PM8,20200507,0.19,0.19,0.18,0.19,476685
PMC,20200507,1.22,1.22,1.2,1.2,127900
PME,20200507,26.31,27.28,25.97,27.28,411322
PMV,20200507,15.22,15.43,15,15.27,410872
PMY,20200507,0.005,0.005,0.005,0.005,3430000
PNC,20200507,0.22,0.225,0.21,0.225,191573
PNI,20200507,3.67,3.79,3.55,3.78,352187
PNN,20200507,0.002,0.002,0.001,0.001,510050
PNR,20200507,0.135,0.137,0.13,0.13,754162
PNV,20200507,2.45,2.62,2.42,2.6,6347503
PNX,20200507,0.008,0.008,0.007,0.007,3353574
PO3,20200507,2.15,2.15,2.14,2.15,815
POD,20200507,0.021,0.021,0.021,0.021,99704
POS,20200507,0.034,0.035,0.034,0.034,1527884
POU,20200507,18.84,18.84,18.84,18.84,828
POW,20200507,0.005,0.005,0.004,0.004,1407645
PPC,20200507,0.75,0.75,0.715,0.715,2017522
PPE,20200507,1.79,1.905,1.73,1.895,432722
PPG,20200507,0.13,0.135,0.12,0.135,54923
PPH,20200507,5.7,6.13,5.68,6.04,1276636
PPK,20200507,3.18,3.4,3.03,3.21,128588
PPS,20200507,0.32,0.32,0.305,0.32,617405
PPT,20200507,28.99,29.22,28.34,28.76,154357
PRN,20200507,0.94,0.985,0.91,0.985,2674982
PRO,20200507,0.6,0.69,0.6,0.64,98808
PRT,20200507,0.105,0.105,0.105,0.105,29624
PRU,20200507,1,1.02,0.985,0.99,3408950
PRX,20200507,0.037,0.04,0.037,0.04,782090
PSI,20200507,2.25,2.32,2.25,2.3,37961
PSQ,20200507,1.21,1.21,1.21,1.21,826
PSZ,20200507,0.024,0.024,0.024,0.024,44900
PTB,20200507,0.48,0.49,0.48,0.49,51036
PTL,20200507,0.38,0.38,0.375,0.38,210210
PTM,20200507,3.47,3.48,3.43,3.45,819668
PTX,20200507,0.044,0.047,0.044,0.047,2413506
PUA,20200507,0.014,0.014,0.013,0.013,47969
PUR,20200507,0.004,0.005,0.004,0.004,625149
PVL,20200507,0.063,0.063,0.063,0.063,5000
PWG,20200507,0.875,0.895,0.875,0.895,11838
PWH,20200507,3.69,3.885,3.69,3.83,59026
PWL,20200507,0.15,0.15,0.145,0.145,90340
PWN,20200507,0.004,0.005,0.004,0.005,2612713
PXS,20200507,0.092,0.092,0.089,0.089,347467
PXX,20200507,0.016,0.018,0.016,0.018,1050000
PYC,20200507,0.073,0.073,0.071,0.071,166437
PYG,20200507,0.6,0.6,0.6,0.6,5000
QAN,20200507,3.5,3.53,3.42,3.46,15449319
QAU,20200507,16.74,16.79,16.7,16.72,86370
QBE,20200507,7.61,7.67,7.51,7.51,10273890
QCB,20200507,5.86,5.86,5.8,5.8,2666
QEM,20200507,0.078,0.078,0.078,0.078,75000
QFE,20200507,0.28,0.285,0.275,0.275,441293
QFN,20200507,7.64,7.64,7.56,7.56,17492
QFY,20200507,0.002,0.002,0.002,0.002,2042548
QHL,20200507,0.069,0.069,0.067,0.068,722140
QIP,20200507,1.16,1.17,1.16,1.16,3597
QOZ,20200507,10.43,10.46,10.425,10.46,15164
QRE,20200507,5.31,5.32,5.29,5.31,6495
QRI,20200507,1.4,1.4,1.385,1.385,146771
QUB,20200507,2.55,2.55,2.49,2.5,8391759
QUS,20200507,33.53,33.53,33.26,33.33,524
QVE,20200507,0.77,0.775,0.77,0.77,293471
RAC,20200507,0.36,0.365,0.355,0.355,54006
RAG,20200507,0.005,0.005,0.005,0.005,796496
RAN,20200507,0.008,0.008,0.008,0.008,1127735
RAP,20200507,0.17,0.17,0.155,0.155,2142994
RBL,20200507,0.795,0.975,0.795,0.95,1615065
RBR,20200507,0.008,0.008,0.008,0.008,690000
RCB,20200507,21.05,21.06,21.05,21.05,14914
RCE,20200507,0.4,0.42,0.4,0.41,79672
RCL,20200507,0.3,0.3,0.29,0.29,15000
RCT,20200507,2.01,2.01,1.98,1.98,12860
RDC,20200507,0.64,0.715,0.632,0.69,2218465
RDF,20200507,0.355,0.355,0.345,0.345,53920
RDG,20200507,0.022,0.022,0.022,0.022,116250
RDH,20200507,0.54,0.545,0.51,0.51,3884
RDM,20200507,0.086,0.086,0.082,0.082,78250
RDN,20200507,0.006,0.006,0.005,0.005,4658329
RDV,20200507,21.22,21.31,21.19,21.3,3031
RDY,20200507,1.47,1.51,1.45,1.5,85172
REA,20200507,88.54,88.93,86.8,88.35,430189
RED,20200507,0.195,0.2,0.19,0.195,4150375
REE,20200507,0.026,0.026,0.025,0.026,897000
REG,20200507,1.485,1.56,1.43,1.52,789504
REH,20200507,8.15,8.19,7.96,8.15,904061
RES,20200507,0.054,0.054,0.054,0.054,34500
REX,20200507,0.85,0.885,0.84,0.84,36355
REZ,20200507,0.018,0.018,0.015,0.016,4238111
RF1,20200507,2.05,2.06,2.05,2.06,24634
RFF,20200507,1.93,1.955,1.905,1.915,603989
RFG,20200507,0.077,0.081,0.07,0.076,6662034
RFN,20200507,0.002,0.002,0.002,0.002,2240000
RFR,20200507,0.088,0.088,0.088,0.088,6000
RFT,20200507,0.031,0.031,0.03,0.03,491568
RFX,20200507,0.031,0.031,0.03,0.031,473020
RGI,20200507,0.07,0.071,0.07,0.07,290094
RHC,20200507,62.01,62.43,60.96,62,785418
RHP,20200507,1.845,1.885,1.8,1.86,1222677
RHT,20200507,0.13,0.13,0.13,0.13,121000
RHY,20200507,0.095,0.098,0.095,0.098,30000
RIC,20200507,0.725,0.75,0.705,0.72,1630457
RIM,20200507,0.007,0.007,0.007,0.007,2816010
RIO,20200507,82.3,82.37,81.08,81.51,2203546
RLG,20200507,0.023,0.026,0.023,0.023,5030691
RLT,20200507,0.95,0.95,0.94,0.95,35855
RMC,20200507,0.87,0.87,0.83,0.83,96344
RMD,20200507,24.88,25.07,24.76,24.95,1349301
RML,20200507,0.064,0.064,0.061,0.064,1511215
RMS,20200507,1.34,1.385,1.325,1.375,3752011
RMX,20200507,0.003,0.003,0.003,0.003,980414
RMY,20200507,0.25,0.25,0.245,0.25,80975
RND,20200507,1.99,1.99,1.99,1.99,500
RNE,20200507,0.021,0.021,0.021,0.021,950
RNT,20200507,0.04,0.04,0.038,0.038,284062
RNU,20200507,0.008,0.008,0.008,0.008,237505
RNX,20200507,0.003,0.003,0.003,0.003,1626808
ROG,20200507,0.001,0.001,0.001,0.001,10575000
ROO,20200507,0.023,0.023,0.021,0.022,80600
RRL,20200507,4.67,4.69,4.58,4.64,5728097
RSG,20200507,0.915,0.947,0.902,0.935,11309976
RSH,20200507,0.069,0.069,0.065,0.065,316643
RSM,20200507,21.82,21.82,21.82,21.82,45
RTG,20200507,0.055,0.055,0.053,0.053,220000
RTR,20200507,0.067,0.067,0.067,0.067,25000
RUL,20200507,0.955,0.975,0.94,0.96,235215
RVR,20200507,0.062,0.068,0.062,0.067,3267068
RVS,20200507,0.35,0.35,0.35,0.35,2500
RWC,20200507,2.43,2.49,2.39,2.47,2971566
RXH,20200507,0.004,0.004,0.004,0.004,200000
RXL,20200507,0.025,0.025,0.024,0.025,7495737
RXM,20200507,0.058,0.058,0.058,0.058,117000
RXP,20200507,0.265,0.275,0.26,0.275,37258
RZI,20200507,0.63,0.66,0.62,0.66,113197
S2R,20200507,0.1,0.1,0.095,0.1,30000
S32,20200507,1.855,1.875,1.83,1.865,9674136
S66,20200507,0.465,0.535,0.44,0.44,28836
SAR,20200507,4.27,4.37,4.22,4.32,5880216
SAU,20200507,0.115,0.13,0.115,0.13,20096
SBM,20200507,2.5,2.55,2.47,2.54,5131390
SBR,20200507,0.001,0.001,0.001,0.001,7942550
SBW,20200507,0.067,0.067,0.065,0.065,167000
SCG,20200507,2.1,2.13,2.07,2.12,14132592
SCI,20200507,0.011,0.012,0.011,0.012,5789902
SCP,20200507,2.2,2.22,2.15,2.15,2607770
SDF,20200507,3,3.05,2.99,3.04,4887305
SDG,20200507,1.16,1.16,1.16,1.16,1
SDI,20200507,0.73,0.735,0.73,0.735,3954
SDV,20200507,0.72,0.78,0.71,0.765,843634
SDX,20200507,0.057,0.057,0.055,0.055,978477
SE1,20200507,0.018,0.019,0.018,0.018,2540099
SEC,20200507,1.265,1.265,1.25,1.255,46388
SEI,20200507,0.03,0.032,0.03,0.032,47176
SEK,20200507,17.2,17.33,16.89,16.93,1296522
SEN,20200507,0.048,0.048,0.046,0.046,22000
SEQ,20200507,0.185,0.185,0.185,0.185,55000
SER,20200507,0.004,0.004,0.004,0.004,400000
SES,20200507,0.059,0.059,0.059,0.059,31747
SFC,20200507,10.3,10.3,10.18,10.2,13277
SFG,20200507,0.056,0.058,0.056,0.057,348194
SFM,20200507,0.052,0.052,0.052,0.052,50000
SFR,20200507,4.15,4.29,4.09,4.25,1171326
SFX,20200507,0.105,0.105,0.105,0.105,85605
SFY,20200507,49.1,49.12,48.75,48.75,12160
SGF,20200507,1.315,1.39,1.295,1.32,162652
SGH,20200507,0.59,0.6,0.59,0.6,4799
SGI,20200507,0.071,0.071,0.07,0.07,10000
SGM,20200507,6.79,6.81,6.65,6.69,380788
SGO,20200507,0.023,0.023,0.023,0.023,631579
SGP,20200507,2.66,2.76,2.62,2.74,9062969
SGQ,20200507,0.091,0.091,0.085,0.087,1917117
SGR,20200507,2.66,2.69,2.6,2.68,2493618
SHE,20200507,0.004,0.006,0.004,0.006,204000
SHH,20200507,0.003,0.003,0.003,0.003,680000
SHJ,20200507,0.765,0.765,0.75,0.75,117148
SHK,20200507,0.005,0.005,0.005,0.005,176600
SHL,20200507,25.89,26.07,25.53,25.86,1618774
SHM,20200507,0.445,0.445,0.44,0.44,8981
SHO,20200507,0.031,0.031,0.03,0.03,488993
SHV,20200507,7.48,7.48,7.29,7.35,160102
SI6,20200507,0.002,0.002,0.002,0.002,250000
SIG,20200507,0.57,0.58,0.56,0.565,1418431
SIO,20200507,0.23,0.23,0.23,0.23,2450
SIQ,20200507,5.2,5.28,5.11,5.15,604291
SIT,20200507,0.03,0.03,0.03,0.03,17000
SIV,20200507,0.59,0.595,0.59,0.59,9084
SKC,20200507,2.31,2.34,2.27,2.27,711625
SKF,20200507,0.145,0.145,0.13,0.13,147381
SKI,20200507,1.98,2.03,1.97,1.98,11653866
SKN,20200507,0.076,0.081,0.076,0.081,6984512
SKO,20200507,2.25,2.3,2.16,2.2,38163
SKT,20200507,0.29,0.29,0.28,0.285,78592
SKY,20200507,0.33,0.38,0.33,0.365,2384440
SLC,20200507,0.87,0.87,0.83,0.835,737941
SLF,20200507,9.79,9.92,9.72,9.72,181436
SLK,20200507,3.59,3.66,3.55,3.65,81124
SLM,20200507,0.73,0.73,0.69,0.7,62116
SLR,20200507,1.9,1.91,1.865,1.905,4111126
SLX,20200507,0.36,0.36,0.33,0.345,151333
SLZ,20200507,0.075,0.076,0.074,0.076,104750
SM1,20200507,6.53,6.73,6.49,6.65,67831
SMI,20200507,0.003,0.003,0.003,0.003,3500000
SMN,20200507,0.4,0.4,0.395,0.395,89628
SMP,20200507,0.37,0.41,0.37,0.4,201240
SMR,20200507,1,1.005,1,1,3912869
SMX,20200507,0.265,0.265,0.26,0.26,10000
SNC,20200507,0.62,0.64,0.62,0.63,88968
SND,20200507,0.435,0.435,0.435,0.435,4350
SNS,20200507,0.099,0.1,0.098,0.098,189045
SNZ,20200507,5.7,5.74,5.7,5.74,700
SO4,20200507,0.41,0.435,0.405,0.405,849784
SOL,20200507,17.87,17.94,17.65,17.86,290611
SOM,20200507,1.12,1.12,1.09,1.115,24547
SOR,20200507,0.051,0.052,0.05,0.05,74095
SP3,20200507,0.069,0.069,0.069,0.069,4462
SPK,20200507,4.22,4.24,4.15,4.18,3395043
SPL,20200507,0.985,1.02,0.965,0.99,573455
SPQ,20200507,0.004,0.004,0.004,0.004,500000
SPT,20200507,0.425,0.46,0.42,0.43,3850507
SPX,20200507,0.15,0.155,0.15,0.15,53543
SPY,20200507,445,445,443.67,445,408
SPZ,20200507,0.12,0.12,0.115,0.115,632262
SRG,20200507,0.235,0.245,0.235,0.245,62303
SRN,20200507,0.002,0.002,0.002,0.002,1000000
SRV,20200507,2.44,2.44,2.29,2.29,71189
SRZ,20200507,0.007,0.008,0.007,0.008,468996
SSG,20200507,0.41,0.415,0.405,0.41,96997
SSM,20200507,2.09,2.13,2.02,2.06,1721856
ST1,20200507,0.14,0.15,0.137,0.145,1274522
STA,20200507,0.13,0.13,0.13,0.13,21899
STG,20200507,0.905,0.91,0.86,0.91,55221
STM,20200507,0.005,0.005,0.005,0.005,90000
STN,20200507,0.38,0.38,0.375,0.375,10051
STO,20200507,4.79,4.81,4.69,4.76,6873759
STW,20200507,49.95,50,49.6,49.76,162308
STX,20200507,0.14,0.14,0.135,0.135,1451586
SUD,20200507,0.047,0.047,0.046,0.046,463521
SUL,20200507,6.09,6.25,5.92,6.25,712108
SUN,20200507,8.55,8.84,8.54,8.77,4235804
SVA,20200507,0.022,0.022,0.022,0.022,19970
SVD,20200507,0.009,0.009,0.009,0.009,75000
SVL,20200507,0.084,0.084,0.081,0.081,889661
SVM,20200507,0.125,0.13,0.125,0.13,204242
SVW,20200507,14.07,14.14,13.77,14.01,309166
SVY,20200507,0.39,0.43,0.385,0.385,278913
SW1,20200507,0.018,0.018,0.018,0.018,229464
SWF,20200507,0.225,0.235,0.225,0.225,1143242
SWM,20200507,0.087,0.087,0.085,0.087,3543195
SXE,20200507,0.44,0.44,0.425,0.425,164059
SXL,20200507,0.13,0.135,0.125,0.13,21144077
SXY,20200507,0.2,0.205,0.2,0.2,2333065
SYA,20200507,0.007,0.007,0.007,0.007,8432915
SYD,20200507,5.5,5.5,5.42,5.42,13888742
SYI,20200507,21.95,21.95,21.77,21.77,607
SYR,20200507,0.235,0.24,0.225,0.24,2339378
SYT,20200507,0.001,0.001,0.001,0.001,6626
SZL,20200507,1.97,2.12,1.97,2.08,1443178
TAH,20200507,3.13,3.18,3.11,3.14,4741459
TAM,20200507,0.043,0.043,0.042,0.042,1124769
TAO,20200507,0.053,0.053,0.05,0.05,164450
TAP,20200507,0.073,0.077,0.073,0.074,41587
TAR,20200507,0.014,0.015,0.014,0.015,62000
TAS,20200507,0.035,0.035,0.034,0.034,110000
TBL,20200507,0.15,0.15,0.15,0.15,11578
TBR,20200507,7.09,7.09,6.7,6.87,2141
TCL,20200507,13.4,13.6,13.35,13.42,5345259
TD1,20200507,0.033,0.035,0.033,0.034,8222823
TDI,20200507,1.59,1.645,1.59,1.605,29000
TDY,20200507,0.155,0.155,0.155,0.155,42750
TEG,20200507,0.03,0.03,0.027,0.027,222597
TER,20200507,0.12,0.12,0.11,0.115,830703
TFL,20200507,0.09,0.099,0.09,0.099,704814
TGA,20200507,0.135,0.145,0.135,0.145,560082
TGF,20200507,1.11,1.155,1.09,1.125,138862
TGG,20200507,1.12,1.135,1.12,1.135,27911
TGH,20200507,0.19,0.19,0.19,0.19,100000
TGN,20200507,0.105,0.105,0.095,0.096,196935
TGP,20200507,0.875,0.875,0.855,0.855,240402
TGR,20200507,3.71,3.75,3.69,3.72,1069533
THC,20200507,0.3,0.305,0.295,0.3,158994
TIE,20200507,0.36,0.375,0.34,0.345,2720055
TLG,20200507,0.35,0.355,0.335,0.34,63462
TLM,20200507,0.078,0.078,0.075,0.075,60000
TLS,20200507,3.09,3.09,3.04,3.06,23516752
TLT,20200507,3,3,3,3,326
TLX,20200507,1.34,1.42,1.33,1.38,842210
TMG,20200507,0.075,0.075,0.07,0.07,206076
TMK,20200507,0.006,0.007,0.005,0.006,500730
TMR,20200507,0.19,0.2,0.19,0.195,277119
TMT,20200507,0.13,0.13,0.13,0.13,10150
TMX,20200507,0.005,0.005,0.005,0.005,4462687
TMZ,20200507,0.018,0.018,0.018,0.018,60410
TNE,20200507,9.86,10,9.82,9.92,1824262
TNG,20200507,0.059,0.061,0.059,0.061,442994
TNK,20200507,0.805,0.82,0.795,0.8,115849
TNR,20200507,0.017,0.017,0.016,0.017,578809
TNT,20200507,0.058,0.06,0.056,0.056,1823844
TNY,20200507,1.005,1.01,0.98,0.99,54495
TOE,20200507,0.009,0.01,0.008,0.009,8630647
TON,20200507,0.034,0.036,0.032,0.035,1362815
TOP,20200507,0.43,0.43,0.43,0.43,6764
TOT,20200507,0.87,0.87,0.865,0.865,22008
TPM,20200507,7.27,7.27,7.08,7.2,1096871
TPP,20200507,0.028,0.032,0.028,0.032,202250
TPW,20200507,3.75,3.94,3.68,3.81,3001933
TRM,20200507,0.007,0.007,0.007,0.007,100000
TRS,20200507,3.34,3.41,3.3,3.35,104993
TRT,20200507,0.014,0.014,0.014,0.014,11386
TRY,20200507,0.075,0.076,0.074,0.076,132703
TSC,20200507,0.007,0.007,0.006,0.006,2206023
TSL,20200507,0.046,0.046,0.038,0.04,1297986
TSO,20200507,0.053,0.053,0.047,0.047,6371188
TTB,20200507,0.59,0.62,0.575,0.62,55855
TTI,20200507,0.013,0.013,0.013,0.013,625000
TTM,20200507,0.054,0.054,0.052,0.052,238842
TTT,20200507,0.7,0.72,0.695,0.7,225684
TWD,20200507,2.45,2.53,2.39,2.39,5035
TWE,20200507,9.55,10.02,9.46,9.91,3436693
TWR,20200507,0.585,0.6,0.585,0.6,27326
TYM,20200507,0.03,0.03,0.03,0.03,2298
TYR,20200507,2.99,3.1,2.93,3.05,2515272
TZL,20200507,0.042,0.044,0.04,0.044,136863
TZN,20200507,0.038,0.038,0.038,0.038,7500
UBA,20200507,17.5,17.68,17.5,17.63,15565
UBE,20200507,19.47,19.47,19.47,19.47,90
UBI,20200507,0.215,0.215,0.215,0.215,183266
UBJ,20200507,23.59,23.6,23.58,23.6,3750
UBP,20200507,27.4,27.95,27.4,27.89,5032
UBU,20200507,31.55,31.61,31.51,31.61,9099
UBW,20200507,27.7,28.05,27.7,27.92,24116
UCM,20200507,0.23,0.23,0.225,0.225,39447
UMG,20200507,3.97,4.1,3.94,4.1,668558
UNL,20200507,0.03,0.03,0.03,0.03,19576
UNV,20200507,0.155,0.165,0.155,0.165,135158
UOS,20200507,0.695,0.7,0.695,0.7,1287
URF,20200507,0.28,0.297,0.28,0.285,106535
URW,20200507,4.21,4.22,4.12,4.14,1205121
USD,20200507,15.21,15.21,15.13,15.14,36839
UWL,20200507,1.47,1.5,1.4,1.445,358756
VAE,20200507,65.9,65.9,64.7,64.72,784
VAF,20200507,52.74,52.74,52.5,52.52,28051
VAL,20200507,0.002,0.002,0.001,0.001,1250000
VAN,20200507,0.125,0.125,0.125,0.125,17055
VAP,20200507,62.8,63.78,62.77,63.78,60720
VAS,20200507,68.34,68.5,67.86,68.09,181192
VCF,20200507,49.59,49.59,49.42,49.42,9946
VCX,20200507,1.36,1.37,1.34,1.36,8709187
VEA,20200507,1.44,1.47,1.4,1.435,3542367
VEN,20200507,0.041,0.044,0.04,0.044,1412930
VEQ,20200507,50.17,50.27,49.98,50.1,6249
VEU,20200507,66.86,67.27,66.76,66.89,63089
VG1,20200507,2.08,2.11,2.08,2.1,219807
VG8,20200507,2.12,2.12,2.1,2.12,251112
VGB,20200507,53.77,53.79,53.7,53.7,14043
VGE,20200507,62.3,62.41,61.86,61.86,9207
VGI,20200507,9.73,9.73,9.59,9.6,4307
VGL,20200507,1.15,1.19,1.115,1.115,125015
VGS,20200507,75.99,75.99,75.55,75.98,48718
VHT,20200507,1.3,1.31,1.275,1.295,789741
VHY,20200507,45.71,45.99,45.57,45.58,27066
VIC,20200507,0.002,0.002,0.001,0.001,725000
VIF,20200507,51.89,51.89,51.75,51.8,16919
VIP,20200507,0.037,0.037,0.036,0.036,542735
VKA,20200507,0.008,0.008,0.007,0.007,841625
VLC,20200507,54.7,54.7,54.41,54.41,3163
VLT,20200507,0.2,0.21,0.175,0.21,688636
VMC,20200507,0.18,0.18,0.18,0.18,5939
VML,20200507,0.011,0.011,0.011,0.011,1790445
VMS,20200507,0.016,0.019,0.015,0.015,9090827
VMT,20200507,0.19,0.195,0.18,0.195,308880
VMX,20200507,0.16,0.16,0.16,0.16,165189
VMY,20200507,0.046,0.052,0.045,0.05,3034091
VN8,20200507,0.11,0.11,0.105,0.11,125385
VOC,20200507,2.82,2.95,2.82,2.92,1334336
VOR,20200507,0.12,0.14,0.12,0.14,116242
VR1,20200507,0.019,0.019,0.019,0.019,1040000
VRC,20200507,0.006,0.009,0.006,0.008,17660579
VRL,20200507,1.89,1.98,1.86,1.95,120275
VRS,20200507,0.022,0.022,0.022,0.022,95834
VRT,20200507,2.9,2.9,2.81,2.82,359856
VRX,20200507,0.098,0.098,0.095,0.096,106404
VSO,20200507,49.83,49.92,49.68,49.82,3233
VTG,20200507,0.945,0.97,0.935,0.945,134759
VTH,20200507,0.715,0.717,0.715,0.717,7286
VTI,20200507,0.016,0.017,0.016,0.017,197959
VTS,20200507,223.41,223.82,222.66,223.09,15367
VUK,20200507,1.415,1.475,1.395,1.445,6804232
VUL,20200507,0.22,0.225,0.22,0.22,208966
VVA,20200507,2.01,2.02,1.965,1.97,104765
VVR,20200507,2.33,2.35,2.29,2.3,2643523
VYS,20200507,0.054,0.054,0.054,0.054,400000
WAA,20200507,0.91,0.91,0.89,0.89,22837
WAF,20200507,0.81,0.84,0.81,0.82,6383956
WAM,20200507,1.89,1.895,1.86,1.86,193376
WAX,20200507,1.23,1.24,1.22,1.23,56474
WBC,20200507,15.84,15.87,15.56,15.6,8369533
WBE,20200507,0.005,0.005,0.004,0.004,495488
WBT,20200507,0.39,0.39,0.37,0.37,14811
WEB,20200507,2.74,2.74,2.65,2.68,4004435
WEC,20200507,0.085,0.086,0.085,0.086,6500
WEL,20200507,0.018,0.019,0.018,0.019,370555
WES,20200507,36.45,36.64,36.01,36.4,2418548
WGB,20200507,1.905,1.93,1.9,1.915,185151
WGN,20200507,0.81,0.85,0.775,0.81,262852
WGO,20200507,0.13,0.13,0.13,0.13,426042
WGX,20200507,2.17,2.17,2.06,2.15,834767
WHC,20200507,1.77,1.805,1.755,1.765,4929520
WHF,20200507,4.45,4.45,4.39,4.39,20569
WHK,20200507,0.051,0.052,0.051,0.052,150483
WIC,20200507,0.8,0.81,0.8,0.81,33415
WJA,20200507,0.085,0.085,0.085,0.085,269188
WKT,20200507,0.145,0.145,0.145,0.145,32241
WLD,20200507,0.041,0.041,0.041,0.041,59531
WLE,20200507,1.01,1.015,0.99,0.99,677288
WMI,20200507,1.11,1.125,1.1,1.1,74368
WML,20200507,0.013,0.013,0.013,0.013,81523
WND,20200507,0.955,0.96,0.945,0.95,238676
WNR,20200507,0.25,0.25,0.25,0.25,2400
WOR,20200507,8.41,8.66,8.27,8.47,1981257
WOW,20200507,35.19,35.27,34.7,34.91,3188886
WPL,20200507,21.72,21.89,21.51,21.65,2322085
WPP,20200507,0.25,0.252,0.225,0.24,805346
WQG,20200507,1.18,1.215,1.18,1.19,94321
WRM,20200507,0.004,0.004,0.004,0.004,300000
WSA,20200507,2.16,2.185,2.135,2.15,1627513
WSI,20200507,0.012,0.012,0.012,0.012,9747
WSP,20200507,1.845,1.85,1.76,1.77,284094
WTC,20200507,19.85,20.19,19.35,20.06,1619584
WWG,20200507,0.125,0.14,0.125,0.14,354941
WZR,20200507,0.14,0.155,0.14,0.145,5042715
XCD,20200507,0.01,0.01,0.009,0.01,44117806
XF1,20200507,0.125,0.17,0.125,0.14,1686142
XPL,20200507,0.05,0.054,0.05,0.052,395414
XRF,20200507,0.19,0.19,0.19,0.19,201876
XRO,20200507,79.39,82.4,78.9,82.1,1262452
XTC,20200507,0.002,0.002,0.002,0.002,1000000
XTD,20200507,0.025,0.026,0.024,0.026,183846
XTE,20200507,0.67,0.675,0.67,0.67,26373
YAL,20200507,2.3,2.39,2.275,2.38,28704
YBR,20200507,0.06,0.066,0.06,0.065,551647
YOJ,20200507,0.028,0.031,0.028,0.03,1419654
YOW,20200507,0.038,0.038,0.037,0.037,34552
YPB,20200507,0.004,0.004,0.004,0.004,137500
YRL,20200507,0.185,0.185,0.185,0.185,45890
Z1P,20200507,2.83,3,2.7,2.86,11589265
ZEL,20200507,2.97,3.01,2.93,2.94,158902
ZEN,20200507,1.01,1.01,0.97,0.98,1049477
ZIM,20200507,10.37,10.7,9.07,10.54,16676
ZLD,20200507,0.046,0.048,0.046,0.046,2246104
ZNC,20200507,0.071,0.072,0.07,0.072,69736
ZNO,20200507,1.9,1.905,1.73,1.805,1595724
XAF,20200507,5261.9,5271.5,5219.6,5234.1,0
XAO,20200507,5464.8,5468.3,5428.6,5449.9,1067694900
XAT,20200507,5333.7,5337.5,5296.2,5313.3,0
XDJ,20200507,2106.6,2110.2,2080.3,2104.4,0
XEC,20200507,1184.7,1196.2,1181.9,1195.1,0
XEJ,20200507,7179.4,7181.2,7033.9,7099.8,0
XFJ,20200507,4242.1,4242.1,4169.4,4178.3,0
XFL,20200507,5291.1,5300.8,5247.2,5262.1,0
XGD,20200507,7364.8,7369.1,7234.1,7307.5,0
XHJ,20200507,42842.8,43395.5,42699.7,43071.5,0
XIJ,20200507,1365.2,1375.7,1351.6,1374.7,0
XJO,20200507,5384.6,5388.3,5347.3,5364.2,0
XJR,20200507,3884,3901.5,3861.7,3896.8,0
XKO,20200507,5349.7,5353.4,5313.5,5330.4,0
XMD,20200507,5999.9,6007.1,5953.3,6007.1,0
XMJ,20200507,11527.9,11602.3,11496.2,11597.3,0
XMM,20200507,3826.5,3858.8,3817.1,3853.6,0
XNJ,20200507,5412.8,5417.3,5322.6,5341.9,0
XPJ,20200507,1119.4,1127.9,1111.5,1126.8,0
XSJ,20200507,11802.5,11829.5,11681.7,11731.5,0
XSO,20200507,2380.6,2390.8,2365.5,2388.5,0
XTJ,20200507,1082.4,1088.2,1076.2,1081.8,0
XTL,20200507,2987,2995.7,2960.1,2968.8,0
XTO,20200507,4448.3,4452.4,4415.8,4428.4,0
XUJ,20200507,7596.4,7656.8,7520.2,7548.8,0
XXJ,20200507,4731.4,4731.4,4650.3,4660.2,0
