360,20200115,3.35,3.35,3.25,3.25,28793
14D,20200115,0.2,0.2,0.195,0.195,231357
1ST,20200115,0.074,0.078,0.073,0.076,1176615
3DA,20200115,0.345,0.35,0.335,0.34,398292
3DP,20200115,0.05,0.051,0.049,0.05,1040409
3PL,20200115,0.855,0.865,0.85,0.85,88152
4DS,20200115,0.057,0.058,0.056,0.056,893000
5GN,20200115,1.03,1.045,0.98,0.99,1193694
88E,20200115,0.025,0.025,0.024,0.024,8402137
8CO,20200115,0.105,0.105,0.1,0.1,563369
8EC,20200115,0.074,0.074,0.074,0.074,197126
9SP,20200115,0.015,0.016,0.015,0.016,701649
A1M,20200115,0.31,0.31,0.31,0.31,10000
A2B,20200115,1.44,1.485,1.435,1.465,13156
A2M,20200115,13.92,14.02,13.77,13.98,4431084
A3D,20200115,0.185,0.185,0.185,0.185,72469
A4N,20200115,0.2,0.2,0.2,0.2,116781
AAA,20200115,50.09,50.1,50.09,50.1,61019
AAC,20200115,1.105,1.15,1.105,1.15,480416
AAR,20200115,0.097,0.1,0.097,0.099,820762
ABA,20200115,5.93,6,5.93,6,15361
ABC,20200115,3.65,3.665,3.59,3.61,1392297
ABP,20200115,3.7,3.72,3.69,3.71,617095
ABR,20200115,0.345,0.355,0.33,0.35,586904
ABV,20200115,0.037,0.037,0.037,0.037,4325
AC8,20200115,0.37,0.385,0.335,0.345,3128611
ACB,20200115,0.011,0.011,0.011,0.011,7812
ACF,20200115,0.345,0.345,0.33,0.335,356878
ACQ,20200115,1.205,1.215,1.205,1.215,11526
ACR,20200115,0.195,0.195,0.195,0.195,4101
ACW,20200115,0.038,0.038,0.036,0.037,631041
AD8,20200115,8.73,9.06,8.73,9,162760
ADA,20200115,0.73,0.79,0.73,0.78,167375
ADD,20200115,0.04,0.05,0.04,0.05,675000
ADH,20200115,2.27,2.29,2.17,2.18,334637
ADI,20200115,2.92,2.95,2.91,2.94,331941
ADJ,20200115,0.032,0.039,0.032,0.035,4403240
ADN,20200115,0.043,0.048,0.042,0.043,9351045
ADO,20200115,0.034,0.035,0.032,0.032,4621864
ADT,20200115,1.77,1.77,1.7,1.73,152575
AEE,20200115,0.007,0.007,0.006,0.006,5378627
AEF,20200115,4.63,4.83,4.63,4.8,222618
AEG,20200115,1.07,1.07,1.065,1.065,19900
AEI,20200115,0.3,0.3,0.3,0.3,10000
AER,20200115,0.135,0.135,0.135,0.135,9111
AEV,20200115,0.014,0.014,0.014,0.014,858562
AFG,20200115,2.93,2.93,2.81,2.83,69210
AFI,20200115,7.21,7.28,7.2,7.25,224231
AFL,20200115,0.15,0.16,0.145,0.16,225505
AFR,20200115,0.033,0.033,0.033,0.033,108800
AGD,20200115,0.081,0.081,0.081,0.081,80
AGG,20200115,6.09,6.26,6.09,6.26,19771
AGH,20200115,0.475,0.48,0.455,0.475,722548
AGI,20200115,0.75,0.77,0.75,0.77,53582
AGL,20200115,20.52,20.74,20.51,20.55,1520799
AGR,20200115,0.115,0.115,0.11,0.11,8008
AGS,20200115,0.11,0.11,0.11,0.11,37500
AGY,20200115,0.09,0.093,0.085,0.092,2076283
AHF,20200115,0.099,0.102,0.097,0.097,639282
AHL,20200115,0.008,0.008,0.008,0.008,751238
AHX,20200115,0.425,0.425,0.42,0.425,16461
AHY,20200115,1.05,1.105,1.05,1.105,278008
AHZ,20200115,0.115,0.117,0.115,0.115,241260
AIA,20200115,8.64,8.75,8.64,8.73,74634
AIS,20200115,0.048,0.048,0.046,0.046,131000
AIZ,20200115,2.91,2.92,2.9,2.9,43133
AJC,20200115,0.001,0.001,0.001,0.001,4654717
AJQ,20200115,0.065,0.066,0.062,0.063,165743
AJX,20200115,0.061,0.062,0.06,0.062,435202
AKM,20200115,0.13,0.13,0.13,0.13,6020
AKP,20200115,16.25,16.35,15.6,16,1872
ALC,20200115,0.18,0.185,0.175,0.18,377970
ALF,20200115,0.985,0.985,0.98,0.98,280095
ALG,20200115,1.52,1.53,1.495,1.515,675149
ALI,20200115,2.43,2.44,2.42,2.43,92851
ALK,20200115,0.61,0.64,0.605,0.64,1546068
ALL,20200115,35.9,36.16,35.64,36,1168317
ALQ,20200115,9.43,9.61,9.41,9.61,1428133
ALT,20200115,0.003,0.003,0.003,0.003,350003
ALU,20200115,36.02,36.98,36.02,36.58,457766
ALX,20200115,8.2,8.31,8.17,8.28,1909848
AMA,20200115,0.95,0.955,0.945,0.95,1678265
AMB,20200115,0.09,0.09,0.09,0.09,5000
AMC,20200115,15.35,15.46,15.34,15.45,1941327
AMD,20200115,0.008,0.008,0.007,0.007,8328571
AME,20200115,0.04,0.04,0.037,0.037,110224
AMG,20200115,0.069,0.071,0.068,0.068,351156
AMH,20200115,1.005,1.005,0.995,1.005,44739
AMI,20200115,0.44,0.455,0.44,0.45,527095
AML,20200115,0.19,0.19,0.185,0.19,267802
AMN,20200115,0.455,0.46,0.45,0.46,14377
AMP,20200115,1.9,1.92,1.895,1.92,5764787
AMS,20200115,1.43,1.45,1.39,1.4,299034
AMX,20200115,1.905,1.94,1.88,1.9,308489
ANA,20200115,0.042,0.042,0.038,0.038,2435316
ANG,20200115,0.21,0.215,0.21,0.215,38190
ANL,20200115,0.002,0.002,0.002,0.002,58507637
ANN,20200115,30.75,31.145,30.64,30.81,362492
ANO,20200115,5.85,5.85,5.75,5.8,16169
ANP,20200115,0.079,0.079,0.074,0.075,1137759
ANR,20200115,0.255,0.27,0.25,0.27,152170
ANW,20200115,0.002,0.002,0.001,0.001,10292525
ANZ,20200115,25.21,25.29,25.18,25.25,4679739
AO1,20200115,0.007,0.007,0.007,0.007,63416
AOF,20200115,2.9,2.91,2.87,2.91,173787
AON,20200115,0.028,0.029,0.028,0.028,1175380
AOP,20200115,0.25,0.25,0.245,0.245,14612
APA,20200115,11.66,11.76,11.63,11.7,1746795
APC,20200115,0.105,0.105,0.099,0.099,683275
APD,20200115,0.62,0.635,0.62,0.635,111976
APE,20200115,10.38,10.5,10.31,10.49,282827
APH,20200115,0.17,0.17,0.165,0.165,35276
API,20200115,1.365,1.365,1.35,1.36,530850
APL,20200115,1.045,1.055,1.045,1.05,652946
APT,20200115,33.4,33.52,32.75,32.8,1041115
APV,20200115,0.275,0.335,0.26,0.26,4397540
APW,20200115,1.47,1.47,1.47,1.47,32206
APX,20200115,24.12,24.48,24.02,24.33,1628113
APZ,20200115,1.18,1.18,1.18,1.18,506
AQC,20200115,0.2,0.2,0.2,0.2,2039
AQG,20200115,7.25,7.43,7.22,7.38,136253
AQI,20200115,0.045,0.05,0.045,0.049,427160
AQR,20200115,3.51,3.54,3.51,3.52,36098
AQX,20200115,0.025,0.025,0.023,0.023,1575434
AQZ,20200115,2.54,2.55,2.53,2.53,16871
AR9,20200115,0.13,0.13,0.13,0.13,9027
ARA,20200115,0.58,0.615,0.58,0.615,1927
ARB,20200115,19.5,19.59,19.38,19.51,113801
ARD,20200115,0.015,0.016,0.015,0.016,104500
ARF,20200115,2.95,2.97,2.92,2.97,84600
ARG,20200115,8.92,8.98,8.9,8.94,143308
ARL,20200115,0.58,0.58,0.565,0.57,111149
ARM,20200115,0.011,0.011,0.01,0.01,78142
ARN,20200115,0.18,0.18,0.175,0.175,115000
ARQ,20200115,0.365,0.37,0.35,0.35,161550
ARS,20200115,0.021,0.021,0.02,0.02,74000
ARU,20200115,0.088,0.088,0.084,0.086,1914072
ARV,20200115,0.026,0.026,0.026,0.026,31741
AS1,20200115,0.19,0.19,0.19,0.19,224
ASB,20200115,3.98,4.005,3.91,3.95,2186807
ASG,20200115,1.49,1.5,1.49,1.5,1079368
ASN,20200115,0.041,0.041,0.039,0.04,2247313
AST,20200115,1.77,1.777,1.762,1.77,4278297
ASX,20200115,82.38,82.77,81.89,82.54,284353
ATC,20200115,0.092,0.093,0.09,0.093,362372
ATH,20200115,0.022,0.024,0.02,0.021,2162494
ATL,20200115,0.39,0.41,0.39,0.39,269520
ATS,20200115,0.093,0.096,0.092,0.095,2140436
ATU,20200115,0.35,0.355,0.35,0.355,15808
AU1,20200115,0.061,0.061,0.056,0.061,235436
AU8,20200115,0.135,0.14,0.135,0.14,838002
AUB,20200115,12.62,12.93,12.58,12.79,44377
AUC,20200115,0.015,0.017,0.015,0.016,8561071
AUH,20200115,0.005,0.005,0.005,0.005,100000
AUI,20200115,10.1,10.16,10.08,10.16,8076
AUL,20200115,0.26,0.26,0.24,0.245,160076
AUR,20200115,0.017,0.027,0.017,0.023,8183038
AUT,20200115,0.009,0.009,0.009,0.009,23727
AUZ,20200115,0.016,0.016,0.015,0.016,6107858
AV1,20200115,0.215,0.22,0.205,0.215,777456
AVA,20200115,0.15,0.155,0.145,0.15,168116
AVH,20200115,0.73,0.775,0.73,0.76,16059559
AVJ,20200115,0.62,0.62,0.615,0.615,26255
AVL,20200115,0.011,0.013,0.011,0.013,29891478
AVN,20200115,2.86,2.87,2.82,2.85,206500
AVZ,20200115,0.057,0.061,0.053,0.055,40749331
AWC,20200115,2.32,2.33,2.28,2.29,7428228
AWY,20200115,0.035,0.035,0.035,0.035,58659
AX1,20200115,1.84,1.847,1.81,1.83,383634
AXE,20200115,0.17,0.18,0.155,0.18,4951099
AYF,20200115,5.98,5.98,5.98,5.98,3365
AYS,20200115,0.365,0.37,0.36,0.36,56315
AZI,20200115,0.008,0.008,0.008,0.008,4500000
AZJ,20200115,5.6,5.64,5.57,5.59,34087358
AZM,20200115,0.033,0.033,0.033,0.033,133364
AZS,20200115,0.135,0.14,0.135,0.14,31525
AZV,20200115,0.079,0.082,0.079,0.082,32301
BAF,20200115,0.9,0.9,0.89,0.9,277861
BAP,20200115,6.38,6.55,6.36,6.52,818991
BAR,20200115,0.021,0.021,0.021,0.021,39642
BAS,20200115,0.002,0.002,0.002,0.002,400000
BAT,20200115,0.007,0.007,0.007,0.007,142800
BBC,20200115,0.6,0.605,0.585,0.6,39325
BBN,20200115,3.4,3.51,3.4,3.47,221900
BBX,20200115,0.135,0.135,0.135,0.135,4000
BC8,20200115,0.31,0.31,0.28,0.3,262433
BCB,20200115,0.053,0.056,0.051,0.055,457124
BCC,20200115,0.305,0.305,0.295,0.295,64090
BCI,20200115,0.165,0.165,0.165,0.165,99867
BCN,20200115,0.035,0.037,0.035,0.035,984523
BCT,20200115,0.14,0.14,0.14,0.14,10782
BD1,20200115,0.033,0.033,0.031,0.032,462049
BDA,20200115,0.36,0.36,0.35,0.355,123142
BDC,20200115,0.085,0.087,0.084,0.084,611661
BDG,20200115,0.076,0.076,0.076,0.076,20000
BEE,20200115,0.019,0.019,0.016,0.017,976926
BEM,20200115,0.047,0.047,0.047,0.047,97322
BEN,20200115,10.07,10.12,10.05,10.09,1201522
BET,20200115,0.16,0.16,0.15,0.15,326060
BFC,20200115,0.09,0.09,0.084,0.085,374914
BFG,20200115,1.39,1.43,1.38,1.42,429407
BGA,20200115,4.5,4.54,4.45,4.47,536984
BGL,20200115,0.495,0.51,0.49,0.505,950649
BGP,20200115,3.9,3.9,3.9,3.9,150
BGT,20200115,0.18,0.18,0.18,0.18,50000
BHP,20200115,40.06,40.3,40,40.18,4300472
BID,20200115,1.015,1.03,1,1,164542
BIN,20200115,3.03,3.08,2.98,3.01,1615050
BIS,20200115,1.11,1.11,1.11,1.11,2713
BIT,20200115,0.056,0.06,0.056,0.06,1946616
BKI,20200115,1.69,1.71,1.69,1.7,378141
BKL,20200115,88.6,89.97,88.35,88.9,38978
BKT,20200115,0.047,0.052,0.047,0.05,576496
BKW,20200115,19.13,19.35,18.93,19.29,108015
BKY,20200115,0.215,0.215,0.205,0.205,24493
BLD,20200115,4.87,4.9,4.84,4.89,3952077
BLG,20200115,0.094,0.094,0.094,0.094,60188
BLK,20200115,0.012,0.012,0.012,0.012,20197506
BLT,20200115,0.04,0.04,0.038,0.038,666898
BLU,20200115,0.047,0.047,0.046,0.046,971200
BLX,20200115,1.19,1.2,1.185,1.185,64494
BLY,20200115,1.735,1.735,1.71,1.71,5443
BLZ,20200115,0.018,0.018,0.017,0.017,65000
BMH,20200115,0.21,0.21,0.21,0.21,5000
BMN,20200115,0.039,0.039,0.038,0.038,124468
BNL,20200115,0.007,0.009,0.007,0.008,10180594
BNO,20200115,0.08,0.08,0.078,0.079,223652
BOA,20200115,0.23,0.24,0.195,0.24,27484
BOC,20200115,0.345,0.345,0.305,0.305,80034
BOE,20200115,0.048,0.049,0.046,0.047,1617311
BOL,20200115,0.135,0.135,0.135,0.135,27600
BOQ,20200115,7.33,7.36,7.3,7.32,2221851
BOT,20200115,0.099,0.1,0.096,0.097,2347589
BPH,20200115,0.001,0.001,0.001,0.001,7699122
BPT,20200115,2.75,2.845,2.74,2.79,7937743
BRB,20200115,0.29,0.29,0.29,0.29,58245
BRG,20200115,19.68,19.76,19.3,19.43,207725
BRL,20200115,0.115,0.115,0.115,0.115,257018
BRN,20200115,0.053,0.053,0.052,0.053,708505
BRU,20200115,0.165,0.17,0.165,0.17,160906
BRV,20200115,0.017,0.017,0.017,0.017,114478
BSA,20200115,0.38,0.39,0.38,0.39,45068
BSE,20200115,0.242,0.245,0.24,0.24,209452
BSL,20200115,16.05,16.17,15.72,15.77,2015740
BSM,20200115,0.007,0.007,0.007,0.007,565774
BSR,20200115,0.016,0.016,0.015,0.015,4160086
BSX,20200115,0.17,0.175,0.165,0.17,869467
BTH,20200115,0.755,0.765,0.735,0.745,423113
BTI,20200115,1.1,1.11,1.1,1.11,155454
BUB,20200115,0.95,0.96,0.94,0.95,1983026
BUD,20200115,0.03,0.03,0.029,0.03,1028652
BUG,20200115,0.24,0.24,0.24,0.24,5500
BUX,20200115,0.094,0.094,0.094,0.094,29590
BVS,20200115,5.58,5.59,5.48,5.57,1375852
BWF,20200115,0.685,0.685,0.67,0.68,32339
BWP,20200115,4,4.04,4,4.02,544442
BWR,20200115,1.43,1.43,1.42,1.42,58900
BWX,20200115,4.5,4.65,4.46,4.63,510511
BXB,20200115,12.35,12.525,12.32,12.52,3135853
BXN,20200115,0.016,0.016,0.016,0.016,40000
BYE,20200115,0.295,0.3,0.29,0.295,470783
BYI,20200115,0.725,0.75,0.725,0.75,4405
C6C,20200115,0.82,0.83,0.82,0.82,112051
CAA,20200115,0.115,0.115,0.115,0.115,4500
CAD,20200115,0.001,0.001,0.001,0.001,447000
CAF,20200115,0.15,0.15,0.135,0.135,142949
CAG,20200115,0.68,0.68,0.68,0.68,2119
CAI,20200115,0.26,0.27,0.26,0.27,241798
CAJ,20200115,0.225,0.23,0.225,0.23,647625
CAM,20200115,0.97,0.97,0.965,0.965,154653
CAN,20200115,1.115,1.115,1.05,1.105,1139908
CAP,20200115,0.033,0.033,0.033,0.033,45000
CAR,20200115,18,18.08,17.73,17.83,1783644
CAT,20200115,1.77,1.93,1.77,1.83,756391
CAU,20200115,0.21,0.21,0.195,0.195,151771
CAV,20200115,0.002,0.002,0.002,0.002,15000
CAY,20200115,0.16,0.16,0.155,0.155,132406
CAZ,20200115,0.023,0.023,0.023,0.023,423602
CBA,20200115,83.1,83.77,83.1,83.66,2039328
CBR,20200115,4.1,4.15,4.06,4.1,479494
CCA,20200115,0.16,0.16,0.16,0.16,64539
CCE,20200115,0.001,0.001,0.001,0.001,1188478
CCL,20200115,11.7,11.75,11.54,11.61,1302998
CCP,20200115,33.35,33.6,32.83,33.15,168479
CCV,20200115,0.245,0.245,0.235,0.235,50001
CCX,20200115,2.8,2.8,2.7,2.71,111748
CCZ,20200115,0.024,0.026,0.024,0.024,9345023
CD2,20200115,1.93,1.93,1.93,1.93,16163
CD3,20200115,1.49,1.49,1.48,1.48,4028
CDA,20200115,8.15,8.55,8.11,8.44,637110
CDD,20200115,0.44,0.44,0.43,0.435,193814
CDM,20200115,0.75,0.755,0.75,0.755,228139
CDP,20200115,6.08,6.11,6.08,6.1,4496
CDT,20200115,0.008,0.009,0.008,0.009,71918
CDV,20200115,0.355,0.37,0.355,0.37,215058
CDX,20200115,0.029,0.029,0.028,0.028,1813495
CE1,20200115,0.006,0.007,0.006,0.007,843857
CEL,20200115,0.13,0.14,0.13,0.135,1057552
CEN,20200115,7.27,7.36,7.01,7.36,5992
CFE,20200115,0.005,0.005,0.005,0.005,210207
CFO,20200115,0.082,0.082,0.082,0.082,30000
CG1,20200115,0.515,0.52,0.49,0.49,284892
CGA,20200115,0.435,0.435,0.435,0.435,50000
CGB,20200115,0.018,0.019,0.017,0.018,3705396
CGC,20200115,2.51,2.525,2.48,2.51,2349595
CGF,20200115,8.35,8.35,8.275,8.33,2970266
CGL,20200115,4.86,4.92,4.78,4.84,78912
CGO,20200115,0.25,0.25,0.25,0.25,24476
CGR,20200115,0.535,0.555,0.535,0.555,571209
CGS,20200115,0.5,0.505,0.5,0.5,41163
CHC,20200115,12.48,12.48,12.285,12.39,1333639
CHK,20200115,0.013,0.013,0.012,0.013,1224788
CHN,20200115,0.25,0.275,0.25,0.275,1011532
CHZ,20200115,0.073,0.075,0.071,0.071,620757
CI1,20200115,0.017,0.017,0.016,0.016,750000
CIA,20200115,2.81,2.95,2.8,2.92,553493
CIE,20200115,0.88,0.88,0.875,0.875,71586
CIM,20200115,33.11,34.76,33.05,34.7,630809
CIN,20200115,32.15,32.5,32.15,32.5,2615
CIP,20200115,3.63,3.64,3.57,3.62,683139
CIW,20200115,0.55,0.61,0.55,0.585,183443
CKF,20200115,9.3,9.3,9.215,9.26,153256
CL1,20200115,2.1,2.11,2.01,2.04,237426
CL8,20200115,0.015,0.015,0.015,0.015,70542
CLA,20200115,0.016,0.017,0.015,0.016,1354425
CLB,20200115,0.069,0.069,0.065,0.065,65000
CLF,20200115,1.33,1.33,1.33,1.33,24100
CLH,20200115,1.095,1.11,1.09,1.09,165069
CLQ,20200115,0.31,0.31,0.27,0.275,2433340
CLV,20200115,2.83,2.83,2.71,2.73,223889
CLW,20200115,5.58,5.6,5.55,5.6,1363016
CLZ,20200115,0.003,0.003,0.002,0.002,8880066
CM8,20200115,0.023,0.024,0.023,0.023,670000
CMA,20200115,2.96,3,2.96,2.99,569871
CMD,20200115,0.007,0.007,0.007,0.007,6805
CML,20200115,0.019,0.019,0.019,0.019,320000
CMM,20200115,1.25,1.29,1.25,1.28,906772
CMP,20200115,0.7,0.7,0.66,0.68,153998
CMW,20200115,1.205,1.215,1.205,1.205,2607650
CNI,20200115,2.34,2.37,2.32,2.34,481340
CNU,20200115,6.18,6.27,6.14,6.27,225110
CNW,20200115,0.038,0.038,0.037,0.038,504214
COB,20200115,0.14,0.14,0.14,0.14,35122
COE,20200115,0.585,0.6,0.585,0.595,3902775
COG,20200115,0.088,0.088,0.083,0.086,805491
COH,20200115,233.5,236.44,232.74,236.01,133899
COI,20200115,0.18,0.185,0.18,0.185,86093
COL,20200115,15.73,15.73,15.5,15.63,4146626
CP1,20200115,0.165,0.175,0.165,0.17,128605
CPH,20200115,0.16,0.165,0.155,0.16,1230490
CPT,20200115,0.082,0.082,0.082,0.082,13650
CPU,20200115,17.56,17.68,17.48,17.66,799928
CPV,20200115,0.165,0.17,0.16,0.17,461940
CQE,20200115,3.28,3.35,3.28,3.33,330593
CQR,20200115,4.53,4.57,4.5,4.54,627948
CR1,20200115,0.19,0.19,0.19,0.19,42824
CRL,20200115,0.023,0.023,0.023,0.023,713255
CRN,20200115,2.28,2.29,2.25,2.28,228092
CRO,20200115,0.007,0.007,0.007,0.007,111700
CRS,20200115,0.145,0.145,0.14,0.14,131666
CSL,20200115,296.5,298.41,292.95,297.74,751141
CSR,20200115,4.96,5.065,4.955,5.03,3006814
CSS,20200115,0.745,0.745,0.735,0.74,13621
CSV,20200115,0.307,0.307,0.307,0.307,67600
CT1,20200115,0.025,0.026,0.025,0.026,588261
CTD,20200115,21.72,22.03,21.65,21.69,163831
CTM,20200115,0.012,0.013,0.012,0.013,9342089
CTO,20200115,0.006,0.006,0.006,0.006,721878
CTP,20200115,0.14,0.14,0.135,0.14,237738
CTX,20200115,35.6,35.76,35.48,35.56,526120
CUE,20200115,0.165,0.165,0.155,0.155,1122780
CUP,20200115,1.155,1.16,1.075,1.075,31817
CUV,20200115,29.05,29.7,28.59,29.31,185563
CV1,20200115,0.15,0.16,0.15,0.155,355895
CVC,20200115,2.11,2.22,2.1,2.22,11760
CVF,20200115,1.03,1.045,1.03,1.04,65297
CVN,20200115,0.355,0.36,0.35,0.36,1012561
CVW,20200115,0.5,0.5,0.5,0.5,1979
CWN,20200115,12.43,12.59,12.42,12.5,1042799
CWP,20200115,8.16,8.29,8.12,8.25,111138
CWX,20200115,0.22,0.23,0.22,0.23,211497
CWY,20200115,2.13,2.19,2.105,2.13,8345070
CWZ,20200115,0.19,0.19,0.19,0.19,3411
CXL,20200115,0.77,0.8,0.77,0.77,231375
CXM,20200115,0.041,0.041,0.041,0.041,249672
CXO,20200115,0.039,0.04,0.038,0.039,2376404
CXU,20200115,0.021,0.022,0.021,0.022,39924
CXZ,20200115,0.021,0.021,0.021,0.021,242745
CYC,20200115,1.285,1.285,1.25,1.25,24431
CYG,20200115,1.14,1.145,1.14,1.145,687
CYL,20200115,2.82,3.1,2.82,2.95,73068
CYM,20200115,0.245,0.245,0.245,0.245,118270
CYP,20200115,1.23,1.23,1.2,1.215,66590
CYQ,20200115,0.001,0.001,0.001,0.001,3177910
CZI,20200115,0.088,0.088,0.087,0.088,1101421
CZL,20200115,0.007,0.007,0.007,0.007,100000
D2O,20200115,1.415,1.43,1.4,1.415,65255
DAF,20200115,0.019,0.021,0.019,0.021,789787
DCC,20200115,0.033,0.033,0.032,0.032,478395
DCG,20200115,0.485,0.485,0.465,0.47,409332
DCL,20200115,0.065,0.065,0.065,0.065,9418
DCN,20200115,1.43,1.48,1.415,1.45,1959904
DDD,20200115,0.001,0.001,0.001,0.001,2500000
DDR,20200115,6.76,6.95,6.75,6.94,126394
DDT,20200115,0.007,0.007,0.007,0.007,76436
DEG,20200115,0.05,0.051,0.049,0.05,2479564
DEM,20200115,0.235,0.245,0.23,0.24,626254
DEV,20200115,0.073,0.073,0.073,0.073,85604
DGH,20200115,1.465,1.465,1.465,1.465,4728
DGR,20200115,0.071,0.073,0.071,0.071,129316
DHG,20200115,3.91,3.97,3.89,3.97,4333328
DIV,20200115,24.07,24.14,24.07,24.14,1340
DJW,20200115,3.67,3.71,3.64,3.71,102805
DME,20200115,0.17,0.175,0.17,0.175,20000
DMP,20200115,56.98,57.33,56.54,56.88,209620
DNA,20200115,0.083,0.083,0.082,0.082,319973
DNK,20200115,0.56,0.57,0.56,0.565,40040
DOW,20200115,8.81,8.85,8.72,8.75,1261725
DRE,20200115,0.007,0.007,0.007,0.007,7000000
DRO,20200115,0.26,0.265,0.26,0.265,243538
DRX,20200115,0.013,0.014,0.013,0.014,1060000
DSE,20200115,0.05,0.05,0.05,0.05,55119
DTC,20200115,0.95,0.98,0.895,0.97,282711
DTI,20200115,0.021,0.021,0.021,0.021,7000
DTL,20200115,4.17,4.25,4.1,4.18,528540
DTM,20200115,0.08,0.09,0.08,0.09,52877
DTR,20200115,0.002,0.002,0.002,0.002,250000
DTS,20200115,0.125,0.125,0.125,0.125,40435
DTZ,20200115,0.064,0.064,0.064,0.064,29604
DUB,20200115,1.305,1.335,1.25,1.31,270668
DUI,20200115,5.14,5.15,5.13,5.13,27147
DVL,20200115,0.019,0.019,0.019,0.019,55555
DW8,20200115,0.008,0.008,0.008,0.008,10140397
DWS,20200115,1.08,1.09,1.065,1.075,24930
DXB,20200115,0.145,0.145,0.14,0.14,454453
DXN,20200115,0.046,0.049,0.046,0.049,636088
DXS,20200115,12.23,12.33,12.175,12.23,2265285
DYL,20200115,0.28,0.28,0.275,0.275,231620
E25,20200115,0.17,0.17,0.17,0.17,34800
E2M,20200115,0.19,0.19,0.18,0.18,174106
EAF,20200115,1.385,1.385,1.385,1.385,45197
EAI,20200115,1.09,1.11,1.085,1.085,406630
EAX,20200115,0.26,0.26,0.26,0.26,5376
ECF,20200115,1.325,1.33,1.31,1.31,111786
ECG,20200115,0.041,0.041,0.041,0.041,12500
ECL,20200115,1.45,1.455,1.45,1.455,26000
ECS,20200115,0.05,0.051,0.049,0.05,2371375
ECX,20200115,1.43,1.46,1.43,1.45,572362
ED1,20200115,1.1,1.165,1.08,1.12,135838
EDE,20200115,0.042,0.044,0.041,0.041,1227976
EEG,20200115,0.41,0.415,0.4,0.405,140605
EFF,20200115,1.75,1.75,1.75,1.75,15625
EGD,20200115,2.43,2.45,2.43,2.43,60182
EGF,20200115,1.77,1.77,1.77,1.77,60732
EGG,20200115,1.79,1.825,1.765,1.82,8581
EGI,20200115,1.19,1.2,1.19,1.2,51701
EGN,20200115,0.605,0.605,0.605,0.605,40294
EGR,20200115,0.075,0.075,0.07,0.07,902973
EHE,20200115,2.51,2.58,2.51,2.55,469960
EHH,20200115,0.12,0.125,0.12,0.12,228793
EHL,20200115,2.14,2.24,2.12,2.24,5527128
EHX,20200115,0.082,0.083,0.082,0.083,196974
ELD,20200115,6.82,7.28,6.8,7.18,1142543
ELO,20200115,6.42,6.49,6.27,6.47,19740
ELS,20200115,0.4,0.41,0.4,0.41,57241
ELX,20200115,0.78,0.78,0.77,0.77,67111
EM1,20200115,0.014,0.014,0.014,0.014,830191
EM2,20200115,0.17,0.17,0.165,0.165,29889
EMH,20200115,0.335,0.36,0.335,0.36,6277
EML,20200115,5.31,5.42,5.23,5.25,2875351
EMN,20200115,0.147,0.15,0.147,0.15,14200
EMP,20200115,0.032,0.032,0.031,0.031,51290
EMR,20200115,0.042,0.043,0.042,0.043,1252682
EMV,20200115,0.695,0.7,0.69,0.7,50024
EN1,20200115,0.021,0.022,0.021,0.021,10893522
ENE,20200115,0.18,0.185,0.18,0.185,51366
ENN,20200115,2.11,2.12,2.09,2.09,56878
ENT,20200115,0.008,0.008,0.008,0.008,65000
EOF,20200115,2.59,2.59,2.5,2.51,107364
EOS,20200115,9.04,9.43,9.04,9.35,654719
EPD,20200115,0.37,0.375,0.37,0.375,129179
EPM,20200115,0.005,0.005,0.005,0.005,100000
EQE,20200115,0.012,0.013,0.012,0.013,6250000
EQT,20200115,30.8,31.02,30.75,31.02,7807
ERA,20200115,0.16,0.16,0.16,0.16,18170
ERF,20200115,1.25,1.25,1.25,1.25,254
ERG,20200115,0.066,0.067,0.066,0.067,24000
ERM,20200115,0.115,0.115,0.115,0.115,118778
ERX,20200115,0.07,0.072,0.07,0.072,468986
ESE,20200115,0.012,0.015,0.012,0.014,1681500
ESH,20200115,0.008,0.008,0.008,0.008,631738
ESR,20200115,0.01,0.01,0.01,0.01,267638
ETF,20200115,23.2,23.2,23.2,23.2,382
EUC,20200115,0.017,0.017,0.017,0.017,1151747
EUR,20200115,0.1,0.1,0.096,0.096,89000
EVE,20200115,0.007,0.007,0.007,0.007,6652366
EVN,20200115,3.7,3.85,3.7,3.85,11973382
EVO,20200115,0.172,0.18,0.165,0.165,2298079
EVT,20200115,14.27,14.27,13.84,14.23,15003
EWC,20200115,0.07,0.07,0.07,0.07,16424
EX1,20200115,0.31,0.31,0.29,0.29,11243
EXL,20200115,0.7,0.7,0.67,0.68,418839
EXP,20200115,0.22,0.222,0.22,0.222,101944
EXR,20200115,0.029,0.031,0.029,0.03,696840
EZL,20200115,1.05,1.05,1.04,1.04,3705
FAR,20200115,0.045,0.045,0.042,0.042,12299965
FBR,20200115,0.05,0.054,0.05,0.053,1648229
FBU,20200115,5.12,5.12,5.02,5.06,760813
FCL,20200115,2.62,2.63,2.58,2.63,11708
FCT,20200115,0.165,0.175,0.165,0.17,153972
FDV,20200115,0.78,0.795,0.78,0.79,21252
FEL,20200115,0.015,0.015,0.015,0.015,371585
FEX,20200115,0.053,0.054,0.053,0.054,330186
FFR,20200115,0.055,0.055,0.055,0.055,5525
FGG,20200115,1.28,1.285,1.275,1.275,213349
FGO,20200115,0.002,0.002,0.002,0.002,15513868
FGR,20200115,0.135,0.14,0.135,0.14,200457
FGX,20200115,1.18,1.18,1.17,1.18,150061
FHS,20200115,0.013,0.013,0.013,0.013,288461
FID,20200115,5.58,5.65,5.58,5.61,7199
FLC,20200115,0.44,0.445,0.42,0.445,440451
FLN,20200115,0.54,0.54,0.53,0.535,128803
FLT,20200115,44.39,44.95,44.28,44.66,188964
FMG,20200115,10.96,11.02,10.85,10.85,8276932
FML,20200115,0.26,0.26,0.26,0.26,10000
FNP,20200115,4.99,5.07,4.96,5.06,347734
FNT,20200115,0.011,0.011,0.01,0.01,16270002
FOD,20200115,0.073,0.073,0.073,0.073,188316
FOR,20200115,1.155,1.165,1.155,1.16,20407
FPC,20200115,1.085,1.085,1.085,1.085,29000
FPH,20200115,21,21.405,21,21.29,173477
FPP,20200115,0.93,0.93,0.93,0.93,3400
FRI,20200115,0.865,0.865,0.865,0.865,17841
FRM,20200115,0.345,0.345,0.345,0.345,6022
FRN,20200115,0.021,0.021,0.02,0.021,804049
FRX,20200115,0.038,0.038,0.038,0.038,9976
FSA,20200115,1.415,1.415,1.405,1.405,9708
FSF,20200115,3.88,3.88,3.85,3.85,1807
FTC,20200115,0.11,0.11,0.11,0.11,16000
FTT,20200115,0.003,0.003,0.003,0.003,20814167
FUN,20200115,0.021,0.021,0.021,0.021,28000
FWD,20200115,2,2.07,2,2.07,38699
FXL,20200115,2.07,2.07,2.02,2.07,450353
FYI,20200115,0.055,0.059,0.055,0.059,125708
FZO,20200115,0.17,0.17,0.165,0.165,214653
G1A,20200115,0.3,0.3,0.3,0.3,3023
G88,20200115,0.051,0.051,0.051,0.051,19600
GAL,20200115,0.145,0.145,0.145,0.145,99565
GAP,20200115,0.265,0.265,0.265,0.265,95626
GAS,20200115,0.69,0.69,0.68,0.68,7326
GBP,20200115,0.022,0.022,0.022,0.022,62360
GBR,20200115,0.038,0.038,0.037,0.037,136160
GBZ,20200115,0.041,0.052,0.041,0.05,525000
GC1,20200115,0.815,0.82,0.81,0.815,165761
GCI,20200115,2.05,2.06,2.05,2.05,87797
GDF,20200115,1.405,1.405,1.4,1.405,37644
GDI,20200115,1.5,1.525,1.492,1.525,380582
GDX,20200115,41,41.43,41,41.41,10431
GEM,20200115,2,2.01,1.97,1.98,2555119
GEV,20200115,0.14,0.14,0.14,0.14,102715
GFL,20200115,2.29,2.3,2.29,2.3,4100
GGG,20200115,0.125,0.125,0.125,0.125,572329
GIB,20200115,0.049,0.049,0.049,0.049,44985
GID,20200115,0.018,0.02,0.017,0.017,831484
GLL,20200115,0.66,0.66,0.635,0.645,31508
GLN,20200115,0.22,0.225,0.19,0.19,3541246
GLV,20200115,0.001,0.002,0.001,0.002,2627288
GMA,20200115,3.86,3.88,3.82,3.87,184890
GMC,20200115,0.006,0.006,0.006,0.006,100000
GMG,20200115,14.25,14.3,14.17,14.27,2553419
GML,20200115,0.016,0.017,0.016,0.016,671501
GMN,20200115,0.072,0.072,0.072,0.072,120000
GMR,20200115,0.01,0.01,0.01,0.01,122267
GMV,20200115,0.082,0.088,0.081,0.085,245483
GNC,20200115,8.35,8.41,8.15,8.3,1141796
GNE,20200115,3.1,3.1,3.06,3.06,6328
GNG,20200115,0.9,0.9,0.895,0.895,3202
GNM,20200115,0.01,0.01,0.01,0.01,200000
GNX,20200115,0.225,0.23,0.225,0.23,10241
GOR,20200115,1.31,1.342,1.31,1.33,4062940
GOW,20200115,2.33,2.33,2.32,2.33,7300
GOZ,20200115,4.34,4.37,4.32,4.36,375875
GPR,20200115,0.495,0.495,0.485,0.485,45500
GPT,20200115,5.85,5.905,5.84,5.9,4761467
GPX,20200115,0.17,0.17,0.16,0.17,148427
GRB,20200115,0.086,0.086,0.084,0.085,400781
GRL,20200115,0.21,0.24,0.21,0.215,143786
GRR,20200115,0.245,0.25,0.24,0.25,1920670
GSM,20200115,0.059,0.059,0.059,0.059,10000
GSN,20200115,0.062,0.062,0.062,0.062,120000
GSS,20200115,0.935,0.945,0.93,0.94,56086
GSW,20200115,0.455,0.47,0.455,0.46,185164
GTE,20200115,0.003,0.003,0.003,0.003,650000
GTG,20200115,0.01,0.01,0.01,0.01,8524372
GTK,20200115,2.87,2.96,2.76,2.8,536125
GTN,20200115,0.84,0.85,0.825,0.85,1822658
GUD,20200115,11.7,11.84,11.66,11.76,183579
GVF,20200115,1.1,1.1,1.095,1.095,51223
GWA,20200115,3.52,3.54,3.45,3.48,643602
GXY,20200115,1.305,1.32,1.19,1.21,9741600
HAS,20200115,0.135,0.14,0.13,0.13,122799
HAV,20200115,0.13,0.13,0.125,0.125,59970
HAW,20200115,0.081,0.081,0.081,0.081,61747
HCD,20200115,0.071,0.071,0.071,0.071,52500
HCH,20200115,0.037,0.037,0.036,0.037,3955203
HE8,20200115,0.18,0.18,0.175,0.18,307886
HFR,20200115,0.725,0.725,0.705,0.717,30882
HGO,20200115,0.062,0.062,0.062,0.062,8125
HHM,20200115,0.02,0.02,0.02,0.02,181708
HIL,20200115,0.38,0.425,0.38,0.39,1113904
HIP,20200115,0.02,0.02,0.02,0.02,615300
HIT,20200115,1.28,1.29,1.28,1.29,4802
HLA,20200115,1.11,1.11,1.11,1.11,500
HLO,20200115,4.97,5,4.95,4.96,33997
HLS,20200115,2.88,2.885,2.86,2.87,667240
HM1,20200115,3.22,3.3,3.21,3.27,54865
HMC,20200115,3.94,4.05,3.94,4.02,44657
HMD,20200115,0.17,0.17,0.165,0.165,316967
HNG,20200115,0.345,0.345,0.34,0.34,9386
HOT,20200115,0.15,0.15,0.15,0.15,12000
HPI,20200115,3.26,3.31,3.24,3.31,151981
HPR,20200115,0.095,0.095,0.095,0.095,40000
HRL,20200115,0.12,0.12,0.12,0.12,210818
HRR,20200115,0.094,0.097,0.094,0.097,234438
HRZ,20200115,0.1,0.105,0.1,0.105,424500
HSN,20200115,3.66,3.69,3.56,3.64,244639
HT1,20200115,1.65,1.725,1.63,1.725,43197
HTA,20200115,0.14,0.14,0.137,0.14,67058
HUB,20200115,11.8,11.9,11.67,11.7,167587
HUO,20200115,4.49,4.51,4.46,4.47,6605
HVN,20200115,4.42,4.44,4.39,4.42,3478959
HWH,20200115,0.04,0.04,0.04,0.04,56298
HXG,20200115,0.057,0.057,0.057,0.057,115000
HYD,20200115,0.21,0.21,0.205,0.205,84804
HZN,20200115,0.13,0.13,0.125,0.125,125650
HZR,20200115,0.4,0.415,0.4,0.41,115087
IAA,20200115,100.38,100.38,98.6,98.75,13334
IAF,20200115,114.38,114.47,114.25,114.47,25042
IAG,20200115,7.75,7.8,7.72,7.77,3490947
IAP,20200115,1.525,1.525,1.505,1.52,187984
IBG,20200115,0.013,0.013,0.012,0.013,589761
IBX,20200115,0.027,0.029,0.026,0.027,9011902
ICE,20200115,0.21,0.22,0.205,0.205,140784
ICI,20200115,0.027,0.027,0.027,0.027,245122
ICN,20200115,0.01,0.01,0.01,0.01,100000
ICQ,20200115,0.41,0.415,0.39,0.395,1189559
ICS,20200115,1.865,1.875,1.86,1.875,6179
ICT,20200115,0.051,0.051,0.047,0.047,115000
ID8,20200115,0.35,0.36,0.35,0.36,9082
IDA,20200115,0.028,0.03,0.028,0.029,1751084
IDT,20200115,0.165,0.17,0.165,0.165,188153
IDX,20200115,3.69,3.9,3.68,3.86,773626
IEL,20200115,19.49,19.79,19.38,19.69,433501
IEM,20200115,67.04,67.04,66.29,66.37,14456
IEU,20200115,68.46,68.46,67.87,67.9,8678
IFL,20200115,8.25,8.31,8.155,8.31,1080985
IFM,20200115,2.06,2.09,2.05,2.05,193038
IFN,20200115,0.685,0.727,0.685,0.715,2193984
IFT,20200115,5.18,5.19,5.18,5.18,18988
IGB,20200115,112.5,112.57,112.5,112.54,1321
IGE,20200115,0.17,0.215,0.155,0.165,10327288
IGL,20200115,2.51,2.51,2.49,2.5,920342
IGO,20200115,6.72,6.72,6.59,6.66,2371457
IHD,20200115,14.6,14.65,14.59,14.63,20088
IHL,20200115,0.067,0.072,0.067,0.07,2057197
IJH,20200115,299.9,300.06,299.54,299.97,216
IJP,20200115,85.97,87,85.97,86.54,6094
IJR,20200115,121.44,122,121.44,121.82,971
IKO,20200115,93.43,94.49,93.43,94.49,482
IKW,20200115,0.004,0.004,0.003,0.003,375000
ILB,20200115,128.07,128.6,128.01,128.13,387
ILC,20200115,26.71,26.74,26.68,26.73,1802
ILU,20200115,9.59,9.64,9.45,9.57,1185092
IMA,20200115,0.24,0.24,0.235,0.235,153513
IMC,20200115,0.135,0.135,0.13,0.13,57204
IMD,20200115,1.54,1.595,1.535,1.545,279866
IME,20200115,0.042,0.043,0.041,0.043,1273186
IMF,20200115,4.71,5,4.71,4.93,1683495
IMM,20200115,0.3,0.312,0.3,0.305,1017499
IMR,20200115,1.15,1.165,1.15,1.165,3322
IMU,20200115,0.039,0.039,0.036,0.036,46214839
INA,20200115,4.7,4.805,4.69,4.78,1240532
INF,20200115,0.058,0.058,0.056,0.056,180109
ING,20200115,3.59,3.59,3.52,3.55,833373
INP,20200115,0.02,0.022,0.02,0.021,350698
INR,20200115,0.185,0.195,0.185,0.195,1289108
IOD,20200115,0.135,0.135,0.135,0.135,141662
IOO,20200115,79.7,79.74,79.47,79.6,24056
IOZ,20200115,28.4,28.51,28.4,28.48,482677
IPD,20200115,0.16,0.17,0.16,0.17,229578
IPH,20200115,9.06,9.1,8.94,9.09,407392
IPL,20200115,3.34,3.35,3.3,3.33,2906190
IPT,20200115,0.007,0.007,0.006,0.006,325000
IRD,20200115,0.07,0.07,0.07,0.07,11000
IRE,20200115,13.69,13.74,13.59,13.68,241422
IRI,20200115,3.06,3.08,2.98,3.04,385027
ISD,20200115,0.275,0.28,0.27,0.27,312345
ISO,20200115,5.22,5.22,5.21,5.21,9465
ISU,20200115,0.51,0.52,0.5,0.505,46034
ITG,20200115,0.44,0.44,0.44,0.44,27348
IVC,20200115,14.05,14.09,13.9,13.99,222270
IVE,20200115,102,102,100.97,101.8,3492
IVR,20200115,0.023,0.023,0.022,0.022,1592906
IVV,20200115,479.9,479.9,476.13,476.32,9936
IVX,20200115,0.012,0.012,0.012,0.012,720025
IVZ,20200115,0.027,0.029,0.026,0.029,457273
IXC,20200115,0.95,0.95,0.915,0.945,21000
IXI,20200115,80.7,81.03,80.47,80.71,2324
IXJ,20200115,101.19,101.19,100.88,100.88,5460
IXU,20200115,0.07,0.071,0.07,0.07,82871
IZZ,20200115,65.39,65.39,64.52,64.59,1152
JAL,20200115,0.18,0.18,0.18,0.18,100000
JAT,20200115,0.053,0.056,0.053,0.053,751138
JAY,20200115,0.355,0.355,0.35,0.35,10000
JBH,20200115,41,41.41,40.92,40.99,453193
JDR,20200115,0.011,0.011,0.011,0.011,88000
JHC,20200115,1.045,1.045,1.02,1.04,401531
JHG,20200115,35.9,36.25,35.8,36.01,142380
JHX,20200115,29.76,30.125,29.67,29.9,738133
JIN,20200115,15.67,15.78,15.24,15.63,452976
JLG,20200115,2.15,2.17,2.12,2.15,156819
JMS,20200115,0.305,0.315,0.305,0.315,2130890
JRV,20200115,0.215,0.22,0.21,0.21,87824
JXT,20200115,0.145,0.15,0.14,0.15,198229
JYC,20200115,1.49,1.52,1.49,1.5,47030
K2F,20200115,0.28,0.285,0.275,0.275,40838
KAR,20200115,1.35,1.402,1.345,1.38,3270338
KAS,20200115,0.015,0.015,0.014,0.014,70000
KCN,20200115,0.45,0.49,0.45,0.475,1334307
KFE,20200115,0.055,0.055,0.054,0.054,424713
KGN,20200115,7.87,7.93,7.8,7.89,185696
KIN,20200115,0.035,0.035,0.034,0.034,234672
KKC,20200115,2.48,2.49,2.47,2.49,374039
KLA,20200115,63,64.72,63,64.65,3941
KLL,20200115,0.525,0.53,0.505,0.53,229564
KMD,20200115,3.18,3.2,3.14,3.14,34700
KME,20200115,1.26,1.27,1.25,1.26,34429
KMT,20200115,0.004,0.004,0.004,0.004,3273671
KPG,20200115,0.98,1,0.98,1,1526
KPO,20200115,0.028,0.028,0.028,0.028,70050
KRM,20200115,0.031,0.031,0.03,0.03,97016
KRR,20200115,0.021,0.022,0.021,0.022,455800
KSC,20200115,1.545,1.545,1.47,1.47,10000
KSL,20200115,1.455,1.48,1.455,1.46,79388
KSM,20200115,2.31,2.31,2.31,2.31,20704
KSN,20200115,0.175,0.18,0.17,0.18,284701
KSS,20200115,0.355,0.37,0.355,0.37,211315
KTA,20200115,0.037,0.038,0.036,0.038,591668
KTD,20200115,0.41,0.41,0.395,0.405,145465
KTG,20200115,0.235,0.245,0.235,0.235,141762
KYK,20200115,0.1,0.105,0.096,0.096,1320212
KZA,20200115,0.62,0.62,0.62,0.62,2818
KZR,20200115,0.48,0.585,0.44,0.555,5075825
LAU,20200115,0.36,0.37,0.36,0.37,140000
LAW,20200115,0.075,0.076,0.075,0.076,1093009
LBL,20200115,0.715,0.73,0.71,0.73,19590
LBT,20200115,0.175,0.18,0.17,0.175,212343
LCK,20200115,0.14,0.145,0.14,0.14,336816
LCT,20200115,0.017,0.017,0.017,0.017,8800
LCY,20200115,0.002,0.002,0.001,0.001,1615500
LEG,20200115,0.087,0.092,0.082,0.082,6402927
LEP,20200115,5.69,5.69,5.67,5.68,6350
LER,20200115,0.026,0.027,0.025,0.027,807994
LEX,20200115,0.185,0.185,0.185,0.185,100000
LHB,20200115,0.003,0.003,0.003,0.003,1772
LI3,20200115,0.022,0.022,0.02,0.02,76100
LIC,20200115,9.32,9.56,9.27,9.31,108429
LIN,20200115,0.036,0.037,0.031,0.031,14434284
LIT,20200115,0.076,0.076,0.07,0.071,7366260
LKE,20200115,0.051,0.051,0.047,0.048,3452126
LLC,20200115,18.51,18.72,18.405,18.67,1278167
LLO,20200115,1.61,1.61,1.61,1.61,1000
LME,20200115,1.83,1.83,1.81,1.81,529704
LMG,20200115,0.013,0.013,0.013,0.013,100000
LML,20200115,0.006,0.006,0.006,0.006,198989
LMW,20200115,0.16,0.16,0.15,0.16,154980
LNG,20200115,0.2,0.2,0.195,0.2,65758
LNK,20200115,6.2,6.27,6.19,6.23,1715927
LNU,20200115,0.03,0.03,0.028,0.029,1038745
LNY,20200115,0.007,0.007,0.006,0.006,14557952
LOM,20200115,0.13,0.13,0.125,0.125,48688
LON,20200115,0.17,0.17,0.17,0.17,16302
LOT,20200115,0.05,0.05,0.049,0.049,21593
LOV,20200115,12,12.38,11.97,12.37,94017
LPD,20200115,0.018,0.018,0.016,0.016,28278232
LPE,20200115,0.675,0.675,0.655,0.655,51500
LPI,20200115,0.26,0.26,0.26,0.26,41114
LRS,20200115,0.005,0.005,0.005,0.005,2886810
LSA,20200115,0.005,0.005,0.005,0.005,197787
LSF,20200115,1.62,1.645,1.615,1.645,682274
LSH,20200115,0.032,0.032,0.032,0.032,12590
LSR,20200115,0.011,0.011,0.011,0.011,87676
LSX,20200115,0.47,0.47,0.47,0.47,17006
LTR,20200115,0.09,0.095,0.088,0.091,6809293
LVH,20200115,0.205,0.21,0.2,0.2,66305
LVT,20200115,0.265,0.27,0.26,0.265,2832029
LYC,20200115,2.46,2.47,2.41,2.41,3288656
LYL,20200115,6,6,5.81,5.92,1791
M7T,20200115,0.775,0.78,0.745,0.755,342561
M8S,20200115,0.2,0.225,0.195,0.22,193840
MA1,20200115,1.035,1.035,1.035,1.035,22418
MAD,20200115,1.08,1.08,1.08,1.08,9250
MAG,20200115,0.205,0.215,0.205,0.215,156939
MAH,20200115,0.29,0.29,0.275,0.275,1058904
MAI,20200115,0.545,0.545,0.545,0.545,23453
MAM,20200115,0.5,0.5,0.49,0.49,30062
MAN,20200115,0.017,0.019,0.017,0.019,1640000
MAQ,20200115,25.5,25.5,25.5,25.5,150
MAT,20200115,0.135,0.135,0.135,0.135,165407
MAU,20200115,0.51,0.525,0.51,0.525,56380
MAY,20200115,0.01,0.01,0.01,0.01,3028483
MBK,20200115,0.008,0.009,0.008,0.009,30312
MCA,20200115,0.16,0.165,0.16,0.16,283519
MCE,20200115,0.36,0.36,0.36,0.36,52368
MCP,20200115,2.9,2.93,2.87,2.93,115829
MCR,20200115,0.695,0.697,0.665,0.685,634498
MCT,20200115,0.004,0.004,0.004,0.004,631104
MCY,20200115,5,5,5,5,6553
MDC,20200115,0.315,0.35,0.315,0.345,773879
MDI,20200115,0.005,0.005,0.004,0.004,333334
MDR,20200115,0.38,0.38,0.37,0.37,115956
MEA,20200115,0.34,0.34,0.325,0.335,53654
MEB,20200115,0.01,0.01,0.01,0.01,591778
MEC,20200115,0.965,0.965,0.96,0.96,37655
MEI,20200115,0.036,0.036,0.034,0.036,3091513
MEL,20200115,0.046,0.046,0.046,0.046,250000
MEM,20200115,0.052,0.052,0.051,0.052,174363
MEP,20200115,0.049,0.049,0.046,0.046,195680
MEU,20200115,0.027,0.027,0.026,0.027,450392
MEZ,20200115,5,5.02,4.94,4.94,13191
MFD,20200115,1.005,1.005,1.005,1.005,3222
MFF,20200115,3.66,3.69,3.64,3.67,325948
MFG,20200115,62.88,63.38,62.07,62.76,424931
MGC,20200115,0.435,0.435,0.435,0.435,65915
MGE,20200115,4.15,4.15,4.14,4.14,380486
MGG,20200115,2.01,2.03,2,2,558734
MGR,20200115,3.27,3.285,3.25,3.26,10022199
MGT,20200115,0.004,0.004,0.004,0.004,28000
MGV,20200115,0.086,0.086,0.085,0.085,71902
MGX,20200115,1,1.025,0.99,1.02,2205265
MHC,20200115,0.006,0.006,0.005,0.006,2190000
MHG,20200115,3.68,3.68,3.67,3.67,40741
MHH,20200115,1.66,1.7,1.655,1.66,1033491
MHI,20200115,0.11,0.11,0.11,0.11,3648
MHJ,20200115,0.7,0.71,0.7,0.71,77975
MIL,20200115,0.42,0.46,0.42,0.46,83728
MIN,20200115,17.49,17.62,17.145,17.52,1194626
MIO,20200115,0.2,0.2,0.2,0.2,15000
MIR,20200115,2.72,2.73,2.71,2.72,78233
MKG,20200115,0.069,0.069,0.069,0.069,47193
MLD,20200115,1,1,0.98,0.995,174213
MLL,20200115,0.084,0.09,0.078,0.088,1358509
MLM,20200115,0.014,0.014,0.014,0.014,89107
MLT,20200115,5.04,5.04,4.99,5,178667
MLX,20200115,0.087,0.093,0.087,0.093,4015441
MME,20200115,1.52,1.52,1.5,1.52,170178
MMI,20200115,0.16,0.16,0.16,0.16,1162280
MMJ,20200115,0.16,0.165,0.155,0.155,232422
MML,20200115,0.85,0.89,0.85,0.885,411220
MMM,20200115,0.31,0.31,0.31,0.31,1000
MMS,20200115,13.43,13.47,13.18,13.23,225544
MNC,20200115,0.056,0.056,0.055,0.055,422251
MND,20200115,17.12,17.5,17.09,17.43,148761
MNF,20200115,4.67,4.83,4.6,4.81,46856
MNS,20200115,0.15,0.155,0.135,0.135,1248038
MNY,20200115,2.4,2.43,2.38,2.42,124699
MOB,20200115,0.115,0.13,0.115,0.13,108877
MOC,20200115,1.26,1.29,1.26,1.28,101823
MOE,20200115,5.64,5.64,5.54,5.59,43018
MOH,20200115,0.046,0.046,0.046,0.046,45000
MOQ,20200115,0.22,0.22,0.22,0.22,1333
MOT,20200115,2.08,2.09,2.06,2.07,344421
MOZ,20200115,1.94,1.99,1.8,1.82,534118
MP1,20200115,10.8,11.205,10.8,10.88,369089
MPL,20200115,3.28,3.28,3.25,3.28,4528875
MPW,20200115,0.084,0.085,0.084,0.085,775360
MQG,20200115,141.5,141.67,140.65,141.51,598295
MQR,20200115,0.057,0.06,0.056,0.06,45462
MRC,20200115,0.285,0.29,0.265,0.265,100030
MRL,20200115,0.42,0.42,0.405,0.42,5548
MRM,20200115,0.175,0.175,0.175,0.175,36707
MRQ,20200115,0.021,0.021,0.018,0.019,43189360
MRR,20200115,0.011,0.011,0.011,0.011,1283
MRV,20200115,0.003,0.003,0.003,0.003,978625
MRZ,20200115,0.27,0.27,0.25,0.25,8000
MSB,20200115,2.3,2.44,2.28,2.44,3670264
MSE,20200115,0.013,0.014,0.013,0.014,2402996
MSG,20200115,0.019,0.019,0.019,0.019,170200
MSV,20200115,0.061,0.061,0.06,0.061,1126642
MTC,20200115,0.039,0.04,0.038,0.039,231229
MTH,20200115,0.012,0.012,0.011,0.011,428270
MTO,20200115,2.01,2.01,1.95,1.95,51959
MTS,20200115,2.65,2.67,2.56,2.59,6986014
MVA,20200115,25.79,25.84,25.75,25.77,8989
MVB,20200115,26.54,26.58,26.54,26.58,617
MVE,20200115,30.35,30.36,30.32,30.36,1604
MVF,20200115,1.02,1.03,1.01,1.02,204883
MVP,20200115,8.9,8.95,8.71,8.87,89148
MVR,20200115,31.07,31.19,31.04,31.15,2381
MVS,20200115,21.24,21.34,21.24,21.32,3561
MVW,20200115,32.2,32.32,32.2,32.29,36063
MWR,20200115,0.3,0.3,0.28,0.28,72445
MWY,20200115,1.89,1.9,1.88,1.9,37868
MX1,20200115,0.16,0.17,0.16,0.165,523065
MXC,20200115,0.035,0.038,0.034,0.037,3735606
MXI,20200115,0.22,0.22,0.215,0.215,117134
MXR,20200115,0.046,0.046,0.046,0.046,31
MXT,20200115,2.07,2.08,2.07,2.08,730469
MYE,20200115,0.94,0.95,0.92,0.95,32800
MYL,20200115,0.048,0.049,0.048,0.048,875788
MYQ,20200115,0.21,0.21,0.21,0.21,48899
MYR,20200115,0.51,0.515,0.505,0.515,729847
MYS,20200115,5.28,5.34,5.25,5.32,119609
MYX,20200115,0.45,0.457,0.45,0.455,3639357
NAB,20200115,25.07,25.19,25.02,25.17,5010202
NAC,20200115,1,1,0.995,0.995,83707
NAE,20200115,0.003,0.003,0.003,0.003,205702
NAG,20200115,0.035,0.035,0.032,0.032,250880
NAM,20200115,0.315,0.315,0.315,0.315,4745
NAN,20200115,7.08,7.29,7.07,7.19,742337
NBI,20200115,2.08,2.09,2.07,2.08,508533
NC6,20200115,0.06,0.06,0.06,0.06,64100
NCC,20200115,1.05,1.06,1.04,1.06,25472
NCK,20200115,6.94,7.19,6.89,7.13,182540
NCM,20200115,30.8,31.44,30.76,31.32,2456970
NCR,20200115,0.012,0.012,0.012,0.012,17000
NCZ,20200115,0.27,0.275,0.265,0.27,1206239
NDQ,20200115,22.24,22.24,22.16,22.17,83531
NEA,20200115,2.66,2.7,2.61,2.61,3383913
NEC,20200115,1.975,1.995,1.965,1.98,4541173
NES,20200115,0.051,0.051,0.05,0.051,18299
NET,20200115,0.1,0.11,0.1,0.105,1769204
NEU,20200115,2.82,2.88,2.8,2.88,49410
NEW,20200115,1.31,1.32,1.31,1.315,88010
NGE,20200115,0.7,0.73,0.7,0.73,15511
NGI,20200115,2.93,3.11,2.93,3.1,512587
NHC,20200115,2.1,2.12,2.08,2.11,2766773
NHF,20200115,6.4,6.52,6.4,6.46,995732
NIC,20200115,0.73,0.73,0.69,0.7,5044052
NML,20200115,0.115,0.125,0.115,0.12,1218556
NMT,20200115,0.19,0.195,0.19,0.19,359424
NOR,20200115,0.044,0.045,0.044,0.045,180371
NOV,20200115,0.205,0.205,0.205,0.205,9000
NOX,20200115,0.27,0.305,0.26,0.29,488767
NSB,20200115,0.175,0.175,0.17,0.17,71008
NSC,20200115,0.75,0.75,0.745,0.745,221778
NSR,20200115,2.03,2.04,2,2.03,2493592
NST,20200115,11.63,11.9,11.57,11.86,3822507
NSX,20200115,0.16,0.16,0.16,0.16,5531
NTD,20200115,0.44,0.44,0.425,0.44,53323
NTM,20200115,0.085,0.089,0.084,0.087,542458
NTO,20200115,1.59,1.6,1.55,1.55,90690
NTU,20200115,0.058,0.058,0.057,0.057,882936
NUC,20200115,3.65,3.65,3.55,3.6,38396
NUF,20200115,6.02,6.48,6.01,6.2,3139666
NUH,20200115,0.034,0.034,0.033,0.033,1709966
NVA,20200115,0.046,0.05,0.045,0.046,4678065
NVL,20200115,3.66,3.67,3.66,3.66,122979
NVO,20200115,0.017,0.017,0.016,0.016,1862518
NVX,20200115,0.5,0.5,0.48,0.49,61634
NWC,20200115,0.016,0.016,0.014,0.014,3135783
NWE,20200115,0.006,0.006,0.005,0.005,1529286
NWF,20200115,0.15,0.165,0.15,0.165,122657
NWH,20200115,3.3,3.38,3.25,3.38,2468607
NWL,20200115,8.15,8.26,8.07,8.08,291862
NWS,20200115,21.99,21.99,21.72,21.87,243830
NXE,20200115,0.013,0.013,0.012,0.012,16190
NXS,20200115,2.12,2.3,2.1,2.28,153271
NXT,20200115,6.69,6.87,6.68,6.87,1152462
NZK,20200115,2.02,2.02,2.02,2.02,1000
NZM,20200115,0.37,0.37,0.365,0.37,46338
OAR,20200115,0.005,0.005,0.005,0.005,7476500
OAU,20200115,0.02,0.021,0.02,0.021,79401
OBM,20200115,0.185,0.185,0.18,0.18,149178
OCC,20200115,0.49,0.49,0.465,0.465,436282
OCL,20200115,5.99,6,5.93,5.99,7518
OEC,20200115,0.34,0.35,0.335,0.335,397875
OEL,20200115,0.034,0.034,0.034,0.034,726083
OEX,20200115,0.004,0.004,0.004,0.004,700000
OFX,20200115,1.385,1.405,1.362,1.37,199458
OGA,20200115,0.13,0.13,0.13,0.13,20000
OGC,20200115,2.73,2.83,2.73,2.79,404571
OIL,20200115,0.035,0.039,0.035,0.038,353039
OKR,20200115,0.099,0.099,0.099,0.099,49398
OKU,20200115,0.17,0.175,0.165,0.165,269872
OLI,20200115,0.082,0.082,0.082,0.082,150
OLL,20200115,0.34,0.375,0.31,0.31,2508210
OMH,20200115,0.5,0.505,0.495,0.5,131457
OML,20200115,3.8,3.91,3.725,3.82,1455535
ONE,20200115,0.115,0.115,0.11,0.11,100000
ONT,20200115,6.14,6.14,6.14,6.14,1326
OOO,20200115,14.93,14.97,14.93,14.955,9363
OPC,20200115,3.95,4.02,3.83,4.02,35799
OPH,20200115,2.6,2.6,2.58,2.59,162458
OPL,20200115,0.19,0.19,0.185,0.185,22051
OPT,20200115,3.47,3.49,3.35,3.36,265055
OPY,20200115,1.375,1.375,1.345,1.35,226247
ORA,20200115,3.24,3.32,3.23,3.3,3727722
ORE,20200115,3.91,3.92,3.49,3.58,3628918
ORG,20200115,8.63,8.76,8.59,8.75,4115079
ORI,20200115,22.89,22.89,22.67,22.76,664102
ORR,20200115,0.425,0.43,0.425,0.425,76937
OSH,20200115,7.87,7.97,7.86,7.94,2983922
OSL,20200115,0.17,0.175,0.165,0.17,464317
OSP,20200115,0.029,0.029,0.028,0.028,871287
OSX,20200115,0.675,0.7,0.675,0.7,32241
OTW,20200115,4.44,4.44,4.42,4.43,110719
OVH,20200115,0.37,0.38,0.37,0.38,40934
OVL,20200115,0.008,0.008,0.008,0.008,337169
OVN,20200115,0.4,0.41,0.39,0.39,407417
OVT,20200115,0.048,0.048,0.048,0.048,2000
OZF,20200115,19.74,19.81,19.74,19.8,48122
OZG,20200115,0.175,0.175,0.175,0.175,307500
OZL,20200115,11.03,11.08,10.9,10.92,1377681
OZR,20200115,12.49,12.54,12.48,12.53,13629
P2P,20200115,0.066,0.066,0.066,0.066,150000
PAA,20200115,0.094,0.095,0.088,0.09,635566
PAB,20200115,0.02,0.021,0.02,0.02,3149595
PAC,20200115,6.1,6.195,6.08,6.17,17788
PAF,20200115,0.96,0.96,0.95,0.95,174491
PAI,20200115,1.1,1.1,1.085,1.085,404360
PAK,20200115,0.03,0.03,0.03,0.03,40031
PAL,20200115,1.075,1.08,0.99,0.99,15400
PAN,20200115,0.3,0.3,0.297,0.3,688621
PAR,20200115,3.47,3.74,3.43,3.73,1191757
PBH,20200115,6.1,6.47,6.1,6.22,703799
PBP,20200115,2.01,2.02,2,2,10401
PCG,20200115,1.65,1.7,1.65,1.7,20604
PCI,20200115,1.135,1.14,1.13,1.14,388268
PCK,20200115,0.19,0.195,0.18,0.185,3147920
PCL,20200115,0.002,0.002,0.002,0.002,677562
PDL,20200115,8.45,8.52,8.25,8.45,2322819
PDN,20200115,0.088,0.09,0.088,0.089,1093692
PE1,20200115,1.605,1.605,1.56,1.56,103179
PEC,20200115,0.038,0.038,0.038,0.038,3028
PEK,20200115,0.036,0.036,0.035,0.035,63008
PEN,20200115,0.165,0.165,0.165,0.165,87716
PET,20200115,0.765,0.82,0.765,0.82,858712
PEX,20200115,0.235,0.245,0.235,0.245,147288
PFG,20200115,0.077,0.077,0.077,0.077,21000
PFP,20200115,3.55,3.58,3.53,3.55,65515
PGC,20200115,0.43,0.43,0.425,0.43,93567
PGF,20200115,1.275,1.28,1.27,1.27,366997
PGG,20200115,2.06,2.07,2.05,2.06,245460
PGH,20200115,2.72,2.815,2.72,2.75,587003
PGL,20200115,2.07,2.07,1.98,2.04,76538
PGM,20200115,0.018,0.018,0.018,0.018,170001
PGX,20200115,0.35,0.37,0.35,0.37,319513
PIA,20200115,1.16,1.165,1.155,1.155,113011
PIC,20200115,1.075,1.08,1.065,1.065,207399
PIN,20200115,0.083,0.09,0.083,0.09,237410
PIO,20200115,0.015,0.015,0.013,0.013,2316245
PIQ,20200115,0.29,0.29,0.285,0.29,25321
PKO,20200115,0.019,0.02,0.019,0.02,36607
PKS,20200115,0.155,0.16,0.155,0.16,193194
PL8,20200115,1.185,1.19,1.185,1.19,399008
PLL,20200115,0.14,0.14,0.135,0.135,1026356
PLS,20200115,0.405,0.41,0.35,0.36,35474624
PM1,20200115,0.016,0.017,0.016,0.016,388201
PM8,20200115,0.175,0.175,0.165,0.175,42000
PMC,20200115,1.67,1.68,1.65,1.665,83745
PME,20200115,24.91,25.75,24.31,25.53,666666
PMV,20200115,20.25,20.5,20.22,20.45,136842
PMY,20200115,0.007,0.007,0.007,0.007,647071
PNC,20200115,1.79,1.79,1.78,1.79,257580
PNI,20200115,4.75,4.75,4.52,4.71,506516
PNN,20200115,0.002,0.002,0.002,0.002,3941177
PNR,20200115,0.14,0.142,0.135,0.135,1713316
PNV,20200115,2.2,2.28,2.17,2.28,2645457
PNX,20200115,0.006,0.006,0.006,0.006,70000
PO3,20200115,3.76,3.76,3.75,3.75,3114
POD,20200115,0.036,0.036,0.036,0.036,84445
POS,20200115,0.042,0.043,0.042,0.042,565515
POW,20200115,0.005,0.005,0.005,0.005,100000
PPC,20200115,1.29,1.325,1.275,1.285,38815
PPE,20200115,3.45,3.59,3.45,3.48,233048
PPG,20200115,0.115,0.115,0.115,0.115,124888
PPH,20200115,4.2,4.22,4.16,4.18,47504
PPK,20200115,5.2,5.79,5.2,5.6,105255
PPS,20200115,0.54,0.55,0.535,0.55,561212
PPT,20200115,42.26,42.79,42.25,42.72,211803
PRM,20200115,0.001,0.001,0.001,0.001,360000
PRN,20200115,1.66,1.675,1.64,1.655,3069031
PRO,20200115,0.475,0.475,0.455,0.455,28390
PRT,20200115,0.17,0.17,0.16,0.165,437353
PRU,20200115,1.06,1.095,1.05,1.08,8364025
PRX,20200115,0.067,0.068,0.067,0.068,60422
PSA,20200115,0.054,0.054,0.052,0.052,24667
PSC,20200115,0.25,0.27,0.25,0.26,74283
PSI,20200115,3.01,3.08,3,3.08,11565
PSM,20200115,0.003,0.004,0.003,0.004,10266103
PSZ,20200115,0.048,0.05,0.046,0.046,707774
PTB,20200115,0.795,0.8,0.795,0.8,65927
PTL,20200115,0.33,0.33,0.33,0.33,10000
PTM,20200115,4.8,4.93,4.77,4.93,1484387
PTR,20200115,0.041,0.041,0.041,0.041,50850
PTX,20200115,0.058,0.064,0.058,0.06,6355421
PUA,20200115,0.014,0.014,0.014,0.014,335240
PVS,20200115,1.48,1.48,1.48,1.48,11454
PWG,20200115,1.16,1.167,1.16,1.165,203713
PWH,20200115,4.94,5,4.83,5,64724
PWL,20200115,0.205,0.205,0.19,0.19,201085
PWN,20200115,0.01,0.01,0.009,0.01,13788698
PXS,20200115,0.145,0.147,0.145,0.145,102586
PXX,20200115,0.039,0.039,0.039,0.039,15000
PYC,20200115,0.063,0.065,0.061,0.064,1832038
PYG,20200115,0.69,0.7,0.69,0.7,36000
QAN,20200115,7.17,7.2,7.02,7.04,7999157
QAU,20200115,15.53,15.59,15.5,15.58,15359
QBE,20200115,13.25,13.37,13.23,13.36,2301624
QFE,20200115,0.39,0.39,0.36,0.38,670353
QFN,20200115,10.99,11.01,10.99,11.01,433001
QFY,20200115,0.004,0.004,0.004,0.004,5618000
QHL,20200115,0.11,0.115,0.11,0.115,373444
QIP,20200115,1.35,1.355,1.34,1.34,3212
QMS,20200115,1.22,1.22,1.215,1.215,155993
QOZ,20200115,14.05,14.09,14.04,14.07,22368
QRE,20200115,6.81,6.83,6.81,6.82,4763
QRI,20200115,1.615,1.62,1.61,1.61,201813
QTM,20200115,0.036,0.037,0.036,0.037,200000
QUB,20200115,3.53,3.55,3.5,3.55,3423214
QUS,20200115,39.61,39.61,39.6,39.6,563
QVE,20200115,1.035,1.04,1.03,1.03,300780
RAC,20200115,0.27,0.27,0.23,0.24,387132
RAG,20200115,0.007,0.007,0.007,0.007,103333
RAN,20200115,0.019,0.019,0.017,0.017,2064396
RAP,20200115,0.255,0.26,0.25,0.25,392705
RBL,20200115,1.115,1.185,1.11,1.115,369140
RBR,20200115,0.011,0.012,0.011,0.012,596541
RCB,20200115,20.66,20.7,20.66,20.67,14198
RCE,20200115,0.335,0.34,0.325,0.335,95894
RCL,20200115,0.33,0.335,0.33,0.335,5405
RCT,20200115,2.6,2.6,2.6,2.6,115
RDC,20200115,1.125,1.125,1.112,1.12,201661
RDF,20200115,0.485,0.485,0.48,0.48,4164
RDH,20200115,1.8,1.8,1.73,1.75,24909
RDM,20200115,0.105,0.11,0.105,0.105,147141
RDN,20200115,0.007,0.007,0.007,0.007,67900
RDV,20200115,30.7,30.82,30.7,30.82,10386
RDY,20200115,1.855,2,1.83,2,276693
REA,20200115,111,113.11,110.8,112.87,153207
RED,20200115,0.33,0.35,0.33,0.335,2911077
REG,20200115,2.51,2.61,2.51,2.57,195967
REH,20200115,11.5,11.65,11.5,11.62,56870
RES,20200115,0.083,0.083,0.083,0.083,16858
REV,20200115,0.012,0.012,0.012,0.012,225952
REY,20200115,0.23,0.23,0.23,0.23,10000
REZ,20200115,0.018,0.018,0.016,0.016,1124048
RF1,20200115,2.63,2.68,2.63,2.635,101838
RFF,20200115,1.94,1.955,1.93,1.955,386219
RFG,20200115,0.098,0.099,0.098,0.099,1128482
RFN,20200115,0.003,0.003,0.003,0.003,180000
RFR,20200115,0.1,0.1,0.1,0.1,65000
RFT,20200115,0.044,0.045,0.044,0.045,590058
RFX,20200115,0.043,0.044,0.042,0.042,472898
RGB,20200115,22.92,22.92,22.88,22.91,4623
RGI,20200115,0.12,0.12,0.12,0.12,100000
RGL,20200115,0.009,0.009,0.009,0.009,125000
RGS,20200115,0.076,0.076,0.076,0.076,8833
RHC,20200115,75,75.6,74.8,75.33,420624
RHP,20200115,2.12,2.29,2.12,2.29,260997
RHT,20200115,0.26,0.26,0.24,0.24,1203493
RHY,20200115,0.105,0.105,0.105,0.105,70000
RIC,20200115,1.085,1.11,1.085,1.11,128072
RIO,20200115,103.41,104,103.07,103.39,786237
RLE,20200115,0.028,0.029,0.028,0.029,191969
RLG,20200115,0.034,0.034,0.034,0.034,100000
RLT,20200115,1.3,1.3,1.27,1.275,29558
RMC,20200115,1.53,1.535,1.495,1.5,216337
RMD,20200115,22.95,23.085,22.94,22.99,513584
RML,20200115,0.05,0.05,0.05,0.05,440000
RMS,20200115,1.25,1.265,1.23,1.24,5094904
RMX,20200115,0.005,0.005,0.005,0.005,1720000
RMY,20200115,0.385,0.385,0.38,0.385,93333
RND,20200115,2.35,2.35,2.35,2.35,2554
RNE,20200115,0.027,0.027,0.023,0.023,270450
RNO,20200115,0.185,0.185,0.18,0.18,55630
RNT,20200115,0.043,0.048,0.043,0.048,706639
RNU,20200115,0.014,0.014,0.012,0.012,2246220
ROG,20200115,0.002,0.002,0.002,0.002,9000000
ROO,20200115,0.051,0.051,0.049,0.049,837464
RRL,20200115,4.42,4.53,4.415,4.49,4730961
RSG,20200115,1.175,1.21,1.17,1.18,13304279
RSH,20200115,0.08,0.083,0.08,0.083,62506
RSM,20200115,21.4,21.4,21.4,21.4,3011
RTE,20200115,0.4,0.4,0.4,0.4,3825
RTG,20200115,0.09,0.09,0.086,0.087,452897
RTR,20200115,0.065,0.065,0.061,0.063,1544929
RUL,20200115,0.89,0.925,0.885,0.895,125994
RVR,20200115,0.15,0.15,0.145,0.145,332129
RVS,20200115,0.655,0.67,0.65,0.67,8779
RWC,20200115,4.39,4.41,4.325,4.39,1487507
RXL,20200115,0.024,0.024,0.024,0.024,1457197
RXM,20200115,0.066,0.066,0.066,0.066,15609
RXP,20200115,0.535,0.54,0.53,0.54,35411
RYD,20200115,1.43,1.43,1.43,1.43,800
RZI,20200115,0.83,0.86,0.83,0.86,33459
S2R,20200115,0.12,0.13,0.115,0.115,22814
S32,20200115,2.89,2.9,2.83,2.85,15052738
SAR,20200115,3.65,3.705,3.58,3.64,7505338
SBM,20200115,2.74,2.94,2.74,2.93,9399910
SBR,20200115,0.003,0.003,0.003,0.003,150000
SCG,20200115,4.02,4.03,3.95,3.98,13908036
SCP,20200115,2.76,2.78,2.745,2.76,1230156
SCU,20200115,0.013,0.024,0.013,0.021,10161573
SDA,20200115,0.99,0.99,0.96,0.975,1193117
SDF,20200115,3.74,3.75,3.71,3.75,848561
SDG,20200115,1.72,1.76,1.72,1.76,105069
SDI,20200115,0.875,0.88,0.875,0.875,19122
SDV,20200115,0.79,0.795,0.77,0.77,72814
SDX,20200115,0.037,0.037,0.037,0.037,103604
SE1,20200115,0.05,0.05,0.049,0.05,91500
SEC,20200115,1.81,1.82,1.8,1.8,46440
SEI,20200115,0.052,0.052,0.051,0.051,347000
SEK,20200115,23.23,23.38,23.18,23.25,884229
SEN,20200115,0.068,0.07,0.068,0.07,187150
SEQ,20200115,0.22,0.23,0.22,0.22,136190
SER,20200115,0.004,0.004,0.004,0.004,280001
SES,20200115,0.088,0.088,0.084,0.084,201033
SFG,20200115,0.07,0.071,0.069,0.07,353065
SFR,20200115,5.98,6.135,5.98,6.07,1044985
SFX,20200115,0.3,0.3,0.295,0.3,23916
SFY,20200115,63.89,64.09,63.89,64.06,5990
SGC,20200115,0.042,0.042,0.039,0.039,215200
SGF,20200115,2.47,2.47,2.415,2.42,133049
SGH,20200115,1.01,1.01,1.01,1.01,15160
SGI,20200115,0.099,0.099,0.096,0.098,157374
SGM,20200115,11.59,11.68,11.49,11.58,489794
SGP,20200115,4.89,4.96,4.885,4.96,5594070
SGQ,20200115,0.125,0.13,0.125,0.13,386526
SGR,20200115,4.6,4.69,4.575,4.65,5234351
SHJ,20200115,0.965,0.965,0.955,0.955,2149
SHL,20200115,30.53,30.765,30.46,30.67,1015642
SHM,20200115,0.695,0.715,0.695,0.71,46919
SHV,20200115,8.34,8.72,8.34,8.5,368159
SIG,20200115,0.585,0.587,0.58,0.585,1114621
SIH,20200115,0.014,0.014,0.014,0.014,90909
SIL,20200115,0.054,0.054,0.049,0.05,354837
SIQ,20200115,7.03,7.08,6.97,7.02,825369
SIS,20200115,0.019,0.019,0.019,0.019,200000
SIT,20200115,0.068,0.068,0.068,0.068,87508
SIV,20200115,0.65,0.65,0.65,0.65,731
SKC,20200115,3.95,3.97,3.94,3.96,157830
SKI,20200115,2.12,2.15,2.11,2.12,21437553
SKN,20200115,0.014,0.015,0.014,0.015,71655
SKO,20200115,4.89,4.9,4.83,4.88,19496
SKT,20200115,0.7,0.722,0.69,0.71,403647
SKY,20200115,0.1,0.105,0.1,0.105,504067
SLC,20200115,0.895,0.9,0.875,0.9,665655
SLF,20200115,14.4,14.49,14.24,14.24,82226
SLK,20200115,4.5,4.56,4.41,4.52,522221
SLR,20200115,1.35,1.395,1.345,1.38,6224408
SLX,20200115,0.42,0.425,0.405,0.405,79984
SLZ,20200115,0.06,0.06,0.059,0.06,483838
SM1,20200115,8.39,8.39,8.29,8.31,40449
SM8,20200115,0.053,0.055,0.051,0.054,505541
SMI,20200115,0.004,0.004,0.004,0.004,625000
SMN,20200115,0.92,0.935,0.915,0.915,18723
SMP,20200115,0.515,0.515,0.515,0.515,19283
SMR,20200115,1.02,1.04,1.02,1.02,209340
SMX,20200115,0.44,0.44,0.435,0.435,73725
SNC,20200115,0.83,0.84,0.83,0.84,12365
SND,20200115,0.395,0.395,0.395,0.395,15000
SNL,20200115,4.25,4.31,4.25,4.31,1062
SNS,20200115,0.105,0.105,0.105,0.105,23120
SNZ,20200115,8.34,8.34,8.31,8.31,1700
SO4,20200115,0.735,0.75,0.73,0.74,16580
SOL,20200115,22.3,22.44,22.1,22.19,252588
SOM,20200115,2.85,2.85,2.83,2.83,7144
SOR,20200115,0.078,0.08,0.078,0.08,77642
SP3,20200115,0.1,0.11,0.1,0.105,477934
SPK,20200115,4.35,4.37,4.325,4.33,625127
SPL,20200115,1.195,1.22,1.18,1.22,185882
SPT,20200115,0.715,0.72,0.665,0.68,1292816
SPX,20200115,0.087,0.087,0.083,0.084,1240135
SPY,20200115,476.66,476.66,476.66,476.66,1
SPZ,20200115,0.24,0.24,0.24,0.24,107609
SRG,20200115,0.38,0.38,0.37,0.38,1077260
SRK,20200115,0.047,0.047,0.047,0.047,38000
SRV,20200115,4.05,4.15,4.03,4.1,9416
SRZ,20200115,0.01,0.01,0.01,0.01,479433
SSG,20200115,0.655,0.665,0.655,0.66,25226
SSM,20200115,2.72,2.83,2.72,2.82,1561996
SSO,20200115,16.13,16.15,16.13,16.15,960
ST1,20200115,0.2,0.2,0.195,0.2,118661
STA,20200115,0.115,0.115,0.115,0.115,55000
STG,20200115,1.45,1.495,1.44,1.495,31912
STM,20200115,0.014,0.015,0.014,0.014,2560750
STN,20200115,0.395,0.415,0.375,0.375,403220
STO,20200115,8.95,9,8.91,9,3553593
STW,20200115,64.43,64.69,64.43,64.58,211045
STX,20200115,0.18,0.185,0.18,0.185,1722296
SUD,20200115,0.055,0.059,0.055,0.059,151460
SUL,20200115,10.1,10.39,9.98,10.39,1052060
SUN,20200115,13.39,13.45,13.27,13.35,3051439
SUP,20200115,0.011,0.011,0.011,0.011,60000
SVA,20200115,0.028,0.028,0.028,0.028,58860
SVL,20200115,0.1,0.105,0.1,0.1,903328
SVM,20200115,0.105,0.105,0.105,0.105,200000
SVW,20200115,20.76,21.03,20.71,20.89,282385
SVY,20200115,0.895,0.93,0.895,0.905,82751
SW1,20200115,0.09,0.09,0.085,0.085,165253
SWF,20200115,0.155,0.155,0.15,0.155,330004
SWK,20200115,0.18,0.18,0.175,0.175,18181
SWM,20200115,0.315,0.325,0.31,0.32,1758666
SXE,20200115,0.59,0.605,0.59,0.605,97160
SXL,20200115,0.915,0.95,0.91,0.945,1987961
SXY,20200115,0.34,0.35,0.34,0.345,1344368
SYA,20200115,0.022,0.023,0.019,0.019,17220175
SYD,20200115,9.01,9.03,8.98,9.03,3598117
SYI,20200115,30.1,30.18,30.1,30.17,6537
SYR,20200115,0.725,0.74,0.645,0.66,8211394
SYT,20200115,0.001,0.001,0.001,0.001,2171010
SZL,20200115,1.78,1.84,1.76,1.795,140197
TAH,20200115,4.7,4.7,4.67,4.68,3037240
TAM,20200115,0.04,0.04,0.039,0.039,596491
TAP,20200115,0.13,0.13,0.13,0.13,7500
TAS,20200115,0.044,0.046,0.044,0.044,360000
TBR,20200115,5.4,5.4,5.09,5.14,336080
TCL,20200115,15.69,15.78,15.66,15.73,3474640
TD1,20200115,0.064,0.069,0.053,0.054,54467785
TDI,20200115,1.71,1.71,1.68,1.68,48028
TDO,20200115,0.085,0.085,0.085,0.085,7157
TEG,20200115,0.056,0.056,0.056,0.056,92000
TEK,20200115,0.29,0.3,0.29,0.29,161588
TER,20200115,0.34,0.34,0.34,0.34,45499
TFL,20200115,0.12,0.12,0.115,0.12,139942
TGA,20200115,0.215,0.22,0.21,0.215,117280
TGF,20200115,2.06,2.1,2.06,2.06,42333
TGG,20200115,1.37,1.37,1.355,1.37,148760
TGH,20200115,0.165,0.17,0.16,0.16,446000
TGM,20200115,0.22,0.22,0.22,0.22,8333
TGN,20200115,0.18,0.185,0.18,0.185,50000
TGO,20200115,0.11,0.11,0.11,0.11,43000
TGP,20200115,1.135,1.14,1.11,1.11,18143
TGR,20200115,4.39,4.44,4.39,4.43,572471
THC,20200115,0.385,0.395,0.375,0.375,179511
TIE,20200115,0.255,0.26,0.25,0.255,235188
TIG,20200115,0.01,0.01,0.01,0.01,273617
TIP,20200115,0.78,0.78,0.76,0.76,94061
TLG,20200115,0.43,0.44,0.425,0.43,209694
TLS,20200115,3.84,3.84,3.8,3.84,13730509
TLT,20200115,3.12,3.27,3.12,3.26,2447
TLX,20200115,1.52,1.54,1.41,1.415,948116
TMG,20200115,0.083,0.084,0.083,0.083,41296
TMR,20200115,0.255,0.275,0.24,0.24,665516
TMX,20200115,0.004,0.004,0.004,0.004,3100000
TNE,20200115,9.1,9.17,9.04,9.15,454549
TNG,20200115,0.087,0.088,0.087,0.088,49000
TNK,20200115,1.35,1.35,1.35,1.35,9943
TNR,20200115,0.008,0.008,0.008,0.008,49955
TNT,20200115,0.076,0.08,0.065,0.068,13566768
TNY,20200115,2.84,2.84,2.65,2.69,67565
TOE,20200115,0.008,0.008,0.008,0.008,1005964
TON,20200115,0.036,0.036,0.03,0.036,2295341
TOP,20200115,0.68,0.68,0.68,0.68,15000
TOT,20200115,1.065,1.065,1.065,1.065,83432
TOU,20200115,0.087,0.087,0.087,0.087,11494
TPC,20200115,0.835,0.835,0.835,0.835,1363
TPD,20200115,0.002,0.002,0.002,0.002,500000
TPM,20200115,6.97,7,6.93,6.94,445371
TPP,20200115,0.045,0.045,0.045,0.045,6730
TPW,20200115,3.23,3.32,3.14,3.24,876022
TRL,20200115,0.002,0.002,0.002,0.002,3094059
TRS,20200115,3.86,3.86,3.66,3.75,140832
TRT,20200115,0.025,0.025,0.025,0.025,183160
TRY,20200115,0.097,0.1,0.097,0.1,407584
TSC,20200115,0.007,0.007,0.007,0.007,9173291
TSL,20200115,0.019,0.019,0.019,0.019,28000
TTM,20200115,0.18,0.18,0.17,0.175,683000
TTT,20200115,0.95,0.975,0.945,0.955,178472
TWD,20200115,3.48,3.5,3.48,3.5,14750
TWE,20200115,17.37,17.4,17.17,17.24,1589878
TWR,20200115,0.675,0.68,0.665,0.665,39870
TYM,20200115,0.037,0.037,0.037,0.037,148542
TYR,20200115,3.45,3.52,3.43,3.51,1261327
TYX,20200115,0.003,0.003,0.003,0.003,1470850
TZL,20200115,0.15,0.15,0.15,0.15,5324
UBA,20200115,23.08,23.11,23.08,23.11,6001
UBE,20200115,24.31,24.31,24.31,24.31,81
UBI,20200115,0.175,0.18,0.175,0.175,115032
UBN,20200115,0.062,0.062,0.062,0.062,40000
UBP,20200115,30.45,30.45,30.26,30.26,547
UBW,20200115,30.99,30.99,30.94,30.94,2822
UCW,20200115,0.23,0.25,0.23,0.25,113633
UNV,20200115,0.24,0.245,0.24,0.245,476584
URF,20200115,0.645,0.65,0.62,0.625,323365
URW,20200115,10.73,10.81,10.73,10.78,303569
USD,20200115,14.07,14.08,14.07,14.08,1333
UWL,20200115,1.585,1.595,1.53,1.59,266332
VAE,20200115,73.01,73.01,72.09,72.09,4216
VAF,20200115,51.94,51.98,51.93,51.97,32890
VAH,20200115,0.15,0.15,0.145,0.145,469795
VAN,20200115,0.16,0.16,0.16,0.16,128960
VAP,20200115,92.39,92.84,92.39,92.73,74446
VAR,20200115,0.031,0.031,0.031,0.031,75714
VAS,20200115,88.22,88.58,88.21,88.47,106074
VCF,20200115,50.21,50.4,50.21,50.3,782
VCX,20200115,2.52,2.55,2.52,2.55,5134329
VEA,20200115,1.96,1.97,1.93,1.935,2762503
VEE,20200115,0.51,0.51,0.495,0.495,29101
VEN,20200115,0.185,0.195,0.185,0.195,5300657
VEQ,20200115,60.96,61.06,60.67,60.71,3565
VEU,20200115,78.99,78.99,78.65,78.68,18347
VG1,20200115,2.2,2.22,2.2,2.21,526058
VG8,20200115,2.29,2.3,2.28,2.3,116452
VGB,20200115,52.86,52.92,52.86,52.92,30184
VGE,20200115,73.99,73.99,73.48,73.52,21300
VGI,20200115,12.2,12.2,12,12.12,13106
VGL,20200115,3.19,3.19,3.18,3.18,1685
VGS,20200115,83.58,83.85,83.39,83.39,37156
VHT,20200115,1.845,1.875,1.84,1.865,142920
VHY,20200115,61.92,62.16,61.92,62.04,52852
VIC,20200115,0.001,0.001,0.001,0.001,1550000
VIF,20200115,50.31,50.32,50.24,50.32,12345
VLC,20200115,70.76,70.94,70.71,70.9,2953
VLT,20200115,0.33,0.335,0.325,0.335,187635
VMG,20200115,0.002,0.002,0.002,0.002,650000
VML,20200115,0.012,0.012,0.012,0.012,3911798
VMS,20200115,0.017,0.017,0.017,0.017,50000
VMT,20200115,0.28,0.31,0.28,0.31,2629620
VMX,20200115,0.28,0.28,0.28,0.28,350
VMY,20200115,0.046,0.047,0.046,0.047,538603
VOC,20200115,3.29,3.36,3.28,3.36,1864768
VOL,20200115,1.76,1.79,1.76,1.79,6300
VOR,20200115,0.009,0.009,0.009,0.009,554251
VPR,20200115,0.001,0.001,0.001,0.001,2963199
VR1,20200115,0.027,0.027,0.026,0.026,1850804
VR8,20200115,0.026,0.026,0.026,0.026,10000
VRC,20200115,0.012,0.013,0.012,0.013,55501
VRL,20200115,3.82,3.86,3.8,3.85,336969
VRS,20200115,0.064,0.064,0.064,0.064,92614
VRT,20200115,4.52,4.61,4.52,4.59,104543
VRX,20200115,0.099,0.099,0.099,0.099,46600
VSO,20200115,61.99,62.36,61.9,62.3,6055
VTG,20200115,1.185,1.2,1.175,1.18,59374
VTH,20200115,0.775,0.775,0.765,0.765,96656
VTI,20200115,0.045,0.045,0.044,0.045,1353505
VTS,20200115,241.62,241.9,241.17,241.22,15159
VUK,20200115,3.32,3.35,3.29,3.33,3093727
VUL,20200115,0.165,0.165,0.165,0.165,14649
VVA,20200115,2.9,2.99,2.9,2.99,28175
VVR,20200115,2.72,2.74,2.71,2.73,750938
VXR,20200115,0.11,0.115,0.11,0.115,385895
VYS,20200115,0.068,0.068,0.066,0.066,215111
WAA,20200115,1.095,1.11,1.07,1.11,155157
WAF,20200115,0.405,0.412,0.402,0.405,3324687
WAM,20200115,2.3,2.32,2.3,2.31,612003
WAT,20200115,2.14,2.14,2.14,2.14,4976
WAX,20200115,1.49,1.5,1.485,1.485,102004
WBA,20200115,1.985,1.99,1.982,1.99,243975
WBC,20200115,24.69,24.7,24.61,24.69,6121181
WBE,20200115,0.012,0.012,0.012,0.012,17326242
WBT,20200115,0.4,0.41,0.395,0.405,39353
WEB,20200115,13.9,14.28,13.83,14.24,1048291
WEC,20200115,0.085,0.087,0.081,0.087,297418
WEL,20200115,0.052,0.053,0.052,0.053,473250
WES,20200115,43.6,43.82,43.32,43.67,1926053
WGB,20200115,2.32,2.32,2.3,2.3,304350
WGN,20200115,2.45,2.46,2.4,2.4,77390
WGO,20200115,0.205,0.21,0.205,0.205,709558
WGX,20200115,2.24,2.3,2.23,2.27,880520
WHC,20200115,2.61,2.66,2.57,2.59,9006614
WHF,20200115,5.22,5.22,5.2,5.2,33396
WHK,20200115,0.082,0.084,0.082,0.083,172090
WIC,20200115,1.14,1.145,1.14,1.14,84000
WKT,20200115,0.18,0.18,0.175,0.175,249479
WLD,20200115,0.061,0.061,0.059,0.061,175928
WLE,20200115,1.275,1.28,1.272,1.275,763421
WMI,20200115,1.48,1.5,1.48,1.49,209097
WML,20200115,0.019,0.02,0.019,0.02,37631
WND,20200115,0.66,0.69,0.66,0.69,2770
WNR,20200115,0.28,0.285,0.28,0.285,80125
WOR,20200115,16.05,16.16,16.04,16.1,749617
WOW,20200115,38.6,38.6,37.93,38.31,2271213
WPL,20200115,35.61,35.9,35.52,35.8,1677130
WPP,20200115,0.575,0.58,0.57,0.575,431661
WQG,20200115,1.2,1.21,1.2,1.21,99856
WRM,20200115,0.004,0.004,0.004,0.004,1716533
WSA,20200115,2.93,2.93,2.81,2.83,2674896
WSI,20200115,0.022,0.023,0.022,0.023,136775
WSP,20200115,1.44,1.46,1.41,1.445,81858
WTC,20200115,24.68,24.92,24.24,24.33,392802
WWG,20200115,0.18,0.19,0.18,0.19,110000
WWI,20200115,0.011,0.011,0.01,0.01,2662153
XCD,20200115,0.012,0.012,0.011,0.011,477273
XF1,20200115,0.325,0.335,0.32,0.325,32000
XPL,20200115,0.067,0.067,0.065,0.065,1060189
XRF,20200115,0.24,0.25,0.24,0.25,238236
XRO,20200115,84,85.04,83.81,84.58,218589
XTE,20200115,0.69,0.69,0.68,0.68,21558
YAL,20200115,2.86,2.96,2.85,2.87,13139
YBR,20200115,0.097,0.097,0.097,0.097,32353
YOJ,20200115,0.052,0.052,0.049,0.049,335461
YOW,20200115,0.06,0.06,0.06,0.06,214740
YPB,20200115,0.004,0.004,0.004,0.004,237917
YRL,20200115,0.24,0.24,0.24,0.24,21
Z1P,20200115,3.63,3.67,3.55,3.57,3015642
ZEL,20200115,4.4,4.42,4.37,4.41,82758
ZEN,20200115,0.635,0.665,0.635,0.66,75015
ZIM,20200115,11.5,11.5,11.47,11.5,1562
ZLD,20200115,0.057,0.057,0.056,0.057,176779
ZMI,20200115,0.071,0.071,0.07,0.07,4000
ZNO,20200115,0.55,0.58,0.54,0.555,859071
XAF,20200115,6846,6875.9,6841.3,6874.5,0
XAO,20200115,7078,7114.8,7077.1,7113.5,0
XAT,20200115,6907.8,6943.1,6906,6941.3,0
XDJ,20200115,2818.2,2840.8,2815.4,2833.6,0
XEC,20200115,1599.2,1616.1,1599.4,1612.8,0
XEJ,20200115,12061.5,12157.7,12061.5,12139.3,0
XFJ,20200115,6140.6,6169,6140.6,6167,0
XFL,20200115,6903.3,6933.7,6898.6,6932.5,0
XGD,20200115,6824.9,7071,6824.5,7051.2,0
XHJ,20200115,43340.2,43613.8,43007.9,43580.2,0
XIJ,20200115,1496,1506.9,1494.9,1501.6,0
XJO,20200115,6962.2,6996.8,6960.4,6994.8,0
XJR,20200115,5097.3,5128.6,5097.3,5119.6,0
XKO,20200115,6920.3,6956,6918.9,6954.5,0
XMD,20200115,7507.7,7552.9,7507.7,7546.4,0
XMJ,20200115,14256.6,14342.9,14256.6,14315.3,0
XMM,20200115,4638.9,4667.3,4638.9,4656.7,0
XNJ,20200115,7251.7,7321.1,7251.7,7316.9,0
XPJ,20200115,1632.9,1645.7,1632.6,1642.1,0
XSJ,20200115,12827.2,12880.4,12713.2,12803.5,0
XSO,20200115,3022.4,3051.8,3022.4,3051.8,0
XTJ,20200115,1358.6,1364.2,1351.7,1364,0
XTL,20200115,3817.3,3834.5,3812.8,3833.9,0
XTO,20200115,5767.7,5794.5,5765.7,5792.9,0
XUJ,20200115,8337.4,8414,8337.4,8377.2,0
XXJ,20200115,6848.8,6880.5,6848.8,6878.3,0
