360,20200421,1.87,1.9,1.82,1.82,194065
14D,20200421,0.12,0.12,0.11,0.115,36414
1AD,20200421,0.064,0.065,0.06,0.06,686257
1AG,20200421,0.035,0.035,0.035,0.035,36765
1ST,20200421,0.044,0.047,0.035,0.036,8640919
3DA,20200421,0.155,0.155,0.145,0.145,143727
3DP,20200421,0.036,0.037,0.033,0.037,924619
3PL,20200421,0.81,0.815,0.78,0.815,23994
4DS,20200421,0.041,0.041,0.039,0.04,1221319
5GN,20200421,0.98,1.025,0.92,0.925,812687
88E,20200421,0.006,0.006,0.006,0.006,45046138
8CO,20200421,0.068,0.07,0.065,0.065,345000
8IH,20200421,0.099,0.099,0.099,0.099,5000
9SP,20200421,0.015,0.016,0.013,0.013,4774660
A1G,20200421,0.099,0.115,0.099,0.1,189920
A1M,20200421,0.285,0.29,0.27,0.27,110820
A2B,20200421,0.635,0.635,0.56,0.6,294343
A2M,20200421,18.7,18.98,18.2,18.31,4348063
A3D,20200421,0.099,0.099,0.092,0.092,145851
A4N,20200421,0.135,0.135,0.125,0.125,283656
AAA,20200421,50.09,50.1,50.09,50.09,292625
AAC,20200421,1.07,1.08,1.05,1.065,488637
AAJ,20200421,0.002,0.002,0.002,0.002,200000
AAR,20200421,0.14,0.145,0.135,0.145,365963
ABA,20200421,4.36,4.44,4.35,4.35,2565
ABC,20200421,2.46,2.46,2.3,2.32,2614539
ABP,20200421,2.45,2.49,2.42,2.45,1311089
ABR,20200421,0.32,0.335,0.29,0.29,480543
ABT,20200421,0.021,0.021,0.02,0.02,43383
AC8,20200421,0.2,0.2,0.19,0.2,639217
ACB,20200421,0.01,0.01,0.009,0.009,14522
ACF,20200421,0.24,0.255,0.24,0.24,41107
ACQ,20200421,0.89,0.9,0.89,0.9,43549
ACR,20200421,0.135,0.135,0.135,0.135,39200
ACW,20200421,0.021,0.021,0.02,0.02,168334
AD8,20200421,5.2,5.25,4.71,4.74,625785
ADA,20200421,0.42,0.42,0.4,0.4,50957
ADD,20200421,0.017,0.019,0.016,0.019,499999
ADH,20200421,1.25,1.29,1.1,1.13,1398828
ADI,20200421,2.15,2.16,2.04,2.05,237000
ADJ,20200421,0.013,0.013,0.013,0.013,218922
ADN,20200421,0.04,0.041,0.037,0.037,11775828
ADO,20200421,0.024,0.025,0.024,0.024,931163
ADR,20200421,0.034,0.035,0.032,0.032,1151543
ADT,20200421,1.18,1.2,1.13,1.17,112196
ADV,20200421,0.005,0.005,0.003,0.004,12077500
ADY,20200421,0.005,0.005,0.005,0.005,8000
AEE,20200421,0.002,0.003,0.002,0.003,29622127
AEF,20200421,3.85,3.85,3.55,3.55,237563
AEG,20200421,1.105,1.115,1.1,1.115,88962
AEI,20200421,0.555,0.57,0.545,0.56,817237
AER,20200421,0.072,0.072,0.072,0.072,7700
AEV,20200421,0.012,0.012,0.008,0.008,905300
AFG,20200421,1.46,1.5,1.355,1.355,432162
AFI,20200421,5.7,5.73,5.62,5.65,451211
AFL,20200421,0.15,0.155,0.135,0.135,134737
AFR,20200421,0.02,0.02,0.02,0.02,1262
AGD,20200421,0.165,0.165,0.165,0.165,205500
AGG,20200421,7.15,7.4,7.15,7.4,739869
AGH,20200421,0.355,0.355,0.335,0.335,1042027
AGI,20200421,0.45,0.45,0.42,0.425,186270
AGL,20200421,16.88,17.23,16.75,17,3083194
AGM,20200421,1.605,1.605,1.57,1.57,1610
AGY,20200421,0.041,0.041,0.038,0.04,1949348
AHF,20200421,0.084,0.084,0.084,0.084,6200
AHL,20200421,0.005,0.005,0.005,0.005,400000
AHQ,20200421,0.069,0.069,0.065,0.065,330590
AHX,20200421,0.455,0.46,0.42,0.42,45497
AHY,20200421,1.015,1.03,0.97,0.985,175933
AHZ,20200421,6.79,6.79,6.52,6.55,2545
AIA,20200421,5.49,5.66,5.46,5.58,1114039
AIS,20200421,0.042,0.043,0.04,0.04,407002
AIZ,20200421,1.345,1.345,1.27,1.305,3563394
AJJ,20200421,0.034,0.034,0.034,0.034,1351
AJL,20200421,0.062,0.062,0.061,0.061,8057
AJM,20200421,0.048,0.049,0.044,0.047,3927747
AJQ,20200421,0.037,0.037,0.036,0.037,108486
AJX,20200421,0.052,0.052,0.05,0.05,215665
AKG,20200421,0.31,0.31,0.3,0.3,18110
AKP,20200421,14.5,14.51,13.55,13.99,11210
AL3,20200421,0.155,0.155,0.145,0.145,3348180
AL8,20200421,0.015,0.015,0.015,0.015,267832
ALC,20200421,0.165,0.165,0.145,0.145,5652556
ALF,20200421,0.865,0.87,0.86,0.86,460575
ALG,20200421,0.355,0.357,0.28,0.285,5444711
ALI,20200421,2.08,2.09,2.04,2.04,75618
ALK,20200421,0.85,0.87,0.81,0.825,3546797
ALL,20200421,23.11,23.33,22.37,22.37,2558484
ALQ,20200421,6.3,6.47,5.94,6,1683750
ALU,20200421,32.11,32.28,30.45,30.7,745068
ALX,20200421,5.69,5.78,5.475,5.55,2907746
ALY,20200421,0.01,0.011,0.01,0.011,550709
AMA,20200421,0.37,0.385,0.34,0.355,4922660
AMC,20200421,13.49,13.56,13.225,13.33,3465150
AMD,20200421,0.006,0.006,0.006,0.006,2964116
AME,20200421,0.065,0.066,0.065,0.065,2927772
AMG,20200421,0.043,0.044,0.042,0.042,184212
AMH,20200421,0.84,0.84,0.82,0.82,89569
AMI,20200421,0.34,0.35,0.335,0.34,2365923
AML,20200421,0.061,0.062,0.058,0.06,581699
AMN,20200421,0.36,0.38,0.36,0.38,25990
AMP,20200421,1.37,1.405,1.355,1.36,12274783
AMS,20200421,0.62,0.625,0.555,0.57,448304
AMT,20200421,0.16,0.16,0.14,0.14,155833
AMX,20200421,1.3,1.32,1.25,1.25,50706
ANA,20200421,0.007,0.007,0.005,0.006,11076034
ANG,20200421,0.155,0.155,0.14,0.15,91844
ANL,20200421,0.002,0.002,0.001,0.002,3795670
ANN,20200421,29.7,29.9,29.02,29.32,567839
ANO,20200421,4.21,4.21,3.95,4.03,45552
ANP,20200421,0.049,0.051,0.047,0.05,1651036
ANR,20200421,0.165,0.17,0.165,0.165,52942
ANZ,20200421,16.14,16.27,15.8,15.8,9150334
AO1,20200421,0.013,0.013,0.011,0.011,1982549
AOF,20200421,2.02,2.02,2,2,92087
AON,20200421,0.015,0.015,0.015,0.015,535673
AOP,20200421,0.225,0.225,0.22,0.22,119100
AOU,20200421,0.05,0.063,0.05,0.062,325880
APA,20200421,10.86,11.06,10.76,10.84,2760867
APC,20200421,0.08,0.08,0.077,0.077,53512
APD,20200421,0.485,0.49,0.465,0.485,13464
APE,20200421,3.99,4.025,3.66,3.69,1473169
APH,20200421,0.135,0.135,0.12,0.12,100011
API,20200421,1.17,1.17,1.145,1.15,1289363
APL,20200421,0.92,0.935,0.92,0.935,306866
APT,20200421,28.45,29.03,27.19,27.32,4544126
APV,20200421,0.15,0.15,0.14,0.15,115778
APX,20200421,24.65,24.94,23.03,23.18,930409
APZ,20200421,0.99,0.99,0.99,0.99,8117
AQD,20200421,0.012,0.012,0.012,0.012,251845
AQG,20200421,7.03,7.03,6.77,6.85,380073
AQI,20200421,0.072,0.073,0.06,0.063,1584336
AQR,20200421,2.98,2.98,2.9,2.9,101669
AQX,20200421,0.021,0.021,0.019,0.019,4189360
AQZ,20200421,1.95,2.07,1.91,1.97,163304
AR9,20200421,0.071,0.072,0.07,0.072,100200
ARB,20200421,14.68,14.93,14.11,14.17,166119
ARD,20200421,0.014,0.014,0.013,0.013,3543000
ARE,20200421,0.004,0.005,0.004,0.004,1067500
ARF,20200421,2.21,2.285,2.16,2.19,537475
ARG,20200421,7.12,7.15,7.01,7.01,257236
ARL,20200421,0.26,0.26,0.25,0.25,53962
ARM,20200421,0.014,0.015,0.013,0.013,5014590
ARN,20200421,0.127,0.127,0.12,0.12,201466
ARQ,20200421,0.13,0.135,0.1,0.13,640391
ARS,20200421,0.022,0.022,0.02,0.021,2927753
ARU,20200421,0.066,0.066,0.06,0.06,844424
ARV,20200421,0.024,0.026,0.023,0.024,4494189
AS1,20200421,0.12,0.12,0.115,0.115,32350
ASB,20200421,3.11,3.15,3.035,3.07,2086954
ASG,20200421,0.75,0.75,0.7,0.725,276305
ASH,20200421,0.25,0.25,0.25,0.25,6650
AST,20200421,1.805,1.82,1.782,1.795,7779005
ASX,20200421,81.86,82.75,80.86,81.5,580851
AT1,20200421,0.54,0.54,0.465,0.465,14963956
ATC,20200421,0.053,0.055,0.05,0.05,470992
ATH,20200421,0.02,0.02,0.017,0.017,486016
ATL,20200421,0.23,0.245,0.22,0.22,259876
ATS,20200421,0.02,0.025,0.02,0.025,11289147
ATX,20200421,0.08,0.08,0.074,0.075,67840
AU1,20200421,0.04,0.044,0.035,0.04,360206
AU8,20200421,0.059,0.062,0.058,0.058,625837
AUB,20200421,10.34,10.34,10.01,10.12,329064
AUC,20200421,0.014,0.014,0.013,0.013,5842966
AUH,20200421,0.001,0.002,0.001,0.002,894135
AUI,20200421,7.6,7.6,7.41,7.41,16490
AUL,20200421,0.22,0.235,0.2,0.2,50648
AUQ,20200421,0.012,0.012,0.012,0.012,757046
AUR,20200421,0.02,0.02,0.017,0.018,1857391
AUT,20200421,0.034,0.035,0.033,0.034,2092740
AUZ,20200421,0.01,0.01,0.009,0.009,12545587
AV1,20200421,0.095,0.096,0.086,0.086,251708
AVC,20200421,0.19,0.19,0.19,0.19,75000
AVE,20200421,0.006,0.006,0.005,0.005,5820334
AVG,20200421,0.39,0.39,0.375,0.39,10419
AVH,20200421,0.485,0.485,0.42,0.43,25541561
AVJ,20200421,0.37,0.37,0.34,0.34,816301
AVL,20200421,0.009,0.01,0.009,0.01,18335507
AVN,20200421,1.625,1.635,1.505,1.545,557573
AVZ,20200421,0.073,0.073,0.062,0.063,38775027
AWC,20200421,1.465,1.5,1.45,1.45,13897785
AWN,20200421,0.06,0.06,0.06,0.06,300000
AWV,20200421,0.008,0.008,0.008,0.008,309048
AX1,20200421,1.01,1.015,0.93,0.94,2008061
AX8,20200421,0.015,0.017,0.015,0.015,78642
AXE,20200421,0.165,0.165,0.16,0.16,242860
AYS,20200421,0.32,0.335,0.31,0.315,441991
AZI,20200421,0.004,0.004,0.004,0.004,2853785
AZJ,20200421,4.54,4.61,4.41,4.47,9823574
AZS,20200421,0.083,0.083,0.079,0.079,282844
AZV,20200421,0.067,0.067,0.067,0.067,200000
AZY,20200421,0.015,0.015,0.015,0.015,5025933
BAF,20200421,0.72,0.73,0.71,0.71,54500
BAP,20200421,4.66,4.68,4.46,4.5,5330898
BAS,20200421,0.001,0.001,0.001,0.001,924805
BAT,20200421,0.005,0.005,0.005,0.005,450000
BBC,20200421,0.42,0.425,0.42,0.425,65000
BBL,20200421,0.43,0.43,0.43,0.43,3000
BBN,20200421,2.55,2.61,2.38,2.39,245671
BBX,20200421,0.12,0.12,0.11,0.115,259484
BC8,20200421,0.375,0.375,0.375,0.375,5000
BCB,20200421,0.05,0.05,0.048,0.05,1337171
BCC,20200421,0.17,0.17,0.165,0.165,40560
BCI,20200421,0.13,0.13,0.125,0.13,359290
BCK,20200421,0.018,0.018,0.018,0.018,50000
BCN,20200421,0.035,0.035,0.035,0.035,621784
BCT,20200421,0.066,0.066,0.064,0.065,235251
BD1,20200421,0.026,0.026,0.025,0.025,541423
BDA,20200421,0.25,0.26,0.245,0.245,33937
BDC,20200421,0.067,0.069,0.067,0.069,2400150
BDG,20200421,0.067,0.067,0.067,0.067,3500
BEL,20200421,0.026,0.026,0.025,0.025,137151
BEM,20200421,0.035,0.035,0.035,0.035,12048
BEN,20200421,5.89,5.89,5.65,5.65,3871312
BET,20200421,0.21,0.22,0.195,0.2,2728640
BFC,20200421,0.075,0.077,0.071,0.071,758172
BFG,20200421,0.915,0.955,0.905,0.925,313708
BGA,20200421,4.95,4.95,4.84,4.85,899814
BGL,20200421,0.56,0.575,0.535,0.55,2177746
BGT,20200421,0.21,0.21,0.155,0.19,543913
BHP,20200421,30.25,30.63,29.98,30.05,8278880
BID,20200421,0.795,0.795,0.74,0.74,172514
BIN,20200421,2,2.11,1.98,1.98,3640800
BIS,20200421,0.775,0.775,0.775,0.775,1423
BIT,20200421,0.095,0.095,0.09,0.09,1438114
BKI,20200421,1.33,1.34,1.3,1.31,419335
BKL,20200421,81.8,82.08,78.79,78.96,68926
BKT,20200421,0.029,0.029,0.028,0.028,1680430
BKW,20200421,12.5,12.7,12.21,12.28,669821
BKY,20200421,0.19,0.195,0.19,0.195,13806
BLD,20200421,2.69,2.71,2.49,2.57,11692188
BLG,20200421,0.033,0.033,0.031,0.031,464000
BLK,20200421,0.011,0.011,0.011,0.011,9394238
BLU,20200421,0.017,0.018,0.016,0.018,2131553
BLV,20200421,0.25,0.25,0.25,0.25,10
BLX,20200421,0.63,0.64,0.625,0.63,246411
BLY,20200421,0.67,0.74,0.67,0.74,1350
BMN,20200421,0.043,0.043,0.04,0.042,3151527
BNL,20200421,0.005,0.005,0.005,0.005,633454
BNO,20200421,0.05,0.052,0.049,0.05,623905
BNR,20200421,0.039,0.04,0.036,0.04,449699
BOE,20200421,0.058,0.06,0.058,0.058,1266362
BOL,20200421,0.094,0.094,0.092,0.092,40000
BOQ,20200421,4.88,4.9,4.76,4.76,3020231
BOT,20200421,0.037,0.037,0.033,0.033,2776606
BPH,20200421,0.009,0.009,0.008,0.008,1292378
BPL,20200421,0.013,0.014,0.013,0.014,144162
BPP,20200421,0.015,0.015,0.015,0.015,233333
BPT,20200421,1.275,1.345,1.26,1.29,12870426
BRB,20200421,0.185,0.19,0.16,0.16,183770
BRG,20200421,17.58,18.18,16.76,16.98,232793
BRI,20200421,1.23,1.23,1.22,1.22,5180
BRK,20200421,0.003,0.004,0.003,0.004,7776698
BRL,20200421,0.074,0.075,0.074,0.074,414805
BRN,20200421,0.047,0.047,0.043,0.043,7294820
BRU,20200421,0.08,0.084,0.079,0.08,345078
BRV,20200421,0.023,0.024,0.02,0.02,2206582
BSA,20200421,0.31,0.31,0.31,0.31,17115
BSE,20200421,0.152,0.152,0.145,0.145,574277
BSL,20200421,9.65,9.66,9.39,9.55,3952421
BSM,20200421,0.003,0.004,0.003,0.004,4366247
BSX,20200421,0.145,0.145,0.14,0.14,771530
BTC,20200421,0.085,0.085,0.078,0.078,47298
BTH,20200421,0.66,0.66,0.555,0.58,3172108
BTI,20200421,0.67,0.67,0.665,0.665,322180
BUB,20200421,0.92,0.93,0.855,0.865,8400492
BUD,20200421,0.011,0.011,0.009,0.01,2594157
BUY,20200421,0.006,0.007,0.006,0.007,550000
BVS,20200421,4.4,4.43,4.12,4.12,1542958
BWF,20200421,0.31,0.32,0.31,0.32,20000
BWP,20200421,3.41,3.46,3.32,3.32,1597040
BWR,20200421,1.2,1.275,1.15,1.15,159511
BWX,20200421,3.75,3.76,3.55,3.63,239238
BXB,20200421,10.86,11.02,10.58,10.6,6994576
BYE,20200421,0.13,0.135,0.125,0.125,909811
C6C,20200421,0.495,0.495,0.48,0.495,20076
CAA,20200421,0.095,0.095,0.095,0.095,13346
CAD,20200421,0.001,0.001,0.001,0.001,15000
CAF,20200421,0.083,0.083,0.081,0.082,421029
CAI,20200421,0.28,0.285,0.26,0.26,387996
CAJ,20200421,0.19,0.195,0.18,0.19,3767399
CAM,20200421,0.75,0.75,0.715,0.72,121634
CAN,20200421,0.905,0.95,0.86,0.875,918321
CAP,20200421,0.023,0.024,0.02,0.024,397877
CAR,20200421,13.38,13.49,12.6,12.99,1225320
CAT,20200421,1.02,1.025,0.94,0.96,792563
CAU,20200421,0.084,0.084,0.081,0.081,76000
CAV,20200421,0.001,0.002,0.001,0.002,4995215
CAY,20200421,0.105,0.105,0.093,0.093,372612
CAZ,20200421,0.022,0.022,0.021,0.022,1807727
CBA,20200421,60.14,60.45,58.63,58.63,4261494
CBE,20200421,0.175,0.185,0.15,0.16,826405
CBR,20200421,1.49,1.49,1.37,1.4,264099
CBY,20200421,0.075,0.075,0.075,0.075,14000
CCA,20200421,0.063,0.063,0.059,0.059,129214
CCE,20200421,0.001,0.001,0.001,0.001,11437010
CCG,20200421,0.053,0.053,0.051,0.053,85929
CCL,20200421,8.5,8.56,8.27,8.3,3495196
CCP,20200421,15.5,15.5,14.17,14.57,842475
CCV,20200421,0.15,0.15,0.145,0.15,53370
CCX,20200421,1.915,1.935,1.77,1.81,469000
CCZ,20200421,0.018,0.018,0.018,0.018,240087
CD2,20200421,0.925,0.925,0.925,0.925,12578
CDA,20200421,5.88,6.09,5.75,5.75,272308
CDD,20200421,0.25,0.272,0.23,0.255,120388
CDM,20200421,0.54,0.56,0.53,0.545,425756
CDP,20200421,3.72,3.72,3.51,3.51,25121
CDV,20200421,0.37,0.37,0.355,0.355,867491
CDY,20200421,0.23,0.245,0.23,0.24,1709692
CE1,20200421,0.004,0.004,0.003,0.003,1728000
CEL,20200421,0.105,0.105,0.092,0.095,1319485
CEN,20200421,6.09,6.09,5.96,5.96,494
CFE,20200421,0.002,0.002,0.002,0.002,1317000
CFO,20200421,0.04,0.05,0.04,0.05,87275
CG1,20200421,0.24,0.24,0.235,0.235,267531
CGA,20200421,0.265,0.265,0.265,0.265,28000
CGB,20200421,0.009,0.009,0.008,0.008,9725179
CGC,20200421,2.84,2.84,2.73,2.74,1523866
CGF,20200421,4.5,4.6,4.36,4.41,3944539
CGL,20200421,3.2,3.2,3.07,3.18,301202
CGN,20200421,0.01,0.01,0.008,0.009,433084
CGO,20200421,0.095,0.1,0.095,0.096,11000
CGR,20200421,0.495,0.495,0.47,0.47,422563
CGS,20200421,0.335,0.34,0.33,0.33,198337
CHC,20200421,7.26,7.34,6.85,7.01,2687631
CHK,20200421,0.004,0.004,0.004,0.004,2497506
CHN,20200421,1.155,1.155,0.995,1.055,5237923
CHZ,20200421,0.069,0.069,0.063,0.063,476108
CI1,20200421,0.034,0.034,0.032,0.033,490403
CIA,20200421,1.825,1.83,1.765,1.785,125836
CIE,20200421,0.55,0.55,0.51,0.51,163384
CII,20200421,0.76,0.76,0.76,0.76,3500
CIM,20200421,22.98,23.09,21.8,21.8,573669
CIN,20200421,21.21,21.25,21.2,21.2,941
CIP,20200421,2.7,2.73,2.63,2.63,1479925
CIW,20200421,0.38,0.38,0.38,0.38,2150
CKA,20200421,0.042,0.042,0.039,0.042,522842
CKF,20200421,6.9,6.93,6.43,6.5,654411
CL1,20200421,1.42,1.48,1.365,1.48,125909
CL8,20200421,0.007,0.007,0.006,0.007,1050000
CLA,20200421,0.011,0.011,0.011,0.011,443000
CLB,20200421,0.045,0.045,0.045,0.045,148743
CLF,20200421,1.015,1.015,1,1.01,32012
CLQ,20200421,0.19,0.19,0.165,0.165,607324
CLV,20200421,1.995,1.995,1.82,1.84,379381
CLW,20200421,4.47,4.51,4.34,4.38,1760000
CLZ,20200421,0.001,0.001,0.001,0.001,31645800
CM8,20200421,0.022,0.022,0.019,0.02,2183024
CMM,20200421,1.28,1.295,1.26,1.275,103084
CMP,20200421,0.445,0.445,0.405,0.405,146128
CMW,20200421,0.795,0.82,0.77,0.77,9960265
CNB,20200421,0.08,0.08,0.07,0.071,185122
CNI,20200421,1.705,1.705,1.565,1.585,1206225
CNU,20200421,6.72,6.76,6.58,6.61,694431
CNW,20200421,0.023,0.023,0.022,0.022,300000
COB,20200421,0.12,0.12,0.12,0.12,5366
COE,20200421,0.425,0.445,0.405,0.435,8039491
COF,20200421,1.91,1.99,1.78,1.81,1157666
COG,20200421,0.045,0.045,0.045,0.045,100000
COH,20200421,185.5,187.61,180.45,181.18,265968
COI,20200421,0.071,0.071,0.068,0.068,174024
COL,20200421,16.2,16.32,15.92,16,3244056
COY,20200421,0.008,0.008,0.008,0.008,280527
CP1,20200421,0.095,0.096,0.095,0.096,4850
CPH,20200421,0.075,0.075,0.066,0.068,2037436
CPT,20200421,0.021,0.022,0.021,0.022,12450
CPU,20200421,11.2,11.25,10.81,10.97,1879556
CPV,20200421,0.105,0.11,0.105,0.105,58000
CQE,20200421,2.28,2.33,2.2,2.24,1151178
CQR,20200421,3.2,3.27,3.07,3.12,1550828
CR1,20200421,0.27,0.29,0.26,0.27,593402
CRL,20200421,0.012,0.012,0.011,0.011,747142
CRN,20200421,1.265,1.29,1.17,1.19,589281
CRO,20200421,0.003,0.003,0.003,0.003,483333
CRS,20200421,0.115,0.115,0.115,0.115,28632
CSL,20200421,316.01,318.17,304.91,306.69,1031744
CSR,20200421,3.16,3.21,3.02,3.05,3631170
CSS,20200421,0.715,0.715,0.69,0.69,138926
CST,20200421,0.1,0.11,0.098,0.1,609102
CT1,20200421,0.017,0.02,0.017,0.02,812142
CTD,20200421,9.2,9.44,8.87,9.02,656654
CTM,20200421,0.125,0.135,0.125,0.13,1475799
CTO,20200421,0.004,0.004,0.004,0.004,1107000
CTP,20200421,0.077,0.077,0.072,0.073,716444
CTX,20200421,21.5,22.25,21.34,21.98,2000662
CUE,20200421,0.077,0.081,0.071,0.08,330677
CUP,20200421,0.855,0.855,0.84,0.84,30916
CUV,20200421,22.91,23.18,20.93,21.05,230482
CV1,20200421,0.071,0.071,0.066,0.067,479742
CVC,20200421,1.15,1.15,1.15,1.15,500
CVF,20200421,0.76,0.76,0.745,0.75,140726
CVN,20200421,0.155,0.17,0.155,0.165,5630368
CVW,20200421,0.21,0.21,0.195,0.2,293729
CWN,20200421,8.03,8.09,7.81,8.01,2088439
CWP,20200421,4.4,4.42,4.03,4.08,123493
CWX,20200421,0.2,0.2,0.2,0.2,116153
CWY,20200421,1.765,1.775,1.715,1.725,5915902
CXL,20200421,0.71,0.72,0.7,0.7,19949
CXO,20200421,0.043,0.043,0.041,0.043,1189735
CXU,20200421,0.022,0.022,0.022,0.022,69518
CXZ,20200421,0.015,0.015,0.015,0.015,346667
CYC,20200421,1.405,1.405,1.4,1.4,2240
CYG,20200421,0.51,0.51,0.49,0.49,24922
CYL,20200421,2.31,2.4,2.3,2.33,31984
CYM,20200421,0.12,0.12,0.12,0.12,10000
CYQ,20200421,0.001,0.001,0.001,0.001,32645500
CZI,20200421,0.105,0.105,0.096,0.096,970836
CZN,20200421,0.003,0.003,0.002,0.002,5031690
CZR,20200421,0.01,0.01,0.009,0.009,3798642
D2O,20200421,1.25,1.29,1.23,1.29,127643
DAV,20200421,0.048,0.048,0.048,0.048,16888
DBF,20200421,0.965,0.965,0.96,0.96,5000
DCC,20200421,0.025,0.025,0.023,0.024,1582231
DCG,20200421,0.125,0.135,0.12,0.135,503372
DCN,20200421,0.35,0.365,0.335,0.355,7727481
DCX,20200421,0.004,0.004,0.004,0.004,3855150
DDR,20200421,6.4,6.4,6.15,6.28,153138
DEG,20200421,0.375,0.385,0.345,0.35,15150743
DEM,20200421,0.175,0.175,0.175,0.175,19000
DEV,20200421,0.099,0.1,0.09,0.09,2669989
DHG,20200421,2.36,2.37,2.16,2.18,2768344
DIV,20200421,18.51,18.51,18.42,18.42,125
DJW,20200421,2.64,2.64,2.55,2.55,50461
DKM,20200421,0.14,0.16,0.14,0.16,1006000
DMP,20200421,51.5,52.5,50.61,50.65,209615
DNA,20200421,0.035,0.035,0.034,0.034,505760
DNK,20200421,0.365,0.37,0.35,0.35,105914
DOR,20200421,0.03,0.03,0.03,0.03,87062
DOW,20200421,3.75,3.91,3.485,3.52,3791763
DRE,20200421,0.005,0.005,0.005,0.005,3287058
DRO,20200421,0.095,0.095,0.085,0.093,2265375
DRX,20200421,0.008,0.008,0.007,0.008,784892
DSE,20200421,0.04,0.042,0.04,0.042,265781
DTC,20200421,0.84,0.945,0.83,0.89,602608
DTL,20200421,3.73,3.79,3.55,3.6,601062
DTM,20200421,0.053,0.053,0.053,0.053,4000
DTS,20200421,0.12,0.12,0.115,0.115,77327
DTZ,20200421,0.047,0.047,0.047,0.047,74777
DUB,20200421,0.8,0.815,0.75,0.765,1046069
DUI,20200421,3.91,3.91,3.83,3.83,97071
DVL,20200421,0.013,0.013,0.013,0.013,36150
DW8,20200421,0.005,0.005,0.005,0.005,120000
DWS,20200421,0.725,0.725,0.69,0.695,119731
DXB,20200421,0.15,0.165,0.15,0.16,1505535
DXN,20200421,0.013,0.013,0.013,0.013,399615
DXS,20200421,9.04,9.11,8.8,8.82,3517393
DYL,20200421,0.26,0.27,0.26,0.27,310073
E25,20200421,0.18,0.18,0.17,0.17,33656
E2E,20200421,0.001,0.001,0.001,0.001,3917458
E2M,20200421,0.08,0.08,0.076,0.076,400000
EAF,20200421,1.22,1.22,1.22,1.22,62587
EAI,20200421,0.955,0.955,0.945,0.955,190240
EAS,20200421,0.755,0.755,0.755,0.755,625
EBO,20200421,23.34,23.5,23.24,23.5,1217
ECF,20200421,0.9,0.9,0.895,0.895,76646
ECL,20200421,1.15,1.15,1.15,1.15,7800
ECS,20200421,0.033,0.033,0.031,0.031,372066
ECX,20200421,0.685,0.695,0.585,0.59,3648210
ED1,20200421,0.62,0.64,0.615,0.64,4939
EDE,20200421,0.034,0.034,0.032,0.033,1258407
EEG,20200421,0.205,0.205,0.18,0.18,129423
EEU,20200421,16.47,16.48,16.47,16.48,1360
EFF,20200421,1.26,1.29,1.26,1.29,19375
EGD,20200421,2.38,2.41,2.38,2.4,29024
EGF,20200421,1.58,1.58,1.56,1.56,86190
EGG,20200421,1.2,1.2,1.065,1.1,17609
EGH,20200421,0.28,0.285,0.265,0.285,488869
EGI,20200421,0.915,0.915,0.91,0.91,51274
EGR,20200421,0.06,0.06,0.06,0.06,92230
EHE,20200421,1.42,1.455,1.3,1.345,1644901
EHL,20200421,1.165,1.165,1.03,1.045,2004117
EHX,20200421,0.096,0.096,0.091,0.091,57379
ELD,20200421,8.65,8.7,8.295,8.34,728009
ELO,20200421,5.58,5.58,5.46,5.55,115601
ELS,20200421,0.245,0.26,0.235,0.25,46100
ELX,20200421,0.58,0.595,0.57,0.57,357701
EM1,20200421,0.007,0.007,0.006,0.007,2175883
EM2,20200421,0.1,0.1,0.1,0.1,11764
EMD,20200421,0.071,0.08,0.071,0.073,176000
EMH,20200421,0.2,0.23,0.195,0.2,169347
EML,20200421,2.62,2.64,2.27,2.34,6493621
EMP,20200421,0.02,0.02,0.018,0.018,240000
EMR,20200421,0.41,0.435,0.41,0.435,242244
EMT,20200421,0.007,0.009,0.007,0.009,867364
EMU,20200421,0.017,0.017,0.015,0.015,124718
EMV,20200421,0.86,0.94,0.755,0.8,697034
EN1,20200421,0.013,0.013,0.013,0.013,3201948
ENE,20200421,0.051,0.051,0.04,0.04,688781
ENN,20200421,0.82,0.82,0.76,0.76,4049961
ENR,20200421,0.1,0.1,0.099,0.099,217200
ENT,20200421,0.01,0.01,0.009,0.009,450000
EOF,20200421,2.49,2.49,2.3,2.32,121850
EOS,20200421,4.64,4.66,4.145,4.17,3120056
EPD,20200421,0.247,0.25,0.247,0.25,27348
EPM,20200421,0.006,0.006,0.006,0.006,1000000
EQE,20200421,0.008,0.008,0.007,0.007,725000
EQT,20200421,20.3,20.49,19.9,20.05,27558
ERA,20200421,0.17,0.17,0.165,0.17,327663
ERG,20200421,0.062,0.062,0.062,0.062,21884
ERM,20200421,0.07,0.075,0.07,0.07,798899
ERX,20200421,0.042,0.043,0.041,0.041,855942
ESH,20200421,0.008,0.008,0.007,0.008,2573969
ESR,20200421,0.008,0.008,0.007,0.007,1845125
ETF,20200421,17.18,17.19,17.18,17.19,2907
EUC,20200421,0.013,0.013,0.013,0.013,407191
EUR,20200421,0.045,0.045,0.041,0.041,262710
EVE,20200421,0.005,0.005,0.004,0.004,2500000
EVN,20200421,4.8,5.02,4.8,4.99,13533923
EVO,20200421,0.076,0.076,0.068,0.068,418883
EVS,20200421,0.125,0.135,0.125,0.13,412765
EVT,20200421,7.5,7.53,7.25,7.45,215970
EX1,20200421,0.225,0.25,0.225,0.25,45924
EXL,20200421,0.395,0.4,0.36,0.365,630438
EXP,20200421,0.092,0.095,0.092,0.094,136424
EXR,20200421,0.025,0.025,0.022,0.022,1632839
EZL,20200421,0.83,0.83,0.795,0.795,20607
FAM,20200421,0.03,0.03,0.027,0.027,854241
FAR,20200421,0.014,0.014,0.013,0.013,22783450
FAU,20200421,0.008,0.008,0.008,0.008,175000
FBR,20200421,0.027,0.027,0.024,0.024,3375397
FBU,20200421,3.7,3.72,3.54,3.55,1222748
FCL,20200421,3.38,3.38,3.17,3.3,253698
FCT,20200421,0.093,0.093,0.093,0.093,10032
FDV,20200421,0.705,0.72,0.67,0.67,43668
FEX,20200421,0.045,0.051,0.045,0.051,4075560
FFG,20200421,0.007,0.007,0.007,0.007,71450
FFL,20200421,0.235,0.235,0.22,0.22,170694
FGG,20200421,1.115,1.12,1.11,1.11,128340
FGX,20200421,0.89,0.89,0.88,0.885,1892363
FHS,20200421,0.023,0.024,0.023,0.024,935122
FID,20200421,4.54,4.54,4.32,4.32,17759
FLC,20200421,0.275,0.275,0.265,0.275,312857
FLN,20200421,0.37,0.4,0.37,0.4,933637
FLT,20200421,10.04,10.74,9.68,9.79,7141454
FMG,20200421,11.19,11.54,11.06,11.1,9690874
FML,20200421,0.28,0.28,0.275,0.275,54200
FMS,20200421,0.028,0.028,0.026,0.028,882998
FNP,20200421,4.58,4.64,4.35,4.39,852596
FNT,20200421,0.01,0.011,0.008,0.008,24239378
FOD,20200421,0.072,0.072,0.068,0.068,1260971
FOR,20200421,0.77,0.78,0.77,0.77,32664
FPC,20200421,0.68,0.69,0.675,0.675,28156
FPH,20200421,28.32,28.49,26.24,26.49,795566
FPL,20200421,0.003,0.003,0.003,0.003,9416662
FPP,20200421,0.69,0.69,0.68,0.68,7001
FRI,20200421,0.645,0.645,0.645,0.645,13659
FRM,20200421,0.275,0.28,0.275,0.28,3574
FRN,20200421,0.024,0.026,0.022,0.022,2600714
FSA,20200421,0.9,0.92,0.875,0.92,45731
FSF,20200421,3.56,3.56,3.51,3.51,2171
FSG,20200421,0.022,0.022,0.019,0.019,89306
FSI,20200421,1.575,1.58,1.575,1.58,12530
FTC,20200421,0.076,0.076,0.076,0.076,5000
FTT,20200421,0.002,0.002,0.002,0.002,1060000
FUN,20200421,0.019,0.02,0.019,0.02,28972
FWD,20200421,1.51,1.515,1.46,1.48,40001
FXL,20200421,0.82,0.82,0.705,0.72,4155474
FYI,20200421,0.045,0.045,0.042,0.042,85061
FZO,20200421,0.145,0.145,0.14,0.14,125876
G1A,20200421,0.19,0.19,0.185,0.19,72000
G88,20200421,0.029,0.029,0.026,0.026,282695
GAP,20200421,0.145,0.145,0.14,0.14,7091
GAS,20200421,0.35,0.35,0.35,0.35,3428
GBE,20200421,0.011,0.011,0.01,0.01,489575
GBP,20200421,0.025,0.027,0.025,0.027,123000
GBR,20200421,0.046,0.046,0.038,0.04,910000
GBZ,20200421,0.07,0.07,0.07,0.07,30000
GC1,20200421,0.575,0.575,0.57,0.57,18096
GCI,20200421,1.68,1.71,1.68,1.7,233116
GDF,20200421,0.85,0.85,0.83,0.85,141542
GDI,20200421,1.035,1.047,1.015,1.035,1301791
GDX,20200421,47.31,48.68,47.31,48.6,47375
GEM,20200421,0.85,0.86,0.775,0.78,14379540
GES,20200421,0.007,0.007,0.007,0.007,21375
GFL,20200421,1.84,1.855,1.84,1.855,2700
GGE,20200421,0.003,0.003,0.003,0.003,4125000
GGG,20200421,0.099,0.099,0.095,0.095,681302
GGX,20200421,0.001,0.001,0.001,0.001,1051000
GIB,20200421,0.026,0.028,0.026,0.026,156521
GID,20200421,0.005,0.005,0.003,0.003,750756
GLB,20200421,1.18,1.18,1.18,1.18,1000
GLL,20200421,0.65,0.66,0.6,0.66,173195
GLN,20200421,0.14,0.145,0.14,0.145,282847
GLV,20200421,0.001,0.001,0.001,0.001,524996
GMA,20200421,1.98,2.015,1.925,1.93,938649
GMD,20200421,0.028,0.028,0.026,0.026,2756339
GMG,20200421,12.9,13.05,12.54,12.62,5433799
GML,20200421,0.011,0.011,0.011,0.011,500000
GMN,20200421,0.06,0.06,0.059,0.06,116667
GMR,20200421,0.007,0.007,0.006,0.007,5651261
GMV,20200421,0.105,0.135,0.105,0.11,6832090
GNC,20200421,3.39,3.51,3.38,3.38,912240
GNE,20200421,2.77,2.77,2.74,2.75,7583
GNG,20200421,0.7,0.7,0.7,0.7,10000
GNM,20200421,0.006,0.006,0.006,0.006,256850
GNX,20200421,0.15,0.16,0.15,0.16,485815
GO2,20200421,0.013,0.019,0.013,0.019,645833
GOR,20200421,1.635,1.655,1.575,1.63,9815671
GOW,20200421,1.415,1.415,1.36,1.36,52506
GOZ,20200421,2.94,3.03,2.92,2.98,1901053
GPR,20200421,0.39,0.39,0.39,0.39,1216
GPT,20200421,3.81,3.85,3.71,3.74,7559019
GRB,20200421,0.057,0.057,0.055,0.055,198436
GRL,20200421,0.14,0.14,0.11,0.12,278101
GRR,20200421,0.21,0.215,0.205,0.21,1289881
GSM,20200421,0.125,0.17,0.12,0.14,390077
GSN,20200421,0.048,0.048,0.045,0.045,375164
GSS,20200421,1.8,1.8,1.76,1.77,148719
GSW,20200421,0.645,0.66,0.625,0.635,235522
GTE,20200421,0.003,0.003,0.003,0.003,1333333
GTG,20200421,0.006,0.006,0.005,0.006,39930265
GTK,20200421,1.42,1.43,1.365,1.42,66244
GTR,20200421,0.006,0.006,0.006,0.006,410000
GUD,20200421,8.44,8.78,8.17,8.69,388440
GVF,20200421,0.92,0.92,0.91,0.91,70746
GWA,20200421,2.41,2.47,2.31,2.34,782139
GXY,20200421,0.78,0.78,0.745,0.745,3022402
HAS,20200421,0.061,0.064,0.058,0.061,2519378
HAV,20200421,0.11,0.11,0.11,0.11,71852
HAW,20200421,0.135,0.135,0.13,0.13,274145
HCD,20200421,0.016,0.016,0.016,0.016,299000
HCH,20200421,0.021,0.024,0.021,0.023,3282996
HCT,20200421,0.205,0.215,0.185,0.195,7597729
HE8,20200421,0.099,0.099,0.091,0.093,286846
HFR,20200421,0.335,0.34,0.33,0.335,4916
HGO,20200421,0.045,0.045,0.044,0.044,17769
HIL,20200421,0.21,0.21,0.205,0.205,146708
HIP,20200421,0.01,0.012,0.01,0.012,450000
HIT,20200421,1.2,1.27,1.18,1.185,44625
HLA,20200421,0.765,0.765,0.75,0.765,20661
HLO,20200421,1.37,1.37,1.31,1.32,143825
HLS,20200421,2.43,2.43,2.36,2.38,1648821
HLX,20200421,0.007,0.007,0.007,0.007,250000
HM1,20200421,2.64,2.7,2.64,2.66,279354
HMC,20200421,2.15,2.24,2.15,2.22,50205
HMD,20200421,0.14,0.14,0.13,0.13,66704
HMX,20200421,0.023,0.023,0.021,0.021,1156141
HNR,20200421,0.005,0.005,0.005,0.005,1778176
HPI,20200421,2.3,2.3,2.09,2.09,413375
HRL,20200421,0.085,0.085,0.085,0.085,90645
HRR,20200421,0.049,0.049,0.043,0.043,335375
HRZ,20200421,0.077,0.081,0.076,0.076,1223643
HSC,20200421,0.009,0.01,0.006,0.006,101913388
HSN,20200421,2.82,2.84,2.74,2.75,891691
HT1,20200421,1.305,1.325,1.2,1.285,72756
HT8,20200421,0.046,0.048,0.038,0.04,7245943
HTA,20200421,0.145,0.145,0.14,0.14,15995
HTG,20200421,0.14,0.14,0.115,0.13,645352
HUB,20200421,9.75,9.78,9.14,9.2,492764
HUO,20200421,3.4,3.45,3.35,3.35,12172
HVM,20200421,0.17,0.175,0.165,0.17,41665
HVN,20200421,2.73,2.75,2.63,2.63,5865110
HWH,20200421,0.017,0.019,0.016,0.019,171000
HXG,20200421,0.066,0.066,0.06,0.06,217402
HYD,20200421,0.084,0.085,0.084,0.085,9128
HZN,20200421,0.051,0.053,0.051,0.051,782768
HZR,20200421,0.375,0.39,0.365,0.375,114794
IAA,20200421,92.6,93.17,91.39,91.45,9551
IAF,20200421,115.85,115.86,115.51,115.61,17371
IAG,20200421,6.07,6.17,5.95,5.95,6357952
IAP,20200421,1.09,1.105,1.075,1.09,47319
IBG,20200421,0.008,0.008,0.008,0.008,1961700
IBX,20200421,0.015,0.015,0.014,0.014,1885372
ICE,20200421,0.16,0.165,0.155,0.155,190221
ICG,20200421,0.001,0.001,0.001,0.001,5875000
ICI,20200421,0.026,0.026,0.025,0.025,258411
ICN,20200421,0.008,0.008,0.008,0.008,30000
ICQ,20200421,0.225,0.225,0.18,0.19,865210
ICS,20200421,1.87,1.87,1.7,1.7,31434
ICT,20200421,0.043,0.046,0.043,0.046,265000
IDA,20200421,0.021,0.021,0.021,0.021,290000
IDT,20200421,0.16,0.16,0.14,0.14,330533
IDX,20200421,3.1,3.13,3.05,3.1,825381
IDZ,20200421,0.002,0.002,0.002,0.002,2107850
IEL,20200421,14.1,14.2,13.36,13.57,1782714
IEM,20200421,56.69,56.96,55.75,56,36976
IEU,20200421,57.3,57.58,56.79,56.8,56783
IFL,20200421,3.64,3.66,3.485,3.49,1954393
IFM,20200421,1.71,1.755,1.635,1.73,759332
IFN,20200421,0.515,0.52,0.47,0.48,1718992
IFT,20200421,4.48,4.48,4.23,4.23,6958
IGB,20200421,114.74,115,114.51,114.51,4652
IGL,20200421,0.6,0.6,0.53,0.55,1368205
IGO,20200421,4.73,4.89,4.56,4.61,2404398
IHD,20200421,10.73,10.73,10.55,10.55,24751
IHL,20200421,0.057,0.061,0.052,0.052,6266281
IHR,20200421,0.058,0.058,0.058,0.058,15000
IJH,20200421,246.4,246.4,239.65,239.85,2680
IJP,20200421,80.1,80.39,79.78,80.11,6534
IJR,20200421,93,93,91.03,91.55,2204
IKO,20200421,80.3,80.3,78.91,78.98,2040
ILB,20200421,123.02,123.2,122.41,122.41,1203
ILC,20200421,21,21.07,20.62,20.62,46587
ILU,20200421,7.18,7.43,7.13,7.34,2128896
IMA,20200421,0.155,0.155,0.145,0.145,2089837
IMC,20200421,0.115,0.12,0.105,0.115,1201084
IMD,20200421,0.995,1.005,0.85,0.86,1631155
IME,20200421,0.023,0.023,0.023,0.023,523667
IMM,20200421,0.16,0.16,0.15,0.15,1447795
IMR,20200421,1.005,1.005,0.97,0.97,39272
IMS,20200421,0.003,0.004,0.003,0.004,62920
IMU,20200421,0.023,0.023,0.022,0.022,11196819
INA,20200421,3.47,3.5,3.43,3.46,1628761
INF,20200421,0.039,0.041,0.037,0.041,376829
ING,20200421,3.33,3.39,3.25,3.34,1876516
INP,20200421,0.01,0.01,0.01,0.01,197680
INR,20200421,0.15,0.15,0.135,0.135,2506769
INV,20200421,0.06,0.06,0.06,0.06,82381
IOO,20200421,76.99,76.99,75.86,75.89,26126
IOZ,20200421,22,22,21.33,21.38,543382
IP1,20200421,0.01,0.01,0.008,0.008,1893698
IPB,20200421,0.019,0.019,0.019,0.019,135235
IPD,20200421,0.04,0.041,0.037,0.037,3906748
IPH,20200421,7.35,7.5,7.23,7.3,1190798
IPL,20200421,2.06,2.17,2.06,2.11,6218010
IPT,20200421,0.007,0.008,0.007,0.008,3261571
IRD,20200421,0.051,0.051,0.045,0.045,150000
IRE,20200421,9.94,10.01,9.68,9.74,1064531
IRI,20200421,2.86,2.91,2.83,2.9,213965
ISD,20200421,0.16,0.16,0.15,0.16,359857
ISO,20200421,3.95,3.95,3.85,3.85,27718
ISU,20200421,0.215,0.22,0.21,0.22,15749
ITG,20200421,0.19,0.19,0.175,0.18,1308704
IVC,20200421,10.35,10.4,9.93,10,2533851
IVE,20200421,87.01,87.49,86.62,87,2043
IVR,20200421,0.013,0.013,0.012,0.012,1683785
IVV,20200421,445.96,449.57,443.34,444.02,18653
IVZ,20200421,0.017,0.018,0.016,0.016,645810
IXC,20200421,0.98,1.1,0.98,1.06,11859
IXI,20200421,81,81.41,80.68,80.71,3571
IXJ,20200421,107.24,107.99,106.24,106.27,9463
IXR,20200421,0.006,0.006,0.006,0.006,5999962
IZZ,20200421,60.43,60.43,59.8,60.05,3600
JAN,20200421,0.31,0.32,0.3,0.32,9486
JAT,20200421,0.052,0.054,0.051,0.052,2157864
JAY,20200421,0.072,0.072,0.072,0.072,12794
JBH,20200421,32.2,33.05,31.82,32.11,796924
JHC,20200421,0.505,0.505,0.48,0.485,1219435
JHG,20200421,24.2,24.55,24.13,24.21,527434
JHX,20200421,18.35,18.55,17.8,17.91,1344424
JIN,20200421,11.3,11.57,10.78,10.82,688807
JLG,20200421,2.46,2.495,2.37,2.37,105630
JMS,20200421,0.255,0.255,0.245,0.255,1407627
JPR,20200421,0.002,0.002,0.002,0.002,2223
JRV,20200421,0.175,0.175,0.16,0.16,664080
JXT,20200421,0.035,0.035,0.035,0.035,14314
K2F,20200421,0.23,0.23,0.22,0.23,103209
KAI,20200421,0.011,0.011,0.011,0.011,10226898
KAM,20200421,0.028,0.031,0.028,0.031,767283
KAR,20200421,0.49,0.505,0.47,0.475,7172098
KAU,20200421,0.215,0.215,0.185,0.195,366649
KCN,20200421,0.44,0.445,0.44,0.44,295982
KEY,20200421,0.003,0.003,0.003,0.003,160007
KFE,20200421,0.029,0.029,0.027,0.027,205849
KGL,20200421,0.185,0.185,0.17,0.17,11912
KGN,20200421,6.77,7.04,6.54,6.61,1981699
KIN,20200421,0.05,0.05,0.05,0.05,130000
KIS,20200421,0.05,0.05,0.048,0.048,111002
KKC,20200421,1.74,1.78,1.722,1.75,307336
KLA,20200421,57.09,57.2,56.05,57.2,1164
KMD,20200421,0.76,0.775,0.735,0.76,2313754
KME,20200421,0.98,0.98,0.95,0.96,11893
KNO,20200421,0.06,0.06,0.058,0.058,205001
KOR,20200421,0.007,0.007,0.007,0.007,72857
KOV,20200421,3.37,3.42,3.37,3.4,10167
KPO,20200421,0.03,0.03,0.03,0.03,83142
KPT,20200421,0.915,0.915,0.905,0.91,12780
KRM,20200421,0.03,0.03,0.029,0.029,292805
KRR,20200421,0.036,0.036,0.033,0.034,1176600
KSL,20200421,0.875,0.88,0.82,0.84,531607
KSN,20200421,0.12,0.13,0.11,0.11,319434
KSS,20200421,0.19,0.2,0.18,0.18,156957
KTA,20200421,0.042,0.047,0.042,0.045,1899077
KTD,20200421,0.405,0.41,0.385,0.395,1082744
KTE,20200421,0.006,0.006,0.006,0.006,50000
KTG,20200421,0.083,0.093,0.083,0.084,154869
KWR,20200421,0.15,0.15,0.14,0.14,81964
KYK,20200421,0.097,0.097,0.084,0.088,670189
KZA,20200421,0.425,0.425,0.405,0.405,49435
KZR,20200421,0.52,0.52,0.505,0.515,214859
LAA,20200421,0.015,0.015,0.011,0.011,296500
LAU,20200421,0.345,0.345,0.335,0.345,56479
LBL,20200421,0.445,0.445,0.44,0.44,3392
LBT,20200421,0.115,0.115,0.1,0.1,2223505
LCK,20200421,0.12,0.13,0.115,0.115,387338
LCL,20200421,0.036,0.038,0.036,0.038,386734
LCM,20200421,0.145,0.145,0.14,0.14,200000
LCT,20200421,0.013,0.013,0.012,0.012,49158
LEP,20200421,4.135,4.22,4.01,4.22,127588
LEX,20200421,0.16,0.16,0.15,0.15,25000
LGP,20200421,0.305,0.305,0.28,0.28,83669
LIC,20200421,6.82,6.82,6.37,6.57,202706
LIN,20200421,0.015,0.015,0.015,0.015,810000
LIT,20200421,0.051,0.051,0.046,0.048,2767034
LKE,20200421,0.035,0.036,0.035,0.035,1184212
LLC,20200421,11.13,11.21,10.77,10.8,1488548
LLO,20200421,1.5,1.51,1.5,1.51,1403
LNG,20200421,0.041,0.044,0.04,0.04,5299150
LNK,20200421,3.51,3.55,3.23,3.32,4025836
LNU,20200421,0.015,0.015,0.014,0.014,353822
LOM,20200421,0.06,0.06,0.057,0.058,552386
LON,20200421,0.088,0.088,0.088,0.088,572
LOT,20200421,0.064,0.064,0.06,0.064,720855
LOV,20200421,6.3,6.3,5.8,5.97,565543
LPD,20200421,0.009,0.009,0.008,0.008,11089064
LPE,20200421,0.215,0.215,0.215,0.215,2250
LPI,20200421,0.15,0.165,0.15,0.155,32387
LRS,20200421,0.002,0.002,0.002,0.002,4010000
LRT,20200421,0.61,0.61,0.61,0.61,200
LSA,20200421,0.005,0.005,0.005,0.005,300000
LSF,20200421,1.01,1.035,0.98,0.99,1930518
LSH,20200421,0.044,0.044,0.036,0.036,293288
LSR,20200421,0.007,0.007,0.006,0.006,1015979
LSX,20200421,0.425,0.425,0.425,0.425,20000
LTR,20200421,0.115,0.12,0.105,0.105,5364529
LVE,20200421,0.045,0.045,0.045,0.045,50000
LVH,20200421,0.13,0.14,0.13,0.14,295036
LVT,20200421,0.205,0.21,0.19,0.2,4961347
LYC,20200421,1.5,1.53,1.452,1.46,3658582
LYL,20200421,4.17,4.17,4,4,8694
M7T,20200421,0.615,0.625,0.55,0.55,885026
M8S,20200421,0.1,0.1,0.1,0.1,325000
MA1,20200421,0.845,0.845,0.845,0.845,6855
MAD,20200421,0.69,0.71,0.685,0.71,11458
MAG,20200421,0.25,0.255,0.24,0.25,253353
MAH,20200421,0.215,0.22,0.2,0.21,944938
MAI,20200421,0.405,0.405,0.385,0.4,117264
MAM,20200421,0.25,0.25,0.25,0.25,37103
MAN,20200421,0.023,0.024,0.02,0.02,19510416
MAQ,20200421,25.1,25.21,25.01,25.19,1581
MAR,20200421,0.001,0.001,0.001,0.001,693892
MAT,20200421,0.115,0.115,0.105,0.105,357015
MAU,20200421,0.755,0.755,0.75,0.755,37491
MBK,20200421,0.005,0.007,0.005,0.007,3227414
MCA,20200421,0.125,0.125,0.125,0.125,4400
MCE,20200421,0.215,0.215,0.19,0.195,91476
MCM,20200421,0.18,0.18,0.18,0.18,3000
MCP,20200421,2.74,2.74,2.57,2.62,379796
MCR,20200421,0.6,0.615,0.565,0.565,509567
MCY,20200421,4.3,4.37,4.24,4.37,1614
MDC,20200421,0.255,0.265,0.24,0.24,750451
MDI,20200421,0.018,0.019,0.013,0.014,137755968
MDR,20200421,0.385,0.385,0.365,0.375,439026
MEA,20200421,0.205,0.205,0.2,0.205,229215
MEB,20200421,0.007,0.007,0.007,0.007,1145625
MEI,20200421,0.014,0.014,0.013,0.013,1588676
MEM,20200421,0.05,0.05,0.045,0.05,511488
MEP,20200421,0.035,0.038,0.035,0.037,1124289
MEU,20200421,0.035,0.035,0.035,0.035,6500
MEZ,20200421,4.27,4.33,4.2,4.2,20594
MFD,20200421,0.695,0.695,0.685,0.685,20212
MFF,20200421,2.77,2.82,2.74,2.81,360193
MFG,20200421,47.61,47.62,45.7,46.32,821720
MGC,20200421,0.435,0.44,0.435,0.44,253669
MGE,20200421,4.04,4.1,4.04,4.05,709519
MGG,20200421,1.7,1.745,1.7,1.7,991938
MGR,20200421,2.19,2.23,2.12,2.14,9823013
MGT,20200421,0.002,0.002,0.002,0.002,2000000
MGV,20200421,0.125,0.135,0.125,0.125,3463857
MGX,20200421,0.67,0.675,0.64,0.65,1682556
MHG,20200421,3.3,3.31,3.28,3.29,159387
MHH,20200421,1.425,1.435,1.405,1.41,612432
MHJ,20200421,0.34,0.355,0.32,0.33,179588
MIL,20200421,0.285,0.285,0.285,0.285,5079
MIN,20200421,16.49,16.71,16.215,16.31,907339
MIO,20200421,0.093,0.093,0.093,0.093,8000
MIR,20200421,1.98,2,1.925,1.925,77250
MLD,20200421,0.78,0.78,0.725,0.75,407590
MLL,20200421,0.048,0.048,0.044,0.044,762453
MLM,20200421,0.01,0.01,0.01,0.01,100000
MLS,20200421,0.001,0.001,0.001,0.001,1022852
MLT,20200421,3.88,3.88,3.77,3.81,355552
MLX,20200421,0.078,0.079,0.075,0.077,448093
MME,20200421,0.845,0.87,0.79,0.79,76320
MMI,20200421,0.105,0.105,0.097,0.098,1263091
MMJ,20200421,0.13,0.135,0.125,0.135,320401
MML,20200421,0.5,0.55,0.49,0.525,179843
MMM,20200421,1.28,1.28,1.17,1.21,1869442
MMS,20200421,6.68,6.81,6.21,6.37,422043
MND,20200421,11,11.17,10.5,10.58,309877
MNF,20200421,4.6,4.61,4.36,4.5,51581
MNS,20200421,0.052,0.052,0.049,0.05,390682
MNW,20200421,0.008,0.008,0.006,0.006,472844
MNY,20200421,1.425,1.425,1.27,1.28,624046
MOC,20200421,0.68,0.68,0.63,0.63,214151
MOE,20200421,2.4,2.53,2.31,2.37,342943
MOH,20200421,0.084,0.084,0.084,0.084,67500
MOT,20200421,1.49,1.49,1.46,1.48,86194
MOZ,20200421,0.65,0.675,0.63,0.635,52295
MP1,20200421,11.8,12.09,11.63,11.68,736525
MPL,20200421,2.62,2.64,2.56,2.56,14888831
MPW,20200421,0.025,0.025,0.024,0.024,310000
MQG,20200421,99.88,100.99,98.1,98.4,1174167
MQR,20200421,0.036,0.036,0.036,0.036,200000
MRC,20200421,0.25,0.25,0.25,0.25,648
MRD,20200421,0.001,0.001,0.001,0.001,405000
MRG,20200421,0.01,0.01,0.01,0.01,2796995
MRM,20200421,0.087,0.087,0.079,0.085,385910
MRR,20200421,0.01,0.011,0.01,0.011,542500
MRZ,20200421,0.155,0.155,0.15,0.15,14285
MSB,20200421,1.97,1.99,1.905,1.97,4420133
MSE,20200421,0.008,0.008,0.008,0.008,1830000
MSG,20200421,0.013,0.013,0.013,0.013,566459
MSR,20200421,0.002,0.002,0.002,0.002,750000
MSV,20200421,0.41,0.41,0.375,0.4,400022
MTB,20200421,0.002,0.002,0.002,0.002,1000000
MTC,20200421,0.16,0.205,0.15,0.15,5723715
MTH,20200421,0.007,0.007,0.007,0.007,912150
MTO,20200421,0.7,0.705,0.685,0.7,100852
MTS,20200421,2.73,2.81,2.63,2.63,18149834
MVA,20200421,17.1,17.36,17.04,17.06,17236
MVB,20200421,17.75,17.8,17.42,17.42,13998
MVE,20200421,23.12,23.12,22.71,22.71,1757
MVF,20200421,0.85,0.85,0.755,0.775,771655
MVP,20200421,7.39,7.4,6.6,6.7,392492
MVR,20200421,23.5,23.95,23.5,23.55,3522
MVS,20200421,15.09,15.09,14.95,14.95,3781
MVW,20200421,24.18,24.3,23.48,23.58,59883
MWR,20200421,0.09,0.094,0.09,0.094,353400
MWY,20200421,1,1,0.97,0.97,101401
MX1,20200421,0.155,0.155,0.14,0.14,800792
MXC,20200421,0.033,0.033,0.029,0.03,7094251
MXI,20200421,0.17,0.17,0.165,0.165,33303
MXR,20200421,0.029,0.032,0.029,0.03,890600
MXT,20200421,1.77,1.79,1.745,1.745,413885
MYE,20200421,0.7,0.75,0.7,0.7,109383
MYL,20200421,0.041,0.041,0.04,0.04,300000
MYQ,20200421,0.16,0.19,0.16,0.17,582752
MYR,20200421,0.2,0.2,0.177,0.18,9610739
MYS,20200421,3.79,3.79,3.72,3.76,42700
MYX,20200421,0.39,0.39,0.355,0.37,9110719
MZZ,20200421,0.16,0.16,0.155,0.155,194691
NAB,20200421,16,16.27,15.61,15.64,8271527
NAE,20200421,0.003,0.003,0.003,0.003,200000
NAG,20200421,0.043,0.043,0.037,0.043,284730
NAN,20200421,6.5,6.6,6.24,6.27,851046
NBI,20200421,1.555,1.555,1.52,1.55,259813
NC6,20200421,0.027,0.027,0.023,0.024,272708
NCC,20200421,0.75,0.75,0.75,0.75,25000
NCK,20200421,4.12,4.12,3.73,3.79,261366
NCM,20200421,27.64,28.19,27.54,27.66,3753973
NCR,20200421,0.008,0.008,0.008,0.008,3000
NDQ,20200421,23.41,23.56,23.28,23.31,119982
NEA,20200421,1.3,1.39,1.222,1.24,13075265
NEC,20200421,1.2,1.215,1.155,1.165,8222131
NES,20200421,0.036,0.036,0.035,0.035,74242
NET,20200421,0.048,0.048,0.045,0.046,4155570
NEU,20200421,1.79,1.795,1.4,1.4,265484
NEW,20200421,1,1.01,0.99,1.01,406793
NGI,20200421,1.23,1.302,1.205,1.22,1082075
NHC,20200421,1.45,1.45,1.33,1.345,3446597
NHF,20200421,4.75,4.85,4.63,4.63,1405563
NIC,20200421,0.49,0.495,0.48,0.48,4029484
NML,20200421,0.115,0.115,0.1,0.1,1799771
NMT,20200421,0.165,0.165,0.16,0.165,111373
NNT,20200421,0.052,0.052,0.052,0.052,28690
NOR,20200421,0.028,0.028,0.028,0.028,80000
NOV,20200421,0.15,0.175,0.15,0.16,226953
NOX,20200421,0.22,0.23,0.19,0.19,2218663
NSB,20200421,0.19,0.19,0.165,0.175,235427
NSC,20200421,0.48,0.48,0.465,0.465,82229
NSR,20200421,1.59,1.595,1.542,1.565,6390463
NST,20200421,12.66,13.13,12.4,12.99,5217745
NSX,20200421,0.11,0.11,0.105,0.105,43174
NTD,20200421,0.26,0.26,0.26,0.26,106500
NTL,20200421,0.006,0.007,0.006,0.007,623796
NTM,20200421,0.074,0.074,0.067,0.07,1098242
NTO,20200421,1.22,1.25,1.185,1.185,77464
NTU,20200421,0.02,0.023,0.02,0.022,5079760
NUC,20200421,3.1,3.1,2.9,2.95,43076
NUF,20200421,4.8,4.9,4.71,4.73,1165738
NUH,20200421,0.018,0.018,0.015,0.016,1281758
NVA,20200421,0.042,0.043,0.041,0.042,2585995
NVO,20200421,0.009,0.009,0.008,0.008,1275459
NVU,20200421,0.076,0.078,0.069,0.069,230379
NVX,20200421,0.27,0.28,0.255,0.28,37955
NWC,20200421,0.014,0.014,0.01,0.01,4336957
NWE,20200421,0.003,0.003,0.003,0.003,1000000
NWF,20200421,0.17,0.17,0.16,0.165,53650
NWH,20200421,1.78,1.845,1.64,1.66,2213916
NWL,20200421,7.2,7.56,7.2,7.5,525688
NWS,20200421,13.95,14.32,13.95,14.09,151931
NXE,20200421,0.007,0.007,0.006,0.006,42500
NXM,20200421,0.042,0.042,0.042,0.042,20000
NXS,20200421,1.5,1.52,1.45,1.485,109690
NXT,20200421,8.8,8.825,8.51,8.53,2475281
NYR,20200421,0.165,0.165,0.16,0.16,64000
NZM,20200421,0.235,0.25,0.225,0.23,55322
NZS,20200421,0.018,0.02,0.018,0.02,259469
OAR,20200421,0.003,0.003,0.003,0.003,7345000
OAU,20200421,0.018,0.018,0.017,0.018,315555
OBL,20200421,3.7,3.73,3.6,3.65,265127
OBM,20200421,0.195,0.22,0.19,0.21,2232048
OCA,20200421,0.78,0.78,0.77,0.77,489000
OCC,20200421,0.31,0.315,0.3,0.305,580673
OCL,20200421,5.9,5.94,5.8,5.8,9207
ODM,20200421,0.032,0.032,0.03,0.03,402769
OEC,20200421,0.685,0.7,0.645,0.66,183552
OEL,20200421,0.005,0.006,0.005,0.005,10811677
OEX,20200421,0.003,0.003,0.002,0.003,3196113
OFX,20200421,1.22,1.255,1.22,1.25,1045005
OGA,20200421,0.11,0.11,0.11,0.11,27586
OGC,20200421,2.15,2.24,2.145,2.17,576059
OIL,20200421,0.032,0.034,0.032,0.034,284503
OKR,20200421,0.1,0.1,0.1,0.1,122912
OKU,20200421,0.29,0.29,0.285,0.285,783278
OLI,20200421,0.055,0.06,0.055,0.055,223459
OLL,20200421,0.2,0.205,0.2,0.2,366907
OMH,20200421,0.36,0.36,0.335,0.335,69973
OML,20200421,0.81,0.82,0.72,0.77,4983524
ONE,20200421,0.064,0.064,0.056,0.056,309760
ONT,20200421,5.05,5.11,5,5.08,18750
ONX,20200421,0.072,0.072,0.062,0.062,106530
OOO,20200421,4.27,4.46,4.1,4.24,6363497
OPC,20200421,4.45,4.5,4.35,4.35,88122
OPH,20200421,2.28,2.36,2.26,2.3,275386
OPL,20200421,0.085,0.085,0.085,0.085,7713
OPT,20200421,2.46,2.46,2.24,2.33,687757
OPY,20200421,0.69,0.69,0.63,0.64,125798
ORA,20200421,2.46,2.49,2.395,2.41,6707920
ORE,20200421,2.15,2.19,2.06,2.06,1376236
ORG,20200421,4.82,4.87,4.7,4.76,5513623
ORI,20200421,16.56,16.8,16.21,16.35,915959
ORN,20200421,0.013,0.013,0.013,0.013,49651
ORR,20200421,0.32,0.32,0.31,0.31,348949
OSH,20200421,2.6,2.685,2.445,2.5,24931012
OSL,20200421,0.115,0.115,0.11,0.11,3951868
OSP,20200421,0.011,0.011,0.011,0.011,1012558
OSX,20200421,0.62,0.62,0.53,0.58,251318
OTW,20200421,3.05,3.08,3.05,3.07,15419
OVH,20200421,0.24,0.24,0.21,0.22,471114
OVN,20200421,0.27,0.285,0.27,0.27,86822
OVT,20200421,0.009,0.012,0.008,0.008,18736159
OXX,20200421,0.012,0.012,0.012,0.012,150000
OZF,20200421,13.69,13.69,13.45,13.45,1401
OZG,20200421,0.145,0.145,0.14,0.14,622500
OZL,20200421,8.4,8.77,8.4,8.61,1920236
OZR,20200421,9.47,9.55,9.41,9.44,23992
PAA,20200421,0.094,0.099,0.094,0.096,1336624
PAB,20200421,0.015,0.015,0.015,0.015,37142
PAC,20200421,4.75,4.75,4.56,4.57,22469
PAF,20200421,0.685,0.685,0.665,0.665,48111
PAI,20200421,0.96,0.97,0.955,0.96,446813
PAK,20200421,0.015,0.015,0.015,0.015,368552
PAL,20200421,0.635,0.635,0.61,0.615,11272
PAR,20200421,1.615,1.645,1.48,1.515,2140079
PBH,20200421,3.72,3.83,3.46,3.47,1267734
PBP,20200421,1.95,1.95,1.77,1.77,73798
PCI,20200421,0.9,0.945,0.9,0.9,286019
PCK,20200421,0.105,0.105,0.089,0.091,3033221
PCL,20200421,0.001,0.001,0.001,0.001,2720000
PDI,20200421,0.072,0.078,0.065,0.072,112755992
PDL,20200421,5.09,5.13,4.8,4.87,938090
PDN,20200421,0.11,0.12,0.107,0.11,11206501
PE1,20200421,1.32,1.35,1.32,1.33,82304
PEK,20200421,0.017,0.017,0.017,0.017,387176
PEN,20200421,0.16,0.16,0.145,0.147,1313769
PET,20200421,0.49,0.515,0.48,0.485,2363271
PEX,20200421,0.145,0.16,0.14,0.14,96199
PFP,20200421,2.7,2.7,2.59,2.59,47094
PG1,20200421,0.095,0.095,0.095,0.095,13200
PGC,20200421,0.18,0.18,0.16,0.16,425944
PGF,20200421,0.86,0.875,0.84,0.84,255106
PGG,20200421,1.54,1.58,1.54,1.55,88089
PGH,20200421,1.88,1.925,1.795,1.84,515990
PGI,20200421,0.025,0.025,0.025,0.025,150000
PGL,20200421,0.91,0.91,0.825,0.86,299518
PGM,20200421,0.014,0.015,0.014,0.015,97600
PGX,20200421,0.2,0.2,0.18,0.18,607413
PIA,20200421,0.96,0.97,0.95,0.95,97383
PIC,20200421,0.79,0.79,0.765,0.765,266236
PIO,20200421,0.01,0.01,0.009,0.01,785669
PKO,20200421,0.009,0.009,0.009,0.009,775
PKS,20200421,0.145,0.175,0.145,0.155,3079265
PL8,20200421,0.9,0.9,0.88,0.89,426124
PLL,20200421,0.08,0.08,0.08,0.08,123646
PLS,20200421,0.215,0.215,0.197,0.205,12799307
PM1,20200421,0.011,0.011,0.011,0.011,881297
PM8,20200421,0.14,0.14,0.13,0.13,487471
PMC,20200421,1.31,1.31,1.24,1.28,473217
PME,20200421,23.99,24.56,23.6,24.23,534683
PMV,20200421,13.1,13.15,12.67,12.8,391062
PMY,20200421,0.004,0.004,0.004,0.004,6770000
PNI,20200421,3.29,3.35,3.2,3.21,788494
PNN,20200421,0.002,0.002,0.002,0.002,4250000
PNR,20200421,0.14,0.145,0.13,0.14,3824837
PNV,20200421,2.11,2.3,2.02,2.06,6985335
PNX,20200421,0.008,0.009,0.008,0.008,3144816
PO3,20200421,2.45,2.49,2.35,2.49,3634
POD,20200421,0.019,0.019,0.019,0.019,647534
POS,20200421,0.035,0.035,0.034,0.035,3045290
POU,20200421,19.21,19.26,19.21,19.26,401
PPC,20200421,0.74,0.76,0.73,0.75,43084
PPE,20200421,1.48,1.48,1.405,1.435,685540
PPG,20200421,0.105,0.105,0.105,0.105,11000
PPH,20200421,3.96,4,3.86,4,157289
PPK,20200421,3.39,3.42,3.02,3.05,100382
PPS,20200421,0.29,0.295,0.27,0.27,1186112
PPT,20200421,28,28.1,26.7,27.14,302491
PPY,20200421,0.01,0.01,0.01,0.01,130000
PRN,20200421,0.765,0.77,0.695,0.705,3722756
PRO,20200421,0.425,0.425,0.42,0.42,23550
PRT,20200421,0.1,0.1,0.098,0.098,97000
PRU,20200421,1.065,1.07,1.03,1.045,5407683
PRX,20200421,0.033,0.035,0.033,0.033,430539
PSI,20200421,2.42,2.42,2.34,2.34,19597
PSQ,20200421,1.18,1.19,1.18,1.18,22494
PTB,20200421,0.48,0.48,0.465,0.465,142237
PTL,20200421,0.385,0.385,0.385,0.385,20000
PTM,20200421,3.28,3.38,3.23,3.33,1449692
PTR,20200421,0.045,0.052,0.045,0.052,212171
PTX,20200421,0.037,0.037,0.035,0.035,764304
PUA,20200421,0.015,0.015,0.013,0.013,1099757
PUR,20200421,0.004,0.004,0.004,0.004,90048
PVS,20200421,1,1.005,0.995,1,45456
PWG,20200421,0.815,0.82,0.8,0.8,34387
PWH,20200421,3.3,3.37,3.26,3.37,90007
PWN,20200421,0.004,0.004,0.003,0.004,11537886
PXS,20200421,0.093,0.095,0.088,0.088,451471
PXX,20200421,0.02,0.02,0.02,0.02,275000
PYC,20200421,0.075,0.076,0.073,0.075,1519069
PYG,20200421,0.555,0.555,0.55,0.55,5660
QAG,20200421,4.88,4.88,4.87,4.87,2060
QAN,20200421,3.79,3.85,3.57,3.59,19504797
QAU,20200421,16.71,16.72,16.62,16.66,86689
QBE,20200421,8.46,8.57,8.04,8.06,12692969
QCB,20200421,5.86,6.46,5.8,5.8,27389
QFE,20200421,0.23,0.23,0.22,0.22,37693
QFN,20200421,7.61,7.61,7.42,7.42,9605
QFY,20200421,0.002,0.002,0.002,0.002,13750000
QGL,20200421,0.037,0.04,0.037,0.04,15334
QHL,20200421,0.074,0.074,0.068,0.069,362763
QIP,20200421,1,1,1,1,53913
QOZ,20200421,10.45,10.46,10.25,10.27,44906
QRE,20200421,5.19,5.2,5.15,5.16,18036
QRI,20200421,1.395,1.395,1.355,1.395,141826
QTM,20200421,0.04,0.04,0.04,0.04,137500
QUB,20200421,2.3,2.31,2.16,2.18,4988713
QUS,20200421,34.03,34.03,33.42,33.55,15275
QVE,20200421,0.73,0.74,0.715,0.735,489756
RAC,20200421,0.275,0.275,0.255,0.26,209780
RAP,20200421,0.165,0.165,0.15,0.155,2527221
RBL,20200421,0.77,0.785,0.715,0.75,983860
RCB,20200421,20.84,20.96,20.84,20.93,19473
RCE,20200421,0.375,0.385,0.35,0.355,301075
RCL,20200421,0.305,0.32,0.3,0.32,22720
RCT,20200421,1.8,1.805,1.8,1.805,4035
RCW,20200421,0.185,0.185,0.185,0.185,2600
RDC,20200421,0.645,0.65,0.605,0.61,246285
RDF,20200421,0.415,0.415,0.41,0.41,11904
RDG,20200421,0.025,0.025,0.025,0.025,400000
RDN,20200421,0.006,0.006,0.006,0.006,770557
RDS,20200421,0.004,0.004,0.004,0.004,5450
RDV,20200421,21.12,21.12,20.75,20.75,10050
RDY,20200421,1.41,1.42,1.365,1.365,60034
REA,20200421,82.04,83.15,79.5,80.67,267911
RED,20200421,0.23,0.23,0.22,0.22,2679262
REE,20200421,0.023,0.027,0.023,0.026,864620
REG,20200421,1.52,1.645,1.395,1.41,2003264
REH,20200421,8.65,8.77,8.43,8.5,727085
RES,20200421,0.051,0.051,0.049,0.049,1101514
REX,20200421,0.85,0.9,0.825,0.845,244996
REZ,20200421,0.017,0.021,0.013,0.014,31806029
RF1,20200421,1.96,1.975,1.91,1.91,123461
RFF,20200421,1.95,1.975,1.9,1.925,982439
RFG,20200421,0.05,0.05,0.048,0.049,1432102
RFN,20200421,0.001,0.001,0.001,0.001,400000
RFR,20200421,0.069,0.069,0.069,0.069,200000
RFT,20200421,0.03,0.03,0.028,0.029,736663
RFX,20200421,0.028,0.029,0.026,0.026,1750931
RGB,20200421,23.6,23.61,23.55,23.56,35220
RGI,20200421,0.08,0.08,0.076,0.076,209413
RGL,20200421,0.008,0.008,0.008,0.008,100000
RHC,20200421,65.5,66.91,64.17,64.29,577134
RHP,20200421,1.73,1.73,1.55,1.65,1552375
RHT,20200421,0.115,0.115,0.115,0.115,3600
RHY,20200421,0.091,0.091,0.084,0.084,239138
RIC,20200421,0.745,0.76,0.73,0.735,307906
RIO,20200421,87.69,88.86,86.66,87.06,1700464
RKN,20200421,0.585,0.62,0.585,0.605,10092
RLC,20200421,0.002,0.002,0.002,0.002,500000
RLE,20200421,0.021,0.024,0.02,0.023,555023
RLG,20200421,0.038,0.038,0.026,0.027,15493553
RLT,20200421,1.05,1.06,1.04,1.06,17224
RMC,20200421,0.68,0.68,0.625,0.65,566205
RMD,20200421,25.72,26.07,25.41,25.52,1851266
RMI,20200421,0.005,0.005,0.005,0.005,104960
RML,20200421,0.13,0.13,0.11,0.115,3664925
RMS,20200421,1.125,1.14,1.09,1.11,7256828
RMX,20200421,0.004,0.004,0.004,0.004,100000
RMY,20200421,0.24,0.24,0.225,0.24,119419
RND,20200421,1.7,1.7,1.7,1.7,1257
RNE,20200421,0.023,0.027,0.022,0.027,108761
RNO,20200421,0.073,0.073,0.071,0.071,10000
RNT,20200421,0.039,0.039,0.039,0.039,28466
RNU,20200421,0.006,0.006,0.006,0.006,113050
RNX,20200421,0.002,0.002,0.002,0.002,1064837
ROO,20200421,0.02,0.02,0.018,0.018,325252
RPM,20200421,0.13,0.13,0.13,0.13,1081
RRL,20200421,4,4.27,4,4.15,4796983
RSG,20200421,0.89,0.905,0.86,0.865,11577152
RSH,20200421,0.069,0.07,0.062,0.068,903464
RSM,20200421,21.6,21.6,21.57,21.57,20119
RTR,20200421,0.067,0.067,0.066,0.066,246500
RUL,20200421,0.99,0.992,0.92,0.93,255004
RVR,20200421,0.066,0.069,0.061,0.061,2020908
RWC,20200421,2.56,2.59,2.46,2.46,2656453
RWD,20200421,0.1,0.1,0.1,0.1,78780
RXL,20200421,0.025,0.025,0.023,0.023,3062976
RXM,20200421,0.06,0.06,0.059,0.059,205776
RXP,20200421,0.23,0.245,0.22,0.245,156424
RYD,20200421,1.25,1.25,1.25,1.25,5000
RZI,20200421,0.495,0.495,0.48,0.48,15585
S2R,20200421,0.096,0.096,0.095,0.095,60000
S32,20200421,1.95,1.955,1.87,1.87,18295104
SAR,20200421,4.1,4.2,4.03,4.11,6728735
SAU,20200421,0.13,0.13,0.13,0.13,6747
SBM,20200421,2.42,2.48,2.395,2.44,4238302
SBR,20200421,0.001,0.001,0.001,0.001,14679998
SCG,20200421,2.15,2.18,2.075,2.1,39625385
SCI,20200421,0.008,0.008,0.008,0.008,1651396
SCL,20200421,0.012,0.012,0.01,0.011,5201358
SCP,20200421,2.21,2.24,2.13,2.15,4767247
SCT,20200421,0.04,0.041,0.04,0.041,39261
SCU,20200421,0.012,0.012,0.012,0.012,300000
SDF,20200421,2.68,2.84,2.59,2.61,2942114
SDG,20200421,1.11,1.11,1.1,1.1,11355
SDI,20200421,0.74,0.74,0.73,0.73,14698
SDV,20200421,0.6,0.62,0.555,0.56,568444
SDX,20200421,0.057,0.059,0.057,0.057,1274189
SE1,20200421,0.015,0.016,0.014,0.015,9205243
SEC,20200421,1.195,1.195,1.17,1.17,77826
SEK,20200421,16.79,16.83,16.13,16.16,1458616
SEN,20200421,0.047,0.047,0.047,0.047,97000
SEQ,20200421,0.185,0.185,0.185,0.185,20000
SER,20200421,0.004,0.004,0.004,0.004,2131360
SES,20200421,0.056,0.056,0.055,0.055,76803
SF1,20200421,0.012,0.012,0.012,0.012,48608
SFG,20200421,0.068,0.068,0.055,0.055,750296
SFR,20200421,4.1,4.215,4.08,4.13,1159607
SFX,20200421,0.099,0.1,0.098,0.1,126891
SFY,20200421,49.05,49.1,48.05,48.2,60909
SGC,20200421,0.011,0.011,0.011,0.011,288874
SGF,20200421,1.335,1.335,1.28,1.29,118109
SGH,20200421,0.54,0.7,0.54,0.635,52128
SGI,20200421,0.06,0.06,0.051,0.051,40873
SGM,20200421,6.35,6.5,6.1,6.14,634882
SGP,20200421,2.86,2.87,2.71,2.82,20144485
SGQ,20200421,0.091,0.091,0.087,0.088,1087768
SGR,20200421,2.47,2.48,2.32,2.32,5467287
SHJ,20200421,0.79,0.79,0.79,0.79,7505
SHK,20200421,0.006,0.006,0.006,0.006,100000
SHL,20200421,25.5,25.93,25.49,25.59,2968177
SHM,20200421,0.465,0.465,0.46,0.46,18126
SHO,20200421,0.028,0.028,0.028,0.028,168987
SHV,20200421,7.43,7.69,7.225,7.3,316891
SI6,20200421,0.002,0.002,0.002,0.002,19595000
SIG,20200421,0.625,0.63,0.595,0.605,2405642
SIO,20200421,0.225,0.225,0.225,0.225,1336
SIQ,20200421,5.21,5.22,4.81,5.02,1037065
SIS,20200421,0.02,0.02,0.017,0.019,409999
SIV,20200421,0.405,0.405,0.4,0.4,144659
SKC,20200421,2.29,2.32,2.17,2.2,2347598
SKF,20200421,0.13,0.15,0.125,0.135,272402
SKI,20200421,1.955,1.985,1.95,1.96,4413527
SKN,20200421,0.087,0.088,0.081,0.081,7482548
SKO,20200421,2.64,2.64,2.4,2.41,44577
SKT,20200421,0.31,0.31,0.285,0.285,311166
SKY,20200421,0.285,0.3,0.255,0.27,788421
SLC,20200421,0.825,0.825,0.775,0.79,795459
SLF,20200421,9.85,9.93,9.62,9.67,135371
SLK,20200421,3.33,3.4,3.19,3.19,96547
SLM,20200421,0.765,0.765,0.765,0.765,40000
SLR,20200421,1.76,1.845,1.742,1.81,9531434
SLX,20200421,0.3,0.3,0.295,0.295,47642
SM1,20200421,6.91,6.94,6.67,6.67,80923
SMI,20200421,0.003,0.003,0.003,0.003,8657718
SMN,20200421,0.445,0.445,0.435,0.44,59921
SMP,20200421,0.44,0.44,0.425,0.425,295356
SMR,20200421,1.015,1.015,1.01,1.015,318679
SMX,20200421,0.26,0.265,0.24,0.24,237800
SNC,20200421,0.675,0.675,0.665,0.67,84317
SND,20200421,0.41,0.44,0.41,0.44,1988
SNS,20200421,0.11,0.11,0.097,0.1,48978
SNZ,20200421,6.01,6.01,5.92,5.92,4244
SO4,20200421,0.39,0.39,0.345,0.35,2005318
SOL,20200421,17.93,18.06,17.58,17.68,439565
SOM,20200421,1.25,1.26,1.12,1.12,89994
SOR,20200421,0.043,0.043,0.041,0.043,209388
SP3,20200421,0.054,0.054,0.045,0.045,465197
SPK,20200421,4.22,4.27,4.03,4.04,1537746
SPL,20200421,1.055,1.07,0.91,0.93,1029410
SPQ,20200421,0.003,0.003,0.003,0.003,1149614
SPT,20200421,0.51,0.51,0.465,0.465,1147656
SPX,20200421,0.13,0.13,0.125,0.13,1363950
SPY,20200421,445,447.85,443.25,443.25,414
SPZ,20200421,0.096,0.096,0.095,0.095,46755
SRG,20200421,0.275,0.275,0.25,0.25,333862
SRH,20200421,0.17,0.17,0.15,0.15,2296
SRK,20200421,0.04,0.04,0.04,0.04,100000
SRN,20200421,0.002,0.002,0.002,0.002,806099
SRV,20200421,2.53,2.58,2.49,2.5,34899
SSG,20200421,0.43,0.43,0.41,0.41,261745
SSM,20200421,1.945,1.965,1.88,1.905,3149424
SST,20200421,10,10,10,10,150
ST1,20200421,0.135,0.135,0.125,0.125,1132919
STA,20200421,0.115,0.115,0.11,0.11,1128057
STG,20200421,0.67,0.67,0.65,0.66,25985
STN,20200421,0.35,0.375,0.34,0.34,212245
STO,20200421,4,4.19,3.92,4.01,12155664
STW,20200421,49.31,49.53,48.3,48.39,422261
STX,20200421,0.125,0.125,0.115,0.115,1881173
SUD,20200421,0.051,0.051,0.051,0.051,100000
SUL,20200421,5.48,5.53,5.14,5.22,3252184
SUN,20200421,9,9.12,8.99,9.01,3998247
SUP,20200421,0.05,0.05,0.05,0.05,49000
SVL,20200421,0.09,0.093,0.085,0.085,3221510
SVM,20200421,0.12,0.12,0.12,0.12,1491608
SVS,20200421,0.2,0.2,0.2,0.2,5000
SVW,20200421,13.03,13.28,12.46,12.83,975394
SVY,20200421,0.405,0.405,0.375,0.375,139463
SW1,20200421,0.018,0.018,0.017,0.017,372609
SWF,20200421,0.165,0.165,0.15,0.15,435481
SWM,20200421,0.095,0.095,0.087,0.091,5976412
SXA,20200421,0.06,0.06,0.06,0.06,67000
SXE,20200421,0.4,0.4,0.39,0.4,2416971
SXL,20200421,0.14,0.145,0.117,0.12,29478910
SXY,20200421,0.19,0.205,0.18,0.195,9827511
SYA,20200421,0.008,0.008,0.008,0.008,1055000
SYD,20200421,5.9,5.93,5.74,5.76,21096125
SYI,20200421,21.87,22.23,21.39,21.39,3067
SYR,20200421,0.23,0.23,0.21,0.215,4191602
SZL,20200421,1.46,1.46,1.39,1.39,349628
TAH,20200421,2.98,3.02,2.835,2.9,8992765
TAM,20200421,0.042,0.043,0.04,0.041,520915
TAP,20200421,0.085,0.086,0.085,0.085,161005
TAR,20200421,0.01,0.01,0.01,0.01,981417
TAS,20200421,0.035,0.035,0.034,0.034,162736
TBL,20200421,0.16,0.165,0.16,0.165,45000
TBR,20200421,5.76,5.85,5.76,5.8,22075
TCL,20200421,12.74,12.92,12.35,12.46,11640809
TD1,20200421,0.035,0.035,0.03,0.03,13731514
TDI,20200421,1.36,1.365,1.35,1.35,20250
TDO,20200421,0.055,0.055,0.054,0.054,55000
TDY,20200421,0.155,0.17,0.15,0.15,21214
TEG,20200421,0.024,0.024,0.023,0.023,999286
TEK,20200421,0.19,0.19,0.19,0.19,29500
TER,20200421,0.12,0.12,0.105,0.105,640519
TGA,20200421,0.078,0.08,0.074,0.08,333019
TGF,20200421,1.13,1.14,1.09,1.09,166469
TGG,20200421,1.14,1.14,1.125,1.14,141452
TGH,20200421,0.14,0.14,0.12,0.12,200000
TGP,20200421,0.9,0.9,0.885,0.895,101863
TGR,20200421,3.83,3.85,3.71,3.72,884232
THC,20200421,0.31,0.31,0.295,0.31,178838
THR,20200421,0.005,0.005,0.005,0.005,196192
TIE,20200421,0.245,0.245,0.24,0.24,1122053
TIP,20200421,0.6,0.6,0.6,0.6,16666
TLG,20200421,0.28,0.28,0.27,0.27,244437
TLM,20200421,0.082,0.084,0.082,0.082,51500
TLS,20200421,3.08,3.1,3.03,3.04,26250128
TLT,20200421,3.03,3.03,3.02,3.02,1086
TLX,20200421,1.22,1.22,1.12,1.15,547799
TMG,20200421,0.059,0.059,0.052,0.052,490252
TMR,20200421,0.19,0.19,0.165,0.165,432836
TMT,20200421,0.089,0.09,0.086,0.086,76500
TMZ,20200421,0.017,0.017,0.017,0.017,40000
TNE,20200421,8.71,8.93,8.57,8.6,948265
TNG,20200421,0.057,0.057,0.052,0.057,852681
TNK,20200421,0.83,0.865,0.83,0.865,2400
TNR,20200421,0.015,0.016,0.015,0.015,564785
TNT,20200421,0.057,0.058,0.054,0.055,2348532
TNY,20200421,1.07,1.09,1.02,1.02,79400
TOE,20200421,0.009,0.009,0.008,0.008,1510148
TON,20200421,0.028,0.028,0.026,0.026,1035511
TOP,20200421,0.4,0.4,0.4,0.4,112857
TOT,20200421,0.9,0.9,0.895,0.9,3961
TOU,20200421,0.086,0.086,0.08,0.08,125000
TPM,20200421,7.6,7.75,7.43,7.47,484483
TPP,20200421,0.031,0.031,0.031,0.031,127400
TPS,20200421,0.062,0.062,0.054,0.054,89333
TPW,20200421,3.23,3.33,3.01,3.01,179816
TRA,20200421,1.5,1.5,1.5,1.5,1095
TRL,20200421,0.014,0.014,0.014,0.014,249646
TRS,20200421,2.75,2.77,2.65,2.66,327678
TRY,20200421,0.081,0.082,0.081,0.081,229192
TSC,20200421,0.007,0.007,0.006,0.006,6832758
TSL,20200421,0.033,0.038,0.033,0.036,269704
TSO,20200421,0.09,0.093,0.071,0.082,18098459
TTB,20200421,0.355,0.355,0.3,0.33,97000
TTI,20200421,0.012,0.012,0.012,0.012,18190
TTM,20200421,0.065,0.077,0.06,0.069,1372586
TTT,20200421,0.88,0.89,0.77,0.81,585881
TWD,20200421,2.51,2.51,2.5,2.5,6353
TWE,20200421,10.22,10.33,9.91,10,4813371
TWR,20200421,0.555,0.6,0.545,0.6,25953
TYR,20200421,2.85,2.86,2.7,2.71,1091956
TZL,20200421,0.056,0.056,0.056,0.056,50000
UBA,20200421,17.77,17.77,17.3,17.3,2883
UBE,20200421,20.34,20.34,20.23,20.23,681
UBI,20200421,0.195,0.195,0.19,0.19,224000
UBN,20200421,0.042,0.044,0.042,0.044,524153
UBP,20200421,28.6,28.7,28.6,28.7,997
UBU,20200421,31.76,31.76,31.76,31.76,146
UBW,20200421,28,28.4,28,28,2197
UCM,20200421,0.24,0.24,0.235,0.235,101215
UMG,20200421,4.63,4.81,4.62,4.62,608429
UNV,20200421,0.155,0.155,0.155,0.155,11550
URF,20200421,0.23,0.25,0.23,0.25,118766
URW,20200421,4.71,4.72,4.55,4.6,1067365
USD,20200421,15.34,15.47,15.34,15.43,115039
UWL,20200421,1.215,1.225,1.15,1.185,754179
VAE,20200421,65.65,65.66,64.1,64.5,5543
VAF,20200421,52.39,52.46,52.28,52.28,34710
VAL,20200421,0.001,0.001,0.001,0.001,500000
VAN,20200421,0.125,0.125,0.12,0.125,113486
VAP,20200421,63.5,63.58,61.57,61.8,56876
VAS,20200421,67.41,67.7,66.01,66.16,471178
VCF,20200421,49,49.61,49,49.61,4616
VCX,20200421,1.37,1.375,1.32,1.335,16652314
VEA,20200421,1.35,1.41,1.305,1.355,4769148
VEE,20200421,0.425,0.425,0.417,0.42,80001
VEN,20200421,0.045,0.046,0.045,0.045,846948
VEQ,20200421,51,51,50.02,50.02,7034
VEU,20200421,67.74,67.98,66.85,66.85,74006
VG1,20200421,2.15,2.17,2.15,2.17,225388
VG8,20200421,2.17,2.17,2.15,2.16,300694
VGB,20200421,53.65,53.95,53.54,53.54,15317
VGE,20200421,62.48,62.63,61.45,62.11,10451
VGI,20200421,9.9,10.3,9.57,9.65,15811
VGL,20200421,1.505,1.505,1.31,1.325,128745
VGS,20200421,75.89,76.36,75.32,75.32,53434
VHT,20200421,1.38,1.38,1.29,1.3,1722037
VHY,20200421,45.72,45.87,44.85,45.15,92458
VIC,20200421,0.001,0.001,0.001,0.001,880000
VIF,20200421,51.68,51.87,51.51,51.87,13560
VIP,20200421,0.057,0.36,0.057,0.062,33988765
VKA,20200421,0.007,0.007,0.007,0.007,75714
VLC,20200421,55.06,55.17,53.89,53.89,2770
VLT,20200421,0.17,0.17,0.17,0.17,24544
VMC,20200421,0.175,0.175,0.175,0.175,99853
VML,20200421,0.008,0.008,0.008,0.008,1876015
VMT,20200421,0.15,0.155,0.15,0.15,292303
VMX,20200421,0.165,0.175,0.16,0.175,383437
VMY,20200421,0.047,0.047,0.044,0.046,521228
VN8,20200421,0.091,0.095,0.09,0.09,85629
VOC,20200421,2.65,2.73,2.58,2.58,1577556
VOR,20200421,0.09,0.1,0.09,0.1,161052
VR1,20200421,0.017,0.02,0.017,0.02,335570
VRC,20200421,0.006,0.006,0.006,0.006,3039559
VRL,20200421,1.955,1.96,1.8,1.87,298416
VRS,20200421,0.023,0.023,0.023,0.023,63300
VRT,20200421,2.73,2.96,2.63,2.79,610726
VRX,20200421,0.062,0.07,0.062,0.069,412720
VSO,20200421,47.35,47.35,46.1,46.28,12664
VTG,20200421,1.005,1.015,0.955,0.975,480053
VTH,20200421,0.69,0.69,0.68,0.68,194276
VTI,20200421,0.019,0.023,0.017,0.018,1178057
VTS,20200421,222.99,224,220.92,221.09,22194
VUK,20200421,1.43,1.44,1.35,1.355,3897339
VUL,20200421,0.225,0.225,0.2,0.205,396968
VVA,20200421,1.88,1.9,1.65,1.78,173494
VVR,20200421,2.41,2.46,2.34,2.35,3628733
VXR,20200421,0.079,0.08,0.079,0.08,110000
VYS,20200421,0.053,0.056,0.053,0.054,416238
WAA,20200421,0.865,0.865,0.79,0.79,125374
WAF,20200421,0.53,0.535,0.51,0.525,6398792
WAM,20200421,1.89,1.895,1.8,1.8,877234
WAT,20200421,2,2,1.95,1.95,12253
WAX,20200421,1.16,1.165,1.15,1.15,106689
WBC,20200421,15.55,15.7,15.16,15.17,10641329
WBE,20200421,0.004,0.004,0.004,0.004,22444995
WBT,20200421,0.34,0.35,0.335,0.35,31441
WCN,20200421,0.004,0.004,0.004,0.004,125000
WEB,20200421,2.47,2.52,2.33,2.39,6719989
WEL,20200421,0.017,0.019,0.017,0.018,678721
WES,20200421,36.88,37.26,36.09,36.37,2033838
WGB,20200421,1.86,1.89,1.84,1.84,173439
WGN,20200421,0.77,0.77,0.715,0.73,294302
WGO,20200421,0.13,0.13,0.12,0.12,608201
WGX,20200421,1.99,2.11,1.965,2.03,877178
WHC,20200421,1.75,1.752,1.705,1.735,8083787
WHF,20200421,4.32,4.4,4.3,4.4,39546
WHK,20200421,0.052,0.056,0.051,0.056,514776
WIC,20200421,0.81,0.81,0.81,0.81,27250
WKT,20200421,0.125,0.125,0.12,0.12,257362
WLD,20200421,0.042,0.042,0.041,0.041,21055
WLE,20200421,0.995,1.01,0.95,0.965,810550
WMI,20200421,1.09,1.09,1.035,1.035,177718
WML,20200421,0.01,0.011,0.01,0.011,1580928
WNB,20200421,0.013,0.014,0.011,0.011,29810587
WND,20200421,0.945,0.945,0.935,0.935,78444
WOR,20200421,6.65,7.04,6.6,6.82,2057342
WOW,20200421,36.96,37.37,35.9,36.01,2592131
WPL,20200421,19.57,20.27,19.47,19.89,4422741
WPP,20200421,0.265,0.275,0.235,0.255,770296
WQG,20200421,1.115,1.13,1.115,1.115,391885
WRM,20200421,0.003,0.003,0.003,0.003,100000
WSA,20200421,2.12,2.17,2.1,2.13,2353562
WSI,20200421,0.014,0.014,0.014,0.014,784285
WSP,20200421,1.6,1.65,1.56,1.65,477503
WTC,20200421,15.5,15.71,13.77,13.78,1929319
WWI,20200421,0.011,0.012,0.011,0.011,685440
WZR,20200421,0.125,0.125,0.115,0.125,8482695
XAM,20200421,0.03,0.03,0.03,0.03,57000
XCD,20200421,0.005,0.005,0.005,0.005,450000
XF1,20200421,0.086,0.089,0.086,0.089,800
XPE,20200421,0.002,0.002,0.001,0.001,905050
XPL,20200421,0.054,0.054,0.051,0.051,130802
XRF,20200421,0.2,0.205,0.195,0.195,354616
XRO,20200421,77.5,77.79,74.83,75.02,499183
XTC,20200421,0.004,0.004,0.003,0.003,21568846
XTD,20200421,0.025,0.025,0.024,0.024,288635
XTE,20200421,0.56,0.56,0.525,0.555,7965
YAL,20200421,2.1,2.13,2.09,2.09,31605
YBR,20200421,0.06,0.06,0.06,0.06,819
YOJ,20200421,0.031,0.032,0.03,0.03,1185742
YPB,20200421,0.003,0.003,0.003,0.003,3147659
YRL,20200421,0.195,0.195,0.175,0.175,18800
Z1P,20200421,2.23,2.23,1.97,2.02,9932183
ZEL,20200421,3.11,3.12,3.02,3.02,46635
ZEN,20200421,1,1.02,0.995,0.995,1238754
ZIM,20200421,11.84,11.86,11.58,11.58,420
ZLD,20200421,0.044,0.045,0.041,0.042,421555
ZMI,20200421,0.045,0.045,0.045,0.045,10000
ZNO,20200421,1.75,1.76,1.665,1.68,684535
XAF,20200421,5279.8,5281.6,5149.4,5155.3,0
XAO,20200421,5414.7,5414.7,5271.3,5278.6,1326339300
XAT,20200421,5295.6,5295.6,5159.2,5165.4,0
XDJ,20200421,2039.8,2043.4,1980.1,1984.9,0
XEC,20200421,1130.1,1131,1073.9,1077.5,0
XEJ,20200421,6469.5,6480,6280.6,6337.8,0
XFJ,20200421,4209,4241.7,4119.8,4119.8,0
XFL,20200421,5309.9,5310.7,5178.8,5184.9,0
XGD,20200421,6916.5,7122.9,6916.5,7049,0
XHJ,20200421,43887.2,44151.4,42568.3,42740.7,0
XIJ,20200421,1215.8,1215.8,1151.1,1156.5,0
XJO,20200421,5353,5353,5214.5,5221.3,0
XJR,20200421,3816,3821.6,3743.9,3754.6,0
XKO,20200421,5312,5312,5173.4,5180.2,0
XMD,20200421,5728.4,5729,5585.2,5595.8,0
XMJ,20200421,11522.4,11538.6,11306.2,11327,0
XMM,20200421,3834.5,3844.4,3770.5,3776.4,0
XNJ,20200421,5366.6,5382.6,5157.6,5163.5,0
XPJ,20200421,1135.1,1135.1,1092.1,1094.3,0
XSJ,20200421,12389.8,12420.2,12015.7,12042,0
XSO,20200421,2301.9,2301.9,2215.6,2219.3,0
XTJ,20200421,1071.9,1075.3,1048.4,1050,0
XTL,20200421,3004.7,3006.8,2930.6,2934.3,0
XTO,20200421,4431.4,4431.4,4321.8,4327.3,0
XUJ,20200421,7521.9,7604.4,7474.6,7494.8,0
XXJ,20200421,4694.4,4730.9,4595,4595,0
