360,20200506,1.99,1.99,1.895,1.895,40892
14D,20200506,0.16,0.165,0.155,0.16,208172
1AD,20200506,0.064,0.069,0.06,0.06,326624
1ST,20200506,0.03,0.031,0.029,0.031,1108784
2BE,20200506,0.11,0.11,0.11,0.11,1428
3DA,20200506,0.175,0.185,0.17,0.17,364299
3DP,20200506,0.033,0.034,0.031,0.032,966851
3PL,20200506,0.76,0.77,0.755,0.765,144875
4DS,20200506,0.049,0.052,0.049,0.051,1468070
5GN,20200506,0.88,0.915,0.88,0.915,373998
88E,20200506,0.005,0.005,0.005,0.005,9133042
8CO,20200506,0.057,0.06,0.057,0.06,30000
9SP,20200506,0.016,0.016,0.016,0.016,1256575
A1M,20200506,0.275,0.275,0.275,0.275,15584
A2B,20200506,0.715,0.72,0.695,0.695,208278
A2M,20200506,18.7,18.86,18.53,18.54,1736350
A3D,20200506,0.08,0.08,0.075,0.075,74595
A4N,20200506,0.16,0.16,0.14,0.14,431937
AAA,20200506,50.07,50.08,50.07,50.08,59796
AAC,20200506,1.125,1.14,1.105,1.115,483243
AAR,20200506,0.15,0.15,0.15,0.15,78619
ABA,20200506,4.32,4.36,4.32,4.36,23025
ABC,20200506,2.49,2.52,2.45,2.47,2240358
ABP,20200506,2.45,2.46,2.38,2.45,926326
ABR,20200506,0.365,0.37,0.355,0.36,197499
ABT,20200506,0.018,0.018,0.016,0.017,351585
ABV,20200506,0.025,0.025,0.025,0.025,39201
ABX,20200506,0.086,0.086,0.086,0.086,9754
AC8,20200506,0.185,0.185,0.18,0.18,330997
ACB,20200506,0.014,0.014,0.014,0.014,4000
ACF,20200506,0.235,0.235,0.225,0.225,88631
ACQ,20200506,0.85,0.85,0.85,0.85,34792
ACR,20200506,0.135,0.135,0.135,0.135,19966
ACU,20200506,0.065,0.065,0.065,0.065,140976
ACW,20200506,0.02,0.021,0.019,0.019,569438
AD8,20200506,6.02,6.08,5.7,5.94,271791
ADA,20200506,0.415,0.42,0.415,0.415,33797
ADH,20200506,1.555,1.575,1.455,1.5,1372326
ADI,20200506,2.1,2.12,2.07,2.11,214474
ADJ,20200506,0.02,0.02,0.019,0.019,667820
ADN,20200506,0.048,0.048,0.047,0.047,2827253
ADO,20200506,0.022,0.023,0.021,0.021,457790
ADT,20200506,1.3,1.3,1.275,1.29,79589
ADV,20200506,0.003,0.004,0.003,0.004,314011
ADY,20200506,0.005,0.005,0.005,0.005,6526
AEE,20200506,0.004,0.004,0.003,0.004,9200000
AEF,20200506,4.61,4.84,4.61,4.74,330181
AEG,20200506,1.14,1.14,1.11,1.14,97082
AEI,20200506,0.65,0.715,0.64,0.64,1822323
AEV,20200506,0.008,0.008,0.008,0.008,17666
AFG,20200506,1.47,1.48,1.37,1.42,908577
AFI,20200506,5.75,5.76,5.7,5.76,443741
AFL,20200506,0.165,0.165,0.165,0.165,100000
AFP,20200506,3.7,3.7,3.6,3.6,857
AGD,20200506,0.155,0.155,0.155,0.155,101640
AGE,20200506,0.003,0.004,0.003,0.003,16284729
AGG,20200506,8.22,8.35,8.14,8.3,16020
AGH,20200506,0.395,0.395,0.385,0.385,248581
AGI,20200506,0.44,0.445,0.425,0.43,15635
AGL,20200506,16.33,16.56,16.28,16.48,1887338
AGM,20200506,1.54,1.54,1.54,1.54,3297
AGR,20200506,0.08,0.08,0.08,0.08,600
AGY,20200506,0.044,0.044,0.042,0.044,1187991
AHF,20200506,0.081,0.083,0.08,0.083,204766
AHX,20200506,0.505,0.505,0.45,0.475,276586
AHY,20200506,1.02,1.025,0.995,1,246647
AHZ,20200506,7.47,7.51,7.39,7.42,2641
AIA,20200506,5.59,5.59,5.45,5.49,497366
AIB,20200506,0.085,0.085,0.085,0.085,1665
AIS,20200506,0.043,0.043,0.043,0.043,12000
AIZ,20200506,1.205,1.21,1.175,1.18,1153116
AJC,20200506,0.001,0.001,0.001,0.001,600000
AJL,20200506,0.054,0.054,0.054,0.054,1750
AJM,20200506,0.039,0.039,0.037,0.038,3844543
AJQ,20200506,0.03,0.036,0.03,0.036,679804
AJX,20200506,0.052,0.054,0.048,0.054,653999
AKG,20200506,0.31,0.32,0.31,0.32,2600
AKM,20200506,0.081,0.081,0.081,0.081,361
AKP,20200506,14.7,14.95,14.62,14.62,13068
AL3,20200506,0.185,0.195,0.18,0.18,691083
ALC,20200506,0.165,0.165,0.16,0.16,1012146
ALF,20200506,0.855,0.86,0.85,0.86,257679
ALG,20200506,0.335,0.34,0.32,0.32,2830619
ALI,20200506,2.12,2.14,2.12,2.12,79800
ALK,20200506,0.75,0.775,0.735,0.745,2251583
ALL,20200506,24.87,24.92,24.42,24.57,2783168
ALQ,20200506,6.74,7,6.66,6.75,3657295
ALU,20200506,35.1,35.63,35.01,35.3,540241
ALX,20200506,5.94,6.06,5.78,5.85,3236480
ALY,20200506,0.011,0.011,0.011,0.011,80000
AMA,20200506,0.39,0.39,0.37,0.38,6601762
AMB,20200506,0.045,0.045,0.045,0.045,11500
AMC,20200506,13.32,13.53,13.14,13.43,2506403
AMD,20200506,0.006,0.006,0.006,0.006,3445332
AME,20200506,0.062,0.062,0.061,0.062,304104
AMG,20200506,0.041,0.041,0.04,0.04,427038
AMH,20200506,0.835,0.865,0.835,0.85,246332
AMI,20200506,0.305,0.335,0.305,0.32,5123991
AML,20200506,0.096,0.096,0.09,0.093,514836
AMN,20200506,0.33,0.33,0.33,0.33,6500
AMO,20200506,0.048,0.048,0.046,0.046,39132
AMP,20200506,1.4,1.405,1.37,1.39,4972127
AMS,20200506,0.565,0.575,0.54,0.545,119148
AMX,20200506,1.62,1.73,1.515,1.65,179170
ANA,20200506,0.006,0.007,0.006,0.007,980000
ANN,20200506,29.34,29.56,29.055,29.54,367192
ANO,20200506,4.4,4.59,4.4,4.58,30653
ANP,20200506,0.048,0.048,0.048,0.048,335975
ANR,20200506,0.195,0.205,0.195,0.205,53000
ANW,20200506,0.001,0.001,0.001,0.001,2901000
ANZ,20200506,16.34,16.35,16.06,16.2,6489286
AO1,20200506,0.011,0.013,0.009,0.01,2417649
AOF,20200506,2.02,2.03,2.01,2.01,15060
AON,20200506,0.02,0.02,0.018,0.018,26602
AOP,20200506,0.23,0.24,0.225,0.24,1230248
AOU,20200506,0.053,0.057,0.053,0.057,171250
APA,20200506,11.2,11.38,11.08,11.31,1815807
APC,20200506,0.057,0.057,0.053,0.055,4344537
APD,20200506,0.465,0.465,0.445,0.46,187308
APE,20200506,4.4,4.61,4.26,4.55,1128254
APG,20200506,0.001,0.001,0.001,0.001,1000000
APH,20200506,0.15,0.15,0.145,0.145,55136
API,20200506,1.095,1.11,1.07,1.07,2976674
APL,20200506,0.935,0.945,0.93,0.94,762467
APT,20200506,38.51,39.95,38.51,39.8,2881542
APV,20200506,0.155,0.165,0.15,0.165,88778
APW,20200506,1.2,1.2,1.2,1.2,541
APX,20200506,26.74,28.97,26.6,28.94,1407387
AQD,20200506,0.014,0.014,0.013,0.013,824530
AQG,20200506,8.2,8.26,8.07,8.18,159477
AQI,20200506,0.081,0.082,0.08,0.08,882912
AQR,20200506,3.19,3.23,3.18,3.23,80596
AQX,20200506,0.019,0.02,0.018,0.02,1481336
AQZ,20200506,2,2.05,1.995,2.04,239598
ARA,20200506,0.43,0.43,0.43,0.43,230
ARB,20200506,14.54,14.81,14.41,14.45,330442
ARD,20200506,0.015,0.015,0.015,0.015,340000
ARE,20200506,0.005,0.005,0.004,0.004,1100000
ARF,20200506,2.12,2.17,2.07,2.11,333460
ARG,20200506,7.14,7.2,7.1,7.2,113867
ARL,20200506,0.245,0.26,0.245,0.255,184245
ARM,20200506,0.013,0.013,0.012,0.012,1810900
ARN,20200506,0.12,0.13,0.12,0.125,266406
ARQ,20200506,0.095,0.099,0.093,0.099,303217
ARU,20200506,0.074,0.075,0.071,0.072,509318
ARV,20200506,0.032,0.032,0.03,0.031,1832762
AS1,20200506,0.14,0.14,0.135,0.135,44285
ASB,20200506,2.88,2.88,2.78,2.85,3370450
ASH,20200506,0.297,0.315,0.297,0.31,33986
ASN,20200506,0.024,0.024,0.016,0.017,11069650
AST,20200506,1.9,1.93,1.885,1.915,7697793
ASW,20200506,0.61,0.61,0.61,0.61,1300
ASX,20200506,83.3,84.08,82.6,83.47,323429
AT1,20200506,0.425,0.455,0.417,0.445,5081433
ATC,20200506,0.043,0.044,0.043,0.044,324768
ATL,20200506,0.27,0.295,0.27,0.275,242534
ATS,20200506,0.025,0.026,0.023,0.023,5318162
ATU,20200506,0.24,0.24,0.23,0.23,296646
ATX,20200506,0.088,0.1,0.088,0.1,310982
AU8,20200506,0.056,0.056,0.052,0.052,305000
AUB,20200506,12.26,12.26,11.84,11.9,98532
AUC,20200506,0.015,0.015,0.013,0.013,5372307
AUI,20200506,7.66,7.75,7.44,7.75,4455
AUL,20200506,0.22,0.25,0.22,0.23,42530
AUQ,20200506,0.013,0.013,0.012,0.012,1408800
AUT,20200506,0.05,0.05,0.049,0.049,1810576
AUZ,20200506,0.01,0.01,0.009,0.009,4725372
AVA,20200506,0.145,0.155,0.14,0.15,914696
AVE,20200506,0.008,0.008,0.008,0.008,694112
AVG,20200506,0.41,0.42,0.41,0.42,3718
AVH,20200506,0.44,0.445,0.43,0.435,5581737
AVJ,20200506,0.38,0.385,0.38,0.38,177875
AVL,20200506,0.01,0.01,0.009,0.009,1775199
AVN,20200506,1.745,1.745,1.66,1.705,469845
AVZ,20200506,0.065,0.066,0.064,0.066,7279411
AWC,20200506,1.59,1.605,1.565,1.585,6959689
AWV,20200506,0.008,0.008,0.008,0.008,50000
AWY,20200506,0.92,0.92,0.9,0.9,1857
AX1,20200506,1.21,1.22,1.14,1.16,3219921
AXE,20200506,0.38,0.42,0.33,0.335,13269473
AXI,20200506,0.042,0.042,0.042,0.042,240000
AYR,20200506,0.015,0.015,0.015,0.015,385000
AYS,20200506,0.31,0.32,0.305,0.31,150342
AZI,20200506,0.005,0.005,0.005,0.005,997010
AZJ,20200506,4.63,4.78,4.53,4.55,4979832
AZS,20200506,0.071,0.071,0.071,0.071,6403
AZV,20200506,0.076,0.076,0.076,0.076,2000
AZY,20200506,0.021,0.022,0.02,0.02,21342776
BAF,20200506,0.72,0.72,0.71,0.71,171858
BAP,20200506,4.87,4.94,4.75,4.81,1567414
BAR,20200506,0.021,0.021,0.02,0.02,626383
BAT,20200506,0.006,0.006,0.005,0.006,3948333
BBC,20200506,0.41,0.415,0.41,0.41,18750
BBL,20200506,0.39,0.405,0.385,0.405,10770
BBN,20200506,2.7,2.7,2.58,2.6,147733
BBX,20200506,0.092,0.092,0.09,0.09,50000
BC8,20200506,0.445,0.445,0.42,0.425,204134
BCB,20200506,0.048,0.048,0.04,0.044,19153896
BCI,20200506,0.145,0.145,0.14,0.14,310587
BCN,20200506,0.039,0.04,0.039,0.04,2557473
BCT,20200506,0.057,0.058,0.053,0.058,581760
BD1,20200506,0.024,0.025,0.024,0.025,70800
BDA,20200506,0.335,0.36,0.335,0.35,798933
BDC,20200506,0.072,0.077,0.072,0.077,6076267
BEM,20200506,0.034,0.034,0.034,0.034,115009
BEN,20200506,6.09,6.09,5.94,6.01,1962371
BET,20200506,0.29,0.29,0.27,0.27,2665980
BFC,20200506,0.064,0.065,0.06,0.063,662253
BFG,20200506,1.1,1.115,1.085,1.115,401277
BGA,20200506,4.89,5.05,4.82,5.02,618207
BGL,20200506,0.59,0.612,0.59,0.61,1828470
BGT,20200506,0.17,0.17,0.165,0.165,152682
BHP,20200506,30.54,30.57,30.1,30.41,4317932
BID,20200506,0.79,0.79,0.74,0.75,88930
BIN,20200506,2.36,2.38,2.15,2.17,4204794
BIQ,20200506,0.004,0.004,0.004,0.004,905795
BIS,20200506,1,1,0.99,0.99,5222
BIT,20200506,0.1,0.102,0.098,0.1,2074509
BKI,20200506,1.35,1.37,1.335,1.34,246876
BKL,20200506,76,77.04,75.41,77.04,26059
BKT,20200506,0.035,0.037,0.035,0.035,120000
BKW,20200506,13.19,13.41,13.06,13.28,335742
BKY,20200506,0.245,0.26,0.245,0.255,429988
BLD,20200506,2.71,2.74,2.64,2.66,5693614
BLG,20200506,0.023,0.023,0.022,0.022,1080160
BLK,20200506,0.011,0.011,0.01,0.01,2801193
BLU,20200506,0.017,0.017,0.015,0.015,5256108
BLX,20200506,0.67,0.7,0.65,0.675,20954
BLY,20200506,0.67,0.7,0.66,0.66,18436
BMN,20200506,0.042,0.042,0.04,0.041,1321713
BNL,20200506,0.005,0.005,0.005,0.005,5712370
BNO,20200506,0.044,0.046,0.044,0.046,483800
BOA,20200506,0.22,0.22,0.205,0.205,7532
BOE,20200506,0.067,0.074,0.067,0.074,5592619
BOL,20200506,0.087,0.093,0.087,0.092,485300
BOQ,20200506,4.82,4.84,4.72,4.75,2084857
BOT,20200506,0.044,0.044,0.043,0.044,2577454
BPT,20200506,1.5,1.51,1.46,1.475,15903183
BRB,20200506,0.22,0.225,0.22,0.22,246080
BRG,20200506,17.3,18.42,17.3,18.11,331452
BRK,20200506,0.006,0.006,0.005,0.005,11764231
BRL,20200506,0.06,0.06,0.054,0.059,916749
BRN,20200506,0.052,0.052,0.049,0.049,4981366
BRU,20200506,0.089,0.089,0.087,0.087,133933
BRV,20200506,0.029,0.029,0.027,0.027,863317
BSA,20200506,0.275,0.275,0.27,0.27,76752
BSE,20200506,0.127,0.13,0.127,0.13,170544
BSL,20200506,10.15,10.25,9.93,10.02,1304676
BSM,20200506,0.004,0.004,0.004,0.004,200000
BSX,20200506,0.165,0.165,0.15,0.155,468463
BTH,20200506,0.725,0.74,0.697,0.705,1593955
BTI,20200506,0.745,0.745,0.725,0.725,58125
BUB,20200506,0.955,0.98,0.93,0.95,21264278
BUD,20200506,0.009,0.009,0.009,0.009,3295850
BUX,20200506,0.081,0.081,0.081,0.081,6023
BUY,20200506,0.009,0.009,0.008,0.008,4343613
BVS,20200506,4.9,4.95,4.74,4.8,1121340
BWF,20200506,0.29,0.29,0.29,0.29,2000
BWP,20200506,3.6,3.6,3.51,3.55,1151528
BWR,20200506,1.25,1.255,1.25,1.255,210000
BWX,20200506,3.59,3.67,3.54,3.64,120671
BXB,20200506,10.8,10.93,10.61,10.9,4224868
BYE,20200506,0.18,0.185,0.165,0.17,2072143
C6C,20200506,0.5,0.5,0.5,0.5,8136
CAA,20200506,0.1,0.1,0.1,0.1,362758
CAD,20200506,0.001,0.001,0.001,0.001,2000000
CAF,20200506,0.081,0.081,0.081,0.081,8399
CAG,20200506,0.53,0.53,0.49,0.5,40804
CAI,20200506,0.295,0.315,0.295,0.3,663198
CAJ,20200506,0.185,0.19,0.185,0.185,1290210
CAM,20200506,0.75,0.76,0.75,0.75,67699
CAN,20200506,0.915,0.915,0.89,0.89,258146
CAP,20200506,0.023,0.023,0.023,0.023,247908
CAR,20200506,13.74,13.94,13.57,13.91,740058
CAT,20200506,1.13,1.185,1.08,1.14,484550
CAU,20200506,0.105,0.105,0.095,0.095,136900
CAY,20200506,0.105,0.11,0.105,0.11,199091
CBA,20200506,60.5,60.7,59.88,60.35,2251545
CBR,20200506,2.15,2.18,2.07,2.08,427051
CCA,20200506,0.06,0.066,0.06,0.061,1162544
CCE,20200506,0.001,0.001,0.001,0.001,1483693
CCG,20200506,0.069,0.069,0.061,0.062,313106
CCL,20200506,8.24,8.54,8.23,8.48,2768270
CCP,20200506,15.19,15.19,14.6,14.71,732632
CCV,20200506,0.155,0.165,0.152,0.16,667812
CCX,20200506,2.22,2.32,2.12,2.17,537851
CCZ,20200506,0.017,0.018,0.017,0.017,1180852
CDA,20200506,6.6,6.68,6.42,6.68,416961
CDD,20200506,0.245,0.26,0.24,0.25,453773
CDM,20200506,0.517,0.525,0.515,0.515,106858
CDP,20200506,3.08,3.09,3.07,3.07,62109
CDT,20200506,0.007,0.007,0.007,0.007,200000
CDV,20200506,0.41,0.425,0.4,0.41,656209
CDX,20200506,0.021,0.022,0.021,0.021,230716
CDY,20200506,0.18,0.185,0.165,0.185,1372659
CE1,20200506,0.006,0.007,0.005,0.007,2322395
CEL,20200506,0.16,0.185,0.16,0.18,3187918
CEN,20200506,5.88,5.88,5.82,5.82,3339
CFE,20200506,0.002,0.002,0.002,0.002,1000000
CG1,20200506,0.24,0.245,0.23,0.23,63008
CGA,20200506,0.255,0.255,0.25,0.25,60000
CGB,20200506,0.008,0.008,0.007,0.007,1988627
CGC,20200506,2.86,2.95,2.84,2.89,1204126
CGF,20200506,4.59,4.59,4.4,4.46,2378895
CGL,20200506,3.23,3.23,3.075,3.17,210822
CGS,20200506,0.32,0.345,0.315,0.345,61865
CHC,20200506,7.21,7.23,7.04,7.21,2153776
CHK,20200506,0.007,0.007,0.007,0.007,5941153
CHN,20200506,1.29,1.29,1.25,1.26,1658293
CHZ,20200506,0.07,0.078,0.07,0.077,2034059
CI1,20200506,0.031,0.031,0.03,0.031,771452
CIA,20200506,1.85,1.905,1.85,1.89,284591
CIE,20200506,0.52,0.54,0.515,0.53,240203
CIM,20200506,23.3,23.6,22.99,23.38,301597
CIN,20200506,20.93,21.16,20.93,21.16,9002
CIP,20200506,2.63,2.64,2.595,2.62,1269681
CKA,20200506,0.044,0.044,0.04,0.042,753814
CKF,20200506,7.99,8.08,7.65,7.66,843339
CL1,20200506,1.415,1.415,1.385,1.385,87601
CL8,20200506,0.01,0.01,0.008,0.008,1029253
CLA,20200506,0.009,0.009,0.008,0.009,1058057
CLB,20200506,0.065,0.065,0.065,0.065,314196
CLQ,20200506,0.205,0.21,0.2,0.21,454481
CLV,20200506,2.13,2.18,2.07,2.15,132777
CLW,20200506,4.08,4.12,4.015,4.07,1682464
CLX,20200506,0.56,0.56,0.555,0.555,15133
CLZ,20200506,0.002,0.002,0.001,0.001,87187801
CM8,20200506,0.022,0.022,0.022,0.022,37329
CML,20200506,0.013,0.013,0.012,0.012,331775
CMM,20200506,1.305,1.345,1.305,1.305,406491
CMP,20200506,0.53,0.54,0.52,0.525,48778
CMW,20200506,0.765,0.765,0.74,0.75,4337472
CNB,20200506,0.075,0.077,0.07,0.073,946743
CNI,20200506,1.63,1.675,1.57,1.575,1921725
CNJ,20200506,0.006,0.006,0.006,0.006,980601
CNU,20200506,6.63,6.73,6.61,6.69,354989
CNW,20200506,0.022,0.022,0.022,0.022,519766
COB,20200506,0.125,0.125,0.11,0.11,522333
COE,20200506,0.43,0.437,0.4,0.4,4096478
COF,20200506,1.93,1.935,1.835,1.875,794837
COG,20200506,0.042,0.042,0.041,0.042,77500
COH,20200506,183.89,184.73,179.84,182.01,222326
COI,20200506,0.08,0.082,0.08,0.081,516526
COL,20200506,15.4,15.45,15.22,15.32,3316717
COO,20200506,0.049,0.049,0.049,0.049,50000
COS,20200506,0.37,0.37,0.357,0.36,59159
CP1,20200506,0.089,0.089,0.088,0.089,11554
CPH,20200506,0.067,0.068,0.064,0.067,853820
CPT,20200506,0.014,0.014,0.014,0.014,34779
CPU,20200506,11.69,11.76,11.39,11.56,1283398
CPV,20200506,0.115,0.12,0.115,0.12,36259
CQE,20200506,2.33,2.44,2.26,2.28,1356032
CQR,20200506,3.07,3.15,3.06,3.1,2772205
CR1,20200506,0.24,0.24,0.24,0.24,9250
CRL,20200506,0.012,0.012,0.012,0.012,3326614
CRN,20200506,1.13,1.145,1.065,1.08,580916
CRO,20200506,0.002,0.002,0.002,0.002,1360000
CRS,20200506,0.115,0.125,0.11,0.12,205372
CSL,20200506,308.5,309.69,304.32,306.78,739544
CSR,20200506,3.5,3.5,3.38,3.4,2552032
CSS,20200506,0.71,0.71,0.67,0.7,13936
CST,20200506,0.175,0.18,0.145,0.155,1483469
CT1,20200506,0.021,0.021,0.02,0.021,1025564
CTD,20200506,12.01,12.05,11.58,12,509214
CTM,20200506,0.21,0.21,0.2,0.205,573079
CTO,20200506,0.003,0.004,0.003,0.004,4800000
CTP,20200506,0.072,0.074,0.071,0.072,1028872
CTX,20200506,24.35,24.55,23.97,24.3,653286
CUE,20200506,0.076,0.076,0.075,0.075,115000
CUV,20200506,21.85,23.27,21.71,23.27,162063
CV1,20200506,0.087,0.087,0.084,0.084,170906
CVC,20200506,1.125,1.125,1.125,1.125,614
CVN,20200506,0.195,0.205,0.195,0.2,5728907
CVV,20200506,0.025,0.025,0.025,0.025,50000
CVW,20200506,0.205,0.205,0.2,0.205,125894
CWN,20200506,9.26,9.43,9.19,9.3,1174799
CWP,20200506,4.25,4.34,4.18,4.23,208137
CWX,20200506,0.205,0.21,0.2,0.21,67098
CWY,20200506,1.795,1.86,1.785,1.83,6594804
CWZ,20200506,0.14,0.14,0.13,0.13,353010
CXL,20200506,0.69,0.7,0.69,0.7,24302
CXO,20200506,0.042,0.043,0.042,0.043,1132810
CXU,20200506,0.027,0.027,0.025,0.025,377880
CXZ,20200506,0.016,0.017,0.015,0.015,6144565
CYC,20200506,1.3,1.3,1.3,1.3,1000
CYG,20200506,0.515,0.515,0.515,0.515,2027
CYL,20200506,2.99,3.4,2.98,3.04,148645
CYM,20200506,0.13,0.14,0.125,0.14,57155
CYP,20200506,0.65,0.65,0.625,0.635,25481
CZI,20200506,0.098,0.1,0.095,0.095,130000
CZL,20200506,0.003,0.003,0.003,0.003,8920
CZN,20200506,0.002,0.002,0.002,0.002,450000
CZR,20200506,0.01,0.01,0.01,0.01,1111034
D2O,20200506,1.335,1.335,1.3,1.305,31415
DAF,20200506,0.02,0.021,0.02,0.021,600000
DCC,20200506,0.03,0.03,0.029,0.029,2292977
DCG,20200506,0.195,0.195,0.19,0.195,594447
DCL,20200506,0.05,0.055,0.05,0.05,313443
DCN,20200506,0.435,0.445,0.405,0.405,8305007
DCX,20200506,0.003,0.003,0.003,0.003,246262
DDD,20200506,0.002,0.003,0.002,0.003,3370000
DDR,20200506,7.05,7.24,6.98,7.18,191661
DDT,20200506,0.004,0.004,0.004,0.004,75000
DEG,20200506,0.355,0.36,0.35,0.355,3101762
DEM,20200506,0.165,0.18,0.165,0.18,156639
DEV,20200506,0.097,0.097,0.09,0.093,701682
DGO,20200506,1.905,1.905,1.86,1.86,10714
DGR,20200506,0.062,0.063,0.062,0.063,1523122
DHG,20200506,2.75,2.97,2.73,2.85,3425422
DHR,20200506,0.002,0.002,0.002,0.002,514792
DIV,20200506,19.2,19.34,19.2,19.32,2943
DJW,20200506,2.44,2.52,2.44,2.45,54401
DMP,20200506,57.28,57.39,56.42,56.97,172063
DNA,20200506,0.037,0.04,0.037,0.039,68650
DNK,20200506,0.375,0.39,0.36,0.39,150133
DOR,20200506,0.029,0.029,0.02,0.02,159572
DOW,20200506,4.1,4.13,3.99,4,2786862
DRE,20200506,0.005,0.005,0.004,0.005,3064600
DRO,20200506,0.105,0.105,0.1,0.1,519471
DSE,20200506,0.049,0.051,0.049,0.049,1350000
DTC,20200506,0.9,0.9,0.855,0.9,163381
DTL,20200506,4.19,4.23,3.98,4.02,328435
DTM,20200506,0.06,0.06,0.06,0.06,1750
DTS,20200506,0.115,0.115,0.11,0.11,92251
DTZ,20200506,0.049,0.049,0.048,0.048,100000
DUB,20200506,1.03,1.11,0.97,1.08,2857328
DUI,20200506,4.07,4.07,3.98,3.98,57142
DVL,20200506,0.027,0.033,0.027,0.028,765035
DW8,20200506,0.005,0.006,0.005,0.005,1332750
DWS,20200506,0.71,0.715,0.71,0.715,19824
DXB,20200506,0.22,0.24,0.22,0.24,993471
DXN,20200506,0.009,0.01,0.009,0.009,490847
DXS,20200506,8.96,8.99,8.83,8.88,3597014
DYL,20200506,0.27,0.29,0.26,0.275,1482815
E25,20200506,0.2,0.2,0.19,0.2,36230
E2E,20200506,0.001,0.001,0.001,0.001,26780
E2M,20200506,0.165,0.355,0.165,0.19,5791595
EAF,20200506,1.19,1.19,1.19,1.19,119922
EAI,20200506,0.95,0.95,0.945,0.95,89585
EBO,20200506,21.09,21.09,20.98,20.98,2533
ECF,20200506,0.885,0.885,0.877,0.88,499890
ECG,20200506,0.023,0.023,0.023,0.023,1171
ECP,20200506,0.94,0.95,0.94,0.95,36495
ECS,20200506,0.031,0.033,0.03,0.03,1048912
ECT,20200506,0.001,0.001,0.001,0.001,3605000
ECX,20200506,0.635,0.65,0.6,0.61,2766860
EDC,20200506,0.95,0.95,0.95,0.95,12750
EDE,20200506,0.036,0.037,0.036,0.036,469866
EEG,20200506,0.23,0.25,0.23,0.24,86915
EEU,20200506,16.14,16.16,16.14,16.16,10007
EGD,20200506,2.45,2.55,2.45,2.55,28541
EGF,20200506,1.58,1.58,1.58,1.58,148640
EGG,20200506,1.165,1.18,1.165,1.18,700
EGH,20200506,0.285,0.285,0.285,0.285,33718
EGI,20200506,0.965,0.965,0.965,0.965,32500
EGR,20200506,0.06,0.065,0.06,0.062,160008
EHE,20200506,1.45,1.47,1.38,1.405,1114220
EHL,20200506,1.02,1.045,0.982,0.99,3302775
ELD,20200506,9.1,9.215,9.01,9.06,644094
ELO,20200506,7.42,7.98,7.33,7.95,63470
ELS,20200506,0.4,0.4,0.395,0.4,140859
ELT,20200506,0.002,0.002,0.002,0.002,42881
ELX,20200506,0.5,0.5,0.48,0.485,198994
EM1,20200506,0.007,0.007,0.007,0.007,700724
EMD,20200506,0.07,0.07,0.07,0.07,31236
EMH,20200506,0.2,0.2,0.2,0.2,128347
EML,20200506,2.96,3.16,2.96,3.07,6895891
EMN,20200506,0.081,0.081,0.081,0.081,6172
EMR,20200506,0.495,0.5,0.47,0.47,272864
EMT,20200506,0.011,0.012,0.011,0.012,680881
EMU,20200506,0.017,0.017,0.017,0.017,17500
EMV,20200506,0.89,0.89,0.86,0.875,128810
EN1,20200506,0.011,0.011,0.011,0.011,2543016
ENE,20200506,0.044,0.044,0.044,0.044,29590
ENN,20200506,0.9,0.92,0.88,0.92,231626
ENR,20200506,0.11,0.11,0.11,0.11,18500
ENT,20200506,0.01,0.012,0.01,0.012,456250
EOF,20200506,2.83,2.93,2.83,2.9,116944
EOS,20200506,4.25,4.71,4.25,4.71,1337423
EPD,20200506,0.335,0.34,0.335,0.34,39365
EPM,20200506,0.006,0.007,0.006,0.007,640000
EQE,20200506,0.007,0.007,0.007,0.007,371844
EQT,20200506,20.6,20.82,20.6,20.78,7955
EQX,20200506,0.245,0.245,0.245,0.245,38200
ERA,20200506,0.18,0.185,0.18,0.18,564368
ERF,20200506,0.765,0.765,0.75,0.755,148299
ERL,20200506,0.009,0.009,0.009,0.009,689383
ERM,20200506,0.091,0.091,0.089,0.089,111641
ERX,20200506,0.05,0.053,0.05,0.053,1140879
ESE,20200506,0.008,0.009,0.008,0.009,452500
ESH,20200506,0.007,0.007,0.007,0.007,1919016
ETF,20200506,17.9,18.02,17.9,18.02,3137
EUC,20200506,0.017,0.017,0.017,0.017,353477
EUR,20200506,0.044,0.045,0.044,0.045,42729
EVE,20200506,0.005,0.005,0.005,0.005,620000
EVN,20200506,5.25,5.32,5.21,5.24,11723791
EVO,20200506,0.078,0.078,0.075,0.078,669777
EVS,20200506,0.105,0.115,0.105,0.115,1577046
EVT,20200506,7.55,7.63,7.4,7.41,42608
EWC,20200506,0.077,0.077,0.077,0.077,92500
EX1,20200506,0.21,0.21,0.19,0.2,72298
EXL,20200506,0.3,0.345,0.275,0.34,910649
EXP,20200506,0.097,0.097,0.095,0.095,166147
EXR,20200506,0.024,0.024,0.022,0.022,3624255
EZL,20200506,0.83,0.83,0.825,0.83,26352
FAM,20200506,0.035,0.036,0.03,0.03,2358445
FAR,20200506,0.015,0.015,0.014,0.015,8793156
FAU,20200506,0.008,0.008,0.008,0.008,477914
FBR,20200506,0.024,0.025,0.023,0.023,1554989
FBU,20200506,3.4,3.45,3.33,3.36,709639
FCL,20200506,3.1,3.19,3.06,3.16,107227
FCT,20200506,0.071,0.071,0.07,0.07,37214
FDV,20200506,0.935,1.01,0.93,0.995,200262
FEX,20200506,0.051,0.052,0.048,0.048,1129423
FFG,20200506,0.007,0.007,0.007,0.007,1226425
FFL,20200506,0.255,0.255,0.23,0.23,23800
FFR,20200506,0.028,0.032,0.028,0.031,66568
FGG,20200506,1.11,1.125,1.105,1.105,482350
FGO,20200506,0.001,0.001,0.001,0.001,2000000
FGR,20200506,0.125,0.13,0.12,0.12,424090
FGX,20200506,0.91,0.91,0.9,0.905,162015
FHS,20200506,0.028,0.029,0.027,0.027,1324070
FID,20200506,4.52,4.52,4.51,4.52,8575
FIJ,20200506,0.072,0.079,0.068,0.068,1089530
FIN,20200506,0.009,0.009,0.009,0.009,100000
FLC,20200506,0.3,0.3,0.285,0.3,278166
FLN,20200506,0.38,0.38,0.375,0.375,19354
FLT,20200506,10.25,10.25,9.56,10,2867924
FMG,20200506,11.1,11.3,10.96,11.26,8510252
FMS,20200506,0.025,0.026,0.024,0.026,1059601
FNP,20200506,4.38,4.45,4.24,4.45,1150558
FNT,20200506,0.008,0.008,0.008,0.008,1542318
FOD,20200506,0.06,0.064,0.06,0.063,699855
FOR,20200506,0.75,0.77,0.74,0.77,30931
FPC,20200506,0.76,0.76,0.755,0.755,30000
FPH,20200506,26.5,27.11,26.45,26.95,954192
FPL,20200506,0.004,0.005,0.004,0.004,1143333
FPP,20200506,0.7,0.7,0.685,0.685,9112
FRI,20200506,0.65,0.65,0.65,0.65,15117
FSA,20200506,0.89,0.89,0.885,0.885,24761
FSF,20200506,3.49,3.49,3.45,3.45,13124
FSG,20200506,0.032,0.039,0.028,0.033,7989075
FTC,20200506,0.079,0.079,0.079,0.079,7367
FTT,20200506,0.003,0.003,0.003,0.003,13666877
FWD,20200506,1.415,1.42,1.4,1.42,12028
FXL,20200506,0.92,0.925,0.857,0.88,2478184
FYI,20200506,0.062,0.064,0.062,0.064,244792
FZO,20200506,0.13,0.13,0.13,0.13,305898
G1A,20200506,0.255,0.255,0.235,0.24,418407
GAL,20200506,0.255,0.255,0.25,0.255,599347
GAP,20200506,0.15,0.152,0.15,0.15,43500
GAS,20200506,0.36,0.36,0.36,0.36,90000
GBE,20200506,0.011,0.011,0.011,0.011,2705
GBR,20200506,0.036,0.036,0.036,0.036,15000
GBZ,20200506,0.081,0.083,0.08,0.08,84799
GC1,20200506,0.68,0.68,0.65,0.65,27357
GCI,20200506,1.68,1.72,1.68,1.72,142656
GDF,20200506,0.9,0.925,0.9,0.9,179592
GDI,20200506,1.02,1.04,1.005,1.015,888849
GDX,20200506,53.06,54.59,53.06,54.37,27404
GED,20200506,0.008,0.017,0.008,0.013,41039380
GEM,20200506,0.845,0.895,0.822,0.895,11643902
GES,20200506,0.017,0.017,0.016,0.016,306569
GEV,20200506,0.06,0.06,0.056,0.056,333048
GFL,20200506,1.72,1.72,1.72,1.72,1407
GGG,20200506,0.12,0.12,0.112,0.115,564770
GGX,20200506,0.002,0.002,0.002,0.002,250000
GIB,20200506,0.035,0.035,0.035,0.035,40000
GLA,20200506,0.001,0.001,0.001,0.001,500000
GLE,20200506,0.12,0.12,0.12,0.12,10000
GLL,20200506,0.38,0.38,0.38,0.38,2360
GLN,20200506,0.155,0.155,0.15,0.15,76398
GLV,20200506,0.001,0.001,0.001,0.001,500000
GMA,20200506,2.07,2.11,2.03,2.08,418213
GMD,20200506,0.034,0.034,0.034,0.034,264571
GMG,20200506,13.39,13.69,13.27,13.6,3531242
GMR,20200506,0.007,0.007,0.007,0.007,1242857
GMV,20200506,0.105,0.105,0.1,0.105,2915104
GNC,20200506,3.55,3.61,3.5,3.58,1175412
GNE,20200506,2.74,2.76,2.73,2.75,9766
GNG,20200506,0.635,0.66,0.63,0.66,13928
GNM,20200506,0.007,0.007,0.006,0.007,1477636
GNX,20200506,0.195,0.195,0.185,0.195,232065
GO2,20200506,0.049,0.051,0.042,0.042,2205688
GOR,20200506,1.6,1.62,1.555,1.585,7758065
GOW,20200506,1.365,1.4,1.365,1.4,233
GOZ,20200506,2.89,3,2.89,2.96,1116448
GPR,20200506,0.415,0.415,0.405,0.405,2582533
GPT,20200506,3.79,3.92,3.79,3.87,4681219
GRB,20200506,0.052,0.052,0.051,0.052,504969
GRL,20200506,0.15,0.175,0.14,0.165,414462
GRR,20200506,0.225,0.23,0.22,0.22,766239
GRV,20200506,0.022,0.022,0.022,0.022,66917
GSM,20200506,0.14,0.15,0.14,0.15,81142
GSS,20200506,1.97,2.01,1.945,1.985,229330
GSW,20200506,0.855,0.865,0.775,0.81,314169
GTE,20200506,0.001,0.002,0.001,0.002,2564534
GTG,20200506,0.005,0.006,0.005,0.006,2486014
GTK,20200506,1.37,1.38,1.36,1.375,20465
GTN,20200506,0.39,0.39,0.38,0.38,25188
GTR,20200506,0.022,0.028,0.02,0.023,62747578
GUD,20200506,8.65,8.79,8.5,8.55,195110
GVF,20200506,0.925,0.925,0.925,0.925,23826
GWA,20200506,2.53,2.6,2.52,2.6,516954
GWR,20200506,0.063,0.063,0.06,0.06,120200
GXY,20200506,0.735,0.735,0.715,0.72,1231431
HAS,20200506,0.057,0.059,0.056,0.057,2256121
HAV,20200506,0.1,0.1,0.1,0.1,101670
HAW,20200506,0.135,0.135,0.13,0.13,61308
HCD,20200506,0.03,0.03,0.03,0.03,11179
HCH,20200506,0.02,0.02,0.018,0.02,8628464
HCT,20200506,0.175,0.175,0.16,0.16,1574448
HE8,20200506,0.088,0.088,0.084,0.086,1233018
HFR,20200506,0.39,0.39,0.34,0.34,71913
HGO,20200506,0.037,0.038,0.035,0.038,528510
HIL,20200506,0.19,0.205,0.18,0.19,160728
HIT,20200506,1.33,1.37,1.315,1.37,31964
HLA,20200506,0.77,0.785,0.74,0.75,19911
HLO,20200506,1.545,1.565,1.5,1.52,610865
HLS,20200506,2.45,2.47,2.42,2.46,1971337
HLX,20200506,0.007,0.007,0.007,0.007,11120
HM1,20200506,2.83,2.83,2.78,2.79,133536
HMC,20200506,2.53,2.62,2.5,2.58,125634
HMD,20200506,0.105,0.12,0.105,0.115,41166
HMX,20200506,0.021,0.022,0.021,0.022,195000
HNR,20200506,0.006,0.007,0.006,0.007,349385
HOT,20200506,0.1,0.1,0.1,0.1,76000
HPI,20200506,2.55,2.55,2.45,2.54,180448
HPR,20200506,0.069,0.069,0.069,0.069,181
HRL,20200506,0.09,0.091,0.09,0.09,150716
HRR,20200506,0.044,0.044,0.039,0.042,581065
HRZ,20200506,0.079,0.08,0.078,0.08,308083
HSC,20200506,0.005,0.006,0.005,0.006,1500000
HSN,20200506,2.83,2.84,2.795,2.84,234141
HT1,20200506,1.14,1.19,1.11,1.11,24253
HT8,20200506,0.034,0.034,0.03,0.031,2197243
HTA,20200506,0.145,0.145,0.14,0.14,1642
HTG,20200506,0.14,0.145,0.135,0.145,156983
HUB,20200506,9.98,10.11,9.82,9.89,172252
HUO,20200506,3.24,3.37,3.24,3.28,10450
HVM,20200506,0.25,0.25,0.24,0.24,209566
HVN,20200506,2.85,2.93,2.8,2.9,6831422
HWH,20200506,0.026,0.029,0.026,0.029,1329904
HWK,20200506,0.008,0.008,0.007,0.007,8592890
HXG,20200506,0.065,0.065,0.062,0.062,158080
HYD,20200506,0.105,0.11,0.098,0.098,621132
HZN,20200506,0.051,0.051,0.049,0.05,1511567
HZR,20200506,0.41,0.435,0.41,0.435,372123
IAA,20200506,91.29,92.19,91,92.19,9095
IAF,20200506,116.16,116.2,115.95,116.06,24788
IAG,20200506,5.48,5.51,5.335,5.38,4238082
IAP,20200506,1.01,1.025,1.01,1.017,194431
IBC,20200506,0.43,0.43,0.415,0.415,8755
IBG,20200506,0.008,0.008,0.008,0.008,260380
IBX,20200506,0.018,0.02,0.017,0.018,30906482
ICE,20200506,0.17,0.17,0.16,0.165,83250
ICG,20200506,0.001,0.001,0.001,0.001,483012
ICI,20200506,0.021,0.021,0.021,0.021,36166
ICN,20200506,0.01,0.01,0.01,0.01,75000
ICQ,20200506,0.205,0.205,0.202,0.205,33211
ICS,20200506,1.83,1.83,1.83,1.83,3000
ICT,20200506,0.039,0.039,0.039,0.039,100000
ICU,20200506,0.004,0.004,0.004,0.004,9323
IDA,20200506,0.024,0.024,0.024,0.024,83333
IDT,20200506,0.155,0.155,0.15,0.15,52108
IDX,20200506,3.2,3.2,3.06,3.18,1161885
IDZ,20200506,0.006,0.006,0.005,0.005,124000
IEL,20200506,15.2,15.28,14.98,15,681057
IEM,20200506,57,57,55.73,56.25,46922
IEU,20200506,56.5,56.67,55.61,56.56,19283
IFL,20200506,4.3,4.3,4.18,4.29,1216245
IFM,20200506,1.645,1.65,1.585,1.6,1223037
IFN,20200506,0.535,0.56,0.52,0.52,2483430
IFT,20200506,4.3,4.35,4.2,4.25,6352
IGB,20200506,115.02,115.02,114.65,114.65,1448
IGL,20200506,0.705,0.71,0.67,0.685,698608
IGN,20200506,0.02,0.02,0.02,0.02,34583
IGO,20200506,4.6,4.71,4.59,4.68,2189603
IHD,20200506,10.82,10.82,10.74,10.78,37090
IHL,20200506,0.052,0.053,0.05,0.05,1194233
IJH,20200506,251.08,251.08,248.19,250.75,4022
IJP,20200506,79.53,79.82,79.25,79.5,8116
IJR,20200506,94.65,95.04,93.61,95.04,3813
IKO,20200506,80.52,80.82,79.97,80.43,1686
ILB,20200506,123.35,124.23,123.01,123.52,1611
ILC,20200506,21.14,21.14,20.82,21.02,6534
ILU,20200506,7.28,7.44,7.22,7.41,1302458
IMA,20200506,0.16,0.16,0.155,0.16,153487
IMC,20200506,0.087,0.087,0.083,0.086,52584
IMD,20200506,1.02,1.03,0.975,1.03,2247219
IME,20200506,0.032,0.032,0.031,0.031,953393
IMM,20200506,0.14,0.14,0.135,0.135,4167677
IMR,20200506,1.225,1.225,1.225,1.225,669792
IMS,20200506,0.004,0.004,0.004,0.004,17500
IMU,20200506,0.03,0.032,0.03,0.031,22998775
INA,20200506,3.6,3.71,3.59,3.61,1339513
INF,20200506,0.034,0.038,0.03,0.038,127670
ING,20200506,3.21,3.28,3.17,3.25,1450600
INP,20200506,0.009,0.009,0.009,0.009,59069
INR,20200506,0.13,0.13,0.12,0.12,1859510
IOO,20200506,76.99,76.99,75.75,76.19,21547
IOZ,20200506,22.11,22.12,21.89,22.04,268203
IP1,20200506,0.007,0.007,0.007,0.007,637190
IPD,20200506,0.04,0.04,0.039,0.04,11287772
IPH,20200506,7.27,7.35,7.16,7.25,582834
IPL,20200506,2.28,2.32,2.225,2.27,2990625
IPT,20200506,0.008,0.009,0.008,0.009,1159497
IRD,20200506,0.047,0.047,0.047,0.047,694
IRE,20200506,10.88,11.1,10.78,10.86,515597
IRI,20200506,3.19,3.25,3.16,3.18,241308
ISD,20200506,0.14,0.14,0.14,0.14,111848
ISO,20200506,4.09,4.1,4.075,4.08,14081
ISU,20200506,0.21,0.215,0.205,0.215,74256
ITG,20200506,0.28,0.28,0.26,0.26,35240
IVC,20200506,10.58,10.64,10.4,10.4,439356
IVE,20200506,86.86,86.97,85.88,86.53,4362
IVR,20200506,0.012,0.012,0.011,0.011,4611173
IVV,20200506,447.01,447.93,444.64,447.38,13217
IVX,20200506,0.008,0.008,0.008,0.008,864450
IVZ,20200506,0.023,0.023,0.023,0.023,115000
IXC,20200506,1.35,1.49,1.35,1.43,104230
IXI,20200506,77.78,77.8,77.15,77.15,104602
IXJ,20200506,105,106.18,104.5,105.18,86741
IXR,20200506,0.005,0.005,0.005,0.005,232914
IZZ,20200506,58.9,59.77,58.75,59.75,3167
JAL,20200506,0.14,0.14,0.14,0.14,14200
JAN,20200506,0.28,0.285,0.27,0.27,325737
JAT,20200506,0.045,0.046,0.044,0.044,1362126
JAY,20200506,0.11,0.11,0.11,0.11,5160
JBH,20200506,35.82,36.6,34.57,35.1,1178329
JCS,20200506,0.03,0.03,0.03,0.03,13939
JDR,20200506,0.011,0.011,0.011,0.011,1806015
JHC,20200506,0.53,0.54,0.515,0.535,399394
JHG,20200506,28.7,28.83,28.2,28.42,340799
JHL,20200506,0.025,0.025,0.025,0.025,40000
JHX,20200506,21.21,21.36,20.335,20.6,2980033
JIN,20200506,11.9,12.72,11.78,12.71,762916
JLG,20200506,2.28,2.28,2.21,2.22,419906
JMS,20200506,0.285,0.285,0.265,0.275,1657917
JPR,20200506,0.08,0.115,0.053,0.053,6448008
JRV,20200506,0.22,0.225,0.205,0.21,2072238
JXT,20200506,0.045,0.045,0.043,0.043,26888
JYC,20200506,0.95,0.95,0.95,0.95,5719
KAI,20200506,0.011,0.011,0.011,0.011,30000
KAM,20200506,0.031,0.031,0.029,0.029,47500
KAR,20200506,0.57,0.59,0.54,0.54,7316372
KAU,20200506,0.25,0.28,0.245,0.26,1092220
KCN,20200506,0.405,0.41,0.39,0.395,406614
KEY,20200506,0.004,0.004,0.004,0.004,635001
KFE,20200506,0.033,0.033,0.032,0.032,606583
KGL,20200506,0.175,0.175,0.175,0.175,2878
KGM,20200506,0.009,0.009,0.009,0.009,605917
KGN,20200506,8.01,8.3,7.98,8.29,1017309
KIN,20200506,0.08,0.08,0.069,0.074,363816
KIS,20200506,0.04,0.04,0.04,0.04,12760
KKC,20200506,1.705,1.73,1.605,1.65,914537
KLA,20200506,65.45,66.45,64.88,66.2,1513
KMD,20200506,0.815,0.895,0.81,0.865,8055612
KME,20200506,0.925,0.96,0.92,0.955,69030
KMT,20200506,0.005,0.005,0.005,0.005,333333
KNM,20200506,0.017,0.017,0.016,0.017,665500
KNO,20200506,0.067,0.067,0.067,0.067,8742
KOR,20200506,0.007,0.007,0.007,0.007,166047
KOV,20200506,3.7,3.7,3.58,3.58,1614
KP2,20200506,0.015,0.015,0.014,0.014,175346
KPG,20200506,0.82,0.835,0.82,0.835,4500
KPO,20200506,0.023,0.024,0.022,0.024,1749367
KPT,20200506,0.89,0.89,0.89,0.89,9500
KRM,20200506,0.034,0.036,0.034,0.036,1846881
KRR,20200506,0.052,0.053,0.049,0.051,6567049
KSC,20200506,1.455,1.455,1.455,1.455,1433
KSL,20200506,0.885,0.89,0.87,0.875,223730
KSN,20200506,0.145,0.15,0.14,0.15,194874
KSS,20200506,0.185,0.19,0.18,0.185,96574
KTA,20200506,0.03,0.032,0.03,0.03,918420
KTE,20200506,0.005,0.005,0.005,0.005,575000
KTG,20200506,0.145,0.145,0.12,0.135,96898
KWR,20200506,0.14,0.145,0.135,0.14,184291
KYK,20200506,0.079,0.083,0.078,0.083,38695
KZA,20200506,0.395,0.395,0.375,0.38,402120
KZR,20200506,0.41,0.495,0.41,0.47,731176
LAM,20200506,0.3,0.35,0.3,0.35,5605
LAU,20200506,0.35,0.35,0.35,0.35,14000
LAW,20200506,0.041,0.041,0.04,0.04,428500
LBL,20200506,0.45,0.45,0.4,0.42,82908
LBT,20200506,0.11,0.11,0.11,0.11,20197
LCK,20200506,0.09,0.09,0.089,0.09,634570
LCL,20200506,0.056,0.056,0.05,0.052,986976
LCM,20200506,0.14,0.145,0.12,0.145,571040
LCT,20200506,0.015,0.015,0.013,0.013,52025
LCY,20200506,0.002,0.002,0.002,0.002,45000
LEG,20200506,0.175,0.18,0.175,0.175,2674828
LEP,20200506,4.16,4.16,4.09,4.14,134253
LER,20200506,0.02,0.02,0.02,0.02,15000
LEX,20200506,0.165,0.165,0.165,0.165,3250
LGP,20200506,0.315,0.34,0.305,0.305,227255
LI3,20200506,0.021,0.021,0.019,0.019,897820
LIC,20200506,7.75,7.75,7.5,7.7,46871
LIN,20200506,0.014,0.014,0.013,0.013,1595500
LIO,20200506,0.02,0.02,0.02,0.02,25000
LIT,20200506,0.045,0.053,0.045,0.05,6374760
LKE,20200506,0.035,0.037,0.035,0.037,1807403
LLC,20200506,11.7,11.71,11.29,11.68,2849765
LLO,20200506,1.435,1.435,1.435,1.435,1490
LMG,20200506,0.006,0.007,0.006,0.007,149131
LNK,20200506,3.65,3.65,3.54,3.6,1194133
LNU,20200506,0.013,0.014,0.012,0.012,5841115
LNY,20200506,0.004,0.004,0.004,0.004,2060000
LOM,20200506,0.048,0.049,0.047,0.049,502526
LON,20200506,0.13,0.145,0.13,0.13,117312
LOT,20200506,0.073,0.075,0.07,0.073,1796351
LOV,20200506,7.06,7.34,6.92,7.16,346645
LPD,20200506,0.007,0.007,0.007,0.007,13553254
LPE,20200506,0.205,0.205,0.205,0.205,5000
LPI,20200506,0.135,0.135,0.12,0.135,450535
LRS,20200506,0.003,0.004,0.003,0.004,1699334
LRT,20200506,0.63,0.63,0.63,0.63,18030
LSA,20200506,0.005,0.005,0.005,0.005,2132865
LSF,20200506,1.095,1.105,1.07,1.08,1587122
LSH,20200506,0.032,0.032,0.031,0.032,88322
LSR,20200506,0.006,0.007,0.005,0.005,7177830
LSX,20200506,0.42,0.425,0.42,0.425,40998
LTR,20200506,0.105,0.12,0.105,0.12,8731772
LVE,20200506,0.05,0.05,0.05,0.05,29769
LVH,20200506,0.23,0.23,0.2,0.23,265897
LVT,20200506,0.22,0.225,0.22,0.225,708080
LYC,20200506,1.775,1.842,1.75,1.815,6649911
LYL,20200506,4.35,4.35,4.33,4.35,3878
M7T,20200506,0.545,0.565,0.5,0.555,541820
M8S,20200506,0.096,0.096,0.096,0.096,8273
MA1,20200506,0.95,0.95,0.945,0.95,72920
MAD,20200506,0.76,0.79,0.75,0.79,14457
MAG,20200506,0.3,0.3,0.275,0.285,999493
MAH,20200506,0.215,0.22,0.215,0.22,2534127
MAI,20200506,0.385,0.385,0.38,0.38,15576
MAN,20200506,0.019,0.02,0.018,0.02,4383130
MAQ,20200506,27.1,27.75,27.1,27.75,5515
MAR,20200506,0.06,0.061,0.06,0.061,30525
MAT,20200506,0.115,0.115,0.115,0.115,118879
MAU,20200506,0.77,0.77,0.75,0.765,40292
MAY,20200506,0.004,0.004,0.004,0.004,358700
MBK,20200506,0.008,0.008,0.008,0.008,154334
MCA,20200506,0.125,0.125,0.12,0.125,45028
MCM,20200506,0.15,0.15,0.15,0.15,1000
MCP,20200506,2.7,2.7,2.58,2.63,149826
MCR,20200506,0.615,0.62,0.6,0.62,343928
MCY,20200506,4.31,4.38,4.21,4.38,2896
MDC,20200506,0.23,0.24,0.23,0.24,7341
MDI,20200506,0.012,0.012,0.012,0.012,4099241
MDR,20200506,0.49,0.56,0.49,0.56,979876
MEA,20200506,0.185,0.185,0.18,0.18,7459
MEB,20200506,0.007,0.007,0.007,0.007,1219211
MEI,20200506,0.012,0.013,0.012,0.013,3055806
MEL,20200506,0.024,0.024,0.024,0.024,40000
MEM,20200506,0.06,0.06,0.056,0.056,559284
MEP,20200506,0.042,0.044,0.042,0.044,129880
MEU,20200506,0.042,0.044,0.042,0.044,878719
MEY,20200506,0.068,0.07,0.068,0.069,231147
MEZ,20200506,4.24,4.29,4.18,4.29,22505
MFD,20200506,0.73,0.73,0.72,0.72,22582
MFF,20200506,2.9,2.92,2.86,2.89,290526
MFG,20200506,51.01,52.65,50.17,52.38,849200
MGC,20200506,0.445,0.445,0.445,0.445,205
MGE,20200506,3.99,4.04,3.99,4.04,450780
MGG,20200506,1.76,1.775,1.74,1.755,1398696
MGR,20200506,2.17,2.19,2.135,2.18,10972728
MGT,20200506,0.002,0.002,0.001,0.001,4345050
MGV,20200506,0.11,0.11,0.105,0.11,3598539
MGX,20200506,0.605,0.625,0.6,0.6,1628140
MHC,20200506,0.01,0.012,0.01,0.011,33174479
MHG,20200506,3.3,3.31,3.29,3.31,383817
MHH,20200506,1.415,1.425,1.395,1.41,379316
MHJ,20200506,0.33,0.33,0.325,0.325,128819
MIN,20200506,16.51,16.87,16.36,16.59,578896
MIO,20200506,0.1,0.125,0.1,0.125,129361
MIR,20200506,2.15,2.15,2.11,2.11,11036
MKG,20200506,0.042,0.042,0.042,0.042,462
MLD,20200506,0.77,0.77,0.74,0.755,117564
MLL,20200506,0.065,0.065,0.065,0.065,18306
MLT,20200506,3.87,3.87,3.82,3.86,358322
MLX,20200506,0.08,0.087,0.079,0.084,32205895
MME,20200506,0.97,1.1,0.97,1.065,153855
MMI,20200506,0.095,0.096,0.093,0.094,275948
MMJ,20200506,0.125,0.13,0.125,0.125,327085
MML,20200506,0.68,0.7,0.68,0.69,194305
MMM,20200506,1.16,1.195,1.135,1.16,819420
MMS,20200506,6.75,7.25,6.49,7.16,615551
MND,20200506,9.47,9.95,9.39,9.9,841403
MNF,20200506,4.92,4.94,4.8,4.89,34553
MNS,20200506,0.052,0.052,0.05,0.051,189636
MNW,20200506,0.005,0.005,0.004,0.004,3655681
MNY,20200506,1.475,1.545,1.43,1.53,936349
MOC,20200506,0.655,0.675,0.64,0.65,129567
MOE,20200506,2.4,2.47,2.35,2.44,848132
MOH,20200506,0.069,0.069,0.067,0.067,114500
MOQ,20200506,0.145,0.145,0.145,0.145,5490
MOT,20200506,1.67,1.75,1.67,1.715,219249
MOZ,20200506,0.57,0.575,0.56,0.57,76866
MP1,20200506,12.3,13.54,12.3,13.22,755204
MPH,20200506,0.175,0.175,0.15,0.15,8513
MPL,20200506,2.67,2.77,2.66,2.76,18259742
MPP,20200506,0.18,0.18,0.165,0.165,41941
MPR,20200506,0.011,0.011,0.011,0.011,16776
MPW,20200506,0.038,0.038,0.037,0.037,144000
MQG,20200506,100.2,100.39,98.43,99.45,868205
MQR,20200506,0.039,0.045,0.039,0.045,22544
MRC,20200506,0.24,0.255,0.24,0.255,22030
MRG,20200506,0.014,0.014,0.014,0.014,429478
MRM,20200506,0.078,0.078,0.076,0.078,353330
MRQ,20200506,0.007,0.007,0.006,0.006,2400000
MRZ,20200506,0.17,0.17,0.17,0.17,33902
MSB,20200506,3.33,3.71,3.25,3.69,15917901
MSE,20200506,0.009,0.01,0.009,0.01,2706567
MSG,20200506,0.015,0.015,0.015,0.015,382993
MSM,20200506,0.012,0.012,0.012,0.012,500000
MSR,20200506,0.004,0.004,0.003,0.004,6217524
MSV,20200506,0.39,0.39,0.38,0.38,189493
MTB,20200506,0.002,0.002,0.002,0.002,2385714
MTC,20200506,0.16,0.16,0.14,0.15,513549
MTH,20200506,0.006,0.007,0.006,0.007,783578
MTO,20200506,0.755,0.775,0.725,0.73,47266
MTS,20200506,2.43,2.44,2.35,2.37,5327069
MVA,20200506,17.26,17.37,17.105,17.37,14754
MVB,20200506,18.32,18.32,17.88,17.97,15408
MVE,20200506,24.29,24.41,24.23,24.41,7150
MVF,20200506,0.585,0.585,0.56,0.565,4135815
MVP,20200506,7.78,7.85,7.54,7.54,171408
MVR,20200506,24.72,24.72,24.54,24.71,4847
MVS,20200506,16.2,16.21,15.86,15.98,50466
MVW,20200506,24.8,24.86,24.64,24.81,153262
MWR,20200506,0.09,0.09,0.089,0.09,83611
MWY,20200506,0.95,0.965,0.92,0.92,27533
MX1,20200506,0.145,0.145,0.14,0.14,468332
MXC,20200506,0.027,0.027,0.026,0.026,1488049
MXI,20200506,0.15,0.15,0.15,0.15,90236
MXR,20200506,0.031,0.031,0.03,0.03,13400
MXT,20200506,1.875,1.89,1.85,1.85,676296
MYE,20200506,0.75,0.77,0.75,0.755,10064
MYL,20200506,0.04,0.043,0.039,0.043,1128212
MYQ,20200506,0.19,0.19,0.18,0.18,140849
MYR,20200506,0.195,0.195,0.19,0.19,4991870
MYS,20200506,3.85,3.87,3.73,3.77,44993
MYX,20200506,0.405,0.425,0.4,0.425,7792432
MZZ,20200506,0.235,0.235,0.19,0.19,2233222
NAB,20200506,16.81,16.87,16.38,16.59,13486052
NAG,20200506,0.051,0.051,0.05,0.051,390848
NAM,20200506,0.28,0.28,0.28,0.28,1486
NAN,20200506,6.68,6.78,6.64,6.72,492932
NBI,20200506,1.64,1.65,1.62,1.635,366217
NC6,20200506,0.033,0.033,0.032,0.032,62121
NCC,20200506,0.76,0.79,0.76,0.79,24239
NCK,20200506,4.45,4.73,4.39,4.66,314654
NCM,20200506,28.49,29.23,28.16,28.65,8288178
NCR,20200506,0.007,0.007,0.007,0.007,100000
NCZ,20200506,0.165,0.175,0.16,0.175,4481448
NDQ,20200506,23.65,23.67,23.5,23.66,200214
NEA,20200506,1.53,1.662,1.515,1.66,7369137
NEC,20200506,1.39,1.42,1.377,1.39,4248560
NES,20200506,0.039,0.039,0.035,0.035,336809
NET,20200506,0.047,0.047,0.041,0.041,7513029
NEU,20200506,1.52,1.76,1.51,1.72,242440
NEW,20200506,1.07,1.095,1.06,1.06,239813
NGI,20200506,1.3,1.302,1.26,1.28,443957
NHC,20200506,1.4,1.427,1.385,1.42,2862158
NHF,20200506,4.83,4.93,4.79,4.82,856653
NIC,20200506,0.56,0.565,0.545,0.565,55824704
NML,20200506,0.105,0.107,0.105,0.105,476716
NMT,20200506,0.155,0.16,0.15,0.155,758338
NNT,20200506,0.055,0.058,0.055,0.058,97866
NOR,20200506,0.026,0.027,0.026,0.027,127617
NOV,20200506,0.165,0.17,0.165,0.17,88708
NOX,20200506,0.19,0.195,0.19,0.195,80574
NSB,20200506,0.19,0.19,0.185,0.185,42701
NSC,20200506,0.475,0.475,0.46,0.47,132366
NSR,20200506,1.57,1.6,1.55,1.58,16850632
NST,20200506,12.92,13.14,12.755,12.9,2883069
NSX,20200506,0.12,0.12,0.115,0.12,115584
NTD,20200506,0.255,0.255,0.25,0.25,105328
NTI,20200506,0.008,0.008,0.008,0.008,78500
NTL,20200506,0.007,0.007,0.007,0.007,164216
NTM,20200506,0.08,0.08,0.077,0.078,684646
NTO,20200506,1.45,1.465,1.395,1.4,138179
NTU,20200506,0.023,0.023,0.022,0.023,3580846
NUC,20200506,3.1,3.12,3.09,3.1,35241
NUF,20200506,5.12,5.17,5.02,5.09,780815
NUH,20200506,0.017,0.017,0.016,0.016,644259
NUS,20200506,0.235,0.235,0.225,0.23,394785
NVA,20200506,0.054,0.054,0.053,0.053,3350253
NVO,20200506,0.008,0.008,0.008,0.008,1515278
NVU,20200506,0.12,0.125,0.09,0.093,3364749
NVX,20200506,0.35,0.355,0.35,0.355,77692
NWC,20200506,0.014,0.014,0.014,0.014,1294320
NWE,20200506,0.002,0.003,0.002,0.003,716666
NWF,20200506,0.175,0.19,0.175,0.19,3398
NWH,20200506,1.55,1.56,1.45,1.46,3980487
NWL,20200506,7.31,7.57,7.2,7.33,405401
NWS,20200506,15.1,15.61,15.1,15.61,221525
NXS,20200506,1.73,1.75,1.685,1.75,175630
NXT,20200506,9.4,9.59,9.325,9.52,3556893
NZK,20200506,1.9,1.9,1.7,1.775,1723
NZM,20200506,0.185,0.185,0.185,0.185,2705
NZS,20200506,0.015,0.015,0.015,0.015,450000
OAR,20200506,0.002,0.002,0.002,0.002,17367544
OAU,20200506,0.02,0.02,0.017,0.017,487814
OBL,20200506,3.96,4.06,3.77,3.95,704827
OBM,20200506,0.18,0.18,0.18,0.18,705600
OCA,20200506,0.73,0.73,0.71,0.71,40000
OCC,20200506,0.33,0.335,0.32,0.33,339840
OCL,20200506,6.1,6.34,6.1,6.24,30067
OEC,20200506,0.8,0.86,0.8,0.86,222124
OEL,20200506,0.007,0.007,0.006,0.006,18203294
OFX,20200506,1.255,1.265,1.235,1.25,216406
OGC,20200506,2.45,2.5,2.43,2.47,272067
OIL,20200506,0.039,0.041,0.039,0.041,786819
OKU,20200506,0.32,0.33,0.32,0.325,1467717
OLI,20200506,0.046,0.055,0.044,0.055,2078759
OLL,20200506,0.21,0.22,0.21,0.22,542810
OMH,20200506,0.345,0.352,0.345,0.345,37988
OML,20200506,0.98,1.015,0.94,0.96,5773067
ONE,20200506,0.051,0.051,0.049,0.049,86700
ONT,20200506,5.02,5.02,5.02,5.02,193
ONX,20200506,0.055,0.055,0.05,0.052,218000
OOO,20200506,3.16,3.18,3,3.01,2518011
OPC,20200506,4.53,4.6,4.48,4.51,21808
OPH,20200506,2.28,2.3,2.27,2.29,123408
OPL,20200506,0.073,0.073,0.073,0.073,474
OPT,20200506,2.61,2.67,2.49,2.59,448039
OPY,20200506,1.205,1.205,1.14,1.16,601598
ORA,20200506,2.49,2.51,2.41,2.45,4063578
ORE,20200506,2.1,2.15,2.08,2.13,1116296
ORG,20200506,5.64,5.65,5.49,5.57,6045454
ORI,20200506,17.01,17.6,16.88,17.23,1128484
OSH,20200506,3.07,3.09,2.91,2.95,12374632
OSL,20200506,0.11,0.12,0.105,0.11,6454329
OSP,20200506,0.01,0.01,0.01,0.01,598398
OSX,20200506,0.6,0.6,0.59,0.59,8971
OTW,20200506,2.68,2.7,2.6,2.68,29460
OVH,20200506,0.23,0.235,0.215,0.235,319025
OVN,20200506,0.29,0.295,0.28,0.28,174129
OVT,20200506,0.016,0.017,0.016,0.017,221428
OZF,20200506,13.73,13.82,13.73,13.82,4382
OZL,20200506,8.47,8.63,8.47,8.55,928581
OZR,20200506,9.69,9.76,9.69,9.76,27589
PAA,20200506,0.105,0.105,0.1,0.1,247925
PAC,20200506,4.73,4.81,4.7,4.73,38668
PAF,20200506,0.695,0.695,0.692,0.695,21886
PAI,20200506,0.98,0.98,0.962,0.965,222823
PAL,20200506,0.72,0.72,0.64,0.64,25953
PAR,20200506,1.88,2.16,1.86,2.14,2722148
PBH,20200506,4.58,4.65,4.24,4.33,1173979
PBP,20200506,1.94,1.945,1.905,1.91,23631
PCI,20200506,0.92,0.96,0.92,0.935,318121
PCK,20200506,0.15,0.17,0.15,0.17,4350776
PDI,20200506,0.06,0.063,0.058,0.059,11886877
PDL,20200506,5.28,5.38,5.25,5.33,783058
PDN,20200506,0.11,0.115,0.105,0.115,7064837
PDZ,20200506,0.135,0.135,0.135,0.135,10000
PE1,20200506,1.39,1.41,1.375,1.405,327570
PEK,20200506,0.02,0.023,0.02,0.02,3502661
PEN,20200506,0.14,0.142,0.135,0.135,445512
PET,20200506,0.49,0.495,0.48,0.485,1388485
PEX,20200506,0.13,0.135,0.125,0.135,44000
PFG,20200506,0.05,0.051,0.05,0.051,210000
PFP,20200506,2.65,2.68,2.645,2.65,38614
PFT,20200506,0.205,0.24,0.2,0.22,862925
PG1,20200506,0.09,0.09,0.09,0.09,5273
PGC,20200506,0.17,0.185,0.165,0.185,529602
PGF,20200506,0.89,0.89,0.865,0.885,181824
PGG,20200506,1.445,1.47,1.44,1.445,281453
PGH,20200506,1.88,1.925,1.805,1.815,439599
PGI,20200506,0.028,0.028,0.028,0.028,163899
PGL,20200506,0.91,0.915,0.895,0.895,77099
PGM,20200506,0.019,0.019,0.017,0.018,1410455
PGR,20200506,0.056,0.056,0.056,0.056,3
PGY,20200506,0.011,0.011,0.011,0.011,181818
PIA,20200506,0.985,0.99,0.98,0.99,67612
PIC,20200506,0.845,0.845,0.825,0.84,211975
PIN,20200506,0.081,0.081,0.081,0.081,160000
PIO,20200506,0.012,0.012,0.012,0.012,47314
PIQ,20200506,0.34,0.35,0.32,0.32,137993
PKD,20200506,0.042,0.042,0.042,0.042,23500
PKO,20200506,0.007,0.007,0.007,0.007,13889
PKS,20200506,0.15,0.155,0.145,0.15,823675
PL8,20200506,1.01,1.01,0.98,0.98,132907
PLL,20200506,0.098,0.105,0.097,0.1,960654
PLS,20200506,0.21,0.21,0.2,0.205,5318510
PM1,20200506,0.014,0.015,0.013,0.013,3678732
PM8,20200506,0.2,0.2,0.185,0.19,388151
PMC,20200506,1.21,1.225,1.195,1.225,374329
PME,20200506,26.13,26.55,25.82,26.5,272119
PMV,20200506,15.37,15.52,14.79,15.14,361878
PMY,20200506,0.005,0.005,0.004,0.004,450000
PNC,20200506,0.22,0.23,0.205,0.23,932703
PNI,20200506,3.53,3.63,3.47,3.61,720511
PNN,20200506,0.002,0.002,0.002,0.002,500001
PNR,20200506,0.14,0.14,0.135,0.135,342159
PNV,20200506,2.32,2.43,2.3,2.41,5253143
PNX,20200506,0.008,0.008,0.008,0.008,383131
PO3,20200506,2.16,2.19,2.16,2.17,4000
POD,20200506,0.022,0.022,0.02,0.02,550296
POS,20200506,0.034,0.034,0.033,0.034,1429459
POU,20200506,18.94,18.94,18.94,18.94,3596
POW,20200506,0.005,0.005,0.005,0.005,1100000
PPC,20200506,0.79,0.795,0.75,0.76,287390
PPE,20200506,1.68,1.83,1.62,1.83,312076
PPG,20200506,0.135,0.135,0.13,0.135,90142
PPH,20200506,4.96,5.24,4.9,5.22,1291726
PPK,20200506,3.01,3.18,2.94,3.15,142702
PPL,20200506,0.006,0.006,0.006,0.006,100000
PPS,20200506,0.32,0.325,0.31,0.31,694315
PPT,20200506,28.5,29.38,28.47,29.12,154340
PRN,20200506,0.88,0.955,0.865,0.945,3365885
PRO,20200506,0.565,0.63,0.54,0.59,135282
PRT,20200506,0.1,0.1,0.1,0.1,5500
PRU,20200506,1,1.01,0.98,0.995,3610481
PRX,20200506,0.037,0.037,0.036,0.036,408943
PSI,20200506,2.26,2.35,2.26,2.3,122047
PSQ,20200506,1.21,1.22,1.2,1.2,26348
PSZ,20200506,0.023,0.023,0.023,0.023,49995
PTB,20200506,0.465,0.485,0.465,0.48,88809
PTL,20200506,0.37,0.38,0.37,0.38,92566
PTM,20200506,3.43,3.47,3.41,3.47,854913
PTX,20200506,0.042,0.044,0.041,0.043,1392495
PUA,20200506,0.014,0.014,0.014,0.014,100000
PVE,20200506,0.043,0.044,0.043,0.044,54880
PWG,20200506,0.88,0.895,0.88,0.895,20252
PWH,20200506,3.67,3.77,3.61,3.69,88271
PWL,20200506,0.145,0.145,0.145,0.145,16744
PWN,20200506,0.004,0.004,0.004,0.004,1650000
PXS,20200506,0.091,0.091,0.09,0.09,47777
PXX,20200506,0.016,0.016,0.015,0.015,1244015
PYC,20200506,0.073,0.073,0.07,0.073,1310560
QAN,20200506,3.64,3.66,3.5,3.5,13057958
QAU,20200506,16.86,16.93,16.83,16.91,55776
QBE,20200506,7.83,7.855,7.68,7.68,5905378
QCB,20200506,6,6.36,5.88,5.91,68343
QFE,20200506,0.25,0.3,0.235,0.27,1351253
QFN,20200506,7.74,7.74,7.66,7.68,3657
QFY,20200506,0.002,0.002,0.001,0.001,11050028
QHL,20200506,0.07,0.07,0.069,0.069,947165
QIP,20200506,1.17,1.2,1.17,1.17,36140
QOZ,20200506,10.57,10.57,10.44,10.5,35914
QRE,20200506,5.32,5.32,5.28,5.305,8473
QRI,20200506,1.4,1.43,1.4,1.41,55244
QTM,20200506,0.041,0.041,0.041,0.041,30000
QUB,20200506,2.57,2.64,2.53,2.55,7132878
QUS,20200506,33.53,33.53,33.53,33.53,2379
QVE,20200506,0.77,0.775,0.76,0.77,476049
RAC,20200506,0.355,0.39,0.345,0.345,288014
RAG,20200506,0.005,0.005,0.005,0.005,73400
RAN,20200506,0.008,0.009,0.008,0.009,386835
RAP,20200506,0.175,0.175,0.165,0.17,462080
RBL,20200506,0.82,0.82,0.775,0.79,520691
RCB,20200506,21.01,21.07,20.99,20.99,11678
RCE,20200506,0.385,0.42,0.375,0.4,207498
RCL,20200506,0.3,0.31,0.3,0.3,78000
RCT,20200506,2.06,2.06,2.06,2.06,46
RDC,20200506,0.64,0.64,0.63,0.64,315137
RDG,20200506,0.023,0.024,0.022,0.024,265000
RDH,20200506,0.525,0.525,0.52,0.52,7000
RDN,20200506,0.007,0.009,0.006,0.006,27397422
RDV,20200506,21.4,21.4,21.31,21.36,3490
RDY,20200506,1.445,1.445,1.435,1.435,1719
REA,20200506,87.35,89.23,86.345,88.28,210298
RED,20200506,0.195,0.205,0.195,0.2,5298781
REE,20200506,0.028,0.028,0.026,0.026,615555
REG,20200506,1.53,1.53,1.44,1.45,572746
REH,20200506,8.2,8.32,8.06,8.11,562826
RES,20200506,0.05,0.05,0.047,0.047,179143
REX,20200506,0.87,0.87,0.82,0.83,38802
REZ,20200506,0.018,0.018,0.017,0.017,3087758
RF1,20200506,2.05,2.1,2.04,2.05,113504
RFF,20200506,1.92,1.94,1.895,1.925,488216
RFG,20200506,0.059,0.078,0.057,0.075,10595416
RFN,20200506,0.002,0.002,0.001,0.002,5544498
RFT,20200506,0.03,0.03,0.03,0.03,721339
RFX,20200506,0.03,0.03,0.03,0.03,192000
RGB,20200506,23.59,23.59,23.55,23.55,1989
RGI,20200506,0.066,0.069,0.066,0.069,56171
RHC,20200506,62.69,62.88,61.65,62.57,410633
RHP,20200506,1.71,1.85,1.695,1.83,1164446
RHT,20200506,0.13,0.13,0.13,0.13,226659
RHY,20200506,0.091,0.091,0.091,0.091,48950
RIC,20200506,0.72,0.72,0.71,0.72,287491
RIM,20200506,0.006,0.007,0.006,0.006,10264999
RIO,20200506,82.65,82.9,81.5,81.99,1369640
RKN,20200506,0.58,0.585,0.58,0.58,18152
RLE,20200506,0.018,0.018,0.017,0.017,1019416
RLG,20200506,0.022,0.023,0.022,0.022,1233994
RLT,20200506,0.945,0.95,0.94,0.95,33953
RMC,20200506,0.86,0.88,0.85,0.87,284973
RMD,20200506,24.5,24.8,24.34,24.7,1980096
RML,20200506,0.065,0.065,0.062,0.064,2217290
RMP,20200506,0.008,0.008,0.008,0.008,362500
RMS,20200506,1.355,1.4,1.325,1.35,7205283
RMY,20200506,0.25,0.26,0.25,0.25,97170
RND,20200506,1.895,1.9,1.895,1.9,6250
RNE,20200506,0.022,0.022,0.022,0.022,110
RNT,20200506,0.041,0.043,0.041,0.042,617346
RNU,20200506,0.008,0.008,0.007,0.008,248575
ROG,20200506,0.001,0.001,0.001,0.001,175400
ROO,20200506,0.02,0.02,0.02,0.02,263091
RRL,20200506,4.7,4.73,4.57,4.67,4190904
RSG,20200506,0.92,0.93,0.91,0.915,6041925
RSH,20200506,0.069,0.069,0.068,0.068,226387
RSM,20200506,21.85,21.85,21.85,21.85,1868
RTE,20200506,0.39,0.395,0.39,0.39,14000
RTR,20200506,0.067,0.068,0.067,0.068,299421
RUL,20200506,0.95,0.955,0.93,0.955,38398
RVR,20200506,0.062,0.063,0.061,0.062,1734601
RWC,20200506,2.45,2.47,2.39,2.45,2088377
RWD,20200506,0.12,0.12,0.12,0.12,1356
RXH,20200506,0.004,0.004,0.004,0.004,168333
RXL,20200506,0.027,0.028,0.024,0.024,12312596
RXM,20200506,0.056,0.057,0.056,0.057,119900
RXP,20200506,0.28,0.28,0.265,0.275,42858
RYD,20200506,1.21,1.21,1.21,1.21,4842
RZI,20200506,0.63,0.645,0.61,0.62,114655
S2R,20200506,0.095,0.099,0.095,0.099,40848
S32,20200506,1.87,1.885,1.84,1.86,9949467
S66,20200506,0.42,0.42,0.42,0.42,11600
SAR,20200506,4.39,4.48,4.3,4.33,4934968
SAU,20200506,0.12,0.12,0.115,0.115,53627
SBM,20200506,2.55,2.57,2.49,2.53,4711678
SBW,20200506,0.067,0.067,0.067,0.067,108715
SCG,20200506,2.16,2.17,2.09,2.13,12397329
SCI,20200506,0.009,0.01,0.009,0.01,2676862
SCL,20200506,0.014,0.015,0.014,0.015,370650
SCP,20200506,2.18,2.21,2.15,2.2,2359463
SCT,20200506,0.045,0.045,0.045,0.045,14391
SDF,20200506,3.03,3.09,2.96,3.01,2655570
SDG,20200506,1.155,1.155,1.15,1.15,11304
SDI,20200506,0.72,0.735,0.72,0.735,50802
SDV,20200506,0.745,0.75,0.71,0.725,770095
SDX,20200506,0.056,0.057,0.055,0.055,100000
SE1,20200506,0.019,0.02,0.018,0.018,1338263
SEC,20200506,1.24,1.25,1.235,1.24,81334
SEI,20200506,0.026,0.032,0.026,0.028,1281233
SEK,20200506,16.65,17.31,16.58,17.17,1654555
SEN,20200506,0.046,0.046,0.046,0.046,336061
SEQ,20200506,0.19,0.19,0.185,0.185,55505
SER,20200506,0.004,0.004,0.004,0.004,523749
SES,20200506,0.06,0.06,0.059,0.059,158000
SFC,20200506,10.35,10.35,10.35,10.35,1063
SFG,20200506,0.055,0.056,0.054,0.056,140700
SFR,20200506,4.17,4.24,4.03,4.14,1162334
SFX,20200506,0.1,0.1,0.1,0.1,123920
SFY,20200506,49.44,49.44,48.75,49.15,48411
SGC,20200506,0.018,0.018,0.015,0.018,352999
SGF,20200506,1.39,1.43,1.335,1.395,230767
SGH,20200506,0.64,0.64,0.59,0.6,14478
SGM,20200506,6.7,6.77,6.61,6.72,525233
SGP,20200506,2.67,2.7,2.6,2.67,9454893
SGR,20200506,2.69,2.705,2.63,2.68,3116774
SHH,20200506,0.003,0.003,0.003,0.003,250000
SHJ,20200506,0.76,0.76,0.76,0.76,22241
SHL,20200506,26.41,26.41,25.86,26.02,1218174
SHM,20200506,0.45,0.45,0.445,0.45,27049
SHV,20200506,7.45,7.5,7.32,7.36,268825
SIG,20200506,0.585,0.585,0.57,0.575,896717
SIH,20200506,0.015,0.015,0.015,0.015,28473
SIO,20200506,0.225,0.23,0.225,0.23,69947
SIQ,20200506,5.35,5.45,5.13,5.25,744711
SIS,20200506,0.016,0.019,0.016,0.019,210000
SIV,20200506,0.605,0.605,0.6,0.6,10000
SKC,20200506,2.39,2.39,2.29,2.33,1244574
SKI,20200506,1.92,1.97,1.92,1.955,7924252
SKN,20200506,0.071,0.079,0.071,0.076,8198534
SKO,20200506,2.13,2.24,2.13,2.16,103280
SKT,20200506,0.285,0.285,0.275,0.285,132265
SKY,20200506,0.335,0.34,0.32,0.32,348193
SLC,20200506,0.825,0.862,0.82,0.845,541965
SLF,20200506,9.78,9.88,9.74,9.88,273154
SLK,20200506,3.45,3.6,3.45,3.58,122765
SLM,20200506,0.85,0.85,0.825,0.825,168858
SLR,20200506,1.925,1.955,1.885,1.9,4894664
SLX,20200506,0.35,0.36,0.345,0.36,505508
SLZ,20200506,0.075,0.075,0.074,0.075,86666
SM1,20200506,6.55,6.59,6.49,6.54,27627
SMI,20200506,0.003,0.003,0.003,0.003,814933
SMN,20200506,0.39,0.4,0.37,0.395,132487
SMP,20200506,0.37,0.37,0.36,0.37,174974
SMR,20200506,1,1.005,1,1.005,4245524
SMX,20200506,0.24,0.265,0.24,0.26,231848
SNC,20200506,0.625,0.63,0.62,0.62,165020
SNS,20200506,0.11,0.11,0.099,0.099,25355
SNZ,20200506,5.54,5.54,5.54,5.54,300
SO4,20200506,0.385,0.41,0.365,0.41,1082117
SOL,20200506,17.69,18.05,17.65,17.97,254881
SOM,20200506,1.13,1.16,1.12,1.12,55782
SOR,20200506,0.055,0.055,0.051,0.051,524443
SP3,20200506,0.072,0.072,0.069,0.069,71001
SPK,20200506,4.15,4.26,4.15,4.23,792269
SPL,20200506,0.99,1.005,0.95,0.96,688126
SPQ,20200506,0.004,0.004,0.004,0.004,114800
SPT,20200506,0.44,0.465,0.435,0.44,2612941
SPX,20200506,0.155,0.16,0.155,0.155,1966145
SPY,20200506,445.84,445.84,443.6,445.19,55
SPZ,20200506,0.1,0.11,0.1,0.11,34800
SRG,20200506,0.235,0.24,0.23,0.235,352619
SRK,20200506,0.043,0.045,0.043,0.045,20063
SRN,20200506,0.002,0.002,0.002,0.002,700000
SRV,20200506,2.45,2.45,2.4,2.4,3324
SRZ,20200506,0.007,0.007,0.007,0.007,323918
SSG,20200506,0.41,0.41,0.405,0.405,45268
SSM,20200506,2.03,2.1,2.03,2.07,3642524
SSO,20200506,12.74,12.74,12.74,12.74,217
ST1,20200506,0.13,0.13,0.12,0.13,1157490
STA,20200506,0.125,0.13,0.125,0.13,19425
STG,20200506,0.865,0.9,0.86,0.9,18066
STN,20200506,0.38,0.4,0.38,0.4,81866
STO,20200506,4.97,4.99,4.79,4.85,10403521
STW,20200506,50.11,50.13,49.59,50.01,125115
STX,20200506,0.135,0.14,0.135,0.14,3953583
SUL,20200506,6.22,6.33,6.05,6.14,1007402
SUN,20200506,8.88,8.88,8.61,8.7,2662709
SVA,20200506,0.024,0.024,0.022,0.022,50000
SVL,20200506,0.08,0.084,0.08,0.083,2431382
SVM,20200506,0.12,0.125,0.12,0.125,62502
SVW,20200506,13.8,14.35,13.8,14.23,666109
SVY,20200506,0.405,0.405,0.385,0.395,340793
SW1,20200506,0.018,0.018,0.017,0.017,329576
SWF,20200506,0.23,0.235,0.22,0.225,1721415
SWK,20200506,0.125,0.125,0.125,0.125,40000
SWM,20200506,0.085,0.088,0.083,0.086,6221075
SXA,20200506,0.05,0.05,0.05,0.05,77144
SXE,20200506,0.45,0.45,0.44,0.44,115644
SXL,20200506,0.135,0.135,0.13,0.13,9230934
SXY,20200506,0.205,0.21,0.2,0.2,4244588
SYA,20200506,0.007,0.007,0.006,0.007,3533680
SYD,20200506,5.68,5.68,5.52,5.52,9915797
SYI,20200506,22.05,22.05,21.8,21.94,11681
SYR,20200506,0.235,0.24,0.23,0.235,1609313
SZL,20200506,1.84,1.84,1.79,1.82,329297
TAH,20200506,3.14,3.17,3.085,3.15,4151183
TAM,20200506,0.041,0.042,0.04,0.042,654985
TAO,20200506,0.054,0.054,0.051,0.053,478827
TAP,20200506,0.076,0.076,0.068,0.071,1012400
TAR,20200506,0.011,0.014,0.011,0.014,79435
TAS,20200506,0.034,0.034,0.034,0.034,589250
TBL,20200506,0.15,0.15,0.15,0.15,66343
TBR,20200506,6.58,7.15,6.58,7.14,21496
TCL,20200506,13.76,13.79,13.425,13.6,24737618
TCN,20200506,0.031,0.031,0.031,0.031,129000
TD1,20200506,0.031,0.033,0.031,0.032,8549740
TDI,20200506,1.6,1.6,1.6,1.6,53368
TEG,20200506,0.029,0.029,0.029,0.029,633251
TEK,20200506,0.245,0.245,0.22,0.22,747955
TER,20200506,0.115,0.125,0.11,0.125,560185
TFL,20200506,0.095,0.095,0.09,0.09,721305
TGA,20200506,0.14,0.14,0.135,0.14,196899
TGF,20200506,1.14,1.14,1.115,1.115,188995
TGG,20200506,1.115,1.135,1.11,1.135,79565
TGH,20200506,0.19,0.19,0.19,0.19,25000
TGM,20200506,0.205,0.21,0.205,0.21,51000
TGN,20200506,0.1,0.11,0.1,0.105,255170
TGP,20200506,0.88,0.88,0.875,0.88,59926
TGR,20200506,3.73,3.76,3.7,3.7,551205
THC,20200506,0.305,0.305,0.3,0.305,52801
THR,20200506,0.006,0.006,0.006,0.006,600622
TIA,20200506,0.3,0.3,0.3,0.3,2000
TIE,20200506,0.35,0.355,0.335,0.345,1139309
TIP,20200506,0.625,0.625,0.625,0.625,7699
TKL,20200506,0.004,0.004,0.004,0.004,15337
TLG,20200506,0.355,0.355,0.34,0.34,87428
TLS,20200506,3.08,3.095,3.05,3.06,15885144
TLT,20200506,3,3,3,3,938
TLX,20200506,1.4,1.44,1.365,1.4,1088256
TMG,20200506,0.076,0.076,0.075,0.075,43000
TMR,20200506,0.195,0.2,0.185,0.19,286354
TMT,20200506,0.13,0.13,0.13,0.13,32850
TNE,20200506,9.63,9.91,9.53,9.88,1047385
TNG,20200506,0.057,0.06,0.055,0.06,596529
TNK,20200506,0.81,0.81,0.81,0.81,2300
TNR,20200506,0.018,0.019,0.016,0.016,3212279
TNT,20200506,0.055,0.058,0.055,0.058,1563297
TNY,20200506,1,1.02,0.995,1.005,17950
TOE,20200506,0.009,0.009,0.008,0.008,643607
TON,20200506,0.033,0.035,0.033,0.035,610100
TOP,20200506,0.45,0.45,0.43,0.43,21217
TOT,20200506,0.865,0.88,0.865,0.865,6881
TOU,20200506,0.074,0.074,0.065,0.065,80252
TPD,20200506,0.001,0.001,0.001,0.001,2848261
TPM,20200506,7.03,7.33,7.03,7.33,787223
TPP,20200506,0.032,0.032,0.027,0.027,10795
TPS,20200506,0.045,0.045,0.045,0.045,28571
TPW,20200506,3.66,3.8,3.61,3.74,2347624
TRL,20200506,0.018,0.018,0.018,0.018,27800
TRM,20200506,0.006,0.006,0.006,0.006,160000
TRS,20200506,3.4,3.43,3.33,3.36,110852
TRT,20200506,0.014,0.014,0.014,0.014,51692
TRY,20200506,0.075,0.075,0.074,0.075,217708
TSC,20200506,0.006,0.007,0.006,0.007,2076624
TSL,20200506,0.045,0.048,0.043,0.046,991311
TSO,20200506,0.064,0.068,0.052,0.053,20894260
TTB,20200506,0.495,0.575,0.495,0.555,72246
TTM,20200506,0.05,0.055,0.047,0.055,802355
TTT,20200506,0.735,0.735,0.7,0.735,154591
TWD,20200506,2.39,2.45,2.39,2.45,5038
TWE,20200506,9.89,10.03,9.68,9.85,3117857
TYM,20200506,0.032,0.032,0.031,0.031,27872
TYR,20200506,3.03,3.05,2.86,2.98,1974760
TZL,20200506,0.045,0.045,0.044,0.044,71750
UBA,20200506,17.68,17.8,17.68,17.8,4805
UBE,20200506,19.49,19.52,19.48,19.52,2883
UBI,20200506,0.22,0.22,0.22,0.22,136300
UBN,20200506,0.053,0.054,0.053,0.054,338962
UBP,20200506,27.5,28.05,27.5,27.8,1079
UBU,20200506,31.26,31.57,31.26,31.57,2242
UBW,20200506,27,28.22,27,28.01,33720
UCM,20200506,0.24,0.24,0.23,0.23,285648
UMG,20200506,3.93,4.05,3.87,4.02,338589
UNL,20200506,0.03,0.03,0.03,0.03,3500
UNV,20200506,0.15,0.17,0.15,0.17,126142
UOS,20200506,0.7,0.7,0.695,0.7,5828
URF,20200506,0.255,0.275,0.255,0.27,109925
URW,20200506,4.33,4.36,4.27,4.31,1051613
USD,20200506,15.12,15.16,15.08,15.08,145736
UWL,20200506,1.475,1.49,1.42,1.45,491127
VAE,20200506,65.9,65.9,64,64.99,9215
VAF,20200506,52.61,52.69,52.55,52.55,40553
VAN,20200506,0.13,0.13,0.12,0.125,167395
VAP,20200506,63.8,63.8,62.35,63.78,83143
VAR,20200506,0.012,0.012,0.012,0.012,3750
VAS,20200506,68.56,68.57,67.8,68.33,237451
VCF,20200506,49.52,49.75,49.49,49.75,24770
VCX,20200506,1.37,1.375,1.32,1.365,15823400
VEA,20200506,1.46,1.49,1.415,1.45,3269483
VEN,20200506,0.043,0.045,0.043,0.044,929510
VEQ,20200506,50.09,50.21,49.69,50.17,16219
VEU,20200506,67.44,67.44,66.71,67.09,47856
VG1,20200506,2.115,2.115,2.07,2.09,254504
VG8,20200506,2.13,2.13,2.12,2.12,109176
VGB,20200506,53.87,53.88,53.76,53.76,10259
VGE,20200506,61.71,62.22,61.52,62.08,8095
VGI,20200506,9.76,9.9,9.7,9.79,9586
VGL,20200506,1.16,1.175,1.15,1.15,47579
VGS,20200506,76,76.45,75.5,76.01,40843
VHT,20200506,1.27,1.32,1.255,1.3,791460
VHY,20200506,46.49,46.49,45.72,46.03,38919
VIC,20200506,0.001,0.001,0.001,0.001,38416850
VIF,20200506,51.77,52.05,51.77,51.94,31303
VIP,20200506,0.035,0.04,0.033,0.038,1679109
VLC,20200506,55.14,55.14,54.47,54.96,1816
VLT,20200506,0.18,0.21,0.18,0.205,389657
VMC,20200506,0.165,0.165,0.16,0.16,80000
VMG,20200506,0.001,0.001,0.001,0.001,4000000
VML,20200506,0.01,0.011,0.01,0.011,13127894
VMS,20200506,0.015,0.015,0.015,0.015,33466
VMT,20200506,0.17,0.19,0.16,0.19,333834
VMX,20200506,0.16,0.16,0.155,0.157,147000
VMY,20200506,0.049,0.049,0.045,0.046,1110672
VN8,20200506,0.11,0.115,0.11,0.11,101500
VOC,20200506,2.83,2.88,2.81,2.84,1108078
VOR,20200506,0.13,0.135,0.12,0.12,201178
VR1,20200506,0.019,0.019,0.017,0.019,932488
VR8,20200506,0.015,0.015,0.015,0.015,300000
VRC,20200506,0.005,0.005,0.005,0.005,300000
VRL,20200506,1.92,1.92,1.8,1.84,177245
VRS,20200506,0.022,0.024,0.022,0.022,390000
VRT,20200506,2.94,3,2.825,2.88,774124
VRX,20200506,0.098,0.098,0.094,0.098,52103
VSO,20200506,49.5,50.01,49.5,49.95,8559
VTG,20200506,0.96,0.985,0.935,0.95,142519
VTH,20200506,0.705,0.72,0.705,0.72,52620
VTI,20200506,0.017,0.017,0.017,0.017,2040
VTS,20200506,222.2,224.31,222.2,223.98,13760
VUK,20200506,1.38,1.395,1.35,1.36,5178842
VUL,20200506,0.22,0.22,0.217,0.22,24090
VVA,20200506,2.07,2.09,2.04,2.05,86878
VVR,20200506,2.33,2.35,2.31,2.35,1840817
VXR,20200506,0.055,0.06,0.055,0.06,301857
VYS,20200506,0.056,0.056,0.056,0.056,37200
WAA,20200506,0.9,0.92,0.89,0.89,17230
WAF,20200506,0.765,0.84,0.765,0.815,8586781
WAM,20200506,1.87,1.895,1.87,1.88,299292
WAX,20200506,1.21,1.24,1.21,1.22,83194
WBC,20200506,16,16.06,15.79,15.96,9159865
WBT,20200506,0.37,0.375,0.355,0.375,36141
WCN,20200506,0.005,0.005,0.004,0.004,5850000
WEB,20200506,2.73,2.78,2.62,2.76,4485749
WEL,20200506,0.017,0.019,0.017,0.019,1259794
WES,20200506,36.63,36.89,36.35,36.65,1562522
WGB,20200506,1.93,1.93,1.9,1.905,219567
WGN,20200506,0.87,0.87,0.82,0.845,177280
WGO,20200506,0.125,0.13,0.12,0.13,407718
WGX,20200506,2.17,2.23,2.15,2.19,537895
WHC,20200506,1.795,1.82,1.765,1.78,7117751
WHF,20200506,4.45,4.5,4.4,4.42,50181
WHK,20200506,0.054,0.055,0.052,0.052,115431
WIC,20200506,0.805,0.805,0.8,0.8,48080
WJA,20200506,0.085,0.085,0.084,0.085,1154992
WKT,20200506,0.14,0.155,0.14,0.155,85931
WLD,20200506,0.041,0.044,0.041,0.041,40001
WLE,20200506,1.02,1.02,1.01,1.015,233268
WMI,20200506,1.095,1.12,1.09,1.11,57035
WML,20200506,0.014,0.014,0.013,0.013,685884
WNB,20200506,0.011,0.012,0.011,0.011,6218726
WND,20200506,0.965,0.97,0.945,0.95,1004637
WOA,20200506,0.155,0.155,0.145,0.145,20000
WOR,20200506,8.42,8.62,8.25,8.55,1878299
WOW,20200506,35.02,35.29,34.74,35.12,2062787
WPL,20200506,22.5,22.58,21.745,21.95,3314092
WPP,20200506,0.25,0.26,0.245,0.25,737328
WQG,20200506,1.16,1.19,1.15,1.19,153622
WRM,20200506,0.004,0.004,0.004,0.004,25000
WSA,20200506,2.1,2.17,2.1,2.15,1477621
WSI,20200506,0.012,0.012,0.012,0.012,905679
WSP,20200506,1.785,1.85,1.775,1.835,186272
WTC,20200506,19.49,19.93,18.83,19.79,1288017
WWI,20200506,0.011,0.011,0.011,0.011,415350
WZR,20200506,0.145,0.147,0.14,0.14,3732362
XAM,20200506,0.027,0.027,0.027,0.027,50000
XCD,20200506,0.007,0.007,0.007,0.007,100000
XF1,20200506,0.091,0.13,0.091,0.125,971035
XPE,20200506,0.002,0.002,0.001,0.002,775025
XPL,20200506,0.054,0.054,0.048,0.048,788758
XRF,20200506,0.2,0.2,0.195,0.195,154925
XRO,20200506,79,79.64,77.53,79.19,404485
XTC,20200506,0.003,0.003,0.002,0.002,569999
XTD,20200506,0.025,0.025,0.023,0.023,664210
XTE,20200506,0.66,0.68,0.655,0.675,74726
YAL,20200506,2.2,2.42,2.2,2.26,67268
YBR,20200506,0.063,0.066,0.063,0.064,134000
YOJ,20200506,0.028,0.028,0.028,0.028,175000
YRL,20200506,0.185,0.185,0.185,0.185,2640
Z1P,20200506,2.75,2.94,2.7,2.82,15835686
ZEL,20200506,3,3.06,2.94,2.94,134248
ZEN,20200506,1.01,1.015,1.01,1.015,232001
ZER,20200506,0.16,0.16,0.16,0.16,2000
ZIM,20200506,10.9,10.9,10.9,10.9,1
ZLD,20200506,0.045,0.046,0.044,0.044,451126
ZMI,20200506,0.029,0.03,0.029,0.03,422001
ZNC,20200506,0.058,0.065,0.058,0.065,366370
ZNO,20200506,1.81,1.945,1.81,1.875,2365239
XAF,20200506,5297.6,5297.6,5224.5,5261.9,0
XAO,20200506,5478.1,5483.2,5424.5,5464.8,1070000000
XAT,20200506,5356.7,5358.1,5294.1,5333.7,0
XDJ,20200506,2112.4,2123.8,2090,2106.6,0
XEC,20200506,1169.3,1184.7,1169.3,1184.7,0
XEJ,20200506,7157,7324.6,7126,7179.4,0
XFJ,20200506,4290.4,4290.4,4210.7,4242.1,0
XFL,20200506,5325.9,5325.9,5252.4,5291.1,0
XGD,20200506,7266.1,7468.7,7266.1,7364.8,0
XHJ,20200506,42663.4,43115.1,42503.5,42842.8,0
XIJ,20200506,1344.1,1365.5,1340,1365.2,0
XJO,20200506,5407.1,5408.6,5345,5384.6,0
XJR,20200506,3885.1,3908,3849.6,3884,0
XKO,20200506,5369.9,5372.4,5310.8,5349.7,0
XMD,20200506,5970.5,6019,5956.4,5999.9,0
XMJ,20200506,11567.9,11583.3,11437.2,11527.9,0
XMM,20200506,3830.2,3843.7,3790.3,3826.5,0
XNJ,20200506,5467,5486.2,5366.3,5412.8,0
XPJ,20200506,1128.6,1128.6,1104.9,1119.4,0
XSJ,20200506,11873.3,11873.3,11712.2,11802.5,0
XSO,20200506,2369.2,2383.3,2359.7,2380.6,0
XTJ,20200506,1082.8,1087,1075.8,1082.4,0
XTL,20200506,3008,3008,2963.8,2987,0
XTO,20200506,4469.8,4471.1,4415.9,4448.3,0
XUJ,20200506,7535.5,7639,7493,7596.4,0
XXJ,20200506,4785.2,4785.2,4696.4,4731.4,0
