360,20200106,3.04,3.16,3,3,83045
14D,20200106,0.2,0.2,0.2,0.2,9440
1AD,20200106,0.11,0.11,0.105,0.11,89273
3DA,20200106,0.365,0.395,0.36,0.385,409079
3DP,20200106,0.058,0.058,0.054,0.054,739672
3PL,20200106,0.86,0.88,0.86,0.88,8360
4CE,20200106,0.013,0.013,0.011,0.012,2606552
4DS,20200106,0.058,0.058,0.057,0.057,308001
5GN,20200106,0.78,0.785,0.78,0.78,50831
88E,20200106,0.025,0.025,0.024,0.025,9668776
8CO,20200106,0.1,0.1,0.1,0.1,198787
9SP,20200106,0.016,0.016,0.016,0.016,1130736
A1M,20200106,0.31,0.31,0.31,0.31,20000
A2B,20200106,1.53,1.53,1.48,1.48,70020
A2M,20200106,14.02,14.17,13.91,14.09,2181542
A3D,20200106,0.2,0.2,0.19,0.19,95734
A4N,20200106,0.2,0.202,0.19,0.2,553787
AAA,20200106,50.07,50.08,50.07,50.08,234344
AAC,20200106,1.105,1.115,1.085,1.09,148010
AAJ,20200106,0.002,0.003,0.002,0.003,550000
AAR,20200106,0.093,0.096,0.092,0.096,619436
ABA,20200106,5.9,6.02,5.9,6,41471
ABC,20200106,3.55,3.66,3.515,3.64,1397242
ABP,20200106,3.61,3.665,3.61,3.66,993251
ABR,20200106,0.355,0.375,0.355,0.375,109662
ABV,20200106,0.033,0.035,0.032,0.035,317500
AC8,20200106,0.305,0.325,0.295,0.3,2241459
ACF,20200106,0.34,0.345,0.335,0.335,172358
ACQ,20200106,1.215,1.215,1.215,1.215,5000
ACR,20200106,0.19,0.19,0.18,0.19,230337
ACW,20200106,0.038,0.038,0.035,0.035,647305
AD8,20200106,8.25,8.27,8.06,8.1,67310
ADA,20200106,0.6,0.61,0.59,0.61,38381
ADH,20200106,2.27,2.29,2.25,2.27,257112
ADI,20200106,2.91,2.91,2.89,2.91,89783
ADJ,20200106,0.03,0.031,0.029,0.029,650198
ADN,20200106,0.046,0.046,0.043,0.044,5543047
ADO,20200106,0.026,0.03,0.025,0.026,4086558
ADT,20200106,1.69,1.7,1.67,1.675,347143
ADV,20200106,0.003,0.003,0.003,0.003,15000
ADX,20200106,0.009,0.009,0.009,0.009,591044
ADY,20200106,0.007,0.007,0.007,0.007,4398
AEE,20200106,0.005,0.006,0.005,0.006,3982225
AEF,20200106,4.2,4.43,4.19,4.43,121640
AEG,20200106,1.08,1.08,1.07,1.07,61172
AER,20200106,0.12,0.125,0.12,0.125,4981
AEV,20200106,0.013,0.014,0.013,0.014,542477
AFG,20200106,2.83,2.84,2.75,2.82,43017
AFI,20200106,7.25,7.32,7.21,7.24,405819
AFR,20200106,0.035,0.035,0.035,0.035,68351
AGD,20200106,0.095,0.095,0.094,0.094,115358
AGE,20200106,0.002,0.002,0.002,0.002,11538
AGG,20200106,6.66,7.1,6.66,6.8,48047
AGH,20200106,0.425,0.46,0.425,0.46,779498
AGI,20200106,0.755,0.79,0.71,0.785,74398
AGL,20200106,20.53,20.6,20.46,20.57,966378
AGY,20200106,0.077,0.078,0.076,0.077,107057
AHF,20200106,0.1,0.1,0.1,0.1,849695
AHL,20200106,0.008,0.009,0.008,0.008,1249286
AHQ,20200106,0.15,0.15,0.15,0.15,222671
AHX,20200106,0.445,0.445,0.435,0.435,22176
AHY,20200106,1.06,1.075,1.05,1.05,134666
AHZ,20200106,0.12,0.125,0.115,0.115,472946
AIA,20200106,8.61,8.84,8.6,8.75,89040
AIS,20200106,0.051,0.051,0.046,0.046,376729
AIZ,20200106,2.88,2.88,2.83,2.84,35814
AJC,20200106,0.001,0.001,0.001,0.001,4200000
AJM,20200106,0.059,0.059,0.057,0.058,3788369
AJQ,20200106,0.057,0.062,0.057,0.062,532395
AJX,20200106,0.061,0.061,0.06,0.06,373766
AKG,20200106,0.545,0.545,0.54,0.54,92000
AKM,20200106,0.14,0.145,0.14,0.145,40086
AKP,20200106,15.52,15.52,15,15.03,2849
AL8,20200106,0.025,0.025,0.025,0.025,1574
ALC,20200106,0.19,0.19,0.18,0.185,1172503
ALF,20200106,0.99,0.995,0.985,0.99,93111
ALG,20200106,1.38,1.38,1.36,1.375,369558
ALI,20200106,2.36,2.38,2.36,2.38,52799
ALK,20200106,0.65,0.66,0.615,0.655,3130702
ALL,20200106,33.63,34.31,33.27,34.26,1165197
ALQ,20200106,9.08,9.23,9.02,9.19,753873
ALT,20200106,0.004,0.004,0.004,0.004,1100000
ALU,20200106,34.51,34.64,33.6,34.32,348437
ALX,20200106,7.85,8.065,7.83,8.03,2573123
ALY,20200106,0.012,0.012,0.012,0.012,300000
AMA,20200106,0.975,0.98,0.942,0.965,1916984
AMC,20200106,15.06,15.2,14.96,15.08,3740573
AMD,20200106,0.008,0.008,0.008,0.008,8621514
AME,20200106,0.039,0.04,0.039,0.04,417988
AMG,20200106,0.081,0.081,0.078,0.078,347760
AMH,20200106,0.985,1,0.985,0.99,91785
AMI,20200106,0.44,0.44,0.412,0.42,1950748
AML,20200106,0.17,0.18,0.17,0.175,753074
AMN,20200106,0.5,0.5,0.47,0.48,53526
AMO,20200106,0.09,0.09,0.085,0.085,580000
AMP,20200106,1.92,1.92,1.9,1.91,7449742
AMS,20200106,1.35,1.36,1.32,1.34,221285
AMX,20200106,1.95,1.95,1.915,1.935,84161
ANA,20200106,0.052,0.053,0.051,0.051,2204284
ANG,20200106,0.22,0.225,0.22,0.225,123446
ANL,20200106,0.003,0.003,0.002,0.002,15605379
ANN,20200106,29.3,29.46,29.06,29.37,186855
ANO,20200106,5.85,5.94,5.61,5.78,40791
ANP,20200106,0.086,0.086,0.083,0.083,641905
ANR,20200106,0.26,0.265,0.24,0.265,77896
ANW,20200106,0.001,0.001,0.001,0.001,4000000
ANZ,20200106,24.6,24.69,24.41,24.63,3567678
AOF,20200106,2.85,2.86,2.84,2.84,58057
AOP,20200106,0.25,0.29,0.25,0.29,644338
APA,20200106,11.02,11.14,10.96,11.12,1244623
APC,20200106,0.095,0.099,0.094,0.099,282176
APD,20200106,0.62,0.63,0.62,0.62,4677
APE,20200106,9.93,10.05,9.78,9.94,259137
APG,20200106,0.002,0.002,0.002,0.002,600000
APH,20200106,0.18,0.18,0.18,0.18,2833
API,20200106,1.355,1.357,1.335,1.345,608557
APL,20200106,1.05,1.05,1.045,1.045,197659
APT,20200106,30,30.14,29.49,29.99,976326
APV,20200106,0.28,0.3,0.26,0.26,432766
APW,20200106,1.46,1.46,1.46,1.46,15759
APX,20200106,22.39,22.4,21.76,22.16,1292535
APZ,20200106,1.18,1.18,1.175,1.175,4800
AQD,20200106,0.013,0.013,0.012,0.013,1305705
AQG,20200106,7.58,7.65,7.51,7.56,186928
AQR,20200106,3.52,3.55,3.48,3.53,49905
AQS,20200106,0.034,0.034,0.034,0.034,160000
AQX,20200106,0.027,0.029,0.026,0.026,1018091
AQZ,20200106,2.54,2.59,2.52,2.57,65878
AR9,20200106,0.13,0.13,0.13,0.13,4750
ARA,20200106,0.615,0.62,0.615,0.62,34000
ARB,20200106,18.62,18.86,18.43,18.59,80303
ARD,20200106,0.019,0.02,0.019,0.019,5480869
ARF,20200106,2.87,2.905,2.87,2.88,81582
ARG,20200106,8.98,9.04,8.94,8.96,133326
ARL,20200106,0.56,0.56,0.545,0.55,103462
ARN,20200106,0.175,0.175,0.165,0.165,223000
ARQ,20200106,0.375,0.375,0.35,0.37,155827
ARS,20200106,0.022,0.022,0.02,0.02,4023962
ARU,20200106,0.094,0.094,0.091,0.091,1461711
ARV,20200106,0.026,0.027,0.025,0.025,978018
AS1,20200106,0.2,0.2,0.19,0.2,62178
ASB,20200106,3.85,3.89,3.79,3.85,1143221
ASG,20200106,1.5,1.5,1.465,1.5,1014520
ASN,20200106,0.026,0.027,0.026,0.026,796422
AST,20200106,1.71,1.725,1.705,1.715,3375839
ASX,20200106,79,79.96,78.64,79.89,166217
ATC,20200106,0.096,0.098,0.096,0.098,157479
ATH,20200106,0.021,0.022,0.02,0.022,1002639
ATL,20200106,0.47,0.47,0.445,0.445,84222
ATS,20200106,0.082,0.082,0.08,0.08,4397556
ATU,20200106,0.375,0.38,0.365,0.37,111936
ATX,20200106,0.069,0.069,0.069,0.069,180
AU1,20200106,0.061,0.061,0.061,0.061,40000
AU8,20200106,0.13,0.135,0.13,0.135,929045
AUB,20200106,12.3,12.3,12.08,12.13,35439
AUC,20200106,0.014,0.015,0.014,0.014,2951420
AUH,20200106,0.004,0.004,0.004,0.004,170000
AUI,20200106,9.94,9.94,9.9,9.94,11709
AUL,20200106,0.325,0.325,0.3,0.3,19000
AUP,20200106,2.66,2.66,2.66,2.66,1000
AUR,20200106,0.014,0.014,0.014,0.014,150000
AUT,20200106,0.009,0.009,0.009,0.009,400000
AUZ,20200106,0.015,0.016,0.014,0.016,5952938
AV1,20200106,0.17,0.17,0.17,0.17,65230
AVA,20200106,0.16,0.16,0.155,0.155,100662
AVC,20200106,0.2,0.2,0.2,0.2,7198
AVG,20200106,0.53,0.53,0.51,0.515,186402
AVH,20200106,0.64,0.645,0.625,0.635,6576831
AVL,20200106,0.011,0.011,0.01,0.01,1667879
AVN,20200106,2.87,2.87,2.84,2.84,73530
AVZ,20200106,0.045,0.045,0.043,0.043,2751584
AWC,20200106,2.28,2.31,2.26,2.29,6585303
AWV,20200106,0.01,0.01,0.01,0.01,86597
AWY,20200106,0.036,0.036,0.035,0.035,140475
AX1,20200106,1.85,1.865,1.82,1.855,510278
AX8,20200106,0.028,0.029,0.026,0.027,233165
AXE,20200106,0.155,0.155,0.14,0.145,502830
AYR,20200106,0.002,0.002,0.002,0.002,2500000
AYS,20200106,0.385,0.397,0.385,0.395,38337
AZI,20200106,0.009,0.009,0.008,0.009,14759841
AZJ,20200106,5.27,5.33,5.24,5.3,5033319
AZM,20200106,0.034,0.034,0.034,0.034,796364
AZS,20200106,0.15,0.155,0.145,0.145,296160
AZV,20200106,0.088,0.088,0.085,0.085,55013
AZY,20200106,0.013,0.013,0.013,0.013,7290769
BAF,20200106,0.895,0.915,0.89,0.89,798240
BAP,20200106,6.41,6.42,6.275,6.39,852942
BAR,20200106,0.023,0.023,0.023,0.023,8675
BAS,20200106,0.002,0.002,0.002,0.002,2504399
BAT,20200106,0.006,0.006,0.006,0.006,1079639
BBC,20200106,0.59,0.59,0.59,0.59,23201
BBN,20200106,3.2,3.26,3.16,3.2,270525
BBX,20200106,0.14,0.14,0.13,0.13,433328
BC8,20200106,0.35,0.37,0.35,0.36,70498
BCB,20200106,0.046,0.047,0.043,0.047,1183874
BCC,20200106,0.28,0.35,0.28,0.32,583726
BCI,20200106,0.17,0.17,0.17,0.17,55313
BCK,20200106,0.025,0.025,0.025,0.025,840283
BCN,20200106,0.039,0.04,0.039,0.04,2500620
BCT,20200106,0.15,0.15,0.145,0.15,168297
BD1,20200106,0.033,0.034,0.033,0.033,405509
BDA,20200106,0.31,0.31,0.295,0.31,18905
BDC,20200106,0.087,0.088,0.084,0.085,3614408
BDG,20200106,0.078,0.085,0.078,0.08,29830
BEE,20200106,0.023,0.024,0.021,0.021,140332
BEL,20200106,0.045,0.045,0.045,0.045,37549
BEM,20200106,0.05,0.05,0.048,0.048,640473
BEN,20200106,9.89,9.91,9.75,9.82,1147633
BET,20200106,0.145,0.16,0.145,0.155,556140
BFC,20200106,0.093,0.098,0.093,0.098,235401
BFG,20200106,1.26,1.35,1.255,1.325,558306
BGA,20200106,4.2,4.22,3.86,3.92,3194844
BGL,20200106,0.56,0.58,0.56,0.565,1833560
BGT,20200106,0.215,0.22,0.21,0.215,240675
BHP,20200106,39.16,39.42,38.78,39.4,3990326
BID,20200106,1.07,1.07,0.965,1.05,725584
BIN,20200106,2.85,2.87,2.805,2.83,979085
BIS,20200106,1.13,1.145,1.13,1.145,10226
BIT,20200106,0.054,0.056,0.053,0.054,888483
BKI,20200106,1.7,1.7,1.68,1.69,129045
BKL,20200106,84.6,85,83.34,83.63,30583
BKT,20200106,0.051,0.051,0.047,0.047,66800
BKW,20200106,18.56,18.775,18.52,18.77,125044
BKY,20200106,0.23,0.23,0.23,0.23,10000
BLD,20200106,4.52,4.575,4.495,4.55,2262927
BLG,20200106,0.1,0.105,0.1,0.105,141213
BLK,20200106,0.014,0.014,0.013,0.013,19215416
BLT,20200106,0.035,0.035,0.033,0.033,477816
BLU,20200106,0.047,0.05,0.047,0.047,603581
BLX,20200106,1.19,1.195,1.17,1.195,45565
BLY,20200106,1.68,1.68,1.64,1.64,5537
BMG,20200106,0.004,0.004,0.004,0.004,200000
BMN,20200106,0.041,0.041,0.04,0.04,780549
BNL,20200106,0.007,0.008,0.007,0.008,7216667
BNO,20200106,0.081,0.085,0.081,0.083,148127
BOA,20200106,0.235,0.235,0.235,0.235,7700
BOC,20200106,0.28,0.34,0.28,0.315,235464
BOE,20200106,0.053,0.053,0.048,0.05,835000
BOQ,20200106,7.29,7.3,7.21,7.22,1706164
BOT,20200106,0.086,0.09,0.086,0.087,1309827
BPH,20200106,0.001,0.001,0.001,0.001,1500000
BPT,20200106,2.63,2.68,2.615,2.67,6092415
BRB,20200106,0.295,0.305,0.295,0.3,315559
BRG,20200106,17.95,18.045,17.81,18.02,103344
BRK,20200106,0.008,0.008,0.008,0.008,3000000
BRL,20200106,0.11,0.11,0.11,0.11,130418
BRN,20200106,0.045,0.046,0.044,0.044,898966
BRU,20200106,0.17,0.175,0.17,0.175,201670
BRV,20200106,0.018,0.019,0.017,0.017,2083780
BSE,20200106,0.225,0.225,0.22,0.225,174906
BSL,20200106,14.91,14.93,14.7,14.88,1830373
BSM,20200106,0.005,0.005,0.005,0.005,1000000
BSR,20200106,0.015,0.015,0.015,0.015,1283830
BSX,20200106,0.165,0.175,0.16,0.16,748196
BTH,20200106,0.72,0.725,0.7,0.7,264538
BTI,20200106,1.095,1.1,1.09,1.1,94737
BUB,20200106,0.98,0.985,0.96,0.96,3152470
BUD,20200106,0.032,0.032,0.031,0.032,2858317
BUX,20200106,0.099,0.1,0.095,0.095,140204
BUY,20200106,0.004,0.004,0.004,0.004,165106
BVS,20200106,5.31,5.33,5.23,5.25,576624
BWP,20200106,3.94,3.96,3.92,3.96,643940
BWR,20200106,1.43,1.43,1.43,1.43,16979
BWX,20200106,4.5,4.53,4.41,4.52,82802
BXB,20200106,11.6,11.71,11.53,11.69,2359031
BYE,20200106,0.29,0.305,0.29,0.295,749973
BYH,20200106,0.042,0.045,0.04,0.045,474690
C6C,20200106,0.81,0.81,0.81,0.81,2500
CAA,20200106,0.115,0.115,0.115,0.115,21000
CAD,20200106,0.001,0.001,0.001,0.001,3955002
CAF,20200106,0.13,0.13,0.13,0.13,5500
CAG,20200106,0.7,0.7,0.68,0.68,80914
CAI,20200106,0.25,0.27,0.25,0.265,505901
CAJ,20200106,0.24,0.24,0.23,0.235,182622
CAM,20200106,0.98,0.98,0.965,0.965,116641
CAN,20200106,0.84,1.03,0.84,0.995,3599190
CAR,20200106,16.66,17.04,16.66,17.02,497173
CAT,20200106,1.595,1.595,1.555,1.585,333275
CAU,20200106,0.23,0.23,0.21,0.21,14747
CAY,20200106,0.16,0.165,0.16,0.165,341434
CAZ,20200106,0.022,0.022,0.022,0.022,2752162
CBA,20200106,79.73,79.88,79.23,79.77,2129260
CBR,20200106,4.1,4.26,4.08,4.08,124254
CCA,20200106,0.16,0.165,0.155,0.155,187215
CCE,20200106,0.002,0.002,0.001,0.002,4727580
CCL,20200106,10.96,11.035,10.93,11,686156
CCP,20200106,31.18,31.35,30.78,31.21,80041
CCV,20200106,0.245,0.25,0.235,0.235,241904
CCX,20200106,2.7,2.7,2.61,2.68,294511
CCZ,20200106,0.02,0.021,0.02,0.021,248201
CD1,20200106,1.625,1.625,1.625,1.625,2561
CD3,20200106,1.485,1.485,1.485,1.485,10000
CDA,20200106,7.43,7.43,7.25,7.34,167033
CDD,20200106,0.45,0.46,0.445,0.445,17854
CDM,20200106,0.755,0.755,0.745,0.755,276023
CDP,20200106,5.97,6.1,5.97,6.07,50582
CDV,20200106,0.355,0.37,0.345,0.35,486432
CDX,20200106,0.029,0.029,0.028,0.028,772745
CDY,20200106,0.225,0.235,0.22,0.22,245994
CE1,20200106,0.009,0.009,0.007,0.007,1064217
CEL,20200106,0.11,0.11,0.11,0.11,767653
CEN,20200106,6.85,7,6.84,7,3526
CFE,20200106,0.004,0.004,0.004,0.004,699761
CFO,20200106,0.084,0.084,0.084,0.084,19044
CG1,20200106,0.51,0.52,0.495,0.495,144478
CGB,20200106,0.015,0.016,0.015,0.016,3239547
CGC,20200106,2.46,2.46,2.39,2.41,2124710
CGF,20200106,8.17,8.22,8.1,8.22,1307536
CGL,20200106,4.88,4.88,4.71,4.82,110703
CGR,20200106,0.57,0.585,0.565,0.57,731544
CGS,20200106,0.45,0.45,0.38,0.43,168551
CHC,20200106,11.13,11.3,11.065,11.26,749529
CHK,20200106,0.013,0.014,0.012,0.014,3385738
CHN,20200106,0.265,0.28,0.26,0.28,1342848
CHZ,20200106,0.075,0.075,0.075,0.075,24363
CI1,20200106,0.016,0.016,0.015,0.015,966875
CIA,20200106,2.79,2.84,2.75,2.81,337622
CIE,20200106,0.865,0.865,0.86,0.86,17054
CIM,20200106,33,33.16,32.62,33.09,249798
CIN,20200106,32.05,32.2,32.05,32.2,515
CIO,20200106,0.003,0.003,0.003,0.003,5507997
CIP,20200106,3.4,3.55,3.4,3.49,835920
CIW,20200106,0.55,0.55,0.55,0.55,3800
CKA,20200106,0.046,0.046,0.046,0.046,161891
CKF,20200106,8.94,8.94,8.81,8.92,299857
CL1,20200106,2.03,2.05,2.03,2.03,62721
CL8,20200106,0.015,0.015,0.014,0.014,766350
CLA,20200106,0.011,0.011,0.011,0.011,500000
CLB,20200106,0.069,0.069,0.069,0.069,219500
CLH,20200106,1.1,1.105,1.09,1.105,129465
CLQ,20200106,0.21,0.22,0.21,0.22,495753
CLV,20200106,2.61,2.67,2.58,2.61,127199
CLW,20200106,5.45,5.48,5.4,5.48,2008276
CLZ,20200106,0.003,0.003,0.002,0.002,2125734
CM8,20200106,0.022,0.022,0.022,0.022,100000
CMA,20200106,2.93,2.95,2.89,2.91,1027818
CML,20200106,0.02,0.02,0.02,0.02,74553
CMM,20200106,1.23,1.32,1.23,1.265,536159
CMP,20200106,0.79,0.79,0.79,0.79,21829
CMW,20200106,1.18,1.19,1.18,1.19,2453833
CNI,20200106,2.22,2.22,2.18,2.21,62338
CNJ,20200106,0.008,0.008,0.008,0.008,162750
CNU,20200106,6.01,6.09,5.98,6.01,539661
CNW,20200106,0.04,0.04,0.038,0.038,912605
COB,20200106,0.14,0.14,0.135,0.14,108909
COE,20200106,0.635,0.635,0.605,0.61,2317149
COG,20200106,0.087,0.087,0.083,0.083,619178
COH,20200106,225.15,226.62,222.57,225.96,86634
COI,20200106,0.19,0.19,0.18,0.19,250513
COL,20200106,14.96,14.99,14.82,14.98,1431816
COO,20200106,0.08,0.08,0.08,0.08,323222
CP1,20200106,0.145,0.2,0.14,0.18,1777750
CPH,20200106,0.115,0.115,0.11,0.11,627126
CPT,20200106,0.065,0.065,0.062,0.063,11836
CPU,20200106,17.05,17.11,16.89,17.03,728838
CPV,20200106,0.175,0.185,0.175,0.185,140607
CQE,20200106,3.26,3.31,3.25,3.28,314821
CQR,20200106,4.31,4.325,4.28,4.31,614705
CR1,20200106,0.19,0.19,0.19,0.19,111689
CRN,20200106,2.22,2.23,2.19,2.21,192769
CRO,20200106,0.007,0.007,0.007,0.007,38538
CRS,20200106,0.115,0.115,0.115,0.115,363653
CSD,20200106,0.13,0.13,0.13,0.13,35000
CSL,20200106,276,277.28,273.87,276.8,398061
CSR,20200106,4.55,4.62,4.52,4.6,1582280
CSS,20200106,0.76,0.77,0.76,0.76,9481
CSV,20200106,0.305,0.305,0.305,0.305,39694
CT1,20200106,0.027,0.028,0.026,0.026,4053663
CTD,20200106,20.5,20.77,20.27,20.77,272872
CTM,20200106,0.012,0.012,0.012,0.012,2353572
CTO,20200106,0.005,0.006,0.005,0.006,900000
CTP,20200106,0.14,0.14,0.13,0.135,1286601
CTX,20200106,34.01,34.42,33.975,34.36,403013
CUE,20200106,0.13,0.14,0.13,0.14,521323
CUP,20200106,1.05,1.065,1.05,1.065,16323
CUV,20200106,28.3,28.49,27.67,27.97,124657
CV1,20200106,0.145,0.145,0.145,0.145,82313
CVF,20200106,1.045,1.05,1.045,1.045,9345
CVN,20200106,0.38,0.39,0.38,0.39,3262201
CWN,20200106,12.1,12.11,11.98,12.07,644457
CWP,20200106,8.1,8.14,8.03,8.13,59625
CWX,20200106,0.205,0.245,0.205,0.235,720573
CWY,20200106,2.01,2.05,2.01,2.03,7261957
CXL,20200106,0.75,0.75,0.74,0.74,38223
CXO,20200106,0.034,0.035,0.034,0.035,65004
CXU,20200106,0.02,0.02,0.02,0.02,40000
CXZ,20200106,0.021,0.021,0.021,0.021,203946
CYC,20200106,1.335,1.335,1.33,1.33,4873
CYG,20200106,1.06,1.06,1.06,1.06,546
CYL,20200106,3,3.15,2.85,2.85,23405
CYM,20200106,0.24,0.24,0.24,0.24,125000
CYP,20200106,1.075,1.19,1.075,1.14,70341
CYQ,20200106,0.001,0.001,0.001,0.001,2005000
CZI,20200106,0.086,0.086,0.085,0.086,146000
CZL,20200106,0.009,0.009,0.009,0.009,1000000
CZN,20200106,0.005,0.005,0.004,0.005,18256881
CZR,20200106,0.009,0.011,0.009,0.009,4258273
D2O,20200106,1.425,1.445,1.42,1.42,32770
DAV,20200106,0.045,0.045,0.041,0.042,228707
DCC,20200106,0.032,0.032,0.031,0.032,758003
DCG,20200106,0.53,0.565,0.525,0.56,1041324
DCN,20200106,1.65,1.755,1.65,1.725,3348602
DDR,20200106,6.94,6.94,6.81,6.83,66516
DDT,20200106,0.006,0.006,0.006,0.006,524065
DEG,20200106,0.053,0.054,0.052,0.054,1380678
DEM,20200106,0.265,0.265,0.255,0.255,236406
DEV,20200106,0.072,0.072,0.071,0.071,414621
DGH,20200106,1.485,1.49,1.485,1.49,10900
DGO,20200106,0.95,0.95,0.95,0.95,665
DGR,20200106,0.081,0.081,0.079,0.079,113341
DHG,20200106,3.74,3.82,3.7,3.81,698928
DIV,20200106,23.2,23.2,22.99,23.07,972
DJW,20200106,3.7,3.74,3.68,3.71,86266
DKM,20200106,0.175,0.175,0.175,0.175,50000
DME,20200106,0.195,0.195,0.195,0.195,185298
DMP,20200106,53.6,53.89,53.29,53.8,137044
DNA,20200106,0.078,0.08,0.078,0.08,433649
DNK,20200106,0.59,0.595,0.59,0.595,19522
DOR,20200106,0.03,0.03,0.03,0.03,54220
DOW,20200106,8.05,8.2,8.03,8.17,1093410
DRE,20200106,0.006,0.006,0.006,0.006,1158000
DRO,20200106,0.27,0.3,0.265,0.27,1274688
DRX,20200106,0.013,0.013,0.013,0.013,176727
DTC,20200106,1.02,1.02,1,1,39671
DTI,20200106,0.02,0.02,0.02,0.02,11667
DTL,20200106,4,4.14,3.91,4.13,463696
DTM,20200106,0.09,0.09,0.09,0.09,2500
DTR,20200106,0.003,0.003,0.002,0.002,2675000
DTS,20200106,0.13,0.145,0.13,0.13,938681
DTZ,20200106,0.062,0.065,0.062,0.065,46583
DUB,20200106,1.18,1.215,1.155,1.17,182933
DUI,20200106,5.07,5.07,5,5.01,28840
DVL,20200106,0.026,0.026,0.026,0.026,9100
DW8,20200106,0.007,0.007,0.006,0.006,1195491
DWS,20200106,1.08,1.08,1.075,1.08,23149
DXB,20200106,0.14,0.155,0.14,0.152,1288463
DXN,20200106,0.05,0.052,0.048,0.049,645661
DXS,20200106,11.92,11.95,11.79,11.9,2646489
DYL,20200106,0.285,0.285,0.28,0.28,35382
E25,20200106,0.17,0.17,0.17,0.17,25000
E2E,20200106,0.007,0.007,0.006,0.006,760000
EAF,20200106,1.355,1.355,1.34,1.34,52240
EAI,20200106,1.06,1.065,1.05,1.065,170767
EBG,20200106,1.02,1.02,1.02,1.02,1570
EBO,20200106,23.09,23.17,22.71,22.71,848
ECF,20200106,1.25,1.255,1.25,1.25,575668
ECG,20200106,0.042,0.042,0.042,0.042,20000
ECL,20200106,1.465,1.465,1.46,1.46,12000
ECP,20200106,1.1,1.1,1.1,1.1,3237
ECS,20200106,0.051,0.053,0.05,0.052,594533
ECT,20200106,0.002,0.002,0.002,0.002,250000
ECX,20200106,1.51,1.51,1.467,1.48,867256
ED1,20200106,0.975,0.975,0.97,0.97,11069
EDE,20200106,0.038,0.04,0.038,0.038,463389
EEG,20200106,0.455,0.455,0.42,0.42,164698
EGD,20200106,2.31,2.33,2.31,2.33,63265
EGF,20200106,1.73,1.73,1.73,1.73,80930
EGG,20200106,1.78,1.78,1.77,1.77,1754
EGH,20200106,0.38,0.385,0.375,0.385,161622
EGI,20200106,1.19,1.19,1.19,1.19,5571
EGN,20200106,0.6,0.6,0.59,0.59,29966
EGR,20200106,0.08,0.08,0.078,0.08,309051
EHE,20200106,2.42,2.45,2.4,2.41,459996
EHH,20200106,0.12,0.12,0.12,0.12,121508
EHL,20200106,2.18,2.26,2.16,2.22,1468045
EHX,20200106,0.082,0.084,0.078,0.082,576257
ELD,20200106,6.4,6.4,6.25,6.28,552572
ELO,20200106,6.48,6.52,6.37,6.46,11481
ELS,20200106,0.38,0.395,0.38,0.395,21786
ELX,20200106,0.81,0.81,0.79,0.79,830036
EME,20200106,0.093,0.093,0.093,0.093,41500
EML,20200106,4.56,4.7,4.56,4.63,1601639
EMN,20200106,0.14,0.14,0.14,0.14,50000
EMR,20200106,0.04,0.041,0.04,0.041,1920578
EMV,20200106,0.73,0.73,0.7,0.705,108465
EN1,20200106,0.022,0.023,0.021,0.023,2316199
ENN,20200106,2.08,2.1,2.08,2.1,79878
ENR,20200106,0.125,0.125,0.125,0.125,18222
ENT,20200106,0.009,0.009,0.009,0.009,300000
EOF,20200106,2.74,2.76,2.67,2.67,32628
EOL,20200106,2.8,2.8,2.8,2.8,3330
EOS,20200106,7.52,7.53,7.36,7.52,620952
EPD,20200106,0.35,0.37,0.35,0.37,167148
EPM,20200106,0.005,0.005,0.005,0.005,800000
EQE,20200106,0.012,0.013,0.012,0.013,40154
EQT,20200106,31.44,31.51,31.15,31.15,703
EQX,20200106,0.245,0.245,0.245,0.245,4000
ERA,20200106,0.165,0.17,0.16,0.16,300501
ERF,20200106,1.235,1.24,1.22,1.22,26112
ERG,20200106,0.055,0.063,0.055,0.063,90340
ERL,20200106,0.009,0.009,0.008,0.008,120000
ERM,20200106,0.12,0.125,0.12,0.125,67724
ERX,20200106,0.07,0.074,0.07,0.074,1277292
ESH,20200106,0.01,0.01,0.009,0.009,5105933
ESR,20200106,0.008,0.009,0.008,0.009,1620000
ETF,20200106,22.5,22.5,22.15,22.19,1659
EUC,20200106,0.018,0.018,0.018,0.018,347734
EUR,20200106,0.105,0.11,0.1,0.105,198071
EVE,20200106,0.006,0.006,0.005,0.005,399808
EVN,20200106,3.8,3.96,3.73,3.92,17957023
EVO,20200106,0.175,0.175,0.17,0.17,1697207
EVS,20200106,0.23,0.23,0.215,0.215,377651
EVT,20200106,14,14.25,13.95,14.06,24656
EWC,20200106,0.073,0.073,0.073,0.073,117137
EX1,20200106,0.32,0.325,0.32,0.325,93000
EXL,20200106,0.575,0.66,0.575,0.66,1230483
EXP,20200106,0.25,0.255,0.25,0.25,760179
EXR,20200106,0.034,0.036,0.034,0.036,566477
EZL,20200106,1.05,1.055,1.05,1.05,30173
FAM,20200106,0.054,0.054,0.054,0.054,28050
FAR,20200106,0.043,0.044,0.043,0.043,6613011
FAU,20200106,0.01,0.013,0.01,0.013,1363877
FBR,20200106,0.046,0.046,0.046,0.046,926032
FBU,20200106,4.98,5.01,4.86,4.92,678285
FCL,20200106,2.65,2.74,2.51,2.66,387844
FCT,20200106,0.165,0.17,0.165,0.17,68909
FDV,20200106,0.8,0.8,0.8,0.8,53264
FEL,20200106,0.017,0.018,0.015,0.015,2172958
FEX,20200106,0.059,0.061,0.059,0.061,520000
FFG,20200106,0.011,0.011,0.01,0.01,1403685
FFI,20200106,4.72,4.72,4.72,4.72,375
FFL,20200106,0.49,0.49,0.49,0.49,1484
FFR,20200106,0.059,0.059,0.058,0.058,62000
FGG,20200106,1.275,1.28,1.265,1.27,241318
FGR,20200106,0.145,0.15,0.145,0.15,190136
FGX,20200106,1.18,1.18,1.17,1.18,113604
FHS,20200106,0.014,0.014,0.013,0.013,302119
FID,20200106,5.51,5.54,5.51,5.52,10369
FLC,20200106,0.445,0.445,0.435,0.435,199749
FLN,20200106,0.575,0.575,0.57,0.575,61649
FLT,20200106,44,44.5,43.64,44.35,128682
FMG,20200106,10.74,10.77,10.55,10.77,9998928
FML,20200106,0.25,0.26,0.24,0.245,129128
FMS,20200106,0.059,0.06,0.059,0.06,20000
FNP,20200106,4.95,4.95,4.67,4.71,973525
FNT,20200106,0.01,0.01,0.01,0.01,1755000
FOD,20200106,0.078,0.078,0.078,0.078,12257
FOR,20200106,1.17,1.175,1.15,1.15,116906
FPH,20200106,21.21,21.72,21.04,21.52,230867
FPL,20200106,0.007,0.007,0.007,0.007,79149
FPP,20200106,0.93,0.93,0.93,0.93,3209
FRI,20200106,0.855,0.855,0.85,0.85,13269
FRN,20200106,0.022,0.022,0.021,0.021,1162107
FRX,20200106,0.028,0.03,0.028,0.03,250000
FSA,20200106,1.42,1.425,1.415,1.425,7500
FSF,20200106,3.85,3.87,3.85,3.85,13452
FSI,20200106,1.9,1.9,1.9,1.9,22100
FWD,20200106,2.06,2.09,2.03,2.05,61487
FXL,20200106,1.845,1.87,1.805,1.83,718791
FYI,20200106,0.056,0.056,0.053,0.053,328101
FZO,20200106,0.175,0.175,0.175,0.175,5263
FZR,20200106,0.19,0.19,0.19,0.19,9410
G1A,20200106,0.3,0.3,0.29,0.295,150917
G88,20200106,0.046,0.048,0.046,0.048,217109
GAL,20200106,0.135,0.155,0.135,0.155,628887
GAP,20200106,0.265,0.27,0.265,0.265,99220
GAS,20200106,0.65,0.65,0.65,0.65,15384
GBR,20200106,0.036,0.036,0.035,0.035,458700
GC1,20200106,0.825,0.825,0.825,0.825,8897
GCI,20200106,2.04,2.05,2.03,2.05,247589
GDF,20200106,1.41,1.415,1.39,1.4,76140
GDG,20200106,0.725,0.725,0.725,0.725,1020
GDI,20200106,1.47,1.49,1.47,1.49,206550
GDX,20200106,43.01,43.72,42.9,43.4,17880
GEM,20200106,1.95,1.97,1.915,1.955,2775606
GEV,20200106,0.14,0.145,0.14,0.145,38452
GFL,20200106,2.16,2.19,2.16,2.19,19805
GGE,20200106,0.006,0.006,0.006,0.006,586999
GGG,20200106,0.13,0.13,0.125,0.13,475387
GIB,20200106,0.064,0.064,0.06,0.064,46000
GID,20200106,0.015,0.016,0.015,0.016,104000
GLA,20200106,0.001,0.001,0.001,0.001,3000000
GLL,20200106,0.715,0.715,0.657,0.7,140405
GMA,20200106,3.67,3.69,3.62,3.68,352011
GMD,20200106,0.034,0.035,0.033,0.035,2243897
GMG,20200106,13.52,13.58,13.39,13.58,2513300
GML,20200106,0.016,0.016,0.016,0.016,502389
GMR,20200106,0.012,0.012,0.011,0.011,889667
GMV,20200106,0.084,0.084,0.083,0.083,39521
GNC,20200106,7.8,7.85,7.68,7.68,753065
GNE,20200106,2.91,2.98,2.9,2.98,8904
GNM,20200106,0.01,0.01,0.01,0.01,70000
GNX,20200106,0.23,0.23,0.22,0.225,259976
GOR,20200106,1.4,1.42,1.365,1.405,5358450
GOW,20200106,2.37,2.4,2.36,2.36,47063
GOZ,20200106,4.19,4.24,4.18,4.23,409081
GPR,20200106,0.52,0.52,0.495,0.52,131569
GPT,20200106,5.76,5.81,5.7,5.79,4367140
GPX,20200106,0.145,0.155,0.145,0.155,13165
GRB,20200106,0.09,0.09,0.086,0.087,430617
GRL,20200106,0.23,0.24,0.23,0.23,22194
GRR,20200106,0.25,0.255,0.245,0.25,5716094
GSM,20200106,0.067,0.067,0.067,0.067,5000
GSN,20200106,0.07,0.07,0.07,0.07,199528
GSS,20200106,0.98,0.99,0.965,0.99,38000
GSW,20200106,0.49,0.49,0.46,0.47,93435
GTE,20200106,0.003,0.003,0.003,0.003,6637232
GTG,20200106,0.006,0.006,0.005,0.005,35674000
GTK,20200106,3.57,3.65,3.56,3.6,8547
GTN,20200106,0.895,0.895,0.845,0.88,237561
GUD,20200106,11.11,11.3,11.07,11.23,175164
GVF,20200106,1.12,1.12,1.12,1.12,10550
GWA,20200106,3.35,3.38,3.3,3.33,236278
GWR,20200106,0.081,0.081,0.081,0.081,24586
GXY,20200106,1,1,0.97,0.98,1924236
HAS,20200106,0.125,0.125,0.12,0.12,359087
HAV,20200106,0.105,0.11,0.105,0.11,181666
HAW,20200106,0.08,0.08,0.08,0.08,25000
HCH,20200106,0.039,0.039,0.036,0.037,5176464
HE8,20200106,0.195,0.195,0.185,0.195,667065
HFR,20200106,0.7,0.75,0.7,0.75,84677
HGO,20200106,0.059,0.063,0.059,0.063,177196
HIL,20200106,0.325,0.35,0.32,0.35,355445
HIP,20200106,0.02,0.02,0.02,0.02,550
HIT,20200106,1.23,1.25,1.23,1.245,5046
HLA,20200106,1.095,1.095,1.095,1.095,5600
HLO,20200106,5,5,4.9,4.98,83667
HLS,20200106,2.75,2.77,2.715,2.72,1236486
HLX,20200106,0.014,0.014,0.013,0.014,828000
HM1,20200106,3.3,3.3,3.24,3.24,49344
HMC,20200106,3.86,3.92,3.83,3.87,44470
HMD,20200106,0.175,0.175,0.165,0.17,86318
HMX,20200106,0.022,0.022,0.022,0.022,676185
HNG,20200106,0.36,0.36,0.36,0.36,45000
HNR,20200106,0.009,0.009,0.009,0.009,4496869
HPI,20200106,3.14,3.15,3.12,3.12,154841
HRL,20200106,0.11,0.11,0.11,0.11,8736
HRR,20200106,0.1,0.105,0.1,0.1,347229
HRZ,20200106,0.083,0.085,0.081,0.083,356144
HSC,20200106,0.005,0.005,0.005,0.005,4400000
HSN,20200106,3.73,3.88,3.73,3.82,138621
HT1,20200106,1.665,1.68,1.655,1.68,23561
HTA,20200106,0.125,0.125,0.125,0.125,2325
HUB,20200106,11.13,11.2,10.74,10.86,195698
HUO,20200106,4.68,4.68,4.68,4.68,300000
HVN,20200106,4.1,4.15,4.09,4.13,1628157
HWK,20200106,0.006,0.006,0.006,0.006,2162696
HXG,20200106,0.067,0.068,0.067,0.068,12035
HYD,20200106,0.22,0.23,0.22,0.23,49562
HZN,20200106,0.13,0.13,0.125,0.13,750566
HZR,20200106,0.395,0.395,0.385,0.395,108107
IAA,20200106,94.25,96.05,94.25,95,3886
IAF,20200106,114.41,114.43,114.22,114.31,20798
IAG,20200106,7.49,7.505,7.38,7.48,6245296
IAM,20200106,0.001,0.001,0.001,0.001,123310
IAP,20200106,1.485,1.485,1.46,1.475,67954
IBG,20200106,0.013,0.013,0.013,0.013,40000
IBX,20200106,0.025,0.032,0.025,0.032,28352179
ICE,20200106,0.19,0.205,0.19,0.205,635690
ICG,20200106,0.002,0.002,0.001,0.001,9500000
ICI,20200106,0.031,0.031,0.031,0.031,42027
ICQ,20200106,0.305,0.31,0.295,0.31,164351
ICS,20200106,1.91,1.94,1.91,1.94,5854
ICT,20200106,0.06,0.06,0.06,0.06,150000
ICU,20200106,0.009,0.009,0.009,0.009,7901
ID8,20200106,0.32,0.33,0.315,0.32,127469
IDA,20200106,0.026,0.026,0.026,0.026,154434
IDT,20200106,0.14,0.14,0.13,0.14,151968
IDX,20200106,3.77,3.77,3.65,3.68,128586
IDZ,20200106,0.012,0.012,0.011,0.011,272959
IEL,20200106,17.36,17.63,17.3,17.58,334096
IEM,20200106,64.97,64.97,64.41,64.67,14367
IEU,20200106,67.75,67.75,67.12,67.25,8585
IFL,20200106,7.88,7.93,7.835,7.9,589407
IFM,20200106,2.14,2.15,2.07,2.13,101621
IFN,20200106,0.65,0.67,0.647,0.67,484239
IFT,20200106,5.05,5.05,5,5,1646
IGB,20200106,112.72,112.72,112.38,112.43,2042
IGE,20200106,0.245,0.245,0.205,0.24,4607352
IGL,20200106,2.52,2.535,2.44,2.46,365722
IGO,20200106,6.22,6.37,6.22,6.36,1968853
IHD,20200106,14.17,14.21,14.12,14.21,23054
IHL,20200106,0.061,0.062,0.06,0.06,1120252
IHR,20200106,0.095,0.1,0.095,0.1,109683
IJH,20200106,293.77,294.56,293.77,294.06,587
IJP,20200106,85.09,85.69,84.98,85.43,4219
IJR,20200106,120.56,120.56,119.74,119.82,559
IKO,20200106,89.7,89.7,88.4,88.4,375
ILB,20200106,127.3,128.28,127.3,128.13,1942
ILC,20200106,25.72,25.77,25.6,25.77,3119
ILU,20200106,9.1,9.15,9.03,9.11,912449
IMA,20200106,0.24,0.24,0.24,0.24,310576
IMC,20200106,0.13,0.13,0.13,0.13,6891
IMD,20200106,1.455,1.465,1.42,1.44,693610
IME,20200106,0.038,0.039,0.037,0.037,734390
IMF,20200106,4.33,4.41,4.31,4.36,2069207
IMM,20200106,0.26,0.28,0.26,0.275,258482
IMR,20200106,1.15,1.15,1.15,1.15,2500
IMU,20200106,0.031,0.032,0.031,0.031,8838017
INA,20200106,4.9,4.95,4.76,4.79,2731077
INF,20200106,0.06,0.065,0.059,0.065,101408
ING,20200106,3.38,3.42,3.35,3.38,796144
INP,20200106,0.02,0.02,0.018,0.018,101501
INR,20200106,0.185,0.19,0.18,0.185,657333
INV,20200106,0.093,0.093,0.09,0.09,10000
IOD,20200106,0.14,0.14,0.14,0.14,7142
IOO,20200106,78.02,78.68,77.65,78.05,20741
IOZ,20200106,27.33,27.46,27.16,27.45,158991
IP1,20200106,0.01,0.01,0.01,0.01,563
IPD,20200106,0.155,0.16,0.15,0.16,570224
IPH,20200106,8.14,8.21,8.12,8.16,507230
IPL,20200106,3.16,3.18,3.14,3.17,2492232
IPT,20200106,0.006,0.006,0.006,0.006,49500
IRD,20200106,0.071,0.071,0.07,0.071,45150
IRE,20200106,13.33,13.41,13.25,13.33,282811
IRI,20200106,3.26,3.28,3.22,3.22,72445
ISD,20200106,0.31,0.315,0.3,0.31,1262281
ISO,20200106,5.03,5.03,4.98,5.01,16334
ISU,20200106,0.48,0.5,0.48,0.5,64236
ITG,20200106,0.455,0.47,0.435,0.455,180117
IVC,20200106,13.35,13.54,13.26,13.49,223633
IVE,20200106,100.21,100.58,99.37,100.58,1549
IVR,20200106,0.024,0.024,0.022,0.022,5404546
IVV,20200106,465,465.88,464.04,465.5,5486
IVX,20200106,0.013,0.013,0.012,0.012,454667
IVZ,20200106,0.029,0.029,0.029,0.029,311604
IXC,20200106,0.86,0.86,0.85,0.85,39020
IXI,20200106,80,80,79.5,79.75,1133
IXJ,20200106,98.9,99.13,98.44,98.7,3752
IXU,20200106,0.069,0.069,0.069,0.069,9231
IZZ,20200106,64.06,64.06,62.84,63.99,3921
JAT,20200106,0.05,0.053,0.05,0.052,1106662
JAY,20200106,0.37,0.37,0.37,0.37,10000
JBH,20200106,38,38.75,37.67,38.54,326388
JDR,20200106,0.01,0.01,0.01,0.01,600000
JHC,20200106,1.005,1.017,1,1,627721
JHG,20200106,34.54,34.69,34.26,34.61,70092
JHX,20200106,27.7,28.37,27.7,28.28,534860
JIN,20200106,15.19,15.23,14.64,15.12,382853
JLG,20200106,2.3,2.3,2.27,2.28,125827
JMS,20200106,0.3,0.3,0.29,0.29,1674078
JRV,20200106,0.22,0.23,0.22,0.23,203330
JXT,20200106,0.16,0.16,0.14,0.14,27748
JYC,20200106,1.485,1.485,1.48,1.48,3500
K2F,20200106,0.265,0.265,0.26,0.26,24650
KAI,20200106,0.011,0.011,0.01,0.01,26100
KAR,20200106,1.16,1.27,1.16,1.26,8981630
KAT,20200106,0.85,0.85,0.835,0.835,62000
KCN,20200106,0.425,0.425,0.415,0.42,138059
KEY,20200106,0.006,0.006,0.006,0.006,3730710
KFE,20200106,0.065,0.065,0.058,0.06,242872
KGL,20200106,0.235,0.235,0.23,0.23,92715
KGM,20200106,0.006,0.006,0.006,0.006,83000
KGN,20200106,7.4,7.42,7.23,7.34,675924
KIN,20200106,0.035,0.035,0.035,0.035,2700
KKC,20200106,2.49,2.495,2.48,2.49,496703
KLA,20200106,65,65.8,64.15,64.95,2871
KLL,20200106,0.495,0.5,0.49,0.495,468446
KMD,20200106,3.19,3.2,3.14,3.16,318382
KME,20200106,1.26,1.295,1.25,1.26,59552
KMT,20200106,0.004,0.004,0.004,0.004,1536096
KNM,20200106,0.023,0.023,0.022,0.022,345386
KNO,20200106,0.091,0.093,0.091,0.093,710808
KOV,20200106,3.58,3.58,3.58,3.58,1391
KP2,20200106,0.018,0.018,0.018,0.018,20705
KPG,20200106,1,1,1,1,4000
KPO,20200106,0.031,0.031,0.03,0.03,873257
KRM,20200106,0.032,0.032,0.028,0.031,270511
KRR,20200106,0.022,0.022,0.021,0.021,1275126
KSL,20200106,1.48,1.48,1.45,1.48,149405
KSN,20200106,0.17,0.17,0.165,0.165,60333
KSS,20200106,0.315,0.325,0.315,0.325,213553
KTA,20200106,0.038,0.038,0.035,0.036,667625
KTD,20200106,0.385,0.39,0.385,0.385,143399
KTG,20200106,0.215,0.215,0.21,0.215,158204
KWR,20200106,0.185,0.185,0.185,0.185,123135
KYK,20200106,0.11,0.11,0.11,0.11,191830
KZA,20200106,0.6,0.6,0.6,0.6,25300
KZR,20200106,0.295,0.335,0.285,0.315,1036324
LAA,20200106,0.026,0.026,0.022,0.025,1255000
LAU,20200106,0.36,0.36,0.36,0.36,10349
LAW,20200106,0.067,0.073,0.067,0.073,2087228
LBL,20200106,0.69,0.69,0.69,0.69,13592
LBT,20200106,0.165,0.185,0.165,0.18,204325
LCD,20200106,0.014,0.014,0.014,0.014,56222
LCK,20200106,0.145,0.155,0.145,0.155,337839
LCT,20200106,0.017,0.018,0.017,0.018,326743
LEG,20200106,0.082,0.088,0.082,0.086,3252998
LEP,20200106,5.68,5.71,5.67,5.7,7958
LER,20200106,0.027,0.027,0.027,0.027,100000
LI3,20200106,0.025,0.025,0.025,0.025,369587
LIC,20200106,9.87,9.87,9.29,9.34,112387
LIN,20200106,0.035,0.035,0.031,0.032,6281949
LIT,20200106,0.062,0.065,0.06,0.061,3405617
LKE,20200106,0.038,0.038,0.033,0.034,919571
LLC,20200106,17.85,17.9,17.61,17.8,872542
LLO,20200106,2,2.04,1.975,1.975,9635
LME,20200106,1.87,1.87,1.83,1.84,12463
LMW,20200106,0.145,0.145,0.145,0.145,54000
LNG,20200106,0.2,0.205,0.195,0.2,1518248
LNK,20200106,5.85,5.93,5.8,5.89,1517757
LNU,20200106,0.025,0.026,0.024,0.024,1484630
LNY,20200106,0.008,0.008,0.007,0.007,522506
LOM,20200106,0.13,0.13,0.12,0.12,264338
LON,20200106,0.165,0.165,0.16,0.16,15000
LOT,20200106,0.052,0.06,0.052,0.06,35621
LOV,20200106,12.05,12.09,11.86,11.94,104348
LPD,20200106,0.016,0.016,0.016,0.016,190000
LPE,20200106,0.725,0.725,0.72,0.72,6441
LPI,20200106,0.3,0.3,0.27,0.27,291098
LRS,20200106,0.005,0.006,0.005,0.006,6381647
LRT,20200106,4.75,4.75,4.75,4.75,5200
LSF,20200106,1.625,1.64,1.61,1.635,286915
LSR,20200106,0.01,0.01,0.009,0.009,774600
LSX,20200106,0.465,0.465,0.46,0.46,51500
LTR,20200106,0.089,0.089,0.085,0.087,3346961
LVH,20200106,0.225,0.23,0.225,0.23,9538
LVT,20200106,0.28,0.285,0.27,0.28,887423
LYC,20200106,2.31,2.32,2.27,2.31,2682503
LYL,20200106,5.6,5.61,5.44,5.44,5598
M7T,20200106,0.67,0.675,0.665,0.675,347612
M8S,20200106,0.21,0.21,0.2,0.21,565779
MA1,20200106,1.025,1.025,1.02,1.02,65850
MAD,20200106,1.03,1.045,1.03,1.045,32693
MAG,20200106,0.215,0.22,0.21,0.21,187930
MAH,20200106,0.29,0.295,0.29,0.295,1078065
MAI,20200106,0.545,0.575,0.545,0.56,56899
MAM,20200106,0.5,0.51,0.5,0.51,75000
MAQ,20200106,23.28,24,23.28,24,5257
MAT,20200106,0.12,0.125,0.12,0.125,167580
MAU,20200106,0.5,0.5,0.5,0.5,90508
MAY,20200106,0.01,0.01,0.01,0.01,1333333
MCE,20200106,0.355,0.355,0.355,0.355,99290
MCP,20200106,2.51,2.65,2.48,2.65,421290
MCR,20200106,0.72,0.72,0.68,0.7,1985465
MCY,20200106,4.85,4.85,4.76,4.79,4307
MDC,20200106,0.3,0.32,0.295,0.305,64787
MDI,20200106,0.004,0.004,0.004,0.004,500000
MDR,20200106,0.39,0.39,0.37,0.37,11235
MEA,20200106,0.335,0.335,0.335,0.335,40442
MEB,20200106,0.01,0.01,0.01,0.01,1817368
MEC,20200106,0.96,0.96,0.96,0.96,3590
MEI,20200106,0.034,0.039,0.034,0.037,4470975
MEL,20200106,0.045,0.046,0.044,0.045,1344841
MEM,20200106,0.05,0.052,0.05,0.051,323974
MEP,20200106,0.052,0.052,0.052,0.052,992000
MEU,20200106,0.024,0.025,0.023,0.025,1050659
MEY,20200106,0.085,0.085,0.08,0.081,11014
MEZ,20200106,5,5,4.74,4.75,19325
MFD,20200106,1.02,1.02,1.02,1.02,21266
MFF,20200106,3.62,3.62,3.58,3.6,106869
MFG,20200106,58.25,59.56,57.72,59.34,256731
MGE,20200106,4.04,4.04,4.02,4.03,285721
MGG,20200106,2.02,2.02,1.98,1.98,473723
MGL,20200106,0.017,0.017,0.017,0.017,3879
MGR,20200106,3.21,3.24,3.19,3.23,5192074
MGV,20200106,0.093,0.095,0.093,0.093,592495
MGX,20200106,0.985,0.985,0.962,0.98,1290660
MHG,20200106,3.6,3.6,3.58,3.6,127295
MHH,20200106,1.635,1.635,1.62,1.635,153502
MHJ,20200106,0.695,0.705,0.69,0.7,115049
MIL,20200106,0.44,0.44,0.425,0.425,11887
MIN,20200106,16.59,16.66,16.33,16.52,661884
MIO,20200106,0.245,0.25,0.24,0.24,93908
MIR,20200106,2.7,2.73,2.67,2.73,26890
MLD,20200106,1.04,1.04,1.01,1.025,269605
MLL,20200106,0.075,0.078,0.075,0.078,357648
MLT,20200106,4.95,4.95,4.91,4.92,171786
MLX,20200106,0.078,0.078,0.076,0.078,643539
MME,20200106,1.415,1.415,1.35,1.4,229154
MMI,20200106,0.145,0.145,0.14,0.145,350881
MMJ,20200106,0.15,0.15,0.145,0.15,111140
MML,20200106,0.9,0.92,0.865,0.91,405483
MMM,20200106,0.35,0.35,0.35,0.35,652
MMS,20200106,13.02,13.18,12.81,12.88,186419
MNC,20200106,0.068,0.07,0.066,0.067,306723
MND,20200106,16.61,16.8,16.51,16.64,158344
MNF,20200106,5.02,5.02,4.88,5.01,26053
MNS,20200106,0.081,0.09,0.081,0.09,734410
MNW,20200106,0.019,0.02,0.019,0.02,453803
MNY,20200106,2.37,2.45,2.36,2.4,680581
MOC,20200106,1.265,1.285,1.25,1.28,115520
MOE,20200106,5.03,5.09,4.96,5.07,37701
MOH,20200106,0.05,0.05,0.05,0.05,15000
MOQ,20200106,0.24,0.24,0.24,0.24,10000
MOT,20200106,2.07,2.07,2.06,2.06,229081
MOZ,20200106,2.3,2.3,2.27,2.3,31566
MP1,20200106,10.61,10.61,10.17,10.26,188365
MPH,20200106,0.26,0.28,0.25,0.28,16300
MPL,20200106,3.15,3.19,3.12,3.18,7383804
MPW,20200106,0.084,0.084,0.084,0.084,133333
MQG,20200106,137.3,137.85,136.72,137.63,465385
MRC,20200106,0.265,0.285,0.265,0.285,57866
MRD,20200106,0.002,0.002,0.002,0.002,475000
MRM,20200106,0.175,0.175,0.17,0.17,215658
MRQ,20200106,0.027,0.027,0.024,0.025,18324582
MRV,20200106,0.003,0.003,0.003,0.003,114558
MRZ,20200106,0.25,0.25,0.25,0.25,12750
MSB,20200106,2.1,2.17,2.1,2.14,1084143
MSE,20200106,0.012,0.012,0.011,0.012,1552440
MSG,20200106,0.019,0.019,0.018,0.018,348004
MSV,20200106,0.059,0.06,0.059,0.059,1427288
MTC,20200106,0.038,0.038,0.037,0.037,538390
MTH,20200106,0.009,0.009,0.009,0.009,125928
MTO,20200106,1.995,2.01,1.99,2,8881
MTS,20200106,2.53,2.54,2.5,2.51,2370105
MVA,20200106,24.8,25.02,24.75,25.02,18270
MVB,20200106,26.08,26.08,25.74,25.75,4525
MVE,20200106,29.07,29.28,29.07,29.28,4090
MVF,20200106,1.035,1.045,1.025,1.025,150437
MVP,20200106,9.06,9.18,8.91,8.91,161405
MVR,20200106,30.5,30.5,30.21,30.39,1262
MVS,20200106,20.4,20.5,20.4,20.5,6915
MVW,20200106,31.13,31.21,30.85,31.17,61655
MWR,20200106,0.295,0.3,0.28,0.3,451948
MWY,20200106,1.9,1.915,1.86,1.9,43629
MX1,20200106,0.195,0.2,0.185,0.185,594208
MXC,20200106,0.033,0.033,0.031,0.032,1862800
MXI,20200106,0.215,0.215,0.21,0.21,110732
MXT,20200106,2.07,2.07,2.06,2.07,398855
MYE,20200106,0.94,0.94,0.92,0.935,42677
MYL,20200106,0.047,0.049,0.046,0.046,3717288
MYQ,20200106,0.26,0.26,0.245,0.245,102000
MYR,20200106,0.475,0.475,0.465,0.465,724266
MYS,20200106,4.99,5.03,4.95,4.95,122603
MYX,20200106,0.45,0.45,0.435,0.44,2594693
MZZ,20200106,0.23,0.23,0.22,0.23,26243
NAB,20200106,24.59,24.64,24.36,24.55,4824722
NAM,20200106,0.315,0.315,0.315,0.315,3000
NAN,20200106,6.33,6.34,6.18,6.31,640140
NBI,20200106,2.08,2.09,2.07,2.07,190022
NC6,20200106,0.052,0.052,0.052,0.052,14600
NCC,20200106,1.03,1.03,1.02,1.03,26921
NCK,20200106,6.75,6.87,6.7,6.82,91716
NCM,20200106,30.7,31.44,30.63,31.37,3977398
NCR,20200106,0.014,0.014,0.013,0.013,725888
NCZ,20200106,0.275,0.28,0.26,0.27,1750892
NDQ,20200106,21.41,21.43,21.35,21.42,173478
NEA,20200106,2.5,2.52,2.47,2.49,2562720
NEC,20200106,1.82,1.845,1.802,1.83,2341879
NET,20200106,0.12,0.12,0.115,0.115,1290558
NEU,20200106,2.59,2.61,2.57,2.61,51204
NEW,20200106,1.35,1.35,1.33,1.35,50030
NGE,20200106,0.68,0.71,0.68,0.7,19837
NGI,20200106,2.77,2.83,2.77,2.8,188747
NHC,20200106,2.08,2.09,2.04,2.09,1458096
NHF,20200106,6.31,6.395,6.3,6.37,438606
NIC,20200106,0.65,0.655,0.635,0.645,845057
NML,20200106,0.12,0.12,0.115,0.115,1405774
NMT,20200106,0.195,0.195,0.195,0.195,283387
NNW,20200106,0.07,0.075,0.07,0.075,47618
NOR,20200106,0.043,0.047,0.043,0.043,641114
NOV,20200106,0.205,0.22,0.205,0.215,207268
NOX,20200106,0.275,0.285,0.275,0.285,160539
NSB,20200106,0.205,0.205,0.19,0.19,37901
NSC,20200106,0.74,0.755,0.74,0.755,43801
NSR,20200106,1.91,1.95,1.905,1.94,3890419
NST,20200106,12.01,12.2,11.87,12.1,5835235
NTD,20200106,0.45,0.45,0.445,0.445,65793
NTI,20200106,0.017,0.017,0.017,0.017,49784
NTL,20200106,0.006,0.006,0.006,0.006,163888
NTM,20200106,0.081,0.089,0.081,0.084,2042017
NTO,20200106,1.65,1.66,1.6,1.64,150549
NTU,20200106,0.059,0.06,0.059,0.059,1625359
NUC,20200106,3.72,3.72,3.61,3.61,41113
NUF,20200106,6.01,6.05,5.92,5.93,1260588
NUH,20200106,0.036,0.039,0.034,0.035,4113865
NUS,20200106,0.32,0.32,0.32,0.32,90000
NVA,20200106,0.049,0.053,0.047,0.053,4602648
NVL,20200106,3.63,3.64,3.63,3.63,214172
NVO,20200106,0.015,0.016,0.015,0.015,558854
NVX,20200106,0.5,0.5,0.47,0.475,134236
NWC,20200106,0.016,0.016,0.014,0.014,527239
NWE,20200106,0.006,0.006,0.005,0.005,9450878
NWH,20200106,3.08,3.12,3.04,3.07,2162732
NWL,20200106,8.14,8.27,8.01,8.06,337296
NWM,20200106,0.18,0.18,0.18,0.18,10000
NWS,20200106,20.77,21.41,20.77,21.34,176349
NXE,20200106,0.012,0.012,0.012,0.012,12967
NXS,20200106,1.96,1.97,1.91,1.92,99300
NXT,20200106,6.49,6.58,6.43,6.56,900548
NZC,20200106,0.29,0.29,0.28,0.28,135385
NZK,20200106,1.99,1.99,1.99,1.99,33
NZM,20200106,0.375,0.395,0.37,0.39,8429
NZS,20200106,0.013,0.013,0.013,0.013,1977
OAR,20200106,0.005,0.005,0.005,0.005,5032715
OAU,20200106,0.02,0.02,0.02,0.02,204427
OBM,20200106,0.18,0.18,0.175,0.175,928322
OCA,20200106,1.28,1.28,1.28,1.28,4
OCC,20200106,0.49,0.49,0.48,0.485,262224
OCL,20200106,6.3,6.3,6.09,6.19,6408
OEC,20200106,0.35,0.35,0.35,0.35,100000
OEL,20200106,0.038,0.039,0.038,0.038,4908428
OFX,20200106,1.41,1.41,1.38,1.4,118823
OGA,20200106,0.13,0.13,0.13,0.13,314166
OGC,20200106,2.87,2.94,2.85,2.9,571997
OIL,20200106,0.037,0.038,0.036,0.038,338245
OKU,20200106,0.165,0.175,0.165,0.17,1466370
OLI,20200106,0.076,0.077,0.072,0.072,173085
OLL,20200106,0.175,0.24,0.175,0.22,4937887
OMH,20200106,0.49,0.505,0.49,0.5,387689
OML,20200106,3.76,3.81,3.72,3.73,457177
ONX,20200106,0.08,0.08,0.08,0.08,8235
OOO,20200106,16.5,16.56,16.39,16.56,29504
OPC,20200106,4.01,4.06,4,4.06,5960
OPH,20200106,2.49,2.5,2.485,2.5,191802
OPT,20200106,2.9,2.96,2.83,2.93,1766170
OPY,20200106,1.245,1.245,1.19,1.19,528398
ORA,20200106,3.17,3.19,3.13,3.17,2151879
ORE,20200106,2.8,2.86,2.74,2.84,802276
ORG,20200106,8.51,8.6,8.51,8.58,2155976
ORI,20200106,21.95,22.26,21.95,22.21,652566
ORN,20200106,0.023,0.023,0.023,0.023,100000
ORR,20200106,0.415,0.415,0.41,0.41,30043
OSH,20200106,7.51,7.71,7.51,7.67,4615740
OSL,20200106,0.17,0.17,0.155,0.16,693522
OSP,20200106,0.03,0.03,0.028,0.029,1059487
OSX,20200106,0.715,0.72,0.705,0.71,52628
OTW,20200106,4.65,4.65,4.5,4.6,52884
OVH,20200106,0.38,0.385,0.38,0.385,96407
OVL,20200106,0.009,0.009,0.008,0.008,203643
OVN,20200106,0.495,0.495,0.49,0.49,14480
OVT,20200106,0.049,0.049,0.049,0.049,7000
OZF,20200106,19.09,19.19,19.07,19.19,22647
OZL,20200106,10.64,10.7,10.52,10.68,741315
OZR,20200106,12.11,12.22,12.1,12.22,9195
P2P,20200106,0.064,0.064,0.064,0.064,4728
PAA,20200106,0.107,0.107,0.105,0.105,30675
PAB,20200106,0.019,0.02,0.019,0.02,1415000
PAC,20200106,6.26,6.32,6.22,6.23,48446
PAF,20200106,0.94,0.95,0.93,0.93,103482
PAI,20200106,1.09,1.095,1.08,1.08,113900
PAL,20200106,1.065,1.065,1.065,1.065,3000
PAN,20200106,0.31,0.315,0.31,0.31,672198
PAR,20200106,3.36,3.41,3.15,3.19,645962
PBH,20200106,5.12,5.33,5.01,5.33,1411805
PBP,20200106,1.99,2.01,1.985,2.01,22449
PCI,20200106,1.135,1.14,1.135,1.14,185681
PCK,20200106,0.195,0.195,0.185,0.19,1494548
PCL,20200106,0.002,0.002,0.002,0.002,2336666
PDI,20200106,0.01,0.01,0.009,0.01,8133577
PDL,20200106,8.52,8.84,8.48,8.79,844969
PDN,20200106,0.096,0.098,0.093,0.096,1913904
PE1,20200106,1.6,1.65,1.54,1.58,99549
PEC,20200106,0.045,0.045,0.045,0.045,4923
PEK,20200106,0.039,0.039,0.038,0.038,188694
PEN,20200106,0.17,0.17,0.17,0.17,35782
PET,20200106,0.82,0.82,0.795,0.82,492817
PEX,20200106,0.24,0.24,0.225,0.23,409300
PFG,20200106,0.08,0.08,0.08,0.08,100068
PFP,20200106,3.5,3.51,3.45,3.49,48790
PG1,20200106,0.105,0.105,0.1,0.1,29183
PGC,20200106,0.44,0.44,0.42,0.42,282155
PGF,20200106,1.27,1.275,1.255,1.275,178424
PGG,20200106,2.05,2.06,2.05,2.06,120281
PGH,20200106,2.71,2.73,2.64,2.65,235803
PGI,20200106,0.037,0.039,0.037,0.038,298265
PGL,20200106,1.995,2.01,1.95,1.95,22606
PGM,20200106,0.018,0.018,0.017,0.017,280000
PGX,20200106,0.35,0.35,0.35,0.35,118059
PGY,20200106,0.022,0.025,0.022,0.022,226278
PIA,20200106,1.135,1.15,1.135,1.15,174067
PIC,20200106,1.085,1.085,1.07,1.08,175918
PIN,20200106,0.071,0.08,0.07,0.071,87735
PIO,20200106,0.012,0.012,0.012,0.012,276924
PIQ,20200106,0.275,0.28,0.275,0.28,110765
PKS,20200106,0.165,0.165,0.165,0.165,165684
PL8,20200106,1.19,1.195,1.185,1.185,412733
PLL,20200106,0.115,0.115,0.115,0.115,1426191
PLS,20200106,0.305,0.305,0.29,0.295,6487723
PM1,20200106,0.016,0.016,0.016,0.016,512500
PM8,20200106,0.165,0.165,0.165,0.165,32000
PMC,20200106,1.7,1.73,1.69,1.695,116467
PME,20200106,22.89,22.89,21.8,22.12,294515
PMV,20200106,18.98,19.22,18.83,19.15,116074
PMY,20200106,0.007,0.007,0.007,0.007,3073500
PNC,20200106,1.79,1.825,1.785,1.805,480687
PNI,20200106,4.68,4.71,4.52,4.61,281999
PNN,20200106,0.003,0.003,0.003,0.003,245016
PNR,20200106,0.155,0.155,0.15,0.152,1975652
PNV,20200106,1.865,1.87,1.8,1.815,2441595
PO3,20200106,3.99,3.99,3.85,3.85,2667
POS,20200106,0.043,0.045,0.043,0.043,1400702
POU,20200106,18.45,18.45,18.44,18.44,4604
PPC,20200106,1.275,1.28,1.265,1.28,2294
PPE,20200106,3.18,3.21,3.16,3.21,21573
PPG,20200106,0.115,0.115,0.115,0.115,72534
PPH,20200106,3.93,3.95,3.84,3.9,200623
PPK,20200106,5.18,5.18,4.96,5.1,52516
PPS,20200106,0.495,0.505,0.485,0.49,360919
PPT,20200106,40.88,41.57,40.7,41.4,94635
PPY,20200106,0.017,0.017,0.017,0.017,18049
PRM,20200106,0.002,0.002,0.002,0.002,250000
PRN,20200106,1.655,1.66,1.605,1.65,2034863
PRT,20200106,0.175,0.18,0.17,0.175,206593
PRU,20200106,1.16,1.165,1.12,1.14,8612074
PRX,20200106,0.07,0.07,0.067,0.067,182015
PSA,20200106,0.07,0.07,0.065,0.065,21958
PSC,20200106,0.19,0.195,0.19,0.195,96126
PSI,20200106,3.05,3.1,3.04,3.07,43959
PSQ,20200106,1.71,1.71,1.71,1.71,7378
PSZ,20200106,0.038,0.038,0.038,0.038,26342
PTB,20200106,0.8,0.8,0.795,0.795,48453
PTL,20200106,0.33,0.33,0.325,0.325,6734
PTM,20200106,4.41,4.48,4.35,4.45,532698
PTR,20200106,0.037,0.037,0.037,0.037,25231
PTX,20200106,0.054,0.054,0.054,0.054,1888835
PUA,20200106,0.016,0.016,0.016,0.016,10800
PVE,20200106,0.052,0.053,0.052,0.053,207844
PVS,20200106,1.42,1.5,1.42,1.485,409524
PWG,20200106,1.17,1.175,1.17,1.175,63276
PWH,20200106,4.73,4.85,4.73,4.77,19368
PWN,20200106,0.009,0.009,0.008,0.008,12550898
PXS,20200106,0.15,0.16,0.15,0.155,281863
PXX,20200106,0.042,0.042,0.04,0.041,965287
PYC,20200106,0.06,0.065,0.06,0.063,2257657
QAG,20200106,5.61,5.69,5.61,5.69,22943
QAN,20200106,7.01,7.03,6.91,7,6670614
QAU,20200106,15.5,15.87,15.5,15.84,121352
QBE,20200106,12.72,12.8,12.63,12.8,3354679
QFE,20200106,0.35,0.36,0.35,0.36,134485
QFN,20200106,10.64,10.66,10.63,10.66,24993
QFY,20200106,0.005,0.005,0.004,0.004,8013532
QGL,20200106,0.07,0.07,0.07,0.07,68293
QHL,20200106,0.115,0.12,0.115,0.115,616717
QIP,20200106,1.37,1.385,1.36,1.37,22946
QMS,20200106,1.207,1.21,1.205,1.205,110838
QOZ,20200106,13.59,13.62,13.52,13.62,96566
QRE,20200106,6.63,6.69,6.62,6.69,11410
QRI,20200106,1.62,1.62,1.615,1.62,221218
QTM,20200106,0.038,0.04,0.038,0.04,427520
QUB,20200106,3.35,3.36,3.32,3.34,1563357
QUS,20200106,38.8,38.86,38.8,38.8,4060
QVE,20200106,1.04,1.04,1.025,1.03,121901
RAC,20200106,0.19,0.22,0.19,0.215,944897
RAN,20200106,0.02,0.021,0.019,0.019,303238
RAP,20200106,0.24,0.245,0.23,0.245,1401600
RBL,20200106,1.1,1.145,1.085,1.125,474104
RBR,20200106,0.012,0.012,0.012,0.012,890000
RCB,20200106,20.7,20.73,20.67,20.73,6447
RCE,20200106,0.34,0.37,0.34,0.36,327892
RCL,20200106,0.305,0.305,0.305,0.305,15000
RDC,20200106,1.12,1.12,1.105,1.105,176680
RDF,20200106,0.5,0.5,0.5,0.5,5000
RDV,20200106,29.51,29.58,29.48,29.58,5479
RDY,20200106,1.79,1.79,1.74,1.74,20138
REA,20200106,105.8,107.8,105.32,107.3,104382
RED,20200106,0.355,0.36,0.35,0.36,6846519
REE,20200106,0.041,0.043,0.041,0.043,57625
REG,20200106,2.47,2.5,2.41,2.47,227778
REH,20200106,11.47,11.48,11.36,11.41,24595
RES,20200106,0.095,0.095,0.095,0.095,24000
REV,20200106,0.012,0.012,0.012,0.012,120928
REX,20200106,1.21,1.21,1.19,1.2,36012
REY,20200106,0.215,0.215,0.215,0.215,6221
REZ,20200106,0.015,0.016,0.015,0.016,1329500
RF1,20200106,2.6,2.63,2.58,2.59,86951
RFF,20200106,1.94,1.965,1.93,1.955,422054
RFG,20200106,0.105,0.105,0.1,0.1,16114484
RFN,20200106,0.004,0.004,0.003,0.003,462290
RFR,20200106,0.095,0.095,0.095,0.095,50000
RFT,20200106,0.046,0.048,0.046,0.048,404074
RFX,20200106,0.045,0.045,0.045,0.045,111832
RGI,20200106,0.115,0.115,0.11,0.11,197744
RGS,20200106,0.075,0.084,0.075,0.084,87223
RHC,20200106,72.01,72.89,71.71,72.78,166766
RHI,20200106,0.22,0.22,0.22,0.22,2500
RHP,20200106,2.02,2.02,1.91,2.02,405525
RHT,20200106,0.25,0.28,0.25,0.275,2046059
RHY,20200106,0.125,0.125,0.125,0.125,22740
RIC,20200106,1.07,1.085,1.045,1.08,267902
RIM,20200106,0.002,0.002,0.002,0.002,1000000
RIO,20200106,100.78,101.15,100,101.13,660362
RKN,20200106,0.78,0.795,0.78,0.795,3840
RLE,20200106,0.028,0.029,0.028,0.029,69054
RLG,20200106,0.034,0.035,0.034,0.035,110000
RLT,20200106,1.5,1.5,1.4,1.4,12681
RMC,20200106,1.51,1.51,1.49,1.505,54614
RMD,20200106,22.22,22.36,22.135,22.28,333462
RML,20200106,0.051,0.051,0.051,0.051,85241
RMP,20200106,0.011,0.011,0.011,0.011,240000
RMS,20200106,1.335,1.37,1.31,1.37,3260905
RMX,20200106,0.005,0.005,0.005,0.005,737488
RMY,20200106,0.35,0.35,0.35,0.35,5000
RND,20200106,2.47,2.47,2.47,2.47,2500
RNE,20200106,0.025,0.025,0.025,0.025,53050
RNO,20200106,0.21,0.21,0.21,0.21,71428
RNT,20200106,0.048,0.048,0.046,0.046,75100
RNU,20200106,0.011,0.011,0.011,0.011,550000
RNX,20200106,0.002,0.002,0.002,0.002,700000
ROG,20200106,0.002,0.003,0.002,0.003,3502726
ROO,20200106,0.033,0.033,0.032,0.032,168866
RPM,20200106,0.17,0.175,0.17,0.17,56113
RRL,20200106,4.47,4.52,4.39,4.48,3747640
RSG,20200106,1.305,1.315,1.245,1.28,17699916
RSH,20200106,0.088,0.088,0.088,0.088,14296
RSM,20200106,21.41,21.41,21.41,21.41,459
RTE,20200106,0.415,0.415,0.385,0.415,13067
RTG,20200106,0.095,0.097,0.095,0.097,172367
RTR,20200106,0.066,0.066,0.066,0.066,15000
RUL,20200106,0.845,0.86,0.84,0.85,235115
RVR,20200106,0.15,0.15,0.14,0.145,428732
RVS,20200106,0.7,0.7,0.695,0.7,40000
RWC,20200106,4.11,4.16,4.025,4.03,1693196
RXL,20200106,0.027,0.027,0.026,0.027,4662287
RXM,20200106,0.071,0.071,0.07,0.07,35047
RXP,20200106,0.52,0.53,0.515,0.52,130078
RZI,20200106,0.825,0.845,0.825,0.83,17821
S2R,20200106,0.12,0.12,0.12,0.12,73849
S32,20200106,2.67,2.73,2.63,2.72,18149843
SAR,20200106,3.57,3.6,3.54,3.55,11833481
SAU,20200106,0.2,0.2,0.2,0.2,7540
SBM,20200106,2.81,2.86,2.765,2.84,6687954
SCG,20200106,3.88,3.9,3.85,3.89,6265042
SCL,20200106,0.029,0.029,0.028,0.028,2017695
SCN,20200106,0.016,0.016,0.016,0.016,50000
SCP,20200106,2.72,2.73,2.695,2.72,1538481
SCT,20200106,0.073,0.073,0.069,0.069,53836
SDA,20200106,0.98,0.98,0.915,0.94,3244370
SDF,20200106,3.5,3.64,3.5,3.62,1271154
SDG,20200106,1.645,1.665,1.645,1.645,3848
SDI,20200106,0.85,0.85,0.845,0.845,3627
SDV,20200106,0.72,0.72,0.68,0.69,233052
SEC,20200106,1.825,1.825,1.81,1.82,31122
SEK,20200106,22.22,22.59,22.05,22.55,380570
SEN,20200106,0.068,0.068,0.066,0.067,496568
SER,20200106,0.004,0.004,0.004,0.004,37000
SES,20200106,0.092,0.092,0.092,0.092,3260
SF1,20200106,0.026,0.026,0.026,0.026,94128
SFC,20200106,14.43,14.56,14.35,14.35,1056
SFG,20200106,0.076,0.076,0.074,0.074,325514
SFR,20200106,5.91,5.99,5.87,5.99,764613
SFX,20200106,0.34,0.345,0.32,0.33,299557
SFY,20200106,61.25,61.74,61.2,61.74,17394
SGC,20200106,0.038,0.041,0.038,0.041,616610
SGF,20200106,2.6,2.6,2.55,2.58,57272
SGH,20200106,1.12,1.12,1.04,1.04,19133
SGM,20200106,10.81,10.925,10.76,10.91,403709
SGP,20200106,4.67,4.7,4.62,4.7,3467188
SGQ,20200106,0.13,0.13,0.125,0.125,220114
SGR,20200106,4.56,4.635,4.55,4.63,1082625
SHH,20200106,0.003,0.004,0.003,0.004,2900481
SHJ,20200106,0.94,0.95,0.94,0.95,33868
SHL,20200106,28.85,29.31,28.66,29.21,610008
SHM,20200106,0.68,0.69,0.675,0.69,28551
SHO,20200106,0.032,0.032,0.032,0.032,25000
SHV,20200106,8.21,8.37,8.15,8.32,220181
SIG,20200106,0.575,0.58,0.565,0.58,2287047
SIL,20200106,0.069,0.077,0.069,0.072,186754
SIQ,20200106,6.95,6.95,6.74,6.78,1115904
SIS,20200106,0.023,0.023,0.023,0.023,39000
SIV,20200106,0.665,0.675,0.665,0.675,9658
SKC,20200106,3.78,3.8,3.745,3.77,256949
SKI,20200106,2.08,2.09,2.07,2.08,36851240
SKO,20200106,4.82,4.84,4.75,4.75,24744
SKT,20200106,0.7,0.705,0.68,0.685,129431
SKY,20200106,0.097,0.1,0.097,0.1,532500
SLC,20200106,0.95,0.95,0.915,0.92,558639
SLF,20200106,13.94,14.06,13.92,14.06,31460
SLK,20200106,4.83,4.83,4.49,4.65,909055
SLM,20200106,0.815,0.82,0.815,0.815,112091
SLR,20200106,1.43,1.43,1.36,1.39,8130208
SLX,20200106,0.41,0.41,0.385,0.385,64946
SM1,20200106,8.67,8.73,8.58,8.68,34554
SM8,20200106,0.06,0.06,0.057,0.057,116500
SMD,20200106,0.006,0.006,0.006,0.006,250000
SMI,20200106,0.004,0.004,0.004,0.004,17720000
SMN,20200106,0.98,0.98,0.94,0.96,41248
SMP,20200106,0.52,0.545,0.515,0.53,91185
SMR,20200106,1.08,1.09,1.075,1.085,49086
SMX,20200106,0.41,0.44,0.41,0.44,94731
SNC,20200106,0.825,0.835,0.82,0.835,46110
SNS,20200106,0.11,0.11,0.11,0.11,5000
SNZ,20200106,8.63,8.63,8.63,8.63,380
SO4,20200106,0.77,0.77,0.77,0.77,1367
SOL,20200106,21.6,21.88,21.46,21.81,239489
SOM,20200106,2.84,2.85,2.84,2.85,1580
SOP,20200106,0.045,0.045,0.045,0.045,19408
SOR,20200106,0.084,0.084,0.082,0.084,95315
SPK,20200106,4.19,4.215,4.16,4.19,405057
SPL,20200106,1.22,1.22,1.185,1.2,231889
SPT,20200106,0.675,0.68,0.665,0.675,267976
SPX,20200106,0.072,0.078,0.072,0.078,2296818
SPY,20200106,466,466,462.69,462.93,69
SPZ,20200106,0.24,0.24,0.24,0.24,31632
SRG,20200106,0.395,0.395,0.365,0.37,475543
SRI,20200106,0.072,0.072,0.072,0.072,187560
SRK,20200106,0.049,0.049,0.048,0.048,224700
SRN,20200106,0.003,0.003,0.003,0.003,49214
SRV,20200106,4.12,4.21,4.03,4.21,31011
SRZ,20200106,0.011,0.011,0.011,0.011,175000
SSG,20200106,0.68,0.68,0.665,0.67,48795
SSM,20200106,2.7,2.71,2.665,2.68,790637
SSO,20200106,15.53,15.53,15.44,15.44,1052
SST,20200106,12.5,12.5,12.5,12.5,175
ST1,20200106,0.21,0.21,0.195,0.205,153013
STA,20200106,0.11,0.11,0.105,0.105,1186
STG,20200106,1.485,1.485,1.43,1.43,47092
STM,20200106,0.015,0.015,0.015,0.015,100000
STN,20200106,0.315,0.315,0.315,0.315,31001
STO,20200106,8.43,8.65,8.42,8.59,4665355
STW,20200106,62,62.29,61.61,62.26,192042
STX,20200106,0.2,0.2,0.19,0.195,1232202
SUD,20200106,0.059,0.059,0.059,0.059,4000
SUL,20200106,10.24,10.27,10.14,10.25,423176
SUN,20200106,12.84,12.84,12.67,12.78,3236902
SUP,20200106,0.011,0.011,0.011,0.011,900000
SVA,20200106,0.031,0.034,0.031,0.034,2452925
SVL,20200106,0.125,0.125,0.11,0.12,5801302
SVM,20200106,0.094,0.094,0.094,0.094,20000
SVW,20200106,19.49,19.55,19.25,19.44,232080
SVY,20200106,0.97,0.97,0.94,0.955,132718
SWF,20200106,0.15,0.165,0.15,0.165,189247
SWK,20200106,0.175,0.18,0.175,0.18,122538
SWM,20200106,0.335,0.345,0.322,0.325,1841627
SXA,20200106,0.056,0.056,0.055,0.055,88999
SXE,20200106,0.59,0.595,0.59,0.595,73177
SXL,20200106,0.85,0.855,0.83,0.845,1320155
SXY,20200106,0.36,0.365,0.355,0.36,8659012
SYA,20200106,0.017,0.018,0.017,0.017,12955167
SYD,20200106,8.6,8.64,8.535,8.62,4465975
SYI,20200106,29.18,29.19,29,29.19,8720
SYR,20200106,0.52,0.53,0.5,0.52,2106006
SYT,20200106,0.001,0.001,0.001,0.001,650000
SZL,20200106,1.375,1.405,1.17,1.36,3183943
TAH,20200106,4.55,4.57,4.52,4.53,4479729
TAM,20200106,0.042,0.042,0.041,0.042,164272
TAO,20200106,0.11,0.11,0.11,0.11,69500
TAP,20200106,0.125,0.135,0.125,0.135,246069
TAR,20200106,0.012,0.012,0.012,0.012,24450
TAS,20200106,0.04,0.04,0.04,0.04,154599
TBR,20200106,5.41,5.57,5.3,5.57,31693
TCL,20200106,14.74,14.93,14.71,14.87,4507162
TD1,20200106,0.046,0.047,0.045,0.046,4960288
TDI,20200106,1.725,1.74,1.7,1.74,134130
TDL,20200106,0.03,0.03,0.03,0.03,8463
TDO,20200106,0.093,0.093,0.089,0.089,286815
TEG,20200106,0.059,0.059,0.059,0.059,45136
TEK,20200106,0.28,0.28,0.28,0.28,68233
TER,20200106,0.37,0.37,0.37,0.37,500
TFL,20200106,0.125,0.13,0.125,0.125,216175
TGA,20200106,0.23,0.23,0.21,0.21,23900
TGF,20200106,2.11,2.11,2.07,2.11,123015
TGG,20200106,1.37,1.37,1.355,1.37,163477
TGH,20200106,0.185,0.185,0.18,0.18,167779
TGM,20200106,0.21,0.24,0.21,0.22,192893
TGN,20200106,0.18,0.19,0.18,0.19,109187
TGP,20200106,1.135,1.14,1.13,1.14,26373
TGR,20200106,4.22,4.23,4.175,4.23,397685
THC,20200106,0.385,0.385,0.37,0.37,244297
THR,20200106,0.008,0.008,0.008,0.008,411922
TIE,20200106,0.295,0.295,0.28,0.28,296992
TIG,20200106,0.011,0.011,0.011,0.011,125152
TIN,20200106,0.09,0.09,0.09,0.09,15000
TIP,20200106,0.8,0.8,0.8,0.8,20000
TKL,20200106,0.007,0.007,0.007,0.007,153038
TLG,20200106,0.46,0.465,0.435,0.44,159792
TLM,20200106,0.093,0.095,0.092,0.095,494589
TLS,20200106,3.58,3.635,3.55,3.62,17087753
TLT,20200106,3.26,3.29,3.2,3.2,8087
TLX,20200106,1.59,1.59,1.51,1.56,263323
TMK,20200106,0.005,0.005,0.005,0.005,4031
TMR,20200106,0.22,0.255,0.22,0.225,1003612
TMT,20200106,0.135,0.135,0.13,0.13,55673
TMZ,20200106,0.032,0.032,0.032,0.032,62500
TNE,20200106,8.45,8.765,8.36,8.65,975099
TNG,20200106,0.09,0.09,0.087,0.088,266538
TNK,20200106,1.37,1.37,1.37,1.37,15750
TNR,20200106,0.008,0.008,0.007,0.008,720573
TNT,20200106,0.045,0.045,0.043,0.044,2946003
TNY,20200106,2.23,2.27,2.19,2.23,37383
TOE,20200106,0.008,0.008,0.007,0.007,323547
TON,20200106,0.037,0.038,0.036,0.038,232222
TOP,20200106,0.675,0.68,0.67,0.67,56311
TOT,20200106,1.045,1.05,1.04,1.05,143188
TPM,20200106,6.72,6.85,6.69,6.85,734802
TPP,20200106,0.049,0.049,0.049,0.049,345000
TPS,20200106,0.145,0.145,0.145,0.145,63487
TPW,20200106,2.75,2.8,2.58,2.68,56699
TRS,20200106,3.79,4.05,3.61,4.05,206409
TRT,20200106,0.023,0.023,0.023,0.023,30000
TRY,20200106,0.096,0.105,0.096,0.1,1494610
TSC,20200106,0.011,0.012,0.01,0.012,43776069
TTB,20200106,0.078,0.08,0.077,0.08,960522
TTM,20200106,0.185,0.185,0.17,0.17,407258
TTT,20200106,1,1,0.96,0.965,206797
TWD,20200106,3.35,3.39,3.33,3.39,9170
TWE,20200106,16.12,16.23,16.065,16.18,1996621
TWR,20200106,0.69,0.69,0.69,0.69,242
TYR,20200106,3.57,3.59,3.48,3.48,342246
TYX,20200106,0.003,0.003,0.003,0.003,2390000
TZL,20200106,0.1,0.1,0.1,0.1,6928
TZN,20200106,0.034,0.034,0.034,0.034,2662
UBA,20200106,22.3,22.3,22.1,22.16,3237
UBN,20200106,0.064,0.067,0.064,0.066,1083422
UBP,20200106,29.5,29.5,29.5,29.5,66
UBW,20200106,30.3,30.32,30.25,30.32,1606
UCM,20200106,0.115,0.14,0.115,0.12,190903
UNV,20200106,0.24,0.255,0.24,0.245,1083887
UOS,20200106,0.865,0.865,0.84,0.84,16186
URF,20200106,0.87,0.88,0.87,0.875,129025
URW,20200106,11.24,11.3,11.23,11.24,734703
USD,20200106,13.99,14,13.95,13.98,6273
UUV,20200106,0.004,0.004,0.004,0.004,1000000
UWL,20200106,1.64,1.66,1.59,1.62,451271
VAE,20200106,70.37,70.37,69.64,70.15,7828
VAF,20200106,51.95,51.97,51.86,51.91,33806
VAH,20200106,0.15,0.15,0.145,0.145,61675
VAL,20200106,0.005,0.005,0.005,0.005,4189000
VAN,20200106,0.17,0.17,0.165,0.17,388902
VAP,20200106,89.68,90.16,89.16,90.16,102489
VAS,20200106,85.1,85.36,84.38,85.32,224960
VBS,20200106,0.59,0.59,0.59,0.59,3450
VCF,20200106,50.43,50.52,50.28,50.52,3823
VCX,20200106,2.5,2.52,2.49,2.52,4950096
VEA,20200106,1.92,1.93,1.885,1.93,1565474
VEE,20200106,0.51,0.515,0.51,0.51,21650
VEN,20200106,0.19,0.19,0.185,0.185,308220
VEQ,20200106,60.65,60.65,60,60.31,3940
VEU,20200106,78.65,78.65,77.01,77.49,28279
VG1,20200106,2.23,2.24,2.2,2.22,240493
VG8,20200106,2.31,2.31,2.3,2.31,34268
VGB,20200106,52.88,52.94,52.85,52.85,7584
VGE,20200106,72.59,72.59,71.63,71.73,8791
VGI,20200106,12.76,12.9,12.6,12.79,5118
VGL,20200106,3.52,3.52,3.5,3.5,4378
VGS,20200106,82.29,82.29,81.49,81.73,34008
VHT,20200106,1.9,1.9,1.835,1.845,277009
VHY,20200106,59.95,60.1,59.55,60.1,46510
VIC,20200106,0.001,0.001,0.001,0.001,5715280
VIF,20200106,50.6,50.69,50.4,50.66,18963
VLC,20200106,68.03,68.08,67.8,68.03,5365
VLS,20200106,0.7,0.7,0.7,0.7,1450
VLT,20200106,0.4,0.4,0.385,0.385,139102
VMC,20200106,0.18,0.185,0.18,0.185,79723
VML,20200106,0.013,0.013,0.013,0.013,719549
VMS,20200106,0.018,0.018,0.017,0.017,1186045
VMT,20200106,0.25,0.25,0.23,0.24,452572
VMY,20200106,0.047,0.047,0.047,0.047,37149
VN8,20200106,0.105,0.11,0.105,0.11,38156
VOC,20200106,2.88,2.9,2.83,2.85,1196667
VOL,20200106,1.8,1.81,1.79,1.79,5992
VOR,20200106,0.008,0.01,0.008,0.01,284215
VPR,20200106,0.001,0.001,0.001,0.001,2500
VR1,20200106,0.022,0.023,0.022,0.023,100000
VR8,20200106,0.027,0.027,0.026,0.027,123100
VRC,20200106,0.011,0.011,0.011,0.011,49850
VRL,20200106,3.8,3.84,3.77,3.79,121551
VRT,20200106,4.69,4.8,4.68,4.8,119007
VRX,20200106,0.105,0.105,0.105,0.105,58161
VSO,20200106,59.6,59.91,59.18,59.91,16726
VTG,20200106,1.195,1.22,1.192,1.2,95450
VTH,20200106,0.78,0.78,0.75,0.755,85148
VTI,20200106,0.055,0.055,0.05,0.05,326065
VTS,20200106,237.5,237.5,234.83,235.67,11717
VUK,20200106,3.5,3.51,3.44,3.48,1298711
VUL,20200106,0.15,0.15,0.14,0.15,210976
VVA,20200106,2.74,2.78,2.7,2.7,40947
VVR,20200106,2.67,2.68,2.64,2.66,912841
VXR,20200106,0.12,0.12,0.115,0.115,81396
VYS,20200106,0.071,0.072,0.071,0.071,115216
WAA,20200106,1.085,1.085,1.08,1.08,74956
WAF,20200106,0.47,0.475,0.455,0.46,3160818
WAM,20200106,2.28,2.29,2.28,2.28,346129
WAT,20200106,2,2.1,2,2.1,2595
WAX,20200106,1.5,1.5,1.48,1.5,92245
WBA,20200106,1.98,1.985,1.98,1.98,285723
WBC,20200106,24.35,24.35,24.1,24.34,4573503
WBE,20200106,0.012,0.013,0.011,0.012,14603998
WBT,20200106,0.405,0.41,0.4,0.4,71638
WCN,20200106,0.006,0.006,0.006,0.006,80007
WEB,20200106,13.1,13.14,12.88,13.1,837849
WEL,20200106,0.053,0.056,0.053,0.055,288144
WES,20200106,41.81,42.3,41.6,42.2,1613538
WGB,20200106,2.33,2.34,2.31,2.32,197851
WGN,20200106,2.7,2.7,2.63,2.66,272159
WGO,20200106,0.215,0.22,0.2,0.2,738036
WGX,20200106,2.36,2.39,2.33,2.37,836619
WHC,20200106,2.63,2.64,2.59,2.61,3756625
WHF,20200106,5.16,5.16,5.12,5.13,44249
WHK,20200106,0.084,0.086,0.082,0.085,229895
WIC,20200106,1.12,1.12,1.12,1.12,10148
WKT,20200106,0.2,0.2,0.19,0.2,87700
WLE,20200106,1.25,1.26,1.25,1.255,208359
WMI,20200106,1.47,1.47,1.455,1.46,40705
WNB,20200106,0.009,0.009,0.009,0.009,220000
WND,20200106,0.655,0.66,0.65,0.66,18614
WNR,20200106,0.29,0.29,0.29,0.29,15172
WOA,20200106,0.13,0.13,0.13,0.13,65022
WOR,20200106,15.7,16.01,15.65,15.98,1193897
WOW,20200106,36.16,36.32,36.01,36.31,1015702
WPL,20200106,35,35.45,34.87,35.36,1758033
WPP,20200106,0.58,0.58,0.56,0.57,262452
WQG,20200106,1.18,1.18,1.17,1.18,282518
WRM,20200106,0.004,0.004,0.004,0.004,100000
WSA,20200106,2.94,2.95,2.89,2.9,1852665
WSI,20200106,0.021,0.022,0.021,0.021,67804
WSP,20200106,1.565,1.575,1.53,1.54,37596
WTC,20200106,23.65,23.83,23.2,23.73,442851
WWI,20200106,0.012,0.014,0.012,0.012,18963640
WZR,20200106,0.2,0.2,0.195,0.195,5058215
XAM,20200106,0.037,0.037,0.037,0.037,81615
XCD,20200106,0.013,0.013,0.011,0.011,4480619
XF1,20200106,0.36,0.375,0.36,0.375,17547
XPL,20200106,0.062,0.062,0.062,0.062,8009
XRF,20200106,0.23,0.23,0.23,0.23,12608
XRO,20200106,79.17,81.02,78.53,80.76,259383
XST,20200106,0.004,0.004,0.004,0.004,450000
XTD,20200106,0.03,0.031,0.03,0.03,133000
XTE,20200106,0.77,0.77,0.74,0.75,91511
YAL,20200106,2.95,2.99,2.92,2.92,6859
YBR,20200106,0.1,0.1,0.098,0.099,263854
YOJ,20200106,0.054,0.055,0.051,0.055,1110290
YOW,20200106,0.056,0.057,0.055,0.056,147887
YPB,20200106,0.005,0.005,0.004,0.005,2922184
YRL,20200106,0.235,0.235,0.235,0.235,2500
Z1P,20200106,3.52,3.52,3.43,3.45,3995587
ZEL,20200106,4.31,4.37,4.22,4.22,110139
ZEN,20200106,0.655,0.655,0.64,0.65,245313
ZER,20200106,0.315,0.315,0.315,0.315,5000
ZIM,20200106,11.5,11.5,11.3,11.5,9668
ZIP,20200106,0.013,0.013,0.012,0.013,41874
ZLD,20200106,0.057,0.057,0.054,0.056,566950
ZMI,20200106,0.071,0.071,0.071,0.071,11162
ZNC,20200106,0.058,0.06,0.058,0.06,13637
ZNO,20200106,0.655,0.655,0.52,0.555,3450343
XAF,20200106,6621.3,6627.3,6561.4,6625.2,0
XAO,20200106,6855.2,6859.9,6796.2,6857.4,0
XAT,20200106,6677.7,6683.5,6617.2,6680.9,0
XDJ,20200106,2705.3,2722.6,2682,2719.1,0
XEC,20200106,1565.8,1575.3,1565.8,1575.3,0
XEJ,20200106,11713.2,11884.2,11707.1,11861.6,0
XFJ,20200106,6010.8,6010.8,5933.1,5976,0
XFL,20200106,6677.1,6682.4,6615.6,6680.2,0
XGD,20200106,6922.4,7173.4,6922.4,7145.2,0
XHJ,20200106,40850.6,40855.1,40413.4,40823.3,0
XIJ,20200106,1423.5,1424.3,1399.3,1421.4,0
XJO,20200106,6733.5,6738.6,6671.7,6735.7,0
XJR,20200106,4967.9,5020.6,4949.7,5018.3,0
XKO,20200106,6697.1,6701.8,6637.3,6699.2,0
XMD,20200106,7271.3,7295.7,7207.3,7287.6,0
XMJ,20200106,13895.5,13996.6,13806.5,13990.9,0
XMM,20200106,4532.8,4573.7,4508.8,4573,0
XNJ,20200106,6986.2,6986.2,6889.7,6950.6,0
XPJ,20200106,1587.1,1594.6,1578.3,1593.8,0
XSJ,20200106,12242.2,12242.2,12126,12202,0
XSO,20200106,2932.8,2932.8,2906.3,2923.9,0
XTJ,20200106,1278.5,1290.2,1268.8,1287,0
XTL,20200106,3692.7,3693,3659.5,3692.1,0
XTO,20200106,5579.9,5585.9,5528.7,5583.9,0
XUJ,20200106,8161.6,8178.6,8111.6,8171.6,0
XXJ,20200106,6704.1,6704.1,6617.4,6665.3,0
