360,20200303,2.8,2.9,2.79,2.79,129956
14D,20200303,0.15,0.16,0.145,0.16,160272
1AD,20200303,0.077,0.077,0.077,0.077,50000
1AG,20200303,0.033,0.033,0.033,0.033,110000
1ST,20200303,0.041,0.043,0.039,0.039,1004072
3DA,20200303,0.165,0.17,0.16,0.16,621806
3DP,20200303,0.035,0.036,0.032,0.032,4486944
3PL,20200303,0.685,0.715,0.685,0.715,22403
4DS,20200303,0.052,0.053,0.05,0.051,2297498
5GN,20200303,0.85,0.865,0.8,0.82,548693
88E,20200303,0.02,0.021,0.02,0.02,8185749
8CO,20200303,0.07,0.075,0.07,0.074,202078
8IH,20200303,0.1,0.105,0.1,0.1,77945
9SP,20200303,0.018,0.018,0.017,0.018,1866991
A1G,20200303,0.11,0.11,0.105,0.105,31000
A1M,20200303,0.23,0.23,0.23,0.23,1080
A2B,20200303,1.22,1.245,1.21,1.21,19895
A2M,20200303,15.94,16.19,15.875,16.13,5054073
A3D,20200303,0.16,0.17,0.15,0.15,499675
A4N,20200303,0.2,0.202,0.18,0.19,1473607
AAA,20200303,50.07,50.08,50.07,50.07,942946
AAC,20200303,1.14,1.2,1.13,1.15,741407
AAR,20200303,0.125,0.13,0.125,0.13,708781
ABA,20200303,6,6.28,5.88,6.19,32529
ABC,20200303,3.01,3.14,3.01,3.11,2767704
ABP,20200303,3.63,3.69,3.62,3.64,872721
ABR,20200303,0.39,0.41,0.39,0.4,754845
ABV,20200303,0.027,0.029,0.027,0.029,224477
ABX,20200303,0.1,0.1,0.1,0.1,30096
AC8,20200303,0.23,0.27,0.23,0.23,1714639
ACF,20200303,0.29,0.305,0.28,0.28,257299
ACQ,20200303,1.09,1.14,1.09,1.14,195795
ACR,20200303,0.14,0.145,0.14,0.145,187486
ACU,20200303,0.12,0.125,0.12,0.125,32000
ACW,20200303,0.025,0.027,0.025,0.026,1602719
AD8,20200303,6.8,6.94,6.6,6.61,436526
ADA,20200303,0.655,0.68,0.645,0.645,40668
ADH,20200303,2.4,2.485,2.37,2.38,613642
ADI,20200303,2.98,3.06,2.98,3.02,442257
ADJ,20200303,0.022,0.022,0.02,0.02,1389340
ADN,20200303,0.041,0.041,0.037,0.039,17291741
ADO,20200303,0.019,0.019,0.018,0.018,2762836
ADR,20200303,0.024,0.024,0.022,0.023,1173980
ADT,20200303,1.345,1.35,1.22,1.22,402206
ADV,20200303,0.003,0.003,0.003,0.003,2692308
ADX,20200303,0.007,0.008,0.007,0.007,2698004
ADY,20200303,0.006,0.006,0.006,0.006,18300
AEE,20200303,0.005,0.005,0.004,0.004,10450000
AEF,20200303,3.68,4.21,3.66,3.84,520570
AEG,20200303,1.14,1.14,1.12,1.12,85523
AEI,20200303,0.6,0.615,0.56,0.575,932135
AFG,20200303,2.49,2.74,2.49,2.52,542808
AFI,20200303,6.55,6.96,6.55,6.75,1389703
AFL,20200303,0.125,0.125,0.125,0.125,8007
AFR,20200303,0.028,0.028,0.028,0.028,53037
AGD,20200303,0.095,0.095,0.095,0.095,4815
AGG,20200303,5.75,5.94,5.68,5.76,20711
AGH,20200303,0.29,0.317,0.28,0.31,1908115
AGI,20200303,0.705,0.705,0.7,0.705,39511
AGL,20200303,18.85,19.02,18.71,18.86,2651745
AGM,20200303,1.9,1.92,1.9,1.915,5178
AGR,20200303,0.09,0.09,0.09,0.09,487
AGS,20200303,0.105,0.105,0.105,0.105,16710
AGY,20200303,0.062,0.065,0.061,0.061,1914941
AHF,20200303,0.078,0.081,0.077,0.08,1002783
AHL,20200303,0.004,0.004,0.004,0.004,6939200
AHQ,20200303,0.098,0.1,0.091,0.096,766718
AHX,20200303,0.46,0.49,0.46,0.475,58792
AHY,20200303,1.03,1.12,1.03,1.12,581072
AIA,20200303,7.39,7.73,7.36,7.48,821946
AIS,20200303,0.048,0.048,0.045,0.048,267729
AIZ,20200303,2.15,2.18,2.07,2.07,715377
AJQ,20200303,0.049,0.052,0.049,0.052,97891
AJX,20200303,0.053,0.057,0.053,0.056,205499
AKM,20200303,0.087,0.087,0.087,0.087,8784
AKP,20200303,14.49,16.49,14.4,14.98,30757
ALC,20200303,0.16,0.16,0.145,0.15,5631800
ALF,20200303,0.93,0.955,0.93,0.95,439469
ALG,20200303,0.93,0.975,0.89,0.89,3202579
ALI,20200303,2.31,2.39,2.31,2.37,162887
ALK,20200303,0.78,0.83,0.765,0.795,5144086
ALL,20200303,33.55,33.99,33.39,33.54,4079636
ALQ,20200303,8.24,8.49,8.24,8.42,1151992
ALU,20200303,33.26,34,31.52,32.01,1729121
ALX,20200303,8.1,8.3,8.07,8.19,6444830
AMA,20200303,0.55,0.565,0.515,0.515,4845865
AMC,20200303,14.65,14.69,14.48,14.48,4839564
AMD,20200303,0.007,0.007,0.007,0.007,50000
AMG,20200303,0.042,0.046,0.04,0.04,721662
AMH,20200303,0.965,0.965,0.93,0.935,81713
AMI,20200303,0.385,0.4,0.38,0.38,3421449
AML,20200303,0.145,0.145,0.12,0.125,284783
AMP,20200303,1.725,1.74,1.665,1.67,25797093
AMS,20200303,0.835,0.87,0.77,0.795,1416435
AMX,20200303,1.95,1.95,1.82,1.84,199074
ANA,20200303,0.008,0.009,0.008,0.009,1845650
ANG,20200303,0.165,0.175,0.165,0.175,254716
ANN,20200303,29.62,30.1,28.94,29.4,1161593
ANO,20200303,5,5.4,5,5.06,46746
ANP,20200303,0.066,0.067,0.062,0.062,871482
ANR,20200303,0.205,0.205,0.2,0.205,24936
ANW,20200303,0.001,0.001,0.001,0.001,11500000
ANZ,20200303,24.66,24.96,24,24,9220650
AOF,20200303,2.9,2.93,2.9,2.9,258801
AON,20200303,0.021,0.021,0.021,0.021,6412
AOP,20200303,0.22,0.23,0.22,0.22,323411
AOU,20200303,0.059,0.059,0.059,0.059,61921
APA,20200303,10.92,11.14,10.79,11.04,3280279
APC,20200303,0.077,0.08,0.075,0.075,176251
APD,20200303,0.7,0.7,0.68,0.69,51302
APE,20200303,8.48,8.57,8.075,8.17,1567139
APG,20200303,0.002,0.002,0.002,0.002,200000
APH,20200303,0.135,0.14,0.135,0.135,29344
API,20200303,1.185,1.215,1.17,1.18,1389491
APL,20200303,0.95,0.975,0.935,0.95,1613337
APT,20200303,34,35.35,33.99,34.66,4153693
APV,20200303,0.185,0.19,0.18,0.185,42666
APX,20200303,24.3,24.73,22.7,22.8,2424021
APZ,20200303,1.16,1.16,1.14,1.14,1925
AQD,20200303,0.01,0.01,0.01,0.01,290000
AQG,20200303,6.8,6.92,6.78,6.86,258438
AQI,20200303,0.078,0.081,0.078,0.08,729660
AQR,20200303,3.66,3.87,3.66,3.76,142328
AQX,20200303,0.025,0.025,0.022,0.022,11683323
AQZ,20200303,2.35,2.41,2.34,2.39,271905
ARA,20200303,0.57,0.57,0.57,0.57,1165
ARB,20200303,17.45,17.75,17.155,17.21,263777
ARD,20200303,0.016,0.016,0.015,0.016,250000
ARE,20200303,0.005,0.005,0.005,0.005,50000
ARF,20200303,2.99,3.2,2.97,3.05,582139
ARG,20200303,8.33,8.56,8.33,8.4,590864
ARL,20200303,0.415,0.415,0.375,0.38,210740
ARM,20200303,0.006,0.006,0.006,0.006,3540000
ARN,20200303,0.16,0.16,0.16,0.16,12500
ARQ,20200303,0.125,0.135,0.12,0.13,155236
ARS,20200303,0.02,0.02,0.018,0.018,2204247
ARU,20200303,0.07,0.078,0.068,0.069,1778055
ARV,20200303,0.027,0.03,0.026,0.028,3155826
AS1,20200303,0.135,0.15,0.135,0.145,104583
ASB,20200303,3.55,3.71,3.54,3.61,4820153
ASG,20200303,1.455,1.455,1.455,1.455,10000
ASH,20200303,0.39,0.39,0.37,0.39,61758
ASN,20200303,0.024,0.028,0.024,0.026,586933
AST,20200303,1.66,1.7,1.66,1.695,10073152
ASX,20200303,74.55,75.26,73.66,74.17,845426
ATC,20200303,0.064,0.068,0.064,0.066,900749
ATH,20200303,0.013,0.013,0.013,0.013,885441
ATL,20200303,0.28,0.3,0.27,0.27,134352
ATP,20200303,0.008,0.008,0.007,0.007,410000
ATS,20200303,0.06,0.06,0.058,0.058,280635
ATU,20200303,0.26,0.28,0.255,0.265,300110
AU1,20200303,0.053,0.06,0.053,0.06,50108
AU8,20200303,0.064,0.067,0.064,0.067,958070
AUB,20200303,14.25,14.36,13.8,13.8,1064895
AUC,20200303,0.018,0.018,0.017,0.017,796090
AUH,20200303,0.003,0.003,0.003,0.003,166683
AUI,20200303,9.25,9.45,9.25,9.39,51291
AUR,20200303,0.016,0.017,0.014,0.015,235000
AUT,20200303,0.03,0.033,0.028,0.028,7942276
AUZ,20200303,0.013,0.013,0.012,0.012,2683110
AV1,20200303,0.17,0.175,0.165,0.17,394058
AVA,20200303,0.115,0.115,0.11,0.11,288107
AVE,20200303,0.004,0.004,0.003,0.004,1998576
AVG,20200303,0.465,0.47,0.465,0.465,12058
AVH,20200303,0.65,0.655,0.59,0.595,25219928
AVJ,20200303,0.55,0.59,0.55,0.585,38733
AVL,20200303,0.011,0.012,0.01,0.012,2614290
AVN,20200303,2.85,2.88,2.79,2.8,511291
AVZ,20200303,0.087,0.087,0.075,0.075,29565839
AWC,20200303,1.955,1.995,1.91,1.915,28348318
AWN,20200303,0.1,0.1,0.1,0.1,52832
AWV,20200303,0.011,0.011,0.01,0.01,2839425
AX1,20200303,1.64,1.72,1.585,1.6,2681513
AXE,20200303,0.18,0.2,0.18,0.185,940613
AYF,20200303,5.55,5.65,5.55,5.6,15915
AYR,20200303,0.002,0.002,0.002,0.002,3160000
AYS,20200303,0.315,0.33,0.305,0.32,221716
AZI,20200303,0.005,0.005,0.005,0.005,890000
AZJ,20200303,4.82,4.95,4.79,4.91,12155734
AZS,20200303,0.089,0.091,0.089,0.09,91996
AZV,20200303,0.095,0.095,0.095,0.095,64595
AZY,20200303,0.015,0.016,0.015,0.015,22594102
BAF,20200303,0.83,0.845,0.82,0.835,297077
BAP,20200303,5.78,6.025,5.76,5.86,2108010
BAR,20200303,0.018,0.018,0.016,0.016,360000
BAS,20200303,0.001,0.001,0.001,0.001,950000
BAT,20200303,0.008,0.008,0.007,0.007,10457237
BBC,20200303,0.58,0.58,0.55,0.55,24350
BBL,20200303,0.42,0.42,0.42,0.42,4291
BBN,20200303,3.01,3.19,2.94,2.99,945671
BC8,20200303,0.35,0.365,0.32,0.33,483993
BCC,20200303,0.27,0.27,0.255,0.255,21583
BCI,20200303,0.145,0.15,0.14,0.14,202868
BCK,20200303,0.021,0.021,0.021,0.021,14286
BCN,20200303,0.031,0.033,0.031,0.032,2347352
BCT,20200303,0.092,0.097,0.092,0.096,198996
BD1,20200303,0.03,0.03,0.028,0.028,3775738
BDA,20200303,0.23,0.245,0.225,0.245,106898
BDC,20200303,0.066,0.071,0.064,0.065,2174837
BDG,20200303,0.064,0.069,0.064,0.069,193333
BEE,20200303,0.012,0.012,0.012,0.012,200000
BEL,20200303,0.026,0.028,0.023,0.028,197433
BEM,20200303,0.038,0.038,0.037,0.037,155035
BEN,20200303,9.25,9.42,8.89,8.89,4990210
BET,20200303,0.31,0.34,0.265,0.27,4442391
BFC,20200303,0.076,0.077,0.075,0.075,76604
BFG,20200303,1.22,1.275,1.2,1.2,1471414
BGA,20200303,4.08,4.43,4.08,4.27,1533037
BGL,20200303,0.57,0.57,0.54,0.55,3870143
BGT,20200303,0.165,0.17,0.165,0.165,239486
BHP,20200303,33.98,34.47,33.92,33.99,11221076
BID,20200303,0.88,0.9,0.765,0.78,968151
BIN,20200303,2.77,2.89,2.77,2.81,3386002
BIR,20200303,0.06,0.06,0.06,0.06,132
BIS,20200303,0.92,0.92,0.92,0.92,37182
BIT,20200303,0.135,0.135,0.12,0.125,11150261
BKI,20200303,1.51,1.585,1.51,1.515,730271
BKL,20200303,69.08,71.5,68.62,68.62,159641
BKT,20200303,0.045,0.045,0.04,0.041,836225
BKW,20200303,17.3,18.09,17.3,18,343541
BKY,20200303,0.17,0.185,0.17,0.185,34287
BLD,20200303,4.5,4.55,4.41,4.43,6551132
BLG,20200303,0.058,0.06,0.057,0.06,530451
BLK,20200303,0.01,0.01,0.009,0.009,11391026
BLT,20200303,0.035,0.035,0.034,0.035,538478
BLU,20200303,0.035,0.035,0.033,0.033,413735
BLX,20200303,0.935,0.995,0.93,0.995,21656
BLY,20200303,0.915,0.925,0.9,0.925,8576
BLZ,20200303,0.011,0.011,0.011,0.011,350000
BMG,20200303,0.003,0.003,0.003,0.003,138115
BMN,20200303,0.029,0.03,0.029,0.029,160668
BNL,20200303,0.006,0.006,0.006,0.006,4243332
BNO,20200303,0.043,0.073,0.043,0.05,4340585
BOA,20200303,0.24,0.24,0.215,0.215,6000
BOC,20200303,0.25,0.25,0.25,0.25,2500
BOE,20200303,0.049,0.049,0.046,0.047,1415635
BOL,20200303,0.14,0.14,0.14,0.14,241297
BOQ,20200303,7.47,7.61,7.25,7.26,6262808
BOT,20200303,0.077,0.08,0.076,0.076,1699844
BPL,20200303,0.014,0.015,0.014,0.015,500000
BPP,20200303,0.016,0.016,0.016,0.016,700000
BPT,20200303,1.83,1.86,1.76,1.78,16427294
BRB,20200303,0.2,0.22,0.2,0.21,333865
BRG,20200303,19.57,19.91,19.385,19.4,207031
BRK,20200303,0.008,0.009,0.008,0.009,2828866
BRL,20200303,0.09,0.095,0.09,0.094,188847
BRN,20200303,0.05,0.051,0.048,0.048,2043255
BRU,20200303,0.13,0.145,0.13,0.14,412088
BRV,20200303,0.026,0.032,0.026,0.028,9459911
BSA,20200303,0.33,0.355,0.305,0.33,406354
BSL,20200303,12.02,12.34,11.82,11.95,5023870
BSR,20200303,0.015,0.016,0.015,0.016,225781
BSX,20200303,0.115,0.13,0.115,0.125,2062581
BTC,20200303,0.11,0.115,0.11,0.115,65000
BTH,20200303,0.86,0.9,0.785,0.81,1806351
BTI,20200303,0.97,1.035,0.97,1,255642
BUB,20200303,0.7,0.705,0.675,0.685,7154621
BUD,20200303,0.022,0.024,0.02,0.023,18105080
BUG,20200303,0.22,0.22,0.22,0.22,3000
BUY,20200303,0.005,0.005,0.005,0.005,940000
BVS,20200303,4.6,4.68,4.49,4.51,2553553
BWF,20200303,0.505,0.515,0.505,0.515,69718
BWP,20200303,3.75,3.82,3.75,3.81,1707699
BWR,20200303,1.3,1.305,1.3,1.3,56802
BWX,20200303,3.89,3.94,3.79,3.82,594482
BXB,20200303,11.97,12.04,11.85,11.85,4022448
BYE,20200303,0.27,0.29,0.27,0.28,1700591
C6C,20200303,0.595,0.6,0.595,0.6,26407
CAA,20200303,0.12,0.125,0.115,0.125,69852
CAD,20200303,0.002,0.002,0.001,0.001,4250000
CAE,20200303,0.009,0.009,0.009,0.009,43938
CAF,20200303,0.105,0.105,0.095,0.1,489535
CAG,20200303,0.48,0.48,0.48,0.48,150
CAI,20200303,0.285,0.295,0.285,0.29,489406
CAJ,20200303,0.29,0.295,0.287,0.29,240787
CAM,20200303,0.885,0.915,0.885,0.9,335651
CAN,20200303,0.94,1.01,0.9,0.925,1539474
CAP,20200303,0.023,0.027,0.023,0.026,190000
CAR,20200303,16.24,16.56,16.23,16.44,878131
CAT,20200303,1.49,1.565,1.375,1.375,1354183
CAU,20200303,0.15,0.15,0.13,0.14,253522
CAV,20200303,0.002,0.002,0.002,0.002,1113260
CAY,20200303,0.13,0.13,0.125,0.125,626209
CAZ,20200303,0.023,0.024,0.022,0.023,1357888
CBA,20200303,81.5,81.95,79.09,79.11,4537570
CBE,20200303,0.19,0.22,0.19,0.2,991103
CBR,20200303,3.96,3.96,3.69,3.78,285194
CBY,20200303,0.17,0.17,0.17,0.17,3000
CCA,20200303,0.125,0.135,0.125,0.125,269964
CCE,20200303,0.001,0.002,0.001,0.001,7022776
CCG,20200303,0.06,0.06,0.06,0.06,320000
CCL,20200303,11.61,11.73,11.51,11.55,2000155
CCP,20200303,32,32.46,31.48,31.48,430624
CCV,20200303,0.19,0.195,0.18,0.18,1154689
CCX,20200303,3,3.22,2.84,2.88,1004183
CCZ,20200303,0.017,0.017,0.017,0.017,734785
CD1,20200303,1.58,1.58,1.58,1.58,61697
CD2,20200303,1.56,1.56,1.56,1.56,34835
CD3,20200303,1.14,1.15,1.14,1.15,56795
CDA,20200303,6.71,7.2,6.71,7,1332135
CDD,20200303,0.38,0.4,0.375,0.38,263315
CDM,20200303,0.63,0.65,0.63,0.645,611767
CDP,20200303,5.56,5.68,5.56,5.68,4364
CDT,20200303,0.006,0.006,0.006,0.006,289536
CDV,20200303,0.34,0.345,0.33,0.337,1301380
CDX,20200303,0.024,0.024,0.023,0.023,351739
CDY,20200303,0.15,0.16,0.15,0.15,91061
CE1,20200303,0.006,0.006,0.006,0.006,1190612
CEL,20200303,0.14,0.165,0.14,0.155,1915219
CEN,20200303,6.69,6.69,6.37,6.37,491
CFE,20200303,0.004,0.004,0.004,0.004,50000
CG1,20200303,0.32,0.335,0.3,0.3,602012
CGA,20200303,0.4,0.405,0.4,0.405,17229
CGB,20200303,0.01,0.01,0.01,0.01,3380246
CGC,20200303,3.18,3.33,3.16,3.23,5469546
CGF,20200303,9.02,9.17,8.87,8.9,3057713
CGL,20200303,4.09,4.18,3.91,3.93,270781
CGN,20200303,0.01,0.011,0.01,0.011,249500
CGO,20200303,0.2,0.22,0.2,0.215,77282
CGR,20200303,0.565,0.57,0.56,0.565,3642322
CGS,20200303,0.37,0.37,0.37,0.37,61443
CHC,20200303,12.4,12.47,12.13,12.22,2240278
CHK,20200303,0.007,0.007,0.007,0.007,526368
CHN,20200303,0.24,0.245,0.215,0.215,756095
CHZ,20200303,0.077,0.079,0.069,0.075,859723
CI1,20200303,0.027,0.03,0.026,0.029,1770844
CIA,20200303,2.13,2.275,2.13,2.16,624293
CIE,20200303,0.75,0.78,0.75,0.78,243390
CIM,20200303,24.79,24.99,24.27,24.3,631981
CIN,20200303,28.8,29.63,28.8,28.9,2477
CIO,20200303,0.002,0.002,0.002,0.002,20000
CIP,20200303,3.57,3.6,3.51,3.58,604300
CIW,20200303,0.56,0.56,0.54,0.55,67253
CKA,20200303,0.035,0.037,0.035,0.036,677406
CKF,20200303,9.05,9.17,8.685,8.69,930874
CL1,20200303,1.57,1.68,1.57,1.68,226752
CL8,20200303,0.014,0.014,0.012,0.012,924651
CLA,20200303,0.009,0.009,0.009,0.009,31436
CLB,20200303,0.053,0.062,0.052,0.06,732554
CLF,20200303,1.155,1.19,1.155,1.19,41008
CLQ,20200303,0.2,0.215,0.2,0.205,980490
CLV,20200303,2.51,2.59,2.51,2.55,531768
CLW,20200303,5.5,5.58,5.47,5.5,2021558
CLX,20200303,0.72,0.76,0.72,0.76,4024
CLZ,20200303,0.002,0.002,0.002,0.002,73521332
CM8,20200303,0.019,0.021,0.019,0.019,463507
CML,20200303,0.013,0.013,0.013,0.013,76000
CMM,20200303,1.19,1.27,1.19,1.235,657060
CMP,20200303,0.65,0.69,0.65,0.67,99450
CMW,20200303,1.13,1.167,1.125,1.155,11606648
CNB,20200303,0.062,0.062,0.061,0.061,18858
CNI,20200303,2.55,2.62,2.53,2.58,2815048
CNJ,20200303,0.006,0.006,0.006,0.006,166445
CNU,20200303,6.52,6.82,6.52,6.77,1007309
CNW,20200303,0.026,0.026,0.025,0.026,411600
COB,20200303,0.11,0.125,0.11,0.12,295760
COE,20200303,0.5,0.51,0.485,0.485,3964927
COF,20200303,3.05,3.08,2.97,3,957727
COH,20200303,216.11,218.42,213.72,218,387347
COI,20200303,0.115,0.115,0.105,0.105,674495
COL,20200303,15.3,15.35,14.95,15.13,9104390
COS,20200303,0.31,0.31,0.31,0.31,86953
CP1,20200303,0.125,0.125,0.125,0.125,10000
CPH,20200303,0.082,0.092,0.082,0.087,1639033
CPT,20200303,0.061,0.061,0.058,0.058,40049
CPU,20200303,15.34,15.55,14.89,15.02,3650477
CPV,20200303,0.096,0.096,0.09,0.091,660357
CQE,20200303,3.43,3.48,3.42,3.43,273514
CQR,20200303,4.71,4.84,4.71,4.8,1978661
CR1,20200303,0.19,0.19,0.175,0.19,19670
CRL,20200303,0.018,0.019,0.018,0.018,415000
CRN,20200303,1.8,1.805,1.685,1.69,728276
CRO,20200303,0.004,0.005,0.004,0.005,1886842
CRS,20200303,0.105,0.105,0.105,0.105,7500
CSL,20200303,312,316.29,310.5,313,986536
CSR,20200303,4.13,4.28,4.13,4.2,4573666
CSS,20200303,0.68,0.68,0.655,0.68,50477
CST,20200303,0.145,0.16,0.14,0.15,489482
CT1,20200303,0.031,0.032,0.03,0.03,2662326
CTD,20200303,13.71,14.12,13.455,13.52,1314542
CTE,20200303,0.068,0.068,0.068,0.068,7000
CTM,20200303,0.012,0.012,0.011,0.011,13441677
CTO,20200303,0.004,0.004,0.004,0.004,3003067
CTP,20200303,0.105,0.117,0.105,0.11,506198
CTX,20200303,32.6,33.35,32.34,32.7,1577511
CUE,20200303,0.098,0.105,0.098,0.1,216240
CUL,20200303,0.011,0.011,0.011,0.011,250000
CUP,20200303,1.095,1.15,1.08,1.08,68151
CUV,20200303,18.38,21.37,18.15,18.19,504795
CUX,20200303,0.004,0.004,0.004,0.004,357600
CV1,20200303,0.1,0.1,0.092,0.094,247900
CVC,20200303,1.65,1.705,1.65,1.7,8500
CVF,20200303,0.93,0.955,0.93,0.95,148071
CVL,20200303,0.49,0.49,0.49,0.49,1272
CVN,20200303,0.255,0.275,0.255,0.26,3046633
CVW,20200303,0.33,0.335,0.33,0.33,150416
CWL,20200303,0.1,0.1,0.1,0.1,34190
CWN,20200303,10.3,10.45,9.96,10.02,2729376
CWP,20200303,7.11,7.2,6.92,7.03,144487
CWX,20200303,0.24,0.24,0.22,0.235,435232
CWY,20200303,2.32,2.35,2.285,2.3,7493496
CWZ,20200303,0.17,0.17,0.17,0.17,1723
CXL,20200303,0.765,0.8,0.765,0.79,259162
CXO,20200303,0.035,0.036,0.035,0.035,1499328
CXZ,20200303,0.022,0.022,0.021,0.021,2715442
CYC,20200303,1.035,1.04,1.035,1.04,23000
CYG,20200303,0.875,0.9,0.875,0.89,41631
CYL,20200303,2.8,2.8,2.6,2.65,24341
CYM,20200303,0.2,0.2,0.2,0.2,4316
CYP,20200303,0.925,0.925,0.89,0.895,68660
CZI,20200303,0.077,0.081,0.075,0.079,649009
CZL,20200303,0.007,0.007,0.007,0.007,1242000
CZN,20200303,0.003,0.003,0.002,0.002,908023
CZR,20200303,0.008,0.008,0.008,0.008,645000
D2O,20200303,1.45,1.49,1.44,1.47,55142
DAU,20200303,0.028,0.029,0.028,0.029,138000
DAV,20200303,0.04,0.04,0.04,0.04,120737
DBF,20200303,1.135,1.14,1.135,1.14,6500
DCC,20200303,0.024,0.026,0.024,0.024,1120398
DCL,20200303,0.058,0.059,0.056,0.056,202413
DDD,20200303,0.002,0.002,0.002,0.002,5000000
DDR,20200303,5.98,6.24,5.92,5.95,187769
DDT,20200303,0.006,0.006,0.006,0.006,1500000
DEM,20200303,0.185,0.19,0.175,0.175,448693
DEV,20200303,0.052,0.052,0.052,0.052,434563
DGH,20200303,1.4,1.43,1.4,1.43,2400
DGO,20200303,1.93,2.03,1.93,2.01,12756
DHG,20200303,3.11,3.19,3.1,3.13,1246802
DIV,20200303,24,24,22.26,22.26,18312
DJW,20200303,3.14,3.22,3.14,3.15,160475
DMP,20200303,57.7,58.88,56.37,56.39,391213
DNA,20200303,0.079,0.083,0.065,0.067,2586505
DNK,20200303,0.525,0.53,0.52,0.52,69535
DOR,20200303,0.045,0.045,0.042,0.042,179948
DOW,20200303,5.87,6.03,5.84,5.97,6315414
DRE,20200303,0.004,0.004,0.004,0.004,2472222
DRO,20200303,0.17,0.18,0.17,0.17,867142
DRX,20200303,0.011,0.011,0.01,0.011,220000
DSE,20200303,0.041,0.041,0.039,0.039,275848
DTC,20200303,1.04,1.05,1,1.04,247956
DTI,20200303,0.021,0.021,0.021,0.021,10000
DTL,20200303,4.05,4.34,4.05,4.12,855700
DTM,20200303,0.067,0.067,0.064,0.064,85558
DTR,20200303,0.002,0.002,0.002,0.002,2792525
DTS,20200303,0.105,0.107,0.105,0.105,64818
DUB,20200303,1.06,1.06,0.985,1,326128
DUI,20200303,4.9,4.92,4.78,4.79,100029
DW8,20200303,0.007,0.007,0.006,0.006,11116438
DWS,20200303,0.97,1.005,0.945,0.945,98393
DXB,20200303,0.15,0.175,0.15,0.155,1965482
DXN,20200303,0.038,0.039,0.038,0.039,210123
DXS,20200303,12.21,12.39,12.12,12.34,3743836
DYL,20200303,0.17,0.19,0.16,0.185,411651
E2E,20200303,0.002,0.002,0.002,0.002,1000000
E2M,20200303,0.15,0.155,0.15,0.155,23901
EAF,20200303,1.34,1.34,1.34,1.34,146382
EAI,20200303,1.03,1.05,1.03,1.03,312923
EAS,20200303,1,1,0.95,0.95,29000
EBO,20200303,23.29,23.35,23.26,23.35,6563
ECF,20200303,1.26,1.28,1.255,1.26,704619
ECL,20200303,1.35,1.35,1.35,1.35,38796
ECS,20200303,0.037,0.04,0.033,0.035,2024497
ECX,20200303,1.46,1.515,1.445,1.45,667889
ED1,20200303,0.72,0.79,0.72,0.72,76166
EDC,20200303,1.14,1.14,1.1,1.14,19140
EDE,20200303,0.031,0.033,0.03,0.03,1647138
EEG,20200303,0.34,0.34,0.305,0.32,166371
EEU,20200303,16.36,16.36,16.36,16.36,2064
EGD,20200303,2.51,2.52,2.5,2.51,74143
EGF,20200303,1.725,1.8,1.72,1.72,69127
EGG,20200303,1.61,1.61,1.415,1.415,24968
EGH,20200303,0.38,0.38,0.38,0.38,10000
EGI,20200303,1.07,1.075,1.07,1.07,123664
EGN,20200303,0.49,0.49,0.46,0.49,70597
EGR,20200303,0.064,0.09,0.064,0.074,999108
EHE,20200303,1.94,2.03,1.885,1.89,1429478
EHH,20200303,0.195,0.195,0.185,0.185,3463365
EHL,20200303,1.905,1.96,1.905,1.92,1210298
EHX,20200303,0.098,0.098,0.098,0.098,29455
ELD,20200303,7.5,7.85,7.5,7.78,852773
ELO,20200303,7.5,7.75,7.415,7.5,67932
ELS,20200303,0.3,0.32,0.3,0.32,23848
ELT,20200303,0.003,0.003,0.003,0.003,333333
ELX,20200303,0.68,0.705,0.66,0.67,141961
EM1,20200303,0.007,0.007,0.006,0.006,1222515
EM2,20200303,0.125,0.13,0.125,0.13,72692
EMD,20200303,0.099,0.1,0.091,0.091,202251
EME,20200303,0.086,0.086,0.086,0.086,22000
EMH,20200303,0.265,0.265,0.23,0.235,36904
EML,20200303,3.64,3.78,3.49,3.52,5603818
EMN,20200303,0.115,0.115,0.11,0.11,18000
EMR,20200303,0.039,0.044,0.037,0.038,9226997
EMT,20200303,0.012,0.012,0.012,0.012,240550
EMU,20200303,0.031,0.031,0.03,0.03,178860
EMV,20200303,0.72,0.78,0.72,0.735,101698
EN1,20200303,0.021,0.022,0.02,0.021,12948445
ENN,20200303,2.05,2.05,1.95,1.99,74639
ENX,20200303,0.008,0.008,0.008,0.008,10977
EOF,20200303,2.4,2.47,2.23,2.26,572170
EOL,20200303,2.62,3.05,2.62,3.05,12060
EOS,20200303,7.31,7.78,7.31,7.56,1112731
EPD,20200303,0.355,0.36,0.355,0.355,141306
EPM,20200303,0.004,0.005,0.004,0.005,325000
EQE,20200303,0.009,0.009,0.009,0.009,647550
EQT,20200303,29,30,28.8,29.09,9648
EQX,20200303,0.245,0.245,0.245,0.245,20000
ERA,20200303,0.16,0.17,0.155,0.17,244187
ERF,20200303,1.22,1.23,1.22,1.23,5900
ERG,20200303,0.062,0.062,0.061,0.061,227000
ERM,20200303,0.073,0.076,0.073,0.076,497126
ERX,20200303,0.048,0.049,0.048,0.049,1498823
ESE,20200303,0.006,0.008,0.006,0.008,1100516
ESH,20200303,0.007,0.007,0.006,0.006,26691487
ESK,20200303,0.18,0.18,0.18,0.18,5000
ESR,20200303,0.008,0.008,0.007,0.007,735000
ETF,20200303,21.7,21.7,21.7,21.7,200
EUC,20200303,0.012,0.012,0.012,0.012,18555
EVE,20200303,0.004,0.005,0.004,0.005,1016520
EVN,20200303,4.08,4.16,4.05,4.09,13721969
EVO,20200303,0.115,0.115,0.095,0.1,10860096
EVS,20200303,0.185,0.185,0.17,0.17,2037647
EVT,20200303,11.1,11.58,11.1,11.2,205040
EWC,20200303,0.077,0.082,0.073,0.074,338366
EX1,20200303,0.23,0.23,0.21,0.21,47000
EXL,20200303,0.46,0.475,0.44,0.475,1085341
EXP,20200303,0.18,0.185,0.175,0.185,2921198
EXR,20200303,0.036,0.037,0.035,0.036,2207231
EZL,20200303,0.94,0.96,0.94,0.955,132684
FAM,20200303,0.042,0.05,0.042,0.05,166997
FAR,20200303,0.027,0.03,0.027,0.028,21891932
FAU,20200303,0.009,0.009,0.009,0.009,44572
FBR,20200303,0.035,0.039,0.033,0.034,5118285
FBU,20200303,4.9,5.05,4.9,4.92,858679
FCL,20200303,3.59,3.59,3.41,3.58,779560
FCT,20200303,0.13,0.15,0.13,0.15,428311
FDV,20200303,0.9,1.02,0.9,0.96,255376
FEX,20200303,0.038,0.038,0.038,0.038,264055
FFI,20200303,5,5.01,4.99,5,15547
FFL,20200303,0.34,0.34,0.31,0.31,55865
FGG,20200303,1.21,1.245,1.2,1.215,579060
FGO,20200303,0.002,0.002,0.002,0.002,250000
FGR,20200303,0.14,0.15,0.14,0.14,860275
FGX,20200303,1.105,1.135,1.075,1.09,561082
FHS,20200303,0.029,0.03,0.028,0.03,3082787
FID,20200303,5.3,5.42,5.3,5.35,39002
FIJ,20200303,0.072,0.09,0.072,0.09,291304
FLC,20200303,0.33,0.36,0.325,0.325,791020
FLN,20200303,0.4,0.4,0.385,0.4,157346
FLT,20200303,31.59,32.77,31.51,31.84,1109414
FMG,20200303,9.57,9.67,9.46,9.47,20488922
FML,20200303,0.21,0.22,0.21,0.22,81107
FMS,20200303,0.045,0.045,0.028,0.03,2754983
FNP,20200303,4.64,4.65,4.34,4.43,759632
FNT,20200303,0.008,0.009,0.008,0.009,4434698
FOD,20200303,0.086,0.087,0.08,0.082,3292298
FOR,20200303,1.1,1.1,1.025,1.06,184035
FPC,20200303,0.95,0.99,0.95,0.97,23999
FPH,20200303,24.72,25.7,24.54,24.58,1012146
FPL,20200303,0.004,0.004,0.004,0.004,1000000
FRI,20200303,0.865,0.895,0.865,0.895,73055
FRM,20200303,0.24,0.28,0.24,0.24,33933
FRN,20200303,0.024,0.024,0.024,0.024,207501
FSA,20200303,1.12,1.245,1.12,1.215,82355
FSF,20200303,3.75,3.81,3.75,3.77,3760
FSG,20200303,0.023,0.023,0.022,0.022,45750
FTC,20200303,0.078,0.08,0.078,0.079,30000
FTT,20200303,0.002,0.002,0.002,0.002,5000000
FTZ,20200303,0.095,0.095,0.095,0.095,1931
FUN,20200303,0.017,0.017,0.017,0.017,2000
FWD,20200303,1.78,1.78,1.75,1.78,28126
FXL,20200303,1.705,1.76,1.68,1.68,1039296
FYI,20200303,0.055,0.058,0.054,0.058,170534
FZO,20200303,0.115,0.12,0.115,0.115,46396
FZR,20200303,0.19,0.19,0.19,0.19,120000
G1A,20200303,0.21,0.23,0.21,0.225,294561
G88,20200303,0.047,0.05,0.046,0.05,440000
GAL,20200303,0.15,0.175,0.15,0.165,1049557
GAP,20200303,0.145,0.175,0.145,0.17,300580
GAS,20200303,0.54,0.54,0.52,0.52,18228
GBP,20200303,0.02,0.02,0.02,0.02,160
GBZ,20200303,0.064,0.064,0.062,0.062,133351
GC1,20200303,0.8,0.8,0.8,0.8,16460
GCI,20200303,1.99,2,1.97,1.97,295678
GDF,20200303,1.35,1.36,1.35,1.36,23121
GDI,20200303,1.43,1.47,1.405,1.465,725621
GDX,20200303,41.97,42.57,41.71,42.25,29924
GEM,20200303,1.6,1.635,1.595,1.595,2981856
GEV,20200303,0.14,0.145,0.135,0.135,474772
GGG,20200303,0.1,0.105,0.096,0.096,1296739
GID,20200303,0.007,0.008,0.007,0.008,1413924
GLA,20200303,0.001,0.001,0.001,0.001,750000
GLB,20200303,1.5,1.5,1.35,1.35,11779
GLL,20200303,0.53,0.59,0.51,0.51,402833
GLN,20200303,0.245,0.25,0.235,0.24,342861
GLV,20200303,0.001,0.001,0.001,0.001,980000
GMA,20200303,3.2,3.37,3.19,3.22,2663071
GMD,20200303,0.032,0.032,0.03,0.031,363508
GME,20200303,0.048,0.048,0.046,0.046,74000
GMG,20200303,15.22,15.62,15.07,15.47,6349828
GML,20200303,0.013,0.013,0.012,0.013,1873940
GMR,20200303,0.008,0.008,0.007,0.007,1723591
GMV,20200303,0.072,0.074,0.072,0.072,148887
GNC,20200303,7.65,7.93,7.65,7.83,945841
GNE,20200303,2.91,2.99,2.9,2.9,32303
GNX,20200303,0.195,0.2,0.185,0.2,198101
GO2,20200303,0.012,0.013,0.012,0.013,179515
GOR,20200303,1.39,1.41,1.34,1.355,8092032
GOW,20200303,2.14,2.14,2.14,2.14,4843
GOZ,20200303,4.22,4.26,4.18,4.19,1550817
GPR,20200303,0.4,0.45,0.4,0.42,152169
GPT,20200303,5.7,5.82,5.7,5.75,6810545
GPX,20200303,0.084,0.084,0.084,0.084,19998
GRB,20200303,0.069,0.069,0.068,0.068,184279
GRL,20200303,0.18,0.185,0.175,0.175,56031
GRR,20200303,0.225,0.23,0.225,0.225,725460
GSM,20200303,0.077,0.09,0.077,0.085,383456
GSS,20200303,1.1,1.115,1.085,1.115,130118
GSW,20200303,0.495,0.53,0.495,0.505,47212
GTE,20200303,0.003,0.003,0.003,0.003,1042000
GTG,20200303,0.008,0.008,0.007,0.008,7203908
GTK,20200303,1.94,1.945,1.895,1.92,8686
GTN,20200303,0.77,0.77,0.72,0.74,3820825
GTR,20200303,0.005,0.005,0.005,0.005,777500
GUD,20200303,10.55,10.915,10.54,10.85,421521
GVF,20200303,1.02,1.06,1.01,1.055,270381
GWA,20200303,3.15,3.53,3.15,3.3,1298409
GWR,20200303,0.062,0.062,0.062,0.062,21108
GXY,20200303,0.93,0.955,0.88,0.905,2698299
HAS,20200303,0.11,0.11,0.105,0.105,383894
HAV,20200303,0.085,0.085,0.082,0.082,30000
HCH,20200303,0.023,0.026,0.022,0.023,4361318
HCT,20200303,0.195,0.197,0.165,0.17,16923155
HE8,20200303,0.1,0.12,0.1,0.12,1454318
HFR,20200303,0.61,0.61,0.61,0.61,3019
HGO,20200303,0.048,0.049,0.045,0.048,217833
HIL,20200303,0.34,0.34,0.305,0.32,516447
HIP,20200303,0.013,0.014,0.013,0.014,167193
HIT,20200303,1.46,1.575,1.46,1.56,19405
HLA,20200303,1.15,1.19,1.15,1.19,29070
HLO,20200303,3.17,3.24,3,3.01,238916
HLS,20200303,3.01,3.07,2.98,3.01,1849033
HLX,20200303,0.009,0.009,0.009,0.009,2135667
HM1,20200303,3.07,3.12,3.03,3.04,179988
HMC,20200303,3.84,3.95,3.84,3.95,130868
HMD,20200303,0.13,0.13,0.112,0.115,447272
HMX,20200303,0.019,0.019,0.019,0.019,236168
HNG,20200303,0.27,0.27,0.27,0.27,26129
HNR,20200303,0.006,0.006,0.005,0.006,2534846
HPI,20200303,3.22,3.29,3.22,3.29,545717
HRL,20200303,0.125,0.14,0.125,0.14,25959
HRN,20200303,0.22,0.22,0.21,0.21,60000
HRR,20200303,0.067,0.067,0.067,0.067,14925
HRZ,20200303,0.084,0.086,0.082,0.086,469044
HSC,20200303,0.004,0.004,0.004,0.004,2483750
HSN,20200303,3.41,3.59,3.41,3.49,545399
HT1,20200303,1.405,1.415,1.35,1.37,121989
HTA,20200303,0.145,0.15,0.145,0.15,234601
HUB,20200303,10,10.1,9.35,9.35,922413
HUO,20200303,4.2,4.2,4.04,4.2,23781
HVM,20200303,0.165,0.17,0.15,0.17,309142
HVN,20200303,3.69,3.93,3.65,3.84,11797665
HWH,20200303,0.023,0.023,0.023,0.023,100000
HWK,20200303,0.005,0.005,0.005,0.005,304410
HXG,20200303,0.038,0.039,0.038,0.039,65000
HYD,20200303,0.185,0.185,0.165,0.165,29500
HZN,20200303,0.068,0.069,0.067,0.069,467685
HZR,20200303,0.395,0.41,0.385,0.405,590121
IAA,20200303,95.5,97.26,95.5,95.98,8913
IAF,20200303,116.68,117.16,116.66,117.02,28900
IAG,20200303,6.55,6.695,6.55,6.65,16656895
IAM,20200303,0.001,0.001,0.001,0.001,8100000
IAP,20200303,1.45,1.475,1.43,1.475,732902
IBX,20200303,0.026,0.028,0.024,0.024,5466967
ICE,20200303,0.255,0.255,0.25,0.25,125614
ICG,20200303,0.001,0.001,0.001,0.001,624500
ICI,20200303,0.03,0.03,0.025,0.027,914061
ICN,20200303,0.006,0.006,0.006,0.006,20000
ICQ,20200303,0.335,0.37,0.32,0.325,1901553
ICS,20200303,2.39,2.45,2.39,2.4,31826
IDT,20200303,0.125,0.14,0.125,0.135,74692
IDX,20200303,4.03,4.14,3.79,3.81,1104912
IEC,20200303,0.004,0.004,0.004,0.004,9600
IEL,20200303,21.3,21.84,20.75,20.84,1720839
IEM,20200303,63,64.05,63,63.2,35809
IEU,20200303,64.53,65.34,64.12,64.6,14089
IFL,20200303,5.7,5.82,5.69,5.72,2155281
IFM,20200303,2.11,2.17,2.09,2.12,1093717
IFN,20200303,0.66,0.665,0.635,0.64,1318171
IFT,20200303,4.88,5,4.88,5,13762
IGB,20200303,115.57,115.95,115.56,115.95,26565
IGL,20200303,1.805,1.88,1.802,1.88,924602
IGO,20200303,5.39,5.45,5.315,5.32,3877367
IHD,20200303,13.18,13.22,13.02,13.08,69468
IHL,20200303,0.047,0.055,0.047,0.05,4531688
IHR,20200303,0.073,0.073,0.07,0.07,126755
IJH,20200303,285.18,289.19,284.03,284.03,1201
IJP,20200303,82.76,83.29,81.81,81.81,24783
IJR,20200303,113.7,114.38,112.98,112.98,14191
IKO,20200303,87.74,87.74,86.21,86.73,3052
ILB,20200303,129.87,130.69,129.87,130.62,1605
ILC,20200303,25.59,25.64,25.32,25.32,20405
ILU,20200303,8.3,8.58,8.28,8.31,1795914
IMA,20200303,0.18,0.195,0.18,0.19,1715204
IMC,20200303,0.125,0.125,0.125,0.125,49999
IMD,20200303,1.56,1.595,1.545,1.55,639946
IME,20200303,0.025,0.029,0.025,0.028,5807643
IMF,20200303,4.32,4.4,4.21,4.21,788503
IMM,20200303,0.38,0.395,0.365,0.39,2655945
IMR,20200303,1.5,1.5,1.5,1.5,110773
IMS,20200303,0.005,0.005,0.005,0.005,10500
IMU,20200303,0.027,0.028,0.026,0.026,11470689
INA,20200303,5.02,5.02,4.9,4.9,1061711
ING,20200303,3.46,3.64,3.46,3.6,6921598
INR,20200303,0.165,0.175,0.165,0.175,2529808
IOD,20200303,0.13,0.135,0.125,0.125,33234
IOO,20200303,80.3,80.45,78.24,78.42,497689
IOZ,20200303,26.49,26.76,26.41,26.41,426241
IP1,20200303,0.007,0.007,0.007,0.007,72596
IPD,20200303,0.089,0.1,0.087,0.088,1303345
IPH,20200303,8.51,8.72,8.51,8.66,1245073
IPL,20200303,2.66,2.78,2.66,2.73,7203382
IPT,20200303,0.009,0.009,0.008,0.008,9609698
IRE,20200303,11.85,12.15,11.85,11.9,749185
IRI,20200303,2.9,2.99,2.87,2.9,412786
IS3,20200303,0.12,0.12,0.12,0.12,4170
ISD,20200303,0.215,0.22,0.21,0.215,392377
ISO,20200303,4.74,4.78,4.7,4.72,35616
ISU,20200303,0.32,0.33,0.32,0.33,100891
ITG,20200303,0.42,0.42,0.39,0.405,116607
IVC,20200303,14.6,14.8,14.26,14.3,714579
IVE,20200303,97.2,97.8,96.7,96.7,2553
IVR,20200303,0.015,0.016,0.014,0.015,4292816
IVV,20200303,475,475.97,468.7,469.88,44781
IVX,20200303,0.01,0.01,0.009,0.009,949107
IXC,20200303,1.06,1.125,1.06,1.11,90000
IXI,20200303,80.01,81.25,79.71,79.71,10866
IXJ,20200303,100.34,101.91,99.53,100.4,25060
IZZ,20200303,62.8,63.48,62.48,62.74,24171
JAL,20200303,0.155,0.18,0.14,0.18,257934
JAN,20200303,0.365,0.365,0.365,0.365,2449
JAT,20200303,0.044,0.046,0.044,0.044,1845718
JAY,20200303,0.225,0.225,0.205,0.205,84345
JBH,20200303,36.27,37.31,35.89,35.89,1359068
JCS,20200303,0.034,0.036,0.032,0.032,153000
JDR,20200303,0.012,0.012,0.012,0.012,500000
JHC,20200303,0.915,0.94,0.905,0.92,2035720
JHG,20200303,32.7,33.58,32.615,32.84,317388
JHX,20200303,28.44,29.175,28.2,28.85,1976563
JIN,20200303,11.67,11.86,10.74,10.79,1704449
JLG,20200303,2.62,2.63,2.51,2.54,133199
JMS,20200303,0.25,0.26,0.245,0.25,5294988
JRL,20200303,0.29,0.29,0.29,0.29,28600
JRV,20200303,0.215,0.24,0.215,0.23,779334
JXT,20200303,0.072,0.072,0.068,0.068,279917
JYC,20200303,1.445,1.535,1.445,1.46,19715
K2F,20200303,0.22,0.22,0.2,0.205,257215
KAI,20200303,0.007,0.008,0.007,0.008,2485998
KAR,20200303,0.91,0.915,0.855,0.855,6868203
KAU,20200303,0.25,0.32,0.25,0.3,1130118
KCN,20200303,0.455,0.46,0.445,0.452,76799
KFE,20200303,0.042,0.05,0.042,0.048,209327
KGM,20200303,0.005,0.005,0.004,0.004,400000
KGN,20200303,4.57,4.665,4.4,4.42,966420
KIN,20200303,0.047,0.052,0.047,0.052,215534
KKC,20200303,2.26,2.33,2.18,2.3,909124
KLA,20200303,50.98,51,49.98,50.1,1585
KMD,20200303,2.94,3.02,2.94,2.99,479416
KME,20200303,0.955,1.08,0.955,1.055,144982
KMT,20200303,0.005,0.005,0.005,0.005,374910
KNM,20200303,0.012,0.014,0.012,0.013,2030800
KNO,20200303,0.064,0.064,0.063,0.063,53638
KOR,20200303,0.008,0.008,0.008,0.008,8590
KOV,20200303,3.65,3.95,3.65,3.95,31714
KPG,20200303,0.85,0.85,0.85,0.85,543
KPO,20200303,0.039,0.043,0.038,0.038,10496857
KRM,20200303,0.029,0.029,0.028,0.028,371915
KRR,20200303,0.031,0.035,0.031,0.031,1805543
KSC,20200303,1.54,1.55,1.54,1.55,3953
KSL,20200303,1.255,1.255,1.185,1.2,277028
KSN,20200303,0.16,0.165,0.16,0.16,129096
KSS,20200303,0.27,0.285,0.27,0.28,326812
KTA,20200303,0.04,0.056,0.04,0.052,13429321
KTD,20200303,0.305,0.33,0.305,0.33,200567
KTG,20200303,0.145,0.145,0.135,0.142,213233
KWR,20200303,0.145,0.15,0.14,0.14,142425
KYK,20200303,0.064,0.072,0.062,0.062,590461
KZA,20200303,0.565,0.62,0.565,0.61,163471
KZR,20200303,0.505,0.525,0.445,0.445,601262
LAA,20200303,0.015,0.015,0.015,0.015,48775
LBL,20200303,0.44,0.55,0.44,0.53,460386
LBT,20200303,0.125,0.125,0.122,0.122,73903
LCK,20200303,0.105,0.115,0.105,0.115,534155
LCL,20200303,0.034,0.034,0.034,0.034,81709
LCM,20200303,0.195,0.195,0.18,0.18,35589
LCT,20200303,0.016,0.017,0.016,0.017,112268
LEG,20200303,0.08,0.084,0.08,0.081,1994014
LEP,20200303,5.25,5.36,5.25,5.36,46700
LER,20200303,0.022,0.022,0.022,0.022,30000
LEX,20200303,0.16,0.16,0.16,0.16,6250
LGP,20200303,0.4,0.425,0.39,0.4,137500
LHM,20200303,0.01,0.01,0.01,0.01,4
LIC,20200303,9,9,8.52,8.52,321874
LIN,20200303,0.025,0.026,0.023,0.024,8255185
LIT,20200303,0.053,0.059,0.052,0.053,2722221
LKE,20200303,0.041,0.041,0.039,0.039,2698747
LLC,20200303,17.9,18.27,17.64,17.77,1778938
LLO,20200303,1.475,1.475,1.445,1.445,10843
LML,20200303,0.004,0.004,0.004,0.004,250000
LNG,20200303,0.155,0.155,0.14,0.145,2018155
LNK,20200303,4.65,4.825,4.64,4.68,4746779
LNU,20200303,0.018,0.018,0.018,0.018,131195
LNY,20200303,0.005,0.005,0.005,0.005,3341111
LON,20200303,0.145,0.145,0.14,0.14,72333
LOT,20200303,0.047,0.047,0.047,0.047,6250
LOV,20200303,9.84,9.86,9.31,9.34,443398
LPD,20200303,0.012,0.012,0.011,0.011,2802386
LPE,20200303,0.455,0.455,0.455,0.455,20000
LPI,20200303,0.24,0.25,0.24,0.25,73746
LRS,20200303,0.004,0.004,0.004,0.004,3745011
LSF,20200303,1.3,1.325,1.295,1.3,779247
LSR,20200303,0.008,0.008,0.008,0.008,278440
LSX,20200303,0.43,0.43,0.43,0.43,5314
LTR,20200303,0.115,0.12,0.105,0.11,7623259
LVE,20200303,0.043,0.043,0.04,0.04,100000
LVH,20200303,0.2,0.215,0.2,0.21,134772
LVT,20200303,0.275,0.28,0.25,0.255,5807099
LYC,20200303,1.86,1.885,1.73,1.735,10000070
LYL,20200303,5.32,5.6,5.32,5.6,9032
M7T,20200303,0.7,0.73,0.66,0.68,1180614
M8S,20200303,0.12,0.145,0.12,0.145,412822
MAD,20200303,1.02,1.04,1.01,1.02,41702
MAG,20200303,0.25,0.27,0.235,0.265,1718890
MAH,20200303,0.29,0.3,0.29,0.3,16236830
MAI,20200303,0.495,0.495,0.485,0.495,22360
MAM,20200303,0.42,0.42,0.42,0.42,170150
MAQ,20200303,25,26.1,25,26.1,2996
MAT,20200303,0.14,0.14,0.135,0.135,334635
MAU,20200303,0.575,0.575,0.49,0.49,149414
MAY,20200303,0.009,0.009,0.009,0.009,56600
MBK,20200303,0.007,0.007,0.007,0.007,691226
MCA,20200303,0.13,0.13,0.12,0.12,600828
MCE,20200303,0.3,0.3,0.295,0.3,76890
MCM,20200303,0.42,0.42,0.42,0.42,750
MCP,20200303,2.18,2.27,2.06,2.08,1154044
MCR,20200303,0.68,0.685,0.625,0.625,557455
MCY,20200303,4.4,4.5,4.4,4.48,55732
MDC,20200303,0.23,0.255,0.23,0.25,138897
MDI,20200303,0.007,0.007,0.007,0.007,1050000
MDR,20200303,0.405,0.43,0.385,0.385,354767
MEA,20200303,0.29,0.295,0.285,0.295,116453
MEB,20200303,0.007,0.008,0.007,0.007,533822
MEC,20200303,0.97,0.995,0.97,0.98,26831
MEI,20200303,0.015,0.017,0.015,0.015,7608411
MEM,20200303,0.057,0.06,0.056,0.06,364697
MEP,20200303,0.033,0.035,0.032,0.032,249130
MEU,20200303,0.035,0.035,0.03,0.032,1514093
MEY,20200303,0.051,0.06,0.051,0.06,22079
MEZ,20200303,4.66,4.69,4.51,4.62,43663
MFD,20200303,0.99,0.99,0.895,0.895,119203
MFF,20200303,3.41,3.54,3.38,3.38,768799
MFG,20200303,58.33,61,57.27,57.38,828214
MGC,20200303,0.45,0.45,0.435,0.435,3727622
MGE,20200303,4.17,4.19,4.15,4.16,3129986
MGG,20200303,1.96,2.04,1.95,1.95,2648154
MGL,20200303,0.014,0.015,0.014,0.014,287030
MGR,20200303,3.06,3.125,3.05,3.1,16037089
MGV,20200303,0.098,0.105,0.098,0.105,1095682
MGX,20200303,0.745,0.76,0.72,0.735,2187728
MHC,20200303,0.006,0.006,0.006,0.006,11114138
MHG,20200303,3.52,3.52,3.52,3.52,211707
MHH,20200303,1.58,1.635,1.55,1.56,1570199
MHJ,20200303,0.555,0.595,0.555,0.58,32591
MIL,20200303,0.4,0.45,0.4,0.42,39033
MIN,20200303,16.71,17.11,16.71,16.9,1494526
MIO,20200303,0.145,0.18,0.145,0.18,231858
MIR,20200303,2.4,2.52,2.35,2.36,101945
MKG,20200303,0.066,0.066,0.062,0.062,97100
MLD,20200303,0.935,0.945,0.915,0.93,394160
MLL,20200303,0.074,0.078,0.074,0.075,407255
MLM,20200303,0.012,0.013,0.011,0.011,58500
MLS,20200303,0.001,0.001,0.001,0.001,1747363
MLT,20200303,4.52,4.63,4.52,4.55,337563
MLX,20200303,0.075,0.078,0.069,0.077,1745407
MME,20200303,1.56,1.6,1.52,1.6,85089
MMI,20200303,0.115,0.125,0.115,0.12,304471
MMJ,20200303,0.096,0.105,0.092,0.1,679974
MML,20200303,0.53,0.6,0.53,0.58,617260
MMM,20200303,0.27,0.27,0.27,0.27,2674
MMS,20200303,10.71,11.17,10.71,10.82,439988
MND,20200303,14.28,15.07,14.28,14.9,662882
MNF,20200303,3.9,4.07,3.9,4,447422
MNS,20200303,0.078,0.08,0.072,0.076,729091
MNY,20200303,2.75,2.8,2.67,2.69,745299
MOB,20200303,0.08,0.085,0.08,0.084,128817
MOC,20200303,0.96,1.03,0.945,0.975,286936
MOE,20200303,5.2,5.4,5.1,5.22,303116
MOH,20200303,0.079,0.083,0.075,0.075,137736
MOT,20200303,1.95,2,1.925,1.98,521080
MOZ,20200303,1.2,1.22,1.15,1.16,4056816
MP1,20200303,10.88,10.93,10.45,10.67,1013228
MPH,20200303,0.15,0.16,0.15,0.16,31325
MPL,20200303,2.76,2.8,2.7,2.7,14729335
MPW,20200303,0.065,0.065,0.065,0.065,84000
MQG,20200303,138.01,139,135.96,135.96,1269326
MRC,20200303,0.195,0.23,0.19,0.22,108587
MRL,20200303,0.415,0.415,0.415,0.415,5092
MRM,20200303,0.135,0.14,0.13,0.13,525153
MRQ,20200303,0.007,0.007,0.007,0.007,3125686
MRR,20200303,0.007,0.007,0.007,0.007,20000
MSB,20200303,2.4,2.49,2.3,2.34,3096293
MSE,20200303,0.01,0.01,0.009,0.009,781893
MSG,20200303,0.016,0.016,0.015,0.015,1437814
MSM,20200303,0.008,0.008,0.008,0.008,250000
MSR,20200303,0.002,0.002,0.002,0.002,4900000
MSV,20200303,0.54,0.56,0.525,0.55,253102
MTB,20200303,0.002,0.002,0.002,0.002,3143
MTC,20200303,0.053,0.059,0.053,0.057,413783
MTH,20200303,0.009,0.01,0.009,0.01,1910890
MTO,20200303,1.5,1.555,1.4,1.4,33705
MTS,20200303,2.48,2.66,2.47,2.6,8872614
MVA,20200303,24.9,25.21,24.79,25.14,5128
MVB,20200303,26,26,25.5,25.5,1084
MVE,20200303,27.89,27.94,27.68,27.71,3918
MVF,20200303,0.91,0.935,0.91,0.915,95291
MVP,20200303,8.5,9.23,8.5,8.81,407623
MVR,20200303,27.23,27.29,27.1,27.1,5057
MVS,20200303,19.15,19.2,19,19,4206
MVW,20200303,29.2,29.435,29.12,29.19,94194
MWR,20200303,0.175,0.175,0.16,0.16,239868
MWY,20200303,1.43,1.525,1.417,1.45,27008
MX1,20200303,0.18,0.18,0.165,0.165,1903879
MXC,20200303,0.027,0.029,0.027,0.027,9450018
MXI,20200303,0.155,0.17,0.155,0.16,461682
MXT,20200303,2,2,1.99,1.99,1188505
MYE,20200303,0.785,0.875,0.785,0.81,120073
MYL,20200303,0.044,0.048,0.042,0.045,990410
MYQ,20200303,0.195,0.195,0.185,0.185,80402
MYR,20200303,0.365,0.365,0.34,0.35,1305625
MYS,20200303,5.78,5.98,5.78,5.82,206972
MYX,20200303,0.335,0.335,0.31,0.315,7156753
MZZ,20200303,0.185,0.19,0.18,0.19,227843
NAB,20200303,24.9,24.98,24.13,24.13,9880316
NAC,20200303,0.955,0.955,0.89,0.89,31000
NAM,20200303,0.3,0.3,0.3,0.3,4800
NAN,20200303,6.74,6.9,6.7,6.77,1419456
NBI,20200303,2.02,2.03,2,2.01,4746667
NCC,20200303,1.025,1.05,1,1.02,148872
NCK,20200303,7.28,7.43,7.06,7.12,258369
NCM,20200303,26.86,27.345,26.82,27.11,3776199
NCR,20200303,0.008,0.011,0.008,0.011,1229024
NCZ,20200303,0.12,0.13,0.115,0.12,2349260
NDQ,20200303,22.92,23.05,22.7,22.75,387992
NEA,20200303,1.75,1.77,1.655,1.66,4292715
NEC,20200303,1.58,1.635,1.58,1.59,17573936
NES,20200303,0.031,0.031,0.03,0.03,51224
NET,20200303,0.05,0.051,0.046,0.046,5854892
NEU,20200303,1.79,2.05,1.79,1.925,314503
NEW,20200303,1.19,1.215,1.19,1.2,134689
NGE,20200303,0.55,0.55,0.55,0.55,3384
NGI,20200303,2.9,3.03,2.87,2.87,172260
NHC,20200303,1.52,1.55,1.507,1.515,8100313
NHF,20200303,4.56,4.7,4.53,4.54,2197927
NIC,20200303,0.52,0.52,0.48,0.48,4183018
NME,20200303,0.013,0.013,0.013,0.013,27267
NML,20200303,0.094,0.099,0.093,0.093,933359
NMT,20200303,0.185,0.19,0.185,0.19,39748
NNW,20200303,0.059,0.067,0.058,0.067,166488
NOR,20200303,0.041,0.041,0.04,0.04,1394680
NOV,20200303,0.17,0.175,0.17,0.175,8677
NOX,20200303,0.255,0.27,0.222,0.225,655802
NSB,20200303,0.14,0.14,0.135,0.14,88368
NSC,20200303,0.585,0.615,0.58,0.58,256505
NSR,20200303,2.26,2.28,2.25,2.25,3357476
NST,20200303,12.96,13.4,12.96,13.19,2773435
NSX,20200303,0.16,0.16,0.15,0.15,232208
NTD,20200303,0.36,0.365,0.35,0.365,148460
NTI,20200303,0.007,0.007,0.007,0.007,250000
NTL,20200303,0.006,0.006,0.006,0.006,999700
NTM,20200303,0.064,0.067,0.064,0.065,532782
NTO,20200303,1.69,1.7,1.65,1.67,229885
NTU,20200303,0.034,0.034,0.032,0.032,1590245
NUC,20200303,2.8,2.95,2.8,2.95,68117
NUF,20200303,5.08,5.24,5.08,5.11,1217466
NUH,20200303,0.024,0.026,0.024,0.026,1649843
NVA,20200303,0.047,0.05,0.047,0.049,3060887
NVL,20200303,3.69,3.69,3.67,3.68,393955
NVO,20200303,0.012,0.012,0.012,0.012,239568
NVX,20200303,0.35,0.35,0.34,0.35,16838
NWE,20200303,0.004,0.004,0.004,0.004,1428571
NWF,20200303,0.17,0.17,0.155,0.17,63696
NWH,20200303,2.4,2.44,2.38,2.39,5530593
NWL,20200303,7.8,7.91,7.14,7.18,1047334
NWS,20200303,18.71,19.29,18.71,18.97,251890
NXE,20200303,0.008,0.008,0.008,0.008,1669
NXS,20200303,2.16,2.34,2.16,2.22,469863
NXT,20200303,8,8.2,7.88,8.06,3516753
NYR,20200303,0.18,0.185,0.175,0.18,139492
NZK,20200303,1.85,1.85,1.85,1.85,5064
NZM,20200303,0.34,0.37,0.34,0.34,1942725
NZS,20200303,0.009,0.011,0.009,0.011,1033815
OAR,20200303,0.003,0.003,0.003,0.003,6000000
OAU,20200303,0.019,0.02,0.019,0.02,345454
OBM,20200303,0.165,0.17,0.155,0.155,1178156
OCA,20200303,1.05,1.05,1.05,1.05,861
OCC,20200303,0.35,0.385,0.335,0.34,1648622
OCL,20200303,5.44,5.5,5.35,5.48,31584
ODA,20200303,0.195,0.2,0.195,0.2,15000
ODM,20200303,0.037,0.037,0.037,0.037,7374
OEC,20200303,0.47,0.495,0.47,0.49,81335
OEL,20200303,0.023,0.024,0.022,0.022,3415649
OEX,20200303,0.003,0.003,0.003,0.003,125700
OFX,20200303,1.325,1.365,1.275,1.275,200018
OGA,20200303,0.115,0.115,0.115,0.115,396015
OGC,20200303,2.32,2.4,2.32,2.33,366062
OIL,20200303,0.024,0.024,0.024,0.024,66273
OKR,20200303,0.066,0.066,0.066,0.066,16154
OKU,20200303,0.21,0.22,0.205,0.22,586173
OLI,20200303,0.07,0.072,0.069,0.069,875758
OLL,20200303,0.16,0.175,0.16,0.175,999098
OMH,20200303,0.42,0.43,0.4,0.4,8395225
OML,20200303,2.74,2.9,2.71,2.88,1858418
ONT,20200303,6.14,6.14,5.97,6.08,13431
OOO,20200303,12.3,12.47,12.24,12.24,151426
OPC,20200303,4.85,5.07,4.71,5.02,32784
OPH,20200303,2.37,2.48,2.37,2.42,187097
OPT,20200303,2.9,3.31,2.9,3.27,574510
OPY,20200303,1.06,1.08,1.02,1.02,294225
ORA,20200303,2.59,2.735,2.585,2.71,5452161
ORE,20200303,2.81,2.9,2.72,2.74,1544291
ORG,20200303,7.1,7.115,6.99,7.04,9347195
ORI,20200303,19.45,20.33,19.45,20.17,1632724
ORN,20200303,0.018,0.018,0.017,0.017,686387
ORR,20200303,0.4,0.4,0.38,0.38,47678
OSH,20200303,5.6,5.64,5.41,5.43,6364293
OSL,20200303,0.145,0.15,0.135,0.135,1887914
OSX,20200303,0.5,0.545,0.5,0.5,241617
OTW,20200303,3.28,3.28,3.15,3.15,36949
OVH,20200303,0.245,0.27,0.245,0.26,753852
OVL,20200303,0.007,0.008,0.007,0.008,1414157
OVN,20200303,0.59,0.6,0.535,0.54,270646
OVT,20200303,0.033,0.035,0.031,0.031,1830873
OZF,20200303,19.09,19.09,18.75,18.75,7355
OZG,20200303,0.16,0.16,0.16,0.16,26815
OZL,20200303,9.08,9.27,9.08,9.18,3620497
OZR,20200303,10.54,10.77,10.54,10.65,29452
P2P,20200303,0.073,0.073,0.073,0.073,103000
PAA,20200303,0.088,0.09,0.085,0.09,488322
PAB,20200303,0.016,0.019,0.015,0.015,4016521
PAC,20200303,5.69,5.91,5.44,5.63,95101
PAF,20200303,0.81,0.86,0.81,0.835,87716
PAI,20200303,1.03,1.06,1.005,1.04,425914
PAL,20200303,0.805,0.815,0.805,0.815,26370
PAN,20200303,0.19,0.205,0.19,0.2,1295256
PAR,20200303,3.25,3.42,2.93,2.97,2374848
PBH,20200303,4.38,4.47,4.1,4.16,993267
PBP,20200303,2.13,2.14,2.01,2.07,146722
PCG,20200303,1.445,1.45,1.445,1.45,16349
PCI,20200303,1.05,1.09,1.035,1.06,692469
PCK,20200303,0.115,0.117,0.105,0.105,6880024
PDI,20200303,0.007,0.007,0.007,0.007,475750
PDL,20200303,7.17,7.34,7.03,7.09,3463493
PDN,20200303,0.081,0.083,0.08,0.082,3088376
PDZ,20200303,0.16,0.17,0.16,0.17,37628
PE1,20200303,1.382,1.415,1.345,1.345,50231
PEC,20200303,0.037,0.037,0.037,0.037,20000
PEK,20200303,0.036,0.036,0.033,0.034,1018023
PEN,20200303,0.13,0.135,0.12,0.13,241072
PET,20200303,0.625,0.66,0.595,0.61,1169827
PEX,20200303,0.18,0.18,0.167,0.175,262824
PFG,20200303,0.07,0.07,0.07,0.07,41429
PFP,20200303,3.4,3.4,3.33,3.35,153030
PGC,20200303,0.25,0.26,0.217,0.235,1376318
PGF,20200303,1.125,1.125,1.09,1.12,540906
PGG,20200303,1.98,1.99,1.95,1.98,335541
PGH,20200303,2.15,2.17,2.09,2.16,991998
PGL,20200303,1.79,1.81,1.75,1.755,56998
PGM,20200303,0.018,0.019,0.018,0.018,2117933
PGX,20200303,0.235,0.24,0.23,0.23,346995
PIA,20200303,1.065,1.085,1.06,1.07,321005
PIC,20200303,0.98,1,0.98,1,561778
PIO,20200303,0.012,0.012,0.012,0.012,772413
PIQ,20200303,0.28,0.295,0.28,0.295,119400
PKD,20200303,0.065,0.065,0.065,0.065,15384
PKS,20200303,0.135,0.145,0.13,0.13,371236
PL8,20200303,1.06,1.125,1.06,1.085,996288
PLL,20200303,0.105,0.11,0.105,0.11,143729
PLS,20200303,0.275,0.28,0.25,0.25,9749431
PM1,20200303,0.015,0.016,0.015,0.015,1461690
PM8,20200303,0.225,0.24,0.225,0.23,382492
PMC,20200303,1.35,1.37,1.34,1.34,398849
PME,20200303,21.45,21.8,20.72,20.72,434556
PMV,20200303,16.6,17.49,16.47,16.47,358000
PMY,20200303,0.004,0.005,0.004,0.005,2097010
PNC,20200303,1.61,1.7,1.595,1.61,536125
PNI,20200303,5.16,5.43,4.91,4.96,962174
PNN,20200303,0.002,0.002,0.002,0.002,1000000
PNR,20200303,0.082,0.087,0.082,0.085,1245413
PNV,20200303,2.68,2.72,2.48,2.51,8432564
PO3,20200303,2.39,2.65,2.39,2.65,2800
POD,20200303,0.034,0.034,0.033,0.033,128252
POS,20200303,0.03,0.032,0.03,0.03,2024096
POU,20200303,19.2,19.2,19.1,19.1,5329
POW,20200303,0.003,0.003,0.003,0.003,104300
PPC,20200303,1.19,1.235,1.18,1.22,53346
PPE,20200303,3.3,3.47,3.26,3.47,178407
PPG,20200303,0.091,0.099,0.091,0.096,177640
PPH,20200303,3.98,4.08,3.98,4.03,238738
PPK,20200303,4.7,4.85,4.36,4.37,148894
PPS,20200303,0.385,0.405,0.37,0.37,2516462
PPT,20200303,38.86,39.31,38.33,38.85,314111
PRN,20200303,1.405,1.44,1.315,1.325,3831881
PRO,20200303,0.75,0.765,0.75,0.765,4730
PRT,20200303,0.14,0.145,0.14,0.145,9000
PRU,20200303,1.015,1.07,1.015,1.055,9536819
PRX,20200303,0.053,0.053,0.05,0.05,46244
PSA,20200303,0.037,0.037,0.036,0.036,94614
PSC,20200303,0.17,0.17,0.17,0.17,5823
PSI,20200303,3.25,3.25,3.05,3.15,2745
PSQ,20200303,1.77,1.77,1.77,1.77,2029
PTB,20200303,0.685,0.715,0.685,0.7,316969
PTL,20200303,0.365,0.365,0.335,0.335,83729
PTM,20200303,3.89,3.97,3.85,3.86,1587764
PTR,20200303,0.053,0.053,0.053,0.053,608
PTX,20200303,0.044,0.045,0.042,0.042,1480827
PUA,20200303,0.014,0.016,0.014,0.015,1087668
PVE,20200303,0.05,0.053,0.05,0.053,269125
PWG,20200303,1.4,1.405,1.39,1.4,81052
PWH,20200303,4.4,4.59,4.25,4.38,178539
PWL,20200303,0.145,0.145,0.145,0.145,1786888
PWN,20200303,0.005,0.005,0.004,0.005,9745555
PXS,20200303,0.093,0.1,0.093,0.095,458726
PXX,20200303,0.023,0.023,0.023,0.023,91257
PYC,20200303,0.059,0.06,0.059,0.06,1426815
PYG,20200303,0.73,0.73,0.65,0.65,14817
QAG,20200303,5.35,5.35,5.33,5.34,2375
QAN,20200303,5.3,5.46,5.23,5.23,21165021
QAU,20200303,15.87,16.08,15.87,16.08,244943
QBE,20200303,13.48,13.66,13.27,13.32,5375349
QCB,20200303,7.5,7.5,7.5,7.5,61
QEM,20200303,0.082,0.082,0.082,0.082,121707
QFE,20200303,0.265,0.275,0.265,0.265,396939
QFN,20200303,10.66,10.66,10.39,10.39,8414
QFY,20200303,0.003,0.003,0.002,0.002,2084175
QGL,20200303,0.037,0.04,0.037,0.04,98572
QHL,20200303,0.1,0.105,0.1,0.1,608295
QIP,20200303,1.28,1.29,1.28,1.29,8447
QOZ,20200303,13.12,13.17,13.01,13.01,33558
QRE,20200303,5.8,5.87,5.79,5.79,54340
QRI,20200303,1.595,1.61,1.59,1.61,369501
QTM,20200303,0.043,0.043,0.043,0.043,294576
QUB,20200303,2.92,2.97,2.855,2.86,5835643
QUS,20200303,37.41,38.21,37.41,37.81,1192
QVE,20200303,0.96,0.98,0.935,0.95,334770
RAC,20200303,0.39,0.4,0.33,0.33,1372732
RAG,20200303,0.005,0.005,0.005,0.005,600000
RAP,20200303,0.19,0.21,0.185,0.185,3415363
RBL,20200303,0.96,1.015,0.925,0.935,447528
RBR,20200303,0.009,0.01,0.009,0.01,624290
RCB,20200303,20.93,20.96,20.87,20.93,46665
RCE,20200303,0.41,0.43,0.365,0.38,539623
RCT,20200303,2.1,2.1,1.99,1.99,15800
RDC,20200303,1.09,1.11,1.09,1.11,833144
RDH,20200303,1.42,1.46,1.41,1.41,28615
RDM,20200303,0.067,0.067,0.067,0.067,50000
RDN,20200303,0.006,0.006,0.006,0.006,500401
RDV,20200303,28.1,28.24,27.9,27.9,38059
RDY,20200303,1.785,1.845,1.785,1.8,94301
REA,20200303,99.85,100.4,97.71,98.55,417254
RED,20200303,0.315,0.315,0.3,0.3,3025238
REE,20200303,0.03,0.033,0.03,0.033,920918
REG,20200303,1.83,1.9,1.74,1.76,2341013
REH,20200303,11.68,11.8,11.59,11.71,503187
RES,20200303,0.071,0.071,0.067,0.069,147142
REV,20200303,0.011,0.011,0.011,0.011,90909
REX,20200303,1.06,1.06,0.985,1.025,51474
REZ,20200303,0.012,0.013,0.012,0.013,74507
RF1,20200303,2.44,2.51,2.43,2.5,261180
RFF,20200303,1.97,2.035,1.965,2.01,972078
RFG,20200303,0.092,0.093,0.09,0.093,1836530
RFN,20200303,0.002,0.003,0.002,0.003,225000
RFR,20200303,0.088,0.088,0.088,0.088,85000
RFT,20200303,0.042,0.042,0.039,0.039,1309662
RFX,20200303,0.039,0.04,0.038,0.04,578693
RGB,20200303,23.63,23.63,23.59,23.59,77
RGI,20200303,0.11,0.11,0.1,0.1,92066
RGL,20200303,0.01,0.01,0.01,0.01,259360
RGS,20200303,0.066,0.07,0.065,0.07,385729
RHC,20200303,69.75,70.64,68.73,70.17,633878
RHP,20200303,1.84,1.895,1.815,1.85,440738
RHT,20200303,0.15,0.15,0.145,0.145,674411
RHY,20200303,0.07,0.074,0.07,0.074,46337
RIC,20200303,0.83,0.87,0.815,0.83,280171
RIM,20200303,0.003,0.003,0.002,0.003,1514350
RIO,20200303,88.05,90.3,88.02,88.8,3862089
RKN,20200303,0.67,0.685,0.66,0.67,71908
RLC,20200303,0.002,0.003,0.002,0.003,583225
RLE,20200303,0.02,0.02,0.02,0.02,74572
RLG,20200303,0.021,0.025,0.021,0.024,244687
RLT,20200303,1.46,1.65,1.45,1.645,32744
RMC,20200303,1.25,1.335,1.24,1.31,228225
RMD,20200303,25.67,25.81,25.44,25.49,2080806
RML,20200303,0.058,0.061,0.055,0.055,1447460
RMP,20200303,0.011,0.011,0.011,0.011,620153
RMS,20200303,1.11,1.135,1.08,1.085,5820294
RMX,20200303,0.004,0.004,0.004,0.004,510000
RMY,20200303,0.475,0.56,0.475,0.475,380888
RND,20200303,2,2,2,2,840
RNE,20200303,0.028,0.028,0.028,0.028,46639
RNT,20200303,0.046,0.046,0.043,0.045,161120
RNU,20200303,0.009,0.01,0.009,0.009,9416495
RNX,20200303,0.002,0.002,0.002,0.002,500000
ROG,20200303,0.002,0.002,0.002,0.002,500000
ROO,20200303,0.027,0.027,0.024,0.024,703833
RRL,20200303,3.83,3.9,3.77,3.79,7090108
RSG,20200303,0.955,0.99,0.945,0.96,17094633
RSH,20200303,0.07,0.075,0.07,0.074,240382
RSM,20200303,21.72,21.74,21.65,21.74,4298
RTG,20200303,0.08,0.086,0.08,0.084,618808
RTR,20200303,0.072,0.075,0.071,0.075,986436
RUL,20200303,0.935,0.96,0.93,0.955,539797
RVR,20200303,0.07,0.07,0.068,0.069,2311574
RVS,20200303,0.59,0.59,0.58,0.58,20202
RWC,20200303,3.4,3.54,3.39,3.5,8815976
RWD,20200303,0.14,0.14,0.14,0.14,1341
RXL,20200303,0.023,0.024,0.023,0.023,16357427
RXM,20200303,0.066,0.066,0.066,0.066,30000
RXP,20200303,0.385,0.405,0.382,0.405,154395
RZI,20200303,0.76,0.83,0.76,0.8,52529
S2R,20200303,0.087,0.09,0.087,0.09,205666
S32,20200303,2.29,2.39,2.26,2.3,40411399
S66,20200303,0.53,0.53,0.51,0.51,65430
SAR,20200303,3.9,3.985,3.84,3.88,14580806
SBM,20200303,2.43,2.535,2.41,2.49,10275050
SCG,20200303,3.38,3.47,3.38,3.43,21790197
SCI,20200303,0.007,0.008,0.007,0.008,964320
SCL,20200303,0.014,0.016,0.014,0.015,1803102
SCN,20200303,0.022,0.022,0.022,0.022,18000
SCP,20200303,2.95,3.04,2.95,3.01,3261829
SCT,20200303,0.042,0.044,0.04,0.044,170625
SCU,20200303,0.013,0.013,0.013,0.013,103196
SDF,20200303,3.77,3.8,3.67,3.7,3190637
SDG,20200303,1.7,1.72,1.665,1.7,348463
SDI,20200303,0.92,0.93,0.92,0.93,24798
SDV,20200303,0.74,0.795,0.69,0.71,1264694
SE1,20200303,0.008,0.008,0.008,0.008,2588955
SEC,20200303,1.62,1.64,1.56,1.585,58318
SEK,20200303,20.83,21.695,20.83,21.67,1779611
SEN,20200303,0.05,0.05,0.047,0.05,2083592
SER,20200303,0.005,0.005,0.005,0.005,700000
SES,20200303,0.064,0.065,0.063,0.065,258217
SFG,20200303,0.061,0.062,0.058,0.061,772744
SFR,20200303,4.46,4.5,4.4,4.4,1271776
SFX,20200303,0.13,0.13,0.13,0.13,155403
SFY,20200303,60.2,60.42,59.89,59.89,10294
SGC,20200303,0.024,0.026,0.022,0.022,205741
SGF,20200303,2.13,2.18,1.995,2.06,455942
SGH,20200303,0.885,0.9,0.88,0.88,6190
SGM,20200303,9.45,9.85,9.45,9.59,611431
SGP,20200303,4.67,4.73,4.66,4.69,12681984
SGQ,20200303,0.097,0.097,0.092,0.092,254203
SGR,20200303,3.65,3.8,3.65,3.72,5631281
SHE,20200303,0.006,0.006,0.006,0.006,398219
SHH,20200303,0.003,0.003,0.003,0.003,100000
SHJ,20200303,0.94,0.94,0.91,0.91,35089
SHL,20200303,29.1,29.685,29.08,29.52,1715369
SHM,20200303,0.67,0.705,0.665,0.69,49913
SHV,20200303,6.58,6.84,6.56,6.56,792162
SIG,20200303,0.58,0.58,0.56,0.57,854621
SIO,20200303,0.33,0.335,0.33,0.335,135579
SIQ,20200303,6.52,6.73,6.5,6.55,1050880
SIV,20200303,0.53,0.53,0.53,0.53,12500
SKC,20200303,2.95,3.11,2.95,3.07,646725
SKF,20200303,0.17,0.18,0.17,0.175,404324
SKI,20200303,2.04,2.1,2.01,2.08,7284554
SKN,20200303,0.012,0.012,0.012,0.012,83333
SKO,20200303,3.98,4,3.9,3.96,57696
SKT,20200303,0.53,0.545,0.52,0.525,93969
SKY,20200303,0.235,0.245,0.23,0.235,891343
SLC,20200303,0.78,0.8,0.765,0.775,798295
SLF,20200303,13.97,14.3,13.89,14.3,52090
SLK,20200303,4.21,4.28,4.16,4.25,1089789
SLM,20200303,0.78,0.785,0.78,0.785,19632
SLR,20200303,1.51,1.605,1.51,1.575,11617075
SLX,20200303,0.31,0.33,0.305,0.305,171511
SLZ,20200303,0.068,0.074,0.068,0.074,178667
SM1,20200303,5.5,5.66,5.16,5.23,358225
SM8,20200303,0.094,0.099,0.088,0.088,1019798
SMI,20200303,0.004,0.004,0.004,0.004,2920000
SMN,20200303,0.63,0.685,0.63,0.665,112097
SMP,20200303,0.555,0.555,0.477,0.5,632471
SMR,20200303,0.93,0.93,0.85,0.85,391769
SNC,20200303,0.78,0.8,0.78,0.795,66273
SND,20200303,0.465,0.47,0.46,0.465,100000
SNL,20200303,4.03,4.06,4.03,4.06,1110
SNS,20200303,0.093,0.1,0.093,0.1,52520
SNZ,20200303,7.37,7.49,7.34,7.49,7872
SO4,20200303,0.57,0.572,0.55,0.55,184357
SOL,20200303,20,20.42,19.91,20.06,475784
SOM,20200303,3.1,3.1,2.91,3,5463
SOP,20200303,0.021,0.022,0.021,0.022,263878
SOR,20200303,0.065,0.065,0.061,0.062,231163
SP3,20200303,0.08,0.08,0.076,0.076,129430
SPK,20200303,4.53,4.62,4.525,4.59,1240155
SPL,20200303,1.03,1.045,1.005,1.005,363377
SPQ,20200303,0.004,0.004,0.004,0.004,1305614
SPT,20200303,0.54,0.58,0.45,0.45,4093316
SPX,20200303,0.125,0.13,0.115,0.125,4427720
SPY,20200303,478.01,478.01,467.71,467.71,2033
SPZ,20200303,0.175,0.185,0.17,0.17,130559
SRG,20200303,0.37,0.37,0.34,0.345,1018061
SRI,20200303,0.048,0.05,0.045,0.045,75149
SRK,20200303,0.041,0.041,0.041,0.041,115000
SRV,20200303,4.03,4.35,4.03,4.35,37163
SSG,20200303,0.66,0.66,0.63,0.655,233348
SSM,20200303,2.08,2.18,2.08,2.08,2951687
SSO,20200303,14.67,14.67,14.67,14.67,100
ST1,20200303,0.18,0.18,0.17,0.17,57677
STA,20200303,0.11,0.11,0.1,0.1,310810
STG,20200303,0.95,1.05,0.95,1.025,72555
STM,20200303,0.007,0.007,0.007,0.007,1835000
STN,20200303,0.44,0.44,0.44,0.44,1094
STO,20200303,7.17,7.19,6.94,7,10768938
STW,20200303,61.1,61.1,59.9,59.9,478582
STX,20200303,0.15,0.155,0.14,0.145,9578992
SUD,20200303,0.059,0.059,0.058,0.058,41000
SUL,20200303,8.2,8.45,8,8,2012337
SUN,20200303,11.23,11.49,11.22,11.34,3856289
SVA,20200303,0.02,0.02,0.02,0.02,140727
SVD,20200303,0.007,0.007,0.007,0.007,1986720
SVL,20200303,0.081,0.088,0.078,0.08,9239120
SVM,20200303,0.11,0.12,0.11,0.11,180894
SVW,20200303,17.57,17.88,17.01,17.11,900983
SVY,20200303,0.665,0.69,0.61,0.62,407942
SW1,20200303,0.05,0.053,0.05,0.053,132145
SWF,20200303,0.15,0.155,0.15,0.15,626444
SWK,20200303,0.165,0.165,0.16,0.16,111431
SWM,20200303,0.155,0.16,0.15,0.15,3251727
SXE,20200303,0.54,0.565,0.53,0.54,173516
SXL,20200303,0.625,0.655,0.622,0.645,10398864
SXY,20200303,0.29,0.295,0.27,0.27,4807609
SYA,20200303,0.012,0.012,0.012,0.012,3378333
SYD,20200303,7.76,7.85,7.72,7.73,8950073
SYI,20200303,27.77,27.94,27.53,27.53,11631
SYR,20200303,0.42,0.44,0.39,0.41,3930662
SZL,20200303,1.6,1.69,1.555,1.59,228231
TAH,20200303,3.81,3.85,3.72,3.74,12669829
TAM,20200303,0.05,0.05,0.045,0.046,376230
TAO,20200303,0.06,0.06,0.055,0.055,65000
TAP,20200303,0.105,0.105,0.095,0.095,447847
TAS,20200303,0.031,0.032,0.031,0.032,197527
TBL,20200303,0.38,0.38,0.37,0.37,6500
TBR,20200303,5.32,5.32,4.91,4.91,9809
TCL,20200303,15,15.19,14.93,15.11,6003478
TD1,20200303,0.026,0.026,0.023,0.023,9374457
TDI,20200303,1.65,1.65,1.6,1.62,32313
TDY,20200303,0.17,0.175,0.15,0.175,42622
TEG,20200303,0.039,0.039,0.037,0.038,576300
TEK,20200303,0.24,0.25,0.24,0.245,239901
TGA,20200303,0.13,0.13,0.115,0.12,798363
TGF,20200303,1.49,1.505,1.45,1.46,101217
TGG,20200303,1.27,1.28,1.26,1.26,140770
TGH,20200303,0.15,0.155,0.145,0.152,112185
TGM,20200303,0.23,0.23,0.23,0.23,48173
TGN,20200303,0.155,0.16,0.147,0.155,437330
TGO,20200303,0.079,0.1,0.079,0.1,195562
TGP,20200303,1.035,1.05,1.035,1.05,101822
TGR,20200303,3.91,3.98,3.875,3.88,1331551
THC,20200303,0.335,0.37,0.335,0.35,908990
TIE,20200303,0.25,0.25,0.23,0.235,230971
TIP,20200303,0.695,0.71,0.695,0.71,76970
TLG,20200303,0.405,0.425,0.405,0.415,393359
TLM,20200303,0.072,0.072,0.069,0.069,214321
TLS,20200303,3.48,3.545,3.47,3.5,44664452
TLX,20200303,1.35,1.4,1.32,1.345,1029015
TMG,20200303,0.049,0.05,0.049,0.049,82000
TMR,20200303,0.18,0.195,0.18,0.18,170204
TMT,20200303,0.089,0.089,0.085,0.085,257095
TMX,20200303,0.004,0.004,0.004,0.004,60000
TNE,20200303,7.96,8.11,7.86,7.9,1400037
TNG,20200303,0.068,0.072,0.067,0.067,1110311
TNK,20200303,1.16,1.18,1.15,1.16,83956
TNT,20200303,0.068,0.072,0.067,0.067,5388601
TNY,20200303,1.24,1.25,1.17,1.18,62542
TOE,20200303,0.006,0.007,0.006,0.006,673780
TON,20200303,0.032,0.032,0.028,0.031,320490
TOP,20200303,0.54,0.58,0.54,0.545,743948
TOT,20200303,1.03,1.045,1.03,1.03,297022
TOU,20200303,0.056,0.056,0.055,0.056,615927
TPM,20200303,7.34,7.66,7.31,7.6,1404466
TPS,20200303,0.125,0.125,0.125,0.125,30000
TPW,20200303,3.2,3.3,3.05,3.06,272376
TRL,20200303,0.001,0.001,0.001,0.001,400000
TRS,20200303,3.15,3.42,2.89,3.03,134528
TRT,20200303,0.018,0.018,0.017,0.017,24988
TRY,20200303,0.08,0.088,0.08,0.085,516127
TSC,20200303,0.006,0.006,0.005,0.006,11077682
TSL,20200303,0.035,0.037,0.035,0.037,339393
TSO,20200303,0.02,0.02,0.016,0.017,7883498
TTB,20200303,0.6,0.62,0.56,0.6,55472
TTM,20200303,0.105,0.105,0.1,0.1,325969
TTT,20200303,0.98,1.07,0.96,1.05,1208447
TWD,20200303,3.28,3.43,3.28,3.43,39078
TWE,20200303,10.9,11.31,10.81,11.12,4111700
TYR,20200303,3.84,4,3.73,3.78,1396687
TYX,20200303,0.003,0.003,0.003,0.003,190000
UBA,20200303,22,22,21.46,21.5,12035
UBE,20200303,23.28,23.36,23.11,23.12,6451
UBI,20200303,0.155,0.155,0.145,0.15,262727
UBN,20200303,0.051,0.053,0.051,0.052,1471715
UBU,20200303,34.68,34.68,34,34,3123
UBW,20200303,30.35,30.56,30.08,30.08,840
UCM,20200303,0.41,0.43,0.36,0.37,3344336
UCW,20200303,0.2,0.2,0.2,0.2,1818
UNL,20200303,0.044,0.044,0.044,0.044,60000
UNV,20200303,0.2,0.21,0.195,0.195,199408
UOS,20200303,0.765,0.77,0.75,0.75,72521
URF,20200303,0.4,0.43,0.4,0.43,270804
URW,20200303,9.09,9.26,9.04,9.07,998467
USD,20200303,14.89,14.94,14.81,14.87,194977
UUV,20200303,0.002,0.002,0.002,0.002,1128990
UWL,20200303,1.33,1.38,1.275,1.28,1620007
VAE,20200303,70.24,70.45,69.5,69.64,19143
VAF,20200303,53.05,53.3,53.04,53.3,59710
VAH,20200303,0.1,0.11,0.1,0.105,1415188
VAL,20200303,0.001,0.002,0.001,0.002,660500
VAN,20200303,0.11,0.12,0.105,0.12,835288
VAP,20200303,89.39,91,89.21,90.71,81307
VAR,20200303,0.022,0.022,0.022,0.022,3750
VAS,20200303,82.86,83.08,81.97,82.95,880679
VCF,20200303,51.69,51.82,51.41,51.62,14528
VCX,20200303,2.2,2.25,2.2,2.24,11908152
VEA,20200303,1.865,1.88,1.77,1.78,6058248
VEN,20200303,0.12,0.12,0.099,0.11,539358
VEQ,20200303,58.35,58.44,57.64,57.87,14563
VEU,20200303,75.19,75.9,74.7,74.8,117143
VG1,20200303,2.18,2.25,2.17,2.17,442829
VG8,20200303,2.2,2.25,2.2,2.25,154968
VGB,20200303,54.17,54.39,54.14,54.37,45839
VGE,20200303,70.4,70.93,70.15,70.3,22329
VGI,20200303,11.49,12.15,11.48,12.03,6112
VGL,20200303,2.98,2.99,2.86,2.86,5435
VGS,20200303,81.77,82.44,81.08,81.23,341324
VHT,20200303,1.48,1.49,1.41,1.43,434587
VHY,20200303,57.43,57.68,56.82,57.01,130582
VIF,20200303,51.93,52.09,51.9,52.05,36450
VLC,20200303,67.15,67.47,66.51,66.55,4408
VLS,20200303,0.65,0.65,0.65,0.65,10000
VLT,20200303,0.185,0.21,0.18,0.18,545254
VMC,20200303,0.175,0.19,0.175,0.187,33790
VMG,20200303,0.003,0.004,0.003,0.004,1745000
VML,20200303,0.009,0.009,0.009,0.009,326568
VMS,20200303,0.013,0.013,0.013,0.013,853465
VMT,20200303,0.23,0.265,0.215,0.235,1031588
VMX,20200303,0.26,0.26,0.255,0.255,275545
VMY,20200303,0.041,0.041,0.04,0.04,173004
VN8,20200303,0.091,0.091,0.09,0.091,41020
VOC,20200303,3.26,3.42,3.24,3.31,2905337
VOR,20200303,0.005,0.007,0.005,0.007,3317781
VP7,20200303,0.033,0.033,0.033,0.033,290000
VR1,20200303,0.02,0.023,0.02,0.023,281711
VR8,20200303,0.019,0.019,0.019,0.019,88750
VRC,20200303,0.011,0.011,0.01,0.01,1000000
VRL,20200303,3.49,3.615,3.49,3.56,674446
VRS,20200303,0.047,0.047,0.047,0.047,100000
VRT,20200303,4.14,4.34,4.14,4.21,169024
VRX,20200303,0.086,0.09,0.085,0.085,444872
VSO,20200303,56.3,57.43,56.17,56.22,22259
VTG,20200303,1.43,1.47,1.415,1.455,555990
VTH,20200303,0.71,0.71,0.7,0.705,3047244
VTI,20200303,0.033,0.034,0.032,0.034,190303
VTS,20200303,236,240.69,236,237.54,78443
VUK,20200303,2.98,3.01,2.875,2.89,4775156
VUL,20200303,0.26,0.295,0.22,0.235,1082302
VVA,20200303,2.32,2.55,2.31,2.31,61528
VVR,20200303,2.68,2.76,2.68,2.73,5232706
VXR,20200303,0.105,0.105,0.1,0.1,135218
VYS,20200303,0.059,0.06,0.059,0.06,1309649
WAA,20200303,1.05,1.06,1.025,1.04,175779
WAF,20200303,0.545,0.6,0.545,0.6,4736854
WAM,20200303,2.18,2.25,2.18,2.2,1027812
WAX,20200303,1.41,1.48,1.41,1.47,259097
WBC,20200303,23.5,23.66,22.8,22.94,18011748
WBE,20200303,0.008,0.008,0.007,0.007,8264989
WBT,20200303,0.37,0.415,0.35,0.355,500627
WCN,20200303,0.003,0.003,0.003,0.003,30000
WEB,20200303,9.9,10,9.27,9.36,2391944
WEC,20200303,0.076,0.076,0.076,0.076,19553
WEL,20200303,0.029,0.029,0.028,0.028,526222
WES,20200303,40.6,41.09,40.3,40.3,4512909
WGB,20200303,2.12,2.16,2.1,2.1,446287
WGN,20200303,1.34,1.45,1.34,1.365,238020
WGO,20200303,0.145,0.155,0.14,0.14,2371690
WGX,20200303,1.955,2.05,1.905,1.94,2340514
WHC,20200303,2,2.07,1.975,1.99,9442881
WHF,20200303,5.04,5.15,5.03,5.09,42796
WHK,20200303,0.062,0.063,0.058,0.058,549849
WIC,20200303,0.95,0.97,0.95,0.97,162977
WKT,20200303,0.15,0.155,0.15,0.15,101028
WLD,20200303,0.067,0.067,0.065,0.066,174951
WLE,20200303,1.18,1.205,1.165,1.17,1449847
WMI,20200303,1.41,1.44,1.37,1.37,364369
WML,20200303,0.016,0.016,0.016,0.016,200000
WNR,20200303,0.25,0.25,0.245,0.245,35606
WOA,20200303,0.145,0.145,0.13,0.13,16465
WOR,20200303,12.85,13.08,12.74,12.74,2006392
WOW,20200303,38.63,38.85,37.86,38,5807874
WPL,20200303,29,29.03,28.05,28.05,3866884
WPP,20200303,0.615,0.635,0.61,0.61,449208
WQG,20200303,1.185,1.2,1.125,1.13,722930
WRM,20200303,0.003,0.003,0.003,0.003,9104254
WSA,20200303,2.49,2.53,2.46,2.47,2384638
WSI,20200303,0.02,0.02,0.02,0.02,225000
WSP,20200303,1.275,1.35,1.2,1.2,122697
WTC,20200303,18.13,18.3,16.3,16.57,2356132
WWG,20200303,0.155,0.155,0.155,0.155,24222
WWI,20200303,0.01,0.011,0.01,0.01,799864
WZR,20200303,0.195,0.195,0.16,0.165,18006620
XAM,20200303,0.03,0.03,0.03,0.03,26000
XCD,20200303,0.008,0.008,0.008,0.008,875580
XF1,20200303,0.23,0.245,0.2,0.215,895349
XPL,20200303,0.068,0.068,0.068,0.068,13870
XRF,20200303,0.23,0.235,0.215,0.215,320220
XRO,20200303,79.1,80.38,78,79.94,1319834
XST,20200303,0.002,0.002,0.002,0.002,1100000
XTC,20200303,0.002,0.002,0.002,0.002,7031021
XTE,20200303,0.56,0.58,0.56,0.565,19847
YAL,20200303,2.92,2.96,2.89,2.89,39616
YBR,20200303,0.09,0.096,0.09,0.092,248422
YOJ,20200303,0.038,0.038,0.037,0.037,294450
YPB,20200303,0.003,0.003,0.003,0.003,2675000
YRL,20200303,0.185,0.185,0.185,0.185,9150
Z1P,20200303,3.05,3.16,2.7,2.73,9566650
ZEL,20200303,4,4.1,3.97,4,105845
ZEN,20200303,0.71,0.715,0.69,0.7,184860
ZER,20200303,0.255,0.255,0.255,0.255,5320
ZGL,20200303,0.069,0.069,0.067,0.067,143564
ZIM,20200303,12.49,12.49,12.49,12.49,1199
ZLD,20200303,0.045,0.05,0.043,0.044,1566009
ZNO,20200303,2.3,2.43,2.15,2.22,7710687
XAF,20200303,6326,6449.5,6326,6360.1,0
XAO,20200303,6461.1,6598.8,6461.1,6511.6,0
XAT,20200303,6334.1,6464.7,6334.1,6377.1,0
XDJ,20200303,2515.1,2559,2515.1,2519.6,0
XEC,20200303,1347.8,1417.9,1347.8,1382.1,0
XEJ,20200303,9587.4,9744.9,9557.1,9557.1,0
XFJ,20200303,5816.6,5904.3,5763.2,5763.2,0
XFL,20200303,6372.9,6498.4,6372.9,6407.7,0
XGD,20200303,6694.7,6824.6,6684.6,6740.6,0
XHJ,20200303,43474.7,44951.4,43474.7,44560,0
XIJ,20200303,1298.4,1360.4,1298.4,1331.1,0
XJO,20200303,6391.5,6524.3,6391.5,6435.7,0
XJR,20200303,4267.2,4378.1,4267.2,4314.2,0
XKO,20200303,6346.6,6479.3,6346.6,6391.9,0
XMD,20200303,6749.5,6911.7,6749.5,6837.3,0
XMJ,20200303,12284.5,12647.1,12284.5,12474.5,0
XMM,20200303,3957.9,4082.5,3957.9,4022.7,0
XNJ,20200303,6459.2,6585.2,6459.2,6532.5,0
XPJ,20200303,1562.6,1602,1562.6,1592.8,0
XSJ,20200303,12253.8,12492.6,12253.8,12329.6,0
XSO,20200303,2707.4,2782.2,2707.4,2740.6,0
XTJ,20200303,1219.9,1254.1,1219.9,1243.2,0
XTL,20200303,3581.5,3653.4,3581.5,3592,0
XTO,20200303,5304.4,5412,5304.4,5339,0
XUJ,20200303,7782.3,7909.5,7729.7,7862.1,0
XXJ,20200303,6487.4,6585.3,6427.9,6427.9,0
