360,20200107,3,3.16,3,3.04,8483
14D,20200107,0.2,0.21,0.2,0.21,292425
1AD,20200107,0.11,0.11,0.11,0.11,26361
1AG,20200107,0.037,0.037,0.037,0.037,47850
1ST,20200107,0.075,0.078,0.072,0.078,92000
2BE,20200107,0.13,0.13,0.13,0.13,172820
3DA,20200107,0.385,0.425,0.37,0.385,556839
3DP,20200107,0.057,0.057,0.056,0.057,253902
3PL,20200107,0.875,0.91,0.875,0.905,23228
4CE,20200107,0.011,0.011,0.011,0.011,760369
4DS,20200107,0.057,0.057,0.056,0.056,973748
5GN,20200107,0.78,0.785,0.76,0.76,79970
88E,20200107,0.025,0.025,0.024,0.025,17652989
8CO,20200107,0.105,0.105,0.1,0.1,214551
8IH,20200107,0.09,0.09,0.09,0.09,20000
9SP,20200107,0.016,0.016,0.016,0.016,119232
A1G,20200107,0.18,0.19,0.17,0.17,50000
A2B,20200107,1.51,1.51,1.45,1.46,65523
A2M,20200107,14.1,14.22,14.02,14.17,1435524
A3D,20200107,0.19,0.19,0.185,0.19,22770
A4N,20200107,0.2,0.2,0.19,0.19,61954
AAA,20200107,50.09,50.09,50.08,50.09,148760
AAC,20200107,1.085,1.102,1.08,1.1,339584
AAR,20200107,0.096,0.097,0.095,0.095,257960
ABA,20200107,6,6,5.96,5.99,28537
ABC,20200107,3.69,3.71,3.66,3.7,1308939
ABP,20200107,3.66,3.68,3.64,3.68,923997
ABR,20200107,0.375,0.385,0.36,0.36,301339
ABV,20200107,0.035,0.035,0.035,0.035,148571
AC8,20200107,0.305,0.305,0.285,0.29,1260572
ACF,20200107,0.345,0.345,0.34,0.34,29720
ACP,20200107,0.01,0.01,0.01,0.01,50020
ACQ,20200107,1.215,1.215,1.21,1.21,31286
ACW,20200107,0.037,0.038,0.035,0.036,1650596
AD8,20200107,8.12,8.45,8.08,8.35,85011
ADA,20200107,0.61,0.645,0.61,0.645,239815
ADD,20200107,0.015,0.015,0.015,0.015,2778
ADH,20200107,2.29,2.34,2.28,2.28,395620
ADI,20200107,2.91,2.92,2.88,2.92,184486
ADJ,20200107,0.029,0.029,0.028,0.028,129700
ADN,20200107,0.045,0.045,0.044,0.045,2825545
ADO,20200107,0.028,0.029,0.026,0.027,3330180
ADR,20200107,0.027,0.027,0.027,0.027,156980
ADT,20200107,1.675,1.695,1.635,1.685,215301
ADV,20200107,0.004,0.004,0.004,0.004,100000
AEE,20200107,0.006,0.006,0.005,0.005,5198332
AEF,20200107,4.44,4.75,4.44,4.74,227787
AEG,20200107,1.07,1.07,1.06,1.06,16774
AEV,20200107,0.014,0.014,0.014,0.014,125295
AFG,20200107,2.82,2.82,2.73,2.75,40363
AFI,20200107,7.25,7.3,7.21,7.3,387394
AFL,20200107,0.15,0.15,0.15,0.15,30000
AFR,20200107,0.033,0.034,0.033,0.034,166364
AGG,20200107,6.8,6.9,6.65,6.66,13858
AGH,20200107,0.495,0.505,0.445,0.45,2493577
AGI,20200107,0.75,0.76,0.705,0.73,50796
AGL,20200107,20.57,20.73,20.55,20.6,1457536
AGS,20200107,0.105,0.105,0.105,0.105,73665
AGY,20200107,0.077,0.08,0.077,0.08,1011765
AHF,20200107,0.1,0.1,0.098,0.099,1024198
AHQ,20200107,0.155,0.155,0.15,0.15,598319
AHX,20200107,0.435,0.435,0.435,0.435,2000
AHY,20200107,1.05,1.07,1.05,1.055,181042
AHZ,20200107,0.12,0.12,0.115,0.12,321248
AIA,20200107,8.75,8.85,8.73,8.82,155295
AIB,20200107,0.11,0.11,0.11,0.11,4383
AIS,20200107,0.046,0.046,0.045,0.045,84284
AIZ,20200107,2.85,2.86,2.81,2.86,74530
AJC,20200107,0.001,0.001,0.001,0.001,13500000
AJM,20200107,0.059,0.059,0.058,0.059,1779972
AJQ,20200107,0.062,0.062,0.06,0.06,170766
AJX,20200107,0.061,0.062,0.06,0.062,730418
AKG,20200107,0.55,0.55,0.54,0.55,10340
AKM,20200107,0.145,0.145,0.145,0.145,3000
AKP,20200107,15.22,16.25,15.22,16.18,1368
ALC,20200107,0.18,0.185,0.175,0.185,1372020
ALF,20200107,0.99,0.99,0.98,0.985,147576
ALG,20200107,1.375,1.44,1.375,1.4,649643
ALI,20200107,2.38,2.41,2.38,2.41,86548
ALK,20200107,0.655,0.655,0.62,0.625,1810049
ALL,20200107,34.61,34.82,34.28,34.35,839384
ALQ,20200107,9.24,9.39,9.21,9.26,1038338
ALU,20200107,34.45,35.02,34.45,34.86,260544
ALX,20200107,8.1,8.135,8.01,8.05,1448992
ALY,20200107,0.011,0.012,0.011,0.011,928748
AMA,20200107,0.985,0.985,0.935,0.955,1593486
AMC,20200107,15.15,15.28,15.12,15.19,2349453
AMD,20200107,0.008,0.009,0.008,0.009,1073826
AME,20200107,0.039,0.04,0.038,0.038,1411025
AMG,20200107,0.074,0.076,0.072,0.075,362619
AMH,20200107,0.99,1.01,0.985,0.995,40809
AMI,20200107,0.425,0.435,0.42,0.43,1204882
AML,20200107,0.175,0.175,0.17,0.175,204974
AMN,20200107,0.455,0.465,0.45,0.46,85000
AMO,20200107,0.083,0.083,0.083,0.083,97146
AMP,20200107,1.91,1.94,1.89,1.9,9923987
AMS,20200107,1.35,1.375,1.34,1.37,288886
AMX,20200107,1.93,1.95,1.87,1.89,301724
ANA,20200107,0.046,0.048,0.042,0.043,13110665
ANG,20200107,0.225,0.23,0.225,0.23,204144
ANL,20200107,0.002,0.002,0.002,0.002,3700000
ANN,20200107,29.47,30.11,29.47,30.06,435093
ANO,20200107,5.8,5.82,5.75,5.75,8408
ANP,20200107,0.084,0.085,0.082,0.082,1086993
ANR,20200107,0.235,0.265,0.235,0.265,8800
ANZ,20200107,24.8,25.03,24.77,24.95,4023426
AOF,20200107,2.84,2.88,2.84,2.88,348637
AON,20200107,0.026,0.026,0.026,0.026,9662
AOP,20200107,0.28,0.28,0.26,0.265,169064
AOU,20200107,0.062,0.062,0.062,0.062,81000
APA,20200107,11.22,11.3,11.14,11.24,1332844
APC,20200107,0.1,0.1,0.1,0.1,60000
APD,20200107,0.625,0.64,0.625,0.64,152727
APE,20200107,10.05,10.09,9.88,10.08,395679
APH,20200107,0.18,0.18,0.18,0.18,5050
API,20200107,1.36,1.375,1.352,1.37,831258
APL,20200107,1.045,1.055,1.045,1.05,213427
APT,20200107,30.26,30.54,29.935,30.41,923611
APV,20200107,0.295,0.295,0.26,0.275,293579
APW,20200107,1.46,1.46,1.46,1.46,674
APX,20200107,22.24,22.86,22.21,22.69,386770
APZ,20200107,1.175,1.2,1.175,1.2,51100
AQD,20200107,0.014,0.014,0.013,0.013,1200445
AQG,20200107,7.5,7.5,7.36,7.4,72018
AQI,20200107,0.043,0.043,0.042,0.042,188000
AQR,20200107,3.53,3.54,3.5,3.53,60168
AQX,20200107,0.028,0.028,0.027,0.027,1045472
AQZ,20200107,2.56,2.56,2.51,2.51,57638
ARB,20200107,18.84,18.96,18.61,18.95,89312
ARD,20200107,0.018,0.018,0.017,0.017,2139250
ARE,20200107,0.005,0.005,0.005,0.005,238000
ARF,20200107,2.88,2.905,2.875,2.89,87306
ARG,20200107,8.96,9.08,8.95,8.97,189721
ARL,20200107,0.55,0.55,0.54,0.54,586579
ARN,20200107,0.165,0.165,0.16,0.165,105000
ARQ,20200107,0.365,0.37,0.36,0.37,29151
ARS,20200107,0.021,0.021,0.02,0.02,2654329
ARU,20200107,0.092,0.092,0.091,0.091,970817
ARV,20200107,0.027,0.027,0.025,0.025,838542
AS1,20200107,0.2,0.2,0.195,0.195,18748
ASB,20200107,3.89,3.97,3.87,3.92,1373136
ASG,20200107,1.475,1.475,1.475,1.475,416
ASH,20200107,0.41,0.41,0.41,0.41,10500
AST,20200107,1.725,1.725,1.71,1.72,3572905
ASX,20200107,79.83,81.19,79.75,81.06,208398
ATC,20200107,0.098,0.098,0.097,0.098,134783
ATH,20200107,0.02,0.02,0.019,0.019,500000
ATL,20200107,0.45,0.465,0.45,0.45,71252
ATP,20200107,0.008,0.008,0.008,0.008,178089
ATS,20200107,0.08,0.081,0.079,0.081,2139479
ATU,20200107,0.365,0.375,0.365,0.375,1355390
ATX,20200107,0.07,0.07,0.07,0.07,1500
AU8,20200107,0.13,0.13,0.13,0.13,383049
AUB,20200107,12.16,12.28,12.06,12.12,31212
AUC,20200107,0.014,0.014,0.014,0.014,1118003
AUI,20200107,9.95,9.97,9.93,9.97,35353
AUL,20200107,0.3,0.3,0.3,0.3,26880
AUR,20200107,0.015,0.015,0.014,0.014,593347
AUZ,20200107,0.015,0.015,0.014,0.014,2259576
AV1,20200107,0.165,0.17,0.165,0.17,136751
AVA,20200107,0.155,0.155,0.155,0.155,140000
AVC,20200107,0.2,0.2,0.2,0.2,1500
AVE,20200107,0.004,0.004,0.004,0.004,83154
AVG,20200107,0.51,0.52,0.51,0.52,21993
AVH,20200107,0.64,0.64,0.62,0.625,5866089
AVJ,20200107,0.615,0.64,0.615,0.64,110532
AVL,20200107,0.01,0.011,0.01,0.01,806600
AVN,20200107,2.85,2.86,2.83,2.86,172477
AVZ,20200107,0.044,0.045,0.043,0.045,1982868
AWC,20200107,2.31,2.34,2.3,2.33,4668825
AWN,20200107,0.135,0.135,0.13,0.13,31860
AWY,20200107,0.036,0.036,0.035,0.035,40091
AX1,20200107,1.855,1.89,1.805,1.81,612096
AX8,20200107,0.027,0.027,0.027,0.027,25501
AXE,20200107,0.155,0.155,0.15,0.155,234786
AYF,20200107,5.92,5.92,5.92,5.92,5415
AYR,20200107,0.002,0.002,0.002,0.002,2925000
AYS,20200107,0.4,0.405,0.38,0.38,1179730
AZI,20200107,0.008,0.009,0.008,0.008,1193183
AZJ,20200107,5.33,5.44,5.31,5.41,5466749
AZM,20200107,0.034,0.034,0.034,0.034,5800
AZS,20200107,0.14,0.145,0.14,0.14,72142
AZV,20200107,0.082,0.082,0.078,0.08,143386
AZY,20200107,0.013,0.014,0.012,0.013,1279789
BAF,20200107,0.89,0.9,0.89,0.9,267123
BAP,20200107,6.53,6.535,6.4,6.52,763833
BAR,20200107,0.024,0.024,0.023,0.023,167000
BAS,20200107,0.002,0.002,0.002,0.002,50000
BAT,20200107,0.006,0.006,0.006,0.006,1427088
BBL,20200107,0.455,0.455,0.45,0.45,27455
BBN,20200107,3.16,3.215,3.16,3.2,190709
BC8,20200107,0.36,0.36,0.35,0.35,55226
BCB,20200107,0.046,0.046,0.044,0.045,418581
BCC,20200107,0.335,0.365,0.32,0.32,280313
BCI,20200107,0.175,0.175,0.165,0.17,255206
BCK,20200107,0.026,0.027,0.026,0.027,60585
BCN,20200107,0.04,0.04,0.039,0.04,1438337
BCT,20200107,0.145,0.15,0.145,0.145,329480
BD1,20200107,0.033,0.034,0.033,0.034,1625140
BDA,20200107,0.315,0.315,0.315,0.315,13346
BDC,20200107,0.084,0.084,0.082,0.082,1264696
BDG,20200107,0.08,0.081,0.077,0.077,30000
BDI,20200107,0.001,0.001,0.001,0.001,100000
BEE,20200107,0.024,0.025,0.024,0.025,440000
BEL,20200107,0.045,0.045,0.045,0.045,7942
BEM,20200107,0.049,0.049,0.049,0.049,5000
BEN,20200107,9.85,9.94,9.84,9.93,757012
BET,20200107,0.16,0.16,0.155,0.16,441249
BFC,20200107,0.095,0.097,0.094,0.097,218069
BFG,20200107,1.325,1.33,1.245,1.285,508684
BGA,20200107,3.92,4.05,3.92,4.03,1238976
BGL,20200107,0.565,0.57,0.535,0.54,779085
BGT,20200107,0.21,0.21,0.2,0.21,303305
BHP,20200107,39.5,39.685,39.31,39.55,4579376
BID,20200107,1.07,1.08,1,1,481796
BIN,20200107,2.85,2.88,2.835,2.84,853565
BIS,20200107,1.12,1.12,1.12,1.12,60000
BIT,20200107,0.054,0.057,0.054,0.055,460475
BKI,20200107,1.7,1.71,1.695,1.705,139788
BKL,20200107,84,87,83.9,86.34,59679
BKT,20200107,0.046,0.047,0.046,0.047,127432
BKW,20200107,18.93,18.93,18.56,18.68,205690
BKY,20200107,0.25,0.255,0.24,0.245,467118
BLD,20200107,4.6,4.64,4.575,4.64,3647602
BLG,20200107,0.1,0.1,0.095,0.095,1444782
BLK,20200107,0.013,0.014,0.012,0.013,12566006
BLT,20200107,0.035,0.036,0.034,0.035,1163404
BLU,20200107,0.049,0.049,0.046,0.046,514152
BLX,20200107,1.18,1.2,1.15,1.2,55618
BLY,20200107,1.64,1.71,1.64,1.71,16699
BMN,20200107,0.041,0.041,0.04,0.04,881524
BNL,20200107,0.008,0.009,0.008,0.008,13723118
BNO,20200107,0.083,0.085,0.083,0.085,83900
BOA,20200107,0.23,0.23,0.23,0.23,1704
BOC,20200107,0.315,0.34,0.31,0.31,67120
BOE,20200107,0.049,0.049,0.047,0.049,263267
BOL,20200107,0.135,0.135,0.135,0.135,74000
BOQ,20200107,7.25,7.36,7.23,7.35,2301945
BOT,20200107,0.088,0.105,0.088,0.1,6283169
BPH,20200107,0.001,0.001,0.001,0.001,75000
BPP,20200107,0.018,0.018,0.018,0.018,70000
BPT,20200107,2.68,2.69,2.65,2.66,3580410
BRB,20200107,0.3,0.3,0.295,0.295,533156
BRG,20200107,18.24,18.29,17.94,18.27,115791
BRK,20200107,0.008,0.008,0.008,0.008,140000
BRL,20200107,0.11,0.11,0.105,0.105,75575
BRN,20200107,0.045,0.046,0.044,0.045,1283239
BRU,20200107,0.17,0.175,0.17,0.17,117476
BRV,20200107,0.018,0.018,0.017,0.017,145000
BSA,20200107,0.38,0.39,0.38,0.385,30349
BSE,20200107,0.225,0.225,0.22,0.22,57879
BSL,20200107,14.96,15.13,14.91,15.03,1724606
BSM,20200107,0.006,0.006,0.006,0.006,8882152
BSX,20200107,0.165,0.175,0.16,0.16,702159
BTC,20200107,0.105,0.105,0.105,0.105,14953
BTH,20200107,0.72,0.73,0.71,0.73,275535
BTI,20200107,1.11,1.11,1.08,1.08,107680
BUB,20200107,0.97,0.98,0.96,0.97,1100204
BUD,20200107,0.033,0.035,0.032,0.035,6057635
BUG,20200107,0.23,0.23,0.227,0.23,44131
BUX,20200107,0.096,0.1,0.096,0.096,27489
BUY,20200107,0.004,0.004,0.004,0.004,25000
BVS,20200107,5.38,5.46,5.3,5.46,891340
BWF,20200107,0.805,0.845,0.8,0.845,22045
BWP,20200107,3.97,4,3.935,4,458987
BWR,20200107,1.43,1.43,1.43,1.43,3677
BWX,20200107,4.48,4.53,4.23,4.49,269192
BXB,20200107,11.77,11.93,11.72,11.89,2237533
BXN,20200107,0.015,0.015,0.015,0.015,30000
BYE,20200107,0.297,0.3,0.295,0.3,663859
BYH,20200107,0.048,0.048,0.044,0.044,32038
CAE,20200107,0.011,0.011,0.01,0.01,108888
CAF,20200107,0.13,0.13,0.13,0.13,3000
CAG,20200107,0.685,0.7,0.685,0.685,47323
CAI,20200107,0.265,0.265,0.255,0.26,653056
CAJ,20200107,0.235,0.235,0.23,0.23,68249
CAM,20200107,0.965,0.98,0.965,0.965,60919
CAN,20200107,1.16,1.26,0.86,0.955,8433171
CAR,20200107,17.19,17.33,17.13,17.28,336369
CAT,20200107,1.595,1.65,1.56,1.65,495086
CAU,20200107,0.22,0.22,0.205,0.205,167067
CAY,20200107,0.16,0.17,0.16,0.165,340526
CAZ,20200107,0.022,0.023,0.022,0.023,811358
CBA,20200107,80.82,81.2,80.18,81.2,2417468
CBR,20200107,4.1,4.16,3.98,4.05,310998
CCA,20200107,0.16,0.16,0.155,0.155,135446
CCE,20200107,0.002,0.002,0.001,0.001,3817152
CCL,20200107,11.14,11.6,11.11,11.54,2872432
CCP,20200107,30.93,31.65,30.93,31.5,63501
CCV,20200107,0.235,0.245,0.235,0.235,352179
CCX,20200107,2.65,2.72,2.65,2.7,295867
CCZ,20200107,0.02,0.02,0.02,0.02,1451002
CD2,20200107,1.94,1.95,1.94,1.95,16154
CD3,20200107,1.49,1.49,1.48,1.48,31250
CDA,20200107,7.4,7.54,7.38,7.41,200066
CDD,20200107,0.45,0.45,0.43,0.435,104406
CDM,20200107,0.75,0.75,0.745,0.75,307889
CDP,20200107,6.01,6.01,5.76,5.99,12440
CDV,20200107,0.35,0.35,0.33,0.34,247943
CDY,20200107,0.22,0.225,0.22,0.225,93186
CEL,20200107,0.115,0.125,0.115,0.12,2695885
CEN,20200107,6.9,6.91,6.9,6.91,283
CFE,20200107,0.004,0.004,0.004,0.004,1000000
CFO,20200107,0.086,0.087,0.085,0.085,135000
CG1,20200107,0.49,0.49,0.475,0.475,173248
CGB,20200107,0.017,0.019,0.016,0.019,6530912
CGC,20200107,2.44,2.51,2.43,2.5,2008088
CGF,20200107,8.25,8.42,8.23,8.42,1564171
CGL,20200107,4.8,4.89,4.76,4.88,98162
CGO,20200107,0.235,0.235,0.21,0.21,17336
CGR,20200107,0.56,0.56,0.555,0.555,60000
CGS,20200107,0.44,0.46,0.44,0.455,55173
CHC,20200107,11.38,11.82,11.22,11.72,1777668
CHK,20200107,0.014,0.014,0.014,0.014,2469823
CHN,20200107,0.27,0.27,0.255,0.27,988889
CHZ,20200107,0.075,0.075,0.073,0.074,66789
CI1,20200107,0.016,0.016,0.015,0.016,261999
CIA,20200107,2.83,2.9,2.79,2.86,580956
CIE,20200107,0.86,0.87,0.86,0.865,36087
CIM,20200107,33.23,33.76,33.21,33.67,223124
CIN,20200107,32.5,32.5,32.1,32.1,3077
CIO,20200107,0.003,0.003,0.003,0.003,979463
CIP,20200107,3.49,3.52,3.46,3.47,463663
CIW,20200107,0.55,0.55,0.55,0.55,165
CKA,20200107,0.046,0.046,0.046,0.046,156500
CKF,20200107,8.95,8.98,8.79,8.94,246679
CL1,20200107,2.03,2.05,2.02,2.03,101945
CL8,20200107,0.015,0.015,0.015,0.015,135448
CLA,20200107,0.011,0.011,0.01,0.011,629451
CLF,20200107,1.31,1.32,1.3,1.32,26191
CLH,20200107,1.1,1.12,1.09,1.105,320370
CLQ,20200107,0.225,0.242,0.225,0.24,923519
CLV,20200107,2.61,2.78,2.61,2.78,109509
CLW,20200107,5.49,5.54,5.45,5.54,2030987
CLZ,20200107,0.002,0.003,0.002,0.003,1810016
CM8,20200107,0.02,0.022,0.02,0.022,90568
CMA,20200107,2.91,2.96,2.91,2.96,1097063
CML,20200107,0.02,0.021,0.02,0.021,179720
CMM,20200107,1.265,1.265,1.23,1.23,104873
CMP,20200107,0.8,0.805,0.785,0.785,18674
CMW,20200107,1.195,1.195,1.175,1.195,3613503
CNI,20200107,2.21,2.21,2.16,2.19,104649
CNU,20200107,6.06,6.19,6.04,6.17,240938
CNW,20200107,0.039,0.039,0.039,0.039,50000
COB,20200107,0.14,0.145,0.14,0.145,104394
COE,20200107,0.625,0.625,0.615,0.625,1453933
COG,20200107,0.084,0.085,0.084,0.085,8059098
COH,20200107,224,226.42,223.26,225.96,148096
COI,20200107,0.19,0.195,0.19,0.195,111234
COL,20200107,15.08,15.24,15.06,15.2,1318148
CP1,20200107,0.18,0.18,0.15,0.15,307471
CPH,20200107,0.115,0.17,0.115,0.165,4253415
CPT,20200107,0.062,0.064,0.062,0.064,27493
CPU,20200107,17.04,17.25,17.04,17.23,664878
CPV,20200107,0.175,0.175,0.175,0.175,17243
CQE,20200107,3.28,3.295,3.22,3.25,297023
CQR,20200107,4.33,4.36,4.295,4.35,812956
CR1,20200107,0.19,0.19,0.19,0.19,30614
CRN,20200107,2.15,2.25,2.15,2.25,160026
CRO,20200107,0.007,0.007,0.007,0.007,116648
CRS,20200107,0.12,0.12,0.12,0.12,32972
CSL,20200107,280.89,284,278.74,283.42,514937
CSR,20200107,4.61,4.68,4.61,4.67,9628920
CSS,20200107,0.78,0.78,0.745,0.745,98205
CSV,20200107,0.307,0.31,0.307,0.307,779304
CT1,20200107,0.026,0.027,0.025,0.026,2767190
CTD,20200107,20.68,20.99,20.5,20.93,349783
CTM,20200107,0.012,0.012,0.012,0.012,1089003
CTO,20200107,0.005,0.005,0.004,0.004,1020000
CTP,20200107,0.13,0.135,0.13,0.135,162726
CTX,20200107,34.92,35.1,34.64,35.05,749123
CUE,20200107,0.14,0.14,0.14,0.14,304875
CUL,20200107,0.012,0.012,0.012,0.012,6818
CUP,20200107,1.07,1.07,1.07,1.07,431
CUV,20200107,27.38,29.08,27.37,28.61,166997
CUX,20200107,0.005,0.005,0.005,0.005,78571
CVF,20200107,1.045,1.05,1.045,1.045,35323
CVN,20200107,0.39,0.39,0.37,0.37,1348726
CVW,20200107,0.485,0.485,0.48,0.48,77148
CWL,20200107,0.062,0.065,0.062,0.065,150000
CWN,20200107,12.06,12.18,12.06,12.11,822681
CWP,20200107,8.14,8.41,8.14,8.41,177307
CWX,20200107,0.24,0.245,0.235,0.235,87445
CWY,20200107,2.05,2.07,2.02,2.03,4032249
CWZ,20200107,0.2,0.2,0.2,0.2,135108
CXL,20200107,0.75,0.76,0.75,0.76,23666
CXM,20200107,0.041,0.041,0.041,0.041,328
CXO,20200107,0.034,0.035,0.034,0.035,323200
CXU,20200107,0.02,0.02,0.02,0.02,30000
CXZ,20200107,0.021,0.023,0.021,0.023,260673
CY5,20200107,0.039,0.039,0.039,0.039,3048
CYC,20200107,1.28,1.28,1.275,1.275,5215
CYG,20200107,1.08,1.08,1.08,1.08,857
CYL,20200107,2.91,3.08,2.9,3.08,12979
CYM,20200107,0.24,0.245,0.24,0.245,7971
CYP,20200107,1.155,1.195,1.155,1.195,49472
CYQ,20200107,0.001,0.001,0.001,0.001,5695000
CZI,20200107,0.086,0.089,0.086,0.089,118655
CZL,20200107,0.009,0.009,0.009,0.009,370553
CZN,20200107,0.005,0.005,0.004,0.004,38447284
CZR,20200107,0.009,0.009,0.009,0.009,2286469
D2O,20200107,1.42,1.44,1.42,1.42,84004
DAU,20200107,0.021,0.022,0.021,0.022,23181
DCC,20200107,0.033,0.033,0.031,0.032,541330
DCG,20200107,0.56,0.56,0.51,0.54,1041743
DCL,20200107,0.067,0.067,0.067,0.067,281219
DCN,20200107,1.7,1.7,1.635,1.65,1879948
DDD,20200107,0.002,0.002,0.002,0.002,2299000
DDR,20200107,6.8,6.86,6.71,6.82,147921
DDT,20200107,0.006,0.006,0.006,0.006,1181800
DEG,20200107,0.053,0.055,0.053,0.054,1097623
DEM,20200107,0.25,0.25,0.245,0.245,296234
DEV,20200107,0.075,0.075,0.075,0.075,12404
DGH,20200107,1.46,1.46,1.46,1.46,1200
DGR,20200107,0.077,0.077,0.076,0.076,121000
DHG,20200107,3.83,3.87,3.75,3.79,566247
DIV,20200107,23.5,23.52,23.44,23.52,954
DJW,20200107,3.71,3.74,3.7,3.71,145215
DKM,20200107,0.175,0.175,0.175,0.175,429858
DLC,20200107,0.004,0.004,0.004,0.004,121000
DMP,20200107,54.78,55.66,53.84,55.55,271275
DNA,20200107,0.08,0.081,0.08,0.081,564029
DNK,20200107,0.595,0.605,0.595,0.595,121193
DOW,20200107,8.11,8.325,8.11,8.3,763473
DRE,20200107,0.006,0.007,0.006,0.007,3306859
DRO,20200107,0.28,0.28,0.27,0.28,436261
DSE,20200107,0.05,0.05,0.05,0.05,36627
DTC,20200107,1.03,1.04,0.985,1.04,124917
DTL,20200107,4.13,4.13,4.03,4.09,338562
DTR,20200107,0.002,0.002,0.002,0.002,2540000
DTS,20200107,0.135,0.135,0.13,0.13,402540
DTZ,20200107,0.064,0.066,0.064,0.066,80714
DUB,20200107,1.195,1.2,1.14,1.16,425346
DUI,20200107,5.05,5.08,5.01,5.07,20271
DVN,20200107,0.15,0.15,0.15,0.15,10576
DW8,20200107,0.006,0.007,0.006,0.007,336659
DWS,20200107,1.08,1.08,1.07,1.08,35068
DXB,20200107,0.145,0.145,0.135,0.135,1275846
DXN,20200107,0.049,0.049,0.049,0.049,40511
DXS,20200107,11.88,12.11,11.8,12.08,2700508
DYL,20200107,0.27,0.27,0.265,0.27,19206
E25,20200107,0.175,0.175,0.175,0.175,14446
E2E,20200107,0.006,0.006,0.006,0.006,250000
EAF,20200107,1.395,1.395,1.395,1.395,2573
EAI,20200107,1.055,1.06,1.055,1.06,48093
EAS,20200107,0.93,0.93,0.91,0.91,30823
ECF,20200107,1.25,1.25,1.245,1.25,713413
ECG,20200107,0.042,0.042,0.042,0.042,2800
ECS,20200107,0.051,0.055,0.05,0.054,3763506
ECX,20200107,1.475,1.48,1.435,1.45,1202589
ED1,20200107,0.97,0.99,0.97,0.99,25953
EDE,20200107,0.038,0.039,0.038,0.038,526151
EEG,20200107,0.42,0.445,0.4,0.445,348301
EGD,20200107,2.32,2.33,2.32,2.33,1558
EGF,20200107,1.73,1.73,1.73,1.73,38121
EGG,20200107,1.825,1.83,1.82,1.82,97081
EGH,20200107,0.38,0.38,0.38,0.38,15000
EGI,20200107,1.19,1.19,1.19,1.19,99213
EGN,20200107,0.59,0.59,0.565,0.565,5219
EGR,20200107,0.08,0.08,0.076,0.076,211656
EHE,20200107,2.41,2.45,2.4,2.45,342701
EHH,20200107,0.125,0.13,0.12,0.12,94266
EHL,20200107,2.21,2.23,2.175,2.19,238522
EHX,20200107,0.08,0.081,0.078,0.078,336501
ELD,20200107,6.25,6.29,6.065,6.17,1009562
ELO,20200107,6.5,6.6,6.27,6.3,37566
ELS,20200107,0.395,0.395,0.37,0.37,73738
ELT,20200107,0.003,0.003,0.003,0.003,3300000
ELX,20200107,0.795,0.795,0.777,0.78,243763
EM1,20200107,0.016,0.016,0.015,0.015,64115
EM2,20200107,0.175,0.175,0.175,0.175,10571
EME,20200107,0.093,0.093,0.093,0.093,21514
EML,20200107,4.7,4.72,4.62,4.65,1802874
EMN,20200107,0.14,0.14,0.14,0.14,11538
EMP,20200107,0.038,0.038,0.038,0.038,30998
EMR,20200107,0.041,0.041,0.041,0.041,355514
EMU,20200107,0.045,0.045,0.042,0.042,80000
EMV,20200107,0.71,0.72,0.7,0.71,79846
EN1,20200107,0.023,0.023,0.022,0.022,3100570
ENN,20200107,2.1,2.1,2.08,2.1,44748
ENT,20200107,0.008,0.009,0.008,0.009,837637
EOF,20200107,2.72,2.73,2.67,2.71,111172
EOL,20200107,2.8,2.8,2.8,2.8,437
EOS,20200107,7.55,7.75,7.55,7.61,417986
EPD,20200107,0.36,0.36,0.36,0.36,195588
EPM,20200107,0.005,0.005,0.005,0.005,1058910
EQE,20200107,0.012,0.012,0.012,0.012,501700
EQT,20200107,31.2,31.4,30.75,30.92,11558
ERA,20200107,0.155,0.16,0.155,0.155,156954
ERF,20200107,1.24,1.24,1.23,1.23,170560
ERG,20200107,0.065,0.065,0.065,0.065,93000
ERM,20200107,0.12,0.12,0.115,0.12,66432
ERX,20200107,0.074,0.074,0.073,0.074,212280
ESE,20200107,0.011,0.013,0.011,0.013,95000
ESH,20200107,0.009,0.009,0.008,0.009,953838
ESR,20200107,0.009,0.009,0.009,0.009,300000
ETF,20200107,22.42,22.61,22.42,22.61,3188
EUC,20200107,0.018,0.018,0.017,0.017,1477107
EUR,20200107,0.105,0.11,0.1,0.11,176530
EVE,20200107,0.005,0.006,0.005,0.006,1209042
EVN,20200107,3.98,3.99,3.77,3.83,16195123
EVO,20200107,0.175,0.175,0.175,0.175,319222
EVS,20200107,0.23,0.245,0.23,0.24,680453
EVT,20200107,14.08,14.08,13.84,13.86,12003
EWC,20200107,0.072,0.072,0.072,0.072,22500
EX1,20200107,0.34,0.345,0.325,0.345,19000
EXL,20200107,0.69,0.765,0.67,0.74,1612203
EXP,20200107,0.25,0.255,0.25,0.255,197787
EXR,20200107,0.036,0.036,0.033,0.033,1910206
EZL,20200107,1.04,1.045,1.04,1.045,13321
FAM,20200107,0.054,0.054,0.053,0.053,10528
FAR,20200107,0.043,0.044,0.043,0.043,4601460
FAU,20200107,0.012,0.012,0.011,0.011,2705094
FBR,20200107,0.047,0.047,0.045,0.047,1222266
FBU,20200107,4.98,5.01,4.93,4.96,272960
FCL,20200107,2.69,2.7,2.58,2.65,105378
FCT,20200107,0.17,0.17,0.165,0.165,35347
FDV,20200107,0.8,0.805,0.79,0.79,29402
FEL,20200107,0.015,0.015,0.015,0.015,500000
FEX,20200107,0.059,0.059,0.056,0.058,276329
FFG,20200107,0.01,0.01,0.01,0.01,206529
FFL,20200107,0.49,0.49,0.49,0.49,10500
FFR,20200107,0.06,0.06,0.057,0.06,244616
FGG,20200107,1.275,1.285,1.275,1.28,412979
FGR,20200107,0.15,0.15,0.145,0.145,98131
FGX,20200107,1.175,1.18,1.175,1.18,106816
FHS,20200107,0.014,0.014,0.014,0.014,106075
FID,20200107,5.52,5.52,5.48,5.5,16261
FIJ,20200107,0.079,0.079,0.079,0.079,5000
FIN,20200107,0.012,0.012,0.012,0.012,150000
FLC,20200107,0.44,0.445,0.435,0.445,165731
FLN,20200107,0.58,0.58,0.55,0.555,27734
FLT,20200107,44.23,44.92,44.23,44.76,117061
FMG,20200107,10.8,10.825,10.62,10.69,6780415
FML,20200107,0.26,0.265,0.245,0.255,44120
FNP,20200107,4.71,4.77,4.65,4.67,333442
FOD,20200107,0.078,0.079,0.078,0.079,201846
FOR,20200107,1.155,1.16,1.155,1.155,82578
FPH,20200107,21.62,21.8,21.54,21.74,246986
FPL,20200107,0.008,0.008,0.007,0.007,21351
FPP,20200107,0.94,0.94,0.92,0.92,19106
FRI,20200107,0.85,0.85,0.85,0.85,121
FRM,20200107,0.335,0.35,0.335,0.335,3180
FRN,20200107,0.021,0.021,0.021,0.021,500000
FRX,20200107,0.028,0.03,0.028,0.03,53476
FSA,20200107,1.42,1.42,1.415,1.415,8880
FSF,20200107,3.87,3.87,3.87,3.87,825
FTC,20200107,0.11,0.11,0.105,0.105,11550
FTT,20200107,0.003,0.003,0.003,0.003,2703627
FWD,20200107,2.04,2.08,2.04,2.07,46367
FXL,20200107,1.85,1.87,1.815,1.84,659242
FYI,20200107,0.054,0.054,0.054,0.054,50000
FZO,20200107,0.175,0.175,0.17,0.17,46044
FZR,20200107,0.18,0.18,0.17,0.17,114715
G1A,20200107,0.3,0.3,0.295,0.295,165021
G88,20200107,0.046,0.054,0.046,0.054,13000
GAL,20200107,0.15,0.16,0.15,0.155,259253
GAP,20200107,0.265,0.27,0.26,0.27,163638
GAS,20200107,0.65,0.65,0.62,0.62,35500
GBR,20200107,0.036,0.037,0.036,0.037,29500
GC1,20200107,0.825,0.825,0.825,0.825,5669
GCI,20200107,2.05,2.06,2.04,2.04,123086
GDF,20200107,1.4,1.41,1.4,1.41,33283
GDG,20200107,0.74,0.74,0.735,0.74,63345
GDI,20200107,1.49,1.5,1.475,1.5,249398
GDX,20200107,42.7,42.7,41.69,42.03,14825
GED,20200107,0.024,0.024,0.024,0.024,6003
GEM,20200107,1.955,1.98,1.94,1.955,1952187
GEV,20200107,0.14,0.142,0.14,0.14,185358
GFL,20200107,2.19,2.25,2.19,2.25,39280
GGE,20200107,0.006,0.007,0.006,0.006,920000
GGG,20200107,0.13,0.135,0.127,0.13,2924337
GGX,20200107,0.003,0.003,0.003,0.003,940000
GIB,20200107,0.059,0.059,0.054,0.054,590863
GID,20200107,0.02,0.02,0.02,0.02,25133
GLB,20200107,1.77,1.85,1.77,1.845,37777
GLL,20200107,0.7,0.71,0.68,0.7,56045
GLN,20200107,0.135,0.14,0.135,0.135,30200
GLV,20200107,0.001,0.001,0.001,0.001,100000
GMA,20200107,3.69,3.75,3.67,3.74,543517
GMD,20200107,0.035,0.036,0.035,0.035,3086929
GMG,20200107,13.76,13.905,13.53,13.85,3540576
GML,20200107,0.017,0.017,0.017,0.017,456000
GMN,20200107,0.078,0.078,0.074,0.074,387128
GMR,20200107,0.011,0.012,0.011,0.012,1196016
GMV,20200107,0.083,0.086,0.083,0.084,161375
GNC,20200107,7.77,7.815,7.65,7.68,1026719
GNE,20200107,2.92,2.98,2.9,2.98,8700
GNG,20200107,0.805,0.81,0.805,0.805,9790
GNX,20200107,0.23,0.23,0.23,0.23,21808
GO2,20200107,0.016,0.016,0.015,0.015,274400
GOR,20200107,1.405,1.41,1.335,1.355,4873068
GOW,20200107,2.36,2.36,2.36,2.36,570
GOZ,20200107,4.24,4.29,4.22,4.28,422554
GPR,20200107,0.55,0.55,0.52,0.52,48292
GPT,20200107,5.83,5.865,5.745,5.85,4151418
GPX,20200107,0.155,0.16,0.155,0.16,109424
GRB,20200107,0.091,0.091,0.089,0.089,107822
GRL,20200107,0.23,0.26,0.23,0.26,282083
GRR,20200107,0.25,0.26,0.25,0.255,725976
GSN,20200107,0.07,0.072,0.069,0.069,276596
GSS,20200107,0.99,0.99,0.945,0.965,77022
GSW,20200107,0.48,0.48,0.432,0.445,130037
GTE,20200107,0.004,0.004,0.004,0.004,2552173
GTG,20200107,0.006,0.006,0.006,0.006,764034
GTK,20200107,3.6,3.69,3.6,3.65,3074
GTN,20200107,0.88,0.88,0.85,0.87,18910
GUD,20200107,11.35,11.37,11.18,11.35,105865
GVF,20200107,1.1,1.105,1.095,1.105,82269
GWA,20200107,3.35,3.41,3.35,3.39,353628
GXY,20200107,0.985,1.075,0.985,1.065,5352598
HAS,20200107,0.125,0.13,0.125,0.13,123340
HAV,20200107,0.11,0.12,0.11,0.12,370371
HCD,20200107,0.081,0.081,0.08,0.08,227503
HCH,20200107,0.038,0.038,0.037,0.038,737661
HCT,20200107,0.071,0.082,0.071,0.082,314997
HE8,20200107,0.19,0.19,0.19,0.19,9846
HFR,20200107,0.75,0.795,0.75,0.785,101539
HGO,20200107,0.063,0.063,0.061,0.061,60000
HHM,20200107,0.02,0.02,0.02,0.02,185070
HIL,20200107,0.35,0.37,0.35,0.37,262431
HIP,20200107,0.02,0.02,0.02,0.02,274687
HIT,20200107,1.25,1.32,1.25,1.32,20750
HLA,20200107,1.095,1.095,1.08,1.08,12955
HLO,20200107,4.98,5.01,4.92,5.01,123123
HLS,20200107,2.75,2.78,2.745,2.78,3839603
HM1,20200107,3.25,3.25,3.23,3.25,115174
HMC,20200107,3.89,3.92,3.86,3.92,12290
HNG,20200107,0.37,0.38,0.37,0.38,45000
HNR,20200107,0.009,0.009,0.009,0.009,844574
HPI,20200107,3.13,3.16,3.11,3.12,144719
HPR,20200107,0.1,0.1,0.1,0.1,45094
HRL,20200107,0.11,0.11,0.11,0.11,29800
HRR,20200107,0.099,0.099,0.096,0.097,250953
HRZ,20200107,0.085,0.094,0.085,0.09,1192397
HSC,20200107,0.004,0.004,0.004,0.004,500000
HSN,20200107,3.89,3.89,3.79,3.87,125500
HT1,20200107,1.685,1.7,1.67,1.68,77573
HTA,20200107,0.14,0.14,0.13,0.13,53880
HUB,20200107,10.81,11.03,10.81,10.99,96759
HUO,20200107,4.51,4.53,4.43,4.44,260082
HVN,20200107,4.18,4.22,4.15,4.17,2707647
HWH,20200107,0.04,0.04,0.04,0.04,21628
HXG,20200107,0.065,0.065,0.064,0.064,107504
HYD,20200107,0.22,0.22,0.22,0.22,65248
HZN,20200107,0.13,0.13,0.127,0.127,536195
HZR,20200107,0.395,0.4,0.395,0.395,216547
IAA,20200107,96,96.6,95.08,96.44,7839
IAF,20200107,114.39,114.46,114.22,114.22,17826
IAG,20200107,7.48,7.65,7.45,7.62,5647818
IAP,20200107,1.485,1.495,1.47,1.485,470681
IBC,20200107,0.535,0.535,0.535,0.535,1000
IBG,20200107,0.012,0.012,0.011,0.012,2494528
IBX,20200107,0.032,0.035,0.031,0.033,34940471
ICE,20200107,0.205,0.245,0.205,0.24,1443094
ICQ,20200107,0.315,0.315,0.31,0.315,170316
ICS,20200107,1.9,1.9,1.84,1.84,52172
ICT,20200107,0.059,0.059,0.059,0.059,79622
ID8,20200107,0.33,0.345,0.32,0.32,16177
IDA,20200107,0.026,0.026,0.026,0.026,7
IDT,20200107,0.165,0.185,0.15,0.15,2291026
IDX,20200107,3.83,3.83,3.62,3.68,194597
IDZ,20200107,0.011,0.011,0.011,0.011,100000
IEL,20200107,17.61,18.09,17.58,18.04,340423
IEM,20200107,64.835,65.32,64.69,65.05,9222
IEU,20200107,67.5,68.05,67.5,67.97,6193
IFL,20200107,7.9,8.09,7.9,8.09,471825
IFM,20200107,2.12,2.12,2.06,2.08,1866241
IFN,20200107,0.66,0.665,0.655,0.66,554995
IFT,20200107,5.05,5.05,5.04,5.04,3450
IGB,20200107,112.54,112.63,112.46,112.48,815
IGE,20200107,0.24,0.26,0.215,0.215,3094638
IGL,20200107,2.46,2.51,2.445,2.51,388206
IGO,20200107,6.43,6.51,6.36,6.5,2708518
IHD,20200107,14.36,14.42,14.35,14.42,37934
IHL,20200107,0.062,0.062,0.059,0.06,952298
IHR,20200107,0.1,0.13,0.1,0.13,218020
IJH,20200107,296.5,296.63,295,296.63,769
IJP,20200107,85.45,86.69,85.45,86.47,4300
IJR,20200107,120.56,120.99,119.99,120.83,1586
IKO,20200107,89.15,90.95,89.15,89.87,848
ILB,20200107,127.84,128.51,127.84,127.99,601
ILC,20200107,25.96,26.19,25.96,26.19,12112
ILU,20200107,9.2,9.295,9.11,9.28,1168867
IMA,20200107,0.24,0.24,0.235,0.235,397234
IMC,20200107,0.13,0.13,0.13,0.13,120000
IMD,20200107,1.435,1.49,1.425,1.465,458579
IME,20200107,0.037,0.043,0.037,0.041,5500270
IMF,20200107,4.38,4.46,4.31,4.37,417475
IMM,20200107,0.275,0.275,0.265,0.265,250885
IMS,20200107,0.006,0.007,0.006,0.007,469000
IMU,20200107,0.033,0.035,0.033,0.035,28532927
INA,20200107,4.77,4.79,4.57,4.61,4437165
ING,20200107,3.41,3.47,3.38,3.47,840905
INP,20200107,0.019,0.022,0.019,0.021,830000
INR,20200107,0.185,0.195,0.17,0.17,4364242
IOD,20200107,0.14,0.14,0.135,0.135,25751
IOO,20200107,78.25,79.34,78.21,78.84,17765
IOZ,20200107,27.63,27.84,27.63,27.84,1246480
IPB,20200107,0.025,0.025,0.024,0.024,50000
IPD,20200107,0.16,0.16,0.155,0.155,635415
IPH,20200107,8.17,8.45,8.17,8.4,450267
IPL,20200107,3.17,3.22,3.16,3.2,5473157
IPT,20200107,0.007,0.007,0.007,0.007,30000
IRD,20200107,0.07,0.07,0.065,0.065,196338
IRE,20200107,13.58,13.69,13.56,13.66,328938
IRI,20200107,3.23,3.26,3.2,3.23,197934
ISD,20200107,0.31,0.315,0.295,0.295,1070920
ISO,20200107,5.04,5.04,5.03,5.04,35906
ISU,20200107,0.495,0.5,0.495,0.5,3236
ITG,20200107,0.455,0.465,0.445,0.45,215950
ITW,20200107,61.85,61.85,61.05,61.57,286
IVC,20200107,13.55,13.62,13.42,13.53,159690
IVE,20200107,100.59,101.49,99.81,101.03,1652
IVR,20200107,0.023,0.023,0.021,0.021,3666623
IVV,20200107,467,470.32,466.99,469.82,5851
IVX,20200107,0.012,0.012,0.012,0.012,990953
IXC,20200107,0.87,0.87,0.86,0.86,19500
IXI,20200107,80.56,80.6,79.935,80.15,4740
IXJ,20200107,98.7,100.13,98.7,99.38,3035
IZZ,20200107,64.25,64.25,63.35,63.99,2622
JAN,20200107,0.48,0.485,0.475,0.485,56976
JAT,20200107,0.052,0.054,0.052,0.054,1649987
JBH,20200107,39.1,39.47,38.95,39.23,270345
JCS,20200107,0.026,0.026,0.026,0.026,37850
JHC,20200107,1,1.02,1,1,130822
JHG,20200107,34.86,35.1,34.75,34.86,136976
JHX,20200107,28.6,28.68,28.22,28.31,1173449
JIN,20200107,15.2,15.56,15.17,15.49,405308
JLG,20200107,2.28,2.29,2.15,2.15,200473
JMS,20200107,0.3,0.3,0.29,0.29,2507270
JRL,20200107,0.31,0.31,0.31,0.31,10000
JRV,20200107,0.225,0.235,0.22,0.225,588757
JXT,20200107,0.14,0.17,0.14,0.165,165417
K2F,20200107,0.27,0.28,0.27,0.27,383973
KAI,20200107,0.01,0.01,0.01,0.01,269800
KAR,20200107,1.29,1.29,1.22,1.26,3060729
KAT,20200107,0.835,0.835,0.835,0.835,25193
KCN,20200107,0.425,0.43,0.42,0.43,109792
KEY,20200107,0.006,0.006,0.005,0.006,3539773
KFE,20200107,0.064,0.065,0.061,0.065,197846
KGL,20200107,0.23,0.23,0.23,0.23,8500
KGM,20200107,0.006,0.006,0.006,0.006,200000
KGN,20200107,7.45,7.8,7.36,7.78,283961
KIN,20200107,0.038,0.041,0.038,0.038,66698
KKC,20200107,2.5,2.5,2.48,2.49,446298
KLA,20200107,65,65.01,63.18,64.03,1209
KLL,20200107,0.5,0.53,0.495,0.53,675891
KMD,20200107,3.19,3.25,3.18,3.21,257996
KME,20200107,1.26,1.26,1.23,1.25,62938
KNM,20200107,0.023,0.024,0.023,0.023,856607
KNO,20200107,0.089,0.089,0.089,0.089,7000
KOR,20200107,0.011,0.011,0.011,0.011,225000
KP2,20200107,0.018,0.018,0.018,0.018,99999
KPG,20200107,0.995,0.995,0.98,0.98,30000
KPO,20200107,0.029,0.029,0.029,0.029,320000
KRM,20200107,0.031,0.031,0.031,0.031,41852
KRR,20200107,0.022,0.022,0.02,0.02,1145558
KSL,20200107,1.48,1.495,1.47,1.48,162155
KSN,20200107,0.165,0.18,0.165,0.18,95499
KSS,20200107,0.325,0.335,0.32,0.33,221366
KTA,20200107,0.037,0.04,0.037,0.04,70000
KTD,20200107,0.39,0.39,0.39,0.39,114536
KTE,20200107,0.005,0.005,0.005,0.005,656300
KTG,20200107,0.215,0.222,0.205,0.205,255401
KWR,20200107,0.185,0.195,0.185,0.185,63000
KYK,20200107,0.11,0.11,0.105,0.11,192479
KZA,20200107,0.615,0.62,0.6,0.62,19980
KZR,20200107,0.325,0.33,0.305,0.315,370125
LAA,20200107,0.026,0.026,0.026,0.026,2833780
LAU,20200107,0.365,0.365,0.36,0.36,32500
LAW,20200107,0.075,0.076,0.072,0.073,4490512
LBL,20200107,0.69,0.69,0.66,0.66,34724
LBT,20200107,0.175,0.175,0.167,0.17,366200
LCD,20200107,0.014,0.014,0.014,0.014,163792
LCK,20200107,0.15,0.15,0.15,0.15,26541
LCM,20200107,0.19,0.2,0.19,0.2,77946
LEG,20200107,0.086,0.089,0.086,0.089,2387783
LEP,20200107,5.72,5.73,5.67,5.69,25833
LI3,20200107,0.024,0.025,0.024,0.025,240413
LIC,20200107,9.51,9.6,9.24,9.35,192443
LIN,20200107,0.031,0.031,0.03,0.031,2913371
LIT,20200107,0.061,0.064,0.061,0.063,2014054
LKE,20200107,0.036,0.036,0.033,0.036,1284209
LLC,20200107,17.99,18.21,17.72,18.13,1299798
LLO,20200107,1.95,1.95,1.83,1.865,9845
LME,20200107,1.85,1.85,1.78,1.815,38189
LMG,20200107,0.013,0.013,0.013,0.013,280184
LMW,20200107,0.14,0.14,0.14,0.14,164269
LNG,20200107,0.2,0.2,0.195,0.2,192126
LNK,20200107,5.93,6.11,5.92,6.03,2384025
LNU,20200107,0.024,0.025,0.024,0.025,109460
LNY,20200107,0.007,0.007,0.007,0.007,604790
LOM,20200107,0.125,0.125,0.125,0.125,67757
LON,20200107,0.16,0.16,0.15,0.15,46230
LOV,20200107,12.16,12.16,11.89,11.93,139261
LPD,20200107,0.016,0.016,0.015,0.016,2947833
LPE,20200107,0.725,0.73,0.725,0.725,9012
LPI,20200107,0.275,0.275,0.265,0.265,50277
LRS,20200107,0.005,0.006,0.005,0.006,8387717
LSF,20200107,1.635,1.645,1.625,1.635,199657
LSR,20200107,0.01,0.01,0.01,0.01,637500
LSX,20200107,0.47,0.47,0.47,0.47,16000
LTR,20200107,0.083,0.085,0.083,0.083,4884457
LVE,20200107,0.055,0.055,0.055,0.055,64993
LVH,20200107,0.225,0.23,0.22,0.225,32272
LVT,20200107,0.28,0.285,0.27,0.28,1343158
LYC,20200107,2.33,2.38,2.32,2.34,1790543
LYL,20200107,5.47,5.62,5.44,5.61,33393
M7T,20200107,0.675,0.675,0.665,0.665,244014
M8S,20200107,0.205,0.21,0.2,0.2,296485
MA1,20200107,1.025,1.025,1.02,1.025,56000
MAD,20200107,1.05,1.05,1.05,1.05,19961
MAG,20200107,0.21,0.215,0.195,0.205,610874
MAH,20200107,0.28,0.295,0.28,0.295,1058518
MAI,20200107,0.55,0.565,0.545,0.565,3455
MAN,20200107,0.014,0.014,0.014,0.014,305000
MAQ,20200107,23.35,24.5,23.35,24.09,2915
MAT,20200107,0.125,0.125,0.12,0.12,226576
MAU,20200107,0.49,0.49,0.485,0.485,7900
MAY,20200107,0.01,0.01,0.01,0.01,2607350
MCE,20200107,0.355,0.355,0.355,0.355,593
MCP,20200107,2.65,2.72,2.63,2.71,311601
MCR,20200107,0.695,0.71,0.69,0.7,1043161
MCT,20200107,0.004,0.004,0.004,0.004,492500
MCY,20200107,4.8,5,4.8,5,2796
MDC,20200107,0.312,0.315,0.305,0.305,60043
MDR,20200107,0.37,0.37,0.355,0.355,111549
MEA,20200107,0.34,0.35,0.34,0.35,51685
MEB,20200107,0.011,0.011,0.01,0.01,400000
MEC,20200107,0.97,0.97,0.96,0.96,46870
MEI,20200107,0.037,0.038,0.034,0.035,2663180
MEL,20200107,0.044,0.044,0.043,0.043,153641
MEM,20200107,0.052,0.053,0.052,0.053,518855
MEP,20200107,0.052,0.052,0.05,0.05,1388448
MEU,20200107,0.026,0.027,0.026,0.027,1511733
MEY,20200107,0.08,0.08,0.078,0.08,88074
MEZ,20200107,4.81,4.98,4.81,4.95,11137
MFD,20200107,1.02,1.02,1,1,30734
MFF,20200107,3.6,3.62,3.59,3.62,172344
MFG,20200107,60,60.31,58.36,59.7,420764
MGE,20200107,4.05,4.07,4.05,4.07,503218
MGG,20200107,1.99,2,1.985,2,498052
MGR,20200107,3.25,3.3,3.2,3.29,6841393
MGV,20200107,0.094,0.094,0.09,0.09,425091
MGX,20200107,0.975,1,0.975,0.99,1406315
MHC,20200107,0.005,0.005,0.005,0.005,200000
MHG,20200107,3.6,3.62,3.59,3.62,33120
MHH,20200107,1.63,1.635,1.625,1.63,302801
MHJ,20200107,0.71,0.74,0.71,0.73,131616
MIN,20200107,16.64,16.65,16.37,16.59,973382
MIO,20200107,0.235,0.235,0.215,0.225,111838
MIR,20200107,2.7,2.74,2.7,2.7,26638
MKG,20200107,0.07,0.071,0.07,0.07,124849
MLD,20200107,1.015,1.032,1.005,1.025,175181
MLT,20200107,4.92,4.98,4.92,4.98,151957
MLX,20200107,0.078,0.079,0.077,0.077,808391
MME,20200107,1.4,1.455,1.4,1.455,66296
MMI,20200107,0.145,0.145,0.14,0.14,522092
MMJ,20200107,0.15,0.155,0.145,0.15,181371
MML,20200107,0.9,0.9,0.835,0.85,320262
MMM,20200107,0.33,0.335,0.31,0.335,36367
MMS,20200107,12.94,13.12,12.94,13.12,126803
MNC,20200107,0.067,0.067,0.067,0.067,64016
MND,20200107,17.05,17.14,16.92,17.08,145043
MNF,20200107,5.02,5.02,4.82,4.85,19726
MNS,20200107,0.095,0.105,0.094,0.1,1230177
MNY,20200107,2.42,2.42,2.35,2.37,108687
MOB,20200107,0.125,0.125,0.125,0.125,50000
MOC,20200107,1.28,1.3,1.225,1.225,99525
MOE,20200107,5.07,5.07,4.92,4.97,282993
MOQ,20200107,0.24,0.24,0.24,0.24,7308
MOT,20200107,2.07,2.08,2.065,2.065,54432
MOZ,20200107,2.25,2.35,2.25,2.25,15795
MP1,20200107,10.45,10.56,10.3,10.36,211712
MPL,20200107,3.2,3.22,3.18,3.22,4147724
MPW,20200107,0.082,0.082,0.082,0.082,708640
MQG,20200107,139.1,139.9,138.58,139.51,524822
MRC,20200107,0.285,0.295,0.285,0.295,29980
MRD,20200107,0.002,0.003,0.002,0.003,4841666
MRM,20200107,0.17,0.175,0.165,0.175,1074947
MRQ,20200107,0.024,0.025,0.023,0.023,27455570
MRV,20200107,0.003,0.003,0.003,0.003,100000
MSB,20200107,2.17,2.28,2.15,2.28,2068803
MSE,20200107,0.012,0.012,0.012,0.012,100000
MSR,20200107,0.002,0.002,0.002,0.002,500000
MSV,20200107,0.059,0.059,0.058,0.058,1239029
MTB,20200107,0.003,0.003,0.003,0.003,336309
MTC,20200107,0.038,0.038,0.038,0.038,236062
MTH,20200107,0.009,0.01,0.009,0.01,899171
MTO,20200107,2,2,1.93,1.935,34846
MTS,20200107,2.54,2.59,2.52,2.59,2598833
MVA,20200107,25.02,25.44,25.02,25.43,10575
MVB,20200107,26.19,26.3,26.18,26.3,6054
MVE,20200107,29.52,29.58,29.5,29.58,4989
MVF,20200107,1.025,1.035,1.02,1.03,539193
MVP,20200107,8.95,8.97,8.6,8.86,175180
MVS,20200107,20.63,20.73,20.63,20.73,16289
MVW,20200107,31.32,31.6,31.32,31.6,67241
MWR,20200107,0.295,0.31,0.29,0.31,429388
MWY,20200107,1.9,1.955,1.9,1.91,76009
MX1,20200107,0.185,0.185,0.17,0.17,439766
MXC,20200107,0.034,0.035,0.033,0.034,4953845
MXI,20200107,0.21,0.21,0.21,0.21,39700
MXT,20200107,2.065,2.07,2.06,2.07,735615
MYL,20200107,0.046,0.046,0.043,0.043,1626182
MYQ,20200107,0.24,0.24,0.2,0.215,336113
MYR,20200107,0.465,0.47,0.465,0.47,569185
MYS,20200107,4.96,5,4.95,5,76407
MYX,20200107,0.445,0.45,0.435,0.445,4330609
MZZ,20200107,0.23,0.23,0.23,0.23,25000
NAB,20200107,24.82,24.97,24.73,24.9,3992748
NAC,20200107,0.96,0.96,0.96,0.96,10150
NAG,20200107,0.04,0.04,0.032,0.032,130680
NAN,20200107,6.4,6.46,6.36,6.39,454036
NBI,20200107,2.07,2.08,2.07,2.08,104604
NCC,20200107,1.05,1.06,1.05,1.05,28839
NCK,20200107,6.8,6.81,6.7,6.8,55327
NCM,20200107,31.14,31.2,30.36,30.76,3083876
NCR,20200107,0.013,0.013,0.013,0.013,369395
NCZ,20200107,0.27,0.27,0.26,0.265,608822
NDQ,20200107,21.6,21.71,21.59,21.69,121117
NEA,20200107,2.49,2.54,2.49,2.52,1799232
NEC,20200107,1.83,1.87,1.825,1.85,5026599
NET,20200107,0.115,0.115,0.105,0.115,1633458
NEU,20200107,2.61,2.62,2.55,2.57,34605
NEW,20200107,1.35,1.35,1.33,1.35,52413
NGE,20200107,0.68,0.68,0.68,0.68,2000
NGI,20200107,2.84,2.88,2.8,2.84,105085
NHC,20200107,2.08,2.13,2.07,2.09,1610623
NHF,20200107,6.35,6.44,6.35,6.42,655093
NIC,20200107,0.645,0.66,0.635,0.635,1397450
NME,20200107,0.012,0.012,0.012,0.012,500000
NML,20200107,0.115,0.12,0.115,0.12,372500
NMT,20200107,0.19,0.195,0.19,0.19,538049
NNW,20200107,0.075,0.075,0.071,0.075,62797
NOR,20200107,0.047,0.047,0.044,0.044,89701
NOV,20200107,0.21,0.215,0.21,0.215,188186
NOX,20200107,0.275,0.285,0.275,0.285,79280
NSB,20200107,0.2,0.205,0.195,0.195,43500
NSC,20200107,0.755,0.755,0.75,0.755,26105
NSR,20200107,1.95,1.95,1.915,1.93,1631538
NST,20200107,11.98,12,11.57,11.9,5923644
NTM,20200107,0.085,0.085,0.083,0.083,626969
NTO,20200107,1.6,1.61,1.59,1.61,412998
NTU,20200107,0.06,0.06,0.058,0.059,568986
NUC,20200107,3.62,3.65,3.59,3.59,15918
NUF,20200107,5.94,6.15,5.93,6.13,1005901
NUH,20200107,0.035,0.036,0.035,0.036,1105804
NUS,20200107,0.33,0.335,0.33,0.335,67425
NVA,20200107,0.056,0.06,0.053,0.057,8716565
NVL,20200107,3.64,3.64,3.63,3.63,301581
NVO,20200107,0.016,0.018,0.016,0.018,12186055
NVX,20200107,0.48,0.5,0.47,0.49,51129
NWC,20200107,0.015,0.015,0.015,0.015,51666
NWE,20200107,0.007,0.007,0.006,0.007,26127890
NWF,20200107,0.165,0.165,0.15,0.165,133034
NWH,20200107,3.08,3.09,3.02,3.06,1203898
NWL,20200107,8.19,8.2,8.14,8.16,276166
NWS,20200107,21.46,21.53,21.29,21.51,190670
NXM,20200107,0.049,0.049,0.049,0.049,100000
NXS,20200107,1.965,1.965,1.93,1.945,14741
NXT,20200107,6.65,6.74,6.59,6.73,801577
NZC,20200107,0.285,0.285,0.285,0.285,24033
NZK,20200107,1.99,1.99,1.99,1.99,510
NZS,20200107,0.013,0.013,0.013,0.013,900
OAR,20200107,0.005,0.005,0.005,0.005,126330
OAU,20200107,0.02,0.02,0.02,0.02,327083
OBM,20200107,0.175,0.175,0.175,0.175,220000
OCA,20200107,1.25,1.25,1.23,1.23,206192
OCC,20200107,0.485,0.485,0.475,0.475,385525
OCL,20200107,6.22,6.22,6.12,6.19,13842
ODA,20200107,0.225,0.23,0.195,0.23,25127
OEC,20200107,0.355,0.355,0.35,0.35,86301
OEL,20200107,0.038,0.038,0.037,0.038,1638706
OFX,20200107,1.4,1.41,1.37,1.395,192714
OGA,20200107,0.135,0.135,0.135,0.135,33140
OGC,20200107,2.87,2.87,2.8,2.83,257603
OIL,20200107,0.04,0.04,0.039,0.039,866654
OKU,20200107,0.165,0.165,0.155,0.155,519782
OLH,20200107,0.1,0.1,0.1,0.1,20000
OLI,20200107,0.075,0.08,0.074,0.08,489422
OLL,20200107,0.23,0.265,0.225,0.245,3970854
OLV,20200107,0.011,0.011,0.011,0.011,200000
OMH,20200107,0.5,0.505,0.495,0.505,677682
OML,20200107,3.77,3.78,3.71,3.74,653053
ONT,20200107,6.23,6.23,6.12,6.12,2000
ONX,20200107,0.077,0.077,0.077,0.077,100000
OOO,20200107,16.2,16.2,16.01,16.07,8585
OPC,20200107,4,4.07,4,4.04,34007
OPH,20200107,2.5,2.5,2.48,2.5,122721
OPL,20200107,0.135,0.135,0.135,0.135,3000
OPT,20200107,2.95,3.1,2.94,2.96,1744366
OPY,20200107,1.18,1.23,1.18,1.215,248285
ORA,20200107,3.22,3.23,3.19,3.2,2238665
ORE,20200107,2.81,3.12,2.81,3.04,2479739
ORG,20200107,8.66,8.73,8.66,8.69,3288892
ORI,20200107,22.38,22.73,22.36,22.64,629546
ORN,20200107,0.023,0.023,0.023,0.023,50000
ORR,20200107,0.415,0.415,0.415,0.415,41065
OSH,20200107,7.73,7.87,7.72,7.85,5193331
OSL,20200107,0.16,0.162,0.155,0.16,434488
OSP,20200107,0.029,0.029,0.029,0.029,70000
OSX,20200107,0.715,0.75,0.71,0.71,43728
OTW,20200107,4.64,4.64,4.49,4.54,14153
OVH,20200107,0.38,0.385,0.375,0.38,78601
OVL,20200107,0.008,0.008,0.008,0.008,340384
OVN,20200107,0.5,0.52,0.5,0.5,45803
OZF,20200107,19.39,19.47,19.38,19.46,9107
OZL,20200107,10.73,10.76,10.62,10.72,728493
OZR,20200107,12.29,12.34,12.28,12.34,7515
P2P,20200107,0.061,0.061,0.061,0.061,35000
PAA,20200107,0.105,0.11,0.09,0.094,1235906
PAB,20200107,0.019,0.02,0.019,0.019,735000
PAC,20200107,6.23,6.29,6.1,6.21,48802
PAF,20200107,0.95,0.955,0.95,0.955,71000
PAI,20200107,1.095,1.1,1.08,1.09,135818
PAL,20200107,1.065,1.065,1.065,1.065,9243
PAN,20200107,0.32,0.32,0.3,0.3,1552188
PAR,20200107,3.22,3.33,3.08,3.1,580776
PBH,20200107,5.39,5.51,5.31,5.47,622840
PBP,20200107,2.05,2.05,2.02,2.03,14874
PCG,20200107,1.675,1.745,1.66,1.7,22893
PCI,20200107,1.135,1.14,1.135,1.14,119707
PCK,20200107,0.19,0.195,0.185,0.195,895369
PDI,20200107,0.01,0.011,0.009,0.009,944249
PDL,20200107,8.86,9.03,8.82,9.02,720834
PDN,20200107,0.097,0.097,0.093,0.093,1155528
PE1,20200107,1.63,1.63,1.595,1.6,18713
PEC,20200107,0.046,0.047,0.046,0.047,173539
PEK,20200107,0.039,0.04,0.038,0.04,892829
PEN,20200107,0.175,0.175,0.175,0.175,4317
PET,20200107,0.82,0.82,0.795,0.805,586719
PEX,20200107,0.215,0.23,0.215,0.23,73652
PFG,20200107,0.079,0.079,0.078,0.079,241837
PFP,20200107,3.51,3.54,3.46,3.46,39950
PG1,20200107,0.1,0.1,0.095,0.095,174183
PGC,20200107,0.425,0.44,0.42,0.435,563260
PGF,20200107,1.27,1.28,1.265,1.28,83719
PGG,20200107,2.05,2.06,2.05,2.05,108725
PGH,20200107,2.66,2.74,2.66,2.68,283107
PGI,20200107,0.035,0.035,0.035,0.035,46667
PGL,20200107,1.95,1.975,1.9,1.95,41362
PGM,20200107,0.018,0.018,0.018,0.018,103950
PGR,20200107,0.145,0.145,0.145,0.145,60717
PGX,20200107,0.35,0.36,0.35,0.36,96956
PIA,20200107,1.15,1.16,1.15,1.16,354282
PIC,20200107,1.08,1.08,1.075,1.08,96002
PIN,20200107,0.08,0.08,0.08,0.08,144603
PIO,20200107,0.012,0.013,0.012,0.012,806850
PIQ,20200107,0.28,0.28,0.28,0.28,127285
PKS,20200107,0.165,0.17,0.165,0.17,99107
PL8,20200107,1.185,1.19,1.18,1.19,619983
PLL,20200107,0.12,0.12,0.115,0.115,1270964
PLS,20200107,0.3,0.315,0.3,0.315,10512396
PLX,20200107,0.8,0.8,0.78,0.78,332
PM8,20200107,0.165,0.175,0.165,0.175,41826
PMC,20200107,1.705,1.705,1.67,1.67,156801
PME,20200107,22.13,22.9,21.96,22.88,230890
PMV,20200107,19.36,19.67,19.17,19.63,99865
PNC,20200107,1.815,1.82,1.805,1.81,650931
PNI,20200107,4.73,4.78,4.65,4.74,332758
PNR,20200107,0.155,0.155,0.145,0.15,1489669
PNV,20200107,2.01,2.05,1.905,2.03,6593150
PNX,20200107,0.007,0.007,0.007,0.007,370000
PO3,20200107,3.88,4.05,3.88,4.05,3585
POD,20200107,0.038,0.038,0.033,0.034,605529
POS,20200107,0.044,0.044,0.042,0.044,868030
POW,20200107,0.005,0.005,0.005,0.005,46104
PPC,20200107,1.27,1.3,1.265,1.27,201335
PPE,20200107,3.2,3.21,3.16,3.21,15415
PPG,20200107,0.12,0.12,0.12,0.12,29367
PPH,20200107,3.92,3.98,3.92,3.98,54524
PPK,20200107,5.15,5.53,5.14,5.24,109360
PPS,20200107,0.49,0.51,0.49,0.5,253267
PPT,20200107,41.75,42.285,41.61,42.22,106701
PRN,20200107,1.615,1.675,1.61,1.655,2277322
PRO,20200107,0.46,0.46,0.457,0.46,59835
PRT,20200107,0.18,0.185,0.175,0.175,72936
PRU,20200107,1.12,1.125,1.095,1.115,5572283
PRX,20200107,0.069,0.07,0.065,0.066,697501
PSA,20200107,0.06,0.06,0.06,0.06,21376
PSC,20200107,0.195,0.2,0.195,0.2,112782
PSI,20200107,3.06,3.06,3.06,3.06,2011
PSQ,20200107,1.74,1.755,1.74,1.75,14650
PSZ,20200107,0.037,0.04,0.035,0.04,337663
PTB,20200107,0.805,0.805,0.8,0.8,8619
PTM,20200107,4.48,4.57,4.48,4.54,595715
PTR,20200107,0.04,0.04,0.04,0.04,233577
PTX,20200107,0.055,0.061,0.055,0.06,9725288
PUA,20200107,0.016,0.016,0.014,0.015,263935
PVS,20200107,1.485,1.49,1.485,1.49,15963
PWG,20200107,1.15,1.15,1.15,1.15,65238
PWH,20200107,4.75,4.77,4.71,4.71,11115
PWL,20200107,0.185,0.185,0.185,0.185,147000
PWN,20200107,0.008,0.008,0.007,0.007,7901979
PXS,20200107,0.155,0.157,0.145,0.145,790699
PXX,20200107,0.041,0.041,0.038,0.038,1528585
PYC,20200107,0.063,0.063,0.061,0.062,405430
QAG,20200107,5.67,5.67,5.67,5.67,2000
QAN,20200107,7.23,7.255,7.08,7.1,6223837
QAU,20200107,15.84,15.84,15.62,15.67,68420
QBE,20200107,12.9,13.08,12.8,13.04,2916945
QCB,20200107,8.39,8.43,8.35,8.35,3767
QEM,20200107,0.085,0.085,0.085,0.085,5647
QFE,20200107,0.365,0.375,0.365,0.37,112782
QFN,20200107,10.81,10.87,10.81,10.87,11389
QFY,20200107,0.004,0.004,0.004,0.004,241
QHL,20200107,0.12,0.12,0.115,0.12,204686
QIP,20200107,1.36,1.36,1.36,1.36,20330
QMS,20200107,1.205,1.22,1.205,1.22,2701350
QOZ,20200107,13.72,13.8,13.72,13.8,113776
QRE,20200107,6.72,6.74,6.69,6.74,20376
QRI,20200107,1.62,1.62,1.615,1.615,176278
QUB,20200107,3.35,3.395,3.35,3.39,1171900
QUS,20200107,39.07,39.22,39.07,39.19,5634
QVE,20200107,1.03,1.04,1.03,1.035,232263
RAC,20200107,0.22,0.225,0.215,0.225,149701
RAG,20200107,0.008,0.008,0.008,0.008,200001
RAN,20200107,0.019,0.019,0.018,0.018,59767
RAP,20200107,0.24,0.265,0.24,0.26,1698480
RBL,20200107,1.14,1.16,1.13,1.15,682892
RBR,20200107,0.011,0.011,0.01,0.01,1399139
RCB,20200107,20.7,20.75,20.67,20.67,20917
RCE,20200107,0.36,0.385,0.36,0.365,267013
RCO,20200107,0.245,0.245,0.245,0.245,20000
RCW,20200107,0.26,0.26,0.26,0.26,40014
RDC,20200107,1.105,1.115,1.1,1.1,262323
RDF,20200107,0.48,0.48,0.48,0.48,53214
RDH,20200107,1.83,1.84,1.83,1.83,103531
RDN,20200107,0.006,0.006,0.006,0.006,200000
RDV,20200107,29.9,30.2,29.9,30.2,14441
REA,20200107,105.66,107.43,105.6,106.85,137395
RED,20200107,0.35,0.35,0.335,0.335,3366255
REF,20200107,0.004,0.004,0.004,0.004,10000
REG,20200107,2.47,2.58,2.47,2.57,663370
REH,20200107,11.45,11.51,11.43,11.51,40901
RES,20200107,0.085,0.085,0.085,0.085,40000
REV,20200107,0.013,0.013,0.013,0.013,38500
REX,20200107,1.22,1.23,1.2,1.22,164439
REZ,20200107,0.016,0.016,0.015,0.015,1557615
RF1,20200107,2.6,2.65,2.6,2.65,41370
RFF,20200107,1.95,1.985,1.945,1.985,373031
RFG,20200107,0.1,0.107,0.1,0.1,15435035
RFN,20200107,0.003,0.003,0.003,0.003,10000
RFT,20200107,0.047,0.047,0.046,0.047,268901
RFX,20200107,0.045,0.045,0.043,0.044,332503
RGI,20200107,0.12,0.12,0.115,0.115,236295
RGL,20200107,0.01,0.01,0.01,0.01,56160
RGS,20200107,0.08,0.08,0.076,0.076,82290
RHC,20200107,73,74.075,73,73.85,318416
RHP,20200107,2.02,2.04,2,2.03,565645
RHT,20200107,0.275,0.275,0.26,0.26,821324
RIC,20200107,1.075,1.09,1.065,1.09,84910
RIM,20200107,0.002,0.002,0.002,0.002,22246254
RIO,20200107,101.03,102,100.4,101.74,832047
RLE,20200107,0.029,0.03,0.029,0.03,209500
RLG,20200107,0.034,0.034,0.033,0.034,100000
RLT,20200107,1.44,1.44,1.4,1.435,7332
RMC,20200107,1.5,1.5,1.48,1.5,151349
RMD,20200107,22.45,22.61,22.42,22.55,427995
RML,20200107,0.052,0.052,0.05,0.05,240000
RMP,20200107,0.011,0.011,0.011,0.011,998230
RMS,20200107,1.36,1.36,1.305,1.35,3656694
RMY,20200107,0.37,0.37,0.37,0.37,72858
RND,20200107,2.47,2.47,2.45,2.45,610
RNE,20200107,0.026,0.027,0.026,0.027,197544
RNO,20200107,0.21,0.21,0.19,0.19,190555
RNU,20200107,0.011,0.012,0.011,0.012,1860217
ROG,20200107,0.003,0.003,0.003,0.003,199999
ROO,20200107,0.033,0.033,0.032,0.033,477443
RPM,20200107,0.18,0.18,0.18,0.18,2833
RRL,20200107,4.49,4.49,4.275,4.32,2975656
RSG,20200107,1.28,1.285,1.225,1.23,8668969
RSH,20200107,0.088,0.09,0.088,0.089,45289
RSM,20200107,21.41,21.41,21.35,21.36,3400
RTE,20200107,0.415,0.415,0.41,0.415,29221
RTG,20200107,0.094,0.094,0.094,0.094,90000
RTR,20200107,0.067,0.067,0.067,0.067,25000
RUL,20200107,0.85,0.855,0.84,0.855,123804
RVR,20200107,0.15,0.15,0.145,0.15,558744
RVS,20200107,0.7,0.7,0.7,0.7,1481
RWC,20200107,4.09,4.16,4.08,4.14,1266989
RWD,20200107,0.14,0.14,0.14,0.14,30000
RXL,20200107,0.027,0.027,0.025,0.027,6126993
RXM,20200107,0.07,0.07,0.07,0.07,99335
RXP,20200107,0.52,0.525,0.515,0.515,123489
RZI,20200107,0.85,0.85,0.83,0.83,11038
S2R,20200107,0.12,0.12,0.12,0.12,3964
S32,20200107,2.75,2.81,2.74,2.8,21921673
S66,20200107,0.48,0.48,0.48,0.48,1200
SAR,20200107,3.55,3.55,3.45,3.52,6529506
SBM,20200107,2.83,2.83,2.77,2.81,5557557
SBW,20200107,0.115,0.115,0.11,0.11,45000
SCG,20200107,3.93,3.95,3.88,3.94,8495228
SCL,20200107,0.028,0.029,0.026,0.027,5980073
SCP,20200107,2.74,2.77,2.705,2.76,1657253
SCT,20200107,0.069,0.069,0.067,0.067,71916
SCU,20200107,0.013,0.013,0.013,0.013,136785
SDA,20200107,0.975,1.03,0.97,1.03,3941161
SDF,20200107,3.65,3.72,3.65,3.72,944745
SDG,20200107,1.65,1.68,1.65,1.68,15225
SDI,20200107,0.85,0.85,0.85,0.85,9767
SDV,20200107,0.695,0.735,0.695,0.695,237720
SE1,20200107,0.056,0.056,0.055,0.056,45203
SEC,20200107,1.83,1.84,1.805,1.82,36986
SEI,20200107,0.057,0.057,0.053,0.053,207117
SEK,20200107,22.84,23.08,22.67,22.99,445119
SEN,20200107,0.067,0.068,0.066,0.067,550092
SEQ,20200107,0.22,0.225,0.22,0.225,180000
SER,20200107,0.004,0.004,0.004,0.004,106411
SES,20200107,0.092,0.092,0.092,0.092,5600
SF1,20200107,0.029,0.029,0.029,0.029,2476
SFC,20200107,14.81,15.1,14.81,15.1,4694
SFG,20200107,0.075,0.075,0.07,0.072,415150
SFR,20200107,6.01,6.08,5.96,6.08,646764
SFX,20200107,0.34,0.345,0.34,0.34,129971
SFY,20200107,61.91,62.66,61.91,62.66,45126
SGC,20200107,0.042,0.043,0.042,0.043,35000
SGF,20200107,2.58,2.585,2.55,2.55,57351
SGH,20200107,1.04,1.05,1.04,1.04,24308
SGM,20200107,11,11.17,10.94,11.12,429261
SGO,20200107,0.012,0.012,0.012,0.012,3334
SGP,20200107,4.74,4.79,4.655,4.78,4808023
SGQ,20200107,0.13,0.13,0.125,0.125,816064
SGR,20200107,4.7,4.715,4.655,4.71,1772578
SHE,20200107,0.008,0.008,0.008,0.008,300000
SHH,20200107,0.004,0.004,0.004,0.004,480000
SHJ,20200107,0.95,0.96,0.945,0.96,26321
SHL,20200107,29.29,29.615,29.215,29.52,781363
SHM,20200107,0.69,0.69,0.685,0.69,263525
SHV,20200107,8.32,8.44,8.29,8.4,277344
SI6,20200107,0.003,0.003,0.003,0.003,1020834
SIG,20200107,0.575,0.595,0.57,0.585,2681274
SIL,20200107,0.069,0.069,0.058,0.058,478002
SIQ,20200107,6.8,6.9,6.8,6.88,615833
SIS,20200107,0.024,0.024,0.022,0.022,328029
SIT,20200107,0.07,0.07,0.07,0.07,49999
SKC,20200107,3.82,3.9,3.78,3.9,253204
SKF,20200107,0.17,0.172,0.17,0.17,31491
SKI,20200107,2.1,2.1,2.08,2.09,4260953
SKO,20200107,4.79,4.83,4.7,4.79,16143
SKT,20200107,0.7,0.735,0.685,0.71,226096
SKY,20200107,0.094,0.094,0.094,0.094,60261
SLC,20200107,0.935,0.94,0.915,0.915,852391
SLF,20200107,14.11,14.28,13.98,14.28,62975
SLK,20200107,4.6,4.71,4.57,4.65,270754
SLR,20200107,1.37,1.385,1.335,1.345,6308291
SLX,20200107,0.39,0.39,0.385,0.385,22182
SLZ,20200107,0.059,0.059,0.059,0.059,45000
SM1,20200107,8.7,8.76,8.69,8.7,87400
SM8,20200107,0.057,0.057,0.057,0.057,209970
SMI,20200107,0.004,0.004,0.004,0.004,1833333
SMN,20200107,0.96,0.98,0.95,0.98,67143
SMP,20200107,0.53,0.53,0.51,0.515,69182
SMR,20200107,1.085,1.105,1.08,1.09,254406
SMX,20200107,0.44,0.44,0.44,0.44,44315
SNC,20200107,0.825,0.835,0.825,0.83,145001
SNL,20200107,4.3,4.3,4.3,4.3,5334
SNZ,20200107,8.57,8.61,8.57,8.61,390
SO4,20200107,0.8,0.8,0.76,0.76,29630
SOL,20200107,21.9,22.26,21.9,22.24,207643
SOM,20200107,2.85,2.85,2.85,2.85,149
SOP,20200107,0.048,0.048,0.048,0.048,21000
SOR,20200107,0.084,0.085,0.081,0.085,145556
SP3,20200107,0.1,0.1,0.1,0.1,30000
SPK,20200107,4.21,4.33,4.21,4.32,709151
SPL,20200107,1.215,1.23,1.19,1.19,90061
SPT,20200107,0.68,0.68,0.66,0.665,363144
SPX,20200107,0.078,0.083,0.077,0.083,4637824
SPZ,20200107,0.25,0.25,0.25,0.25,10000
SRG,20200107,0.375,0.38,0.375,0.38,97339
SRI,20200107,0.075,0.075,0.072,0.072,89334
SRK,20200107,0.048,0.048,0.048,0.048,300000
SRN,20200107,0.002,0.002,0.002,0.002,73000
SRV,20200107,4.16,4.19,4.15,4.17,3199
SRY,20200107,0.015,0.016,0.015,0.016,840140
SSG,20200107,0.67,0.67,0.67,0.67,10000
SSM,20200107,2.73,2.73,2.64,2.65,1205823
SSO,20200107,15.65,15.65,15.65,15.65,116
SST,20200107,12.5,12.5,12.5,12.5,200
ST1,20200107,0.205,0.205,0.2,0.2,10276
STA,20200107,0.11,0.11,0.11,0.11,78809
STG,20200107,1.43,1.46,1.43,1.45,67278
STM,20200107,0.015,0.017,0.015,0.015,3108894
STN,20200107,0.31,0.315,0.31,0.315,18999
STO,20200107,8.65,8.795,8.64,8.79,5186425
STW,20200107,62.67,63.2,62.67,63.15,266583
STX,20200107,0.2,0.2,0.19,0.195,904854
SUL,20200107,10.09,10.47,10.07,10.3,583764
SUN,20200107,12.94,13.115,12.87,13.04,3103987
SVA,20200107,0.035,0.04,0.033,0.034,1791870
SVD,20200107,0.008,0.008,0.008,0.008,190400
SVL,20200107,0.115,0.12,0.11,0.115,2610497
SVM,20200107,0.095,0.095,0.095,0.095,64000
SVW,20200107,19.62,20.15,19.62,20.12,515856
SVY,20200107,0.95,0.95,0.91,0.915,232739
SW1,20200107,0.1,0.115,0.1,0.115,100991
SWF,20200107,0.155,0.165,0.155,0.16,109603
SWK,20200107,0.185,0.185,0.18,0.18,225964
SWM,20200107,0.325,0.332,0.325,0.325,919746
SXE,20200107,0.59,0.59,0.58,0.59,50947
SXL,20200107,0.85,0.875,0.847,0.87,881322
SXY,20200107,0.36,0.37,0.355,0.37,3792373
SYA,20200107,0.017,0.017,0.015,0.016,6700743
SYD,20200107,8.74,8.88,8.71,8.73,4723960
SYI,20200107,29.47,29.66,29.47,29.66,748
SYR,20200107,0.52,0.555,0.52,0.545,3278118
SYT,20200107,0.001,0.001,0.001,0.001,1000000
SZL,20200107,1.7,1.93,1.6,1.93,2795000
T3D,20200107,0.001,0.001,0.001,0.001,1777149
TAH,20200107,4.55,4.61,4.55,4.6,2823015
TAM,20200107,0.042,0.042,0.04,0.04,356740
TAO,20200107,0.11,0.13,0.11,0.13,110493
TAP,20200107,0.13,0.135,0.13,0.13,147846
TAR,20200107,0.012,0.012,0.012,0.012,200000
TAS,20200107,0.04,0.04,0.04,0.04,95757
TBR,20200107,5.405,5.5,5.3,5.5,15622
TCL,20200107,15.12,15.14,14.95,15.1,3780704
TD1,20200107,0.046,0.049,0.046,0.048,13420463
TDI,20200107,1.74,1.74,1.72,1.72,51071
TDO,20200107,0.09,0.09,0.09,0.09,110000
TEK,20200107,0.285,0.285,0.28,0.28,130823
TGA,20200107,0.21,0.21,0.207,0.21,94018
TGF,20200107,2.11,2.14,2.11,2.14,56121
TGG,20200107,1.36,1.37,1.355,1.37,79619
TGH,20200107,0.18,0.18,0.175,0.175,52474
TGM,20200107,0.21,0.21,0.195,0.21,78500
TGN,20200107,0.18,0.18,0.18,0.18,122800
TGP,20200107,1.13,1.14,1.11,1.14,15421
TGR,20200107,4.25,4.27,4.22,4.27,339720
THC,20200107,0.37,0.385,0.37,0.385,147854
THR,20200107,0.008,0.008,0.008,0.008,505000
TIE,20200107,0.28,0.285,0.28,0.28,87659
TIN,20200107,0.09,0.09,0.088,0.088,100000
TKL,20200107,0.007,0.007,0.007,0.007,200000
TKM,20200107,0.022,0.022,0.02,0.02,403789
TLG,20200107,0.44,0.46,0.44,0.455,91651
TLM,20200107,0.095,0.097,0.095,0.097,82425
TLS,20200107,3.65,3.71,3.63,3.71,18373972
TLT,20200107,3.2,3.2,3.2,3.2,1000
TLX,20200107,1.595,1.65,1.57,1.6,189961
TMR,20200107,0.225,0.255,0.215,0.25,775422
TMT,20200107,0.13,0.13,0.12,0.125,227781
TMZ,20200107,0.03,0.03,0.03,0.03,499950
TNE,20200107,8.76,8.835,8.675,8.81,547635
TNG,20200107,0.088,0.088,0.088,0.088,358177
TNK,20200107,1.37,1.37,1.36,1.36,4242
TNP,20200107,0.008,0.008,0.008,0.008,12361
TNR,20200107,0.009,0.009,0.009,0.009,1256214
TNT,20200107,0.044,0.045,0.043,0.043,241751
TNY,20200107,2.26,2.31,2.23,2.26,43986
TOE,20200107,0.008,0.008,0.007,0.008,1105000
TON,20200107,0.038,0.038,0.038,0.038,26852
TOP,20200107,0.675,0.68,0.67,0.68,21417
TOT,20200107,1.05,1.065,1.05,1.065,160029
TOU,20200107,0.094,0.094,0.094,0.094,5329
TPD,20200107,0.002,0.002,0.002,0.002,375000
TPM,20200107,6.82,6.94,6.78,6.93,455776
TPS,20200107,0.15,0.15,0.15,0.15,220000
TPW,20200107,2.695,2.74,2.67,2.73,77481
TRL,20200107,0.002,0.002,0.002,0.002,60000
TRS,20200107,4.08,4.31,3.93,4.05,432142
TRT,20200107,0.023,0.023,0.022,0.022,337794
TRY,20200107,0.1,0.1,0.097,0.098,962062
TSC,20200107,0.011,0.012,0.01,0.01,24664206
TTB,20200107,0.078,0.078,0.075,0.075,565710
TTM,20200107,0.17,0.18,0.155,0.175,525688
TTT,20200107,1,1.045,1,1,512269
TWD,20200107,3.38,3.4,3.38,3.4,11242
TWE,20200107,16.35,16.71,16.35,16.61,3155126
TWR,20200107,0.68,0.68,0.68,0.68,210
TYM,20200107,0.042,0.042,0.039,0.04,127554
TYR,20200107,3.47,3.52,3.4,3.41,671017
TZL,20200107,0.1,0.1,0.095,0.095,85026
UBA,20200107,22.16,22.61,22.16,22.61,3483
UBI,20200107,0.185,0.19,0.172,0.185,219611
UBJ,20200107,26.59,26.59,26.59,26.59,39
UBN,20200107,0.065,0.066,0.065,0.066,430757
UBP,20200107,29.43,29.43,29.39,29.39,1961
UBW,20200107,30.52,30.64,30.52,30.64,639
UCM,20200107,0.12,0.12,0.12,0.12,100212
UNL,20200107,0.029,0.029,0.029,0.029,15303
UNV,20200107,0.25,0.25,0.25,0.25,994586
UOS,20200107,0.855,0.855,0.84,0.855,18704
URF,20200107,0.87,0.9,0.87,0.9,149625
URW,20200107,11.24,11.305,11.16,11.25,472879
USD,20200107,13.99,14.02,13.99,14.02,29112
UUV,20200107,0.004,0.004,0.003,0.003,3311291
UWL,20200107,1.62,1.65,1.61,1.62,373836
VAE,20200107,70.15,70.79,70,70.55,2682
VAF,20200107,51.94,51.98,51.9,51.91,40090
VAH,20200107,0.15,0.155,0.15,0.15,181822
VAL,20200107,0.005,0.005,0.005,0.005,650000
VAN,20200107,0.17,0.175,0.17,0.17,345060
VAP,20200107,90.54,91.48,89.71,91.41,64382
VAS,20200107,85.85,86.6,85.85,86.51,187597
VCF,20200107,50.38,50.47,50.23,50.31,668
VCX,20200107,2.54,2.54,2.5,2.54,4495766
VEA,20200107,1.945,1.962,1.945,1.95,2637280
VEN,20200107,0.19,0.19,0.19,0.19,167227
VEQ,20200107,60.4,60.79,60.4,60.79,3716
VEU,20200107,78.01,78.5,77.54,78.4,21962
VG1,20200107,2.21,2.23,2.2,2.21,197287
VG8,20200107,2.3,2.31,2.3,2.31,32803
VGB,20200107,52.9,52.94,52.85,52.85,9010
VGE,20200107,72,72.66,71.55,72.17,9690
VGI,20200107,12.62,12.9,12.61,12.61,3465
VGL,20200107,3.49,3.5,3.4,3.5,5674
VGS,20200107,82.19,82.57,82.18,82.57,37752
VHT,20200107,1.85,1.88,1.84,1.86,124432
VHY,20200107,60.38,61,60.38,60.9,62993
VIC,20200107,0.001,0.001,0.001,0.001,105686529
VIF,20200107,50.73,50.79,50.36,50.37,11614
VLC,20200107,68.95,69.37,68.95,69.37,3939
VLS,20200107,0.71,0.71,0.71,0.71,1000
VLT,20200107,0.385,0.4,0.375,0.4,185432
VMG,20200107,0.001,0.001,0.001,0.001,85750
VML,20200107,0.013,0.013,0.013,0.013,3353049
VMS,20200107,0.017,0.017,0.017,0.017,55000
VMT,20200107,0.24,0.25,0.24,0.25,232455
VMX,20200107,0.29,0.29,0.29,0.29,35000
VMY,20200107,0.047,0.048,0.047,0.048,323630
VN8,20200107,0.11,0.11,0.11,0.11,90206
VOC,20200107,2.86,2.86,2.82,2.86,812246
VOL,20200107,1.78,1.78,1.75,1.78,31964
VOR,20200107,0.009,0.01,0.008,0.009,1660368
VPR,20200107,0.001,0.001,0.001,0.001,459200
VR8,20200107,0.028,0.028,0.028,0.028,52651
VRC,20200107,0.011,0.011,0.011,0.011,3244095
VRL,20200107,3.79,3.83,3.78,3.82,61961
VRS,20200107,0.062,0.065,0.062,0.065,280000
VRT,20200107,4.8,4.8,4.68,4.71,101784
VRX,20200107,0.1,0.105,0.1,0.1,63748
VSO,20200107,60.1,60.39,59.95,60.39,7872
VTG,20200107,1.205,1.215,1.175,1.215,77846
VTH,20200107,0.755,0.765,0.755,0.765,23098
VTI,20200107,0.052,0.054,0.049,0.049,412019
VTS,20200107,236.81,239,236.74,237.86,11539
VUK,20200107,3.48,3.51,3.47,3.5,1586288
VUL,20200107,0.15,0.16,0.15,0.16,142198
VVA,20200107,2.7,2.74,2.7,2.73,2408
VVR,20200107,2.68,2.73,2.65,2.73,1051085
VXR,20200107,0.115,0.115,0.115,0.115,53335
VYS,20200107,0.071,0.071,0.071,0.071,55253
WAA,20200107,1.09,1.1,1.07,1.07,47736
WAF,20200107,0.45,0.45,0.44,0.44,1355370
WAM,20200107,2.28,2.29,2.28,2.29,303764
WAX,20200107,1.495,1.5,1.495,1.5,43471
WBA,20200107,1.98,1.98,1.98,1.98,117129
WBC,20200107,24.55,24.66,24.5,24.62,5050333
WBE,20200107,0.012,0.013,0.011,0.013,19973270
WBT,20200107,0.4,0.41,0.395,0.405,49980
WEB,20200107,13.25,13.35,13.17,13.31,647040
WEL,20200107,0.055,0.055,0.051,0.051,188791
WES,20200107,42.98,43.3,42.83,43.07,2115682
WGB,20200107,2.32,2.33,2.31,2.33,143314
WGN,20200107,2.69,2.69,2.43,2.5,392072
WGO,20200107,0.205,0.225,0.205,0.22,1638809
WGX,20200107,2.37,2.38,2.29,2.32,858571
WHC,20200107,2.65,2.66,2.57,2.59,4025378
WHF,20200107,5.14,5.18,5.14,5.17,25869
WHK,20200107,0.085,0.086,0.082,0.084,278830
WIC,20200107,1.115,1.12,1.11,1.115,100265
WKT,20200107,0.195,0.2,0.195,0.2,80443
WLD,20200107,0.06,0.06,0.06,0.06,18728
WLE,20200107,1.26,1.27,1.26,1.26,978139
WMI,20200107,1.46,1.47,1.46,1.47,33556
WNB,20200107,0.009,0.009,0.009,0.009,509900
WND,20200107,0.66,0.675,0.66,0.675,2613
WNR,20200107,0.29,0.29,0.29,0.29,2000
WOR,20200107,15.99,16.24,15.98,16.06,1103820
WOW,20200107,36.69,37.04,36.51,36.94,1258476
WPL,20200107,35.5,35.8,35.5,35.63,2805402
WPP,20200107,0.57,0.58,0.565,0.58,167515
WQG,20200107,1.165,1.19,1.165,1.18,183722
WRM,20200107,0.004,0.004,0.004,0.004,1001667
WSA,20200107,2.94,2.97,2.9,2.92,2422754
WSI,20200107,0.021,0.021,0.021,0.021,502247
WSP,20200107,1.54,1.575,1.54,1.56,23844
WTC,20200107,24,24.47,23.88,23.93,438782
WWG,20200107,0.195,0.195,0.195,0.195,10000
WWI,20200107,0.013,0.013,0.011,0.011,10942454
WZR,20200107,0.2,0.2,0.195,0.195,5205710
XCD,20200107,0.012,0.013,0.012,0.012,6129801
XF1,20200107,0.37,0.38,0.37,0.38,18500
XPE,20200107,0.002,0.002,0.001,0.001,2100000
XPL,20200107,0.063,0.063,0.063,0.063,170106
XRF,20200107,0.235,0.235,0.225,0.235,242154
XRO,20200107,81.6,82.44,81.45,82.04,250287
XST,20200107,0.004,0.004,0.004,0.004,470000
XTE,20200107,0.75,0.75,0.74,0.74,10491
YAL,20200107,2.92,2.92,2.85,2.85,31051
YBR,20200107,0.1,0.1,0.098,0.098,65726
YOJ,20200107,0.053,0.055,0.052,0.052,631452
YOW,20200107,0.055,0.057,0.052,0.057,543040
YPB,20200107,0.004,0.004,0.004,0.004,203828
YRL,20200107,0.24,0.24,0.24,0.24,49093
Z1P,20200107,3.48,3.51,3.405,3.42,2263956
ZEL,20200107,4.29,4.39,4.24,4.35,133776
ZEN,20200107,0.65,0.65,0.64,0.65,156451
ZGL,20200107,0.084,0.084,0.081,0.082,80257
ZIM,20200107,11.49,11.49,11.48,11.49,1074
ZIP,20200107,0.011,0.012,0.011,0.012,2234125
ZLD,20200107,0.055,0.057,0.054,0.055,238482
ZMI,20200107,0.072,0.073,0.072,0.073,86480
ZNC,20200107,0.059,0.063,0.059,0.063,65473
ZNO,20200107,0.535,0.63,0.535,0.6,2178534
XAF,20200107,6625.2,6726,6625.2,6716.9,0
XAO,20200107,6857.4,6950.7,6857.4,6943.6,0
XAT,20200107,6680.9,6778.8,6680.9,6771.2,0
XDJ,20200107,2719.1,2767,2719.1,2760.2,0
XEC,20200107,1575.3,1580.9,1569,1570.7,0
XEJ,20200107,11861.6,12031,11859.7,12015.7,0
XFJ,20200107,5976,6071.8,5976,6064.7,0
XFL,20200107,6680.2,6782.1,6680.2,6772.6,0
XGD,20200107,7145.2,7154,6903.8,6998.6,0
XHJ,20200107,40823.3,41702.1,40823.3,41646.1,0
XIJ,20200107,1421.4,1448.1,1421.4,1444.9,0
XJO,20200107,6735.7,6834.3,6735.7,6826.4,0
XJR,20200107,5018.3,5048.1,5015.8,5041.9,0
XKO,20200107,6699.2,6794.7,6699.2,6787.2,0
XMD,20200107,7287.6,7376.8,7287.6,7369.4,0
XMJ,20200107,13990.9,14052,13961.3,14035,0
XMM,20200107,4573,4586.1,4551.9,4578.8,0
XNJ,20200107,6950.6,7070.7,6950.6,7055.6,0
XPJ,20200107,1593.8,1619.4,1586.7,1617.2,0
XSJ,20200107,12202,12449,12202,12430.1,0
XSO,20200107,2923.9,2954.7,2923.9,2954.7,0
XTJ,20200107,1287,1312.1,1286.3,1311.9,0
XTL,20200107,3692.1,3750.1,3692.1,3744.7,0
XTO,20200107,5583.9,5666.5,5583.9,5659,0
XUJ,20200107,8171.6,8249.6,8171.6,8217.7,0
XXJ,20200107,6665.3,6772.1,6665.3,6764.2,0
