360,20200210,3.33,3.34,3.25,3.3,87198
14D,20200210,0.195,0.195,0.175,0.19,46125
1AD,20200210,0.1,0.1,0.099,0.099,316034
1AG,20200210,0.035,0.035,0.035,0.035,10000
1ST,20200210,0.051,0.056,0.051,0.056,215413
3DA,20200210,0.35,0.35,0.325,0.33,136280
3DP,20200210,0.043,0.043,0.043,0.043,737558
3PL,20200210,0.795,0.8,0.79,0.8,77848
4DS,20200210,0.063,0.063,0.061,0.062,921562
5GN,20200210,0.94,0.94,0.91,0.92,78795
88E,20200210,0.022,0.022,0.021,0.022,7886551
8CO,20200210,0.09,0.09,0.083,0.09,142374
8IH,20200210,0.12,0.125,0.12,0.125,25410
9SP,20200210,0.025,0.025,0.023,0.024,10654918
A1M,20200210,0.32,0.32,0.32,0.32,12819
A2B,20200210,1.41,1.41,1.41,1.41,64365
A2M,20200210,14.52,14.8,14.42,14.71,3558247
A3D,20200210,0.155,0.155,0.155,0.155,9200
A4N,20200210,0.27,0.275,0.245,0.245,3428274
AAA,20200210,50.08,50.09,50.08,50.09,127363
AAC,20200210,1.31,1.33,1.275,1.285,1002302
AAJ,20200210,0.003,0.003,0.003,0.003,500000
AAR,20200210,0.11,0.115,0.11,0.11,930593
ABA,20200210,6.4,6.46,6.26,6.35,33970
ABC,20200210,3.5,3.52,3.32,3.33,3032823
ABP,20200210,3.78,3.83,3.76,3.76,1012899
ABR,20200210,0.47,0.48,0.47,0.48,37355
ABT,20200210,0.049,0.049,0.049,0.049,2419
ABV,20200210,0.037,0.037,0.037,0.037,59344
ABX,20200210,0.115,0.115,0.11,0.11,219643
AC8,20200210,0.29,0.29,0.28,0.28,131231
ACB,20200210,0.009,0.009,0.009,0.009,14000
ACF,20200210,0.345,0.36,0.345,0.36,55996
ACR,20200210,0.175,0.175,0.175,0.175,3000
ACU,20200210,0.13,0.135,0.13,0.135,99540
ACW,20200210,0.034,0.034,0.033,0.034,1407776
AD1,20200210,0.013,0.013,0.012,0.012,70000
AD8,20200210,8.27,8.27,8.1,8.18,87658
ADA,20200210,0.66,0.66,0.64,0.645,46228
ADD,20200210,0.033,0.034,0.032,0.034,516573
ADH,20200210,2.35,2.42,2.335,2.39,1902378
ADI,20200210,3.05,3.07,3.04,3.07,148881
ADJ,20200210,0.029,0.029,0.027,0.027,1575537
ADN,20200210,0.043,0.044,0.042,0.044,5791516
ADO,20200210,0.031,0.031,0.029,0.03,1676004
ADR,20200210,0.034,0.035,0.033,0.034,850904
ADT,20200210,1.64,1.65,1.56,1.565,274738
ADV,20200210,0.003,0.003,0.003,0.003,2769667
ADX,20200210,0.008,0.008,0.008,0.008,92458
ADY,20200210,0.005,0.005,0.005,0.005,2467
AEE,20200210,0.005,0.005,0.005,0.005,2500000
AEF,20200210,4.92,4.99,4.91,4.99,96438
AEG,20200210,1.115,1.12,1.115,1.12,127263
AEI,20200210,0.495,0.58,0.485,0.545,4125190
AER,20200210,0.155,0.16,0.155,0.16,31123
AEV,20200210,0.012,0.012,0.012,0.012,46266
AFG,20200210,2.8,2.8,2.66,2.66,201558
AFI,20200210,7.12,7.14,7.08,7.09,366543
AFL,20200210,0.15,0.15,0.15,0.15,6952
AFR,20200210,0.03,0.03,0.029,0.029,71436
AGE,20200210,0.002,0.002,0.002,0.002,243750
AGG,20200210,5.82,5.83,5.74,5.75,10448
AGH,20200210,0.41,0.41,0.375,0.375,933889
AGI,20200210,0.68,0.69,0.67,0.69,71152
AGL,20200210,19.62,19.67,19.38,19.41,1192662
AGM,20200210,2.05,2.05,2.05,2.05,20238
AGR,20200210,0.105,0.105,0.105,0.105,20000
AGS,20200210,0.105,0.105,0.105,0.105,27215
AGY,20200210,0.073,0.075,0.071,0.073,1133478
AHF,20200210,0.093,0.093,0.089,0.09,1183061
AHL,20200210,0.006,0.006,0.006,0.006,4109169
AHY,20200210,1.095,1.095,1.075,1.075,148252
AHZ,20200210,0.082,0.082,0.078,0.082,347865
AIA,20200210,8.23,8.27,8.21,8.25,166483
AIS,20200210,0.06,0.06,0.058,0.059,271939
AIZ,20200210,2.69,2.7,2.66,2.7,75122
AJC,20200210,0.001,0.001,0.001,0.001,985050
AJX,20200210,0.061,0.063,0.061,0.061,102504
AKG,20200210,0.52,0.52,0.5,0.5,60100
AKM,20200210,0.105,0.105,0.1,0.105,73176
AKP,20200210,14,14.03,13.85,13.85,2428
ALC,20200210,0.225,0.225,0.22,0.22,691223
ALF,20200210,0.965,0.965,0.95,0.95,134107
ALG,20200210,1.375,1.4,1.36,1.395,399220
ALI,20200210,2.58,2.6,2.57,2.57,64256
ALK,20200210,0.91,1.065,0.9,1.03,12703536
ALL,20200210,36.8,36.83,36.43,36.65,578019
ALQ,20200210,9.61,9.61,9.48,9.51,788157
ALU,20200210,41.61,41.85,40.84,41.66,303402
ALX,20200210,8.25,8.26,8.18,8.22,7877820
ALY,20200210,0.011,0.011,0.011,0.011,330000
AMA,20200210,0.84,0.84,0.825,0.835,8377461
AMC,20200210,16.18,16.19,16.05,16.05,2265179
AMD,20200210,0.008,0.008,0.007,0.007,266071
AMG,20200210,0.058,0.058,0.054,0.054,311781
AMH,20200210,1.005,1.005,0.995,0.995,165004
AMI,20200210,0.425,0.425,0.41,0.41,5819823
AML,20200210,0.14,0.14,0.13,0.14,469914
AMN,20200210,0.47,0.47,0.46,0.46,6171
AMP,20200210,1.75,1.75,1.72,1.725,7618545
AMS,20200210,1.365,1.365,1.27,1.3,373912
AMX,20200210,2.27,2.35,2.22,2.22,69258
ANA,20200210,0.014,0.014,0.013,0.013,2000710
ANG,20200210,0.2,0.2,0.195,0.2,28822
ANL,20200210,0.002,0.002,0.002,0.002,2835000
ANN,20200210,32.46,32.58,31.89,32.05,375174
ANO,20200210,6.34,6.38,6.17,6.29,20420
ANP,20200210,0.065,0.065,0.06,0.061,1835791
ANR,20200210,0.26,0.26,0.23,0.25,139446
ANW,20200210,0.001,0.001,0.001,0.001,9371494
ANZ,20200210,26.08,26.09,25.805,25.95,3267967
AOF,20200210,2.98,3,2.98,2.99,521168
AOP,20200210,0.235,0.26,0.225,0.24,622360
AOU,20200210,0.063,0.063,0.063,0.063,33611
APA,20200210,11.26,11.37,11.2,11.37,1395356
APC,20200210,0.097,0.097,0.096,0.096,44000
APD,20200210,0.68,0.68,0.67,0.67,36945
APE,20200210,8.61,8.64,8.43,8.6,185700
APG,20200210,0.002,0.002,0.002,0.002,2500000
APH,20200210,0.16,0.16,0.14,0.14,79722
API,20200210,1.3,1.3,1.28,1.295,787099
APL,20200210,1.025,1.03,1.02,1.03,754311
APT,20200210,39.33,39.75,38.36,38.52,1653058
APV,20200210,0.225,0.225,0.22,0.225,70266
APX,20200210,25.7,26.08,25.43,25.62,346960
APZ,20200210,1.175,1.18,1.175,1.18,11445
AQC,20200210,0.2,0.2,0.2,0.2,4217
AQG,20200210,6.74,6.85,6.72,6.81,179293
AQI,20200210,0.059,0.062,0.057,0.062,443500
AQR,20200210,3.75,3.86,3.74,3.81,90642
AQX,20200210,0.033,0.041,0.033,0.041,22100881
AQZ,20200210,2.62,2.64,2.6,2.64,666820
AR9,20200210,0.12,0.12,0.12,0.12,11971
ARB,20200210,18.79,19.13,18.71,18.86,149636
ARD,20200210,0.016,0.016,0.015,0.016,845302
ARE,20200210,0.006,0.006,0.005,0.006,950760
ARF,20200210,3.06,3.09,3.05,3.05,146019
ARG,20200210,8.93,8.99,8.9,8.95,210617
ARL,20200210,0.47,0.495,0.47,0.495,113020
ARN,20200210,0.16,0.21,0.16,0.205,1533234
ARO,20200210,0.002,0.002,0.002,0.002,250000
ARS,20200210,0.018,0.019,0.018,0.018,2165739
ARU,20200210,0.075,0.075,0.074,0.075,904472
ARV,20200210,0.029,0.029,0.029,0.029,3336912
AS1,20200210,0.16,0.165,0.16,0.165,145794
ASB,20200210,4.19,4.205,4.01,4.01,2108035
ASG,20200210,1.63,1.645,1.62,1.645,269879
ASH,20200210,0.455,0.49,0.455,0.47,131500
ASN,20200210,0.037,0.037,0.034,0.034,533554
AST,20200210,1.72,1.735,1.72,1.73,2696352
ASX,20200210,85.8,86.37,85.25,85.93,158477
ATC,20200210,0.09,0.09,0.08,0.086,1045401
ATH,20200210,0.018,0.018,0.017,0.017,595796
ATL,20200210,0.325,0.33,0.31,0.33,182219
ATP,20200210,0.008,0.008,0.008,0.008,6700
ATS,20200210,0.073,0.073,0.07,0.07,803277
ATU,20200210,0.35,0.35,0.34,0.34,598027
ATX,20200210,0.074,0.074,0.072,0.072,45675
AU8,20200210,0.083,0.083,0.076,0.077,1385334
AUB,20200210,12.75,12.76,12.39,12.47,64252
AUC,20200210,0.017,0.017,0.016,0.016,2347400
AUI,20200210,10.17,10.21,10.03,10.09,58673
AUR,20200210,0.016,0.02,0.016,0.018,1636360
AUT,20200210,0.021,0.024,0.021,0.022,7346354
AUZ,20200210,0.015,0.015,0.014,0.015,3445067
AV1,20200210,0.25,0.25,0.22,0.22,566392
AVA,20200210,0.14,0.14,0.14,0.14,175776
AVG,20200210,0.485,0.485,0.47,0.47,71556
AVH,20200210,0.74,0.785,0.735,0.765,13948722
AVL,20200210,0.012,0.013,0.012,0.012,5362508
AVN,20200210,2.88,2.89,2.86,2.87,223088
AVZ,20200210,0.066,0.066,0.061,0.062,7993810
AWC,20200210,2.18,2.19,2.09,2.09,15958409
AWN,20200210,0.13,0.14,0.12,0.13,99476
AWV,20200210,0.008,0.008,0.008,0.008,200000
AWY,20200210,0.033,0.033,0.033,0.033,21275
AX1,20200210,1.73,1.83,1.725,1.825,877279
AX8,20200210,0.035,0.035,0.035,0.035,50000
AXE,20200210,0.22,0.24,0.215,0.23,378148
AYM,20200210,0.003,0.003,0.003,0.003,200000
AYS,20200210,0.31,0.325,0.305,0.31,721409
AZI,20200210,0.008,0.008,0.007,0.007,550000
AZJ,20200210,5.5,5.545,5.33,5.47,7019382
AZM,20200210,0.032,0.032,0.032,0.032,107855
AZS,20200210,0.145,0.145,0.14,0.14,338682
AZV,20200210,0.09,0.09,0.089,0.089,146804
AZY,20200210,0.011,0.012,0.011,0.012,7834641
BAF,20200210,0.85,0.86,0.845,0.845,384445
BAP,20200210,6.66,6.71,6.58,6.66,486041
BAR,20200210,0.019,0.019,0.019,0.019,47061
BAT,20200210,0.008,0.009,0.008,0.009,2015013
BBC,20200210,0.6,0.6,0.6,0.6,10571
BBN,20200210,3.48,3.64,3.48,3.54,347150
BBX,20200210,0.15,0.17,0.15,0.17,102923
BC8,20200210,0.38,0.405,0.38,0.39,281186
BCB,20200210,0.057,0.057,0.052,0.052,864575
BCC,20200210,0.325,0.325,0.31,0.31,34255
BCI,20200210,0.165,0.165,0.155,0.16,499846
BCN,20200210,0.034,0.034,0.034,0.034,627101
BCT,20200210,0.105,0.12,0.097,0.115,1944894
BD1,20200210,0.032,0.034,0.032,0.033,713093
BDA,20200210,0.26,0.285,0.26,0.265,79411
BDC,20200210,0.078,0.08,0.078,0.08,721282
BEE,20200210,0.016,0.016,0.016,0.016,31250
BEM,20200210,0.046,0.049,0.046,0.047,156876
BEN,20200210,10.09,10.24,10.07,10.2,2120283
BET,20200210,0.35,0.355,0.315,0.34,4085109
BFC,20200210,0.079,0.08,0.078,0.078,281288
BFG,20200210,1.34,1.35,1.31,1.35,248051
BGA,20200210,4.27,4.36,4.23,4.27,501952
BGL,20200210,0.505,0.53,0.5,0.51,1206721
BGP,20200210,3.89,3.9,3.88,3.9,3750
BGT,20200210,0.165,0.17,0.165,0.165,239479
BHP,20200210,38.4,38.46,38.04,38.4,4777689
BID,20200210,1.29,1.29,1.2,1.235,505219
BIN,20200210,2.91,2.97,2.86,2.9,1878756
BIS,20200210,1,1.02,1,1.02,26413
BIT,20200210,0.135,0.165,0.135,0.16,62234266
BKI,20200210,1.67,1.68,1.66,1.66,329011
BKT,20200210,0.047,0.047,0.047,0.047,55182
BKW,20200210,20.1,20.23,19.87,19.93,86578
BKY,20200210,0.2,0.2,0.195,0.195,650000
BLD,20200210,4.6,4.75,4.52,4.6,19527630
BLG,20200210,0.078,0.078,0.071,0.072,646321
BLK,20200210,0.011,0.011,0.01,0.01,6032230
BLT,20200210,0.045,0.054,0.045,0.054,4625159
BLU,20200210,0.041,0.041,0.04,0.04,222457
BLV,20200210,0.25,0.25,0.25,0.25,59771
BLX,20200210,1.02,1.04,1.01,1.04,142745
BLY,20200210,1.35,1.35,1.265,1.3,26473
BLZ,20200210,0.016,0.016,0.016,0.016,50000
BMG,20200210,0.004,0.004,0.004,0.004,500000
BMN,20200210,0.034,0.034,0.032,0.032,871074
BNL,20200210,0.007,0.008,0.007,0.008,5497618
BNO,20200210,0.071,0.071,0.068,0.07,470912
BOC,20200210,0.25,0.275,0.25,0.25,6965
BOE,20200210,0.045,0.045,0.044,0.045,1336580
BOL,20200210,0.115,0.115,0.115,0.115,863443
BOQ,20200210,7.52,7.57,7.475,7.55,1669340
BOT,20200210,0.09,0.093,0.087,0.087,2127656
BPH,20200210,0.001,0.001,0.001,0.001,8449500
BPL,20200210,0.018,0.018,0.018,0.018,54447
BPT,20200210,2.38,2.4,2.335,2.37,12936890
BRB,20200210,0.255,0.255,0.25,0.25,83904
BRG,20200210,19.38,19.38,18.94,19.16,210685
BRI,20200210,1.62,1.62,1.61,1.61,3631
BRK,20200210,0.007,0.007,0.007,0.007,878475
BRL,20200210,0.105,0.11,0.105,0.11,202896
BRN,20200210,0.052,0.053,0.05,0.05,3013509
BRU,20200210,0.155,0.165,0.155,0.155,320925
BRV,20200210,0.021,0.021,0.02,0.021,9697389
BSA,20200210,0.405,0.405,0.39,0.405,130775
BSE,20200210,0.247,0.25,0.247,0.25,188950
BSL,20200210,14.09,14.15,13.85,13.99,2107470
BSX,20200210,0.16,0.16,0.15,0.15,2094227
BTH,20200210,0.945,0.957,0.88,0.935,1569024
BTI,20200210,1.07,1.085,1.07,1.085,67478
BUB,20200210,0.7,0.72,0.69,0.72,5367978
BUD,20200210,0.034,0.034,0.032,0.033,6079482
BUG,20200210,0.25,0.25,0.24,0.24,54000
BVS,20200210,5.59,5.59,5.46,5.48,583680
BWF,20200210,0.555,0.555,0.555,0.555,7405
BWP,20200210,3.99,4,3.95,3.95,868695
BWR,20200210,1.33,1.335,1.325,1.325,27060
BWX,20200210,4.25,4.295,4.18,4.25,243426
BXB,20200210,12.74,12.755,12.62,12.67,1888574
BXN,20200210,0.014,0.014,0.012,0.013,1612588
BYE,20200210,0.3,0.305,0.29,0.3,438343
CAD,20200210,0.001,0.001,0.001,0.001,830000
CAF,20200210,0.12,0.12,0.12,0.12,19213
CAG,20200210,0.52,0.53,0.5,0.5,34964
CAI,20200210,0.255,0.265,0.255,0.265,251067
CAJ,20200210,0.25,0.25,0.245,0.245,1183582
CAM,20200210,0.96,0.97,0.96,0.967,75950
CAN,20200210,1.215,1.26,1.2,1.205,484393
CAP,20200210,0.03,0.033,0.03,0.033,121610
CAR,20200210,17.78,17.87,17.55,17.72,484968
CAT,20200210,2.02,2.05,1.905,1.94,656592
CAU,20200210,0.175,0.175,0.17,0.17,21500
CAY,20200210,0.145,0.145,0.145,0.145,281163
CAZ,20200210,0.022,0.022,0.022,0.022,95176
CBA,20200210,84.74,84.74,84.08,84.32,1818742
CBE,20200210,0.27,0.28,0.25,0.26,611098
CBR,20200210,4.36,4.4,4.26,4.39,95532
CBY,20200210,0.2,0.2,0.2,0.2,5000
CCA,20200210,0.23,0.26,0.22,0.23,1039325
CCE,20200210,0.001,0.001,0.001,0.001,969454
CCL,20200210,12.02,12.07,11.87,11.89,1213812
CCP,20200210,36.81,37.27,36.43,37.2,238053
CCV,20200210,0.21,0.22,0.21,0.22,14937
CCX,20200210,3.19,3.22,3.12,3.18,80050
CCZ,20200210,0.02,0.02,0.019,0.019,688090
CD1,20200210,1.57,1.57,1.57,1.57,3185
CD3,20200210,1.35,1.35,1.32,1.35,21038
CDA,20200210,7.96,8.07,7.76,7.86,206048
CDD,20200210,0.365,0.37,0.36,0.36,104196
CDM,20200210,0.735,0.74,0.735,0.735,119205
CDP,20200210,5.94,5.94,5.89,5.9,1893
CDT,20200210,0.009,0.009,0.009,0.009,100000
CDV,20200210,0.37,0.375,0.365,0.375,2067666
CDX,20200210,0.027,0.027,0.027,0.027,693424
CDY,20200210,0.195,0.195,0.19,0.19,38693
CE1,20200210,0.005,0.006,0.005,0.005,506491
CEL,20200210,0.19,0.19,0.18,0.18,723262
CEN,20200210,7,7.01,6.83,6.83,14719
CFO,20200210,0.078,0.078,0.075,0.075,35000
CG1,20200210,0.47,0.47,0.46,0.46,1125795
CGA,20200210,0.425,0.425,0.405,0.405,101400
CGB,20200210,0.016,0.016,0.015,0.015,2184531
CGC,20200210,3.11,3.16,3.06,3.1,2096691
CGF,20200210,8.85,9.02,8.81,8.87,1794325
CGL,20200210,5,5,4.79,4.97,90799
CGR,20200210,0.54,0.555,0.54,0.555,1504573
CGS,20200210,0.47,0.47,0.43,0.45,332660
CHC,20200210,12.86,12.89,12.74,12.79,1203794
CHK,20200210,0.01,0.01,0.01,0.01,5852875
CHN,20200210,0.305,0.315,0.305,0.315,1445196
CHZ,20200210,0.1,0.1,0.095,0.095,744864
CI1,20200210,0.022,0.023,0.02,0.023,1879999
CIA,20200210,2.39,2.42,2.365,2.4,597103
CIE,20200210,0.85,0.855,0.835,0.835,110102
CII,20200210,1.15,1.15,1.15,1.15,1718
CIM,20200210,28.67,28.99,28.05,28.05,770546
CIN,20200210,31.4,31.4,31.38,31.38,1719
CIP,20200210,3.67,3.67,3.63,3.64,343628
CIW,20200210,0.68,0.68,0.68,0.68,10547
CKA,20200210,0.044,0.044,0.041,0.041,417870
CKF,20200210,9.07,9.24,9.01,9.2,341216
CL1,20200210,2.1,2.1,2.07,2.1,196851
CL8,20200210,0.014,0.014,0.013,0.013,876577
CLB,20200210,0.062,0.062,0.06,0.06,150000
CLF,20200210,1.305,1.305,1.305,1.305,2500
CLH,20200210,1.065,1.07,1.057,1.07,115144
CLQ,20200210,0.275,0.28,0.262,0.27,505706
CLV,20200210,2.6,2.63,2.57,2.63,166062
CLW,20200210,5.51,5.61,5.51,5.55,1976951
CLX,20200210,0.82,0.82,0.8,0.815,13235
CLZ,20200210,0.002,0.002,0.002,0.002,5550000
CM8,20200210,0.027,0.027,0.025,0.025,1108374
CML,20200210,0.015,0.015,0.014,0.015,1819127
CMM,20200210,1.245,1.245,1.22,1.235,337041
CMP,20200210,0.69,0.692,0.68,0.68,25769
CMW,20200210,1.215,1.22,1.207,1.21,2465210
CNB,20200210,0.07,0.07,0.069,0.07,140925
CNI,20200210,2.5,2.51,2.45,2.46,478314
CNJ,20200210,0.008,0.008,0.008,0.008,484221
CNL,20200210,0.135,0.14,0.135,0.14,86568
CNU,20200210,6.13,6.13,6.03,6.08,848115
CNW,20200210,0.034,0.035,0.034,0.035,232550
COB,20200210,0.13,0.135,0.13,0.13,147980
COE,20200210,0.555,0.555,0.54,0.545,11230156
COF,20200210,2.98,3.13,2.98,3.09,516900
COG,20200210,0.092,0.093,0.09,0.093,158511
COH,20200210,245,245.43,241.63,244.76,160037
COI,20200210,0.145,0.15,0.135,0.15,644010
COL,20200210,17,17.085,16.915,17.04,2116628
COS,20200210,0.35,0.35,0.34,0.34,36496
CP1,20200210,0.13,0.13,0.12,0.122,58204
CPH,20200210,0.16,0.16,0.15,0.15,679684
CPU,20200210,17.6,17.65,17.305,17.47,2857716
CPV,20200210,0.16,0.16,0.15,0.16,33917
CQE,20200210,3.39,3.44,3.38,3.4,432479
CQR,20200210,4.95,4.97,4.85,4.85,4180695
CRN,20200210,1.97,1.99,1.96,1.98,378916
CRO,20200210,0.005,0.005,0.005,0.005,50000
CRS,20200210,0.13,0.13,0.12,0.125,240163
CSD,20200210,0.17,0.2,0.17,0.2,50000
CSL,20200210,322.67,323.79,318.12,322.96,527240
CSR,20200210,4.94,4.945,4.845,4.88,3084267
CSS,20200210,0.73,0.73,0.72,0.72,19710
CT1,20200210,0.045,0.045,0.042,0.042,6639953
CTD,20200210,17.8,17.8,17.36,17.45,793181
CTE,20200210,0.05,0.05,0.05,0.05,5000
CTM,20200210,0.011,0.011,0.01,0.011,7204525
CTO,20200210,0.005,0.005,0.005,0.005,3945625
CTP,20200210,0.135,0.135,0.13,0.135,257190
CTX,20200210,33.4,33.56,32.62,32.75,750351
CUE,20200210,0.135,0.137,0.135,0.137,260955
CUL,20200210,0.012,0.012,0.011,0.011,82727
CUP,20200210,1.25,1.25,1.225,1.225,11687
CUV,20200210,25,25.82,24.51,25.59,163935
CUX,20200210,0.005,0.005,0.005,0.005,200000
CV1,20200210,0.115,0.12,0.115,0.12,150689
CVC,20200210,2,2,1.98,2,18453
CVF,20200210,1,1,0.99,0.99,137735
CVN,20200210,0.33,0.332,0.32,0.325,1811265
CVW,20200210,0.405,0.405,0.38,0.385,71620
CWL,20200210,0.068,0.068,0.068,0.068,640
CWN,20200210,11.52,11.7,11.52,11.68,1409124
CWP,20200210,8.33,8.35,8,8,32255
CWX,20200210,0.2,0.22,0.2,0.22,302172
CWY,20200210,1.995,2.01,1.97,1.98,6223277
CWZ,20200210,0.155,0.155,0.155,0.155,6400
CXL,20200210,0.8,0.875,0.8,0.875,287751
CXO,20200210,0.034,0.035,0.033,0.035,539360
CXZ,20200210,0.021,0.021,0.021,0.021,210461
CY5,20200210,0.045,0.045,0.045,0.045,153906
CYC,20200210,1.155,1.155,1.155,1.155,2000
CYG,20200210,1.05,1.08,1.05,1.07,34489
CYL,20200210,2.99,2.99,2.82,2.9,5652
CYM,20200210,0.225,0.225,0.22,0.22,126045
CYP,20200210,1.145,1.145,1.13,1.13,36252
CZL,20200210,0.009,0.009,0.008,0.008,237176
CZN,20200210,0.004,0.004,0.004,0.004,4973051
CZR,20200210,0.009,0.011,0.009,0.01,26301124
D2O,20200210,1.49,1.49,1.48,1.49,58786
DBF,20200210,1.135,1.135,1.135,1.135,128
DCC,20200210,0.03,0.032,0.03,0.03,1001430
DCG,20200210,0.395,0.395,0.365,0.375,1339946
DDD,20200210,0.002,0.002,0.002,0.002,12400000
DDR,20200210,6.72,7.185,6.72,7.16,240530
DEG,20200210,0.15,0.18,0.145,0.155,42761698
DEM,20200210,0.22,0.225,0.185,0.21,1092180
DEV,20200210,0.063,0.063,0.063,0.063,199531
DGO,20200210,1.32,1.535,1.32,1.525,29084
DGR,20200210,0.069,0.069,0.069,0.069,50000
DHG,20200210,3.84,3.88,3.75,3.8,1646314
DHR,20200210,0.002,0.002,0.002,0.002,186000
DIV,20200210,24.4,24.4,24.4,24.4,43
DJW,20200210,3.35,3.38,3.35,3.36,70359
DME,20200210,0.19,0.195,0.19,0.195,23000
DMP,20200210,52.3,55.33,52.3,54.96,260628
DNA,20200210,0.07,0.073,0.07,0.073,613446
DNK,20200210,0.61,0.617,0.6,0.615,191980
DOW,20200210,7.41,7.52,7.405,7.45,2489032
DRE,20200210,0.005,0.005,0.005,0.005,7292976
DRO,20200210,0.22,0.225,0.215,0.217,252868
DRX,20200210,0.011,0.011,0.011,0.011,940223
DSE,20200210,0.045,0.05,0.045,0.05,1082667
DTC,20200210,1.1,1.12,1.07,1.105,2808280
DTI,20200210,0.02,0.02,0.02,0.02,35354
DTL,20200210,4.74,4.81,4.64,4.72,346827
DTM,20200210,0.067,0.067,0.067,0.067,3600
DTR,20200210,0.002,0.002,0.002,0.002,6500000
DTZ,20200210,0.05,0.059,0.05,0.058,948715
DUB,20200210,1.18,1.19,1.1,1.1,451029
DUI,20200210,5.18,5.22,5.16,5.21,54455
DW8,20200210,0.007,0.007,0.007,0.007,200000
DWS,20200210,1.09,1.095,1.07,1.075,14913
DXB,20200210,0.14,0.15,0.14,0.15,375122
DXS,20200210,13.12,13.2,13.02,13.2,4303779
DYL,20200210,0.255,0.26,0.25,0.25,161749
E25,20200210,0.16,0.165,0.16,0.16,43574
E2M,20200210,0.175,0.175,0.165,0.165,59317
EAF,20200210,1.38,1.38,1.38,1.38,157273
EAI,20200210,1.06,1.08,1.05,1.06,334863
EAS,20200210,0.94,0.94,0.925,0.925,7230
EBG,20200210,1,1,1,1,1000
EBO,20200210,22,22,21.85,21.9,801
ECF,20200210,1.295,1.31,1.29,1.29,989441
ECG,20200210,0.045,0.045,0.045,0.045,17000
ECL,20200210,1.4,1.4,1.39,1.4,26927
ECP,20200210,1.12,1.12,1.12,1.12,15000
ECS,20200210,0.047,0.047,0.046,0.046,155000
ECX,20200210,1.65,1.695,1.645,1.665,2921156
ED1,20200210,1.04,1.04,1,1.01,33997
EDC,20200210,1.1,1.1,1.1,1.1,10000
EDE,20200210,0.039,0.04,0.039,0.04,861682
EEG,20200210,0.39,0.4,0.38,0.385,225442
EEU,20200210,15.65,15.72,15.65,15.72,2400
EFE,20200210,0.004,0.004,0.004,0.004,1010500
EFF,20200210,1.77,1.77,1.77,1.77,9376
EGD,20200210,2.58,2.6,2.58,2.6,29983
EGF,20200210,1.84,1.84,1.84,1.84,185530
EGG,20200210,1.89,1.905,1.835,1.905,7437
EGH,20200210,0.385,0.385,0.385,0.385,36854
EGI,20200210,1.195,1.195,1.19,1.19,39471
EGN,20200210,0.57,0.58,0.57,0.58,271650
EGR,20200210,0.081,0.084,0.081,0.084,68620
EHE,20200210,2.36,2.38,2.335,2.35,471398
EHH,20200210,0.115,0.12,0.115,0.12,379381
EHL,20200210,2.07,2.08,2.04,2.08,541821
EHX,20200210,0.1,0.1,0.1,0.1,4160
ELD,20200210,8.32,8.37,8.21,8.25,646551
ELO,20200210,7.2,7.22,6.92,7.18,42146
ELS,20200210,0.385,0.385,0.38,0.38,26585
ELX,20200210,0.78,0.785,0.77,0.78,80574
EM1,20200210,0.01,0.01,0.009,0.009,133964
EME,20200210,0.12,0.12,0.12,0.12,750
EMH,20200210,0.32,0.32,0.27,0.27,90000
EML,20200210,5.23,5.24,5.085,5.12,1926642
EMP,20200210,0.03,0.032,0.03,0.031,225646
EMR,20200210,0.046,0.048,0.045,0.046,2643601
EMT,20200210,0.013,0.013,0.012,0.012,390672
EMV,20200210,0.82,0.83,0.775,0.79,127280
EN1,20200210,0.02,0.02,0.019,0.019,5071438
ENA,20200210,0.02,0.02,0.02,0.02,45736
ENN,20200210,2.15,2.16,2.14,2.15,103967
ENR,20200210,0.1,0.1,0.095,0.098,333441
ENT,20200210,0.008,0.008,0.008,0.008,55000
ENX,20200210,0.007,0.007,0.007,0.007,16667
EOF,20200210,2.85,2.93,2.83,2.85,160915
EOL,20200210,3.52,3.52,3.5,3.5,4950
EOS,20200210,9.75,10.11,9.68,9.86,296727
EPD,20200210,0.41,0.41,0.41,0.41,75768
EQE,20200210,0.013,0.013,0.013,0.013,678089
EQT,20200210,30.8,31.46,30.75,31.04,4036
EQX,20200210,0.26,0.26,0.26,0.26,122100
ERA,20200210,0.16,0.16,0.155,0.16,43210
ERF,20200210,1.225,1.24,1.225,1.23,26779
ERG,20200210,0.065,0.065,0.065,0.065,35000
ERL,20200210,0.009,0.009,0.009,0.009,4289917
ERM,20200210,0.091,0.091,0.091,0.091,4640
ERX,20200210,0.065,0.067,0.064,0.065,465411
ESE,20200210,0.011,0.011,0.011,0.011,4250
ESH,20200210,0.008,0.008,0.008,0.008,3873962
ESR,20200210,0.009,0.009,0.009,0.009,69363
ETF,20200210,23.2,23.2,23.2,23.2,800
EUC,20200210,0.016,0.016,0.016,0.016,33355
EUR,20200210,0.082,0.083,0.082,0.082,162500
EVE,20200210,0.006,0.006,0.005,0.005,6850577
EVN,20200210,3.77,4.07,3.77,4.06,20476869
EVO,20200210,0.15,0.15,0.14,0.14,808750
EVS,20200210,0.24,0.24,0.225,0.225,667600
EVT,20200210,12.5,12.62,12.43,12.5,37583
EWC,20200210,0.069,0.072,0.068,0.072,91761
EX1,20200210,0.26,0.285,0.26,0.265,42116
EXL,20200210,0.65,0.685,0.635,0.64,316510
EXP,20200210,0.21,0.21,0.21,0.21,6199850
EXR,20200210,0.048,0.051,0.048,0.05,10087019
EZL,20200210,1.04,1.04,1.02,1.035,63960
FAR,20200210,0.037,0.037,0.034,0.035,22021626
FBR,20200210,0.053,0.053,0.051,0.051,780518
FBU,20200210,5.17,5.17,5.02,5.03,1009413
FCL,20200210,3.49,3.54,3.47,3.5,281879
FCT,20200210,0.145,0.145,0.135,0.14,865760
FDV,20200210,1.11,1.15,1.1,1.15,109078
FEL,20200210,0.013,0.013,0.013,0.013,29593
FEX,20200210,0.05,0.051,0.049,0.049,186320
FFC,20200210,0.11,0.11,0.11,0.11,16200
FFG,20200210,0.008,0.009,0.008,0.009,513678
FFL,20200210,0.4,0.4,0.36,0.36,23897
FFR,20200210,0.047,0.05,0.045,0.045,203482
FGG,20200210,1.275,1.28,1.27,1.27,252424
FGR,20200210,0.17,0.17,0.165,0.165,393049
FGX,20200210,1.14,1.145,1.13,1.135,215673
FHS,20200210,0.018,0.018,0.017,0.018,914354
FID,20200210,5.79,5.89,5.77,5.77,12915
FLC,20200210,0.355,0.355,0.33,0.35,593758
FLN,20200210,0.49,0.49,0.47,0.47,177180
FLT,20200210,38.77,39.27,37.8,37.8,799013
FMG,20200210,10.8,10.91,10.49,10.85,11779256
FML,20200210,0.25,0.25,0.25,0.25,40506
FMS,20200210,0.048,0.055,0.048,0.053,66339
FNP,20200210,4.79,4.8,4.71,4.71,634078
FNT,20200210,0.01,0.01,0.01,0.01,927745
FOD,20200210,0.058,0.06,0.058,0.06,169014
FOR,20200210,1.18,1.18,1.165,1.165,24805
FPC,20200210,1.04,1.04,1.04,1.04,38449
FPH,20200210,22.97,23.05,22.77,22.87,390835
FPP,20200210,0.915,0.915,0.905,0.905,14951
FRI,20200210,0.88,0.885,0.88,0.885,55503
FRN,20200210,0.021,0.021,0.021,0.021,644929
FSA,20200210,1.425,1.425,1.425,1.425,125
FSF,20200210,3.73,3.73,3.73,3.73,268
FSI,20200210,1.955,1.955,1.955,1.955,750
FTC,20200210,0.1,0.1,0.1,0.1,12358
FWD,20200210,1.96,1.96,1.86,1.9,40119
FXL,20200210,2.01,2.12,1.835,1.85,3987318
FYI,20200210,0.052,0.052,0.049,0.049,232745
FZO,20200210,0.155,0.155,0.15,0.15,115407
FZR,20200210,0.195,0.2,0.195,0.2,50000
G1A,20200210,0.3,0.3,0.285,0.285,24688
G88,20200210,0.05,0.056,0.05,0.056,55160
GAL,20200210,0.155,0.155,0.15,0.15,506245
GAP,20200210,0.19,0.19,0.19,0.19,108988
GAS,20200210,0.6,0.6,0.58,0.58,10250
GBE,20200210,0.015,0.015,0.015,0.015,27979
GBR,20200210,0.033,0.033,0.033,0.033,1405
GBZ,20200210,0.065,0.065,0.065,0.065,67490
GCI,20200210,2.04,2.05,2.04,2.04,202264
GDF,20200210,1.415,1.415,1.395,1.4,76626
GDG,20200210,0.85,0.85,0.85,0.85,508544
GDI,20200210,1.505,1.515,1.5,1.505,170718
GDX,20200210,43.41,43.41,41.75,41.95,12999
GEM,20200210,1.88,1.9,1.84,1.84,1803480
GEV,20200210,0.15,0.155,0.145,0.15,194752
GFL,20200210,2.13,2.13,2.13,2.13,4500
GGG,20200210,0.12,0.122,0.12,0.12,786699
GGX,20200210,0.003,0.003,0.003,0.003,500000
GIB,20200210,0.041,0.041,0.04,0.04,128441
GLA,20200210,0.001,0.001,0.001,0.001,2625000
GLL,20200210,0.575,0.59,0.555,0.59,174084
GLN,20200210,0.23,0.23,0.22,0.23,211364
GLV,20200210,0.001,0.001,0.001,0.001,8000996
GMA,20200210,3.82,3.83,3.72,3.83,604029
GMD,20200210,0.033,0.034,0.033,0.033,1664584
GME,20200210,0.047,0.047,0.046,0.046,10759
GMG,20200210,15.3,15.32,15.135,15.21,2842643
GML,20200210,0.015,0.015,0.013,0.015,600134
GMR,20200210,0.01,0.01,0.009,0.01,807479
GMV,20200210,0.115,0.115,0.105,0.105,1257122
GNC,20200210,8.96,8.96,8.76,8.87,582355
GNE,20200210,3.19,3.19,3,3.1,54114
GNG,20200210,0.905,0.91,0.905,0.91,10505
GNM,20200210,0.008,0.008,0.008,0.008,1930000
GNX,20200210,0.2,0.2,0.195,0.195,143382
GO2,20200210,0.016,0.016,0.016,0.016,75000
GOR,20200210,1.57,1.617,1.54,1.605,8318774
GOZ,20200210,4.34,4.34,4.28,4.28,662737
GPR,20200210,0.435,0.435,0.415,0.43,31439
GPT,20200210,6.17,6.34,6.12,6.34,7342795
GRB,20200210,0.069,0.069,0.068,0.068,1598731
GRL,20200210,0.195,0.195,0.185,0.19,269657
GRR,20200210,0.225,0.23,0.225,0.225,1072784
GSN,20200210,0.06,0.064,0.059,0.059,682666
GSS,20200210,1.14,1.15,1.125,1.125,105240
GSW,20200210,0.56,0.565,0.555,0.555,94751
GTE,20200210,0.004,0.004,0.003,0.004,400000
GTG,20200210,0.01,0.01,0.009,0.009,3223632
GTK,20200210,2.11,2.24,2.11,2.17,73036
GTN,20200210,0.8,0.82,0.77,0.77,27441
GTR,20200210,0.008,0.008,0.008,0.008,901058
GUD,20200210,12.6,12.66,12.46,12.53,299074
GVF,20200210,1.095,1.095,1.09,1.095,160913
GWA,20200210,3.78,3.8,3.72,3.75,981897
GWR,20200210,0.08,0.08,0.08,0.08,3954
GXY,20200210,1.095,1.105,1.055,1.08,4223184
HAS,20200210,0.12,0.125,0.12,0.125,69515
HAV,20200210,0.096,0.097,0.096,0.096,58533
HAW,20200210,0.08,0.08,0.077,0.077,173882
HCD,20200210,0.05,0.05,0.048,0.048,75000
HCH,20200210,0.032,0.032,0.03,0.031,5931497
HCT,20200210,0.125,0.185,0.122,0.14,22410507
HE8,20200210,0.18,0.18,0.18,0.18,20000
HFR,20200210,0.71,0.715,0.69,0.705,30125
HGO,20200210,0.058,0.058,0.056,0.057,205279
HIL,20200210,0.435,0.435,0.425,0.425,130822
HIP,20200210,0.02,0.02,0.016,0.016,1229000
HLA,20200210,1.295,1.295,1.28,1.28,14093
HLO,20200210,4.34,4.34,4.2,4.2,87912
HLS,20200210,2.96,2.96,2.86,2.86,913362
HLX,20200210,0.013,0.014,0.013,0.014,176734
HM1,20200210,3.35,3.37,3.32,3.37,86736
HMC,20200210,3.8,3.8,3.76,3.76,62050
HMD,20200210,0.165,0.18,0.165,0.175,103270
HMX,20200210,0.022,0.026,0.022,0.024,2169816
HNR,20200210,0.008,0.008,0.008,0.008,113000
HPI,20200210,3.47,3.48,3.44,3.47,269861
HPR,20200210,0.09,0.11,0.09,0.09,575505
HRL,20200210,0.14,0.14,0.13,0.13,1452148
HRN,20200210,0.175,0.175,0.17,0.17,30000
HRR,20200210,0.084,0.09,0.078,0.08,1074325
HRZ,20200210,0.105,0.105,0.1,0.1,420163
HSC,20200210,0.008,0.008,0.006,0.007,7145976
HSN,20200210,3.62,3.62,3.575,3.6,115982
HT1,20200210,1.655,1.655,1.537,1.615,66559
HTA,20200210,0.14,0.14,0.13,0.13,24864
HUB,20200210,11.05,11.05,10.87,10.92,161902
HUO,20200210,4.57,4.57,4.52,4.57,850
HVM,20200210,0.175,0.18,0.175,0.18,207055
HVN,20200210,4.56,4.585,4.49,4.57,4013191
HWH,20200210,0.035,0.037,0.034,0.037,1232676
HWK,20200210,0.005,0.006,0.005,0.005,4375000
HXG,20200210,0.05,0.052,0.05,0.051,71425
HYD,20200210,0.22,0.22,0.22,0.22,52746
HZN,20200210,0.097,0.1,0.081,0.084,15629439
HZR,20200210,0.435,0.455,0.435,0.445,136495
IAA,20200210,97.18,97.52,96.2,97.06,8219
IAF,20200210,115.47,115.73,115.27,115.43,29531
IAG,20200210,7,7,6.88,6.88,5158044
IAP,20200210,1.55,1.555,1.515,1.525,190274
IBG,20200210,0.013,0.013,0.013,0.013,600780
IBX,20200210,0.032,0.038,0.031,0.036,17055815
ICE,20200210,0.215,0.215,0.205,0.21,161130
ICG,20200210,0.002,0.002,0.002,0.002,3006000
ICI,20200210,0.018,0.018,0.017,0.017,25759
ICQ,20200210,0.375,0.385,0.375,0.38,300709
IDT,20200210,0.15,0.15,0.145,0.145,31035
IDX,20200210,4.16,4.27,4.14,4.24,249338
IDZ,20200210,0.008,0.008,0.008,0.008,24361
IEL,20200210,17.2,17.21,16.69,16.8,643492
IEM,20200210,65,65.39,64.2,65.15,53561
IEU,20200210,69.98,69.98,69.2,69.35,18851
IFL,20200210,7.05,7.15,6.99,7.11,1274127
IFM,20200210,2.07,2.07,2.01,2.04,213837
IFN,20200210,0.69,0.69,0.67,0.69,3201999
IFT,20200210,5.4,5.4,5.3,5.35,2854
IGB,20200210,114.17,114.17,113.92,113.92,387
IGL,20200210,2.27,2.29,2.24,2.24,280056
IGO,20200210,5.95,5.95,5.73,5.84,3586588
IHD,20200210,14.36,14.36,14.2,14.26,63766
IHL,20200210,0.064,0.064,0.059,0.061,2270949
IHR,20200210,0.09,0.09,0.082,0.082,50000
IJH,20200210,305.2,306.34,305.2,305.61,969
IJP,20200210,88.62,89.2,88.62,88.63,4319
IJR,20200210,124.3,124.3,122.85,123.15,2320
IKO,20200210,93.17,93.17,91.8,92.8,842
ILB,20200210,130.04,130.27,130.04,130.18,656
ILC,20200210,27.2,27.2,27.06,27.2,18972
ILU,20200210,9.8,9.8,9.55,9.6,955966
IMA,20200210,0.215,0.22,0.215,0.215,589892
IMC,20200210,0.135,0.14,0.135,0.135,244595
IMD,20200210,1.295,1.375,1.265,1.365,1180027
IME,20200210,0.03,0.032,0.029,0.029,2837666
IMF,20200210,4.68,4.82,4.68,4.78,361115
IMM,20200210,0.36,0.375,0.36,0.365,1704635
IMR,20200210,1.85,1.88,1.85,1.88,96291
IMU,20200210,0.032,0.032,0.031,0.032,4138719
INA,20200210,4.63,4.77,4.6,4.77,594592
INF,20200210,0.062,0.062,0.059,0.059,273930
ING,20200210,3.64,3.74,3.6,3.72,5542249
INP,20200210,0.021,0.021,0.02,0.02,100000
INR,20200210,0.18,0.18,0.175,0.18,594428
IOD,20200210,0.17,0.17,0.17,0.17,11764
IOO,20200210,84,84.8,83.19,83.43,31345
IOZ,20200210,28.64,28.65,28.45,28.55,249666
IPB,20200210,0.027,0.03,0.027,0.03,57054
IPD,20200210,0.13,0.14,0.12,0.12,9276514
IPH,20200210,9.35,9.39,9.12,9.26,616589
IPL,20200210,3.15,3.15,3.11,3.15,8670632
IRD,20200210,0.056,0.056,0.055,0.055,137681
IRE,20200210,14.02,14.02,13.81,13.82,221790
IRI,20200210,2.83,2.93,2.81,2.85,266504
IS3,20200210,0.13,0.13,0.12,0.12,26490
ISD,20200210,0.27,0.27,0.26,0.265,320049
ISO,20200210,5.15,5.15,5.13,5.14,29334
ITG,20200210,0.43,0.43,0.42,0.425,124359
IVC,20200210,13.31,13.39,13.2,13.35,770343
IVE,20200210,103.28,103.36,103.08,103.35,1734
IVR,20200210,0.023,0.023,0.022,0.022,1391200
IVV,20200210,499.42,500.47,497.4,498,39058
IVX,20200210,0.011,0.011,0.011,0.011,2253844
IVZ,20200210,0.026,0.026,0.025,0.026,1332491
IXC,20200210,1.2,1.2,1.18,1.2,37374
IXI,20200210,84,84.2,83.95,83.95,1102
IXJ,20200210,105.2,105.76,104.68,105.76,13938
IXU,20200210,0.059,0.06,0.059,0.06,115200
IZZ,20200210,61.67,61.78,61.39,61.78,8381
JAN,20200210,0.435,0.435,0.43,0.43,43333
JAT,20200210,0.05,0.05,0.049,0.049,461675
JAY,20200210,0.31,0.31,0.305,0.305,384130
JBH,20200210,43.01,46.09,42.13,44.71,1669899
JDR,20200210,0.012,0.012,0.011,0.011,1111421
JHC,20200210,0.94,0.94,0.91,0.91,485903
JHG,20200210,39.48,39.62,39.01,39.18,225000
JHL,20200210,0.025,0.026,0.025,0.026,50000
JHX,20200210,31.4,31.48,31.22,31.42,850246
JIN,20200210,12.7,12.915,12.48,12.81,622636
JLG,20200210,2.65,2.79,2.63,2.75,1074040
JMS,20200210,0.28,0.28,0.275,0.275,2068787
JRV,20200210,0.25,0.25,0.24,0.245,251896
JXT,20200210,0.115,0.125,0.115,0.115,6853
K2F,20200210,0.23,0.235,0.23,0.23,65512
KAI,20200210,0.009,0.01,0.009,0.009,4965327
KAM,20200210,0.055,0.055,0.054,0.054,108000
KAR,20200210,1.105,1.105,1.06,1.07,1572430
KAS,20200210,0.012,0.012,0.012,0.012,5592
KAT,20200210,0.855,0.855,0.84,0.84,118325
KCN,20200210,0.54,0.555,0.53,0.535,445152
KEY,20200210,0.005,0.005,0.005,0.005,860820
KFE,20200210,0.058,0.059,0.053,0.054,1132632
KGL,20200210,0.21,0.22,0.21,0.22,97763
KGN,20200210,4.95,4.99,4.85,4.89,1056121
KIN,20200210,0.041,0.042,0.041,0.042,163844
KIS,20200210,0.069,0.069,0.053,0.053,30000
KKC,20200210,2.48,2.48,2.46,2.46,204300
KLA,20200210,54.77,54.9,53,53.66,6230
KLL,20200210,0.505,0.51,0.495,0.495,154963
KMD,20200210,3.45,3.53,3.32,3.41,3783668
KME,20200210,1.5,1.5,1.5,1.5,23849
KMT,20200210,0.005,0.005,0.005,0.005,1195174
KNO,20200210,0.077,0.078,0.077,0.077,111909
KOV,20200210,4.5,4.55,4.5,4.55,11000
KP2,20200210,0.016,0.016,0.016,0.016,35999
KPE,20200210,1.25,1.25,1.25,1.25,1126
KPG,20200210,0.88,0.88,0.88,0.88,15764
KPO,20200210,0.04,0.041,0.039,0.04,2456899
KRM,20200210,0.032,0.032,0.032,0.032,15000
KRR,20200210,0.02,0.021,0.02,0.021,1050000
KSL,20200210,1.365,1.37,1.35,1.37,169847
KSN,20200210,0.175,0.175,0.175,0.175,28151
KSS,20200210,0.36,0.36,0.345,0.35,208428
KTA,20200210,0.031,0.031,0.028,0.028,540001
KTD,20200210,0.365,0.37,0.36,0.37,442079
KTE,20200210,0.007,0.007,0.007,0.007,582112
KTG,20200210,0.19,0.195,0.19,0.195,56703
KWR,20200210,0.16,0.16,0.16,0.16,6250
KYK,20200210,0.087,0.089,0.084,0.086,637363
KZA,20200210,0.58,0.58,0.58,0.58,32085
KZR,20200210,0.655,0.68,0.645,0.65,235131
LAU,20200210,0.35,0.355,0.35,0.355,89248
LAW,20200210,0.067,0.067,0.067,0.067,50000
LBL,20200210,0.75,0.77,0.75,0.77,56129
LBT,20200210,0.15,0.15,0.145,0.145,161141
LCD,20200210,0.013,0.013,0.012,0.012,1858500
LCK,20200210,0.125,0.125,0.12,0.12,144865
LCL,20200210,0.04,0.04,0.04,0.04,131270
LCM,20200210,0.195,0.205,0.195,0.205,2805
LCT,20200210,0.02,0.02,0.018,0.018,107668
LEG,20200210,0.082,0.083,0.081,0.082,1288822
LEP,20200210,5.6,5.64,5.57,5.62,43817
LER,20200210,0.023,0.023,0.023,0.023,28925
LIC,20200210,8.9,8.95,8.86,8.91,60351
LIN,20200210,0.038,0.038,0.034,0.034,7997050
LIT,20200210,0.063,0.064,0.061,0.062,600714
LKE,20200210,0.043,0.043,0.038,0.039,3204696
LLC,20200210,18.1,18.1,17.66,17.95,683981
LLO,20200210,1.87,1.9,1.845,1.9,6500
LME,20200210,1.82,1.86,1.82,1.86,6994
LMG,20200210,0.014,0.014,0.013,0.013,47647
LML,20200210,0.005,0.005,0.005,0.005,433360
LNG,20200210,0.12,0.13,0.115,0.12,2895178
LNK,20200210,6.52,6.55,6.41,6.42,1748841
LNU,20200210,0.025,0.026,0.024,0.024,505935
LNY,20200210,0.006,0.006,0.004,0.004,37789188
LOM,20200210,0.115,0.13,0.115,0.13,908177
LON,20200210,0.15,0.15,0.15,0.15,9880
LOV,20200210,11.51,11.55,11.21,11.29,144775
LPD,20200210,0.013,0.013,0.013,0.013,2777659
LPE,20200210,0.55,0.55,0.525,0.525,16347
LPI,20200210,0.32,0.32,0.295,0.295,257266
LSA,20200210,0.006,0.006,0.006,0.006,400000
LSF,20200210,1.465,1.465,1.445,1.46,904206
LSH,20200210,0.033,0.033,0.033,0.033,20000
LSR,20200210,0.011,0.011,0.01,0.01,3576892
LTR,20200210,0.091,0.105,0.091,0.1,18564352
LVE,20200210,0.04,0.04,0.04,0.04,21250
LVH,20200210,0.215,0.215,0.215,0.215,76722
LVT,20200210,0.34,0.37,0.335,0.36,8554279
LYC,20200210,2.22,2.22,2.17,2.18,2315015
LYL,20200210,6.1,6.1,6,6,516471
M7T,20200210,0.875,0.945,0.875,0.9,1230312
M8S,20200210,0.175,0.175,0.17,0.17,58384
MA1,20200210,1.035,1.035,1.03,1.03,51306
MAD,20200210,1.07,1.07,1.07,1.07,10000
MAG,20200210,0.385,0.385,0.335,0.35,660360
MAH,20200210,0.285,0.29,0.285,0.285,1099203
MAI,20200210,0.665,0.665,0.655,0.655,67420
MAN,20200210,0.016,0.016,0.016,0.016,375750
MAQ,20200210,26.7,28.55,26.67,26.9,19516
MAT,20200210,0.135,0.135,0.135,0.135,106000
MAU,20200210,0.65,0.66,0.64,0.66,54534
MAY,20200210,0.01,0.01,0.009,0.009,318906
MCA,20200210,0.145,0.15,0.145,0.145,309095
MCE,20200210,0.34,0.34,0.34,0.34,1664
MCM,20200210,0.465,0.465,0.465,0.465,7
MCP,20200210,2.84,2.9,2.79,2.88,1154111
MCR,20200210,0.67,0.67,0.645,0.645,1005412
MCT,20200210,0.005,0.005,0.005,0.005,1076000
MCY,20200210,5.03,5.03,4.91,4.91,4785
MDC,20200210,0.31,0.31,0.29,0.29,177952
MDI,20200210,0.004,0.004,0.004,0.004,350860
MDR,20200210,0.48,0.51,0.48,0.495,119450
MEA,20200210,0.31,0.31,0.31,0.31,5000
MEB,20200210,0.008,0.008,0.008,0.008,1817666
MEC,20200210,0.96,0.96,0.96,0.96,12565
MEI,20200210,0.024,0.027,0.024,0.024,4614890
MEL,20200210,0.044,0.044,0.042,0.042,163252
MEM,20200210,0.071,0.072,0.068,0.07,534003
MEP,20200210,0.042,0.044,0.04,0.041,2211661
MEU,20200210,0.037,0.039,0.037,0.038,1268095
MEY,20200210,0.066,0.066,0.066,0.066,1853
MEZ,20200210,5.21,5.22,5.18,5.21,7952
MFD,20200210,1.11,1.115,1.11,1.115,120629
MFF,20200210,3.65,3.67,3.64,3.67,237935
MFG,20200210,69.69,71.17,69.1,70.61,332254
MGC,20200210,0.435,0.435,0.435,0.435,128890
MGE,20200210,4.35,4.35,4.33,4.34,729539
MGG,20200210,2.1,2.12,2.08,2.09,509146
MGR,20200210,3.43,3.44,3.32,3.32,12672374
MGV,20200210,0.097,0.11,0.096,0.105,3813539
MGX,20200210,0.87,0.87,0.835,0.845,2095560
MHC,20200210,0.005,0.005,0.005,0.005,2328082
MHG,20200210,3.74,3.74,3.73,3.73,1275
MHH,20200210,1.705,1.71,1.69,1.7,882254
MHI,20200210,0.125,0.125,0.125,0.125,48214
MHJ,20200210,0.62,0.64,0.61,0.61,49012
MIL,20200210,0.535,0.535,0.505,0.53,56401
MIN,20200210,17.03,17.1,16.48,16.85,1499934
MIO,20200210,0.22,0.22,0.215,0.22,15500
MIR,20200210,2.62,2.65,2.62,2.65,25915
MLD,20200210,0.905,0.915,0.885,0.89,472275
MLL,20200210,0.08,0.08,0.078,0.078,492278
MLS,20200210,0.002,0.002,0.001,0.001,395000
MLT,20200210,5.08,5.09,5.01,5.02,260099
MLX,20200210,0.081,0.083,0.08,0.083,1406132
MME,20200210,1.8,1.845,1.74,1.74,114240
MMI,20200210,0.145,0.15,0.145,0.145,1046500
MMJ,20200210,0.125,0.125,0.125,0.125,31462
MML,20200210,0.755,0.765,0.75,0.755,145620
MMM,20200210,0.31,0.31,0.3,0.3,844973
MMS,20200210,12.23,12.33,12.01,12.05,235418
MND,20200210,17.11,17.13,16.7,16.74,448713
MNF,20200210,4.93,4.94,4.83,4.9,161377
MNS,20200210,0.105,0.11,0.1,0.105,396618
MNY,20200210,2.51,2.55,2.505,2.55,439721
MOB,20200210,0.095,0.095,0.095,0.095,36000
MOC,20200210,1.34,1.365,1.315,1.33,132552
MOE,20200210,5.89,5.9,5.77,5.82,69152
MOQ,20200210,0.21,0.21,0.21,0.21,3158
MOT,20200210,2.08,2.09,2.08,2.08,89848
MOZ,20200210,1.68,1.68,1.61,1.62,80081
MP1,20200210,11.05,11.14,10.86,11.1,284964
MPL,20200210,3.05,3.06,3.03,3.05,9249420
MPW,20200210,0.081,0.081,0.08,0.08,520451
MQG,20200210,147.37,147.55,145.93,146.34,607588
MQR,20200210,0.055,0.055,0.055,0.055,12863
MRC,20200210,0.28,0.28,0.28,0.28,450097
MRD,20200210,0.003,0.003,0.002,0.002,1161682
MRM,20200210,0.16,0.16,0.155,0.155,664526
MRQ,20200210,0.012,0.012,0.01,0.01,6862214
MRZ,20200210,0.23,0.275,0.22,0.22,273868
MSB,20200210,2.92,2.92,2.83,2.89,1303743
MSE,20200210,0.013,0.014,0.013,0.014,2853383
MSG,20200210,0.018,0.018,0.017,0.018,4275450
MSM,20200210,0.012,0.012,0.012,0.012,475567
MSR,20200210,0.002,0.002,0.002,0.002,390000
MTC,20200210,0.047,0.047,0.047,0.047,376130
MTH,20200210,0.011,0.011,0.01,0.01,3806199
MTO,20200210,1.75,1.825,1.75,1.825,53007
MTS,20200210,2.63,2.67,2.61,2.66,4675759
MVA,20200210,26.5,26.64,26.5,26.55,28476
MVB,20200210,26.89,27.27,26.89,27.22,1300
MVE,20200210,30.31,30.38,30.31,30.34,701
MVF,20200210,1,1,0.99,0.995,195861
MVP,20200210,10.63,10.63,10.13,10.41,197359
MVR,20200210,29.6,29.63,29.51,29.63,4998
MVS,20200210,20.69,20.74,20.69,20.71,1096
MVW,20200210,32,32.09,31.8,32.09,39943
MWR,20200210,0.19,0.19,0.18,0.19,616118
MWY,20200210,1.73,1.73,1.66,1.665,47929
MX1,20200210,0.145,0.15,0.145,0.15,101524
MXC,20200210,0.033,0.033,0.032,0.032,1216683
MXI,20200210,0.21,0.21,0.21,0.21,5309
MXR,20200210,0.038,0.04,0.038,0.04,41192
MXT,20200210,2.03,2.03,2.02,2.02,940801
MYE,20200210,0.93,0.94,0.93,0.94,43466
MYL,20200210,0.048,0.049,0.048,0.048,2179987
MYR,20200210,0.43,0.43,0.41,0.43,1539329
MYS,20200210,5.75,5.77,5.65,5.65,107320
MYX,20200210,0.42,0.425,0.405,0.425,5371216
N1H,20200210,0.084,0.084,0.084,0.084,63
NAB,20200210,25.84,25.905,25.71,25.78,4591595
NAC,20200210,0.99,0.99,0.985,0.985,25012
NAG,20200210,0.048,0.048,0.048,0.048,3963
NAM,20200210,0.35,0.37,0.345,0.37,101312
NAN,20200210,7.34,7.4,7.19,7.4,821051
NBI,20200210,2.06,2.06,2.05,2.06,320641
NCC,20200210,1.075,1.09,1.07,1.08,120244
NCK,20200210,8.3,8.35,7.85,7.9,764284
NCL,20200210,0.028,0.03,0.028,0.03,25000
NCM,20200210,29.35,29.685,28.89,29.62,2544913
NCR,20200210,0.012,0.013,0.011,0.012,4653802
NCZ,20200210,0.215,0.22,0.182,0.19,5002966
NDQ,20200210,23.88,23.92,23.75,23.82,127492
NEA,20200210,1.93,1.95,1.885,1.9,3217461
NEC,20200210,1.85,1.88,1.845,1.85,7143364
NES,20200210,0.037,0.037,0.03,0.033,289865
NET,20200210,0.081,0.081,0.071,0.071,5302092
NEU,20200210,2.93,3,2.92,2.95,60440
NEW,20200210,1.23,1.23,1.19,1.195,243158
NGE,20200210,0.665,0.665,0.63,0.63,41683
NGI,20200210,3.2,3.26,3.13,3.17,196872
NHC,20200210,1.88,1.915,1.875,1.88,962118
NHF,20200210,5.44,5.44,5.34,5.38,1176018
NIC,20200210,0.585,0.59,0.57,0.575,1970749
NML,20200210,0.105,0.11,0.105,0.105,1117390
NMT,20200210,0.23,0.235,0.22,0.22,885604
NNW,20200210,0.068,0.07,0.068,0.068,150000
NOR,20200210,0.048,0.048,0.047,0.047,3445
NOV,20200210,0.19,0.19,0.19,0.19,80562
NOX,20200210,0.22,0.22,0.21,0.215,78046
NSB,20200210,0.165,0.165,0.16,0.16,34303
NSC,20200210,0.7,0.705,0.7,0.705,41500
NSR,20200210,2.15,2.16,2.13,2.14,1263736
NST,20200210,13.51,13.87,13.47,13.62,4267870
NTD,20200210,0.395,0.41,0.39,0.4,250674
NTL,20200210,0.006,0.006,0.006,0.006,286788
NTM,20200210,0.078,0.081,0.078,0.08,554517
NTO,20200210,1.67,1.7,1.655,1.67,108281
NTU,20200210,0.047,0.048,0.044,0.045,3128839
NUC,20200210,3.41,3.45,3.36,3.4,67288
NUF,20200210,5.7,5.83,5.66,5.78,748114
NUH,20200210,0.028,0.03,0.028,0.03,331144
NUS,20200210,0.29,0.29,0.285,0.285,75400
NVA,20200210,0.039,0.04,0.038,0.039,2086770
NVL,20200210,3.66,3.67,3.66,3.665,708746
NVO,20200210,0.017,0.017,0.016,0.016,923044
NVX,20200210,0.44,0.44,0.44,0.44,19418
NWC,20200210,0.014,0.014,0.012,0.012,1824120
NWE,20200210,0.004,0.005,0.004,0.005,3672751
NWF,20200210,0.15,0.15,0.15,0.15,13577
NWH,20200210,2.93,2.97,2.895,2.95,1835082
NWL,20200210,8.17,8.17,7.94,8,118559
NWS,20200210,21.55,21.93,21.22,21.66,200502
NXE,20200210,0.009,0.009,0.009,0.009,251000
NXS,20200210,2.47,2.48,2.34,2.34,66142
NXT,20200210,7.7,7.77,7.65,7.77,1174101
NYR,20200210,0.215,0.215,0.2,0.21,142944
NZC,20200210,0.36,0.365,0.36,0.362,511504
NZK,20200210,2.12,2.13,2.01,2.01,1989
NZM,20200210,0.38,0.38,0.38,0.38,9000
NZS,20200210,0.011,0.011,0.011,0.011,222077
OAR,20200210,0.003,0.003,0.003,0.003,4067577
OAU,20200210,0.021,0.021,0.02,0.02,125101
OBM,20200210,0.185,0.19,0.185,0.185,61155
OCC,20200210,0.495,0.5,0.485,0.49,211826
OCL,20200210,6.46,6.59,6.4,6.5,18326
ODA,20200210,0.195,0.2,0.195,0.2,20000
OEC,20200210,0.6,0.6,0.51,0.55,503235
OEL,20200210,0.027,0.027,0.024,0.024,7806360
OFX,20200210,1.48,1.505,1.405,1.405,264091
OGA,20200210,0.115,0.12,0.115,0.12,64503
OGC,20200210,2.84,2.87,2.8,2.83,516697
OIL,20200210,0.032,0.032,0.031,0.031,349550
OKJ,20200210,0.031,0.031,0.03,0.03,79092
OKR,20200210,0.09,0.09,0.077,0.077,23257
OKU,20200210,0.245,0.255,0.24,0.24,392604
OLH,20200210,0.1,0.1,0.1,0.1,50000
OLI,20200210,0.093,0.093,0.09,0.091,182178
OLL,20200210,0.22,0.22,0.21,0.21,144438
OMH,20200210,0.42,0.425,0.415,0.42,52502
OML,20200210,3.24,3.26,3.13,3.17,1143488
ONT,20200210,6.31,6.31,6.23,6.23,7194
ONX,20200210,0.061,0.061,0.055,0.061,438300
OOO,20200210,13.1,13.1,12.84,12.92,193659
OPC,20200210,4.48,4.55,4.45,4.55,33075
OPH,20200210,2.71,2.72,2.68,2.68,29443
OPL,20200210,0.15,0.15,0.15,0.15,10000
OPT,20200210,3.48,3.48,3.3,3.39,239174
OPY,20200210,1.295,1.295,1.23,1.23,132075
ORA,20200210,3.21,3.21,3.125,3.14,4731928
ORE,20200210,3.34,3.44,3.27,3.42,1810781
ORG,20200210,7.7,7.7,7.59,7.61,6085039
ORI,20200210,22.3,22.375,22.11,22.27,712125
ORN,20200210,0.019,0.02,0.019,0.02,219420
ORR,20200210,0.42,0.43,0.42,0.43,86481
OSH,20200210,6.33,6.36,6.18,6.36,12444679
OSL,20200210,0.185,0.205,0.185,0.19,2614518
OSP,20200210,0.02,0.021,0.019,0.019,3372308
OSX,20200210,0.62,0.635,0.61,0.615,117751
OTW,20200210,4.51,4.51,4.42,4.42,28122
OVH,20200210,0.32,0.325,0.315,0.315,293165
OVL,20200210,0.008,0.008,0.008,0.008,1095293
OVN,20200210,0.4,0.4,0.395,0.4,51314
OVT,20200210,0.046,0.049,0.045,0.045,51455
OZF,20200210,20.02,20.05,20.01,20.01,4261
OZG,20200210,0.175,0.175,0.175,0.175,8000
OZL,20200210,9.99,9.99,9.82,9.86,1751501
OZR,20200210,11.88,11.88,11.76,11.82,14601
P2P,20200210,0.065,0.065,0.065,0.065,10760
PAA,20200210,0.1,0.105,0.1,0.105,305027
PAB,20200210,0.018,0.018,0.018,0.018,309811
PAC,20200210,6.45,6.45,6.26,6.29,14349
PAF,20200210,0.9,0.92,0.9,0.9,102037
PAI,20200210,1.055,1.06,1.05,1.05,426654
PAK,20200210,0.023,0.023,0.023,0.023,160924
PAL,20200210,0.9,0.92,0.87,0.92,54619
PAN,20200210,0.235,0.235,0.215,0.23,1600163
PAR,20200210,4.23,4.23,4.09,4.16,497931
PBH,20200210,5.5,5.55,5.3,5.33,484479
PBP,20200210,2.45,2.48,2.4,2.44,147069
PCG,20200210,1.575,1.575,1.57,1.57,31238
PCH,20200210,0.001,0.001,0.001,0.001,113
PCI,20200210,1.15,1.15,1.14,1.15,343349
PCK,20200210,0.14,0.145,0.135,0.135,1410216
PDI,20200210,0.008,0.008,0.007,0.007,2000000
PDL,20200210,9.28,9.28,9.09,9.16,753263
PDN,20200210,0.086,0.09,0.084,0.086,7483915
PE1,20200210,1.46,1.46,1.41,1.41,235218
PEK,20200210,0.042,0.043,0.04,0.04,1320606
PEN,20200210,0.155,0.16,0.15,0.16,194338
PET,20200210,0.755,0.76,0.71,0.725,880726
PEX,20200210,0.22,0.225,0.22,0.225,136578
PFP,20200210,3.48,3.53,3.47,3.5,99448
PG1,20200210,0.12,0.125,0.115,0.125,298329
PGC,20200210,0.295,0.325,0.29,0.31,904297
PGF,20200210,1.24,1.24,1.225,1.225,291360
PGG,20200210,2.05,2.07,2.04,2.06,719517
PGH,20200210,2.62,2.64,2.58,2.58,475301
PGI,20200210,0.037,0.037,0.037,0.037,25000
PGL,20200210,2,2,1.98,1.995,28343
PGM,20200210,0.021,0.021,0.02,0.02,380000
PGX,20200210,0.395,0.4,0.39,0.4,106651
PIA,20200210,1.165,1.165,1.165,1.165,126353
PIC,20200210,1.07,1.075,1.055,1.055,292445
PIN,20200210,0.09,0.09,0.09,0.09,10000
PIO,20200210,0.013,0.013,0.012,0.012,392757
PKS,20200210,0.155,0.155,0.15,0.15,59850
PL8,20200210,1.19,1.19,1.18,1.18,275182
PLL,20200210,0.125,0.125,0.115,0.12,1350846
PLS,20200210,0.325,0.325,0.31,0.325,10403700
PLX,20200210,0.6,0.64,0.6,0.64,8186
PM1,20200210,0.019,0.02,0.018,0.019,15856798
PMC,20200210,1.58,1.58,1.535,1.54,518906
PME,20200210,26.19,26.62,26.15,26.43,223543
PMV,20200210,19.9,19.94,19.61,19.77,95900
PMY,20200210,0.006,0.006,0.005,0.005,986133
PNC,20200210,1.75,1.75,1.745,1.745,266616
PNI,20200210,5.86,5.98,5.74,5.94,1371517
PNN,20200210,0.003,0.003,0.002,0.002,900000
PNR,20200210,0.105,0.105,0.1,0.105,298419
PNV,20200210,2.98,2.98,2.85,2.88,2826976
PNX,20200210,0.006,0.007,0.006,0.007,2281600
PO3,20200210,2.8,2.89,2.7,2.89,12368
POD,20200210,0.038,0.038,0.038,0.038,250000
POS,20200210,0.033,0.033,0.033,0.033,1187513
POU,20200210,19.1,19.1,18.9,18.9,7202
PPC,20200210,1.31,1.31,1.28,1.3,133667
PPE,20200210,3.85,3.9,3.8,3.87,71170
PPG,20200210,0.11,0.11,0.11,0.11,3000
PPH,20200210,4.37,4.38,4.31,4.31,154424
PPK,20200210,6.35,6.76,6.27,6.28,130334
PPL,20200210,0.009,0.009,0.009,0.009,72000
PPS,20200210,0.51,0.52,0.472,0.485,3006689
PPT,20200210,42.56,42.81,42,42.41,157040
PRM,20200210,0.002,0.002,0.002,0.002,500000
PRN,20200210,1.49,1.535,1.48,1.515,2148776
PRO,20200210,0.8,0.81,0.78,0.81,580546
PRU,20200210,1.13,1.155,1.12,1.14,4154319
PRX,20200210,0.062,0.063,0.062,0.062,201380
PSC,20200210,0.175,0.18,0.175,0.175,14585
PSI,20200210,3.2,3.2,3.2,3.2,23208
PSQ,20200210,1.83,1.84,1.81,1.84,11509
PSZ,20200210,0.028,0.028,0.027,0.027,376170
PTB,20200210,0.88,0.88,0.865,0.865,233827
PTM,20200210,4.8,4.8,4.65,4.77,1921943
PTR,20200210,0.05,0.065,0.05,0.065,1451270
PTX,20200210,0.05,0.05,0.046,0.049,1603649
PUA,20200210,0.011,0.012,0.011,0.012,805911
PUR,20200210,0.006,0.006,0.005,0.005,372389
PWG,20200210,1.375,1.375,1.375,1.375,15000
PWH,20200210,4.66,4.73,4.65,4.67,56603
PWL,20200210,0.16,0.16,0.16,0.16,32426
PWN,20200210,0.006,0.006,0.006,0.006,1000000
PXS,20200210,0.11,0.12,0.11,0.11,712067
PXX,20200210,0.032,0.032,0.032,0.032,337844
PYC,20200210,0.06,0.062,0.059,0.061,1599536
QAG,20200210,5.52,5.52,5.52,5.52,1000
QAN,20200210,6.51,6.52,6.36,6.42,7745619
QAU,20200210,15.8,15.83,15.74,15.78,65806
QBE,20200210,14.02,14.09,13.91,14.05,2126887
QCB,20200210,7.65,7.66,7.65,7.66,1002
QFE,20200210,0.35,0.35,0.33,0.33,224408
QFN,20200210,11.15,11.17,11.14,11.17,6800
QFY,20200210,0.004,0.004,0.003,0.003,3367837
QGL,20200210,0.05,0.051,0.05,0.05,72858
QHL,20200210,0.125,0.13,0.122,0.13,359978
QIP,20200210,1.31,1.31,1.28,1.28,82973
QMS,20200210,1.23,1.23,1.225,1.23,1299956
QOZ,20200210,14.08,14.08,14,14.07,20733
QRE,20200210,6.45,6.47,6.41,6.47,82244
QRI,20200210,1.635,1.64,1.62,1.64,384591
QTM,20200210,0.04,0.04,0.04,0.04,15000
QUB,20200210,3.46,3.47,3.42,3.43,1826193
QUS,20200210,40.7,40.72,40.65,40.66,1469
QVE,20200210,1.035,1.04,1.035,1.04,206624
RAC,20200210,0.28,0.285,0.265,0.265,318993
RAN,20200210,0.015,0.015,0.013,0.013,1090000
RAP,20200210,0.245,0.255,0.24,0.24,858082
RBL,20200210,1.1,1.185,1.09,1.17,524064
RBR,20200210,0.014,0.014,0.013,0.013,856074
RCB,20200210,20.86,20.86,20.81,20.81,9880
RCE,20200210,0.4,0.4,0.36,0.38,533417
RCL,20200210,0.35,0.35,0.35,0.35,10000
RDC,20200210,1.125,1.125,1.115,1.115,88116
RDF,20200210,0.64,0.64,0.64,0.64,26988
RDM,20200210,0.089,0.09,0.087,0.087,69587
RDS,20200210,0.008,0.008,0.006,0.006,87500
RDV,20200210,30.46,30.46,30.27,30.39,3079
RDY,20200210,2.21,2.22,2.07,2.07,50264
REA,20200210,114.89,115.05,108.76,114.56,438692
RED,20200210,0.29,0.31,0.285,0.295,3393865
REE,20200210,0.037,0.038,0.037,0.037,392000
REG,20200210,2.36,2.39,2.33,2.37,143754
REH,20200210,11.25,11.45,11.16,11.21,49088
REV,20200210,0.011,0.011,0.009,0.009,189349
REX,20200210,1.1,1.1,1.08,1.085,74038
REZ,20200210,0.015,0.015,0.015,0.015,288000
RF1,20200210,2.68,2.69,2.67,2.67,146398
RFF,20200210,1.855,1.9,1.855,1.885,556550
RFG,20200210,0.1,0.105,0.1,0.105,241498
RFN,20200210,0.003,0.003,0.003,0.003,5467204
RFR,20200210,0.115,0.115,0.115,0.115,100000
RFT,20200210,0.043,0.044,0.043,0.044,156573
RFX,20200210,0.043,0.044,0.042,0.042,485706
RGB,20200210,23.3,23.3,23.24,23.24,635
RGI,20200210,0.125,0.125,0.12,0.12,20000
RHC,20200210,79.9,79.97,78.9,79.28,266551
RHP,20200210,2.15,2.17,2.08,2.1,97459
RHT,20200210,0.22,0.225,0.205,0.21,852251
RHY,20200210,0.093,0.093,0.085,0.09,414459
RIC,20200210,1,1.01,0.985,0.99,217604
RIO,20200210,98,98.66,97.2,98.31,1096216
RKN,20200210,0.635,0.64,0.605,0.64,94361
RLE,20200210,0.028,0.028,0.026,0.026,344872
RLG,20200210,0.027,0.027,0.027,0.027,212479
RLT,20200210,1.33,1.35,1.33,1.35,35054
RMC,20200210,1.42,1.435,1.41,1.435,18443
RMD,20200210,25.55,25.665,25.48,25.53,718135
RML,20200210,0.065,0.069,0.06,0.069,1243763
RMP,20200210,0.011,0.011,0.011,0.011,402567
RMS,20200210,1.325,1.335,1.232,1.265,5654694
RMX,20200210,0.005,0.005,0.005,0.005,400190
RMY,20200210,0.57,0.585,0.57,0.58,300432
RND,20200210,2.27,2.31,2.25,2.3,6907
RNE,20200210,0.025,0.025,0.025,0.025,1782
RNO,20200210,0.16,0.16,0.16,0.16,6931
RNT,20200210,0.054,0.057,0.053,0.053,992739
RNU,20200210,0.01,0.01,0.01,0.01,623150
ROG,20200210,0.002,0.002,0.001,0.001,18249000
ROO,20200210,0.04,0.04,0.039,0.039,95115
RPM,20200210,0.18,0.19,0.18,0.185,244697
RRL,20200210,4.33,4.415,4.285,4.39,2277795
RSG,20200210,1.1,1.14,1.09,1.14,10046238
RSH,20200210,0.085,0.085,0.083,0.084,919061
RSM,20200210,21.5,21.5,21.49,21.49,3442
RTE,20200210,0.41,0.415,0.41,0.415,5037
RTG,20200210,0.085,0.085,0.085,0.085,110564
RTR,20200210,0.082,0.085,0.082,0.084,699291
RUL,20200210,1.1,1.1,1.08,1.09,124006
RVR,20200210,0.105,0.105,0.1,0.1,656458
RWC,20200210,4.73,4.735,4.66,4.68,1996124
RWD,20200210,0.165,0.165,0.16,0.165,45000
RXL,20200210,0.026,0.029,0.025,0.028,30620805
RXM,20200210,0.059,0.059,0.059,0.059,21400
RXP,20200210,0.475,0.49,0.465,0.465,204573
RYD,20200210,1.455,1.465,1.45,1.45,36775
RZI,20200210,0.98,0.99,0.95,0.97,205787
S2R,20200210,0.096,0.097,0.096,0.096,136359
S32,20200210,2.59,2.6,2.52,2.54,20989730
S66,20200210,0.57,0.57,0.55,0.55,11749
SAR,20200210,4.1,4.225,4.065,4.13,9123993
SBM,20200210,2.73,2.79,2.705,2.77,3689672
SBR,20200210,0.002,0.002,0.002,0.002,44400659
SBW,20200210,0.13,0.13,0.13,0.13,15000
SCG,20200210,3.88,3.9,3.86,3.86,14432198
SCI,20200210,0.008,0.008,0.008,0.008,60000
SCL,20200210,0.018,0.018,0.018,0.018,10000
SCN,20200210,0.03,0.033,0.03,0.033,457044
SCP,20200210,3.04,3.05,3.025,3.03,2138636
SCT,20200210,0.059,0.06,0.057,0.057,81286
SCU,20200210,0.018,0.018,0.016,0.016,996768
SDF,20200210,3.84,3.85,3.745,3.78,1764912
SDG,20200210,1.8,1.8,1.75,1.78,14265
SDI,20200210,0.85,0.85,0.85,0.85,34005
SDV,20200210,0.73,0.76,0.7,0.71,344878
SDX,20200210,0.036,0.036,0.036,0.036,100000
SE1,20200210,0.018,0.018,0.016,0.016,813664
SEC,20200210,1.8,1.835,1.8,1.815,47099
SEK,20200210,22.36,22.66,22.3,22.53,830160
SEN,20200210,0.065,0.067,0.065,0.067,346891
SEQ,20200210,0.2,0.2,0.195,0.195,224872
SES,20200210,0.08,0.08,0.08,0.08,40000
SF1,20200210,0.021,0.023,0.021,0.022,1357326
SFC,20200210,15.9,16,15.9,16,4785
SFG,20200210,0.072,0.072,0.066,0.071,1657661
SFR,20200210,5.15,5.16,5.04,5.1,1331711
SFX,20200210,0.195,0.195,0.17,0.17,939890
SFY,20200210,64.41,64.43,64.1,64.39,8950
SGC,20200210,0.033,0.033,0.032,0.032,335921
SGF,20200210,2.2,2.21,2.13,2.13,60811
SGH,20200210,1.05,1.07,1.025,1.04,25481
SGM,20200210,10.59,10.675,10.48,10.62,359832
SGP,20200210,4.95,4.95,4.9,4.92,3617617
SGQ,20200210,0.11,0.11,0.105,0.11,1140736
SGR,20200210,4.15,4.21,4.13,4.19,3491684
SHJ,20200210,0.925,0.955,0.92,0.955,26294
SHL,20200210,31.51,31.72,31.2,31.49,807963
SHM,20200210,0.72,0.745,0.715,0.715,40936
SHO,20200210,0.029,0.029,0.029,0.029,17580
SHV,20200210,9.27,9.29,9.02,9.1,272960
SI6,20200210,0.003,0.003,0.003,0.003,7038333
SIG,20200210,0.59,0.6,0.59,0.595,1312209
SIL,20200210,0.044,0.044,0.043,0.043,38192
SIQ,20200210,6.85,6.86,6.68,6.75,1170119
SIS,20200210,0.015,0.015,0.014,0.014,223417
SIT,20200210,0.059,0.059,0.059,0.059,1000000
SIV,20200210,0.63,0.63,0.62,0.62,16521
SKC,20200210,3.5,3.5,3.41,3.42,407151
SKF,20200210,0.19,0.19,0.185,0.19,80841
SKI,20200210,2.15,2.15,2.12,2.14,1766689
SKN,20200210,0.012,0.012,0.012,0.012,20000
SKO,20200210,4.75,4.75,4.55,4.67,119469
SKT,20200210,0.635,0.635,0.605,0.615,230634
SKY,20200210,0.265,0.365,0.2,0.225,25827641
SLC,20200210,0.85,0.88,0.845,0.855,1069218
SLF,20200210,14.83,14.91,14.81,14.9,62448
SLK,20200210,4.1,4.13,4.03,4.06,134738
SLR,20200210,1.62,1.657,1.605,1.635,5671452
SLX,20200210,0.355,0.405,0.35,0.365,232637
SLZ,20200210,0.074,0.074,0.074,0.074,10000
SM1,20200210,7.71,7.71,7.5,7.6,87515
SM8,20200210,0.058,0.058,0.055,0.057,731103
SMI,20200210,0.005,0.005,0.004,0.004,7069309
SMN,20200210,0.82,0.825,0.775,0.775,112777
SMP,20200210,0.69,0.695,0.675,0.68,1034699
SMR,20200210,0.94,0.94,0.925,0.925,55170
SMX,20200210,0.35,0.35,0.35,0.35,80300
SNC,20200210,0.83,0.83,0.83,0.83,64245
SND,20200210,0.485,0.485,0.485,0.485,17755
SNL,20200210,4.26,4.26,4.12,4.12,21519
SNS,20200210,0.125,0.135,0.125,0.135,248949
SNZ,20200210,8.54,8.54,8.49,8.49,1581
SO4,20200210,0.655,0.655,0.64,0.64,174477
SOL,20200210,20.88,20.96,20.64,20.72,287565
SOM,20200210,3.25,3.27,3.25,3.25,64315
SOP,20200210,0.046,0.046,0.046,0.046,10930
SOR,20200210,0.073,0.082,0.073,0.082,320202
SPK,20200210,4.54,4.56,4.495,4.54,910354
SPL,20200210,1.13,1.16,1.125,1.16,115611
SPQ,20200210,0.005,0.005,0.005,0.005,843524
SPT,20200210,0.53,0.55,0.52,0.52,663980
SPX,20200210,0.135,0.14,0.13,0.135,37830500
SPY,20200210,499.78,499.78,495,496.14,235
SPZ,20200210,0.23,0.235,0.23,0.235,256250
SRG,20200210,0.38,0.38,0.37,0.37,52886
SRH,20200210,0.18,0.18,0.18,0.18,79916
SRI,20200210,0.064,0.064,0.064,0.064,87255
SRK,20200210,0.053,0.054,0.053,0.053,73206
SRV,20200210,4.34,4.34,4.25,4.25,5017
SSG,20200210,0.66,0.66,0.655,0.655,78445
SSM,20200210,2.53,2.53,2.33,2.35,5471023
SSO,20200210,15.97,15.97,15.91,15.91,2365
ST1,20200210,0.185,0.19,0.17,0.17,30044
STA,20200210,0.1,0.11,0.1,0.11,327521
STG,20200210,1.26,1.28,1.235,1.28,30323
STM,20200210,0.011,0.011,0.009,0.01,6443297
STN,20200210,0.435,0.435,0.435,0.435,37920
STO,20200210,8.25,8.25,8.06,8.21,3805961
STW,20200210,64.94,65,64.54,64.77,83544
STX,20200210,0.17,0.177,0.165,0.165,15014884
SUD,20200210,0.057,0.06,0.055,0.055,32534
SUL,20200210,9.2,9.32,9.11,9.23,799237
SUN,20200210,12.64,12.65,12.47,12.51,2827027
SUP,20200210,0.011,0.011,0.011,0.011,1500000
SVA,20200210,0.024,0.027,0.024,0.026,316130
SVL,20200210,0.099,0.105,0.098,0.102,2892902
SVM,20200210,0.14,0.14,0.135,0.135,952293
SVS,20200210,0.23,0.23,0.23,0.23,1543
SVW,20200210,19.89,20.1,19.75,19.93,308034
SVY,20200210,0.705,0.71,0.682,0.7,303655
SW1,20200210,0.08,0.08,0.074,0.074,156715
SWF,20200210,0.15,0.15,0.145,0.15,572909
SWK,20200210,0.165,0.165,0.165,0.165,32250
SWM,20200210,0.245,0.265,0.24,0.245,4066633
SXA,20200210,0.056,0.056,0.056,0.056,2667
SXE,20200210,0.627,0.63,0.615,0.62,322049
SXL,20200210,0.84,0.85,0.815,0.82,2532846
SXY,20200210,0.31,0.32,0.305,0.32,1929808
SYA,20200210,0.014,0.014,0.014,0.014,2080392
SYD,20200210,8.6,8.62,8.5,8.52,4686058
SYI,20200210,29.84,29.87,29.68,29.77,3777
SYR,20200210,0.54,0.545,0.51,0.535,1401370
SZL,20200210,1.95,1.95,1.815,1.845,304341
TAH,20200210,4.61,4.63,4.59,4.61,2273665
TAM,20200210,0.04,0.042,0.04,0.04,961422
TAO,20200210,0.071,0.071,0.069,0.07,362199
TAP,20200210,0.105,0.11,0.105,0.105,68189
TAS,20200210,0.042,0.043,0.042,0.043,80000
TBL,20200210,0.41,0.41,0.4,0.4,50000
TBR,20200210,4.96,5.08,4.88,5.08,61142
TCL,20200210,16.15,16.215,16.06,16.1,2860669
TCN,20200210,0.038,0.038,0.038,0.038,130000
TD1,20200210,0.043,0.043,0.037,0.037,25502500
TDI,20200210,1.705,1.705,1.675,1.7,75435
TEG,20200210,0.045,0.048,0.045,0.047,1009009
TEK,20200210,0.28,0.28,0.27,0.27,105975
TER,20200210,0.285,0.3,0.285,0.3,34578
TFL,20200210,0.125,0.13,0.125,0.125,799242
TGA,20200210,0.225,0.225,0.215,0.215,267918
TGF,20200210,1.79,1.8,1.76,1.76,92026
TGG,20200210,1.355,1.355,1.345,1.345,194888
TGH,20200210,0.14,0.15,0.14,0.15,77455
TGO,20200210,0.15,0.15,0.15,0.15,20000
TGP,20200210,1.1,1.125,1.1,1.12,82100
TGR,20200210,4.21,4.23,4.14,4.14,662309
THC,20200210,0.38,0.385,0.375,0.38,285815
THR,20200210,0.006,0.006,0.006,0.006,288888
TIE,20200210,0.295,0.322,0.29,0.32,1543491
TIG,20200210,0.009,0.009,0.009,0.009,41353
TIP,20200210,0.69,0.69,0.68,0.68,28106
TKL,20200210,0.007,0.007,0.007,0.007,4866
TKM,20200210,0.019,0.019,0.019,0.019,30000
TLG,20200210,0.455,0.465,0.45,0.455,270001
TLM,20200210,0.078,0.082,0.078,0.082,143896
TLS,20200210,3.79,3.845,3.78,3.82,18240458
TLT,20200210,3.28,3.28,3.28,3.28,3424
TLX,20200210,1.442,1.455,1.44,1.45,534338
TMG,20200210,0.052,0.052,0.052,0.052,16327
TMR,20200210,0.2,0.21,0.2,0.21,334982
TMT,20200210,0.125,0.13,0.12,0.125,447766
TNE,20200210,8.72,8.735,8.55,8.62,834970
TNG,20200210,0.085,0.085,0.084,0.084,106131
TNK,20200210,1.29,1.3,1.28,1.28,20749
TNR,20200210,0.009,0.009,0.009,0.009,620000
TNT,20200210,0.067,0.069,0.064,0.069,6339894
TNY,20200210,1.745,1.76,1.71,1.72,240489
TOE,20200210,0.008,0.008,0.007,0.008,175000
TON,20200210,0.037,0.038,0.036,0.037,370047
TOP,20200210,0.655,0.655,0.645,0.645,120286
TOT,20200210,1.065,1.065,1.06,1.06,112233
TOU,20200210,0.068,0.068,0.061,0.061,44448
TPD,20200210,0.002,0.002,0.002,0.002,1300000
TPM,20200210,7.45,7.45,7.35,7.35,512672
TPP,20200210,0.075,0.075,0.072,0.072,59236
TPS,20200210,0.145,0.145,0.145,0.145,19997
TPW,20200210,4.08,4.17,4.01,4.1,237644
TRL,20200210,0.002,0.002,0.002,0.002,500000
TRS,20200210,4.46,4.54,4.29,4.36,97916
TRY,20200210,0.092,0.092,0.09,0.092,257585
TSC,20200210,0.008,0.01,0.008,0.009,20535601
TSL,20200210,0.041,0.042,0.039,0.04,3270521
TSO,20200210,0.028,0.028,0.025,0.026,3864839
TTB,20200210,0.665,0.715,0.665,0.715,77375
TTI,20200210,0.013,0.013,0.013,0.013,474094
TTM,20200210,0.12,0.12,0.115,0.12,326111
TTT,20200210,0.9,0.915,0.82,0.86,452390
TWD,20200210,3.44,3.45,3.44,3.45,5800
TWE,20200210,11.88,11.96,11.65,11.77,5508815
TWR,20200210,0.675,0.68,0.675,0.68,853
TYM,20200210,0.03,0.03,0.03,0.03,48310
TYR,20200210,4.25,4.3,4.13,4.27,1772072
TZL,20200210,0.099,0.099,0.098,0.099,65000
UBA,20200210,23.11,23.2,23.09,23.18,4518
UBE,20200210,24.89,24.89,24.89,24.89,186
UBI,20200210,0.18,0.185,0.18,0.185,61450
UBN,20200210,0.065,0.065,0.063,0.064,331562
UBP,20200210,29.79,29.93,29.79,29.93,533
UBW,20200210,32.19,32.19,32.12,32.16,3015
UCM,20200210,0.33,0.53,0.325,0.48,9116051
UCW,20200210,0.225,0.23,0.225,0.23,175933
UNV,20200210,0.25,0.25,0.24,0.245,316563
UOS,20200210,0.83,0.855,0.825,0.855,167200
URF,20200210,0.49,0.49,0.44,0.44,551324
URW,20200210,9.99,10.04,9.92,9.92,446830
USD,20200210,14.57,14.58,14.5,14.51,55148
UUV,20200210,0.002,0.002,0.002,0.002,250000
UWL,20200210,1.59,1.59,1.52,1.54,179026
VAE,20200210,71.54,71.54,70,70.89,35557
VAF,20200210,52.59,52.63,52.49,52.53,61371
VAH,20200210,0.14,0.145,0.14,0.145,178141
VAL,20200210,0.002,0.002,0.002,0.002,90000
VAN,20200210,0.135,0.15,0.135,0.14,277104
VAP,20200210,95.17,95.48,94.85,95.02,41800
VAR,20200210,0.03,0.03,0.029,0.029,139750
VAS,20200210,88.92,88.93,88.33,88.63,103202
VCF,20200210,51,51.22,50.96,51.19,93163
VCX,20200210,2.54,2.55,2.52,2.54,6604353
VEA,20200210,1.68,1.685,1.64,1.685,3749599
VEE,20200210,0.48,0.48,0.48,0.48,5500
VEN,20200210,0.155,0.155,0.15,0.15,143334
VEQ,20200210,62.3,62.3,62.01,62.02,4746
VEU,20200210,80.46,80.46,79.21,79.5,25411
VG1,20200210,2.25,2.29,2.25,2.29,514345
VG8,20200210,2.3,2.3,2.28,2.28,109246
VGB,20200210,53.6,53.62,53.48,53.51,41223
VGE,20200210,71.94,72.2,71.37,71.98,17893
VGI,20200210,12.2,12.32,11.97,12.2,8607
VGL,20200210,3.29,3.29,3.04,3.05,25691
VGS,20200210,86.73,86.85,86.4,86.48,53943
VHT,20200210,1.77,1.775,1.73,1.765,353875
VHY,20200210,61.89,62.34,61.55,61.73,79572
VIF,20200210,51.08,51.1,51,51.06,7325
VLC,20200210,71.5,71.63,71.29,71.63,4467
VLT,20200210,0.29,0.29,0.285,0.29,201532
VMC,20200210,0.18,0.185,0.18,0.185,173783
VML,20200210,0.009,0.009,0.009,0.009,1762707
VMS,20200210,0.013,0.013,0.013,0.013,258686
VMT,20200210,0.295,0.305,0.28,0.285,265400
VMX,20200210,0.28,0.28,0.28,0.28,1712
VMY,20200210,0.044,0.044,0.044,0.044,106667
VOC,20200210,3.39,3.41,3.35,3.41,792901
VOL,20200210,1.64,1.64,1.61,1.61,9733
VOR,20200210,0.007,0.008,0.007,0.008,2837915
VPR,20200210,0.001,0.001,0.001,0.001,29676672
VR1,20200210,0.022,0.023,0.02,0.023,1321158
VR8,20200210,0.022,0.022,0.022,0.022,227800
VRC,20200210,0.012,0.013,0.012,0.012,1313786
VRL,20200210,3.92,3.96,3.92,3.95,213058
VRS,20200210,0.066,0.066,0.065,0.066,400000
VRT,20200210,4.36,4.39,4.21,4.23,186801
VRX,20200210,0.1,0.105,0.098,0.098,844891
VSO,20200210,61.77,61.85,61.56,61.79,3426
VTG,20200210,1.175,1.225,1.175,1.19,167919
VTH,20200210,0.78,0.785,0.78,0.785,10023
VTI,20200210,0.041,0.041,0.038,0.038,1063074
VTS,20200210,252.41,252.75,251.25,251.78,12484
VUK,20200210,3.4,3.465,3.38,3.43,3567836
VUL,20200210,0.215,0.235,0.215,0.22,90363
VVA,20200210,2.84,2.9,2.82,2.85,24580
VVR,20200210,2.76,2.78,2.73,2.73,1131640
VXR,20200210,0.1,0.1,0.098,0.098,496402
VYS,20200210,0.063,0.064,0.063,0.064,385185
WAA,20200210,1.08,1.085,1.065,1.08,41872
WAF,20200210,0.465,0.5,0.465,0.495,3595681
WAM,20200210,2.27,2.3,2.27,2.3,807720
WAT,20200210,2.25,2.25,2.25,2.25,1000
WAX,20200210,1.435,1.46,1.435,1.45,106826
WBC,20200210,25.01,25.11,24.87,24.97,3128685
WBE,20200210,0.009,0.009,0.008,0.008,690088
WBT,20200210,0.39,0.4,0.35,0.37,267354
WCN,20200210,0.004,0.004,0.004,0.004,500000
WEB,20200210,12.5,12.675,12.45,12.64,853087
WEC,20200210,0.072,0.072,0.072,0.072,20000
WEL,20200210,0.048,0.05,0.048,0.05,139599
WES,20200210,45.84,45.87,45.28,45.74,995489
WGB,20200210,2.23,2.24,2.23,2.23,130372
WGN,20200210,1.995,1.995,1.9,1.92,369937
WGO,20200210,0.195,0.2,0.19,0.2,520049
WGX,20200210,2.22,2.23,2.18,2.21,823257
WHC,20200210,2.59,2.6,2.5,2.57,6759017
WHF,20200210,5.4,5.4,5.37,5.39,13777
WHK,20200210,0.078,0.081,0.074,0.075,182903
WIC,20200210,1.11,1.12,1.11,1.12,43396
WKT,20200210,0.185,0.185,0.185,0.185,63518
WLD,20200210,0.06,0.062,0.06,0.062,209561
WLE,20200210,1.27,1.285,1.27,1.285,537064
WMI,20200210,1.495,1.5,1.49,1.49,93612
WML,20200210,0.017,0.017,0.017,0.017,41700
WNB,20200210,0.005,0.005,0.005,0.005,9612000
WND,20200210,0.89,0.89,0.89,0.89,96869
WNR,20200210,0.28,0.28,0.28,0.28,7100
WOA,20200210,0.15,0.16,0.14,0.14,210000
WOR,20200210,14.64,14.64,14.41,14.53,1329596
WOW,20200210,43,43.2,42.58,43.11,2042101
WPL,20200210,33.72,33.78,33.37,33.56,1775007
WPP,20200210,0.545,0.55,0.54,0.54,230659
WQG,20200210,1.23,1.245,1.227,1.235,157077
WRM,20200210,0.005,0.005,0.005,0.005,500000
WSA,20200210,2.49,2.5,2.405,2.49,2711518
WSI,20200210,0.022,0.022,0.022,0.022,63695
WSP,20200210,1.42,1.43,1.405,1.43,50419
WTC,20200210,28.1,28.18,27.34,27.65,718533
WWG,20200210,0.165,0.17,0.155,0.155,176014
WWI,20200210,0.014,0.014,0.013,0.014,2116575
WZR,20200210,0.31,0.33,0.3,0.315,7538255
XAM,20200210,0.035,0.035,0.034,0.034,147909
XCD,20200210,0.01,0.01,0.01,0.01,1658523
XF1,20200210,0.235,0.27,0.235,0.27,88379
XPE,20200210,0.001,0.001,0.001,0.001,10715258
XPL,20200210,0.097,0.1,0.097,0.1,375000
XRF,20200210,0.23,0.235,0.23,0.23,124561
XRO,20200210,87,87.07,85.52,85.76,190996
XTC,20200210,0.002,0.002,0.002,0.002,7500000
XTD,20200210,0.04,0.04,0.04,0.04,40000
XTE,20200210,0.58,0.585,0.55,0.55,53639
YAL,20200210,2.86,2.89,2.86,2.89,4070
YOJ,20200210,0.047,0.047,0.044,0.044,1483370
YOW,20200210,0.063,0.063,0.062,0.062,525347
YPB,20200210,0.004,0.004,0.004,0.004,225000
YRL,20200210,0.205,0.205,0.2,0.2,139258
Z1P,20200210,4.11,4.16,4.02,4.07,2061924
ZEL,20200210,4.21,4.29,4.18,4.19,126512
ZEN,20200210,0.697,0.7,0.69,0.7,107760
ZIM,20200210,12.09,12.21,12.09,12.18,1983
ZLD,20200210,0.056,0.056,0.055,0.055,485317
ZMI,20200210,0.056,0.056,0.055,0.055,37492
ZNO,20200210,1.11,1.355,1.1,1.345,10418083
XAF,20200210,6914,6917,6874.1,6906.9,0
XAO,20200210,7121.4,7122.4,7079.2,7108,0
XAT,20200210,6962.6,6964.4,6923.1,6953.6,0
XDJ,20200210,2820.4,2842,2811.7,2836,0
XEC,20200210,1588.4,1592,1582,1584.1,0
XEJ,20200210,11047.4,11051.2,10869,10945.3,0
XFJ,20200210,6260.4,6262.5,6219.7,6234.4,0
XFL,20200210,6972.8,6976.6,6933.5,6965.2,0
XGD,20200210,7029.5,7209.9,7017.2,7195.9,0
XHJ,20200210,46420.7,46838.4,46182.4,46742,0
XIJ,20200210,1587.8,1590.2,1568.1,1570.8,0
XJO,20200210,7022.6,7024.4,6982.6,7012.5,0
XJR,20200210,4861.7,4861.7,4800.8,4838.5,0
XKO,20200210,6976.4,6977.9,6936.6,6965.6,0
XMD,20200210,7558.6,7561.2,7511.1,7544.9,0
XMJ,20200210,13941.3,13941.3,13770.4,13864.1,0
XMM,20200210,4487.4,4487.4,4433.2,4472.5,0
XNJ,20200210,7152.2,7187.8,7139.9,7144.3,0
XPJ,20200210,1679.5,1692.5,1679.4,1683,0
XSJ,20200210,13371,13448.2,13307.9,13425.3,0
XSO,20200210,3009.3,3010.5,2986.2,2995.9,0
XTJ,20200210,1350.5,1359.7,1344.7,1354.3,0
XTL,20200210,3896,3899.3,3874.6,3892.2,0
XTO,20200210,5823.1,5824.9,5790.6,5816.1,0
XUJ,20200210,8088.4,8095.9,8041.4,8087.3,0
XXJ,20200210,6982.4,6984.8,6937.1,6953.4,0
