360,20200319,1.67,1.707,1.61,1.7,387050
14D,20200319,0.13,0.135,0.11,0.11,83400
1AD,20200319,0.051,0.054,0.05,0.054,372872
1AG,20200319,0.031,0.031,0.031,0.031,300000
1ST,20200319,0.024,0.025,0.023,0.025,254666
3DA,20200319,0.082,0.082,0.074,0.074,859549
3DP,20200319,0.024,0.024,0.015,0.018,7128332
3PL,20200319,0.735,0.765,0.735,0.745,44346
4DS,20200319,0.031,0.032,0.029,0.029,3843780
5GN,20200319,0.57,0.585,0.565,0.575,191018
88E,20200319,0.014,0.014,0.013,0.013,7728006
8CO,20200319,0.048,0.048,0.045,0.045,150000
9SP,20200319,0.012,0.013,0.01,0.011,3133033
A1G,20200319,0.041,0.041,0.041,0.041,1400
A2B,20200319,0.75,0.75,0.7,0.72,253033
A2M,20200319,15.25,16.4,15.23,15.87,10022507
A3D,20200319,0.085,0.085,0.081,0.081,103010
A4N,20200319,0.125,0.125,0.1,0.11,594307
AAA,20200319,50.1,50.1,50.09,50.09,228160
AAC,20200319,1.02,1.04,0.99,1.025,5853822
AAR,20200319,0.087,0.095,0.078,0.085,2515559
ABA,20200319,4.2,4.26,4.1,4.19,46274
ABC,20200319,2.18,2.23,1.847,1.9,6064400
ABP,20200319,2.52,2.68,2.52,2.6,7851877
ABR,20200319,0.225,0.225,0.18,0.18,1742380
ABX,20200319,0.086,0.086,0.086,0.086,152000
AC8,20200319,0.18,0.19,0.165,0.18,391486
ACB,20200319,0.005,0.005,0.005,0.005,1875
ACF,20200319,0.19,0.205,0.175,0.18,608306
ACQ,20200319,0.865,0.88,0.835,0.835,81335
ACR,20200319,0.115,0.125,0.11,0.11,97196
ACW,20200319,0.017,0.018,0.017,0.017,1199592
AD8,20200319,4.02,4.07,3.08,3.13,933603
ADA,20200319,0.38,0.395,0.37,0.37,103588
ADH,20200319,0.85,0.85,0.655,0.67,4860004
ADI,20200319,2.18,2.3,1.825,1.825,460645
ADJ,20200319,0.011,0.015,0.01,0.011,5101016
ADN,20200319,0.026,0.027,0.025,0.026,7648799
ADO,20200319,0.015,0.015,0.014,0.014,4491290
ADR,20200319,0.019,0.019,0.014,0.014,618205
ADT,20200319,0.89,0.945,0.81,0.84,688422
ADV,20200319,0.003,0.003,0.003,0.003,199999
ADX,20200319,0.005,0.005,0.004,0.004,4745268
ADY,20200319,0.005,0.005,0.005,0.005,3496
AEE,20200319,0.005,0.005,0.004,0.004,9517537
AEF,20200319,2.55,2.6,2.2,2.25,307852
AEG,20200319,1.03,1.03,0.98,1,103142
AEI,20200319,0.55,0.61,0.505,0.52,1626616
AFG,20200319,1.255,1.285,1.04,1.07,2344950
AFI,20200319,5.53,5.6,5.25,5.25,1352721
AFP,20200319,3.6,3.6,3.5,3.5,3020
AGD,20200319,0.14,0.14,0.14,0.14,4000
AGG,20200319,6,6,5.4,5.55,12299
AGH,20200319,0.18,0.2,0.155,0.155,2357882
AGI,20200319,0.49,0.535,0.45,0.45,238530
AGL,20200319,16.93,17.75,16.31,16.4,5842411
AGM,20200319,1.43,1.43,1.43,1.43,35344
AGS,20200319,0.094,0.094,0.093,0.093,100000
AGY,20200319,0.036,0.036,0.029,0.03,5817688
AHF,20200319,0.074,0.074,0.067,0.067,500268
AHQ,20200319,0.073,0.073,0.069,0.07,93361
AHX,20200319,0.4,0.4,0.385,0.39,60067
AHY,20200319,0.95,0.985,0.94,0.96,2418059
AHZ,20200319,4.39,4.39,3.7,3.7,2665
AIA,20200319,4.72,4.72,4.38,4.49,1071160
AIQ,20200319,0.091,0.091,0.091,0.091,3000
AIS,20200319,0.04,0.04,0.03,0.03,586274
AJC,20200319,0.001,0.001,0.001,0.001,10000000
AJL,20200319,0.05,0.05,0.045,0.045,130421
AJM,20200319,0.035,0.035,0.028,0.03,6377197
AJQ,20200319,0.03,0.03,0.028,0.028,286000
AJX,20200319,0.045,0.045,0.041,0.041,320271
AKG,20200319,0.34,0.34,0.31,0.31,87939
AKM,20200319,0.062,0.062,0.06,0.06,251939
AKP,20200319,11.8,11.8,10.8,11,6952
AL8,20200319,0.013,0.017,0.013,0.017,151341
ALC,20200319,0.115,0.115,0.105,0.11,2812370
ALF,20200319,0.85,0.85,0.82,0.82,525870
ALG,20200319,0.2,0.21,0.18,0.18,2204131
ALI,20200319,2.07,2.07,1.77,1.8,457222
ALL,20200319,18.53,19.48,17.56,18,6438486
ALQ,20200319,5.3,5.3,4.77,4.9,3854956
ALT,20200319,0.001,0.002,0.001,0.002,1134172
ALU,20200319,25.72,27.66,25.27,26.75,1723471
ALX,20200319,5.3,5.3,4.87,5.1,9583292
ALY,20200319,0.011,0.011,0.009,0.009,1419080
AMA,20200319,0.24,0.262,0.17,0.185,11919425
AMC,20200319,11.2,11.36,10.79,11.2,9870006
AME,20200319,0.054,0.054,0.054,0.054,465948
AMG,20200319,0.032,0.037,0.026,0.029,505444
AMH,20200319,0.795,0.795,0.735,0.76,235592
AMI,20200319,0.255,0.265,0.23,0.23,5523492
AML,20200319,0.084,0.084,0.063,0.063,1513578
AMN,20200319,0.25,0.25,0.22,0.22,15534
AMP,20200319,1.41,1.41,1.27,1.32,36498929
AMS,20200319,0.35,0.37,0.295,0.295,758553
AMT,20200319,0.16,0.16,0.16,0.16,138444
AMX,20200319,0.85,0.86,0.7,0.8,257703
ANA,20200319,0.005,0.005,0.004,0.004,890200
ANG,20200319,0.125,0.125,0.125,0.125,75000
ANL,20200319,0.001,0.002,0.001,0.002,2640000
ANN,20200319,23.87,24.52,21.96,22.5,1325034
ANP,20200319,0.038,0.039,0.034,0.034,1496623
ANR,20200319,0.2,0.2,0.2,0.2,2500
ANW,20200319,0.001,0.001,0.001,0.001,500000
ANZ,20200319,17.14,17.85,15,15,28350561
AO1,20200319,0.004,0.004,0.004,0.004,800000
AOF,20200319,2.35,2.35,1.945,2.03,523850
AON,20200319,0.015,0.015,0.012,0.012,220530
AOP,20200319,0.16,0.165,0.16,0.16,32012
APA,20200319,9.37,10.12,9.19,9.83,8107872
APC,20200319,0.067,0.067,0.065,0.065,110000
APD,20200319,0.47,0.48,0.405,0.445,305284
APE,20200319,4.34,4.42,3.74,3.9,2195129
APH,20200319,0.085,0.085,0.08,0.08,25000
API,20200319,1.18,1.195,1.135,1.145,2835128
APL,20200319,0.865,0.88,0.85,0.88,2529108
APT,20200319,12.9,13.09,9.57,9.9,17918363
APV,20200319,0.13,0.13,0.12,0.12,225000
APX,20200319,20.96,21.2,18.62,19.8,2411760
APZ,20200319,0.895,0.9,0.8,0.85,22459
AQG,20200319,4.8,5.3,4.79,5.26,1522306
AQI,20200319,0.039,0.039,0.03,0.032,819872
AQR,20200319,2.8,2.85,2.6,2.61,256278
AQX,20200319,0.015,0.019,0.014,0.017,4869247
AQZ,20200319,1.2,1.205,0.97,1.03,1140444
ARB,20200319,15.06,15.06,12.55,12.96,585318
ARD,20200319,0.01,0.011,0.01,0.01,1501931
ARF,20200319,1.8,1.8,1.41,1.475,2881535
ARG,20200319,6.8,6.85,6.18,6.43,830627
ARL,20200319,0.19,0.22,0.19,0.2,75181
ARM,20200319,0.006,0.006,0.006,0.006,2242855
ARN,20200319,0.09,0.09,0.081,0.081,95530
ARQ,20200319,0.079,0.079,0.073,0.075,239610
ARS,20200319,0.014,0.014,0.014,0.014,980670
ARU,20200319,0.058,0.058,0.05,0.053,2345783
ARV,20200319,0.021,0.021,0.02,0.02,1676579
ASB,20200319,2.86,2.86,2.63,2.66,5634469
ASG,20200319,1.08,1.08,0.912,0.912,83227
ASH,20200319,0.27,0.27,0.26,0.27,29947
ASN,20200319,0.018,0.02,0.018,0.018,760150
AST,20200319,1.72,1.77,1.685,1.725,15506507
ASW,20200319,0.65,0.65,0.6,0.6,2672
ASX,20200319,71.28,74.18,68.87,71,1117489
ATC,20200319,0.05,0.05,0.036,0.039,2011554
ATL,20200319,0.12,0.12,0.1,0.12,321957
ATP,20200319,0.006,0.006,0.006,0.006,121608
ATS,20200319,0.02,0.02,0.013,0.013,23245923
ATU,20200319,0.14,0.145,0.125,0.14,573127
ATX,20200319,0.045,0.047,0.045,0.045,143692
AU1,20200319,0.04,0.041,0.04,0.041,164324
AU8,20200319,0.035,0.038,0.032,0.032,1564822
AUB,20200319,10.75,12.54,10.75,11.85,665880
AUC,20200319,0.01,0.01,0.01,0.01,976159
AUH,20200319,0.002,0.002,0.002,0.002,1104775
AUI,20200319,7.25,7.25,6.88,6.88,48602
AUQ,20200319,0.019,0.02,0.018,0.018,539490
AUT,20200319,0.017,0.017,0.017,0.017,3564398
AUZ,20200319,0.009,0.009,0.009,0.009,2726600
AV1,20200319,0.082,0.088,0.076,0.081,1046040
AVA,20200319,0.1,0.1,0.1,0.1,8000
AVE,20200319,0.003,0.003,0.002,0.002,1310612
AVG,20200319,0.375,0.375,0.36,0.375,69118
AVH,20200319,0.36,0.38,0.325,0.34,37858871
AVJ,20200319,0.43,0.44,0.42,0.42,61831
AVL,20200319,0.009,0.009,0.008,0.008,2725925
AVN,20200319,1.84,1.92,1.56,1.6,1816950
AVZ,20200319,0.049,0.051,0.046,0.047,15049032
AWC,20200319,1.515,1.515,1.36,1.415,16976585
AWN,20200319,0.084,0.084,0.07,0.07,29174
AWV,20200319,0.007,0.007,0.006,0.006,120000
AWY,20200319,0.026,0.026,0.026,0.026,300000
AX1,20200319,0.885,0.905,0.665,0.685,4379164
AXE,20200319,0.17,0.17,0.15,0.17,214892
AXI,20200319,0.042,0.042,0.042,0.042,161500
AYS,20200319,0.25,0.265,0.25,0.25,624063
AZI,20200319,0.003,0.004,0.003,0.004,330975
AZJ,20200319,3.89,4.27,3.89,4.08,28109943
AZS,20200319,0.065,0.066,0.065,0.065,98481
AZV,20200319,0.065,0.065,0.065,0.065,354
AZY,20200319,0.011,0.011,0.011,0.011,3723921
BAF,20200319,0.68,0.68,0.655,0.68,234424
BAP,20200319,4.48,4.49,3.7,3.7,3084098
BAT,20200319,0.005,0.005,0.005,0.005,800000
BBC,20200319,0.45,0.45,0.42,0.45,153708
BBN,20200319,1.89,1.89,1.51,1.53,1128560
BBX,20200319,0.1,0.11,0.1,0.11,290000
BC8,20200319,0.24,0.24,0.24,0.24,8000
BCB,20200319,0.032,0.032,0.03,0.03,608214
BCC,20200319,0.2,0.2,0.19,0.19,27630
BCI,20200319,0.115,0.115,0.11,0.11,423186
BCN,20200319,0.028,0.028,0.027,0.027,1005574
BCT,20200319,0.06,0.074,0.06,0.074,185996
BD1,20200319,0.023,0.023,0.021,0.021,5501108
BDA,20200319,0.13,0.15,0.13,0.135,97166
BDC,20200319,0.054,0.054,0.045,0.045,2663524
BDG,20200319,0.068,0.068,0.062,0.064,646334
BEE,20200319,0.009,0.009,0.008,0.008,1171494
BEM,20200319,0.024,0.024,0.023,0.023,59387
BEN,20200319,6.37,6.39,6.02,6.11,5078091
BET,20200319,0.145,0.172,0.142,0.145,5788203
BFC,20200319,0.069,0.07,0.066,0.069,186590
BFG,20200319,0.71,0.71,0.62,0.63,651027
BGA,20200319,4.39,4.39,4.08,4.23,2187685
BGL,20200319,0.35,0.35,0.285,0.285,4081210
BGT,20200319,0.105,0.105,0.105,0.105,10000
BHL,20200319,0.12,0.12,0.12,0.12,11000
BHP,20200319,28.09,28.55,26.38,27.34,24811301
BID,20200319,0.5,0.5,0.44,0.47,250609
BIN,20200319,2.1,2.1,1.84,1.955,5717756
BIQ,20200319,0.006,0.006,0.006,0.006,633333
BIS,20200319,0.745,0.75,0.71,0.71,32678
BIT,20200319,0.09,0.094,0.076,0.078,7012193
BKI,20200319,1.29,1.3,1.19,1.21,723898
BKL,20200319,70.99,71.28,63.86,65.72,201838
BKT,20200319,0.03,0.031,0.028,0.028,235100
BKW,20200319,16.67,16.67,15.32,15.88,603144
BKY,20200319,0.125,0.125,0.125,0.125,2010
BLD,20200319,2.18,2.37,2.08,2.11,15752470
BLG,20200319,0.037,0.037,0.03,0.03,1197169
BLK,20200319,0.008,0.009,0.007,0.007,13537862
BLT,20200319,0.025,0.025,0.022,0.022,415298
BLU,20200319,0.02,0.02,0.014,0.015,11701046
BLV,20200319,0.215,0.215,0.215,0.215,1067
BLX,20200319,0.72,0.725,0.6,0.6,460591
BLY,20200319,0.53,0.535,0.53,0.53,6768
BLZ,20200319,0.007,0.008,0.006,0.008,1155857
BMN,20200319,0.021,0.021,0.017,0.019,8630043
BNL,20200319,0.004,0.004,0.004,0.004,250000
BNO,20200319,0.04,0.04,0.035,0.04,544546
BNR,20200319,0.017,0.017,0.015,0.015,185000
BOE,20200319,0.035,0.039,0.035,0.038,505853
BOQ,20200319,5.57,5.8,5.33,5.48,5434908
BOT,20200319,0.076,0.08,0.071,0.071,1507489
BPH,20200319,0.001,0.001,0.001,0.001,987500
BPL,20200319,0.011,0.011,0.011,0.011,142670
BPP,20200319,0.016,0.016,0.015,0.015,227759
BPT,20200319,1.03,1.08,0.955,0.97,27764390
BRB,20200319,0.11,0.125,0.1,0.1,477279
BRG,20200319,13.23,13.26,12.01,12.25,663766
BRK,20200319,0.004,0.004,0.004,0.004,609889
BRL,20200319,0.069,0.069,0.063,0.063,1233076
BRN,20200319,0.032,0.033,0.03,0.031,2330204
BRU,20200319,0.086,0.086,0.07,0.08,424118
BRV,20200319,0.016,0.017,0.016,0.016,1289708
BSA,20200319,0.285,0.29,0.285,0.285,202116
BSE,20200319,0.15,0.15,0.135,0.14,398722
BSL,20200319,9.99,10.4,8.93,9.01,5835800
BSM,20200319,0.003,0.003,0.003,0.003,5626747
BSR,20200319,0.013,0.013,0.011,0.011,3800000
BSX,20200319,0.093,0.094,0.08,0.08,672740
BTC,20200319,0.071,0.071,0.07,0.07,281451
BTH,20200319,0.36,0.36,0.265,0.265,2054937
BTI,20200319,0.71,0.71,0.65,0.65,208541
BUB,20200319,0.555,0.585,0.5,0.51,6151333
BUD,20200319,0.009,0.01,0.009,0.009,4878611
BUY,20200319,0.005,0.005,0.005,0.005,1446352
BVS,20200319,3.51,3.6,3.31,3.38,4423906
BWP,20200319,2.9,3.06,2.86,2.9,4112894
BWR,20200319,1.15,1.15,1.1,1.105,61213
BWX,20200319,2.86,2.87,2.53,2.57,474030
BXB,20200319,9.73,10.12,8.97,10.07,32296761
BYE,20200319,0.13,0.135,0.105,0.135,3543209
BYI,20200319,0.55,0.55,0.55,0.55,10800
C6C,20200319,0.38,0.38,0.36,0.37,8081
CAA,20200319,0.084,0.085,0.081,0.081,244112
CAD,20200319,0.001,0.001,0.001,0.001,500000
CAF,20200319,0.088,0.09,0.088,0.09,245011
CAG,20200319,0.325,0.325,0.32,0.32,134498
CAI,20200319,0.215,0.225,0.2,0.2,265287
CAJ,20200319,0.21,0.21,0.19,0.19,3830529
CAM,20200319,0.735,0.735,0.71,0.715,88666
CAN,20200319,0.65,0.73,0.63,0.63,493201
CAP,20200319,0.014,0.014,0.013,0.013,477460
CAR,20200319,12.47,12.685,11.66,11.7,2078103
CAT,20200319,0.655,0.7,0.55,0.65,1275069
CAU,20200319,0.095,0.095,0.08,0.08,370498
CAY,20200319,0.063,0.063,0.055,0.056,1138708
CAZ,20200319,0.019,0.019,0.018,0.019,1030696
CBA,20200319,66.19,68.5,60.45,60.95,10958660
CBE,20200319,0.09,0.09,0.09,0.09,105000
CBR,20200319,1.32,1.38,1.25,1.31,357752
CBY,20200319,0.093,0.093,0.092,0.092,115000
CCA,20200319,0.065,0.065,0.056,0.06,279846
CCE,20200319,0.001,0.001,0.001,0.001,3608739
CCG,20200319,0.044,0.044,0.044,0.044,3538
CCL,20200319,9.25,9.25,8.58,8.92,4961589
CCP,20200319,12.39,12.5,7.23,10.11,1607173
CCV,20200319,0.145,0.145,0.11,0.13,795727
CCX,20200319,1.5,1.6,1.125,1.3,1521433
CCZ,20200319,0.011,0.011,0.011,0.011,1000000
CDA,20200319,4.84,5.08,4.41,4.67,1181217
CDD,20200319,0.3,0.3,0.255,0.3,148434
CDM,20200319,0.415,0.415,0.35,0.35,1466403
CDP,20200319,3.75,3.75,3.3,3.3,21386
CDT,20200319,0.005,0.005,0.005,0.005,60000
CDV,20200319,0.29,0.31,0.265,0.29,690793
CDX,20200319,0.018,0.02,0.017,0.017,617260
CDY,20200319,0.085,0.099,0.085,0.099,41000
CE1,20200319,0.004,0.004,0.004,0.004,125000
CEL,20200319,0.099,0.115,0.085,0.085,5981582
CEN,20200319,5.51,5.51,5.21,5.21,857
CG1,20200319,0.16,0.175,0.15,0.175,228028
CGA,20200319,0.3,0.3,0.3,0.3,2756
CGB,20200319,0.007,0.01,0.007,0.008,2917596
CGC,20200319,2.95,3.09,2.86,2.98,5535178
CGF,20200319,4.26,4.3,2.89,3.28,15055295
CGL,20200319,1.58,1.61,1.3,1.3,542405
CGR,20200319,0.48,0.48,0.415,0.425,301093
CGS,20200319,0.355,0.355,0.345,0.345,38205
CHC,20200319,6.88,6.95,6.41,6.41,7225327
CHK,20200319,0.004,0.005,0.004,0.005,3483800
CHZ,20200319,0.054,0.054,0.047,0.047,342190
CI1,20200319,0.026,0.027,0.026,0.026,915454
CIA,20200319,1.45,1.52,1.415,1.46,3952011
CIE,20200319,0.71,0.71,0.62,0.62,68032
CII,20200319,1,1,1,1,13514
CIM,20200319,19.29,19.47,11.87,13,3991053
CIN,20200319,22,22,20.2,20.2,10794
CIO,20200319,0.001,0.002,0.001,0.002,1250149
CIP,20200319,2.7,2.85,2.68,2.7,1135927
CKA,20200319,0.03,0.03,0.026,0.027,544054
CKF,20200319,4.88,4.91,4.47,4.67,2589941
CL1,20200319,0.96,1.12,0.885,0.885,898813
CL8,20200319,0.009,0.009,0.009,0.009,428338
CLA,20200319,0.007,0.007,0.006,0.006,620700
CLB,20200319,0.05,0.05,0.04,0.04,320948
CLF,20200319,0.955,0.955,0.9,0.9,10023
CLQ,20200319,0.13,0.13,0.12,0.125,476318
CLT,20200319,0.1,0.11,0.1,0.11,3854
CLV,20200319,1.71,1.95,1.71,1.9,465485
CLW,20200319,4.22,4.28,3.86,3.93,3631470
CLX,20200319,0.595,0.6,0.595,0.6,13000
CLZ,20200319,0.001,0.001,0.001,0.001,18666666
CM8,20200319,0.016,0.016,0.015,0.015,636158
CML,20200319,0.006,0.007,0.006,0.007,392493
CMM,20200319,1.01,1.01,0.93,0.95,349638
CMP,20200319,0.35,0.36,0.33,0.36,153283
CMW,20200319,0.97,0.98,0.855,0.86,16112057
CNI,20200319,1.91,2.02,1.815,1.845,3367348
CNU,20200319,6.36,6.36,6.08,6.21,1356908
CNW,20200319,0.018,0.018,0.016,0.016,1090070
COB,20200319,0.09,0.09,0.081,0.083,374770
COE,20200319,0.4,0.415,0.37,0.375,6910729
COF,20200319,2.14,2.14,1.73,1.77,2164224
COG,20200319,0.037,0.037,0.03,0.034,2272338
COH,20200319,174.83,181.89,169.24,171.33,669854
COI,20200319,0.062,0.064,0.06,0.06,668209
COL,20200319,17.57,18.09,16.84,17.25,14332255
COO,20200319,0.049,0.049,0.049,0.049,25000
COY,20200319,0.004,0.004,0.004,0.004,430000
CP1,20200319,0.095,0.095,0.086,0.086,66808
CPH,20200319,0.056,0.056,0.048,0.048,1519261
CPU,20200319,9.46,9.58,8.55,8.79,4852640
CPV,20200319,0.067,0.067,0.06,0.063,274165
CQE,20200319,1.825,1.865,1.71,1.73,1731458
CQR,20200319,3.64,3.64,2.95,2.95,5358824
CR1,20200319,0.15,0.15,0.14,0.14,86512
CRN,20200319,1.23,1.275,1.15,1.22,362400
CRS,20200319,0.105,0.11,0.1,0.1,39409
CSL,20200319,278.52,283.91,270,283.91,2139077
CSR,20200319,3.42,3.47,3.26,3.42,5928426
CSS,20200319,0.48,0.48,0.43,0.43,131643
CST,20200319,0.095,0.095,0.07,0.079,477587
CT1,20200319,0.015,0.019,0.015,0.015,4298030
CTD,20200319,6.58,6.64,4.355,4.7,3233099
CTE,20200319,0.072,0.072,0.072,0.072,24976
CTM,20200319,0.007,0.007,0.007,0.007,218577
CTO,20200319,0.002,0.003,0.002,0.003,18281056
CTP,20200319,0.08,0.08,0.075,0.075,485478
CTX,20200319,18.68,20.65,18.44,19.5,4325428
CUE,20200319,0.073,0.073,0.064,0.068,567710
CUL,20200319,0.009,0.009,0.008,0.008,1713636
CUP,20200319,0.865,0.865,0.85,0.85,137437
CUV,20200319,15,15.08,13.57,14.27,381592
CV1,20200319,0.065,0.07,0.065,0.07,57928
CVC,20200319,1.2,1.2,1.2,1.2,12489
CVF,20200319,0.75,0.775,0.75,0.77,16227
CVN,20200319,0.14,0.145,0.13,0.135,6852401
CVV,20200319,0.02,0.02,0.02,0.02,7320
CVW,20200319,0.225,0.225,0.2,0.2,329753
CWL,20200319,0.097,0.097,0.097,0.097,55000
CWN,20200319,6.11,6.5,5.92,6,6119672
CWP,20200319,5.03,5.03,4.27,4.5,273198
CWX,20200319,0.16,0.16,0.145,0.145,166305
CWY,20200319,1.67,1.78,1.65,1.75,15804044
CXL,20200319,0.685,0.685,0.65,0.66,190952
CXO,20200319,0.022,0.023,0.017,0.019,2962974
CXU,20200319,0.01,0.015,0.01,0.015,431138
CXX,20200319,0.03,0.03,0.03,0.03,139118
CXZ,20200319,0.015,0.015,0.015,0.015,141908
CY5,20200319,0.03,0.03,0.03,0.03,50000
CYC,20200319,0.81,0.81,0.8,0.8,12250
CYL,20200319,2.1,2.12,1.89,2.12,31547
CYP,20200319,0.77,0.775,0.7,0.715,172145
CZI,20200319,0.059,0.059,0.056,0.056,442147
CZL,20200319,0.004,0.004,0.004,0.004,609751
CZN,20200319,0.002,0.002,0.002,0.002,33827091
D2O,20200319,1.2,1.2,1.1,1.185,236964
DAU,20200319,0.021,0.021,0.02,0.02,179310
DAV,20200319,0.036,0.036,0.036,0.036,100000
DBF,20200319,0.98,0.98,0.98,0.98,1020
DCC,20200319,0.012,0.015,0.012,0.014,2303511
DCL,20200319,0.04,0.045,0.04,0.045,110000
DDR,20200319,5.01,5.11,4.5,4.66,510634
DEG,20200319,0.2,0.215,0.195,0.2,4910529
DEM,20200319,0.13,0.13,0.1,0.1,312839
DEV,20200319,0.035,0.035,0.034,0.034,300000
DGH,20200319,1.14,1.14,1.14,1.14,833
DGO,20200319,1.6,1.7,1.6,1.7,1120
DGR,20200319,0.056,0.056,0.056,0.056,5000
DHG,20200319,1.975,2.09,1.86,1.91,1734029
DHR,20200319,0.002,0.002,0.002,0.002,1087257
DIV,20200319,17.3,17.7,17.2,17.21,135321
DJW,20200319,2.4,2.44,2.32,2.33,107014
DMP,20200319,46.82,47.35,41.66,44.75,1062696
DNA,20200319,0.036,0.039,0.03,0.034,1866514
DNK,20200319,0.34,0.345,0.32,0.33,164279
DOW,20200319,3.46,3.52,3.17,3.26,8143873
DRE,20200319,0.004,0.004,0.003,0.003,3474349
DRO,20200319,0.12,0.12,0.105,0.105,449595
DRX,20200319,0.006,0.009,0.006,0.009,40000
DSE,20200319,0.037,0.037,0.036,0.036,104945
DTC,20200319,0.695,0.725,0.625,0.7,72916
DTL,20200319,2.85,2.96,2.62,2.7,1418599
DTS,20200319,0.086,0.086,0.086,0.086,10308
DTZ,20200319,0.036,0.04,0.033,0.04,98068
DUB,20200319,0.51,0.58,0.475,0.475,1728085
DUI,20200319,3.66,3.71,3.5,3.51,131538
DW8,20200319,0.005,0.005,0.005,0.005,2851000
DWS,20200319,0.67,0.68,0.63,0.63,166417
DXB,20200319,0.14,0.14,0.135,0.135,428810
DXN,20200319,0.02,0.02,0.015,0.015,2407153
DXS,20200319,9.8,9.91,8.72,8.82,18150253
DYL,20200319,0.14,0.14,0.115,0.115,364176
E2E,20200319,0.001,0.001,0.001,0.001,3750000
E2M,20200319,0.09,0.09,0.09,0.09,129330
EAF,20200319,1.195,1.195,1.19,1.19,125877
EAI,20200319,0.93,0.935,0.875,0.89,699731
EAS,20200319,0.74,0.74,0.735,0.735,7805
EBG,20200319,0.87,0.87,0.87,0.87,30000
EBO,20200319,21.55,21.55,21,21,3405
ECF,20200319,1.035,1.035,0.95,0.975,470074
ECS,20200319,0.019,0.019,0.016,0.016,1761921
ECX,20200319,0.68,0.715,0.44,0.44,8724926
ED1,20200319,0.6,0.6,0.6,0.6,650
EDC,20200319,0.97,0.97,0.96,0.97,11000
EDE,20200319,0.022,0.022,0.02,0.02,1506163
EEG,20200319,0.19,0.19,0.17,0.17,321222
EEU,20200319,18.09,18.47,18.05,18.47,13294
EFE,20200319,0.003,0.003,0.003,0.003,1124900
EFF,20200319,1.2,1.2,1.2,1.2,10000
EGD,20200319,2.16,2.17,2.16,2.16,272077
EGF,20200319,1.495,1.495,1.46,1.46,29538
EGG,20200319,1.1,1.1,1,1,13491
EGH,20200319,0.26,0.29,0.26,0.28,5242611
EGI,20200319,0.83,0.83,0.76,0.77,247901
EGN,20200319,0.42,0.42,0.42,0.42,49150
EGR,20200319,0.057,0.057,0.054,0.054,182831
EHE,20200319,1.145,1.15,0.975,0.99,2709368
EHH,20200319,0.15,0.15,0.135,0.135,798887
EHL,20200319,0.84,0.88,0.76,0.77,2327680
EHX,20200319,0.078,0.078,0.078,0.078,20000
ELD,20200319,8.13,8.17,7.5,7.62,1609832
ELO,20200319,4.75,4.9,4.06,4.23,270227
ELS,20200319,0.27,0.285,0.235,0.275,294313
ELX,20200319,0.53,0.56,0.53,0.555,33089
EM1,20200319,0.007,0.007,0.005,0.005,438248
EM2,20200319,0.09,0.092,0.08,0.085,294000
EMD,20200319,0.046,0.046,0.041,0.045,287500
EME,20200319,0.065,0.065,0.065,0.065,20000
EMH,20200319,0.18,0.18,0.13,0.13,38923
EML,20200319,1.55,1.632,1.2,1.45,18348591
EMP,20200319,0.018,0.018,0.018,0.018,35000
EMR,20200319,0.038,0.038,0.032,0.033,5608304
EMT,20200319,0.009,0.009,0.009,0.009,230000
EMV,20200319,0.445,0.465,0.4,0.43,305827
EN1,20200319,0.017,0.018,0.017,0.017,3030805
ENN,20200319,1.265,1.265,1.09,1.09,81779
ENR,20200319,0.08,0.08,0.08,0.08,62500
EOF,20200319,1.36,1.405,1.285,1.32,477297
EOL,20200319,2.02,2.02,1.9,1.9,7967
EOS,20200319,3.9,3.93,3.52,3.57,969693
EPD,20200319,0.26,0.265,0.25,0.255,521015
EPM,20200319,0.004,0.004,0.003,0.003,6299110
EQE,20200319,0.005,0.006,0.005,0.005,6091859
EQT,20200319,22.25,22.25,20.23,20.65,16808
EQX,20200319,0.22,0.22,0.22,0.22,13700
ERA,20200319,0.145,0.145,0.145,0.145,10000
ERF,20200319,1,1,0.95,1,32035
ERG,20200319,0.062,0.066,0.062,0.066,50000
ERL,20200319,0.008,0.008,0.008,0.008,1010000
ERM,20200319,0.072,0.075,0.071,0.071,256514
ERX,20200319,0.035,0.035,0.03,0.03,782259
ESE,20200319,0.005,0.005,0.004,0.004,1157947
ESH,20200319,0.005,0.005,0.004,0.004,1196946
ESR,20200319,0.007,0.007,0.007,0.007,132417
ETF,20200319,16,16,16,16,502
EUC,20200319,0.011,0.011,0.011,0.011,1007247
EUR,20200319,0.04,0.04,0.04,0.04,300000
EVE,20200319,0.004,0.004,0.004,0.004,3607056
EVN,20200319,3.47,3.8,3.4,3.49,18389660
EVO,20200319,0.059,0.064,0.059,0.06,2660432
EVS,20200319,0.081,0.082,0.07,0.07,4119239
EVT,20200319,7,7,6.07,6.61,422308
EWC,20200319,0.056,0.056,0.051,0.052,646301
EX1,20200319,0.155,0.17,0.155,0.17,58109
EXL,20200319,0.215,0.24,0.17,0.18,1139625
EXP,20200319,0.066,0.066,0.056,0.056,426034
EXR,20200319,0.024,0.024,0.02,0.021,1175038
EZL,20200319,0.76,0.77,0.75,0.765,316079
FAR,20200319,0.012,0.012,0.009,0.01,70382928
FAU,20200319,0.009,0.009,0.006,0.006,2229850
FBR,20200319,0.016,0.016,0.013,0.014,8413909
FBU,20200319,3.55,3.55,3.33,3.39,2378181
FCL,20200319,2.36,2.36,2.25,2.35,427578
FCT,20200319,0.098,0.098,0.09,0.09,301000
FDV,20200319,0.68,0.69,0.6,0.61,380660
FEX,20200319,0.034,0.034,0.031,0.031,638119
FFG,20200319,0.004,0.004,0.003,0.003,1906619
FFI,20200319,5,5,5,5,2800
FFL,20200319,0.2,0.205,0.155,0.155,308675
FFR,20200319,0.028,0.028,0.028,0.028,9521
FGG,20200319,1.08,1.08,1.04,1.05,697481
FGR,20200319,0.095,0.095,0.084,0.089,1392432
FGX,20200319,0.86,0.88,0.855,0.855,522048
FHS,20200319,0.024,0.024,0.023,0.023,845250
FID,20200319,4.07,4.08,3.74,3.74,73240
FIJ,20200319,0.04,0.04,0.032,0.036,359030
FIN,20200319,0.009,0.009,0.008,0.008,569616
FLC,20200319,0.37,0.385,0.31,0.33,1123375
FLN,20200319,0.31,0.31,0.28,0.3,215521
FLT,20200319,14,14.47,9.65,9.91,2330825
FMG,20200319,10.53,11.34,10.41,10.95,36618361
FML,20200319,0.18,0.19,0.18,0.19,32000
FNP,20200319,5.01,5.5,4.91,5.5,1445582
FOD,20200319,0.074,0.075,0.065,0.065,1324777
FOR,20200319,0.68,0.68,0.585,0.6,211742
FPC,20200319,0.685,0.72,0.66,0.665,39048
FPH,20200319,26.24,27.7,25.57,27,1956558
FPL,20200319,0.002,0.002,0.002,0.002,480000
FRM,20200319,0.245,0.27,0.24,0.24,157254
FRN,20200319,0.017,0.018,0.015,0.017,1882855
FSA,20200319,0.97,0.98,0.93,0.93,84870
FSF,20200319,3.77,3.89,3.77,3.89,40965
FSI,20200319,1.39,1.39,1.39,1.39,7000
FTC,20200319,0.072,0.072,0.072,0.072,10588
FTT,20200319,0.002,0.002,0.002,0.002,4010000
FTZ,20200319,0.06,0.06,0.06,0.06,37342
FUN,20200319,0.01,0.01,0.01,0.01,560
FWD,20200319,1.23,1.29,1.215,1.275,102253
FXL,20200319,0.75,0.78,0.53,0.595,3663224
FYI,20200319,0.045,0.045,0.037,0.038,539550
FZO,20200319,0.077,0.077,0.075,0.075,36635
G1A,20200319,0.19,0.19,0.175,0.175,10000
GAL,20200319,0.11,0.12,0.11,0.12,129578
GAP,20200319,0.12,0.12,0.11,0.11,211349
GBZ,20200319,0.062,0.062,0.062,0.062,48185
GC1,20200319,0.58,0.58,0.58,0.58,440
GCI,20200319,1.62,1.65,1.59,1.59,76093
GDF,20200319,1.1,1.1,0.95,1.07,215027
GDG,20200319,0.5,0.5,0.45,0.45,10750
GDI,20200319,1.125,1.135,0.982,1.025,2549997
GDX,20200319,38.58,38.58,35,35,75184
GED,20200319,0.009,0.009,0.009,0.009,115165
GEM,20200319,0.76,0.78,0.665,0.665,8459923
GES,20200319,0.006,0.006,0.006,0.006,100000
GEV,20200319,0.08,0.08,0.07,0.07,78250
GFL,20200319,1.62,1.62,1.555,1.6,55940
GGG,20200319,0.075,0.08,0.071,0.072,886455
GGX,20200319,0.002,0.002,0.002,0.002,1690000
GIB,20200319,0.031,0.031,0.03,0.03,53000
GID,20200319,0.004,0.004,0.004,0.004,305322
GLB,20200319,1.11,1.2,1.11,1.2,10920
GLL,20200319,0.4,0.41,0.38,0.41,10549
GLN,20200319,0.17,0.19,0.165,0.165,303637
GMA,20200319,2.08,2.1,1.34,1.39,3132914
GMD,20200319,0.025,0.025,0.022,0.023,1339482
GMG,20200319,11.69,11.79,9.6,9.7,17224327
GML,20200319,0.012,0.013,0.012,0.013,310000
GMR,20200319,0.005,0.005,0.004,0.005,27923441
GMV,20200319,0.065,0.065,0.042,0.045,1083540
GNC,20200319,7.64,7.78,7.17,7.27,3179559
GNE,20200319,2.52,2.52,2.36,2.36,69822
GNM,20200319,0.004,0.005,0.004,0.005,460000
GNX,20200319,0.115,0.115,0.09,0.09,742594
GOR,20200319,0.995,1.06,0.96,1.055,14337119
GOW,20200319,1.54,1.54,1.5,1.5,33625
GOZ,20200319,2.87,2.98,2.62,2.63,3173094
GPR,20200319,0.28,0.28,0.255,0.265,40319
GPT,20200319,4.05,4.11,3.18,3.2,20502865
GPX,20200319,0.039,0.039,0.029,0.03,872390
GRB,20200319,0.049,0.049,0.039,0.04,1374119
GRL,20200319,0.125,0.15,0.125,0.135,98251
GRR,20200319,0.17,0.175,0.165,0.165,2272838
GRV,20200319,0.016,0.017,0.016,0.017,200000
GSM,20200319,0.08,0.08,0.078,0.078,14000
GSN,20200319,0.038,0.038,0.038,0.038,50000
GSS,20200319,1.03,1.11,1.025,1.105,316272
GSW,20200319,0.295,0.34,0.25,0.25,558468
GTE,20200319,0.001,0.002,0.001,0.002,540000
GTG,20200319,0.005,0.005,0.004,0.005,3600000
GTK,20200319,1.07,1.07,0.97,0.97,67195
GTN,20200319,0.45,0.45,0.45,0.45,50000
GUD,20200319,9.09,9.17,8.47,8.61,517463
GVF,20200319,0.89,0.895,0.85,0.875,144648
GWA,20200319,2.74,2.93,2.56,2.73,2011085
GWR,20200319,0.055,0.06,0.055,0.06,102673
GXY,20200319,0.8,0.82,0.735,0.79,4925346
HAS,20200319,0.062,0.062,0.056,0.056,1518767
HAV,20200319,0.065,0.065,0.063,0.063,120822
HAW,20200319,0.081,0.081,0.08,0.081,285438
HCD,20200319,0.025,0.025,0.025,0.025,15000
HCH,20200319,0.012,0.012,0.009,0.011,11377362
HCT,20200319,0.1,0.115,0.092,0.096,7429027
HFR,20200319,0.38,0.38,0.27,0.28,277155
HGO,20200319,0.039,0.039,0.039,0.039,11250
HIL,20200319,0.18,0.18,0.135,0.15,1200173
HIP,20200319,0.014,0.014,0.014,0.014,315700
HIT,20200319,0.93,0.93,0.88,0.88,30409
HLA,20200319,0.84,0.84,0.705,0.73,73154
HLO,20200319,1.42,1.435,0.9,0.945,518416
HLS,20200319,2.65,2.65,2.44,2.47,3552909
HLX,20200319,0.006,0.006,0.005,0.005,3712821
HM1,20200319,2.08,2.14,1.96,1.96,534778
HMC,20200319,2.3,2.31,1.685,1.75,351347
HMD,20200319,0.061,0.061,0.058,0.058,110000
HMX,20200319,0.012,0.012,0.01,0.01,15573138
HPI,20200319,1.92,2.08,1.565,1.595,1165168
HRL,20200319,0.084,0.085,0.083,0.083,276560
HRN,20200319,0.165,0.165,0.16,0.16,22500
HRR,20200319,0.047,0.047,0.042,0.042,270874
HRZ,20200319,0.068,0.068,0.065,0.066,606271
HSC,20200319,0.003,0.003,0.003,0.003,12153015
HSN,20200319,2.81,2.84,2.67,2.76,579737
HT1,20200319,1.3,1.3,1.11,1.11,514316
HTA,20200319,0.13,0.135,0.13,0.13,117476
HUB,20200319,6.45,7.05,6.24,6.84,1062041
HUO,20200319,3.62,3.95,3.61,3.95,19938
HVM,20200319,0.14,0.14,0.12,0.13,59846
HVN,20200319,2.95,3,2.72,2.77,12104321
HWH,20200319,0.015,0.015,0.015,0.015,421167
HWK,20200319,0.005,0.005,0.005,0.005,370000
HXG,20200319,0.035,0.035,0.033,0.033,277150
HYD,20200319,0.125,0.125,0.125,0.125,15850
HZN,20200319,0.051,0.051,0.044,0.045,2656236
HZR,20200319,0.28,0.305,0.25,0.305,402092
IAA,20200319,86.47,89.29,85.37,86.6,34152
IAF,20200319,111.91,113.69,105.45,112.48,39536
IAG,20200319,5.95,6.09,5.66,5.69,11760640
IAP,20200319,1.075,1.075,0.9,1.035,299746
IBC,20200319,0.4,0.4,0.4,0.4,12500
IBG,20200319,0.006,0.006,0.006,0.006,919071
IBX,20200319,0.015,0.015,0.014,0.015,2220491
ICE,20200319,0.13,0.13,0.12,0.12,114851
ICG,20200319,0.001,0.001,0.001,0.001,1000000
ICI,20200319,0.017,0.017,0.014,0.014,487724
ICQ,20200319,0.185,0.185,0.17,0.18,351605
ICS,20200319,1.83,1.83,1.5,1.64,49825
IDT,20200319,0.1,0.1,0.1,0.1,58691
IDX,20200319,2.76,2.79,2.41,2.5,1534794
IDZ,20200319,0.003,0.003,0.002,0.002,8318989
IEL,20200319,14.38,14.98,9.9,11.21,4313492
IEM,20200319,55.64,55.64,53.09,53.42,292626
IEU,20200319,52.93,55.15,51.53,51.89,19150
IFL,20200319,3.55,3.55,3.3,3.37,2258775
IFM,20200319,1.5,1.515,1.435,1.5,1732367
IFN,20200319,0.465,0.465,0.4,0.4,3297740
IFT,20200319,3.89,3.89,3.75,3.8,10322
IGB,20200319,111.2,111.79,109.96,111.68,13154
IGL,20200319,0.94,0.955,0.54,0.57,947867
IGN,20200319,0.007,0.007,0.007,0.007,37000
IGO,20200319,3.46,3.6,3.39,3.4,5764895
IHD,20200319,10.3,10.39,9.89,9.93,163977
IHL,20200319,0.043,0.043,0.037,0.039,4121114
IHR,20200319,0.035,0.035,0.03,0.03,1535911
IJH,20200319,223.75,226.75,218,219.04,13732
IJP,20200319,78.75,83.26,78.75,80.44,20107
IJR,20200319,86.33,89.89,84.26,84.67,68982
IKO,20200319,74.62,74.62,68.28,68.28,1251
ILB,20200319,115,115.75,111.41,114,17784
ILC,20200319,20.25,20.8,19.26,19.3,86892
ILU,20200319,7.4,7.83,6.63,7,3487096
IMA,20200319,0.145,0.15,0.135,0.135,596118
IMC,20200319,0.086,0.086,0.086,0.086,62223
IMD,20200319,0.945,1.045,0.945,0.975,2661777
IME,20200319,0.02,0.02,0.02,0.02,814245
IMF,20200319,3.93,3.93,3.61,3.75,1210314
IMM,20200319,0.3,0.31,0.28,0.29,643831
IMR,20200319,1.04,1.05,1.04,1.05,34816
IMS,20200319,0.003,0.004,0.003,0.004,114500
IMU,20200319,0.018,0.018,0.017,0.017,2724854
INA,20200319,3.4,3.48,2.97,2.98,2262526
INF,20200319,0.035,0.035,0.03,0.03,100000
ING,20200319,3.05,3.33,3.05,3.23,4654547
INR,20200319,0.09,0.09,0.079,0.081,939341
INV,20200319,0.055,0.055,0.055,0.055,284000
IOD,20200319,0.075,0.075,0.075,0.075,54792
IOO,20200319,69.77,73.6,69.77,70.47,136363
IOZ,20200319,20.68,21.17,19.6,19.82,789091
IP1,20200319,0.004,0.004,0.004,0.004,49388
IPB,20200319,0.013,0.013,0.013,0.013,4000
IPD,20200319,0.052,0.057,0.04,0.043,8969210
IPH,20200319,7.12,7.12,6.71,7.02,1595792
IPL,20200319,1.805,1.85,1.69,1.805,13350703
IPT,20200319,0.006,0.006,0.005,0.005,14325255
IRD,20200319,0.053,0.053,0.053,0.053,15800
IRE,20200319,9.99,10.23,9.09,9.13,939863
IRI,20200319,2.66,2.66,2.45,2.53,422210
ISD,20200319,0.14,0.155,0.13,0.155,145876
ISO,20200319,3.51,3.51,3.38,3.38,96061
ISU,20200319,0.215,0.26,0.21,0.21,74546
ITG,20200319,0.28,0.29,0.255,0.26,115766
IVC,20200319,14.01,14.28,13.26,13.77,1059650
IVE,20200319,82.05,84.11,81.56,81.92,5243
IVR,20200319,0.012,0.012,0.011,0.011,460000
IVV,20200319,420,436.55,412.49,417.98,95780
IVX,20200319,0.007,0.007,0.007,0.007,2706728
IVZ,20200319,0.015,0.016,0.011,0.011,883336
IXC,20200319,0.79,0.8,0.71,0.8,64378
IXI,20200319,80.17,83.16,80.17,80.35,7347
IXJ,20200319,94.56,100.7,94.56,97.32,17848
IZZ,20200319,58.5,60.45,57.5,58.98,10189
JAN,20200319,0.32,0.32,0.32,0.32,8000
JAT,20200319,0.036,0.037,0.032,0.032,2562244
JAY,20200319,0.095,0.095,0.09,0.09,61069
JBH,20200319,29.59,29.81,26.68,27.57,1388710
JCS,20200319,0.027,0.027,0.022,0.022,1112752
JDR,20200319,0.009,0.009,0.008,0.008,587477
JHC,20200319,0.49,0.49,0.43,0.455,1642938
JHG,20200319,25.25,25.58,22.37,22.98,928206
JHX,20200319,19.18,19.7,15.45,15.45,4244157
JIN,20200319,8.27,8.27,7.55,7.8,1001540
JLG,20200319,1.905,1.92,1.81,1.85,612129
JMS,20200319,0.2,0.21,0.19,0.195,5253543
JRL,20200319,0.32,0.32,0.32,0.32,493
JRV,20200319,0.14,0.15,0.135,0.14,620829
JYC,20200319,1.05,1.05,0.95,0.95,19218
K2F,20200319,0.155,0.165,0.15,0.15,153592
KAR,20200319,0.35,0.375,0.34,0.36,9050858
KAU,20200319,0.165,0.18,0.165,0.18,132987
KCN,20200319,0.36,0.365,0.345,0.35,201369
KFE,20200319,0.03,0.03,0.025,0.025,987600
KGL,20200319,0.14,0.145,0.14,0.14,14746
KGN,20200319,4.25,4.48,4,4.35,2106887
KIN,20200319,0.053,0.054,0.051,0.052,520777
KIS,20200319,0.041,0.044,0.041,0.044,103702
KKC,20200319,1.5,1.64,1.43,1.45,823151
KLA,20200319,45.99,45.99,41.2,42.5,9206
KMD,20200319,1.38,1.43,1.02,1.095,1021053
KME,20200319,0.89,0.89,0.82,0.825,182974
KMT,20200319,0.003,0.003,0.003,0.003,370000
KNM,20200319,0.01,0.01,0.009,0.009,450079
KNO,20200319,0.04,0.04,0.03,0.03,1144971
KOR,20200319,0.005,0.005,0.005,0.005,224038
KOV,20200319,3.01,3.01,3,3,13345
KPG,20200319,0.685,0.685,0.65,0.655,130409
KPO,20200319,0.019,0.021,0.019,0.021,897660
KRM,20200319,0.027,0.027,0.027,0.027,57000
KRR,20200319,0.023,0.024,0.021,0.021,1007415
KSC,20200319,1.53,1.53,1.53,1.53,85
KSL,20200319,0.81,0.84,0.75,0.75,425526
KSN,20200319,0.09,0.09,0.082,0.082,124467
KSS,20200319,0.165,0.175,0.15,0.16,632676
KTA,20200319,0.03,0.03,0.029,0.029,731830
KTD,20200319,0.215,0.22,0.2,0.205,294128
KTG,20200319,0.066,0.071,0.066,0.067,211340
KWR,20200319,0.093,0.093,0.078,0.078,60380
KYK,20200319,0.04,0.05,0.04,0.042,214924
KZA,20200319,0.495,0.495,0.44,0.48,437216
KZR,20200319,0.355,0.355,0.31,0.33,209772
LAA,20200319,0.011,0.011,0.01,0.01,1954358
LAU,20200319,0.32,0.34,0.32,0.34,31515
LAW,20200319,0.041,0.041,0.04,0.04,276965
LBL,20200319,0.32,0.32,0.255,0.275,229522
LBT,20200319,0.105,0.105,0.09,0.09,1478648
LCD,20200319,0.01,0.01,0.01,0.01,400000
LCK,20200319,0.105,0.105,0.1,0.1,510317
LCL,20200319,0.018,0.018,0.017,0.017,527662
LCT,20200319,0.011,0.012,0.011,0.011,187467
LCY,20200319,0.001,0.001,0.001,0.001,2000000
LEG,20200319,0.056,0.058,0.056,0.057,1775659
LEP,20200319,4.29,4.29,3.9,4.06,378229
LGP,20200319,0.2,0.2,0.19,0.2,82889
LI3,20200319,0.019,0.019,0.019,0.019,26272
LIC,20200319,6.25,6.34,5.68,5.88,517449
LIN,20200319,0.014,0.014,0.011,0.011,8289790
LIT,20200319,0.038,0.04,0.035,0.037,1391219
LKE,20200319,0.031,0.031,0.028,0.029,4964749
LLC,20200319,11.52,11.52,9.34,9.6,4159216
LLO,20200319,0.965,0.965,0.9,0.9,5505
LNK,20200319,3.14,3.19,2.79,2.91,6083608
LNU,20200319,0.01,0.01,0.008,0.008,1396875
LNY,20200319,0.003,0.003,0.003,0.003,150000
LOM,20200319,0.09,0.09,0.083,0.084,146437
LON,20200319,0.09,0.09,0.085,0.085,179417
LOT,20200319,0.02,0.025,0.019,0.025,2861608
LOV,20200319,3.98,4,2.34,2.45,3448188
LPD,20200319,0.008,0.008,0.007,0.007,1669999
LPE,20200319,0.3,0.3,0.21,0.255,76718
LPI,20200319,0.14,0.155,0.14,0.15,82050
LRS,20200319,0.002,0.002,0.002,0.002,56667
LRT,20200319,4.53,4.53,4.52,4.52,2000
LSA,20200319,0.004,0.004,0.004,0.004,1483656
LSF,20200319,0.82,0.85,0.715,0.78,2137370
LSH,20200319,0.025,0.025,0.017,0.02,703288
LSR,20200319,0.005,0.005,0.005,0.005,30001
LTR,20200319,0.077,0.077,0.068,0.068,11540362
LVE,20200319,0.042,0.043,0.042,0.043,81541
LVH,20200319,0.125,0.125,0.091,0.12,590798
LVT,20200319,0.115,0.145,0.11,0.115,12160745
LYC,20200319,1.08,1.165,1.08,1.14,7206336
LYL,20200319,4.47,4.47,4.41,4.41,101250
M7T,20200319,0.46,0.49,0.405,0.42,1174781
MA1,20200319,0.765,0.765,0.725,0.725,62433
MAD,20200319,0.8,0.8,0.8,0.8,1030000
MAG,20200319,0.195,0.24,0.19,0.215,931950
MAH,20200319,0.21,0.21,0.19,0.19,10139397
MAI,20200319,0.36,0.36,0.32,0.32,56440
MAM,20200319,0.25,0.25,0.215,0.215,97794
MAN,20200319,0.013,0.013,0.013,0.013,500167
MAQ,20200319,20,20.3,19.5,20.15,24393
MAU,20200319,0.45,0.495,0.45,0.49,58424
MAY,20200319,0.003,0.003,0.003,0.003,3105141
MBK,20200319,0.005,0.005,0.005,0.005,1861450
MCA,20200319,0.1,0.105,0.093,0.093,1948120
MCE,20200319,0.21,0.21,0.21,0.21,2500
MCP,20200319,1.62,1.62,1.46,1.6,514475
MCR,20200319,0.51,0.515,0.49,0.505,703877
MCT,20200319,0.003,0.003,0.003,0.003,3000000
MCY,20200319,4,4,4,4,438
MDC,20200319,0.21,0.21,0.19,0.19,180369
MDI,20200319,0.006,0.007,0.006,0.006,3725438
MDR,20200319,0.38,0.4,0.35,0.35,230349
MEA,20200319,0.195,0.195,0.18,0.185,138033
MEB,20200319,0.006,0.006,0.005,0.005,2812000
MEI,20200319,0.01,0.01,0.009,0.009,4810291
MEL,20200319,0.022,0.022,0.022,0.022,88999
MEM,20200319,0.037,0.037,0.037,0.037,107042
MEP,20200319,0.026,0.026,0.026,0.026,400000
MEU,20200319,0.025,0.025,0.023,0.023,809084
MEY,20200319,0.044,0.044,0.043,0.043,165321
MEZ,20200319,4.1,4.11,3.99,4.09,36350
MFD,20200319,0.7,0.7,0.69,0.69,43126
MFF,20200319,2.55,2.59,2.35,2.38,676524
MFG,20200319,36.9,39.05,31.52,34.15,1935900
MGC,20200319,0.42,0.42,0.42,0.42,88568
MGE,20200319,3.88,3.97,3.79,3.82,1724079
MGG,20200319,1.53,1.585,1.475,1.55,2789045
MGR,20200319,2.03,2.2,1.65,1.705,39584754
MGV,20200319,0.08,0.08,0.077,0.078,620896
MGX,20200319,0.735,0.76,0.685,0.725,8703282
MHC,20200319,0.004,0.004,0.004,0.004,679000
MHG,20200319,2.91,2.93,2.72,2.88,1821549
MHH,20200319,1.33,1.33,1.255,1.29,1206637
MHJ,20200319,0.345,0.345,0.3,0.3,66306
MIL,20200319,0.28,0.28,0.27,0.28,30000
MIN,20200319,14.46,14.46,12.81,13.1,3339405
MIO,20200319,0.096,0.096,0.09,0.09,80000
MIR,20200319,1.92,1.92,1.85,1.87,72616
MKG,20200319,0.046,0.046,0.046,0.046,3808
MLD,20200319,0.78,0.795,0.715,0.72,297179
MLL,20200319,0.05,0.057,0.05,0.053,423962
MLM,20200319,0.01,0.01,0.008,0.008,79140
MLT,20200319,3.7,3.73,3.45,3.45,622205
MLX,20200319,0.062,0.063,0.053,0.054,1765877
MME,20200319,0.88,0.88,0.675,0.68,786226
MMI,20200319,0.095,0.099,0.09,0.095,672599
MMJ,20200319,0.07,0.07,0.064,0.064,712882
MML,20200319,0.455,0.455,0.4,0.4,1039262
MMM,20200319,0.275,0.405,0.27,0.335,2001520
MMS,20200319,6.64,6.71,5.01,5.26,1166230
MNB,20200319,0.001,0.001,0.001,0.001,2000000
MND,20200319,9.52,10.35,9.08,9.48,1395522
MNF,20200319,2.96,3.65,2.95,3.56,1356572
MNS,20200319,0.057,0.057,0.05,0.053,881475
MNW,20200319,0.007,0.008,0.007,0.007,1000000
MNY,20200319,1.15,1.16,0.73,0.88,3014388
MOB,20200319,0.051,0.051,0.05,0.05,274856
MOC,20200319,0.71,0.71,0.625,0.63,406797
MOE,20200319,2.3,2.3,1.85,1.85,495303
MOH,20200319,0.061,0.061,0.056,0.056,228000
MOQ,20200319,0.15,0.15,0.15,0.15,6926
MOT,20200319,1.5,1.565,1.37,1.37,260057
MOZ,20200319,0.465,0.465,0.45,0.45,22761
MP1,20200319,7.1,7.7,6.88,7.02,1512041
MPH,20200319,0.135,0.135,0.135,0.135,7407
MPL,20200319,2.75,2.8,2.59,2.7,16233553
MPW,20200319,0.041,0.041,0.021,0.04,153333
MQG,20200319,91.15,94.76,77.35,79.3,4643788
MRD,20200319,0.001,0.001,0.001,0.001,1559000
MRG,20200319,0.012,0.012,0.01,0.01,370219
MRM,20200319,0.083,0.083,0.061,0.061,1458419
MRQ,20200319,0.005,0.005,0.005,0.005,2147650
MRR,20200319,0.006,0.006,0.006,0.006,100000
MRZ,20200319,0.135,0.135,0.12,0.12,140000
MSB,20200319,1.27,1.29,1.07,1.1,6651897
MSE,20200319,0.004,0.004,0.004,0.004,1355336
MSG,20200319,0.01,0.01,0.01,0.01,630000
MSM,20200319,0.006,0.006,0.006,0.006,597781
MSR,20200319,0.002,0.002,0.002,0.002,250000
MSV,20200319,0.325,0.365,0.3,0.3,307695
MTC,20200319,0.04,0.04,0.04,0.04,85000
MTH,20200319,0.008,0.008,0.007,0.007,3675000
MTO,20200319,1.015,1.02,0.89,0.89,159021
MTS,20200319,3.18,3.39,3.13,3.25,24860454
MVA,20200319,17.02,17.02,15.07,15.1,14966
MVB,20200319,17.56,18.65,16.53,16.63,27369
MVE,20200319,20.5,20.5,19.51,19.51,3834
MVF,20200319,0.64,0.64,0.6,0.605,303231
MVP,20200319,4.8,4.8,4.07,4.27,427852
MVR,20200319,20.87,20.89,20.2,20.2,1333
MVS,20200319,14.52,14.52,13.39,13.39,7305
MVW,20200319,22.07,22.21,20.79,20.79,139395
MWR,20200319,0.093,0.093,0.08,0.085,249740
MWY,20200319,0.98,0.98,0.92,0.95,85978
MX1,20200319,0.14,0.14,0.135,0.135,319798
MXI,20200319,0.14,0.14,0.13,0.14,630734
MXR,20200319,0.032,0.032,0.032,0.032,204501
MXT,20200319,1.61,1.7,1.5,1.5,1333439
MYE,20200319,0.555,0.57,0.545,0.555,71437
MYL,20200319,0.028,0.029,0.023,0.027,8133819
MYQ,20200319,0.105,0.11,0.09,0.1,166800
MYR,20200319,0.17,0.18,0.093,0.095,28285927
MYS,20200319,3.9,4.2,3.71,4.2,586833
MYX,20200319,0.235,0.24,0.195,0.195,16224303
MZZ,20200319,0.115,0.12,0.11,0.11,393795
N1H,20200319,0.083,0.083,0.083,0.083,1000
NAB,20200319,16.27,16.91,14.57,14.57,35068715
NAC,20200319,0.69,0.69,0.65,0.65,17000
NAE,20200319,0.002,0.002,0.002,0.002,7537935
NAM,20200319,0.29,0.3,0.28,0.3,56332
NAN,20200319,4.93,5.1,4.65,4.79,3872938
NBI,20200319,1.34,1.34,1.12,1.195,649125
NC6,20200319,0.038,0.039,0.038,0.039,100000
NCC,20200319,0.97,0.97,0.95,0.95,94650
NCK,20200319,4.2,4.2,3.8,4.15,1083238
NCM,20200319,21.25,23.19,21.1,22.37,7991202
NCZ,20200319,0.082,0.085,0.06,0.076,2362383
NDQ,20200319,21.37,22.11,20.92,21.1,431030
NEA,20200319,1.035,1.085,0.925,0.96,12315640
NEC,20200319,1.02,1.04,0.85,0.87,21690539
NES,20200319,0.034,0.035,0.034,0.035,53571
NEU,20200319,1.1,1.185,1.065,1.11,100096
NEW,20200319,1.05,1.075,1.01,1.05,174026
NGE,20200319,0.365,0.365,0.365,0.365,20000
NGI,20200319,2.13,2.13,1.725,1.815,356042
NGY,20200319,0.011,0.011,0.011,0.011,10000
NHC,20200319,1.1,1.105,1.02,1.055,6390588
NHF,20200319,4.61,4.72,4.36,4.71,3917307
NIC,20200319,0.315,0.36,0.305,0.345,20830278
NML,20200319,0.067,0.067,0.06,0.065,1023146
NMT,20200319,0.14,0.145,0.135,0.135,1045016
NNW,20200319,0.047,0.047,0.041,0.041,114000
NOR,20200319,0.029,0.03,0.027,0.03,1791347
NOV,20200319,0.1,0.1,0.1,0.1,9704
NOX,20200319,0.16,0.16,0.14,0.14,218611
NSB,20200319,0.18,0.2,0.16,0.17,335171
NSC,20200319,0.4,0.41,0.4,0.41,187733
NSR,20200319,1.25,1.325,1.2,1.225,33638369
NST,20200319,10.74,11.33,10.55,10.98,10446484
NSX,20200319,0.12,0.12,0.12,0.12,30000
NTD,20200319,0.3,0.3,0.25,0.255,153507
NTI,20200319,0.004,0.004,0.004,0.004,357577
NTL,20200319,0.005,0.005,0.005,0.005,400000
NTM,20200319,0.056,0.056,0.048,0.048,664629
NTO,20200319,0.88,0.91,0.86,0.87,360847
NTU,20200319,0.025,0.026,0.024,0.025,3878289
NUC,20200319,1.715,1.715,1.445,1.45,60905
NUF,20200319,5.1,5.52,4.61,5.03,5498391
NUH,20200319,0.012,0.014,0.01,0.014,1438257
NUS,20200319,0.26,0.26,0.215,0.24,16893
NVA,20200319,0.029,0.029,0.024,0.025,6425385
NVL,20200319,3.59,3.67,3.34,3.67,1158857
NVO,20200319,0.006,0.006,0.005,0.006,5194285
NVX,20200319,0.265,0.265,0.25,0.25,35214
NWC,20200319,0.007,0.007,0.007,0.007,458655
NWE,20200319,0.003,0.003,0.003,0.003,536673
NWF,20200319,0.15,0.15,0.15,0.15,38184
NWH,20200319,1.34,1.395,1.08,1.095,7046345
NWL,20200319,6.21,7.2,5.32,6.7,2154061
NWS,20200319,15.65,16.49,15.45,15.66,666538
NXE,20200319,0.006,0.006,0.006,0.006,88205
NXM,20200319,0.042,0.042,0.04,0.04,69733
NXS,20200319,1.59,1.59,1.45,1.52,118852
NXT,20200319,7.15,7.83,6.98,7.29,6080004
NYR,20200319,0.12,0.13,0.11,0.125,259062
NZK,20200319,1.55,1.55,1.55,1.55,555
NZM,20200319,0.25,0.25,0.24,0.245,84029
NZS,20200319,0.008,0.008,0.007,0.007,891446
OAR,20200319,0.002,0.002,0.002,0.002,16308392
OAU,20200319,0.01,0.01,0.009,0.009,2050000
OBM,20200319,0.125,0.125,0.094,0.1,1295609
OCC,20200319,0.265,0.265,0.205,0.225,1419941
OCL,20200319,4.51,4.53,4.4,4.45,45795
ODA,20200319,0.16,0.16,0.14,0.14,200934
OEC,20200319,0.44,0.45,0.435,0.44,43183
OEL,20200319,0.009,0.01,0.009,0.009,24828188
OFX,20200319,1.19,1.245,1.187,1.225,742894
OGA,20200319,0.091,0.091,0.082,0.082,289971
OGC,20200319,1.76,1.975,1.76,1.83,314953
OIL,20200319,0.015,0.015,0.013,0.015,1173008
OKU,20200319,0.155,0.155,0.12,0.135,1412995
OLI,20200319,0.076,0.081,0.072,0.078,3396789
OLL,20200319,0.225,0.265,0.225,0.245,4270856
OMH,20200319,0.325,0.325,0.245,0.25,1394288
OML,20200319,0.99,1.02,0.83,0.84,5692814
ONT,20200319,5.5,5.5,5.45,5.45,544
ONX,20200319,0.042,0.042,0.041,0.041,277228
OOO,20200319,6.9,7.1,5.6,5.78,768066
OPC,20200319,3.87,3.95,3.65,3.7,255193
OPH,20200319,1.95,2.01,1.85,1.85,1130255
OPT,20200319,1.56,1.595,1.165,1.25,1783997
OPY,20200319,0.43,0.43,0.35,0.355,249320
ORA,20200319,2.42,2.58,2.37,2.54,10386907
ORE,20200319,2.22,2.45,2.02,2.05,3800928
ORG,20200319,4.31,4.36,4.01,4.07,16260851
ORI,20200319,14.58,15.1,14.19,14.42,2878223
ORN,20200319,0.014,0.014,0.013,0.013,181000
ORR,20200319,0.265,0.265,0.265,0.265,10000
OSH,20200319,2.2,2.32,2.01,2.03,29149059
OSL,20200319,0.12,0.12,0.105,0.11,908116
OSP,20200319,0.011,0.012,0.011,0.012,680618
OSX,20200319,0.365,0.38,0.275,0.275,197660
OTW,20200319,2.16,2.18,2.03,2.03,90500
OVH,20200319,0.15,0.15,0.12,0.14,744530
OVN,20200319,0.305,0.305,0.22,0.24,714093
OVT,20200319,0.016,0.016,0.014,0.014,395455
OZF,20200319,14.07,14.07,12.96,12.96,17579
OZG,20200319,0.13,0.13,0.125,0.125,72000
OZL,20200319,6.1,6.56,6.1,6.23,6565015
OZR,20200319,8.41,8.49,8.15,8.16,30523
P2P,20200319,0.046,0.047,0.045,0.046,81383
PAA,20200319,0.07,0.072,0.07,0.072,439655
PAB,20200319,0.013,0.013,0.012,0.013,538860
PAC,20200319,4.5,4.58,4.24,4.3,81084
PAF,20200319,0.665,0.665,0.645,0.645,35547
PAI,20200319,0.93,0.93,0.89,0.89,762000
PAL,20200319,0.63,0.63,0.63,0.63,7200
PAN,20200319,0.175,0.175,0.145,0.145,2952001
PAR,20200319,1.26,1.375,1.13,1.165,2332386
PBH,20200319,1.55,1.555,1.1,1.24,2693638
PBP,20200319,1.85,1.905,1.68,1.85,448213
PCG,20200319,0.905,0.905,0.89,0.89,23659
PCI,20200319,0.83,0.83,0.765,0.765,229334
PCK,20200319,0.074,0.078,0.066,0.068,5478052
PCL,20200319,0.001,0.001,0.001,0.001,91001654
PDI,20200319,0.005,0.005,0.005,0.005,389372
PDL,20200319,3.92,4.14,3.37,3.44,2921368
PDN,20200319,0.049,0.049,0.04,0.04,7545854
PE1,20200319,1.22,1.25,1.1,1.12,276084
PEK,20200319,0.024,0.025,0.024,0.025,435310
PEN,20200319,0.094,0.094,0.093,0.094,355280
PET,20200319,0.42,0.43,0.345,0.345,1442579
PEX,20200319,0.115,0.12,0.107,0.115,530310
PFG,20200319,0.051,0.051,0.05,0.05,140000
PFP,20200319,2.9,2.91,2.78,2.81,272215
PG1,20200319,0.08,0.084,0.08,0.084,44226
PGC,20200319,0.15,0.155,0.125,0.135,575643
PGF,20200319,0.885,0.885,0.84,0.85,304926
PGG,20200319,1.59,1.59,1.385,1.4,298489
PGH,20200319,1.53,1.65,1.28,1.285,2500589
PGI,20200319,0.019,0.019,0.019,0.019,150000
PGL,20200319,0.68,0.75,0.62,0.62,176765
PGM,20200319,0.012,0.012,0.012,0.012,2510250
PGR,20200319,0.051,0.051,0.041,0.041,104029
PGY,20200319,0.011,0.011,0.011,0.011,227942
PIA,20200319,0.86,0.885,0.85,0.85,318194
PIC,20200319,0.75,0.75,0.69,0.69,687187
PIO,20200319,0.009,0.009,0.008,0.008,2712450
PIQ,20200319,0.21,0.23,0.21,0.23,80789
PKS,20200319,0.1,0.1,0.095,0.095,190686
PL8,20200319,0.84,0.84,0.805,0.84,1095886
PLL,20200319,0.072,0.072,0.063,0.063,987693
PLS,20200319,0.17,0.18,0.155,0.165,19638612
PM1,20200319,0.013,0.013,0.011,0.012,966350
PM8,20200319,0.165,0.18,0.145,0.15,376404
PMC,20200319,1.215,1.245,1.155,1.155,197661
PME,20200319,17.01,17.38,14.5,14.86,1075618
PMV,20200319,12.15,12.18,10.01,10.37,1058944
PMY,20200319,0.004,0.004,0.004,0.004,6250000
PNC,20200319,1.08,1.15,0.725,0.73,504989
PNI,20200319,3.13,3.25,2.81,3.05,1198099
PNR,20200319,0.08,0.086,0.077,0.077,2895531
PNV,20200319,1.5,1.57,1.42,1.485,10076101
PNX,20200319,0.005,0.005,0.004,0.004,1680181
PO3,20200319,2.2,2.2,2.05,2.05,1751
POS,20200319,0.027,0.027,0.025,0.026,837071
POU,20200319,19.65,20.4,19.65,20.13,71681
PPC,20200319,0.81,0.82,0.7,0.71,2029595
PPE,20200319,2.1,2.12,1.68,1.9,145329
PPG,20200319,0.065,0.068,0.06,0.06,716763
PPH,20200319,2.97,3.03,2.86,2.96,352946
PPK,20200319,2.55,2.55,1.82,1.89,328519
PPS,20200319,0.235,0.245,0.202,0.21,2157297
PPT,20200319,27.18,28.07,24.69,25.28,379052
PRN,20200319,0.74,0.78,0.695,0.71,5520534
PRO,20200319,0.385,0.4,0.36,0.36,111042
PRT,20200319,0.105,0.105,0.095,0.095,840790
PRU,20200319,0.785,0.835,0.745,0.785,14369608
PRX,20200319,0.039,0.039,0.033,0.033,515797
PSI,20200319,2.15,2.25,2.15,2.2,19741
PSQ,20200319,1.1,1.1,1.1,1.1,50500
PSZ,20200319,0.02,0.021,0.02,0.021,301947
PTB,20200319,0.425,0.425,0.35,0.365,2099904
PTL,20200319,0.36,0.36,0.35,0.36,152589
PTM,20200319,3.13,3.15,2.92,2.97,3144000
PTR,20200319,0.031,0.031,0.031,0.031,15718
PTX,20200319,0.026,0.027,0.025,0.025,3074756
PUA,20200319,0.012,0.012,0.009,0.009,895380
PVE,20200319,0.049,0.049,0.049,0.049,22212
PVL,20200319,0.06,0.06,0.06,0.06,25000
PVS,20200319,1.11,1.11,1.11,1.11,264
PWG,20200319,0.95,0.95,0.845,0.88,489692
PWH,20200319,2.8,2.92,2.5,2.75,268359
PWL,20200319,0.105,0.11,0.09,0.095,897110
PWN,20200319,0.003,0.003,0.003,0.003,285714
PXS,20200319,0.067,0.067,0.061,0.063,113060
PXX,20200319,0.016,0.016,0.015,0.015,1000000
PYC,20200319,0.054,0.055,0.049,0.049,1445322
QAG,20200319,4.84,4.84,4.84,4.84,1250
QAN,20200319,2.23,2.47,2.03,2.14,33515383
QAU,20200319,15.48,16.25,14.48,14.58,509862
QBE,20200319,8.85,9,7.7,7.81,10946668
QCB,20200319,6.1,6.1,5.75,5.77,13046
QFE,20200319,0.185,0.185,0.15,0.15,546635
QFN,20200319,7.75,7.75,7.12,7.12,17441
QHL,20200319,0.08,0.08,0.073,0.075,552819
QIP,20200319,1.1,1.1,1,1.08,109524
QOZ,20200319,10.29,10.3,9.63,9.63,137132
QRE,20200319,4.64,4.67,4.45,4.46,16230
QRI,20200319,1.22,1.25,1.195,1.2,125537
QTM,20200319,0.03,0.03,0.03,0.03,527126
QUB,20200319,2.12,2.12,1.88,1.905,7371578
QUS,20200319,32.04,32.52,31.42,31.55,50212
QVE,20200319,0.715,0.715,0.68,0.7,433656
RAC,20200319,0.28,0.28,0.26,0.26,209697
RAN,20200319,0.01,0.011,0.01,0.011,751277
RAP,20200319,0.078,0.081,0.07,0.071,4233216
RBL,20200319,0.57,0.605,0.485,0.5,576756
RBR,20200319,0.007,0.009,0.007,0.009,534000
RCB,20200319,19.14,20,18.64,18.9,19095
RCE,20200319,0.3,0.32,0.275,0.285,392563
RCL,20200319,0.32,0.32,0.31,0.31,15590
RCT,20200319,1.755,1.765,1.75,1.75,32221
RCW,20200319,0.18,0.18,0.16,0.16,30066
RDC,20200319,0.6,0.6,0.44,0.45,1704481
RDG,20200319,0.016,0.018,0.015,0.015,320255
RDH,20200319,0.8,0.8,0.78,0.78,10163
RDM,20200319,0.05,0.05,0.049,0.05,146993
RDN,20200319,0.004,0.004,0.004,0.004,2300000
RDV,20200319,20.8,20.8,19.22,19.22,17292
RDY,20200319,1.2,1.2,1.12,1.17,17478
REA,20200319,80.27,81.19,70.43,73.25,608841
RED,20200319,0.21,0.22,0.2,0.2,17593626
REE,20200319,0.013,0.014,0.013,0.013,423027
REG,20200319,0.895,0.925,0.735,0.76,2231481
REH,20200319,9.35,9.49,8.415,8.75,533325
REX,20200319,0.675,0.675,0.51,0.56,216881
REZ,20200319,0.009,0.011,0.009,0.011,142789
RF1,20200319,1.5,1.5,1.35,1.38,241705
RFF,20200319,1.86,1.97,1.82,1.92,4159892
RFG,20200319,0.038,0.038,0.026,0.028,26180910
RFN,20200319,0.002,0.002,0.002,0.002,1454622
RFT,20200319,0.03,0.03,0.026,0.027,1230987
RFX,20200319,0.027,0.028,0.027,0.027,856255
RGB,20200319,22.54,22.75,22.2,22.75,810
RGI,20200319,0.06,0.06,0.06,0.06,31186
RGS,20200319,0.053,0.06,0.051,0.051,150000
RHC,20200319,54.5,59.92,53.85,54.83,1282916
RHP,20200319,1.48,1.485,1.272,1.3,385096
RHT,20200319,0.105,0.11,0.105,0.105,320202
RHY,20200319,0.05,0.055,0.05,0.055,139078
RIC,20200319,0.785,0.82,0.74,0.765,158701
RIO,20200319,80.05,89.13,79.38,80.52,4027867
RKN,20200319,0.54,0.54,0.455,0.455,66165
RLE,20200319,0.013,0.013,0.013,0.013,40000
RLG,20200319,0.015,0.015,0.013,0.015,476600
RLT,20200319,1.02,1.02,0.99,1,35088
RMC,20200319,0.55,0.55,0.4,0.435,753046
RMD,20200319,25.8,26.27,24.31,24.82,6408703
RML,20200319,0.041,0.041,0.038,0.038,1227286
RMP,20200319,0.007,0.007,0.006,0.006,1138571
RMS,20200319,0.87,0.9,0.84,0.85,8733180
RMX,20200319,0.003,0.003,0.003,0.003,271080
RMY,20200319,0.305,0.305,0.265,0.265,221189
RND,20200319,1.6,1.6,1.6,1.6,1500
RNO,20200319,0.09,0.09,0.09,0.09,37062
RNT,20200319,0.027,0.03,0.025,0.025,848805
RNU,20200319,0.006,0.006,0.005,0.005,12077259
RNX,20200319,0.002,0.002,0.002,0.002,119810
ROG,20200319,0.001,0.001,0.001,0.001,1500000
ROO,20200319,0.016,0.016,0.016,0.016,11952
RRL,20200319,3.5,3.69,3.39,3.61,7792298
RSG,20200319,0.725,0.77,0.702,0.72,12061738
RSM,20200319,20.27,21.43,20.27,20.45,661
RTG,20200319,0.059,0.059,0.059,0.059,37720
RTR,20200319,0.053,0.053,0.048,0.048,997329
RUL,20200319,0.725,0.725,0.65,0.67,750236
RVR,20200319,0.05,0.05,0.046,0.048,752371
RVS,20200319,0.34,0.4,0.34,0.4,24711
RWC,20200319,2.03,2.1,1.94,2,7476977
RWD,20200319,0.085,0.086,0.085,0.085,46517
RXL,20200319,0.017,0.018,0.016,0.016,6531046
RXM,20200319,0.041,0.041,0.035,0.038,148252
RXP,20200319,0.225,0.225,0.215,0.22,241328
RYD,20200319,1.265,1.265,1.25,1.26,62254
RZI,20200319,0.46,0.475,0.35,0.4,235712
S2R,20200319,0.088,0.09,0.085,0.09,162985
S32,20200319,1.77,1.865,1.655,1.75,37126986
S66,20200319,0.46,0.46,0.45,0.45,9500
SAR,20200319,3.35,3.56,3.08,3.1,20424158
SBM,20200319,2,2.15,1.965,2.01,10102206
SBR,20200319,0.001,0.001,0.001,0.001,135109
SCG,20200319,1.82,1.875,1.36,1.5,65558879
SCI,20200319,0.006,0.006,0.005,0.005,1820460
SCL,20200319,0.009,0.01,0.009,0.01,2035000
SCP,20200319,2.28,2.33,2.05,2.05,8696031
SCU,20200319,0.01,0.01,0.006,0.007,1366720
SDF,20200319,3.25,3.25,2.91,2.95,5177360
SDG,20200319,1.295,1.3,1.1,1.1,53753
SDI,20200319,0.745,0.77,0.735,0.76,69313
SDV,20200319,0.385,0.395,0.315,0.315,327831
SE1,20200319,0.006,0.006,0.005,0.005,3139020
SEC,20200319,1.09,1.09,1.02,1.09,70903
SEI,20200319,0.027,0.028,0.026,0.028,245976
SEK,20200319,14.07,14.79,13.5,14.2,4100866
SEN,20200319,0.044,0.044,0.038,0.038,577515
SER,20200319,0.004,0.004,0.004,0.004,2833165
SF1,20200319,0.015,0.015,0.014,0.014,85667
SFC,20200319,12.75,12.75,12.75,12.75,1667
SFG,20200319,0.039,0.039,0.03,0.034,2680107
SFR,20200319,3,3.16,2.75,2.9,2363627
SFX,20200319,0.073,0.075,0.068,0.068,947918
SFY,20200319,47.23,47.97,44.6,44.64,46654
SGC,20200319,0.01,0.01,0.007,0.008,2030134
SGF,20200319,1.505,1.505,1.255,1.29,362930
SGH,20200319,0.8,0.815,0.775,0.775,3583
SGM,20200319,7.04,7.25,6.36,6.42,1328037
SGO,20200319,0.015,0.015,0.015,0.015,11078
SGP,20200319,2.74,2.85,2.07,2.08,27464223
SGQ,20200319,0.071,0.071,0.069,0.069,1161216
SGR,20200319,1.78,1.865,1.67,1.705,9342172
SHH,20200319,0.002,0.002,0.002,0.002,900000
SHJ,20200319,0.68,0.68,0.65,0.66,32865
SHL,20200319,26.39,26.94,23.93,24.78,3551791
SHM,20200319,0.48,0.505,0.47,0.47,31443
SHO,20200319,0.008,0.008,0.008,0.008,297907
SHV,20200319,6.32,6.93,6.2,6.3,844802
SI6,20200319,0.002,0.002,0.002,0.002,208334
SIG,20200319,0.635,0.7,0.635,0.7,8442651
SIH,20200319,0.005,0.005,0.004,0.004,631075
SIQ,20200319,5.43,5.54,4.8,4.98,1662950
SIS,20200319,0.01,0.01,0.009,0.009,109200
SIT,20200319,0.047,0.047,0.047,0.047,1544
SIV,20200319,0.375,0.38,0.36,0.36,130568
SKC,20200319,1.57,1.765,1.545,1.57,2105734
SKF,20200319,0.079,0.083,0.075,0.077,693701
SKI,20200319,1.965,2.01,1.955,1.98,15826925
SKO,20200319,1.58,1.58,1.19,1.19,72158
SKT,20200319,0.285,0.3,0.26,0.26,152964
SKY,20200319,0.165,0.165,0.15,0.155,595052
SLC,20200319,0.53,0.565,0.505,0.53,758153
SLF,20200319,9.53,9.58,8,8,1348185
SLK,20200319,3,3.02,2.62,2.75,607677
SLM,20200319,0.765,0.77,0.76,0.77,17516
SLR,20200319,1.31,1.345,1.19,1.27,17239967
SLX,20200319,0.285,0.285,0.2,0.2,968271
SM1,20200319,4.52,4.6,4.33,4.42,142738
SM8,20200319,0.072,0.072,0.068,0.068,364196
SMD,20200319,0.004,0.004,0.004,0.004,50000
SMI,20200319,0.002,0.002,0.002,0.002,4407785
SMN,20200319,0.375,0.375,0.31,0.315,118337
SMP,20200319,0.32,0.32,0.265,0.265,720177
SMR,20200319,0.775,0.805,0.7,0.7,520406
SMX,20200319,0.265,0.265,0.25,0.26,293297
SNC,20200319,0.6,0.6,0.555,0.555,69809
SND,20200319,0.36,0.36,0.36,0.36,28000
SNL,20200319,3.5,3.5,3.5,3.5,9575
SNZ,20200319,4.45,4.64,4.45,4.45,4210
SO4,20200319,0.355,0.36,0.3,0.3,381154
SOL,20200319,20.92,20.92,19.56,20.72,991512
SOP,20200319,0.021,0.021,0.021,0.021,10000
SOR,20200319,0.041,0.041,0.04,0.041,38605
SP3,20200319,0.07,0.07,0.055,0.055,134739
SPK,20200319,4.04,4.12,3.83,3.89,2292709
SPL,20200319,0.765,0.785,0.74,0.765,555755
SPT,20200319,0.27,0.27,0.205,0.24,1253228
SPX,20200319,0.105,0.11,0.095,0.095,2857856
SPY,20200319,418.44,432,418.44,432,368
SPZ,20200319,0.12,0.12,0.095,0.095,1112430
SRG,20200319,0.235,0.235,0.22,0.225,518442
SRI,20200319,0.04,0.04,0.04,0.04,786992
SRK,20200319,0.037,0.037,0.037,0.037,26000
SRV,20200319,2.9,3.08,2.5,2.73,34559
SSG,20200319,0.465,0.47,0.41,0.42,144853
SSL,20200319,6,6,6,6,5000
SSM,20200319,1.84,1.975,1.74,1.81,6379133
SSO,20200319,11.17,11.17,10.48,10.48,8273
ST1,20200319,0.13,0.14,0.12,0.135,283371
STA,20200319,0.086,0.086,0.08,0.08,200884
STG,20200319,0.76,0.76,0.75,0.75,8741
STM,20200319,0.005,0.005,0.003,0.005,4120455
STO,20200319,3,3.15,2.73,2.75,20827939
STW,20200319,46.98,47.79,44.39,45.69,807887
STX,20200319,0.105,0.105,0.097,0.097,9389285
SUD,20200319,0.041,0.041,0.036,0.039,826001
SUL,20200319,5.56,5.6,3.34,3.58,3614170
SUN,20200319,8.63,8.88,7.59,7.68,8001329
SUP,20200319,0.006,0.006,0.006,0.006,1250000
SVD,20200319,0.005,0.005,0.005,0.005,1930007
SVL,20200319,0.07,0.072,0.064,0.065,4516938
SVM,20200319,0.087,0.087,0.086,0.087,411042
SVW,20200319,11.46,11.59,10.51,10.78,1332936
SVY,20200319,0.38,0.38,0.34,0.35,232497
SW1,20200319,0.025,0.026,0.02,0.02,472682
SWF,20200319,0.125,0.125,0.115,0.125,478338
SWK,20200319,0.13,0.13,0.13,0.13,20000
SWM,20200319,0.105,0.105,0.067,0.078,18809596
SXA,20200319,0.047,0.047,0.047,0.047,35967
SXE,20200319,0.43,0.43,0.41,0.41,31343
SXL,20200319,0.295,0.335,0.26,0.275,10857985
SXY,20200319,0.17,0.177,0.145,0.15,11651954
SYA,20200319,0.008,0.008,0.008,0.008,793743
SYD,20200319,4.89,4.93,4.6,4.7,21222101
SYI,20200319,21.4,21.865,20.37,20.52,15886
SYR,20200319,0.21,0.215,0.15,0.15,24178809
SZL,20200319,0.7,0.7,0.495,0.55,297940
TAH,20200319,2.51,2.6,2.41,2.41,15611789
TAM,20200319,0.039,0.04,0.037,0.04,201470
TAO,20200319,0.056,0.056,0.045,0.045,70500
TAP,20200319,0.068,0.071,0.065,0.065,485231
TAS,20200319,0.025,0.025,0.025,0.025,372453
TBL,20200319,0.18,0.18,0.18,0.18,60000
TBR,20200319,4.75,4.75,4.57,4.61,29231
TCL,20200319,10.28,10.59,9.62,10.04,16154976
TCN,20200319,0.036,0.036,0.035,0.035,187202
TD1,20200319,0.017,0.017,0.014,0.014,2500993
TDI,20200319,1.27,1.27,1.165,1.2,66000
TDO,20200319,0.051,0.051,0.05,0.05,360000
TDY,20200319,0.09,0.095,0.09,0.095,125000
TEG,20200319,0.023,0.023,0.022,0.022,202543
TEK,20200319,0.18,0.18,0.17,0.175,487801
TER,20200319,0.165,0.19,0.15,0.19,335710
TFL,20200319,0.087,0.087,0.085,0.085,248157
TGA,20200319,0.041,0.041,0.029,0.04,3114687
TGF,20200319,1.02,1.02,0.935,0.95,160236
TGG,20200319,1.06,1.06,1.035,1.06,565809
TGM,20200319,0.175,0.2,0.175,0.2,237613
TGN,20200319,0.125,0.19,0.125,0.19,16173
TGP,20200319,0.86,0.86,0.745,0.75,136907
TGR,20200319,3.09,3.16,2.94,2.98,1831045
THC,20200319,0.21,0.22,0.195,0.195,583725
THR,20200319,0.003,0.003,0.003,0.003,2743666
TIA,20200319,0.21,0.21,0.2,0.2,13078
TIP,20200319,0.56,0.595,0.56,0.595,3717
TKL,20200319,0.005,0.005,0.004,0.004,152200
TLG,20200319,0.2,0.255,0.175,0.205,1377124
TLM,20200319,0.065,0.07,0.065,0.07,425209
TLS,20200319,3.23,3.3,3.16,3.27,62488885
TLT,20200319,2.76,2.76,2.76,2.76,14336
TLX,20200319,0.96,0.96,0.86,0.86,618359
TMG,20200319,0.044,0.044,0.041,0.041,225958
TMR,20200319,0.14,0.14,0.13,0.135,193076
TMT,20200319,0.069,0.071,0.063,0.07,104125
TMX,20200319,0.003,0.003,0.003,0.003,1015000
TMZ,20200319,0.003,0.003,0.003,0.003,410
TNE,20200319,7.48,7.48,7,7.1,2717431
TNG,20200319,0.053,0.053,0.048,0.049,400476
TNK,20200319,0.78,0.78,0.7,0.7,49941
TNR,20200319,0.006,0.006,0.006,0.006,712500
TNT,20200319,0.044,0.044,0.032,0.032,6706362
TNY,20200319,0.775,0.82,0.665,0.665,154425
TOE,20200319,0.005,0.005,0.005,0.005,1344456
TON,20200319,0.016,0.016,0.016,0.016,106050
TOP,20200319,0.41,0.41,0.35,0.35,146889
TOT,20200319,0.825,0.825,0.745,0.75,71535
TPM,20200319,7.49,7.49,6.935,7,1959516
TPS,20200319,0.051,0.051,0.051,0.051,47000
TPW,20200319,1.95,2.04,1.845,1.92,265816
TRL,20200319,0.02,0.02,0.02,0.02,4382
TRS,20200319,2.84,2.84,2.55,2.65,175877
TRT,20200319,0.01,0.01,0.009,0.01,426490
TRY,20200319,0.065,0.067,0.062,0.062,682300
TSC,20200319,0.005,0.005,0.004,0.004,7827171
TSL,20200319,0.044,0.044,0.043,0.043,161873
TSO,20200319,0.034,0.034,0.029,0.031,4855503
TTB,20200319,0.4,0.42,0.31,0.31,189849
TTM,20200319,0.045,0.045,0.033,0.039,2239087
TTT,20200319,0.58,0.65,0.56,0.62,487481
TWD,20200319,3,3,3,3,5806
TWE,20200319,8.98,9.48,8.86,9.14,8115220
TWR,20200319,0.58,0.58,0.5,0.5,13227
TYM,20200319,0.018,0.018,0.013,0.013,93899
TYR,20200319,1.35,1.39,0.97,0.97,6016323
TYX,20200319,0.003,0.003,0.002,0.002,115000
TZL,20200319,0.06,0.06,0.06,0.06,200
TZN,20200319,0.029,0.029,0.025,0.025,62500
UBA,20200319,16.7,16.7,15.82,15.82,2541
UBE,20200319,19,19,18.55,18.59,1389
UBI,20200319,0.155,0.155,0.14,0.15,239987
UBJ,20200319,24.23,24.5,24.22,24.5,757
UBN,20200319,0.04,0.04,0.034,0.034,138471
UBP,20200319,27.45,27.7,27,27,1304
UBU,20200319,31,31,31,31,645
UBW,20200319,26.3,27.03,26.3,26.55,10155
UCM,20200319,0.24,0.245,0.205,0.21,578409
UCW,20200319,0.15,0.15,0.15,0.15,5000
UNL,20200319,0.025,0.025,0.025,0.025,12344
UNV,20200319,0.16,0.16,0.13,0.13,308494
UOS,20200319,0.66,0.66,0.645,0.645,181112
URF,20200319,0.32,0.335,0.285,0.305,242620
URW,20200319,4.5,4.81,4.45,4.68,2208152
USD,20200319,16.8,17.76,16.75,17.41,755421
UUV,20200319,0.002,0.002,0.002,0.002,500000
UWL,20200319,0.79,0.92,0.78,0.81,1594459
VAE,20200319,62.76,63.73,62.3,62.4,33330
VAF,20200319,51.11,51.5,48.8,50.5,59072
VAH,20200319,0.068,0.073,0.058,0.058,7555433
VAN,20200319,0.094,0.1,0.09,0.09,110593
VAP,20200319,61.03,61.82,51.22,51.22,143726
VAS,20200319,64.07,65.15,60.56,61.22,890076
VBS,20200319,0.52,0.52,0.52,0.52,1100
VCF,20200319,47.4,47.81,46.03,47.25,6667
VCX,20200319,1.24,1.315,1.03,1.04,33357387
VEA,20200319,1.29,1.335,1.22,1.25,15658768
VEN,20200319,0.074,0.074,0.063,0.063,387387
VEQ,20200319,46.6,48.5,45.74,46.95,158899
VEU,20200319,64.3,65.3,62.68,63.24,131153
VG1,20200319,2.03,2.11,2.03,2.1,1363156
VG8,20200319,2.13,2.2,2.09,2.11,1633911
VGB,20200319,52.19,52.59,50.5,52.3,56687
VGE,20200319,61.22,61.33,58.35,59.5,27531
VGI,20200319,8.7,8.9,7.96,7.96,35560
VGL,20200319,1.25,1.25,1.25,1.25,1679
VGS,20200319,69,73.49,69,70.52,179204
VHT,20200319,1.14,1.14,0.99,0.99,933070
VHY,20200319,44.63,45.92,42.5,42.62,93423
VIF,20200319,50,50,49.3,49.32,24832
VKA,20200319,0.005,0.005,0.005,0.005,137000
VLC,20200319,53.04,53.85,50.84,50.98,7163
VLT,20200319,0.14,0.15,0.12,0.135,432070
VMC,20200319,0.135,0.135,0.13,0.13,220591
VML,20200319,0.006,0.006,0.005,0.006,13487493
VMS,20200319,0.009,0.009,0.008,0.008,2675218
VMT,20200319,0.135,0.155,0.13,0.145,562281
VMX,20200319,0.175,0.2,0.17,0.17,29344
VMY,20200319,0.024,0.025,0.021,0.023,2413660
VN8,20200319,0.08,0.08,0.08,0.08,1109
VOC,20200319,2.4,2.41,2.07,2.13,6791932
VOL,20200319,0.9,0.98,0.9,0.98,1525
VOR,20200319,0.004,0.004,0.003,0.003,3598102
VPR,20200319,0.001,0.001,0.001,0.001,520000
VR1,20200319,0.016,0.016,0.016,0.016,90536
VR8,20200319,0.012,0.012,0.012,0.012,1896
VRC,20200319,0.007,0.007,0.006,0.006,1327780
VRL,20200319,1.2,1.255,0.77,0.855,730525
VRT,20200319,2.95,2.95,2.53,2.57,367566
VRX,20200319,0.071,0.071,0.067,0.067,441187
VSO,20200319,42.74,42.74,39.38,39.38,10123
VTG,20200319,0.895,0.895,0.71,0.72,1047504
VTH,20200319,0.64,0.67,0.64,0.67,48699
VTI,20200319,0.025,0.025,0.023,0.023,610000
VTS,20200319,205,214.45,203.07,205,34854
VUK,20200319,1.49,1.55,1.31,1.38,14345634
VUL,20200319,0.195,0.2,0.175,0.175,398254
VVA,20200319,0.9,0.92,0.85,0.9,38617
VVR,20200319,2.23,2.25,1.98,1.99,6841822
VXR,20200319,0.075,0.075,0.07,0.07,314553
VYS,20200319,0.04,0.04,0.039,0.04,69776
WAA,20200319,0.88,0.88,0.87,0.875,60750
WAF,20200319,0.45,0.482,0.43,0.455,5514559
WAM,20200319,1.85,1.86,1.78,1.78,1264595
WAX,20200319,1.2,1.23,1.155,1.155,280252
WBC,20200319,16.38,16.88,14.53,14.53,32807395
WBE,20200319,0.004,0.004,0.003,0.003,3386750
WBT,20200319,0.285,0.295,0.265,0.265,141634
WCN,20200319,0.003,0.003,0.003,0.003,569127
WEC,20200319,0.065,0.065,0.065,0.065,40384
WEL,20200319,0.018,0.018,0.017,0.017,433761
WES,20200319,35.02,35.88,33.64,34.89,4615581
WGB,20200319,1.66,1.685,1.61,1.61,453663
WGN,20200319,0.75,0.785,0.64,0.64,427066
WGO,20200319,0.096,0.099,0.088,0.093,1148210
WGX,20200319,1.61,1.665,1.535,1.59,2490250
WHC,20200319,1.485,1.585,1.45,1.585,9809906
WHF,20200319,3.99,3.99,3.8,3.95,127484
WHK,20200319,0.032,0.035,0.03,0.031,222609
WIC,20200319,0.745,0.745,0.7,0.7,100503
WJA,20200319,0.08,0.08,0.08,0.08,177764
WKT,20200319,0.135,0.14,0.13,0.14,17879
WLD,20200319,0.04,0.041,0.04,0.04,215600
WLE,20200319,0.95,0.955,0.91,0.91,1406861
WMI,20200319,1.06,1.06,0.95,0.95,636184
WML,20200319,0.011,0.011,0.011,0.011,100000
WNB,20200319,0.007,0.008,0.005,0.005,121560869
WND,20200319,0.89,0.89,0.85,0.85,340840
WNR,20200319,0.23,0.24,0.23,0.24,68000
WOA,20200319,0.095,0.095,0.09,0.09,20000
WOR,20200319,5.54,5.6,4.63,5.11,5909960
WOW,20200319,39.99,41.87,39.27,39.9,8721914
WPL,20200319,16.88,17.16,15.375,15.91,10267881
WPP,20200319,0.45,0.45,0.42,0.42,875758
WQG,20200319,0.98,1.02,0.97,0.98,182735
WRM,20200319,0.003,0.003,0.003,0.003,3240332
WSA,20200319,1.855,1.955,1.73,1.745,5245258
WSI,20200319,0.011,0.011,0.011,0.011,1670000
WSP,20200319,0.98,0.98,0.89,0.915,127255
WTC,20200319,12,12.45,9.97,10.48,2568053
WWI,20200319,0.01,0.01,0.008,0.009,1570522
WZR,20200319,0.09,0.094,0.074,0.075,16250655
XAM,20200319,0.025,0.025,0.023,0.025,111000
XF1,20200319,0.16,0.17,0.14,0.14,518511
XPL,20200319,0.046,0.06,0.046,0.06,14380
XRF,20200319,0.17,0.17,0.15,0.155,351090
XRO,20200319,67.93,69.13,63.77,63.94,1486911
XTD,20200319,0.024,0.024,0.024,0.024,116094
XTE,20200319,0.51,0.51,0.51,0.51,37584
YAL,20200319,2,2.13,1.98,2.13,22502
YBR,20200319,0.07,0.07,0.06,0.06,185856
YOJ,20200319,0.018,0.018,0.016,0.016,1779348
YPB,20200319,0.002,0.002,0.001,0.001,1800000
YRL,20200319,0.17,0.17,0.12,0.12,106077
Z1P,20200319,1.335,1.415,1.13,1.175,9378329
ZEL,20200319,3.22,3.22,3,3.08,75410
ZEN,20200319,0.855,0.855,0.78,0.79,1230114
ZGL,20200319,0.048,0.048,0.046,0.046,293256
ZIM,20200319,9.15,9.8,7.75,7.75,12197
ZLD,20200319,0.031,0.031,0.028,0.029,1302100
ZMI,20200319,0.045,0.045,0.045,0.045,50000
ZNO,20200319,1.48,1.51,1.25,1.265,3743237
XAF,20200319,4943.9,5118.8,4736.8,4782.2,0
XAO,20200319,4998.8,5134.5,4768.7,4809.4,2488643000
XAT,20200319,4902.1,5050.3,4686.8,4727.6,0
XDJ,20200319,1832.8,1863.5,1750.8,1774.8,0
XEC,20200319,905.2,905.3,818.3,822,0
XEJ,20200319,5600,5600,5145.2,5195.6,0
XFJ,20200319,4232.3,4466,3934.8,3934.8,0
XFL,20200319,4966.1,5144.5,4763,4809.1,0
XGD,20200319,6062.6,6062.6,5521.9,5571.8,0
XHJ,20200319,38330.6,39695.9,37976.2,39326.7,0
XIJ,20200319,923.3,959,883.8,892.8,0
XJO,20200319,4953.2,5102.5,4741,4782.9,0
XJR,20200319,3369.3,3448,3241.3,3286.7,0
XKO,20200319,4910.4,5053.7,4695.6,4736.8,0
XMD,20200319,5048.3,5085,4798,4836.6,0
XMJ,20200319,10224.4,10601.2,9961.3,10077.6,0
XMM,20200319,3399,3523.6,3300.5,3349.8,0
XNJ,20200319,4459,4509,4305,4395.2,0
XPJ,20200319,1065.1,1086.7,901.7,907.1,0
XSJ,20200319,12450,13039.2,12385.8,12562.1,0
XSO,20200319,2069.5,2080,1949.3,1955.1,0
XTJ,20200319,1074.8,1102.1,1058.5,1072.6,0
XTL,20200319,2826.7,2943,2720.7,2750.7,0
XTO,20200319,4109.9,4241.4,3937,3974.1,0
XUJ,20200319,6868.7,7310,6868.7,7081.8,0
XXJ,20200319,4720.4,4981.1,4388.7,4388.7,0
