360,20200529,2,2.08,2,2.01,53556
14D,20200529,0.155,0.16,0.15,0.16,117173
1AD,20200529,0.08,0.08,0.075,0.076,340772
1ST,20200529,0.031,0.033,0.03,0.03,585000
3DA,20200529,0.16,0.16,0.155,0.155,16637
3DP,20200529,0.043,0.043,0.04,0.04,516337
4DS,20200529,0.052,0.052,0.051,0.051,691570
5GN,20200529,1.145,1.155,1.105,1.12,630028
88E,20200529,0.006,0.006,0.005,0.006,11357706
9SP,20200529,0.018,0.018,0.016,0.018,9811805
A1G,20200529,0.135,0.135,0.13,0.13,15814
A1M,20200529,0.325,0.33,0.305,0.305,64127
A2B,20200529,0.765,0.79,0.76,0.765,90181
A2M,20200529,17.39,17.83,17.39,17.71,2289000
A3D,20200529,0.074,0.074,0.071,0.072,410566
A4N,20200529,0.17,0.17,0.165,0.165,506589
AAA,20200529,50.09,50.11,50.09,50.09,263135
AAC,20200529,1.07,1.085,1.055,1.08,1281601
AAJ,20200529,0.005,0.005,0.005,0.005,696009
AAR,20200529,0.14,0.145,0.135,0.14,259973
ABA,20200529,4.7,4.7,4.58,4.59,8908
ABC,20200529,2.86,2.86,2.7,2.72,2796776
ABP,20200529,2.61,2.65,2.53,2.58,2752868
ABT,20200529,0.016,0.018,0.016,0.016,97572
ABV,20200529,0.024,0.024,0.023,0.023,25313
ABX,20200529,0.094,0.094,0.094,0.094,5862
AC8,20200529,0.175,0.175,0.17,0.175,611249
ACB,20200529,0.011,0.011,0.01,0.01,1551680
ACF,20200529,0.275,0.285,0.27,0.275,119693
ACQ,20200529,0.9,0.915,0.885,0.885,193716
ACR,20200529,0.18,0.22,0.165,0.175,2854685
ACS,20200529,0.005,0.005,0.005,0.005,100000
ACU,20200529,0.08,0.091,0.08,0.091,15289
ACW,20200529,0.019,0.019,0.019,0.019,198421
AD1,20200529,0.011,0.011,0.011,0.011,40000
AD8,20200529,6.18,6.54,6.1,6.4,448472
ADA,20200529,0.45,0.45,0.435,0.445,37925
ADH,20200529,1.83,1.9,1.795,1.87,1492646
ADI,20200529,2.51,2.58,2.44,2.5,296355
ADO,20200529,0.023,0.024,0.023,0.024,763372
ADR,20200529,0.026,0.026,0.025,0.025,61209
ADS,20200529,0.022,0.022,0.02,0.02,363210
ADT,20200529,1.33,1.45,1.33,1.4,395889
ADV,20200529,0.005,0.005,0.004,0.004,1653010
ADX,20200529,0.007,0.007,0.007,0.007,7324432
ADY,20200529,0.011,0.011,0.011,0.011,10750
AEF,20200529,7.1,7.3,6.98,7.22,358123
AEG,20200529,1.145,1.15,1.13,1.15,101698
AEI,20200529,0.715,0.735,0.7,0.7,225280
AFG,20200529,1.67,1.67,1.56,1.58,3017168
AFI,20200529,6.14,6.14,6.04,6.07,496666
AFL,20200529,0.15,0.15,0.15,0.15,3664
AGD,20200529,0.155,0.155,0.145,0.145,263777
AGE,20200529,0.006,0.007,0.006,0.006,5553739
AGG,20200529,7.6,7.74,7.43,7.55,16289
AGH,20200529,0.36,0.365,0.355,0.355,301505
AGI,20200529,0.46,0.46,0.45,0.455,144281
AGL,20200529,16.79,16.95,16.73,16.76,3412533
AGM,20200529,1.635,1.635,1.63,1.63,38856
AGR,20200529,0.07,0.073,0.068,0.068,17143
AGS,20200529,0.18,0.18,0.18,0.18,40000
AGY,20200529,0.068,0.07,0.065,0.066,2011872
AHF,20200529,0.077,0.077,0.076,0.077,158515
AHL,20200529,0.005,0.005,0.005,0.005,231987
AHX,20200529,0.45,0.45,0.45,0.45,2208
AHY,20200529,1,1.037,1,1.02,556384
AIA,20200529,6.02,6.11,5.91,6.04,842062
AIS,20200529,0.043,0.043,0.042,0.043,325140
AIZ,20200529,1.325,1.34,1.29,1.29,3997699
AJM,20200529,0.045,0.045,0.044,0.044,1317053
AJQ,20200529,0.029,0.029,0.028,0.028,1029413
AJX,20200529,0.048,0.048,0.044,0.044,141249
AKG,20200529,0.245,0.245,0.24,0.24,50190
AKM,20200529,0.07,0.079,0.07,0.079,117500
AKP,20200529,20.02,23.5,20.02,21.3,52685
AL3,20200529,0.165,0.165,0.16,0.165,153872
ALC,20200529,0.16,0.16,0.155,0.155,812948
ALD,20200529,27.15,27.7,27,27.09,2996390
ALF,20200529,0.88,0.885,0.87,0.875,235262
ALG,20200529,0.465,0.48,0.44,0.45,22033465
ALI,20200529,2.26,2.27,2.23,2.25,44946
ALK,20200529,0.89,0.925,0.89,0.92,3196619
ALL,20200529,26.45,26.55,25.72,25.72,3954022
ALQ,20200529,7.29,7.42,7.15,7.15,1858130
ALU,20200529,36.84,37.41,36.62,37.19,572346
ALX,20200529,6.62,6.93,6.43,6.66,8181313
ALY,20200529,0.012,0.015,0.012,0.015,913210
AMA,20200529,0.65,0.66,0.625,0.635,26329109
AMC,20200529,15.02,15.16,14.82,14.88,2337038
AMD,20200529,0.007,0.007,0.007,0.007,979731
AME,20200529,0.075,0.081,0.072,0.076,2686991
AMG,20200529,0.039,0.04,0.034,0.035,5827997
AMH,20200529,0.895,0.9,0.89,0.89,78116
AMI,20200529,0.32,0.33,0.32,0.325,6582639
AML,20200529,0.087,0.087,0.08,0.083,1096112
AMN,20200529,0.48,0.48,0.455,0.475,85573
AMP,20200529,1.67,1.68,1.62,1.63,19036220
AMS,20200529,0.56,0.575,0.54,0.565,1119215
AMT,20200529,0.11,0.11,0.11,0.11,20000
AMX,20200529,1.77,1.78,1.7,1.71,99656
ANA,20200529,0.017,0.018,0.015,0.015,9355331
ANG,20200529,0.135,0.14,0.13,0.14,111580
ANL,20200529,0.001,0.002,0.001,0.001,36849500
ANN,20200529,34.19,35.44,34.19,35.27,776456
ANO,20200529,4.87,4.9,4.7,4.7,27300
ANP,20200529,0.076,0.076,0.072,0.073,7084956
ANR,20200529,0.195,0.2,0.195,0.195,140541
ANW,20200529,0.001,0.001,0.001,0.001,5000000
ANZ,20200529,18.5,18.51,17.89,17.89,19484165
AOF,20200529,2.18,2.22,2.16,2.16,25602
AON,20200529,0.025,0.026,0.025,0.025,950000
AOP,20200529,0.29,0.29,0.275,0.275,274184
APA,20200529,11.47,11.7,11.455,11.61,2970999
APD,20200529,0.555,0.56,0.535,0.55,244371
APE,20200529,6.68,6.74,6.38,6.44,1200337
APH,20200529,0.13,0.13,0.13,0.13,4000
API,20200529,1.185,1.185,1.125,1.125,1812218
APL,20200529,0.97,0.975,0.965,0.97,762901
APT,20200529,46.85,47.57,46.15,47.41,24439242
APV,20200529,0.165,0.17,0.16,0.17,66835
APX,20200529,30.48,30.94,29.6,30.8,1543199
AQC,20200529,0.145,0.145,0.14,0.14,8487
AQD,20200529,0.013,0.013,0.013,0.013,1000000
AQG,20200529,9.27,9.38,9.13,9.17,1228158
AQI,20200529,0.075,0.082,0.075,0.08,1440974
AQR,20200529,3.36,3.39,3.3,3.34,63620
AQX,20200529,0.023,0.023,0.023,0.023,1006745
AQZ,20200529,2.75,2.76,2.61,2.65,199172
AR9,20200529,0.056,0.056,0.055,0.055,338012
ARB,20200529,16.83,17.1,16.69,17.04,182021
ARD,20200529,0.019,0.02,0.019,0.02,3527280
ARE,20200529,0.007,0.007,0.006,0.006,8591451
ARF,20200529,2.5,2.65,2.45,2.47,1362043
ARG,20200529,7.52,7.59,7.45,7.45,204155
ARL,20200529,0.315,0.315,0.29,0.305,206997
ARM,20200529,0.027,0.03,0.026,0.03,12752601
ARN,20200529,0.097,0.097,0.086,0.089,2736551
ARO,20200529,0.002,0.002,0.002,0.002,9000
ARQ,20200529,0.115,0.115,0.096,0.105,1129000
ARS,20200529,0.047,0.047,0.047,0.047,2499364
ARU,20200529,0.079,0.079,0.076,0.078,971523
ARV,20200529,0.029,0.03,0.029,0.03,1971423
ASB,20200529,3.85,3.86,3.2,3.34,9774388
ASG,20200529,0.97,0.97,0.92,0.95,10339
ASH,20200529,0.305,0.305,0.3,0.3,18600
AST,20200529,1.74,1.78,1.73,1.755,16977387
ASX,20200529,88,88.99,87.2,88.18,1218049
AT1,20200529,0.3,0.35,0.29,0.34,7866919
ATC,20200529,0.048,0.051,0.047,0.051,595888
ATH,20200529,0.018,0.018,0.017,0.018,1341510
ATL,20200529,0.36,0.375,0.35,0.35,84158
ATS,20200529,0.03,0.032,0.029,0.029,10806380
ATU,20200529,0.235,0.25,0.235,0.24,116801
ATX,20200529,0.135,0.14,0.135,0.135,94832
AU8,20200529,0.061,0.062,0.058,0.058,289795
AUB,20200529,13.15,13.9,13.11,13.65,2821258
AUC,20200529,0.014,0.014,0.013,0.013,9947461
AUH,20200529,0.002,0.002,0.002,0.002,1000000
AUI,20200529,8.11,8.12,7.95,7.95,49527
AUL,20200529,0.28,0.28,0.28,0.28,10389
AUQ,20200529,0.013,0.013,0.013,0.013,40000
AUT,20200529,0.053,0.055,0.052,0.054,1622114
AUZ,20200529,0.009,0.009,0.009,0.009,13379918
AVE,20200529,0.007,0.007,0.007,0.007,444239
AVG,20200529,0.44,0.45,0.415,0.43,54834
AVH,20200529,0.475,0.485,0.47,0.475,14876296
AVJ,20200529,0.42,0.43,0.42,0.42,296186
AVL,20200529,0.01,0.01,0.009,0.01,844584
AVN,20200529,1.98,2.01,1.93,1.98,1854034
AVR,20200529,6.68,6.68,6.12,6.15,6459
AVW,20200529,0.004,0.004,0.003,0.003,17794924
AVZ,20200529,0.066,0.066,0.063,0.064,4612704
AWC,20200529,1.535,1.565,1.485,1.485,262023667
AWV,20200529,0.025,0.025,0.022,0.022,2568212
AX1,20200529,1.385,1.405,1.34,1.355,4047868
AXE,20200529,0.62,0.665,0.61,0.65,1829129
AYF,20200529,5.41,5.41,5.41,5.41,1000
AYR,20200529,0.013,0.014,0.013,0.013,665209
AYS,20200529,0.325,0.335,0.325,0.335,154058
AZI,20200529,0.006,0.006,0.005,0.006,2698417
AZJ,20200529,4.69,4.77,4.62,4.75,10650464
AZS,20200529,0.095,0.095,0.095,0.095,80000
AZV,20200529,0.075,0.075,0.075,0.075,47923
AZY,20200529,0.028,0.028,0.026,0.026,7380665
BAF,20200529,0.72,0.72,0.715,0.715,178631
BAP,20200529,5.88,5.96,5.75,5.79,2268143
BAT,20200529,0.006,0.006,0.006,0.006,30000
BBC,20200529,0.53,0.55,0.53,0.53,30999
BBL,20200529,0.38,0.38,0.375,0.38,9906
BBN,20200529,3.24,3.32,3.19,3.26,231589
BBX,20200529,0.1,0.1,0.1,0.1,10000
BC8,20200529,0.67,0.67,0.585,0.63,920015
BCB,20200529,0.047,0.047,0.046,0.046,377745
BCC,20200529,0.155,0.155,0.155,0.155,24311
BCI,20200529,0.17,0.17,0.165,0.17,179234
BCN,20200529,0.039,0.039,0.037,0.038,6223339
BCT,20200529,0.069,0.069,0.061,0.064,1271318
BD1,20200529,0.028,0.031,0.028,0.031,5600373
BDA,20200529,0.3,0.3,0.295,0.295,56583
BDC,20200529,0.09,0.09,0.086,0.086,4724732
BEE,20200529,0.015,0.015,0.015,0.015,153381
BEL,20200529,0.031,0.031,0.031,0.031,204058
BEN,20200529,6.44,6.445,6.12,6.15,53483407
BET,20200529,0.33,0.35,0.325,0.35,1569439
BFC,20200529,0.053,0.054,0.053,0.054,201955
BFG,20200529,1.165,1.185,1.135,1.135,290678
BGA,20200529,5.4,5.47,5.27,5.34,1083765
BGL,20200529,0.82,0.895,0.82,0.85,11152906
BGT,20200529,0.16,0.16,0.16,0.16,152024
BHP,20200529,35.11,35.26,34.64,34.64,14065460
BID,20200529,0.745,0.745,0.7,0.7,350666
BIN,20200529,2.42,2.43,2.36,2.36,5229216
BIS,20200529,0.875,0.875,0.87,0.87,4463
BIT,20200529,0.094,0.094,0.092,0.092,500907
BKI,20200529,1.45,1.465,1.435,1.435,266165
BKL,20200529,80.01,82.89,80,81.94,93477
BKW,20200529,15.56,15.64,15.17,15.44,936460
BKY,20200529,0.265,0.265,0.265,0.265,20822
BLD,20200529,3.06,3.11,2.96,3.11,139387687
BLG,20200529,0.024,0.025,0.024,0.025,627500
BLK,20200529,0.015,0.016,0.014,0.016,26643736
BLU,20200529,0.035,0.036,0.033,0.033,3059539
BLV,20200529,0.074,0.074,0.071,0.071,191746
BLX,20200529,0.945,0.965,0.915,0.95,11347
BLY,20200529,0.61,0.615,0.61,0.615,11453
BLZ,20200529,0.019,0.019,0.018,0.018,311841
BMG,20200529,0.003,0.003,0.003,0.003,6625302
BMN,20200529,0.038,0.039,0.037,0.037,466204
BNL,20200529,0.009,0.009,0.008,0.008,2075800
BNO,20200529,0.053,0.053,0.048,0.05,1149269
BNR,20200529,0.058,0.062,0.058,0.062,88000
BOC,20200529,0.25,0.255,0.235,0.255,13275
BOE,20200529,0.063,0.067,0.063,0.067,2174991
BOL,20200529,0.089,0.089,0.087,0.087,102000
BOQ,20200529,5.52,5.52,5.3,5.3,4304636
BOT,20200529,0.049,0.05,0.048,0.049,1958830
BPL,20200529,0.024,0.024,0.021,0.021,497750
BPT,20200529,1.59,1.62,1.57,1.615,20671543
BRB,20200529,0.28,0.28,0.27,0.27,857758
BRG,20200529,21.5,22.61,21.41,22.36,371050
BRI,20200529,1.48,1.48,1.48,1.48,5000
BRK,20200529,0.006,0.006,0.005,0.005,4200883
BRL,20200529,0.054,0.055,0.054,0.054,831716
BRN,20200529,0.072,0.073,0.067,0.071,11760852
BRU,20200529,0.11,0.11,0.1,0.105,114031
BRV,20200529,0.03,0.034,0.03,0.034,3019547
BSA,20200529,0.26,0.26,0.26,0.26,111614
BSE,20200529,0.17,0.17,0.17,0.17,330669
BSL,20200529,11.44,11.49,11.03,11.03,6015597
BSX,20200529,0.145,0.16,0.145,0.15,1376951
BTC,20200529,0.1,0.1,0.1,0.1,22743
BTH,20200529,0.785,0.795,0.76,0.77,1487441
BTI,20200529,0.8,0.825,0.8,0.8,132161
BUB,20200529,1.085,1.09,1.055,1.07,3349851
BUD,20200529,0.011,0.013,0.011,0.013,5199873
BUG,20200529,0.165,0.165,0.165,0.165,18500
BUX,20200529,0.08,0.08,0.079,0.079,87666
BUY,20200529,0.012,0.012,0.011,0.011,5540691
BVS,20200529,4.77,4.9,4.76,4.85,733824
BWF,20200529,0.3,0.3,0.3,0.3,23332
BWP,20200529,3.85,3.86,3.75,3.78,1865084
BWX,20200529,3.86,3.86,3.75,3.83,332862
BXB,20200529,11.42,11.71,11.42,11.64,12100756
BXN,20200529,0.014,0.014,0.014,0.014,90000
BYE,20200529,0.145,0.145,0.14,0.14,792034
BYH,20200529,0.063,0.064,0.056,0.056,444497
CAA,20200529,0.1,0.1,0.1,0.1,470624
CAD,20200529,0.002,0.002,0.002,0.002,1000000
CAF,20200529,0.08,0.08,0.08,0.08,20000
CAG,20200529,0.48,0.48,0.45,0.45,50644
CAI,20200529,0.415,0.47,0.415,0.47,1957392
CAJ,20200529,0.22,0.22,0.205,0.215,3127498
CAM,20200529,0.77,0.77,0.77,0.77,34888
CAN,20200529,1.175,1.175,1.15,1.17,237390
CAP,20200529,0.027,0.027,0.023,0.023,176673
CAR,20200529,16.3,16.59,16.15,16.15,1029135
CAT,20200529,1.475,1.475,1.365,1.43,1107784
CAU,20200529,0.12,0.12,0.115,0.115,96466
CAV,20200529,0.004,0.005,0.003,0.005,9020921
CAY,20200529,0.125,0.13,0.12,0.12,2042028
CAZ,20200529,0.028,0.032,0.028,0.031,4670559
CBA,20200529,65.37,65.65,63.75,63.75,8073379
CBR,20200529,2.25,2.33,2.15,2.16,180150
CCA,20200529,0.095,0.11,0.092,0.095,3913607
CCG,20200529,0.071,0.071,0.07,0.07,121400
CCL,20200529,8.84,8.9,8.67,8.76,7787121
CCP,20200529,17,17.33,16.5,17.17,794468
CCV,20200529,0.205,0.21,0.202,0.21,157298
CCX,20200529,2.84,2.95,2.78,2.95,168729
CCZ,20200529,0.023,0.024,0.023,0.023,849000
CD1,20200529,0.845,0.845,0.845,0.845,9000
CDA,20200529,7.11,7.21,7.02,7.08,377299
CDD,20200529,0.287,0.3,0.285,0.3,521270
CDM,20200529,0.605,0.605,0.595,0.595,503176
CDP,20200529,3.65,3.7,3.57,3.7,18970
CDT,20200529,0.009,0.009,0.009,0.009,1361112
CDV,20200529,0.405,0.42,0.4,0.41,252571
CDX,20200529,0.024,0.027,0.023,0.027,4589942
CE1,20200529,0.005,0.005,0.005,0.005,113
CEL,20200529,0.23,0.23,0.22,0.23,1914814
CEN,20200529,5.84,5.84,5.74,5.83,7852
CFE,20200529,0.003,0.003,0.002,0.002,557429
CG1,20200529,0.22,0.23,0.22,0.23,45892
CGA,20200529,0.3,0.3,0.3,0.3,50000
CGC,20200529,3.23,3.27,3.15,3.22,4916999
CGF,20200529,5.12,5.155,5,5.01,54129430
CGL,20200529,2.85,2.87,2.78,2.84,1093670
CGN,20200529,0.009,0.011,0.009,0.011,164012
CGO,20200529,0.12,0.12,0.12,0.12,2042
CGR,20200529,0.28,0.285,0.27,0.28,925028
CGS,20200529,0.3,0.31,0.3,0.31,529177
CHC,20200529,9.66,9.855,9.55,9.69,2440312
CHK,20200529,0.009,0.009,0.009,0.009,243000
CHN,20200529,0.95,1.04,0.945,1.02,4297154
CHZ,20200529,0.087,0.087,0.087,0.087,116889
CI1,20200529,0.028,0.029,0.028,0.029,1132604
CIA,20200529,2.58,2.8,2.56,2.8,9584642
CIE,20200529,0.59,0.6,0.585,0.59,86487
CII,20200529,0.75,0.75,0.75,0.75,17847
CIM,20200529,24.96,24.96,24.17,24.94,1309513
CIN,20200529,24.89,24.89,23.45,24.5,790
CIO,20200529,0.024,0.024,0.024,0.024,16
CIP,20200529,2.85,2.975,2.79,2.94,1973402
CKA,20200529,0.044,0.044,0.044,0.044,168518
CKF,20200529,7.91,8.18,7.8,8,602905
CL1,20200529,1.395,1.41,1.37,1.41,122709
CL8,20200529,0.009,0.009,0.009,0.009,382500
CLA,20200529,0.012,0.013,0.012,0.013,2635000
CLB,20200529,0.095,0.095,0.095,0.095,10000
CLF,20200529,1.1,1.1,1.1,1.1,8427
CLQ,20200529,0.195,0.195,0.185,0.195,226010
CLT,20200529,0.045,0.051,0.045,0.05,37688
CLV,20200529,2.35,2.38,2.25,2.38,284925
CLW,20200529,4.36,4.41,4.27,4.38,3975580
CLX,20200529,0.48,0.48,0.46,0.46,24900
CLZ,20200529,0.002,0.002,0.001,0.001,15625049
CM8,20200529,0.027,0.027,0.026,0.027,559385
CMD,20200529,0.006,0.006,0.006,0.006,27750
CML,20200529,0.014,0.015,0.014,0.014,404370
CMM,20200529,1.54,1.575,1.52,1.56,234343
CMP,20200529,0.5,0.5,0.5,0.5,6275
CMW,20200529,0.84,0.84,0.79,0.8,14316236
CNB,20200529,0.1,0.11,0.1,0.11,392526
CNI,20200529,1.84,1.875,1.785,1.85,923299
CNU,20200529,6.76,7.1,6.74,7.01,1617734
CNW,20200529,0.023,0.023,0.023,0.023,592980
COB,20200529,0.115,0.12,0.115,0.12,115699
COE,20200529,0.425,0.43,0.41,0.415,5089438
COF,20200529,1.99,1.99,1.93,1.98,1860769
COG,20200529,0.043,0.043,0.041,0.041,650100
COH,20200529,191.17,194.92,190.01,193.01,402224
COI,20200529,0.11,0.12,0.1,0.115,824558
COL,20200529,15.26,15.37,15.11,15.36,11728425
COO,20200529,0.05,0.05,0.05,0.05,998
COS,20200529,0.41,0.43,0.41,0.43,136760
CP1,20200529,0.093,0.093,0.093,0.093,6000
CPU,20200529,13.27,13.38,13.1,13.1,3737334
CPV,20200529,0.15,0.155,0.145,0.145,251607
CQE,20200529,2.5,2.5,2.405,2.5,1812879
CQR,20200529,3.33,3.37,3.24,3.27,2847048
CR1,20200529,0.3,0.305,0.29,0.305,144519
CRN,20200529,1.155,1.185,1.13,1.185,1077833
CRO,20200529,0.004,0.004,0.004,0.004,7816666
CRS,20200529,0.155,0.155,0.155,0.155,60000
CSE,20200529,0.039,0.04,0.039,0.04,95466
CSL,20200529,286.7,288.175,276.22,276.22,4709833
CSR,20200529,4.04,4.11,4.01,4.07,3383023
CSS,20200529,0.68,0.685,0.665,0.685,51052
CST,20200529,0.135,0.135,0.115,0.12,3074065
CT1,20200529,0.031,0.034,0.031,0.034,1232500
CTD,20200529,12.03,12.1,11.58,11.99,1473389
CTE,20200529,0.245,0.245,0.175,0.2,271057
CTM,20200529,0.29,0.29,0.27,0.27,475401
CTO,20200529,0.006,0.006,0.005,0.005,925001
CTP,20200529,0.093,0.093,0.091,0.092,81008
CUE,20200529,0.105,0.11,0.105,0.105,236860
CUL,20200529,0.011,0.012,0.011,0.012,594683
CUP,20200529,1.04,1.1,1.02,1.02,43567
CUV,20200529,22.5,24.22,22.3,24.22,255955
CV1,20200529,0.078,0.08,0.077,0.077,458298
CVC,20200529,1.175,1.2,1.17,1.2,10003
CVF,20200529,0.825,0.83,0.82,0.82,226132
CVL,20200529,0.38,0.38,0.38,0.38,3600
CVN,20200529,0.225,0.225,0.22,0.22,1451081
CVV,20200529,0.03,0.032,0.025,0.025,56000
CVW,20200529,0.25,0.265,0.245,0.265,103243
CWN,20200529,9.7,9.83,9.55,9.59,9014089
CWP,20200529,5.57,5.57,5.415,5.57,123651
CWX,20200529,0.18,0.185,0.175,0.18,81000
CWY,20200529,1.955,1.97,1.935,1.95,9081025
CXL,20200529,0.74,0.775,0.74,0.77,9877
CXM,20200529,0.029,0.029,0.026,0.026,300000
CXO,20200529,0.046,0.047,0.044,0.047,2800933
CXU,20200529,0.025,0.025,0.025,0.025,16667
CXZ,20200529,0.014,0.014,0.014,0.014,40000
CY5,20200529,0.05,0.05,0.05,0.05,10000
CYC,20200529,1.52,1.55,1.5,1.54,13704
CYG,20200529,0.8,0.8,0.8,0.8,6380
CYL,20200529,2.54,2.7,2.54,2.69,63770
CYM,20200529,0.14,0.155,0.14,0.155,30058
CYP,20200529,0.69,0.69,0.67,0.675,146014
CZI,20200529,0.12,0.13,0.12,0.13,742999
CZL,20200529,0.005,0.005,0.005,0.005,2283275
CZN,20200529,0.003,0.003,0.003,0.003,2332000
CZR,20200529,0.011,0.012,0.011,0.012,2050000
D2O,20200529,1.375,1.375,1.36,1.37,20126
DAU,20200529,0.03,0.03,0.03,0.03,1298466
DBF,20200529,1.075,1.08,1.07,1.08,19725
DCC,20200529,0.028,0.028,0.027,0.027,1209788
DCL,20200529,0.057,0.057,0.057,0.057,30933
DCN,20200529,0.46,0.465,0.435,0.435,7253727
DCX,20200529,0.006,0.006,0.005,0.005,1910777
DDD,20200529,0.004,0.004,0.003,0.003,4097991
DDR,20200529,7.5,7.89,7.45,7.84,334824
DEG,20200529,0.395,0.41,0.385,0.405,8447084
DEM,20200529,0.16,0.16,0.16,0.16,85838
DEV,20200529,0.135,0.14,0.115,0.115,2633623
DGH,20200529,1.2,1.2,1.2,1.2,5094
DGO,20200529,2.44,2.44,2.3,2.3,10635
DGR,20200529,0.058,0.061,0.055,0.058,604798
DHG,20200529,3.04,3.13,3,3.07,1631439
DHR,20200529,0.002,0.002,0.002,0.002,750000
DJW,20200529,2.66,2.66,2.55,2.55,213492
DKM,20200529,0.16,0.175,0.16,0.175,2318566
DLC,20200529,0.005,0.006,0.005,0.006,5170421
DMP,20200529,62.18,62.9,61.51,62.33,231835
DNA,20200529,0.047,0.049,0.047,0.049,127265
DNK,20200529,0.425,0.43,0.415,0.42,76787
DOW,20200529,4.63,4.66,4.445,4.51,4844978
DRE,20200529,0.006,0.006,0.006,0.006,1606522
DRO,20200529,0.15,0.15,0.14,0.14,2062821
DRX,20200529,0.009,0.009,0.008,0.008,631666
DSE,20200529,0.06,0.061,0.055,0.059,1137731
DTC,20200529,0.947,0.947,0.91,0.91,81851
DTL,20200529,5.22,5.41,5.145,5.34,4382690
DTR,20200529,0.002,0.002,0.001,0.002,2979666
DTS,20200529,0.12,0.13,0.115,0.125,439289
DTZ,20200529,0.08,0.082,0.078,0.081,367118
DUB,20200529,1.24,1.28,1.23,1.26,647836
DUI,20200529,4.24,4.26,4.19,4.25,83094
DVL,20200529,0.02,0.02,0.017,0.017,506455
DW8,20200529,0.006,0.006,0.006,0.006,351200
DWS,20200529,0.81,0.81,0.795,0.795,41148
DXB,20200529,0.28,0.28,0.245,0.25,1931272
DXN,20200529,0.013,0.013,0.012,0.012,15379828
DXS,20200529,9,9.02,8.86,9,9872725
DYL,20200529,0.25,0.25,0.24,0.24,53698
E25,20200529,0.395,0.4,0.375,0.39,427984
E2M,20200529,0.155,0.155,0.15,0.15,24318
EAF,20200529,1.19,1.195,1.19,1.19,186349
EAI,20200529,0.95,0.955,0.94,0.955,90823
EAS,20200529,0.795,0.8,0.795,0.8,6131
EBO,20200529,20.65,20.85,20.18,20.85,608
ECF,20200529,1.005,1.005,0.96,0.98,213590
ECP,20200529,1.02,1.03,1.02,1.03,1005
ECS,20200529,0.026,0.026,0.026,0.026,100000
ECX,20200529,1.27,1.27,1.19,1.21,1836716
ED1,20200529,0.565,0.57,0.54,0.54,61968
EDC,20200529,0.97,0.98,0.93,0.93,81994
EDE,20200529,0.037,0.037,0.036,0.037,98013
EEG,20200529,0.29,0.3,0.29,0.29,9561
EER,20200529,0.003,0.003,0.003,0.003,101900
EEU,20200529,16,16.01,16,16.01,2516
EGD,20200529,2.61,2.61,2.57,2.57,17235
EGF,20200529,1.615,1.615,1.61,1.61,109747
EGH,20200529,0.31,0.32,0.305,0.32,272263
EGI,20200529,1.05,1.055,1.05,1.05,99162
EGL,20200529,0.025,0.025,0.025,0.025,18500
EGN,20200529,0.45,0.45,0.45,0.45,21321
EGR,20200529,0.068,0.068,0.063,0.065,2621271
EHE,20200529,1.58,1.59,1.525,1.53,1278702
EHL,20200529,1.1,1.125,1.065,1.1,4551189
EHX,20200529,0.105,0.105,0.105,0.105,43745
ELD,20200529,9.5,9.99,9.32,9.95,1645849
ELO,20200529,6.52,6.54,6.33,6.42,193917
ELS,20200529,0.305,0.335,0.3,0.335,184933
ELX,20200529,0.495,0.495,0.49,0.495,5627
EM1,20200529,0.014,0.018,0.014,0.018,14105088
EMD,20200529,0.054,0.054,0.054,0.054,4137
EMH,20200529,0.23,0.235,0.23,0.235,167520
EML,20200529,3.67,3.69,3.6,3.64,3693523
EMN,20200529,0.1,0.125,0.086,0.088,174787
EMP,20200529,0.037,0.037,0.035,0.035,124094
EMR,20200529,0.46,0.46,0.44,0.455,227769
EMT,20200529,0.015,0.016,0.013,0.013,7328006
EMV,20200529,1.255,1.34,1.255,1.335,60343
EN1,20200529,0.011,0.011,0.01,0.01,654269
ENE,20200529,0.042,0.044,0.04,0.04,152604
ENN,20200529,1.36,1.365,1.245,1.26,205394
ENR,20200529,0.145,0.145,0.14,0.14,185106
ENT,20200529,0.013,0.013,0.013,0.013,423852
ENV,20200529,0.004,0.004,0.004,0.004,6666667
EOF,20200529,3.13,3.13,3.06,3.1,416977
EOL,20200529,3.65,3.65,3.55,3.6,10936
EOS,20200529,5.81,6.05,5.58,5.68,1804480
EPD,20200529,0.36,0.36,0.345,0.36,50922
EPM,20200529,0.008,0.008,0.008,0.008,350000
EQE,20200529,0.013,0.013,0.012,0.012,1204106
EQT,20200529,24.1,25,23.8,24.55,27520
EQX,20200529,0.255,0.255,0.255,0.255,57500
ERA,20200529,0.17,0.17,0.165,0.165,61249
ERF,20200529,0.83,0.83,0.77,0.77,183000
ERM,20200529,0.115,0.12,0.115,0.12,689658
ERX,20200529,0.058,0.062,0.058,0.062,892036
ESE,20200529,0.016,0.017,0.015,0.017,2124524
ESH,20200529,0.005,0.006,0.005,0.006,3637756
ESK,20200529,0.14,0.14,0.14,0.14,39143
ESR,20200529,0.008,0.009,0.008,0.009,1334988
EUR,20200529,0.07,0.075,0.068,0.072,452265
EVE,20200529,0.007,0.007,0.006,0.007,5851210
EVN,20200529,5.95,6.115,5.905,6.1,161096680
EVO,20200529,0.105,0.105,0.105,0.105,177953
EVS,20200529,0.145,0.145,0.135,0.135,1750997
EVT,20200529,9.25,9.33,8.9,9.1,717839
EVZ,20200529,0.076,0.077,0.076,0.077,55637
EWC,20200529,0.067,0.067,0.067,0.067,64000
EX1,20200529,0.23,0.235,0.23,0.23,241062
EXL,20200529,0.28,0.285,0.25,0.265,2605868
EXP,20200529,0.15,0.155,0.142,0.145,849198
EXR,20200529,0.026,0.027,0.025,0.025,3345106
EZL,20200529,0.92,0.925,0.92,0.925,16010
FAM,20200529,0.026,0.029,0.025,0.026,94882
FAR,20200529,0.016,0.017,0.015,0.016,53000549
FAU,20200529,0.01,0.011,0.01,0.011,1147992
FBR,20200529,0.021,0.023,0.021,0.022,1363806
FBU,20200529,3.25,3.44,3.21,3.37,3926018
FCL,20200529,3.53,3.56,3.43,3.5,607231
FCT,20200529,0.06,0.069,0.056,0.067,4414455
FDV,20200529,0.935,0.95,0.935,0.95,86987
FEX,20200529,0.083,0.087,0.081,0.087,3992136
FFG,20200529,0.007,0.007,0.007,0.007,75000
FFL,20200529,0.285,0.285,0.28,0.28,105340
FFR,20200529,0.037,0.037,0.037,0.037,8376
FGG,20200529,1.18,1.195,1.17,1.175,185740
FGO,20200529,0.001,0.001,0.001,0.001,200000
FGR,20200529,0.14,0.145,0.135,0.14,392900
FGX,20200529,0.975,0.975,0.965,0.965,628549
FHS,20200529,0.047,0.048,0.042,0.046,1819305
FID,20200529,5.29,5.38,5.29,5.3,18004
FIJ,20200529,0.08,0.085,0.08,0.085,127334
FIN,20200529,0.012,0.012,0.012,0.012,1145000
FLC,20200529,0.28,0.285,0.27,0.275,381418
FLN,20200529,0.515,0.515,0.495,0.505,167238
FLT,20200529,13.5,13.66,13.08,13.08,15616225
FMG,20200529,13.59,13.9,13.33,13.9,54124193
FML,20200529,0.25,0.25,0.245,0.245,15000
FMS,20200529,0.021,0.021,0.021,0.021,278484
FNP,20200529,4.37,4.41,3.47,3.72,11127458
FNT,20200529,0.01,0.01,0.01,0.01,1551807
FOD,20200529,0.057,0.058,0.055,0.057,419660
FOR,20200529,0.91,0.925,0.9,0.925,17592
FPC,20200529,0.89,0.89,0.88,0.88,3800
FPH,20200529,27.5,27.88,27.19,27.71,746733
FPL,20200529,0.004,0.005,0.004,0.005,265000
FRI,20200529,0.7,0.705,0.7,0.705,21612
FRM,20200529,0.32,0.32,0.32,0.32,1889
FRN,20200529,0.032,0.032,0.029,0.032,5034848
FSA,20200529,0.935,0.935,0.915,0.92,46579
FSF,20200529,3.42,3.42,3.33,3.33,1338
FTC,20200529,0.089,0.092,0.089,0.092,76669
FTT,20200529,0.004,0.004,0.003,0.003,15306120
FWD,20200529,1.72,1.73,1.7,1.72,10225
FXL,20200529,1.225,1.235,1.135,1.135,17536372
FYI,20200529,0.051,0.051,0.051,0.051,186274
FZO,20200529,0.165,0.18,0.165,0.165,577121
G1A,20200529,0.21,0.235,0.21,0.225,5215011
G88,20200529,0.047,0.05,0.044,0.044,1215385
GAL,20200529,0.23,0.23,0.22,0.22,515149
GAP,20200529,0.155,0.155,0.155,0.155,95000
GAS,20200529,0.45,0.45,0.45,0.45,5290
GBP,20200529,0.018,0.018,0.018,0.018,5000
GBR,20200529,0.029,0.029,0.029,0.029,80000
GBZ,20200529,0.08,0.08,0.08,0.08,12660
GC1,20200529,0.665,0.665,0.665,0.665,31580
GCI,20200529,1.86,1.875,1.815,1.82,292842
GDF,20200529,0.98,0.985,0.965,0.965,154619
GDI,20200529,1.085,1.125,1.08,1.085,2332224
GDX,20200529,51.55,51.75,51.11,51.41,63588
GED,20200529,0.008,0.008,0.007,0.008,14796363
GEM,20200529,1.01,1.045,0.985,1.04,12646000
GES,20200529,0.017,0.017,0.017,0.017,270000
GEV,20200529,0.06,0.061,0.057,0.06,483309
GFL,20200529,1.83,1.845,1.83,1.84,13443
GGG,20200529,0.135,0.14,0.13,0.14,764158
GGX,20200529,0.003,0.003,0.001,0.001,1635343
GIB,20200529,0.05,0.051,0.05,0.051,80000
GID,20200529,0.002,0.002,0.002,0.002,1877464
GLA,20200529,0.002,0.002,0.001,0.001,32900000
GLH,20200529,0.13,0.135,0.13,0.135,17333
GLL,20200529,0.475,0.48,0.405,0.48,368798
GLN,20200529,0.155,0.155,0.145,0.145,479239
GMA,20200529,2.28,2.32,2.08,2.1,1661979
GMD,20200529,0.037,0.039,0.036,0.039,3939824
GME,20200529,0.035,0.036,0.035,0.036,200000
GMG,20200529,15.39,15.46,15.26,15.37,10073962
GML,20200529,0.013,0.013,0.013,0.013,1016164
GMN,20200529,0.051,0.053,0.05,0.05,480998
GMR,20200529,0.007,0.007,0.007,0.007,2192800
GMV,20200529,0.068,0.068,0.062,0.063,6933874
GNC,20200529,4.39,4.43,4.31,4.42,1790730
GNE,20200529,2.68,2.72,2.66,2.69,44229
GNM,20200529,0.011,0.014,0.011,0.013,13494395
GNX,20200529,0.205,0.21,0.205,0.205,308870
GO2,20200529,0.037,0.038,0.037,0.038,1020193
GOR,20200529,1.735,1.81,1.727,1.81,12576753
GOZ,20200529,3.3,3.3,3.18,3.2,1724910
GPR,20200529,0.53,0.53,0.52,0.52,157845
GPT,20200529,4.09,4.24,3.99,3.99,27358483
GRB,20200529,0.052,0.056,0.052,0.056,661582
GRL,20200529,0.195,0.2,0.195,0.195,12508
GRR,20200529,0.245,0.245,0.245,0.245,256026
GRV,20200529,0.03,0.03,0.03,0.03,16700
GSM,20200529,0.235,0.235,0.22,0.22,486087
GSN,20200529,0.092,0.093,0.086,0.086,1290790
GSS,20200529,1.98,1.99,1.86,1.91,354078
GSW,20200529,0.705,0.705,0.7,0.7,132177
GTE,20200529,0.002,0.002,0.001,0.001,32488525
GTG,20200529,0.005,0.007,0.005,0.006,28176785
GTK,20200529,1.33,1.4,1.32,1.33,73283
GTN,20200529,0.52,0.54,0.52,0.535,120411
GTR,20200529,0.047,0.047,0.042,0.043,34399793
GUD,20200529,10.2,10.46,10.2,10.46,596093
GVF,20200529,0.95,0.95,0.915,0.915,38175
GWA,20200529,3.04,3.11,2.91,2.98,950751
GWR,20200529,0.068,0.068,0.068,0.068,62800
GXY,20200529,0.825,0.84,0.775,0.775,17653819
HAS,20200529,0.11,0.115,0.1,0.115,1743122
HAW,20200529,0.15,0.155,0.145,0.155,113798
HCD,20200529,0.04,0.045,0.033,0.034,497085
HCH,20200529,0.014,0.014,0.014,0.014,10405861
HCT,20200529,0.165,0.17,0.165,0.165,864252
HE8,20200529,0.086,0.086,0.081,0.085,861841
HFR,20200529,0.46,0.55,0.46,0.535,203689
HGH,20200529,1.07,1.07,1.07,1.07,27713
HGO,20200529,0.034,0.035,0.034,0.035,36944
HIL,20200529,0.18,0.182,0.18,0.18,56285
HIT,20200529,1.39,1.39,1.39,1.39,9600
HLA,20200529,1.025,1.04,1.02,1.02,84287
HLO,20200529,2.6,2.7,2.45,2.64,818140
HLS,20200529,2.44,2.47,2.42,2.43,1167252
HLX,20200529,0.011,0.011,0.011,0.011,40000
HM1,20200529,2.96,2.98,2.95,2.98,92578
HMC,20200529,2.9,2.93,2.83,2.83,96681
HMD,20200529,0.115,0.115,0.115,0.115,39826
HMX,20200529,0.025,0.026,0.025,0.025,865196
HNR,20200529,0.005,0.005,0.005,0.005,92225
HPI,20200529,2.8,2.8,2.71,2.75,269982
HRL,20200529,0.082,0.086,0.082,0.083,354723
HRN,20200529,0.25,0.25,0.25,0.25,10000
HRR,20200529,0.049,0.049,0.047,0.047,232550
HRZ,20200529,0.115,0.12,0.115,0.115,492304
HSC,20200529,0.005,0.006,0.005,0.005,4854269
HSN,20200529,3.11,3.27,3.08,3.23,627890
HT1,20200529,1.28,1.34,1.185,1.185,307584
HT8,20200529,0.034,0.034,0.034,0.034,127283
HTA,20200529,0.15,0.152,0.15,0.152,21654
HTG,20200529,0.14,0.16,0.14,0.15,711935
HUB,20200529,10.89,11.07,10.62,10.63,330619
HUO,20200529,3.46,3.48,3.35,3.35,11182
HVM,20200529,0.21,0.21,0.185,0.21,208050
HVN,20200529,3.34,3.36,3.26,3.26,76968773
HWH,20200529,0.034,0.034,0.032,0.033,1047560
HWK,20200529,0.008,0.009,0.008,0.009,1006000
HXG,20200529,0.068,0.068,0.067,0.067,71627
HYD,20200529,0.1,0.1,0.1,0.1,7000
HZN,20200529,0.073,0.074,0.069,0.069,266862
HZR,20200529,0.54,0.54,0.51,0.52,373612
IAA,20200529,88.88,88.95,87.62,88.39,9752
IAF,20200529,116.26,116.34,116.2,116.21,18921
IAG,20200529,6.11,6.18,6.01,6.11,7896924
IAM,20200529,0.001,0.001,0.001,0.001,1643301
IAP,20200529,1.15,1.19,1.15,1.19,13444896
IBC,20200529,0.45,0.45,0.435,0.435,19424
IBG,20200529,0.009,0.009,0.009,0.009,100000
IBX,20200529,0.027,0.027,0.025,0.026,8075638
ICE,20200529,0.15,0.15,0.14,0.145,62536
ICG,20200529,0.002,0.002,0.001,0.001,1500000
ICQ,20200529,0.34,0.35,0.32,0.325,791279
ICR,20200529,0.425,0.425,0.395,0.395,1525935
ICT,20200529,0.031,0.031,0.031,0.031,115352
ICU,20200529,0.006,0.006,0.006,0.006,91333
ID8,20200529,0.1,0.11,0.095,0.095,274248
IDT,20200529,0.18,0.18,0.175,0.175,103356
IDX,20200529,3.61,3.73,3.55,3.7,4789996
IDZ,20200529,0.005,0.005,0.005,0.005,326031
IEL,20200529,17.07,17.13,16.59,17.03,967776
IEM,20200529,56.95,56.95,55.66,56.3,18724
IEU,20200529,59.37,59.47,59.01,59.01,19916
IFL,20200529,4.8,4.92,4.71,4.84,1726972
IFM,20200529,1.66,1.705,1.625,1.65,2247947
IFN,20200529,0.6,0.607,0.585,0.6,7706468
IFT,20200529,4.66,4.665,4.52,4.53,44590
IGB,20200529,115.03,115.09,114.98,114.98,5196
IGL,20200529,1.08,1.215,1.015,1.17,1159178
IGO,20200529,4.95,5.13,4.95,5.02,4125438
IHD,20200529,11.88,11.88,11.77,11.83,2142
IHL,20200529,0.051,0.053,0.051,0.053,1627851
IHR,20200529,0.068,0.069,0.068,0.069,80902
IJH,20200529,268.27,268.27,266.53,267.4,405
IJP,20200529,83.76,84.3,83.55,84.24,8013
IJR,20200529,103.86,103.86,100.33,100.95,4229
IKO,20200529,81,82.09,81,82.09,1866
ILB,20200529,125.6,126.39,125.25,126.36,2011
ILC,20200529,22.5,22.5,22.24,22.3,18068
ILU,20200529,8.28,8.39,8.15,8.22,1478630
IMA,20200529,0.145,0.145,0.145,0.145,53110
IMC,20200529,0.08,0.081,0.08,0.081,98972
IMD,20200529,1.19,1.195,1.16,1.16,858848
IME,20200529,0.037,0.038,0.036,0.036,2380413
IMM,20200529,0.185,0.19,0.182,0.185,1669375
IMR,20200529,1.32,1.32,1.32,1.32,2000
IMU,20200529,0.034,0.035,0.034,0.034,11521262
INA,20200529,4.14,4.35,4.055,4.34,3138734
INF,20200529,0.055,0.056,0.055,0.056,231747
ING,20200529,3.25,3.46,3.23,3.42,4410704
INP,20200529,0.016,0.016,0.016,0.016,37500
INR,20200529,0.115,0.12,0.11,0.12,1508151
IOO,20200529,77.59,77.59,76.61,76.61,18722
IOZ,20200529,23.82,23.84,23.6,23.71,404602
IP1,20200529,0.008,0.009,0.008,0.009,326601
IPD,20200529,0.079,0.08,0.076,0.08,2177742
IPH,20200529,7.42,7.87,7.42,7.56,839280
IPL,20200529,2.03,2.065,2.01,2.01,160924685
IPT,20200529,0.014,0.015,0.014,0.014,8805447
IRE,20200529,11,11.3,10.98,11.21,669747
IRI,20200529,3.27,3.4,3.22,3.4,403169
ISD,20200529,0.15,0.16,0.145,0.15,266656
ISO,20200529,4.56,4.57,4.53,4.56,27728
ISU,20200529,0.27,0.31,0.267,0.27,1025082
ITG,20200529,0.295,0.32,0.275,0.32,495966
IVC,20200529,11.6,11.66,11.35,11.38,817304
IVE,20200529,90.48,90.94,89.68,90.19,5394
IVR,20200529,0.017,0.017,0.016,0.016,5907617
IVV,20200529,457.99,458.95,456.47,457.09,11234
IVX,20200529,0.009,0.009,0.009,0.009,60000
IVZ,20200529,0.025,0.026,0.025,0.026,616428
IXC,20200529,1.47,1.5,1.385,1.43,196444
IXI,20200529,77,78.4,77,77.82,1892
IXJ,20200529,104.56,105.49,104.46,105,11269
IXR,20200529,0.01,0.01,0.009,0.009,718492
IXU,20200529,0.027,0.027,0.017,0.021,1330436
IZZ,20200529,57.56,57.945,57,57.78,16964
JAN,20200529,0.295,0.325,0.295,0.325,542303
JAT,20200529,0.044,0.044,0.043,0.043,75072
JBH,20200529,37.07,37.69,36.8,37.12,528366
JCS,20200529,0.03,0.032,0.03,0.032,180052
JDR,20200529,0.012,0.012,0.012,0.012,42083
JHC,20200529,0.575,0.58,0.55,0.555,399461
JHG,20200529,33.03,33.03,32.38,32.73,361514
JHL,20200529,0.022,0.022,0.022,0.022,62609
JHX,20200529,26.53,26.87,25.86,25.95,3216017
JIN,20200529,11.25,11.93,10.85,11.81,2092904
JLG,20200529,2.48,2.48,2.38,2.42,260348
JMS,20200529,0.28,0.285,0.277,0.28,7776539
JPR,20200529,0.022,0.022,0.022,0.022,300026
JRL,20200529,0.3,0.3,0.3,0.3,24979
JRV,20200529,0.175,0.175,0.165,0.17,910615
JXT,20200529,0.031,0.031,0.03,0.03,129678
K2F,20200529,0.215,0.22,0.215,0.215,135471
KAI,20200529,0.018,0.019,0.017,0.017,13968462
KAR,20200529,0.6,0.605,0.56,0.57,4762935
KAU,20200529,0.3,0.3,0.285,0.285,323693
KCN,20200529,0.43,0.44,0.425,0.425,129002
KEY,20200529,0.004,0.004,0.004,0.004,1320000
KFE,20200529,0.055,0.055,0.054,0.054,285000
KGL,20200529,0.17,0.175,0.167,0.17,227258
KGN,20200529,10.74,11.51,10.65,11.23,2066201
KIN,20200529,0.14,0.14,0.13,0.13,299539
KKC,20200529,1.83,1.855,1.8,1.85,619197
KKO,20200529,0.04,0.047,0.04,0.047,354921
KLA,20200529,58.19,58.2,56.54,56.58,4120
KMD,20200529,1.01,1.02,0.975,0.975,5486531
KME,20200529,1,1.05,0.995,1,238593
KMT,20200529,0.007,0.008,0.007,0.007,6114243
KNM,20200529,0.017,0.019,0.017,0.019,4625118
KNO,20200529,0.07,0.07,0.069,0.069,73789
KOR,20200529,0.008,0.008,0.008,0.008,96252
KP2,20200529,0.013,0.013,0.01,0.01,46667
KPG,20200529,0.89,0.89,0.89,0.89,3390
KPO,20200529,0.027,0.028,0.027,0.028,849574
KPT,20200529,0.82,0.86,0.82,0.86,40539
KRM,20200529,0.042,0.042,0.041,0.041,255902
KRR,20200529,0.059,0.059,0.055,0.056,1153269
KSC,20200529,1.45,1.455,1.45,1.455,2044
KSL,20200529,1.035,1.045,1.03,1.035,116025
KSN,20200529,0.17,0.175,0.16,0.16,2031441
KSS,20200529,0.225,0.225,0.21,0.225,118687
KTA,20200529,0.037,0.039,0.036,0.039,837850
KTD,20200529,0.3,0.305,0.285,0.29,985729
KTE,20200529,0.015,0.015,0.014,0.014,4247122
KTG,20200529,0.14,0.145,0.135,0.145,88706
KWR,20200529,0.155,0.155,0.15,0.15,147795
KYK,20200529,0.09,0.09,0.086,0.09,1766357
KZA,20200529,0.44,0.475,0.44,0.46,97609
KZR,20200529,0.61,0.64,0.595,0.6,202985
LAU,20200529,0.365,0.365,0.36,0.36,307908
LAW,20200529,0.042,0.042,0.042,0.042,68500
LBL,20200529,0.42,0.44,0.42,0.425,62685
LBT,20200529,0.17,0.17,0.155,0.155,320120
LCD,20200529,0.018,0.018,0.016,0.016,100480
LCK,20200529,0.086,0.086,0.081,0.084,204748
LCL,20200529,0.046,0.047,0.043,0.043,894562
LCM,20200529,0.13,0.135,0.13,0.13,60235
LEG,20200529,0.155,0.155,0.15,0.15,1722980
LEP,20200529,4.61,4.63,4.54,4.62,879447
LER,20200529,0.019,0.019,0.018,0.019,234979
LEX,20200529,0.195,0.195,0.195,0.195,14390
LGP,20200529,0.395,0.4,0.39,0.4,113328
LI3,20200529,0.022,0.022,0.021,0.021,209633
LIC,20200529,8.51,9.36,8.23,9.36,2841919
LIN,20200529,0.016,0.016,0.012,0.012,22000323
LIO,20200529,0.02,0.02,0.02,0.02,50000
LIT,20200529,0.052,0.053,0.051,0.051,1483825
LKE,20200529,0.039,0.039,0.038,0.038,1800279
LLC,20200529,12.97,13.02,12.55,12.93,6281287
LLO,20200529,1.95,1.96,1.95,1.96,2560
LMG,20200529,0.009,0.01,0.009,0.01,370000
LNK,20200529,4.02,4.06,3.98,4.05,3724444
LNU,20200529,0.013,0.014,0.013,0.014,4789087
LNY,20200529,0.005,0.005,0.004,0.005,4806835
LOM,20200529,0.052,0.054,0.052,0.053,524324
LON,20200529,0.13,0.13,0.125,0.13,27932
LOT,20200529,0.058,0.06,0.058,0.059,892355
LOV,20200529,8.15,8.27,7.81,7.81,562964
LPD,20200529,0.008,0.008,0.007,0.007,34115124
LPE,20200529,0.295,0.315,0.295,0.295,36342
LPI,20200529,0.13,0.13,0.125,0.125,201646
LRK,20200529,0.9,0.91,0.9,0.91,52933
LRS,20200529,0.003,0.004,0.003,0.004,2530642
LRT,20200529,0.75,0.75,0.75,0.75,7500
LSA,20200529,0.007,0.007,0.006,0.006,1100000
LSF,20200529,1.28,1.3,1.28,1.29,677157
LSH,20200529,0.036,0.036,0.036,0.036,33000
LTR,20200529,0.125,0.13,0.12,0.125,4416458
LVH,20200529,0.255,0.27,0.255,0.265,590210
LVT,20200529,0.23,0.24,0.23,0.24,1721648
LYC,20200529,2.08,2.1,2.04,2.06,6026449
LYL,20200529,4.82,4.87,4.75,4.87,6308
M7T,20200529,0.705,0.705,0.69,0.695,359632
MA1,20200529,1.035,1.04,1.035,1.04,41340
MAD,20200529,0.8,0.8,0.75,0.76,421965
MAG,20200529,0.345,0.35,0.315,0.35,981313
MAH,20200529,0.245,0.26,0.245,0.255,723751
MAI,20200529,0.54,0.56,0.54,0.56,105279
MAM,20200529,0.31,0.33,0.31,0.33,46666
MAN,20200529,0.026,0.026,0.025,0.025,2522498
MAQ,20200529,34.2,34.35,32.5,33,8142
MAT,20200529,0.115,0.12,0.11,0.12,629013
MAU,20200529,1.21,1.21,1.2,1.21,131482
MAY,20200529,0.008,0.008,0.008,0.008,144500
MBK,20200529,0.009,0.01,0.009,0.009,897672
MCA,20200529,0.11,0.115,0.105,0.115,125000
MCE,20200529,0.17,0.17,0.17,0.17,56851
MCM,20200529,0.16,0.16,0.15,0.15,160000
MCP,20200529,2.71,2.76,2.655,2.73,90840
MCR,20200529,0.72,0.725,0.71,0.72,582640
MCT,20200529,0.008,0.008,0.007,0.007,11463022
MCY,20200529,4.46,4.46,4.32,4.32,9896
MDC,20200529,0.21,0.21,0.2,0.2,105084
MDI,20200529,0.014,0.017,0.014,0.016,116160613
MDR,20200529,0.635,0.66,0.61,0.61,593922
MEA,20200529,0.21,0.22,0.2,0.22,594107
MEB,20200529,0.008,0.008,0.008,0.008,87281
MEI,20200529,0.02,0.02,0.02,0.02,4173865
MEL,20200529,0.026,0.026,0.026,0.026,122200
MEM,20200529,0.068,0.072,0.067,0.07,1381279
MEP,20200529,0.048,0.05,0.047,0.048,1756825
MEU,20200529,0.051,0.052,0.05,0.05,358844
MEY,20200529,0.063,0.063,0.063,0.063,204253
MEZ,20200529,4.51,4.53,4.31,4.53,32692
MFF,20200529,2.8,2.85,2.8,2.84,284455
MFG,20200529,58.83,59.98,58.26,58.35,877664
MGC,20200529,0.435,0.44,0.435,0.44,100000
MGE,20200529,4,4.05,4,4.02,1925894
MGG,20200529,1.81,1.825,1.79,1.815,865260
MGR,20200529,2.38,2.4,2.33,2.35,29712959
MGT,20200529,0.002,0.002,0.002,0.002,53325366
MGU,20200529,0.034,0.036,0.034,0.036,211375
MGV,20200529,0.145,0.155,0.145,0.15,2470710
MGX,20200529,0.695,0.695,0.66,0.68,3779346
MHC,20200529,0.013,0.013,0.011,0.013,8949112
MHG,20200529,3.38,3.42,3.38,3.42,351838
MHH,20200529,1.47,1.47,1.45,1.46,446959
MHJ,20200529,0.32,0.335,0.32,0.33,296440
MIL,20200529,0.38,0.38,0.38,0.38,8157
MIN,20200529,19,19.2,18.81,18.81,1044013
MIO,20200529,0.195,0.195,0.195,0.195,5933
MIR,20200529,2.29,2.29,2.23,2.28,27331
MKG,20200529,0.065,0.08,0.065,0.072,1189622
MLD,20200529,0.88,0.91,0.85,0.88,532860
MLL,20200529,0.097,0.099,0.097,0.097,62000
MLM,20200529,0.011,0.011,0.011,0.011,55761
MLS,20200529,0.001,0.002,0.001,0.002,6000000
MLT,20200529,4.21,4.22,4.08,4.08,346584
MLX,20200529,0.09,0.096,0.09,0.094,5268549
MME,20200529,1.2,1.22,1.19,1.205,37187
MMI,20200529,0.1,0.105,0.099,0.1,931639
MMJ,20200529,0.13,0.13,0.125,0.125,141508
MML,20200529,0.7,0.725,0.7,0.705,100191
MMM,20200529,1.12,1.13,1.07,1.1,7310085
MMS,20200529,8.7,9.11,8.39,8.64,543853
MNB,20200529,0.001,0.001,0.001,0.001,580046
MND,20200529,11.94,12.08,11.53,11.82,323116
MNF,20200529,5.13,5.32,5.08,5.24,266397
MNW,20200529,0.008,0.008,0.008,0.008,500000
MNY,20200529,1.63,1.705,1.6,1.69,355994
MOC,20200529,0.81,0.825,0.765,0.785,223083
MOE,20200529,3.5,3.68,3.365,3.68,520962
MOH,20200529,0.073,0.075,0.071,0.075,245398
MOQ,20200529,0.145,0.145,0.13,0.13,47655
MOT,20200529,1.77,1.855,1.755,1.8,225240
MOZ,20200529,0.885,0.905,0.88,0.89,89504
MP1,20200529,13.25,13.8,13.1,13.75,1135395
MPH,20200529,0.13,0.13,0.13,0.13,2700
MPL,20200529,2.84,2.865,2.81,2.85,18495613
MPP,20200529,0.155,0.155,0.155,0.155,15000
MQG,20200529,111.06,111.87,109.84,109.97,2737262
MQR,20200529,0.046,0.049,0.046,0.049,14825
MRD,20200529,0.001,0.001,0.001,0.001,126667
MRG,20200529,0.019,0.02,0.018,0.018,5661328
MRM,20200529,0.076,0.077,0.073,0.073,335837
MRQ,20200529,0.006,0.006,0.006,0.006,972000
MRR,20200529,0.009,0.009,0.009,0.009,1050000
MRZ,20200529,0.19,0.19,0.19,0.19,4100
MSB,20200529,3.73,4,3.68,4,7578832
MSE,20200529,0.01,0.01,0.01,0.01,124700
MSG,20200529,0.019,0.019,0.019,0.019,111113
MSL,20200529,0.075,0.075,0.075,0.075,218336
MSM,20200529,0.026,0.027,0.025,0.027,1142056
MSR,20200529,0.004,0.005,0.004,0.005,43778685
MSV,20200529,0.45,0.455,0.435,0.435,228872
MTB,20200529,0.003,0.003,0.003,0.003,1326682
MTC,20200529,0.155,0.155,0.15,0.15,225842
MTH,20200529,0.014,0.014,0.013,0.013,5645573
MTO,20200529,1.45,1.75,1.42,1.7,472285
MTS,20200529,2.68,2.72,2.64,2.7,6762972
MVA,20200529,19.63,19.63,19.39,19.55,6196
MVB,20200529,20.44,20.44,19.67,19.67,32116
MVE,20200529,26.28,26.43,26.28,26.41,400
MVF,20200529,0.585,0.595,0.565,0.565,1661897
MVP,20200529,8.3,8.3,7.87,7.88,284968
MVR,20200529,27.2,27.21,27.05,27.21,4681
MVS,20200529,17.69,17.83,17.69,17.81,2297
MVW,20200529,26.96,27,26.75,26.92,45029
MWY,20200529,0.935,0.955,0.925,0.925,18150
MX1,20200529,0.155,0.16,0.14,0.14,1305811
MXC,20200529,0.025,0.025,0.022,0.022,7179232
MXI,20200529,0.17,0.17,0.17,0.17,4726
MXR,20200529,0.094,0.095,0.082,0.086,6650383
MXT,20200529,1.88,1.905,1.87,1.875,395023
MYE,20200529,0.675,0.7,0.675,0.7,11270
MYL,20200529,0.056,0.058,0.054,0.054,4352763
MYQ,20200529,0.185,0.2,0.185,0.2,134578
MYR,20200529,0.285,0.3,0.275,0.275,32964925
MYS,20200529,4.07,4.08,3.97,3.99,63633
MYX,20200529,0.455,0.475,0.425,0.425,22766736
MZZ,20200529,0.25,0.25,0.24,0.25,294961
NAB,20200529,18.38,18.38,17.81,17.81,20239238
NAC,20200529,0.785,0.8,0.785,0.795,46500
NAE,20200529,0.005,0.005,0.005,0.005,3720000
NAG,20200529,0.065,0.065,0.065,0.065,100237
NAN,20200529,7,7.28,6.98,7.23,1330637
NBI,20200529,1.67,1.71,1.655,1.71,347009
NC6,20200529,0.032,0.034,0.032,0.034,131371
NCC,20200529,0.78,0.795,0.78,0.795,13499
NCK,20200529,5.9,5.9,5.57,5.6,542999
NCM,20200529,29.98,30.66,29.85,30.58,9171434
NCZ,20200529,0.2,0.202,0.185,0.185,1826800
NDQ,20200529,24.13,24.2,24.08,24.09,119596
NEA,20200529,2.26,2.31,2.19,2.29,4446730
NEC,20200529,1.52,1.52,1.455,1.48,13778953
NES,20200529,0.045,0.045,0.045,0.045,32288
NET,20200529,0.046,0.049,0.046,0.049,9418877
NEU,20200529,1.69,1.725,1.67,1.685,84847
NEW,20200529,1.07,1.08,1.07,1.08,107850
NGE,20200529,0.48,0.48,0.475,0.48,17500
NGI,20200529,1.37,1.395,1.28,1.305,5010945
NHC,20200529,1.395,1.42,1.33,1.35,8107140
NHF,20200529,4.7,4.775,4.66,4.71,1399099
NIC,20200529,0.535,0.55,0.52,0.54,4826375
NML,20200529,0.155,0.165,0.155,0.16,1263501
NMT,20200529,0.17,0.175,0.165,0.165,396835
NNT,20200529,0.056,0.056,0.056,0.056,41528
NOR,20200529,0.023,0.023,0.023,0.023,10000
NOX,20200529,0.215,0.215,0.21,0.215,278105
NSC,20200529,0.52,0.535,0.52,0.53,77534
NSR,20200529,1.81,1.87,1.805,1.87,13898067
NST,20200529,14.2,14.895,14.07,14.8,77209304
NSX,20200529,0.115,0.12,0.115,0.12,59475
NTD,20200529,0.365,0.37,0.355,0.36,209320
NTL,20200529,0.007,0.007,0.007,0.007,915
NTM,20200529,0.09,0.095,0.09,0.09,379965
NTO,20200529,1.605,1.625,1.545,1.6,414020
NTU,20200529,0.024,0.025,0.023,0.024,10788447
NUC,20200529,2.9,2.9,2.83,2.9,14150
NUF,20200529,5.47,5.59,5.37,5.4,807577
NUH,20200529,0.02,0.021,0.02,0.021,4090837
NUS,20200529,0.31,0.32,0.31,0.32,11715
NVA,20200529,0.057,0.058,0.055,0.057,8118104
NVO,20200529,0.01,0.011,0.01,0.01,3204956
NVU,20200529,0.091,0.091,0.088,0.09,480180
NVX,20200529,0.4,0.465,0.395,0.435,1313339
NWC,20200529,0.012,0.012,0.012,0.012,261153
NWE,20200529,0.004,0.004,0.004,0.004,655221
NWH,20200529,2,2,1.92,1.94,3844423
NWL,20200529,8.14,8.5,8.14,8.29,384904
NWS,20200529,18.3,18.32,17.96,17.99,224199
NXE,20200529,0.007,0.007,0.006,0.006,230472
NXM,20200529,0.048,0.048,0.048,0.048,100000
NXS,20200529,1.515,1.52,1.46,1.46,91395
NXT,20200529,9.23,9.32,9.155,9.23,2153956
NYR,20200529,0.17,0.18,0.165,0.18,7500
NZK,20200529,1.85,1.85,1.805,1.845,5979
NZM,20200529,0.195,0.195,0.17,0.18,348534
OAR,20200529,0.002,0.002,0.002,0.002,2263300
OBL,20200529,4.57,4.91,4.56,4.91,1468290
OBM,20200529,0.26,0.275,0.26,0.27,1319921
OCA,20200529,0.8,0.8,0.78,0.78,8906
OCC,20200529,0.36,0.365,0.355,0.36,752801
OCL,20200529,7.15,7.23,7.1,7.19,13115
ODA,20200529,0.1,0.12,0.1,0.12,46778
ODM,20200529,0.047,0.047,0.043,0.047,3937127
OEC,20200529,0.74,0.74,0.695,0.715,115685
OEL,20200529,0.007,0.007,0.006,0.007,4537319
OEX,20200529,0.002,0.002,0.002,0.002,6374765
OFX,20200529,1.33,1.34,1.3,1.33,201407
OGC,20200529,3.07,3.16,3.03,3.13,731629
OIL,20200529,0.041,0.043,0.041,0.043,44834
OKJ,20200529,0.037,0.049,0.037,0.049,242259
OKU,20200529,0.29,0.295,0.285,0.285,244046
OLI,20200529,0.059,0.061,0.055,0.056,655000
OLL,20200529,0.24,0.26,0.235,0.255,469552
OLV,20200529,0.006,0.007,0.004,0.007,1075120
OMH,20200529,0.4,0.405,0.39,0.4,209346
OML,20200529,1.125,1.125,1.07,1.08,7246719
ONE,20200529,0.05,0.055,0.049,0.055,79000
ONT,20200529,5.26,5.32,5.26,5.26,3518
ONX,20200529,0.05,0.05,0.05,0.05,26261
OOO,20200529,3.49,3.49,3.44,3.46,1054241
OPC,20200529,4.88,5.14,4.72,4.8,78394
OPH,20200529,2.51,2.515,2.46,2.48,190341
OPL,20200529,0.09,0.09,0.09,0.09,8462
OPT,20200529,2.96,3.09,2.85,2.97,796797
OPY,20200529,1.33,1.33,1.275,1.29,202242
ORA,20200529,2.64,2.68,2.63,2.65,7054805
ORE,20200529,2.42,2.49,2.35,2.35,2853280
ORG,20200529,5.95,5.98,5.89,5.89,15461519
ORI,20200529,17.42,17.65,17.08,17.18,3219363
ORN,20200529,0.016,0.016,0.016,0.016,840625
ORR,20200529,0.36,0.38,0.34,0.37,309153
OSH,20200529,3.43,3.48,3.35,3.48,27089634
OSL,20200529,0.105,0.105,0.102,0.105,689929
OSP,20200529,0.016,0.016,0.014,0.014,1601712
OTW,20200529,3.03,3.31,3.03,3.22,162127
OVN,20200529,0.28,0.295,0.28,0.29,379168
OVT,20200529,0.021,0.021,0.021,0.021,350000
OZF,20200529,15.15,15.15,15.05,15.12,10695
OZG,20200529,0.16,0.16,0.16,0.16,256034
OZL,20200529,9.5,9.55,9.38,9.42,1512461
OZR,20200529,10.9,10.98,10.89,10.98,10957
PAA,20200529,0.096,0.097,0.096,0.097,208236
PAB,20200529,0.014,0.015,0.013,0.013,2075594
PAC,20200529,5.24,5.25,5.1,5.1,15212
PAF,20200529,0.71,0.715,0.71,0.715,51040
PAI,20200529,0.995,1,0.965,0.965,90515
PAL,20200529,0.795,0.8,0.745,0.75,163181
PAN,20200529,0.088,0.092,0.087,0.091,7016254
PAR,20200529,2.95,2.99,2.82,2.9,2143686
PBH,20200529,5.45,5.89,5.44,5.8,2349748
PBP,20200529,1.905,1.94,1.9,1.93,47001
PCI,20200529,0.96,0.975,0.955,0.96,218722
PCK,20200529,0.18,0.18,0.175,0.18,1122282
PDI,20200529,0.094,0.11,0.092,0.105,26418217
PDL,20200529,6.31,6.47,6.25,6.33,2933987
PDN,20200529,0.125,0.125,0.115,0.115,6334101
PDZ,20200529,0.13,0.14,0.13,0.14,198903
PE1,20200529,1.64,1.65,1.52,1.65,187266
PEC,20200529,0.029,0.032,0.028,0.032,2361194
PEK,20200529,0.025,0.025,0.023,0.023,1636534
PET,20200529,0.535,0.54,0.51,0.51,1603082
PEX,20200529,0.145,0.17,0.145,0.15,1570073
PFG,20200529,0.053,0.053,0.053,0.053,11000
PFP,20200529,3,3,2.96,2.99,19941
PFT,20200529,0.215,0.215,0.2,0.205,284299
PG1,20200529,0.08,0.08,0.079,0.08,110714
PGC,20200529,0.17,0.17,0.165,0.165,153082
PGF,20200529,0.92,0.925,0.9,0.9,543395
PGG,20200529,1.62,1.69,1.6,1.63,207051
PGH,20200529,2.28,2.29,2.2,2.29,811718
PGI,20200529,0.043,0.044,0.041,0.041,517086
PGL,20200529,1.115,1.16,1.07,1.14,140702
PGM,20200529,0.025,0.025,0.025,0.025,199201
PGX,20200529,0.22,0.22,0.22,0.22,131050
PGY,20200529,0.022,0.023,0.02,0.023,464822
PIA,20200529,1.07,1.07,1.057,1.057,121607
PIC,20200529,0.925,0.95,0.905,0.925,265295
PIO,20200529,0.013,0.013,0.011,0.011,3219000
PIQ,20200529,0.36,0.36,0.335,0.335,27471
PKS,20200529,0.18,0.18,0.18,0.18,214085
PL8,20200529,0.99,1,0.985,0.985,249489
PLL,20200529,0.12,0.12,0.115,0.115,2462660
PLS,20200529,0.26,0.265,0.257,0.26,11513804
PM8,20200529,0.265,0.27,0.262,0.27,328122
PMC,20200529,1.23,1.245,1.22,1.235,230067
PME,20200529,28.11,28.83,28.08,28.83,529046
PMV,20200529,16.33,16.94,16.18,16.56,562931
PMY,20200529,0.006,0.006,0.005,0.005,3834271
PNC,20200529,0.29,0.295,0.28,0.295,430931
PNI,20200529,4.25,4.45,4.25,4.27,652281
PNN,20200529,0.002,0.002,0.002,0.002,570000
PNR,20200529,0.21,0.215,0.205,0.21,2744075
PNV,20200529,2.62,2.77,2.58,2.75,6374115
PNX,20200529,0.008,0.009,0.008,0.008,2420499
PO3,20200529,3.55,3.55,3.1,3.45,5685
POS,20200529,0.032,0.032,0.031,0.031,638724
POU,20200529,18.17,18.17,18.17,18.17,257
POW,20200529,0.005,0.006,0.005,0.006,9322407
PPC,20200529,0.885,0.905,0.875,0.9,307351
PPE,20200529,2.17,2.17,2.03,2.1,512825
PPG,20200529,0.185,0.185,0.175,0.175,62777
PPH,20200529,6.65,6.96,6.65,6.82,431112
PPK,20200529,4.05,4.13,3.95,4.08,150342
PPS,20200529,0.415,0.415,0.38,0.39,1029026
PPT,20200529,31.4,31.81,30.78,31.27,271718
PRN,20200529,1.205,1.225,1.16,1.19,5963495
PRO,20200529,0.72,0.72,0.7,0.7,9052
PRT,20200529,0.1,0.1,0.1,0.1,459677
PRU,20200529,1.25,1.295,1.235,1.295,10158263
PRX,20200529,0.051,0.051,0.051,0.051,744393
PSC,20200529,0.083,0.083,0.08,0.082,115000
PSI,20200529,2.55,2.67,2.55,2.64,33274
PSZ,20200529,0.024,0.025,0.024,0.025,64200
PTB,20200529,0.575,0.575,0.575,0.575,1787
PTL,20200529,0.345,0.365,0.345,0.365,93298
PTM,20200529,3.85,3.99,3.84,3.99,2858851
PTR,20200529,0.056,0.056,0.055,0.055,201000
PTX,20200529,0.048,0.051,0.048,0.051,1262284
PUA,20200529,0.014,0.021,0.013,0.018,6124879
PUR,20200529,0.006,0.006,0.006,0.006,117549
PVS,20200529,1.3,1.3,1.3,1.3,500
PWG,20200529,0.985,1.01,0.98,1.01,68314
PWH,20200529,4.27,4.36,4.24,4.34,40471
PWN,20200529,0.006,0.008,0.006,0.007,3750000
PXS,20200529,0.089,0.091,0.088,0.088,316594
PXX,20200529,0.035,0.036,0.034,0.036,819676
PYC,20200529,0.089,0.089,0.088,0.089,832970
PYG,20200529,0.64,0.74,0.64,0.695,94403
QAG,20200529,4.68,4.76,4.68,4.76,2687
QAN,20200529,4.07,4.08,3.96,3.99,18967683
QAU,20200529,16.99,17,16.91,17,45246
QBE,20200529,8.79,8.92,8.64,8.83,13587784
QCB,20200529,6.05,6.48,6.05,6.1,3180
QEM,20200529,0.092,0.092,0.091,0.091,25000
QFE,20200529,0.325,0.33,0.31,0.315,291884
QFN,20200529,8.63,8.63,8.37,8.45,21111
QFY,20200529,0.002,0.002,0.001,0.002,4234860
QGL,20200529,0.038,0.038,0.036,0.036,26572
QHL,20200529,0.1,0.1,0.099,0.1,1209656
QIP,20200529,1.08,1.09,1.06,1.09,42990
QOZ,20200529,11.58,11.58,11.43,11.45,28420
QRE,20200529,5.95,5.99,5.95,5.99,10974
QRI,20200529,1.4,1.4,1.385,1.39,10964
QUB,20200529,2.73,2.75,2.65,2.71,9284329
QUS,20200529,35.2,35.2,34.64,34.72,21386
QVE,20200529,0.825,0.845,0.8,0.8,296323
RAC,20200529,0.32,0.325,0.31,0.325,97121
RAN,20200529,0.009,0.009,0.009,0.009,111111
RAP,20200529,0.17,0.17,0.165,0.17,745282
RBL,20200529,1.205,1.275,1.19,1.24,359348
RCB,20200529,21.15,21.15,21.1,21.14,14543
RCE,20200529,0.66,0.775,0.635,0.75,738000
RCT,20200529,1.9,1.9,1.85,1.85,6776
RDC,20200529,0.81,0.815,0.79,0.795,529926
RDF,20200529,0.46,0.475,0.46,0.475,39383
RDH,20200529,0.585,0.635,0.565,0.635,96467
RDM,20200529,0.09,0.09,0.09,0.09,10897
RDN,20200529,0.005,0.006,0.005,0.006,2250000
RDS,20200529,0.008,0.008,0.008,0.008,425000
RDV,20200529,23.51,23.51,23.2,23.28,23102
RDY,20200529,1.54,1.54,1.48,1.54,62137
REA,20200529,100.1,102.18,100.1,100.47,381074
RED,20200529,0.285,0.29,0.27,0.27,4641805
REE,20200529,0.058,0.058,0.05,0.056,10265891
REG,20200529,1.525,1.535,1.44,1.455,1327284
REH,20200529,9.02,9.18,8.93,9.06,416873
RES,20200529,0.071,0.071,0.07,0.071,115799
REX,20200529,1.05,1.06,1.045,1.05,32080
REZ,20200529,0.017,0.017,0.016,0.016,55000
RF1,20200529,2.2,2.28,2.19,2.26,64318
RFF,20200529,1.985,2,1.945,2,793834
RFG,20200529,0.073,0.074,0.07,0.07,3265123
RFR,20200529,0.075,0.076,0.072,0.076,51500
RFT,20200529,0.041,0.042,0.04,0.04,180312
RFX,20200529,0.031,0.032,0.03,0.031,857153
RGB,20200529,23.6,23.63,23.6,23.61,4950
RGI,20200529,0.063,0.064,0.063,0.064,282263
RGL,20200529,0.029,0.029,0.027,0.027,1177397
RGS,20200529,0.084,0.084,0.08,0.08,68757
RHC,20200529,68.78,70.05,68.01,70.05,1278675
RHP,20200529,1.93,1.93,1.855,1.855,282886
RHT,20200529,0.185,0.185,0.18,0.18,167351
RHY,20200529,0.091,0.091,0.091,0.091,65782
RIC,20200529,0.735,0.745,0.73,0.74,171998
RIM,20200529,0.008,0.008,0.006,0.007,1705251
RIO,20200529,93.5,94.79,92.93,93.4,3850357
RKN,20200529,0.655,0.655,0.595,0.63,27709
RLE,20200529,0.027,0.028,0.027,0.028,742644
RLG,20200529,0.024,0.024,0.021,0.021,1425152
RLT,20200529,1.24,1.245,1.17,1.18,42269
RMC,20200529,0.925,0.925,0.895,0.895,50692
RMD,20200529,23.78,23.98,23.72,23.72,1184185
RMI,20200529,0.005,0.005,0.005,0.005,5850
RML,20200529,0.061,0.061,0.06,0.061,569547
RMP,20200529,0.01,0.01,0.01,0.01,2499999
RMS,20200529,1.7,1.76,1.7,1.755,12906984
RMX,20200529,0.005,0.005,0.005,0.005,1320200
RND,20200529,2.06,2.06,2.06,2.06,3214
RNE,20200529,0.019,0.019,0.019,0.019,2354
RNO,20200529,0.08,0.08,0.08,0.08,113157
RNT,20200529,0.035,0.035,0.033,0.033,373080
RNU,20200529,0.011,0.011,0.011,0.011,2153888
RNX,20200529,0.004,0.004,0.004,0.004,165000
ROO,20200529,0.023,0.023,0.021,0.021,4134654
RPM,20200529,0.14,0.14,0.14,0.14,25000
RRL,20200529,5.26,5.45,5.25,5.4,4703171
RSG,20200529,1.115,1.15,1.11,1.14,13127952
RSH,20200529,0.071,0.073,0.071,0.073,303028
RSM,20200529,21.82,21.86,21.82,21.86,3760
RTG,20200529,0.09,0.155,0.09,0.12,7944212
RTR,20200529,0.089,0.09,0.087,0.089,671664
RUL,20200529,1.035,1.045,0.98,0.985,213924
RVR,20200529,0.061,0.061,0.059,0.059,1195258
RVS,20200529,0.465,0.49,0.465,0.49,2575
RWC,20200529,3.1,3.16,3.05,3.06,2777456
RWD,20200529,0.125,0.14,0.125,0.14,113794
RXL,20200529,0.026,0.027,0.025,0.025,7349213
RXM,20200529,0.075,0.079,0.074,0.074,93608
RXP,20200529,0.29,0.3,0.282,0.282,337114
RZI,20200529,0.665,0.7,0.665,0.68,16064
S2R,20200529,0.1,0.105,0.099,0.105,218809
S32,20200529,1.955,1.97,1.91,1.91,24095023
S66,20200529,0.52,0.52,0.52,0.52,7500
SAR,20200529,5.1,5.22,5.08,5.11,13288772
SAU,20200529,0.14,0.14,0.13,0.14,212366
SBM,20200529,3.03,3.17,3.03,3.12,7469262
SBR,20200529,0.003,0.003,0.003,0.003,22690102
SBW,20200529,0.075,0.075,0.074,0.074,120000
SCG,20200529,2.36,2.37,2.23,2.23,70052048
SCI,20200529,0.016,0.016,0.016,0.016,684375
SCL,20200529,0.016,0.016,0.016,0.016,3025042
SCP,20200529,2.36,2.36,2.3,2.34,4940246
SCU,20200529,0.016,0.016,0.014,0.015,624077
SDF,20200529,3.23,3.36,3.2,3.34,3441866
SDG,20200529,1.22,1.235,1.22,1.225,8168
SDI,20200529,0.755,0.755,0.745,0.755,2882
SDV,20200529,0.77,0.77,0.725,0.74,487836
SDX,20200529,0.07,0.077,0.07,0.074,1038977
SE1,20200529,0.029,0.029,0.027,0.027,1347042
SEC,20200529,1.34,1.34,1.325,1.335,43392
SEI,20200529,0.031,0.033,0.03,0.033,1896862
SEK,20200529,20.09,20.43,19.92,20.13,3573786
SEN,20200529,0.047,0.048,0.047,0.048,332734
SER,20200529,0.004,0.005,0.004,0.005,200000
SFG,20200529,0.056,0.056,0.055,0.056,1125330
SFR,20200529,4.49,4.52,4.37,4.38,1019881
SFX,20200529,0.11,0.115,0.105,0.115,202202
SFY,20200529,53.01,53.05,52.42,52.56,12904
SGC,20200529,0.013,0.015,0.013,0.015,246208
SGF,20200529,1.745,1.745,1.675,1.735,110973
SGH,20200529,0.895,0.9,0.895,0.895,12379
SGI,20200529,0.06,0.064,0.06,0.064,14178
SGM,20200529,7.73,7.94,7.71,7.78,562230
SGP,20200529,3.61,3.64,3.54,3.57,22367383
SGQ,20200529,0.1,0.105,0.099,0.1,1961496
SGR,20200529,3.02,3.04,2.93,2.95,7144701
SHJ,20200529,0.8,0.85,0.8,0.85,63966
SHL,20200529,28.66,28.72,28.17,28.17,4026718
SHM,20200529,0.48,0.48,0.47,0.475,52142
SHO,20200529,0.024,0.027,0.024,0.025,599438
SHV,20200529,6.45,6.51,6.11,6.2,697163
SI6,20200529,0.004,0.004,0.004,0.004,489750
SIG,20200529,0.595,0.6,0.58,0.58,3507425
SIH,20200529,0.015,0.015,0.015,0.015,135000
SIO,20200529,0.26,0.275,0.26,0.27,36273
SIQ,20200529,6.7,6.77,6.535,6.71,1316855
SIT,20200529,0.032,0.032,0.031,0.031,301995
SIV,20200529,0.635,0.67,0.625,0.67,15496
SKC,20200529,2.43,2.43,2.34,2.35,1133333
SKF,20200529,0.145,0.145,0.145,0.145,30100
SKI,20200529,2.03,2.11,2.025,2.11,8962284
SKO,20200529,2.72,2.88,2.72,2.78,55612
SKT,20200529,0.145,0.155,0.145,0.15,8184081
SKY,20200529,0.3,0.335,0.3,0.32,343658
SLC,20200529,1.08,1.09,1.025,1.085,1791561
SLF,20200529,11.09,11.13,10.95,10.99,104029
SLK,20200529,4.35,4.35,4.19,4.22,51956
SLM,20200529,0.675,0.675,0.675,0.675,12900
SLR,20200529,2.15,2.23,2.14,2.19,12202009
SLX,20200529,0.355,0.355,0.35,0.35,47564
SLZ,20200529,0.14,0.145,0.13,0.135,350477
SM1,20200529,6.66,6.66,6.35,6.48,119699
SMI,20200529,0.004,0.004,0.003,0.003,2457053
SMN,20200529,0.365,0.365,0.352,0.355,125859
SMP,20200529,0.515,0.525,0.48,0.5,370084
SMR,20200529,0.89,0.9,0.875,0.875,25991
SMX,20200529,0.295,0.295,0.26,0.26,4884
SNC,20200529,0.64,0.645,0.63,0.63,72515
SNL,20200529,4.26,4.26,4.26,4.26,5000
SNS,20200529,0.085,0.086,0.085,0.086,100856
SNZ,20200529,5.78,5.89,5.78,5.86,8522
SO4,20200529,0.56,0.595,0.555,0.575,380600
SOL,20200529,19.33,19.55,18.88,18.94,1328355
SOM,20200529,1.48,1.535,1.43,1.5,178192
SOR,20200529,0.051,0.051,0.051,0.051,63391
SP3,20200529,0.053,0.055,0.051,0.054,679000
SPK,20200529,4.15,4.19,4.11,4.12,1635486
SPL,20200529,1.11,1.11,1.082,1.1,252054
SPQ,20200529,0.005,0.005,0.005,0.005,97800
SPT,20200529,0.485,0.49,0.455,0.465,2708078
SPX,20200529,0.185,0.19,0.185,0.19,810671
SPY,20200529,462,465.03,455.4,456.2,168
SPZ,20200529,0.14,0.14,0.125,0.125,186970
SRG,20200529,0.2,0.2,0.19,0.195,1645445
SRI,20200529,0.052,0.053,0.051,0.051,325000
SRV,20200529,2.34,2.4,2.34,2.38,40206
SRZ,20200529,0.01,0.01,0.01,0.01,100000
SSG,20200529,0.59,0.6,0.59,0.595,55653
SSM,20200529,2.05,2.08,2.02,2.04,1474244
SSO,20200529,14.13,14.13,14.13,14.13,45
ST1,20200529,0.22,0.22,0.205,0.21,805595
STA,20200529,0.165,0.165,0.16,0.16,317820
STG,20200529,0.92,0.94,0.9,0.9,40800
STM,20200529,0.007,0.007,0.007,0.007,5663326
STN,20200529,0.39,0.42,0.39,0.4,135108
STO,20200529,5.43,5.44,5.31,5.36,15242062
STW,20200529,53.98,54.03,53.43,53.84,139229
STX,20200529,0.2,0.2,0.192,0.195,3117960
SUD,20200529,0.042,0.042,0.042,0.042,13165
SUL,20200529,8.29,8.42,8.07,8.37,1772345
SUN,20200529,9.25,9.33,9.11,9.23,8404599
SUP,20200529,0.053,0.053,0.053,0.053,2500
SVA,20200529,0.023,0.023,0.023,0.023,249682
SVD,20200529,0.009,0.012,0.009,0.012,4988645
SVL,20200529,0.125,0.125,0.115,0.12,10085345
SVM,20200529,0.175,0.175,0.16,0.165,604717
SVW,20200529,16.17,16.44,15.87,16.24,451308
SVY,20200529,0.61,0.61,0.58,0.59,590383
SW1,20200529,0.036,0.046,0.034,0.046,2948815
SWF,20200529,0.29,0.305,0.27,0.3,725963
SWK,20200529,0.135,0.135,0.135,0.135,261174
SWM,20200529,0.092,0.092,0.086,0.086,38075031
SXA,20200529,0.063,0.063,0.062,0.062,122592
SXE,20200529,0.465,0.47,0.445,0.445,206599
SXL,20200529,0.235,0.235,0.215,0.235,62464608
SXY,20200529,0.25,0.25,0.23,0.23,39335575
SYA,20200529,0.007,0.007,0.007,0.007,598965
SYD,20200529,5.99,5.99,5.85,5.85,21153343
SYI,20200529,24.42,24.42,24.08,24.22,5769
SYR,20200529,0.31,0.31,0.29,0.29,6047622
SYT,20200529,0.001,0.001,0.001,0.001,535050
SZL,20200529,2.09,2.09,2.01,2.07,248828
TAH,20200529,3.32,3.33,3.18,3.22,30740655
TAM,20200529,0.051,0.056,0.051,0.055,6363068
TAO,20200529,0.083,0.083,0.08,0.08,69200
TAP,20200529,0.081,0.083,0.081,0.082,973072
TAS,20200529,0.034,0.034,0.034,0.034,28720
TBL,20200529,0.22,0.22,0.22,0.22,2400
TBR,20200529,7.16,7.34,7.15,7.34,16958
TCL,20200529,14.5,14.67,14.29,14.29,16751188
TD1,20200529,0.031,0.031,0.03,0.03,500394
TDI,20200529,1.585,1.6,1.57,1.595,31042
TDY,20200529,0.16,0.165,0.15,0.15,68000
TEG,20200529,0.046,0.047,0.046,0.047,252522
TEK,20200529,0.25,0.25,0.245,0.245,110290
TER,20200529,0.145,0.145,0.135,0.14,708231
TFL,20200529,0.115,0.115,0.105,0.115,165621
TGA,20200529,0.13,0.13,0.125,0.125,283176
TGF,20200529,1.27,1.28,1.25,1.27,172446
TGG,20200529,1.16,1.16,1.15,1.15,61019
TGM,20200529,0.22,0.22,0.21,0.21,10734
TGN,20200529,0.11,0.115,0.11,0.115,46967
TGP,20200529,0.885,0.89,0.88,0.88,123237
TGR,20200529,3.97,4.055,3.93,4.02,1178918
THC,20200529,0.39,0.395,0.38,0.39,496307
TIE,20200529,0.33,0.34,0.33,0.33,220081
TIN,20200529,0.15,0.17,0.15,0.165,2071585
TIP,20200529,0.6,0.6,0.6,0.6,16600
TKL,20200529,0.009,0.009,0.009,0.009,200000
TKM,20200529,0.022,0.022,0.021,0.021,130000
TLG,20200529,0.395,0.42,0.395,0.42,277047
TLM,20200529,0.095,0.095,0.089,0.089,140000
TLS,20200529,3.22,3.3,3.21,3.24,48533650
TLT,20200529,3.07,3.07,2.82,2.95,16199
TLX,20200529,1.4,1.425,1.37,1.375,811874
TMG,20200529,0.07,0.08,0.07,0.08,919352
TMK,20200529,0.006,0.006,0.006,0.006,20000
TMR,20200529,0.215,0.225,0.215,0.215,96690
TMT,20200529,0.17,0.18,0.155,0.175,129914
TNE,20200529,8.87,9.22,8.82,9.14,2692045
TNG,20200529,0.055,0.055,0.053,0.053,357100
TNK,20200529,0.895,0.895,0.85,0.85,29272
TNR,20200529,0.03,0.031,0.027,0.028,2458189
TNT,20200529,0.069,0.069,0.065,0.066,3388231
TNY,20200529,0.945,0.985,0.935,0.985,35190
TOE,20200529,0.008,0.009,0.008,0.009,4092666
TON,20200529,0.046,0.055,0.044,0.052,3434553
TOP,20200529,0.49,0.51,0.49,0.5,57140
TOT,20200529,0.91,0.915,0.9,0.9,46603
TPC,20200529,1.1,1.1,1.1,1.1,4650
TPM,20200529,8.36,8.53,8.27,8.5,2534747
TPP,20200529,0.053,0.054,0.052,0.054,265249
TPS,20200529,0.044,0.044,0.041,0.044,38282
TPW,20200529,4.29,4.49,4.26,4.38,637427
TRL,20200529,0.02,0.025,0.019,0.025,1314934
TRS,20200529,5.4,5.6,5.12,5.59,855001
TRY,20200529,0.088,0.09,0.086,0.087,509467
TSC,20200529,0.007,0.007,0.006,0.006,6623995
TSO,20200529,0.067,0.072,0.067,0.071,1345091
TTB,20200529,0.41,0.415,0.41,0.41,31477
TTI,20200529,0.014,0.014,0.014,0.014,38500
TTT,20200529,0.685,0.7,0.68,0.69,279472
TWD,20200529,2.67,2.75,2.66,2.75,2341
TWE,20200529,9.93,9.97,9.61,9.66,8033629
TWR,20200529,0.58,0.595,0.57,0.575,23588
TYR,20200529,3.76,3.84,3.66,3.79,6535897
TYX,20200529,0.005,0.005,0.004,0.004,6615000
TZL,20200529,0.045,0.045,0.043,0.043,29112
UBI,20200529,0.22,0.22,0.22,0.22,49148
UBN,20200529,0.057,0.06,0.057,0.06,214398
UCM,20200529,0.235,0.235,0.22,0.22,155747
UMG,20200529,4.26,4.48,4.25,4.48,2425156
UNL,20200529,0.03,0.03,0.026,0.026,337813
UOS,20200529,0.69,0.69,0.68,0.68,29832
URF,20200529,0.35,0.365,0.35,0.36,256069
URW,20200529,4.29,4.29,4.1,4.14,3464647
USD,20200529,14.67,14.69,14.61,14.61,43938
UWL,20200529,1.52,1.59,1.495,1.59,476582
VAE,20200529,63.6,63.6,62.58,63,14232
VAF,20200529,52.69,52.7,52.64,52.66,34576
VAL,20200529,0.001,0.003,0.001,0.003,10926115
VAN,20200529,0.096,0.099,0.096,0.098,45000
VAP,20200529,71,71.16,70.05,70.44,46084
VAR,20200529,0.015,0.015,0.015,0.015,5000
VAS,20200529,74,74.29,73.22,73.22,214945
VCF,20200529,50.05,50.21,50.02,50.03,3590
VCX,20200529,1.615,1.64,1.605,1.61,34419025
VEA,20200529,1.635,1.66,1.625,1.645,6018037
VEN,20200529,0.05,0.052,0.05,0.052,1068879
VEQ,20200529,53.3,53.3,52.4,52.5,4863
VEU,20200529,69.27,69.27,68.73,69.02,45580
VG1,20200529,2.14,2.17,2.12,2.17,419098
VG8,20200529,2.1,2.11,2.08,2.09,105572
VGB,20200529,53.9,53.9,53.84,53.84,13410
VGE,20200529,62.08,62.1,61.3,61.74,13761
VGI,20200529,9.8,9.8,9.6,9.79,14712
VGL,20200529,1.345,1.43,1.345,1.43,50486
VGS,20200529,78.29,78.58,78,78.1,41699
VHT,20200529,1.465,1.465,1.4,1.405,1478927
VHY,20200529,51,52.5,50.01,50.22,47755
VIC,20200529,0.001,0.001,0.001,0.001,6300000
VIF,20200529,51.93,51.97,51.83,51.94,8910
VIP,20200529,0.036,0.036,0.035,0.035,664239
VKA,20200529,0.008,0.008,0.008,0.008,200000
VLC,20200529,58.88,58.97,58.48,58.48,1591
VLS,20200529,0.57,0.57,0.57,0.57,2200
VLT,20200529,0.21,0.235,0.21,0.225,657114
VMC,20200529,0.18,0.18,0.18,0.18,80000
VML,20200529,0.012,0.012,0.011,0.011,7625367
VMS,20200529,0.017,0.018,0.017,0.018,775814
VMT,20200529,0.225,0.23,0.21,0.23,579019
VMX,20200529,0.17,0.18,0.17,0.18,182904
VMY,20200529,0.047,0.047,0.043,0.043,1088139
VN8,20200529,0.115,0.115,0.11,0.11,28816
VOC,20200529,2.94,3.09,2.93,3.04,3294364
VOR,20200529,0.14,0.17,0.14,0.17,1564151
VR1,20200529,0.032,0.033,0.029,0.032,352403
VR8,20200529,0.016,0.017,0.016,0.017,115384
VRC,20200529,0.019,0.019,0.016,0.016,13515224
VRL,20200529,2.05,2.07,2.04,2.05,1976537
VRS,20200529,0.035,0.035,0.034,0.034,813433
VRT,20200529,3.34,3.4,3.15,3.16,3396547
VRX,20200529,0.11,0.11,0.105,0.11,558884
VSO,20200529,55.5,56.08,55.4,55.81,9680
VTG,20200529,1.15,1.15,1.085,1.09,159812
VTH,20200529,0.76,0.76,0.755,0.76,74265
VTI,20200529,0.02,0.02,0.018,0.018,834624
VTS,20200529,233.67,233.67,230.11,230.18,16879
VUK,20200529,1.88,1.88,1.8,1.805,10799887
VUL,20200529,0.285,0.385,0.28,0.36,3206305
VVA,20200529,2.5,2.55,2.42,2.5,49633
VXR,20200529,0.067,0.067,0.063,0.064,610848
VYS,20200529,0.053,0.053,0.05,0.05,215078
WAA,20200529,0.925,0.94,0.92,0.93,60000
WAF,20200529,0.77,0.84,0.77,0.84,8491591
WAM,20200529,1.95,1.95,1.9,1.93,1010280
WAX,20200529,1.38,1.4,1.375,1.375,94421
WBC,20200529,17.97,17.97,17.22,17.22,31570848
WBE,20200529,0.005,0.005,0.005,0.005,623225
WBT,20200529,0.39,0.39,0.355,0.38,63844
WCN,20200529,0.008,0.009,0.008,0.009,26604736
WEB,20200529,4.04,4.19,3.95,4.14,11102141
WEC,20200529,0.086,0.086,0.086,0.086,100000
WEL,20200529,0.03,0.03,0.028,0.028,1187148
WES,20200529,40.5,40.9,40.03,40.37,6164057
WGB,20200529,2.07,2.07,2.05,2.05,162887
WGN,20200529,1.26,1.26,1.145,1.18,700330
WGO,20200529,0.165,0.17,0.145,0.16,11298255
WGX,20200529,2.38,2.42,2.33,2.34,3372040
WHC,20200529,1.845,1.86,1.78,1.81,9784890
WHF,20200529,4.63,4.71,4.63,4.7,9789
WHK,20200529,0.073,0.073,0.069,0.072,615731
WIC,20200529,0.9,0.9,0.89,0.89,19045
WJA,20200529,0.08,0.08,0.08,0.08,10000
WKT,20200529,0.12,0.12,0.12,0.12,87950
WLD,20200529,0.037,0.037,0.035,0.037,381060
WLE,20200529,1.1,1.1,1.08,1.08,545850
WMI,20200529,1.28,1.28,1.24,1.245,117774
WML,20200529,0.012,0.012,0.012,0.012,673526
WNB,20200529,0.008,0.008,0.007,0.007,15092206
WND,20200529,0.99,0.99,0.98,0.98,6420
WOA,20200529,0.31,0.35,0.31,0.33,297266
WOR,20200529,8.78,8.94,8.4,8.4,40037227
WOW,20200529,34.6,35.58,34.26,35.34,9785478
WPL,20200529,22.95,22.99,22.65,22.67,6730468
WPP,20200529,0.305,0.315,0.28,0.285,8968826
WPR,20200529,2.63,2.65,2.6,2.65,3506226
WQG,20200529,1.285,1.285,1.26,1.26,125160
WRM,20200529,0.005,0.006,0.005,0.006,72261297
WSA,20200529,2.35,2.39,2.28,2.28,3271699
WSP,20200529,2.5,2.5,2.32,2.36,562016
WTC,20200529,20.99,21.49,20.16,20.39,3556970
WWG,20200529,0.135,0.135,0.135,0.135,10692
WZR,20200529,0.165,0.165,0.155,0.165,6729844
XAM,20200529,0.044,0.045,0.04,0.04,246331
XCD,20200529,0.011,0.011,0.011,0.011,7489904
XF1,20200529,0.16,0.165,0.16,0.165,4549
XPE,20200529,0.001,0.001,0.001,0.001,1931667
XPL,20200529,0.058,0.058,0.058,0.058,2775
XRF,20200529,0.22,0.22,0.22,0.22,50449
XRO,20200529,85,86.25,84.51,85.27,471704
XTD,20200529,0.023,0.024,0.023,0.024,213586
XTE,20200529,0.65,0.65,0.65,0.65,1300
YAL,20200529,2.17,2.17,2.13,2.13,51862
YBR,20200529,0.07,0.07,0.07,0.07,54546
YOJ,20200529,0.06,0.06,0.056,0.058,2355918
YOW,20200529,0.057,0.057,0.057,0.057,1700
YPB,20200529,0.002,0.003,0.002,0.003,1476650
YRL,20200529,0.29,0.295,0.26,0.26,205701
Z1P,20200529,3.65,3.75,3.565,3.75,6653896
ZEL,20200529,2.76,2.77,2.66,2.7,508963
ZEN,20200529,0.96,0.96,0.95,0.95,926563
ZIM,20200529,10.6,10.6,10.35,10.36,4616
ZLD,20200529,0.049,0.05,0.048,0.05,455004
ZMI,20200529,0.037,0.037,0.037,0.037,100000
ZNO,20200529,2.13,2.13,2.02,2.04,1383606
XAF,20200529,5695.3,5695.3,5578.5,5578.5,0
XAO,20200529,5957.8,5957.8,5870.7,5872.2,0
XAT,20200529,5799.6,5799.6,5705.3,5705.3,0
XDJ,20200529,2350.3,2350.3,2308.7,2310.8,0
XEC,20200529,1337.3,1348.4,1337.3,1347.2,0
XEJ,20200529,7767.2,7790.9,7660.1,7682.6,0
XFJ,20200529,4760.3,4760.3,4591.5,4591.5,0
XFL,20200529,5736.9,5736.9,5618.1,5618.1,0
XGD,20200529,7982.9,8297.3,7982.9,8292.6,0
XHJ,20200529,41862.1,41985.7,40756,40756,0
XIJ,20200529,1479.2,1490.7,1469.1,1482.1,0
XJO,20200529,5851.1,5851.1,5755.7,5755.7,0
XJR,20200529,4352.3,4384.7,4327.7,4348.9,0
XKO,20200529,5818.6,5818.6,5727.3,5727.3,0
XMD,20200529,6518.1,6533.3,6467.9,6491.6,0
XMJ,20200529,13029.6,13122.5,12949.7,13011.4,0
XMM,20200529,4330.2,4379.4,4313.4,4341.2,0
XNJ,20200529,5898.3,5904.7,5786.1,5825,0
XPJ,20200529,1264.7,1265.2,1243.4,1243.4,0
XSJ,20200529,11820.6,11952.2,11652.5,11907.5,0
XSO,20200529,2648,2662.9,2629.1,2658.3,0
XTJ,20200529,1180.6,1194,1171.7,1179.6,0
XTL,20200529,3222.6,3222.6,3144.4,3144.5,0
XTO,20200529,4824.5,4824.5,4736.7,4736.7,0
XUJ,20200529,7718.3,7786.3,7638.7,7725.2,0
XXJ,20200529,5309.4,5309.4,5121.1,5121.1,0
