360,20200218,3.3,3.3,3.24,3.25,94821
14D,20200218,0.18,0.18,0.175,0.18,69236
1AD,20200218,0.085,0.085,0.079,0.083,152470
1ST,20200218,0.057,0.058,0.055,0.057,311637
3DA,20200218,0.265,0.27,0.235,0.245,791015
3DP,20200218,0.044,0.044,0.044,0.044,276900
3PL,20200218,0.8,0.8,0.76,0.76,8520
4DS,20200218,0.061,0.064,0.06,0.06,2336615
5GN,20200218,1.1,1.15,1.045,1.12,1487166
88E,20200218,0.025,0.025,0.024,0.024,18920645
8EC,20200218,0.079,0.079,0.079,0.079,160000
8IH,20200218,0.13,0.13,0.13,0.13,10000
8VI,20200218,0.3,0.31,0.3,0.3,21222
9SP,20200218,0.023,0.024,0.022,0.024,4004473
A1G,20200218,0.15,0.165,0.145,0.145,115474
A1M,20200218,0.325,0.325,0.32,0.32,50425
A2B,20200218,1.415,1.43,1.41,1.41,11873
A2M,20200218,15.73,15.78,15.52,15.75,4155126
A3D,20200218,0.17,0.19,0.17,0.175,459668
A4N,20200218,0.24,0.24,0.23,0.23,875610
AAA,20200218,50.09,50.1,50.09,50.1,99286
AAC,20200218,1.265,1.27,1.19,1.19,962598
AAJ,20200218,0.002,0.002,0.002,0.002,1800000
AAR,20200218,0.12,0.12,0.11,0.115,157455
ABA,20200218,6.31,6.37,6.29,6.37,35306
ABC,20200218,3.21,3.23,3.17,3.18,958633
ABP,20200218,3.96,4.075,3.94,4.05,2265633
ABV,20200218,0.036,0.036,0.036,0.036,401000
ABX,20200218,0.11,0.11,0.11,0.11,20558
AC8,20200218,0.3,0.335,0.295,0.3,1623787
ACB,20200218,0.009,0.009,0.009,0.009,382
ACF,20200218,0.335,0.337,0.325,0.325,673091
ACQ,20200218,1.21,1.21,1.2,1.2,12500
ACR,20200218,0.175,0.175,0.175,0.175,53515
ACW,20200218,0.032,0.032,0.03,0.031,1133923
AD1,20200218,0.012,0.012,0.012,0.012,100000
AD8,20200218,8.15,8.17,7.8,7.86,345574
ADA,20200218,0.625,0.635,0.625,0.63,29652
ADD,20200218,0.03,0.032,0.03,0.03,318482
ADH,20200218,2.51,2.53,2.39,2.44,669934
ADI,20200218,3.11,3.13,3.08,3.11,149208
ADN,20200218,0.044,0.044,0.043,0.043,5151164
ADO,20200218,0.03,0.03,0.029,0.029,692917
ADR,20200218,0.032,0.032,0.032,0.032,67324
ADT,20200218,1.8,1.8,1.705,1.715,184675
ADV,20200218,0.004,0.006,0.004,0.006,78637283
AEE,20200218,0.005,0.005,0.005,0.005,1943058
AEF,20200218,5.1,5.15,5.07,5.1,69956
AEG,20200218,1.22,1.24,1.22,1.23,411306
AEI,20200218,0.5,0.725,0.49,0.575,5620897
AER,20200218,0.155,0.155,0.155,0.155,6500
AFG,20200218,2.72,2.845,2.71,2.75,103849
AFI,20200218,7.13,7.14,7.09,7.09,203947
AFR,20200218,0.033,0.033,0.032,0.032,225715
AGD,20200218,0.11,0.115,0.11,0.115,40000
AGG,20200218,5.88,5.95,5.85,5.95,4006
AGH,20200218,0.375,0.375,0.36,0.365,351420
AGI,20200218,0.665,0.665,0.66,0.66,56459
AGJ,20200218,0.048,0.048,0.048,0.048,45000
AGL,20200218,20.86,21.16,20.83,21.04,2465216
AGM,20200218,2.07,2.07,2.07,2.07,39313
AGR,20200218,0.099,0.11,0.099,0.11,281006
AGS,20200218,0.12,0.12,0.12,0.12,318612
AGY,20200218,0.075,0.075,0.071,0.071,595689
AHF,20200218,0.089,0.089,0.087,0.089,138597
AHX,20200218,0.54,0.54,0.535,0.54,4040
AHY,20200218,1.095,1.095,1.08,1.085,100742
AHZ,20200218,0.072,0.072,0.067,0.067,597165
AIA,20200218,8.1,8.14,8.01,8.06,93514
AIR,20200218,0.735,0.735,0.73,0.73,1000
AIS,20200218,0.063,0.063,0.06,0.06,1404362
AIZ,20200218,2.69,2.69,2.66,2.67,92865
AJX,20200218,0.06,0.06,0.059,0.059,848245
AKG,20200218,0.49,0.49,0.487,0.49,53653
AKM,20200218,0.105,0.105,0.105,0.105,58806
AKP,20200218,14.4,14.51,14.25,14.25,3470
ALC,20200218,0.22,0.225,0.215,0.22,526136
ALF,20200218,0.98,0.985,0.97,0.97,586387
ALG,20200218,1.39,1.395,1.32,1.32,821342
ALI,20200218,2.75,2.75,2.7,2.72,174484
ALK,20200218,0.925,0.95,0.9,0.925,2466547
ALL,20200218,36.8,36.95,36.33,36.6,1030778
ALQ,20200218,9.74,9.75,9.58,9.66,935374
ALU,20200218,38.11,40,35.04,39.26,4008473
ALX,20200218,8.4,8.45,8.36,8.41,1404042
ALY,20200218,0.011,0.011,0.011,0.011,850940
AMA,20200218,0.865,0.87,0.827,0.83,1658659
AMC,20200218,15.32,15.4,15.24,15.33,4033715
AME,20200218,0.033,0.034,0.032,0.034,208436
AMG,20200218,0.05,0.052,0.049,0.05,854215
AMH,20200218,0.99,0.995,0.985,0.99,87092
AMI,20200218,0.415,0.415,0.405,0.415,1159817
AML,20200218,0.14,0.14,0.13,0.13,29276
AMO,20200218,0.086,0.087,0.086,0.087,42000
AMP,20200218,1.895,1.99,1.89,1.99,27594274
AMS,20200218,1.225,1.23,1.12,1.16,807600
AMX,20200218,2.47,2.47,2.33,2.33,112315
ANA,20200218,0.012,0.013,0.012,0.012,3358664
ANG,20200218,0.195,0.2,0.195,0.2,116011
ANL,20200218,0.002,0.002,0.001,0.001,3246018
ANN,20200218,31.79,31.79,30.585,31.42,1118122
ANO,20200218,6.4,6.64,6.4,6.48,20628
ANP,20200218,0.074,0.078,0.071,0.078,1310051
ANR,20200218,0.25,0.26,0.25,0.26,5500
ANW,20200218,0.001,0.001,0.001,0.001,955613
ANZ,20200218,26.65,26.67,26.55,26.65,4990434
AOF,20200218,2.98,3,2.98,3,56146
AOP,20200218,0.24,0.24,0.24,0.24,9597
APA,20200218,11.3,11.44,11.26,11.4,1891881
APC,20200218,0.1,0.1,0.097,0.097,124089
APD,20200218,0.695,0.712,0.695,0.7,232465
APE,20200218,9,9.22,8.86,9.16,425529
APH,20200218,0.135,0.14,0.135,0.135,70433
API,20200218,1.275,1.282,1.265,1.265,656533
APL,20200218,1.025,1.04,1.015,1.025,861101
APT,20200218,39.55,39.96,38.81,39.87,1508460
APV,20200218,0.215,0.215,0.21,0.21,117115
APW,20200218,1.47,1.47,1.47,1.47,8000
APX,20200218,27.05,27.06,25.83,26.05,836503
APZ,20200218,1.16,1.16,1.16,1.16,29782
AQD,20200218,0.01,0.011,0.01,0.011,79930
AQG,20200218,6.98,6.99,6.93,6.99,35090
AQI,20200218,0.071,0.085,0.071,0.084,3682284
AQR,20200218,3.91,3.99,3.89,3.97,71413
AQZ,20200218,2.66,2.66,2.63,2.63,84215
AR9,20200218,0.12,0.12,0.099,0.1,118170
ARA,20200218,0.61,0.61,0.61,0.61,76152
ARB,20200218,20.4,20.44,19.13,19.49,368915
ARD,20200218,0.017,0.017,0.017,0.017,2608806
ARE,20200218,0.006,0.006,0.006,0.006,96009
ARF,20200218,3.29,3.33,3.25,3.31,231018
ARG,20200218,8.86,8.88,8.78,8.78,254064
ARL,20200218,0.5,0.505,0.5,0.5,34207
ARN,20200218,0.2,0.235,0.2,0.225,1060180
ARQ,20200218,0.245,0.245,0.24,0.24,183344
ARS,20200218,0.021,0.021,0.02,0.021,4823933
ARU,20200218,0.073,0.073,0.072,0.072,919745
ARV,20200218,0.032,0.034,0.032,0.033,4186629
AS1,20200218,0.16,0.16,0.155,0.155,209867
ASB,20200218,4,4.015,3.89,4.01,2195907
ASG,20200218,1.655,1.66,1.64,1.66,29511
ASN,20200218,0.031,0.033,0.03,0.03,218492
ASQ,20200218,0.033,0.033,0.033,0.033,20000
AST,20200218,1.74,1.76,1.73,1.76,3408098
ASX,20200218,82.45,82.8,81.7,82.35,292079
ATC,20200218,0.08,0.084,0.08,0.084,302708
ATL,20200218,0.31,0.31,0.285,0.285,343674
ATS,20200218,0.07,0.07,0.069,0.069,886328
ATU,20200218,0.33,0.335,0.325,0.325,168084
ATX,20200218,0.096,0.097,0.091,0.094,93072
AU8,20200218,0.077,0.077,0.077,0.077,245696
AUB,20200218,13.1,13.19,12.56,13.05,80272
AUC,20200218,0.017,0.017,0.016,0.016,407200
AUI,20200218,10.24,10.25,10.23,10.23,16981
AUP,20200218,2.86,2.86,2.86,2.86,87
AUQ,20200218,0.016,0.016,0.016,0.016,535977
AUR,20200218,0.019,0.019,0.019,0.019,381250
AUT,20200218,0.033,0.033,0.029,0.029,14917851
AUZ,20200218,0.015,0.015,0.014,0.014,3607202
AV1,20200218,0.22,0.22,0.215,0.215,38889
AVA,20200218,0.15,0.15,0.15,0.15,6666
AVC,20200218,0.22,0.22,0.22,0.22,33173
AVG,20200218,0.455,0.455,0.455,0.455,3885
AVH,20200218,0.85,0.855,0.815,0.815,9604382
AVJ,20200218,0.615,0.615,0.595,0.595,49076
AVL,20200218,0.013,0.013,0.012,0.012,435567
AVN,20200218,2.87,2.92,2.87,2.92,4014484
AVW,20200218,0.002,0.002,0.002,0.002,3499435
AVZ,20200218,0.09,0.105,0.089,0.094,57389363
AWC,20200218,2.22,2.22,2.16,2.17,10088531
AWY,20200218,0.033,0.033,0.033,0.033,139628
AX1,20200218,1.9,1.947,1.89,1.93,696531
AX8,20200218,0.027,0.028,0.027,0.027,101700
AXE,20200218,0.2,0.2,0.187,0.187,522538
AYS,20200218,0.335,0.335,0.32,0.325,178867
AZI,20200218,0.008,0.008,0.008,0.008,1603654
AZJ,20200218,5.48,5.54,5.41,5.45,4601035
AZS,20200218,0.125,0.13,0.125,0.13,26268
AZV,20200218,0.11,0.11,0.11,0.11,180000
AZY,20200218,0.012,0.012,0.011,0.011,6842665
BAF,20200218,0.885,0.89,0.875,0.885,92565
BAP,20200218,6.65,6.68,6.43,6.5,1306504
BAR,20200218,0.018,0.019,0.018,0.019,67176
BAS,20200218,0.002,0.002,0.002,0.002,2750000
BAT,20200218,0.007,0.007,0.007,0.007,291700
BBL,20200218,0.47,0.47,0.47,0.47,3000
BBN,20200218,3.61,3.75,3.595,3.6,1611451
BBX,20200218,0.17,0.185,0.17,0.185,66151
BC8,20200218,0.38,0.385,0.36,0.365,1912739
BCB,20200218,0.051,0.051,0.05,0.05,590910
BCC,20200218,0.285,0.29,0.28,0.28,294240
BCI,20200218,0.165,0.17,0.16,0.165,1546847
BCK,20200218,0.028,0.028,0.025,0.025,37556
BCN,20200218,0.033,0.033,0.032,0.033,1065175
BCT,20200218,0.115,0.115,0.115,0.115,216667
BD1,20200218,0.036,0.04,0.036,0.037,18765610
BDA,20200218,0.28,0.305,0.27,0.27,293133
BDC,20200218,0.082,0.085,0.081,0.085,2219734
BEE,20200218,0.016,0.016,0.014,0.014,144258
BEN,20200218,10.2,10.23,9.73,9.98,12221510
BET,20200218,0.41,0.41,0.385,0.395,1465503
BFC,20200218,0.08,0.08,0.079,0.079,113205
BFG,20200218,1.36,1.375,1.36,1.375,161497
BGA,20200218,4.21,4.28,4.18,4.25,316035
BGL,20200218,0.555,0.575,0.545,0.545,3429555
BGT,20200218,0.175,0.175,0.165,0.165,188853
BHP,20200218,38.48,38.96,38.3,38.78,6161636
BID,20200218,1.31,1.33,1.295,1.3,258395
BIN,20200218,3.14,3.15,3.095,3.11,1091382
BIQ,20200218,0.012,0.012,0.012,0.012,10000
BIS,20200218,1.05,1.055,1.05,1.05,12430
BIT,20200218,0.135,0.137,0.115,0.115,14942988
BKI,20200218,1.68,1.68,1.655,1.66,609124
BKL,20200218,70.62,71.3,69.13,70.98,196604
BKT,20200218,0.049,0.051,0.049,0.049,237356
BKW,20200218,19.89,20.01,19.59,19.75,164397
BKY,20200218,0.175,0.175,0.175,0.175,31600
BLD,20200218,4.75,4.855,4.735,4.8,5819100
BLG,20200218,0.064,0.065,0.063,0.065,921760
BLK,20200218,0.011,0.011,0.01,0.011,758566
BLT,20200218,0.037,0.037,0.036,0.036,346566
BLU,20200218,0.039,0.04,0.039,0.04,185000
BLX,20200218,1.06,1.09,1.055,1.065,13167
BLY,20200218,1.12,1.2,1.095,1.2,38973
BLZ,20200218,0.013,0.013,0.012,0.012,384004
BMN,20200218,0.032,0.032,0.032,0.032,291778
BNL,20200218,0.007,0.008,0.007,0.007,1908856
BNO,20200218,0.063,0.063,0.061,0.061,157384
BNR,20200218,0.025,0.028,0.025,0.028,258476
BOC,20200218,0.25,0.26,0.25,0.26,36060
BOE,20200218,0.053,0.054,0.049,0.054,1372184
BOL,20200218,0.135,0.135,0.125,0.13,758053
BOQ,20200218,7.62,7.63,7.54,7.6,1477048
BOT,20200218,0.089,0.092,0.089,0.091,1116992
BPH,20200218,0.001,0.001,0.001,0.001,22606111
BPL,20200218,0.016,0.016,0.016,0.016,214300
BPP,20200218,0.016,0.016,0.016,0.016,100000
BPT,20200218,2.11,2.15,2.085,2.12,11528154
BRB,20200218,0.25,0.255,0.25,0.25,176284
BRG,20200218,23.55,23.94,21.89,23.11,434606
BRK,20200218,0.008,0.008,0.008,0.008,1763995
BRL,20200218,0.1,0.1,0.1,0.1,240140
BRN,20200218,0.064,0.066,0.059,0.059,14779809
BRU,20200218,0.16,0.16,0.15,0.16,184186
BRV,20200218,0.029,0.031,0.028,0.028,10670091
BSA,20200218,0.39,0.405,0.39,0.405,15768
BSL,20200218,13.88,13.88,13.62,13.64,2600388
BSM,20200218,0.005,0.006,0.005,0.006,1763500
BSR,20200218,0.013,0.015,0.013,0.014,4480475
BSX,20200218,0.185,0.185,0.18,0.18,379500
BTC,20200218,0.16,0.16,0.16,0.16,12824
BTH,20200218,1,1.03,0.995,1.02,924291
BTI,20200218,1.12,1.125,1.12,1.125,78508
BUB,20200218,0.75,0.805,0.745,0.795,18407653
BUD,20200218,0.033,0.033,0.03,0.03,3946659
BUY,20200218,0.008,0.008,0.006,0.006,6324803
BVS,20200218,5.49,5.54,5.4,5.42,743506
BWF,20200218,0.51,0.51,0.51,0.51,66025
BWP,20200218,4.03,4.04,4.01,4.02,489348
BWX,20200218,4.64,4.64,4.465,4.53,453327
BXB,20200218,13,13.07,12.835,12.95,5641163
BYE,20200218,0.35,0.355,0.34,0.35,5190718
C6C,20200218,0.695,0.695,0.695,0.695,195
CAA,20200218,0.155,0.155,0.14,0.145,552584
CAD,20200218,0.001,0.001,0.001,0.001,2700000
CAF,20200218,0.115,0.12,0.115,0.12,26357
CAG,20200218,0.54,0.54,0.54,0.54,15700
CAI,20200218,0.27,0.27,0.265,0.265,677799
CAJ,20200218,0.275,0.285,0.275,0.28,1235690
CAM,20200218,0.972,0.975,0.965,0.965,46267
CAN,20200218,1.15,1.17,1.03,1.11,1101534
CAP,20200218,0.03,0.03,0.029,0.029,26281
CAR,20200218,18.59,18.64,18.29,18.45,681720
CAT,20200218,2.1,2.1,2.01,2.04,248898
CAU,20200218,0.17,0.17,0.165,0.165,135223
CAY,20200218,0.145,0.145,0.14,0.14,266526
CAZ,20200218,0.022,0.023,0.022,0.022,282043
CBA,20200218,89.81,90.26,89.58,90.26,3817424
CBE,20200218,0.27,0.275,0.26,0.26,510831
CBR,20200218,4.2,4.22,4.07,4.07,126065
CCA,20200218,0.175,0.19,0.175,0.19,256724
CCE,20200218,0.002,0.002,0.001,0.001,360882
CCG,20200218,0.062,0.062,0.062,0.062,8400
CCL,20200218,11.87,11.93,11.8,11.93,1852325
CCP,20200218,37.4,37.64,36.62,36.8,271744
CCV,20200218,0.205,0.21,0.2,0.21,1303000
CCX,20200218,3.14,3.14,3.06,3.1,99658
CCZ,20200218,0.017,0.017,0.017,0.017,413835
CD1,20200218,1.54,1.54,1.54,1.54,11290
CD2,20200218,1.6,1.6,1.53,1.53,37354
CD3,20200218,1.26,1.26,1.2,1.2,102352
CDA,20200218,8.43,8.44,8.07,8.15,215678
CDD,20200218,0.385,0.39,0.37,0.37,993630
CDM,20200218,0.725,0.725,0.717,0.725,452477
CDP,20200218,5.81,5.845,5.8,5.82,18568
CDT,20200218,0.01,0.01,0.01,0.01,1060000
CDV,20200218,0.37,0.37,0.36,0.365,81801
CDX,20200218,0.024,0.025,0.023,0.025,917465
CDY,20200218,0.195,0.195,0.19,0.19,28361
CE1,20200218,0.005,0.005,0.005,0.005,57333
CEL,20200218,0.17,0.17,0.165,0.165,786712
CEN,20200218,7.25,7.36,7.25,7.34,3295
CG1,20200218,0.455,0.455,0.44,0.44,111762
CGB,20200218,0.014,0.014,0.012,0.012,1783732
CGC,20200218,3.03,3.125,3.01,3.1,1524286
CGF,20200218,10.1,10.27,10.07,10.25,2407825
CGR,20200218,0.555,0.555,0.555,0.555,708180
CGS,20200218,0.485,0.49,0.48,0.49,61234
CHC,20200218,12.94,13.15,12.89,13.11,684765
CHK,20200218,0.009,0.01,0.008,0.008,6924749
CHN,20200218,0.295,0.3,0.292,0.295,279584
CHZ,20200218,0.1,0.1,0.1,0.1,167515
CI1,20200218,0.024,0.028,0.024,0.027,5680070
CIA,20200218,2.21,2.27,2.2,2.24,392456
CIE,20200218,0.84,0.84,0.835,0.84,269113
CIM,20200218,27.41,27.77,27.15,27.15,558523
CIN,20200218,31.38,31.69,31.38,31.65,2758
CIO,20200218,0.003,0.003,0.003,0.003,12000000
CIP,20200218,3.69,3.7,3.67,3.7,150867
CKA,20200218,0.042,0.042,0.04,0.04,1094000
CKF,20200218,9.88,9.95,9.8,9.82,367174
CL1,20200218,2.05,2.05,1.71,1.865,1264671
CL8,20200218,0.015,0.016,0.015,0.016,1266125
CLA,20200218,0.012,0.012,0.012,0.012,41750
CLB,20200218,0.06,0.06,0.06,0.06,47000
CLF,20200218,1.3,1.3,1.3,1.3,14013
CLQ,20200218,0.26,0.26,0.247,0.247,151837
CLT,20200218,0.13,0.14,0.13,0.14,47883
CLV,20200218,2.9,3,2.86,2.94,384854
CLW,20200218,5.7,5.77,5.7,5.75,1698210
CLX,20200218,0.865,0.865,0.865,0.865,15500
CLZ,20200218,0.002,0.002,0.002,0.002,6316304
CM8,20200218,0.023,0.023,0.023,0.023,366950
CMD,20200218,0.006,0.006,0.006,0.006,468350
CML,20200218,0.017,0.017,0.016,0.016,147853
CMM,20200218,1.235,1.25,1.215,1.23,268027
CMP,20200218,0.895,0.9,0.83,0.875,932871
CMW,20200218,1.21,1.21,1.2,1.21,2938308
CNB,20200218,0.068,0.068,0.068,0.068,6200
CNI,20200218,2.67,2.69,2.66,2.67,1203695
CNJ,20200218,0.008,0.008,0.008,0.008,56250
CNL,20200218,0.135,0.14,0.135,0.14,38075
CNU,20200218,6.09,6.15,6.07,6.12,269157
CNW,20200218,0.031,0.033,0.031,0.032,1699999
COE,20200218,0.555,0.555,0.54,0.54,1655756
COF,20200218,3.2,3.25,3.2,3.24,1114059
COG,20200218,0.09,0.09,0.09,0.09,229594
COH,20200218,231.73,232.19,224.55,226.62,206226
COI,20200218,0.135,0.145,0.135,0.145,373640
COL,20200218,16.8,17.01,16.66,16.75,2194052
COO,20200218,0.078,0.078,0.078,0.078,128217
COS,20200218,0.34,0.34,0.34,0.34,4000
COY,20200218,0.005,0.005,0.005,0.005,150000
CP1,20200218,0.125,0.125,0.125,0.125,8828
CPH,20200218,0.12,0.12,0.115,0.12,923819
CPT,20200218,0.064,0.064,0.064,0.064,6039
CPU,20200218,17.23,17.475,17.06,17.4,1362607
CPV,20200218,0.155,0.155,0.145,0.155,135042
CQE,20200218,3.72,3.805,3.72,3.8,382677
CQR,20200218,5,5.04,4.95,5.04,1622000
CR1,20200218,0.2,0.2,0.2,0.2,17695
CRL,20200218,0.027,0.029,0.026,0.027,1029629
CRN,20200218,1.97,1.99,1.95,1.96,159069
CRO,20200218,0.005,0.005,0.005,0.005,110000
CRS,20200218,0.125,0.125,0.12,0.12,205452
CSD,20200218,0.17,0.17,0.14,0.16,27706
CSE,20200218,0.055,0.055,0.055,0.055,1000
CSL,20200218,332.8,333.55,330.01,331.17,619205
CSR,20200218,4.87,4.88,4.67,4.8,4769157
CSS,20200218,0.755,0.76,0.735,0.735,77702
CST,20200218,0.175,0.18,0.155,0.155,5662803
CT1,20200218,0.039,0.039,0.036,0.039,2717227
CTD,20200218,16.25,16.29,15.99,16.19,753176
CTM,20200218,0.012,0.013,0.012,0.013,46854889
CTO,20200218,0.006,0.006,0.005,0.005,280066
CTP,20200218,0.12,0.125,0.12,0.12,948262
CTX,20200218,34.79,34.84,34.45,34.5,2555048
CUE,20200218,0.13,0.13,0.13,0.13,114825
CUP,20200218,1.25,1.265,1.245,1.265,30439
CUV,20200218,25.6,25.83,25.02,25.61,120744
CV1,20200218,0.12,0.12,0.12,0.12,222719
CVC,20200218,1.94,1.975,1.94,1.975,7304
CVF,20200218,0.98,0.995,0.975,0.98,160536
CVL,20200218,0.455,0.47,0.455,0.47,17100
CVN,20200218,0.315,0.32,0.31,0.32,1096910
CWL,20200218,0.1,0.11,0.099,0.102,3326666
CWN,20200218,11.76,11.825,11.68,11.8,982395
CWP,20200218,8.01,8.2,8.01,8.2,31206
CWX,20200218,0.27,0.295,0.27,0.295,695745
CWY,20200218,1.935,1.935,1.875,1.92,10395201
CXL,20200218,0.925,0.925,0.905,0.905,157103
CXM,20200218,0.043,0.043,0.043,0.043,50000
CXO,20200218,0.039,0.039,0.038,0.038,353701
CXU,20200218,0.013,0.013,0.012,0.012,80550
CXZ,20200218,0.019,0.02,0.019,0.02,885067
CYC,20200218,1.15,1.155,1.1,1.1,28946
CYG,20200218,1.045,1.055,1.045,1.055,1428
CYL,20200218,2.81,2.86,2.81,2.84,9003
CYM,20200218,0.24,0.25,0.22,0.23,287576
CYP,20200218,1.07,1.075,1.045,1.045,227909
CZI,20200218,0.091,0.098,0.088,0.091,918185
CZL,20200218,0.009,0.009,0.009,0.009,444950
CZN,20200218,0.003,0.003,0.003,0.003,100000
CZR,20200218,0.01,0.01,0.009,0.009,6048398
D2O,20200218,1.535,1.535,1.515,1.515,48352
DAF,20200218,0.018,0.018,0.018,0.018,42376
DCC,20200218,0.029,0.029,0.028,0.029,1347547
DCG,20200218,0.4,0.4,0.39,0.4,125171
DCL,20200218,0.066,0.066,0.066,0.066,146766
DDR,20200218,6.85,6.85,6.64,6.72,64637
DDT,20200218,0.007,0.007,0.007,0.007,295000
DEG,20200218,0.195,0.195,0.175,0.185,25598553
DEM,20200218,0.215,0.215,0.2,0.2,158673
DEV,20200218,0.065,0.065,0.064,0.064,409115
DGH,20200218,1.45,1.45,1.45,1.45,348
DGO,20200218,1.7,1.76,1.7,1.76,21164
DGR,20200218,0.072,0.074,0.072,0.074,20000
DHG,20200218,3.78,3.79,3.73,3.74,730864
DHR,20200218,0.002,0.002,0.002,0.002,2000000
DIV,20200218,24.87,24.87,24.4,24.41,1528
DJW,20200218,3.36,3.39,3.36,3.37,25941
DLC,20200218,0.004,0.004,0.004,0.004,119680
DME,20200218,0.19,0.19,0.19,0.19,2000
DMP,20200218,57.61,58.31,57.02,57.46,291937
DNA,20200218,0.081,0.083,0.077,0.077,2476524
DNK,20200218,0.545,0.56,0.545,0.56,36520
DOR,20200218,0.046,0.046,0.046,0.046,100000
DOW,20200218,6.75,6.8,6.55,6.57,3643314
DRO,20200218,0.235,0.235,0.21,0.21,274525
DRX,20200218,0.011,0.011,0.011,0.011,386000
DSE,20200218,0.045,0.046,0.045,0.045,839090
DTC,20200218,1.095,1.12,1.09,1.11,14402
DTL,20200218,4.91,4.91,4.53,4.64,451213
DTR,20200218,0.002,0.002,0.002,0.002,7089071
DTS,20200218,0.145,0.145,0.145,0.145,13759
DTZ,20200218,0.058,0.058,0.058,0.058,21800
DUB,20200218,1.15,1.15,1.12,1.13,109774
DUI,20200218,5.2,5.22,5.19,5.2,21481
DVL,20200218,0.027,0.027,0.027,0.027,11838
DW8,20200218,0.007,0.007,0.007,0.007,2372578
DWS,20200218,1.075,1.08,1.065,1.08,73324
DXB,20200218,0.145,0.145,0.145,0.145,144089
DXN,20200218,0.04,0.04,0.039,0.04,1699683
DXS,20200218,13.33,13.37,13.22,13.37,2081460
DYL,20200218,0.205,0.21,0.2,0.21,206640
E2E,20200218,0.003,0.003,0.003,0.003,8000000
EAF,20200218,1.4,1.4,1.4,1.4,182042
EAI,20200218,1.09,1.09,1.08,1.08,156752
EAX,20200218,0.245,0.25,0.245,0.245,6182
EBG,20200218,1,1,1,1,151
EBO,20200218,22.74,22.75,22.74,22.75,117
ECF,20200218,1.31,1.32,1.31,1.315,102839
ECP,20200218,1.1,1.1,1.1,1.1,105
ECS,20200218,0.047,0.047,0.047,0.047,340000
ECT,20200218,0.001,0.001,0.001,0.001,34816581
ECX,20200218,1.75,1.765,1.717,1.725,892626
ED1,20200218,0.965,0.99,0.955,0.97,60883
EDE,20200218,0.04,0.04,0.039,0.039,270116
EEG,20200218,0.36,0.365,0.325,0.33,381203
EFF,20200218,1.8,1.8,1.8,1.8,31250
EGD,20200218,2.63,2.63,2.62,2.62,81834
EGF,20200218,1.85,1.88,1.85,1.85,175985
EGG,20200218,1.805,1.825,1.805,1.825,1875
EGH,20200218,0.39,0.39,0.385,0.385,131439
EGI,20200218,1.19,1.205,1.185,1.185,69439
EGL,20200218,0.038,0.038,0.037,0.037,28981
EGN,20200218,0.6,0.61,0.6,0.6,25799
EGR,20200218,0.078,0.078,0.076,0.078,42073
EHE,20200218,2.35,2.42,2.34,2.37,789901
EHH,20200218,0.12,0.12,0.115,0.12,48177
EHL,20200218,2.11,2.275,2.11,2.24,1853167
EHX,20200218,0.12,0.125,0.12,0.125,303970
ELD,20200218,8.1,8.14,8.04,8.14,288882
ELO,20200218,8.1,8.22,7.9,8.185,192941
ELS,20200218,0.34,0.34,0.325,0.33,29856
ELX,20200218,0.82,0.83,0.82,0.83,54049
EM1,20200218,0.008,0.008,0.008,0.008,1264296
EM2,20200218,0.14,0.14,0.14,0.14,8043
EMD,20200218,0.12,0.12,0.1,0.105,1185965
EMH,20200218,0.28,0.28,0.277,0.28,40438
EML,20200218,5.6,5.6,5.42,5.55,1912353
EMN,20200218,0.15,0.15,0.15,0.15,9185
EMR,20200218,0.046,0.046,0.046,0.046,219844
EMT,20200218,0.014,0.014,0.014,0.014,1260890
EMU,20200218,0.044,0.046,0.044,0.045,149924
EMV,20200218,0.9,0.935,0.875,0.89,83628
EN1,20200218,0.018,0.019,0.016,0.017,18916971
ENA,20200218,0.02,0.02,0.018,0.018,400000
ENN,20200218,2.18,2.18,2.15,2.18,220186
ENR,20200218,0.092,0.1,0.092,0.1,101504
EOF,20200218,2.85,2.85,2.7,2.74,212976
EOL,20200218,3.57,3.57,3.57,3.57,7006
EOS,20200218,10.1,10.19,9.71,9.77,274402
EPD,20200218,0.4,0.4,0.39,0.39,54645
EPM,20200218,0.005,0.005,0.005,0.005,350000
EQE,20200218,0.013,0.013,0.011,0.012,1334670
EQT,20200218,31.62,31.68,30.78,31.62,17153
EQX,20200218,0.255,0.26,0.255,0.26,107902
ERA,20200218,0.15,0.155,0.15,0.15,266490
ERF,20200218,1.24,1.265,1.24,1.25,279232
ERG,20200218,0.067,0.067,0.067,0.067,7000
ERL,20200218,0.012,0.012,0.012,0.012,50000
ERM,20200218,0.081,0.081,0.078,0.078,208209
ERX,20200218,0.06,0.06,0.058,0.06,636833
ESE,20200218,0.01,0.01,0.01,0.01,28000
ESH,20200218,0.007,0.007,0.007,0.007,1069651
ETF,20200218,23.5,23.5,23.5,23.5,111
EUC,20200218,0.015,0.017,0.015,0.015,204171
EUR,20200218,0.084,0.085,0.084,0.085,213098
EVE,20200218,0.006,0.006,0.005,0.005,1015676
EVN,20200218,4.24,4.31,4.205,4.29,7668801
EVO,20200218,0.14,0.14,0.135,0.135,2110949
EVS,20200218,0.225,0.23,0.22,0.23,1000468
EVT,20200218,12.62,12.7,12.33,12.45,69733
EWC,20200218,0.079,0.082,0.077,0.082,866274
EX1,20200218,0.29,0.29,0.29,0.29,39500
EXL,20200218,0.585,0.6,0.555,0.555,367843
EXP,20200218,0.22,0.22,0.2,0.21,1151238
EXR,20200218,0.044,0.044,0.04,0.041,962353
EZL,20200218,1.025,1.025,1.02,1.02,50164
FAM,20200218,0.048,0.048,0.041,0.041,53294
FAR,20200218,0.032,0.032,0.031,0.031,20758940
FAU,20200218,0.013,0.013,0.012,0.012,456481
FBR,20200218,0.053,0.053,0.052,0.053,15391995
FBU,20200218,5,5.01,4.93,4.93,707143
FCL,20200218,3.52,3.55,3.495,3.51,102159
FCT,20200218,0.155,0.155,0.155,0.155,170926
FDV,20200218,1.1,1.14,1.1,1.14,44326
FEX,20200218,0.051,0.053,0.051,0.052,1268072
FFC,20200218,0.09,0.09,0.09,0.09,66000
FFG,20200218,0.008,0.008,0.008,0.008,100000
FFI,20200218,5.2,5.2,5.2,5.2,231
FFL,20200218,0.38,0.38,0.38,0.38,500
FGG,20200218,1.3,1.305,1.29,1.295,684875
FGR,20200218,0.17,0.175,0.167,0.175,670893
FGX,20200218,1.17,1.18,1.17,1.17,388309
FHS,20200218,0.024,0.024,0.023,0.023,3253709
FID,20200218,6,6.02,6,6,24363
FLC,20200218,0.36,0.36,0.345,0.35,211061
FLN,20200218,0.435,0.45,0.435,0.435,187746
FLT,20200218,38.4,38.53,38.11,38.35,486324
FMG,20200218,11.01,11.075,10.97,11.06,8803803
FNP,20200218,4.69,4.78,4.6,4.63,438234
FNT,20200218,0.011,0.011,0.01,0.01,6870773
FOD,20200218,0.083,0.094,0.074,0.092,32088518
FOR,20200218,1.16,1.165,1.16,1.165,29604
FPC,20200218,1.06,1.065,1.06,1.06,70000
FPH,20200218,23.8,23.91,23.45,23.58,316491
FPP,20200218,0.96,0.98,0.955,0.98,31756
FRI,20200218,0.98,1.01,0.98,0.98,320109
FRM,20200218,0.3,0.3,0.3,0.3,6276
FRN,20200218,0.023,0.023,0.022,0.022,3164199
FSA,20200218,1.41,1.41,1.38,1.38,96969
FSF,20200218,3.74,3.74,3.74,3.74,149
FSI,20200218,1.99,1.99,1.97,1.97,10180
FTT,20200218,0.002,0.002,0.002,0.002,1203120
FWD,20200218,2.03,2.05,2.03,2.05,10673
FXL,20200218,1.865,1.88,1.825,1.83,571853
FYI,20200218,0.073,0.075,0.073,0.075,1159959
FZO,20200218,0.135,0.135,0.135,0.135,69648
FZR,20200218,0.2,0.2,0.2,0.2,79020
G1A,20200218,0.285,0.285,0.28,0.28,129403
GAL,20200218,0.165,0.165,0.155,0.16,455169
GAP,20200218,0.18,0.18,0.175,0.175,70000
GAS,20200218,0.59,0.59,0.59,0.59,3700
GBZ,20200218,0.062,0.062,0.06,0.06,10064
GC1,20200218,0.825,0.825,0.82,0.82,33674
GCI,20200218,2.03,2.05,2.02,2.02,263930
GDF,20200218,1.415,1.415,1.41,1.415,75227
GDI,20200218,1.53,1.535,1.525,1.53,216174
GDX,20200218,42.23,42.64,42.23,42.59,5515
GEM,20200218,1.77,1.78,1.725,1.75,2979963
GEV,20200218,0.15,0.15,0.15,0.15,81257
GFL,20200218,2,2.08,2,2.08,176
GGG,20200218,0.115,0.115,0.115,0.115,182331
GID,20200218,0.009,0.009,0.009,0.009,56000
GLA,20200218,0.001,0.001,0.001,0.001,4778092
GLL,20200218,0.65,0.66,0.64,0.66,78512
GLN,20200218,0.22,0.232,0.22,0.23,565816
GMA,20200218,3.68,3.79,3.6,3.64,789917
GMD,20200218,0.034,0.034,0.033,0.033,473335
GME,20200218,0.055,0.055,0.055,0.055,85000
GMG,20200218,16.55,16.63,16.445,16.56,2709233
GML,20200218,0.014,0.014,0.013,0.014,840552
GMN,20200218,0.061,0.061,0.06,0.06,46222
GMR,20200218,0.009,0.01,0.009,0.009,634944
GMV,20200218,0.089,0.089,0.088,0.088,515151
GNC,20200218,8.5,8.57,8.45,8.48,879032
GNE,20200218,3.15,3.15,3.08,3.12,20223
GNG,20200218,0.9,0.91,0.875,0.875,63857
GNM,20200218,0.007,0.007,0.007,0.007,6027380
GNX,20200218,0.2,0.2,0.195,0.2,146871
GOR,20200218,1.615,1.627,1.595,1.6,7243469
GOW,20200218,2.27,2.31,2.27,2.29,15380
GOZ,20200218,4.34,4.41,4.33,4.41,742377
GPR,20200218,0.43,0.43,0.42,0.42,32920
GPT,20200218,6.28,6.33,6.24,6.25,6639977
GPX,20200218,0.11,0.11,0.099,0.11,416042
GRB,20200218,0.069,0.069,0.068,0.068,765575
GRL,20200218,0.225,0.235,0.225,0.23,17555
GRR,20200218,0.23,0.232,0.23,0.232,1067276
GSM,20200218,0.095,0.097,0.093,0.097,209915
GSN,20200218,0.06,0.06,0.06,0.06,82735
GSS,20200218,1.165,1.165,1.14,1.15,49600
GSW,20200218,0.56,0.56,0.56,0.56,30702
GTE,20200218,0.004,0.004,0.004,0.004,1851132
GTG,20200218,0.01,0.01,0.01,0.01,13664639
GTK,20200218,2.2,2.23,2.18,2.23,10839
GUD,20200218,12.08,12.1,11.66,11.71,189450
GUL,20200218,0.033,0.04,0.033,0.04,1918685
GVF,20200218,1.1,1.105,1.095,1.105,82110
GWA,20200218,3.99,4,3.94,3.95,2826846
GXY,20200218,1.09,1.1,1.05,1.055,1417187
HAS,20200218,0.115,0.125,0.115,0.12,443806
HAV,20200218,0.095,0.095,0.095,0.095,28567
HAW,20200218,0.082,0.082,0.08,0.08,200835
HCD,20200218,0.045,0.045,0.045,0.045,104864
HCH,20200218,0.029,0.029,0.027,0.028,2050938
HCT,20200218,0.165,0.235,0.16,0.235,44079466
HE8,20200218,0.17,0.17,0.155,0.16,1508818
HFR,20200218,0.64,0.64,0.64,0.64,11000
HGO,20200218,0.05,0.05,0.05,0.05,41275
HHY,20200218,0.045,0.045,0.045,0.045,3100
HIL,20200218,0.475,0.475,0.45,0.45,358577
HIP,20200218,0.016,0.017,0.016,0.017,435500
HIT,20200218,1.66,1.66,1.66,1.66,3665
HLA,20200218,1.315,1.315,1.3,1.305,13026
HLO,20200218,4.28,4.29,4.16,4.2,94546
HLS,20200218,2.9,2.915,2.88,2.88,896031
HLX,20200218,0.013,0.013,0.013,0.013,505232
HM1,20200218,3.46,3.5,3.46,3.46,86176
HMC,20200218,3.78,3.78,3.78,3.78,1668
HMD,20200218,0.16,0.16,0.155,0.155,289865
HMX,20200218,0.025,0.025,0.023,0.023,808780
HNR,20200218,0.008,0.009,0.007,0.009,2822945
HPI,20200218,3.47,3.47,3.41,3.44,125556
HRL,20200218,0.145,0.147,0.145,0.145,53077
HRN,20200218,0.175,0.25,0.175,0.245,177199
HRR,20200218,0.082,0.085,0.081,0.082,146000
HRZ,20200218,0.11,0.11,0.105,0.105,225000
HSC,20200218,0.006,0.006,0.006,0.006,11102959
HSN,20200218,3.8,3.8,3.73,3.77,39945
HT1,20200218,1.53,1.55,1.53,1.53,215485
HT8,20200218,0.01,0.01,0.01,0.01,6000
HTA,20200218,0.155,0.155,0.15,0.15,97791
HUB,20200218,10.96,11.03,10.55,10.63,298845
HUO,20200218,4.51,4.55,4.4,4.42,6540
HVM,20200218,0.19,0.19,0.17,0.18,370505
HVN,20200218,4.75,4.83,4.7,4.8,4486769
HWH,20200218,0.036,0.037,0.036,0.036,470000
HWK,20200218,0.005,0.005,0.005,0.005,125000
HXG,20200218,0.051,0.056,0.051,0.053,122219
HYD,20200218,0.2,0.2,0.2,0.2,7000
HZN,20200218,0.083,0.083,0.08,0.08,3053423
HZR,20200218,0.455,0.495,0.455,0.495,957387
IAA,20200218,99.56,99.56,98.29,98.44,17861
IAF,20200218,115.35,115.49,115.31,115.42,29018
IAG,20200218,6.65,6.67,6.58,6.66,6709075
IAP,20200218,1.56,1.56,1.54,1.555,1474896
IBC,20200218,0.53,0.53,0.53,0.53,121424
IBG,20200218,0.011,0.012,0.01,0.01,269859
IBX,20200218,0.03,0.031,0.028,0.03,7971676
ICE,20200218,0.245,0.3,0.245,0.285,798798
ICI,20200218,0.017,0.017,0.017,0.017,100000
ICQ,20200218,0.395,0.4,0.385,0.39,537833
ICS,20200218,1.95,2.01,1.95,1.995,11843
ICT,20200218,0.04,0.04,0.038,0.038,457500
IDT,20200218,0.135,0.14,0.135,0.135,180010
IDX,20200218,4.03,4.09,4.03,4.06,211836
IDZ,20200218,0.007,0.007,0.007,0.007,100000
IEL,20200218,22.22,23.05,22.05,22.72,736761
IEM,20200218,66.25,66.5,65.68,65.7,22030
IEU,20200218,69.16,69.97,69.16,69.73,28109
IFL,20200218,6.98,7.04,6.66,7.04,2432994
IFM,20200218,2.03,2.04,2,2.03,160480
IFN,20200218,0.72,0.72,0.69,0.705,2312481
IFT,20200218,5.31,5.32,5.31,5.32,5302
IGB,20200218,113.77,113.93,113.7,113.84,1993
IGL,20200218,2.23,2.24,2.2,2.21,185175
IGO,20200218,5.69,5.79,5.65,5.67,1611300
IHD,20200218,14.45,14.49,14.43,14.45,23521
IHL,20200218,0.06,0.062,0.06,0.062,1091653
IJH,20200218,312.46,313.09,311.75,312.97,2741
IJP,20200218,86.59,86.76,86.08,86.2,10276
IJR,20200218,125.79,125.79,124.5,124.6,12805
IKO,20200218,94.03,94.43,93.01,93.01,1208
IKW,20200218,0.002,0.002,0.002,0.002,823284
ILB,20200218,129.18,129.53,129.18,129.51,3269
ILC,20200218,27.71,27.84,27.69,27.73,20627
ILU,20200218,9.48,9.59,9.35,9.39,1377743
IMA,20200218,0.215,0.215,0.21,0.21,480164
IMC,20200218,0.135,0.14,0.135,0.14,136198
IMD,20200218,1.525,1.675,1.515,1.64,5288860
IME,20200218,0.026,0.027,0.024,0.026,1195724
IMF,20200218,4.85,4.9,4.78,4.8,536562
IMM,20200218,0.4,0.4,0.375,0.39,1928376
IMR,20200218,1.75,1.75,1.75,1.75,7783
IMS,20200218,0.006,0.007,0.006,0.006,2401426
IMU,20200218,0.034,0.036,0.033,0.035,49135190
INA,20200218,5.05,5.05,4.91,4.96,1047453
INF,20200218,0.057,0.057,0.056,0.056,80429
ING,20200218,3.55,3.6,3.55,3.58,620399
INP,20200218,0.022,0.022,0.022,0.022,19897
INR,20200218,0.18,0.18,0.17,0.175,1432980
IOD,20200218,0.155,0.16,0.155,0.16,19600
IOO,20200218,84.02,84.4,83.94,84.01,55114
IOZ,20200218,29.03,29.03,28.93,28.99,185800
IPB,20200218,0.025,0.025,0.025,0.025,121134
IPD,20200218,0.105,0.105,0.105,0.105,779592
IPH,20200218,10.05,10.05,9.65,9.82,948492
IPL,20200218,3.02,3.03,2.96,2.99,6274342
IRE,20200218,13.67,13.67,13.5,13.56,263740
IRI,20200218,2.94,2.98,2.94,2.95,133303
ISD,20200218,0.285,0.29,0.272,0.28,224509
ISO,20200218,5.2,5.2,5.19,5.19,7175
ISU,20200218,0.45,0.465,0.45,0.455,20858
ITG,20200218,0.43,0.435,0.42,0.43,1344544
ITW,20200218,62.24,62.28,62.24,62.28,136
IVC,20200218,13.2,13.2,12.93,12.95,303220
IVE,20200218,102.98,103.91,102.21,102.69,4237
IVR,20200218,0.023,0.023,0.021,0.021,3437251
IVV,20200218,506.5,506.5,504.39,505.93,7787
IVX,20200218,0.011,0.011,0.01,0.01,1992070
IVZ,20200218,0.023,0.024,0.023,0.024,454546
IXC,20200218,1.1,1.15,1.095,1.135,48961
IXI,20200218,83.94,83.94,83.74,83.88,1134
IXJ,20200218,105.93,105.93,105.03,105.26,16299
IZZ,20200218,63.6,63.82,63.1,63.2,15065
JAL,20200218,0.18,0.18,0.18,0.18,75275
JAN,20200218,0.395,0.4,0.35,0.4,201327
JAT,20200218,0.05,0.05,0.047,0.048,3275659
JBH,20200218,41.38,41.46,40.95,41.21,324149
JDR,20200218,0.012,0.012,0.012,0.012,57666
JHC,20200218,0.925,0.97,0.925,0.97,745332
JHG,20200218,38.12,38.3,37.6,37.69,149262
JHL,20200218,0.022,0.022,0.022,0.022,20000
JHX,20200218,31.28,31.38,30.78,30.98,954088
JIN,20200218,12.14,12.44,11.85,12,813451
JLG,20200218,2.78,2.78,2.655,2.68,176561
JMS,20200218,0.285,0.285,0.275,0.275,888542
JPR,20200218,0.007,0.009,0.007,0.009,28568
JRV,20200218,0.255,0.265,0.255,0.26,577842
JXT,20200218,0.115,0.115,0.1,0.1,175717
JYC,20200218,1.455,1.455,1.45,1.45,10500
K2F,20200218,0.235,0.235,0.22,0.22,121713
KAI,20200218,0.01,0.01,0.01,0.01,180000
KAR,20200218,1.07,1.075,1.045,1.06,4692541
KCN,20200218,0.54,0.545,0.54,0.54,147483
KEY,20200218,0.004,0.004,0.004,0.004,50000
KFE,20200218,0.058,0.058,0.056,0.056,281534
KGL,20200218,0.2,0.2,0.2,0.2,27407
KGN,20200218,5.25,5.26,4.9,4.98,2071828
KIN,20200218,0.056,0.067,0.056,0.06,986005
KKC,20200218,2.46,2.48,2.45,2.48,938401
KLA,20200218,56.1,56.1,54.87,55.27,2995
KLL,20200218,0.5,0.5,0.485,0.49,375249
KMD,20200218,3.45,3.46,3.425,3.43,53760
KME,20200218,1.49,1.49,1.49,1.49,15839
KMT,20200218,0.005,0.005,0.005,0.005,1128800
KNM,20200218,0.017,0.017,0.016,0.016,756023
KNO,20200218,0.077,0.077,0.075,0.075,232264
KOR,20200218,0.01,0.01,0.009,0.009,877542
KOV,20200218,4.65,4.65,4.61,4.61,5800
KP2,20200218,0.021,0.021,0.021,0.021,100000
KPO,20200218,0.05,0.05,0.049,0.05,3179184
KRM,20200218,0.035,0.036,0.034,0.036,517369
KRR,20200218,0.022,0.022,0.022,0.022,1203865
KSL,20200218,1.35,1.355,1.31,1.34,236028
KSN,20200218,0.19,0.19,0.185,0.19,49970
KSS,20200218,0.355,0.355,0.295,0.3,828879
KTA,20200218,0.03,0.031,0.03,0.031,302948
KTD,20200218,0.345,0.345,0.33,0.335,257862
KTG,20200218,0.155,0.165,0.15,0.16,168367
KYK,20200218,0.074,0.081,0.074,0.081,490945
KZR,20200218,0.65,0.68,0.62,0.665,391462
LAU,20200218,0.36,0.36,0.35,0.36,49777
LBL,20200218,0.75,0.75,0.75,0.75,258
LBT,20200218,0.155,0.155,0.15,0.15,124324
LCK,20200218,0.115,0.12,0.115,0.115,37800
LCL,20200218,0.039,0.04,0.039,0.039,634283
LCM,20200218,0.185,0.185,0.185,0.185,15000
LEG,20200218,0.1,0.105,0.098,0.1,3869670
LEP,20200218,5.55,5.6,5.54,5.6,19514
LER,20200218,0.026,0.026,0.026,0.026,70000
LI3,20200218,0.024,0.024,0.024,0.024,25287
LIC,20200218,9,9.37,8.95,8.99,490409
LIN,20200218,0.037,0.039,0.035,0.035,4255291
LIT,20200218,0.069,0.069,0.066,0.068,1859822
LKE,20200218,0.037,0.04,0.037,0.037,3539229
LLC,20200218,17.82,17.9,17.47,17.54,1038700
LLO,20200218,2.14,2.14,2.1,2.1,3025
LMG,20200218,0.012,0.012,0.011,0.011,392308
LNG,20200218,0.115,0.12,0.11,0.12,340710
LNK,20200218,6.19,6.21,6.13,6.18,2541820
LNU,20200218,0.023,0.024,0.023,0.024,250235
LNY,20200218,0.006,0.006,0.006,0.006,1609794
LOM,20200218,0.115,0.117,0.115,0.115,223688
LOT,20200218,0.053,0.053,0.053,0.053,54032
LOV,20200218,11.18,11.32,10.81,10.98,275393
LPD,20200218,0.013,0.013,0.012,0.013,2454090
LPE,20200218,0.49,0.49,0.465,0.465,24680
LPI,20200218,0.295,0.3,0.29,0.295,52671
LRS,20200218,0.003,0.004,0.003,0.004,2330737
LSA,20200218,0.008,0.009,0.008,0.009,5424834
LSF,20200218,1.395,1.4,1.385,1.385,834140
LSH,20200218,0.035,0.035,0.035,0.035,84350
LSX,20200218,0.472,0.475,0.472,0.475,47204
LTR,20200218,0.125,0.125,0.115,0.12,6037025
LVE,20200218,0.037,0.037,0.037,0.037,3000
LVH,20200218,0.232,0.232,0.23,0.23,57591
LVT,20200218,0.335,0.335,0.32,0.325,1791547
LYC,20200218,2.21,2.21,2.14,2.15,2633839
LYL,20200218,6.07,6.17,6.07,6.1,8783
M7T,20200218,0.88,0.88,0.845,0.855,298128
M8S,20200218,0.155,0.155,0.15,0.15,47017
MAD,20200218,1.1,1.1,1.07,1.08,58338
MAG,20200218,0.355,0.37,0.31,0.34,971014
MAH,20200218,0.29,0.29,0.285,0.29,975269
MAI,20200218,0.625,0.625,0.55,0.55,884686
MAQ,20200218,26.8,28.55,26.8,28.5,4846
MAT,20200218,0.15,0.15,0.15,0.15,76351
MBK,20200218,0.008,0.008,0.008,0.008,425000
MCA,20200218,0.155,0.155,0.15,0.15,245414
MCM,20200218,0.455,0.455,0.455,0.455,105
MCP,20200218,3.1,3.12,3.045,3.09,1132303
MCR,20200218,0.62,0.63,0.617,0.63,897640
MCY,20200218,5.09,5.44,5.09,5.44,6292
MDC,20200218,0.315,0.33,0.305,0.305,220881
MDI,20200218,0.006,0.006,0.005,0.005,9045923
MDR,20200218,0.53,0.53,0.5,0.5,124847
MEA,20200218,0.32,0.32,0.315,0.315,8599
MEB,20200218,0.008,0.008,0.008,0.008,400000
MEC,20200218,1.015,1.035,1.015,1.03,36938
MEI,20200218,0.028,0.029,0.028,0.028,2035192
MEL,20200218,0.044,0.044,0.044,0.044,93363
MEM,20200218,0.063,0.065,0.062,0.063,458181
MEP,20200218,0.043,0.045,0.043,0.043,635710
MEU,20200218,0.044,0.047,0.039,0.039,2331748
MEY,20200218,0.071,0.073,0.071,0.073,23878
MEZ,20200218,5.32,5.5,5.3,5.38,11448
MFD,20200218,1.14,1.14,1.115,1.115,309379
MFF,20200218,3.68,3.75,3.68,3.72,198319
MFG,20200218,71.5,71.94,70.39,71.58,416580
MGC,20200218,0.435,0.435,0.435,0.435,40527
MGE,20200218,4.41,4.43,4.4,4.4,1181883
MGG,20200218,2.12,2.12,2.08,2.08,695756
MGL,20200218,0.019,0.019,0.018,0.018,7140
MGR,20200218,3.29,3.31,3.27,3.29,6141433
MGT,20200218,0.005,0.005,0.005,0.005,300000
MGV,20200218,0.1,0.105,0.1,0.1,1233500
MGX,20200218,0.8,0.8,0.775,0.79,8197524
MHC,20200218,0.006,0.006,0.006,0.006,1000000
MHG,20200218,3.82,3.82,3.8,3.82,162047
MHH,20200218,1.735,1.74,1.725,1.735,431475
MHJ,20200218,0.62,0.62,0.6,0.615,67149
MIL,20200218,0.545,0.545,0.545,0.545,1510
MIN,20200218,18.98,19.41,18.9,19.35,1322084
MIO,20200218,0.245,0.245,0.245,0.245,20000
MIR,20200218,2.63,2.67,2.63,2.63,58117
MKG,20200218,0.068,0.068,0.068,0.068,67388
MLD,20200218,0.935,0.995,0.935,0.995,1065336
MLL,20200218,0.086,0.086,0.085,0.086,333741
MLT,20200218,4.93,4.95,4.92,4.92,149824
MLX,20200218,0.094,0.097,0.092,0.094,812226
MME,20200218,1.8,1.855,1.685,1.74,155568
MMI,20200218,0.14,0.145,0.14,0.14,136816
MMJ,20200218,0.11,0.11,0.11,0.11,34024
MML,20200218,0.71,0.71,0.68,0.7,507742
MMM,20200218,0.31,0.32,0.305,0.305,208084
MMS,20200218,12.04,12.18,12.04,12.13,146483
MND,20200218,17.22,17.72,16.78,17.28,675785
MNF,20200218,4.77,4.85,4.7,4.79,56123
MNS,20200218,0.1,0.1,0.098,0.099,197815
MNY,20200218,3,3.01,2.95,2.97,1056899
MOB,20200218,0.091,0.091,0.09,0.09,50000
MOC,20200218,1.46,1.46,1.43,1.46,86671
MOE,20200218,5.86,5.86,5.71,5.75,93034
MOH,20200218,0.092,0.092,0.084,0.088,563094
MOT,20200218,2.06,2.06,2.05,2.05,141374
MOZ,20200218,1.772,1.81,1.74,1.81,57400
MP1,20200218,12.38,12.38,11.7,12.37,2057993
MPH,20200218,0.17,0.17,0.15,0.15,75000
MPL,20200218,3.03,3.055,3.03,3.03,17365764
MPR,20200218,0.023,0.023,0.022,0.022,23250
MPW,20200218,0.076,0.076,0.076,0.076,22000
MQG,20200218,148.61,149.28,148.19,149.14,491199
MRC,20200218,0.295,0.295,0.295,0.295,5000
MRL,20200218,0.415,0.415,0.415,0.415,1000
MRM,20200218,0.15,0.15,0.15,0.15,5600
MRQ,20200218,0.011,0.012,0.01,0.01,11619488
MRZ,20200218,0.245,0.245,0.245,0.245,4255
MSB,20200218,2.75,2.75,2.65,2.7,1585247
MSE,20200218,0.012,0.012,0.012,0.012,1196114
MSG,20200218,0.017,0.017,0.017,0.017,100000
MSM,20200218,0.011,0.011,0.011,0.011,300000
MSV,20200218,0.65,0.65,0.62,0.62,41615
MTC,20200218,0.06,0.06,0.054,0.06,3619702
MTH,20200218,0.011,0.011,0.01,0.011,858928
MTO,20200218,1.77,1.78,1.68,1.68,95222
MTS,20200218,2.75,2.78,2.74,2.76,3274297
MVA,20200218,26.97,27,26.81,26.97,8578
MVB,20200218,28.2,28.23,28.2,28.23,1689
MVF,20200218,0.99,1.02,0.98,1.01,281730
MVP,20200218,10.9,11.09,10.74,10.84,162617
MVR,20200218,29.75,29.75,29.75,29.75,3865
MVS,20200218,20.92,20.92,20.92,20.92,14
MVW,20200218,32.26,32.26,32.1,32.18,35559
MWR,20200218,0.175,0.175,0.175,0.175,104928
MWY,20200218,1.72,1.74,1.715,1.72,96802
MX1,20200218,0.2,0.205,0.185,0.195,1389324
MXC,20200218,0.028,0.028,0.027,0.027,1384766
MXI,20200218,0.215,0.215,0.205,0.205,54712
MXT,20200218,2.02,2.03,2.015,2.02,674227
MYE,20200218,1,1.04,0.99,1.04,41646
MYL,20200218,0.053,0.053,0.052,0.052,718733
MYQ,20200218,0.22,0.25,0.22,0.25,497684
MYR,20200218,0.4,0.405,0.39,0.39,1157034
MYS,20200218,5.75,5.75,5.52,5.54,86894
MYX,20200218,0.385,0.39,0.38,0.385,4336521
MZZ,20200218,0.22,0.22,0.22,0.22,76788
N1H,20200218,0.084,0.084,0.084,0.084,4214
NAB,20200218,27.28,27.32,27.17,27.28,6047457
NAE,20200218,0.003,0.003,0.003,0.003,5750
NAG,20200218,0.044,0.044,0.044,0.044,10790
NAM,20200218,0.345,0.345,0.345,0.345,37732
NAN,20200218,7.53,7.65,7.33,7.36,780080
NBI,20200218,2.06,2.06,2.05,2.05,875308
NCC,20200218,1.06,1.09,1.055,1.09,108643
NCK,20200218,8.02,8.03,7.85,7.89,147820
NCM,20200218,27.64,27.64,27.19,27.39,3134041
NCR,20200218,0.01,0.01,0.01,0.01,834434
NCZ,20200218,0.197,0.205,0.197,0.205,826472
NDQ,20200218,24.34,24.37,24.2,24.28,163620
NEA,20200218,1.935,1.935,1.885,1.885,5245759
NEC,20200218,1.83,1.835,1.7,1.735,15753533
NET,20200218,0.071,0.071,0.066,0.068,5309964
NEU,20200218,2.75,2.78,2.69,2.75,712118
NEW,20200218,1.16,1.165,1.1,1.12,275484
NGI,20200218,3.53,3.53,3.41,3.5,415803
NHC,20200218,1.86,1.895,1.815,1.82,3399952
NHF,20200218,5.26,5.32,5.23,5.24,733145
NIC,20200218,0.6,0.6,0.575,0.58,3161907
NME,20200218,0.014,0.014,0.014,0.014,38090
NML,20200218,0.115,0.115,0.112,0.115,251260
NMT,20200218,0.215,0.215,0.21,0.212,377208
NNW,20200218,0.066,0.066,0.066,0.066,13031
NOR,20200218,0.065,0.067,0.062,0.062,324306
NOV,20200218,0.2,0.2,0.2,0.2,22829
NOX,20200218,0.285,0.295,0.27,0.28,808970
NSB,20200218,0.16,0.165,0.16,0.165,60000
NSC,20200218,0.71,0.715,0.71,0.71,60785
NSR,20200218,2.4,2.41,2.39,2.41,5627464
NST,20200218,13.89,13.92,13.8,13.83,3511881
NSX,20200218,0.095,0.095,0.09,0.09,32650
NTD,20200218,0.405,0.42,0.402,0.42,49829
NTI,20200218,0.008,0.008,0.007,0.007,2354314
NTL,20200218,0.006,0.006,0.006,0.006,300000
NTM,20200218,0.08,0.08,0.078,0.08,537546
NTO,20200218,1.79,1.815,1.78,1.785,188903
NTU,20200218,0.044,0.044,0.043,0.044,441102
NUC,20200218,3.2,3.2,3.2,3.2,65904
NUF,20200218,5.85,5.88,5.81,5.83,830829
NUH,20200218,0.027,0.029,0.027,0.029,2119733
NVA,20200218,0.051,0.055,0.05,0.054,5825020
NVL,20200218,3.67,3.68,3.67,3.67,88992
NVO,20200218,0.015,0.015,0.015,0.015,71035
NVX,20200218,0.455,0.455,0.41,0.41,117431
NWC,20200218,0.014,0.015,0.014,0.015,500000
NWE,20200218,0.005,0.005,0.004,0.004,9233392
NWH,20200218,2.79,2.94,2.78,2.9,3450530
NWL,20200218,7.95,7.99,7.55,7.72,1211669
NWM,20200218,0.15,0.175,0.15,0.17,236022
NWS,20200218,22.2,22.33,21.99,22.31,143319
NXS,20200218,2.04,2.1,2.01,2.02,125653
NXT,20200218,7.95,7.95,7.82,7.84,989911
NYR,20200218,0.21,0.21,0.205,0.205,203182
NZK,20200218,2.1,2.1,2.1,2.1,4158
NZM,20200218,0.355,0.355,0.355,0.355,4371
NZS,20200218,0.011,0.011,0.011,0.011,8958
OBM,20200218,0.17,0.17,0.17,0.17,338010
OCC,20200218,0.485,0.495,0.47,0.485,262344
OCL,20200218,6.15,6.16,6.05,6.11,10481
OEC,20200218,0.635,0.635,0.59,0.61,192546
OEL,20200218,0.028,0.029,0.027,0.027,5364827
OEX,20200218,0.003,0.003,0.003,0.003,100000
OFX,20200218,1.455,1.477,1.445,1.465,127617
OGA,20200218,0.115,0.12,0.115,0.115,312921
OGC,20200218,2.84,2.84,2.78,2.78,191558
OIL,20200218,0.033,0.033,0.033,0.033,200000
OKJ,20200218,0.031,0.032,0.031,0.031,27228
OKR,20200218,0.077,0.08,0.077,0.08,43576
OKU,20200218,0.22,0.23,0.215,0.22,662563
OLH,20200218,0.099,0.099,0.099,0.099,10000
OLI,20200218,0.086,0.087,0.082,0.082,299200
OLL,20200218,0.2,0.205,0.195,0.195,466781
OLV,20200218,0.01,0.01,0.01,0.01,14230
OMH,20200218,0.415,0.415,0.415,0.415,94
OML,20200218,3.11,3.12,2.92,2.93,2751263
ONE,20200218,0.115,0.135,0.115,0.135,8046
ONT,20200218,6.2,6.35,6.2,6.35,18373
OOO,20200218,13.37,13.38,13.3,13.3,92790
OPC,20200218,4.51,4.53,4.37,4.4,213037
OPH,20200218,2.74,2.75,2.73,2.74,173519
OPL,20200218,0.11,0.11,0.11,0.11,2321
OPT,20200218,3.4,3.4,3.3,3.32,1354057
OPY,20200218,1.28,1.28,1.225,1.265,177225
ORA,20200218,2.91,2.91,2.83,2.89,5829417
ORE,20200218,3.35,3.39,3.27,3.29,1185640
ORG,20200218,7.76,7.8,7.73,7.76,4904269
ORI,20200218,22.49,22.49,22.17,22.31,667325
ORM,20200218,0.013,0.013,0.013,0.013,3383
ORN,20200218,0.018,0.018,0.018,0.018,400000
ORR,20200218,0.43,0.43,0.425,0.43,71803
OSH,20200218,6.41,6.44,6.33,6.35,3758621
OSL,20200218,0.175,0.175,0.165,0.17,2740393
OSP,20200218,0.016,0.017,0.016,0.017,143313
OSX,20200218,0.605,0.605,0.59,0.59,145390
OTW,20200218,4.47,4.62,4.47,4.6,44400
OVH,20200218,0.295,0.3,0.29,0.3,136341
OVL,20200218,0.008,0.009,0.008,0.008,2676898
OVN,20200218,0.565,0.57,0.55,0.56,218559
OVT,20200218,0.051,0.051,0.051,0.051,59408
OZF,20200218,20.79,20.79,20.79,20.79,1188
OZL,20200218,10.01,10.33,10.01,10.1,1340748
OZR,20200218,11.83,11.87,11.83,11.83,8213
PAA,20200218,0.11,0.11,0.105,0.105,139880
PAB,20200218,0.017,0.017,0.017,0.017,160409
PAC,20200218,6.21,6.33,6.21,6.33,4645
PAF,20200218,0.915,0.915,0.89,0.895,86500
PAI,20200218,1.08,1.09,1.07,1.07,167030
PAK,20200218,0.023,0.023,0.023,0.023,58500
PAL,20200218,0.845,0.85,0.84,0.845,23735
PAN,20200218,0.23,0.23,0.22,0.225,492755
PAR,20200218,4.13,4.16,3.91,3.95,1284857
PBH,20200218,5.78,5.92,5.68,5.82,146856
PBP,20200218,2.42,2.43,2.4,2.4,60045
PCG,20200218,1.51,1.51,1.51,1.51,10000
PCI,20200218,1.14,1.145,1.14,1.14,311179
PCK,20200218,0.12,0.122,0.105,0.115,9208481
PCL,20200218,0.001,0.001,0.001,0.001,500000
PDL,20200218,8.82,8.91,8.78,8.83,842476
PDN,20200218,0.09,0.091,0.085,0.09,1557218
PE1,20200218,1.42,1.46,1.42,1.46,236293
PEC,20200218,0.037,0.037,0.037,0.037,417
PEK,20200218,0.039,0.039,0.037,0.038,1004627
PEN,20200218,0.17,0.175,0.165,0.165,260189
PET,20200218,0.835,0.835,0.775,0.78,1299049
PEX,20200218,0.225,0.225,0.22,0.22,66299
PFG,20200218,0.067,0.067,0.067,0.067,16500
PFP,20200218,3.67,3.67,3.52,3.6,93777
PG1,20200218,0.12,0.12,0.115,0.115,106333
PGC,20200218,0.27,0.285,0.267,0.285,1528576
PGF,20200218,1.26,1.26,1.25,1.255,91400
PGG,20200218,2.06,2.06,2.05,2.06,226454
PGH,20200218,2.46,2.51,2.44,2.45,473184
PGL,20200218,2.02,2.05,1.99,2.05,36998
PGR,20200218,0.105,0.105,0.1,0.1,30000
PGX,20200218,0.39,0.39,0.385,0.387,395781
PIA,20200218,1.165,1.17,1.165,1.165,99318
PIC,20200218,1.06,1.07,1.04,1.055,488483
PIN,20200218,0.099,0.1,0.099,0.1,40000
PIQ,20200218,0.335,0.345,0.335,0.34,65868
PKD,20200218,0.069,0.069,0.069,0.069,35000
PKS,20200218,0.165,0.165,0.165,0.165,49542
PL8,20200218,1.185,1.19,1.185,1.185,198247
PLL,20200218,0.13,0.13,0.125,0.125,326750
PLS,20200218,0.3,0.305,0.29,0.3,7343892
PM1,20200218,0.019,0.019,0.018,0.019,2804723
PM8,20200218,0.245,0.245,0.23,0.23,711850
PMC,20200218,1.54,1.54,1.525,1.525,377934
PME,20200218,23.19,23.19,21.89,22.39,633445
PMV,20200218,20.78,20.99,20.64,20.77,124816
PMY,20200218,0.006,0.006,0.005,0.005,933333
PNC,20200218,1.705,1.74,1.705,1.72,147844
PNI,20200218,6,6.22,5.96,6.19,1394190
PNR,20200218,0.105,0.105,0.1,0.1,2240629
PNV,20200218,3.09,3.13,3.04,3.09,2266549
PNX,20200218,0.006,0.006,0.006,0.006,1500001
PO3,20200218,2.61,2.61,2.5,2.61,24027
POS,20200218,0.034,0.035,0.034,0.034,348059
POU,20200218,19.02,19.02,19.02,19.02,250
POW,20200218,0.004,0.004,0.004,0.004,117950
PPC,20200218,1.305,1.327,1.3,1.3,28002
PPE,20200218,3.65,3.8,3.65,3.79,100785
PPG,20200218,0.11,0.11,0.11,0.11,20000
PPH,20200218,4.66,4.66,4.61,4.63,56331
PPK,20200218,6.88,6.88,6.5,6.53,96535
PPS,20200218,0.46,0.462,0.45,0.45,750475
PPT,20200218,42.01,42.47,41.66,42.18,172764
PRN,20200218,1.435,1.465,1.42,1.45,1363391
PRO,20200218,0.79,0.805,0.79,0.805,65059
PRT,20200218,0.16,0.16,0.15,0.155,4485787
PRU,20200218,1.175,1.185,1.155,1.17,1800051
PRX,20200218,0.056,0.058,0.056,0.056,249589
PSC,20200218,0.18,0.19,0.18,0.19,97482
PSI,20200218,3.35,3.35,3.25,3.25,29963
PSQ,20200218,1.875,1.875,1.875,1.875,2000
PSZ,20200218,0.025,0.025,0.025,0.025,334000
PTB,20200218,0.81,0.815,0.81,0.81,75171
PTL,20200218,0.32,0.32,0.32,0.32,46622
PTM,20200218,4.62,4.65,4.56,4.58,1059017
PTR,20200218,0.068,0.068,0.068,0.068,17854
PTX,20200218,0.054,0.054,0.05,0.05,1270585
PUA,20200218,0.013,0.015,0.013,0.015,1601282
PUR,20200218,0.006,0.006,0.006,0.006,1256561
PVE,20200218,0.05,0.05,0.05,0.05,10000
PVS,20200218,1.6,1.6,1.55,1.55,1500
PWG,20200218,1.435,1.45,1.43,1.43,207448
PWH,20200218,4.9,4.91,4.78,4.78,72501
PWL,20200218,0.165,0.165,0.165,0.165,41212
PWN,20200218,0.007,0.007,0.006,0.006,573078
PXS,20200218,0.12,0.125,0.115,0.115,1380618
PXX,20200218,0.032,0.032,0.03,0.03,155000
PYC,20200218,0.065,0.065,0.06,0.064,2761827
PYG,20200218,0.78,0.795,0.765,0.78,168105
QAG,20200218,5.5,5.53,5.5,5.53,5080
QAN,20200218,6.28,6.325,6.225,6.23,10499038
QAU,20200218,15.9,15.94,15.87,15.94,29177
QBE,20200218,14.75,15.09,14.75,15.05,8099352
QFE,20200218,0.33,0.33,0.32,0.32,350034
QFN,20200218,11.56,11.56,11.56,11.56,4043
QFY,20200218,0.004,0.004,0.003,0.004,1469516
QGL,20200218,0.05,0.05,0.05,0.05,52067
QHL,20200218,0.13,0.135,0.13,0.135,343667
QIP,20200218,1.3,1.3,1.3,1.3,4000
QOZ,20200218,14.31,14.31,14.29,14.3,24799
QRE,20200218,6.46,6.46,6.46,6.46,459
QRI,20200218,1.63,1.63,1.62,1.62,511482
QTM,20200218,0.042,0.052,0.042,0.05,1857174
QUB,20200218,3.39,3.39,3.32,3.36,2967022
QUS,20200218,41.09,41.11,41.09,41.09,1202
QVE,20200218,1.04,1.04,1.03,1.035,360417
RAC,20200218,0.35,0.41,0.33,0.41,1061271
RAN,20200218,0.016,0.016,0.015,0.015,860669
RAP,20200218,0.245,0.245,0.235,0.24,807759
RBL,20200218,1.22,1.235,1.145,1.165,508352
RBR,20200218,0.012,0.012,0.012,0.012,500000
RCB,20200218,20.85,20.87,20.84,20.87,19431
RCE,20200218,0.575,0.575,0.51,0.52,979529
RCT,20200218,2.4,2.41,2.4,2.41,1000
RDC,20200218,1.115,1.12,1.115,1.12,191322
RDF,20200218,0.635,0.65,0.63,0.64,87928
RDH,20200218,1.68,1.68,1.68,1.68,1094
RDM,20200218,0.085,0.085,0.085,0.085,4056
RDN,20200218,0.006,0.006,0.006,0.006,2180442
RDV,20200218,30.84,30.88,30.75,30.88,9327
RDY,20200218,1.985,2,1.985,2,24913
REA,20200218,112.51,113.23,111.65,112.38,186541
RED,20200218,0.31,0.31,0.3,0.3,1225010
REE,20200218,0.035,0.035,0.035,0.035,1077000
REG,20200218,2.4,2.41,2.37,2.39,107417
REH,20200218,11.63,11.66,11.5,11.58,60715
REV,20200218,0.011,0.011,0.011,0.011,29099
REX,20200218,1.08,1.085,1.08,1.08,42313
RF1,20200218,2.67,2.69,2.65,2.67,180651
RFF,20200218,2.05,2.08,2.04,2.06,300181
RFG,20200218,0.1,0.105,0.099,0.099,12399979
RFN,20200218,0.002,0.003,0.002,0.003,350400
RFR,20200218,0.11,0.11,0.11,0.11,10000
RFT,20200218,0.042,0.042,0.041,0.042,20845
RFX,20200218,0.041,0.042,0.041,0.041,312295
RGB,20200218,23.18,23.18,23.18,23.18,40
RGI,20200218,0.115,0.12,0.115,0.12,32537
RGL,20200218,0.01,0.01,0.01,0.01,1000000
RGS,20200218,0.063,0.063,0.063,0.063,19000
RHC,20200218,78.61,79.65,78.49,78.92,356348
RHI,20200218,0.21,0.21,0.21,0.21,100000
RHP,20200218,2.34,2.34,2.1,2.2,1100749
RHT,20200218,0.205,0.205,0.2,0.2,498179
RHY,20200218,0.09,0.092,0.09,0.092,370805
RIC,20200218,1,1,0.98,0.985,431319
RIE,20200218,0.012,0.012,0.012,0.012,100000
RIM,20200218,0.002,0.002,0.002,0.002,1600000
RIO,20200218,97.51,99.08,97.28,98.31,1041502
RKN,20200218,0.71,0.76,0.71,0.76,127825
RLE,20200218,0.021,0.021,0.018,0.019,1638395
RLG,20200218,0.028,0.028,0.027,0.028,333016
RLT,20200218,1.56,1.655,1.56,1.64,91503
RMC,20200218,1.47,1.47,1.435,1.44,94597
RMD,20200218,26.3,26.3,26.16,26.26,574659
RMI,20200218,0.006,0.006,0.006,0.006,10000
RML,20200218,0.074,0.074,0.067,0.067,1490934
RMP,20200218,0.013,0.013,0.012,0.013,1414438
RMS,20200218,1.19,1.205,1.175,1.195,2290687
RMY,20200218,0.64,0.665,0.635,0.66,380889
RND,20200218,2.19,2.2,2.19,2.2,2700
RNE,20200218,0.026,0.026,0.026,0.026,21187
RNO,20200218,0.16,0.16,0.16,0.16,23069
RNU,20200218,0.011,0.011,0.011,0.011,270731
ROG,20200218,0.002,0.002,0.002,0.002,352525
ROO,20200218,0.034,0.036,0.033,0.035,630422
RPM,20200218,0.175,0.175,0.16,0.16,93656
RRL,20200218,4.37,4.39,4.29,4.32,3459848
RSG,20200218,1.105,1.13,1.1,1.125,5769159
RSH,20200218,0.085,0.085,0.084,0.085,2981747
RSM,20200218,21.54,21.54,21.54,21.54,900
RTE,20200218,0.415,0.415,0.39,0.39,12020
RTG,20200218,0.082,0.082,0.081,0.081,188967
RTR,20200218,0.084,0.085,0.081,0.085,917247
RUL,20200218,1.085,1.155,1.075,1.14,1318971
RVR,20200218,0.099,0.102,0.096,0.099,1170133
RVS,20200218,0.655,0.655,0.655,0.655,828
RWC,20200218,4.69,4.705,4.65,4.67,1636598
RWD,20200218,0.155,0.155,0.15,0.15,40000
RXL,20200218,0.033,0.033,0.029,0.03,14508360
RXM,20200218,0.059,0.059,0.059,0.059,22000
RXP,20200218,0.45,0.46,0.45,0.45,1581590
RZI,20200218,0.98,0.98,0.945,0.945,93977
S2R,20200218,0.096,0.096,0.091,0.091,162962
S32,20200218,2.62,2.665,2.595,2.6,25184512
S66,20200218,0.58,0.58,0.565,0.565,13176
SAR,20200218,4.14,4.16,4.01,4.12,7996582
SAU,20200218,0.175,0.175,0.175,0.175,3226
SBM,20200218,2.77,2.77,2.72,2.72,2420581
SBW,20200218,0.18,0.18,0.18,0.18,18872
SCG,20200218,3.69,3.73,3.63,3.72,29099975
SCL,20200218,0.016,0.016,0.015,0.015,1869406
SCN,20200218,0.03,0.03,0.03,0.03,131846
SCP,20200218,3.12,3.16,3.12,3.16,5955104
SCU,20200218,0.016,0.016,0.014,0.014,668000
SDF,20200218,3.84,3.9,3.84,3.87,1233296
SDG,20200218,1.73,1.745,1.665,1.705,37294
SDI,20200218,0.995,1,0.995,1,203334
SDV,20200218,0.86,0.86,0.81,0.825,615357
SDX,20200218,0.038,0.038,0.038,0.038,168946
SE1,20200218,0.013,0.013,0.013,0.013,2474275
SEC,20200218,1.78,1.81,1.77,1.78,81907
SEI,20200218,0.043,0.046,0.04,0.042,1582768
SEK,20200218,23.32,23.54,22.95,23.13,1195277
SEN,20200218,0.064,0.066,0.064,0.066,234538
SEQ,20200218,0.2,0.21,0.2,0.21,156973
SER,20200218,0.005,0.005,0.004,0.004,625000
SES,20200218,0.086,0.086,0.081,0.085,55587
SFC,20200218,17.1,17.2,17,17.19,4800
SFG,20200218,0.069,0.069,0.069,0.069,169913
SFR,20200218,5.2,5.25,5.12,5.17,786248
SFX,20200218,0.16,0.16,0.135,0.135,644977
SFY,20200218,65.38,65.41,65.28,65.38,2600
SGC,20200218,0.028,0.03,0.028,0.029,174011
SGF,20200218,2.55,2.56,2.26,2.32,310677
SGH,20200218,1,1.005,1,1,25644
SGI,20200218,0.097,0.1,0.097,0.097,348717
SGM,20200218,10.08,10.84,10.01,10.7,1530947
SGP,20200218,5.01,5.1,5.01,5.1,4482277
SGQ,20200218,0.105,0.11,0.105,0.105,1528020
SGR,20200218,4.12,4.16,4.085,4.11,2855032
SHE,20200218,0.006,0.006,0.006,0.006,596666
SHJ,20200218,0.915,0.915,0.915,0.915,1000
SHL,20200218,31.37,31.54,31.26,31.45,890319
SHM,20200218,0.725,0.73,0.725,0.73,1456
SHO,20200218,0.024,0.024,0.024,0.024,8200
SHV,20200218,8.8,8.92,8.64,8.71,165133
SI6,20200218,0.003,0.003,0.003,0.003,1875000
SIG,20200218,0.595,0.615,0.585,0.615,1439855
SIH,20200218,0.017,0.017,0.017,0.017,180000
SIL,20200218,0.042,0.042,0.04,0.04,28809
SIQ,20200218,6.91,6.91,6.7,6.74,1556996
SIS,20200218,0.014,0.014,0.014,0.014,35208
SIT,20200218,0.068,0.068,0.068,0.068,234029
SKC,20200218,3.51,3.57,3.5,3.54,409457
SKF,20200218,0.2,0.2,0.185,0.19,251418
SKI,20200218,2.15,2.16,2.13,2.15,2425689
SKO,20200218,4.66,4.71,4.66,4.71,24250
SKT,20200218,0.61,0.615,0.6,0.615,100013
SKY,20200218,0.29,0.297,0.235,0.25,3374808
SLC,20200218,0.75,0.8,0.695,0.75,11669435
SLF,20200218,15.18,15.2,15.05,15.05,38086
SLK,20200218,4.24,4.25,4.19,4.19,172138
SLM,20200218,0.82,0.82,0.82,0.82,3024
SLR,20200218,1.675,1.72,1.67,1.695,5621447
SLX,20200218,0.35,0.365,0.35,0.35,56501
SM1,20200218,6.2,6.5,6.16,6.29,228770
SM8,20200218,0.093,0.093,0.086,0.086,983037
SMC,20200218,0.455,0.46,0.455,0.46,5578
SMI,20200218,0.004,0.004,0.004,0.004,2470169
SMN,20200218,0.795,0.795,0.79,0.795,12094
SMP,20200218,0.68,0.74,0.675,0.74,1221126
SMR,20200218,0.955,0.97,0.945,0.95,45946
SMX,20200218,0.4,0.4,0.37,0.37,44927
SNC,20200218,0.84,0.84,0.84,0.84,4479
SND,20200218,0.48,0.48,0.48,0.48,10000
SNL,20200218,4.17,4.17,4.17,4.17,500
SNS,20200218,0.13,0.13,0.13,0.13,10500
SO4,20200218,0.615,0.615,0.61,0.61,33764
SOL,20200218,22.73,22.86,22.27,22.65,467142
SOM,20200218,3.33,3.37,3.32,3.32,43328
SOR,20200218,0.08,0.08,0.076,0.076,607009
SPK,20200218,4.56,4.59,4.54,4.56,846760
SPL,20200218,1.16,1.2,1.135,1.2,106685
SPT,20200218,0.505,0.51,0.5,0.5,308789
SPX,20200218,0.13,0.13,0.125,0.13,5867574
SPY,20200218,503.06,503.75,501,503,176
SPZ,20200218,0.235,0.235,0.235,0.235,12150
SRG,20200218,0.355,0.375,0.355,0.375,193618
SRI,20200218,0.063,0.063,0.063,0.063,24400
SRK,20200218,0.048,0.048,0.048,0.048,174610
SRV,20200218,4,4.04,4,4.01,31798
SSG,20200218,0.66,0.66,0.66,0.66,39000
SSM,20200218,2.31,2.33,2.26,2.31,1500143
ST1,20200218,0.19,0.192,0.19,0.192,3008751
STA,20200218,0.12,0.135,0.12,0.13,406462
STG,20200218,1.165,1.175,1.145,1.145,40939
STM,20200218,0.01,0.01,0.01,0.01,910000
STN,20200218,0.43,0.44,0.43,0.43,61301
STO,20200218,8.1,8.16,8.04,8.05,3534019
STW,20200218,65.84,65.84,65.63,65.77,109923
STX,20200218,0.175,0.18,0.175,0.175,1698069
SUD,20200218,0.056,0.056,0.055,0.055,153667
SUH,20200218,0.015,0.015,0.015,0.015,3667
SUL,20200218,8.83,8.88,8.68,8.77,1008562
SUN,20200218,12.5,12.58,12.49,12.54,4078814
SUP,20200218,0.01,0.01,0.01,0.01,1705837
SVA,20200218,0.023,0.023,0.023,0.023,60000
SVL,20200218,0.1,0.1,0.09,0.093,5267945
SVM,20200218,0.135,0.135,0.13,0.13,227181
SVW,20200218,19.15,19.88,18.98,19.7,632326
SVY,20200218,0.7,0.7,0.68,0.685,273103
SW1,20200218,0.069,0.069,0.061,0.063,124168
SWF,20200218,0.19,0.19,0.175,0.18,1620320
SWK,20200218,0.18,0.18,0.18,0.18,202969
SWM,20200218,0.25,0.25,0.2,0.205,18287938
SXA,20200218,0.063,0.063,0.063,0.063,47352
SXE,20200218,0.59,0.6,0.59,0.6,240743
SXL,20200218,0.77,0.77,0.735,0.75,5243521
SXY,20200218,0.34,0.34,0.335,0.34,1254618
SYA,20200218,0.013,0.014,0.011,0.011,6041185
SYD,20200218,8.4,8.43,8.32,8.39,8609434
SYI,20200218,30.4,30.47,30.38,30.43,9544
SYR,20200218,0.515,0.52,0.5,0.505,1036541
SZL,20200218,1.785,1.835,1.785,1.8,55137
TAH,20200218,4.6,4.61,4.56,4.57,3999204
TAM,20200218,0.048,0.052,0.047,0.052,486274
TAP,20200218,0.11,0.11,0.11,0.11,171
TAR,20200218,0.013,0.013,0.013,0.013,205530
TAS,20200218,0.041,0.041,0.039,0.039,300152
TBR,20200218,5.03,5.39,5.02,5.3,38686
TCL,20200218,16.17,16.2,16.08,16.16,3488343
TD1,20200218,0.042,0.043,0.039,0.04,7812044
TDI,20200218,1.66,1.68,1.66,1.675,51550
TDO,20200218,0.085,0.085,0.085,0.085,20000
TDY,20200218,0.2,0.2,0.2,0.2,25000
TEG,20200218,0.045,0.049,0.045,0.049,568543
TEK,20200218,0.285,0.285,0.275,0.275,197599
TER,20200218,0.27,0.28,0.27,0.27,117693
TGA,20200218,0.195,0.2,0.195,0.195,46219
TGF,20200218,1.76,1.795,1.76,1.795,338928
TGG,20200218,1.36,1.365,1.36,1.36,121077
TGH,20200218,0.17,0.17,0.17,0.17,83500
TGM,20200218,0.22,0.23,0.22,0.23,37226
TGP,20200218,1.13,1.13,1.1,1.13,40797
TGR,20200218,4.42,4.43,4.29,4.31,1091024
THC,20200218,0.385,0.385,0.365,0.365,388125
THR,20200218,0.006,0.006,0.006,0.006,290419
TIE,20200218,0.28,0.28,0.28,0.28,30620
TIP,20200218,0.605,0.61,0.6,0.6,82089
TKM,20200218,0.018,0.018,0.018,0.018,106553
TLG,20200218,0.44,0.45,0.435,0.445,218924
TLM,20200218,0.082,0.082,0.079,0.082,2069890
TLS,20200218,3.72,3.745,3.71,3.73,20018249
TLX,20200218,1.64,1.68,1.61,1.645,1063249
TMG,20200218,0.049,0.049,0.049,0.049,70829
TMK,20200218,0.008,0.009,0.008,0.009,1060316
TMR,20200218,0.22,0.27,0.22,0.245,779880
TMT,20200218,0.13,0.13,0.125,0.125,99900
TMZ,20200218,0.023,0.023,0.023,0.023,35000
TNE,20200218,8.55,8.64,8.36,8.43,846988
TNG,20200218,0.084,0.084,0.083,0.083,84003
TNK,20200218,1.235,1.245,1.235,1.245,1500
TNT,20200218,0.1,0.11,0.097,0.105,12936040
TNY,20200218,1.56,1.62,1.525,1.62,158161
TOE,20200218,0.008,0.008,0.007,0.007,771000
TON,20200218,0.033,0.035,0.033,0.034,237263
TOP,20200218,0.65,0.65,0.65,0.65,30000
TOT,20200218,1.065,1.07,1.06,1.07,196961
TOU,20200218,0.067,0.067,0.067,0.067,24999
TPM,20200218,7.99,8.04,7.925,8.04,1537657
TPP,20200218,0.068,0.068,0.068,0.068,1350
TPW,20200218,3.99,3.99,3.77,3.77,292429
TRL,20200218,0.001,0.001,0.001,0.001,3000000
TRS,20200218,4.3,4.56,4.3,4.54,174049
TRT,20200218,0.017,0.018,0.017,0.018,251600
TRY,20200218,0.09,0.09,0.09,0.09,74015
TSC,20200218,0.009,0.009,0.008,0.008,16406916
TSL,20200218,0.044,0.044,0.038,0.038,972690
TSO,20200218,0.028,0.029,0.026,0.027,3300847
TTB,20200218,0.76,0.8,0.755,0.8,39672
TTM,20200218,0.125,0.125,0.12,0.12,1902795
TTT,20200218,0.855,0.855,0.825,0.835,64688
TWD,20200218,3.49,3.5,3.49,3.5,3700
TWE,20200218,11.39,11.41,11.25,11.35,3947594
TWR,20200218,0.705,0.71,0.69,0.7,360784
TYM,20200218,0.03,0.03,0.03,0.03,84249
TYR,20200218,4.38,4.48,4.3,4.37,664704
TYX,20200218,0.004,0.004,0.004,0.004,700000
TZL,20200218,0.1,0.1,0.1,0.1,30000
TZN,20200218,0.033,0.033,0.033,0.033,28133
UBA,20200218,23.59,23.61,23.59,23.61,743
UBE,20200218,25,25,25,25,1472
UBN,20200218,0.061,0.061,0.06,0.06,727311
UBP,20200218,30.66,30.66,30.31,30.31,451
UBU,20200218,36.63,36.63,36.63,36.63,138
UBW,20200218,32.47,32.47,32.45,32.45,947
UCM,20200218,0.375,0.4,0.34,0.35,3363582
UCW,20200218,0.235,0.245,0.235,0.24,41209
UNV,20200218,0.235,0.235,0.23,0.23,275194
UOS,20200218,0.825,0.825,0.82,0.82,24772
URF,20200218,0.435,0.435,0.425,0.43,276305
URW,20200218,10.28,10.37,10.28,10.36,1449939
USD,20200218,14.49,14.54,14.49,14.54,59916
UUV,20200218,0.002,0.002,0.002,0.002,12096518
UWL,20200218,1.76,1.76,1.665,1.695,1293422
VAE,20200218,72.99,72.99,71.57,71.66,18599
VAF,20200218,52.42,52.51,52.41,52.48,83013
VAH,20200218,0.13,0.13,0.125,0.13,596964
VAN,20200218,0.125,0.13,0.125,0.13,28036
VAP,20200218,97.38,97.58,96.65,97.39,35694
VAR,20200218,0.025,0.025,0.024,0.025,234326
VAS,20200218,90.11,90.11,89.82,90.02,106717
VBS,20200218,0.58,0.58,0.58,0.58,20355
VCF,20200218,51.02,51.28,51.02,51.28,6641
VCX,20200218,2.5,2.505,2.47,2.5,9479729
VEA,20200218,1.69,1.715,1.68,1.69,2197357
VEE,20200218,0.46,0.46,0.46,0.46,5000
VEN,20200218,0.14,0.14,0.135,0.135,114357
VEQ,20200218,62.4,62.49,62.25,62.38,2832
VEU,20200218,79.81,80.2,79.61,79.7,45673
VG1,20200218,2.29,2.3,2.28,2.28,565458
VG8,20200218,2.28,2.3,2.28,2.3,92306
VGB,20200218,53.4,53.52,53.4,53.49,18114
VGE,20200218,73.16,73.17,72.7,72.81,6399
VGI,20200218,12.35,12.35,12.2,12.35,12675
VGL,20200218,3.11,3.11,3.11,3.11,890
VGS,20200218,87.4,87.64,87.28,87.37,48016
VHT,20200218,1.705,1.705,1.65,1.67,661816
VHY,20200218,63,63,62.71,62.79,41874
VIF,20200218,51.15,51.19,51.13,51.19,8158
VLC,20200218,73,73.18,72.95,73.09,3783
VLT,20200218,0.27,0.27,0.24,0.25,331185
VMC,20200218,0.21,0.22,0.21,0.22,107268
VMS,20200218,0.013,0.013,0.013,0.013,2089418
VMT,20200218,0.335,0.35,0.315,0.315,2948534
VMX,20200218,0.275,0.275,0.275,0.275,30000
VMY,20200218,0.04,0.042,0.04,0.042,116635
VOC,20200218,3.37,3.39,3.33,3.35,686692
VOL,20200218,1.65,1.66,1.65,1.65,16235
VOR,20200218,0.007,0.007,0.007,0.007,810153
VP7,20200218,0.03,0.03,0.03,0.03,16947
VR1,20200218,0.018,0.02,0.017,0.02,1228000
VR8,20200218,0.024,0.024,0.024,0.024,9050
VRC,20200218,0.012,0.013,0.012,0.013,175000
VRL,20200218,3.98,3.99,3.96,3.97,84301
VRS,20200218,0.066,0.066,0.064,0.064,203612
VRT,20200218,4.37,4.69,4.34,4.53,250920
VRX,20200218,0.1,0.105,0.099,0.1,432985
VSO,20200218,62.31,62.31,61.77,61.92,6440
VTG,20200218,1.24,1.255,1.225,1.245,111459
VTH,20200218,0.76,0.76,0.75,0.755,2074288
VTI,20200218,0.039,0.039,0.039,0.039,717965
VTS,20200218,255.97,256.36,255.35,256,11736
VUK,20200218,3.55,3.59,3.525,3.54,2170327
VVA,20200218,2.92,2.92,2.89,2.89,16647
VVR,20200218,2.88,2.89,2.83,2.83,1511369
VXR,20200218,0.1,0.12,0.1,0.115,285874
VYS,20200218,0.065,0.065,0.065,0.065,395000
WAA,20200218,1.105,1.11,1.105,1.11,67354
WAF,20200218,0.575,0.575,0.545,0.55,8855877
WAM,20200218,2.34,2.36,2.34,2.35,542442
WAX,20200218,1.52,1.53,1.515,1.53,240992
WBC,20200218,25.65,25.79,25.59,25.75,7001667
WBE,20200218,0.009,0.009,0.009,0.009,160000
WBT,20200218,0.44,0.445,0.43,0.445,154276
WEB,20200218,12.84,12.91,12.36,12.38,856230
WEL,20200218,0.045,0.045,0.043,0.043,980176
WES,20200218,45,45.48,45,45.25,2374304
WGB,20200218,2.29,2.3,2.28,2.29,270162
WGN,20200218,1.89,1.9,1.842,1.85,214039
WGO,20200218,0.185,0.19,0.18,0.185,866518
WGX,20200218,2.2,2.2,2.13,2.14,559352
WHC,20200218,2.45,2.46,2.33,2.35,6946581
WHF,20200218,5.44,5.45,5.4,5.42,17829
WHK,20200218,0.07,0.073,0.069,0.071,623043
WKT,20200218,0.175,0.18,0.16,0.16,349576
WLD,20200218,0.069,0.07,0.069,0.07,58608
WLE,20200218,1.325,1.325,1.305,1.315,620568
WMI,20200218,1.575,1.585,1.555,1.555,99150
WNB,20200218,0.005,0.005,0.005,0.005,3250000
WOA,20200218,0.135,0.135,0.135,0.135,18346
WOR,20200218,13.95,14.06,13.9,14,804086
WOW,20200218,43.33,43.7,43.16,43.52,1796446
WPL,20200218,33.3,33.3,32.83,32.88,2664948
WPP,20200218,0.555,0.56,0.54,0.54,256797
WQG,20200218,1.305,1.315,1.29,1.315,240872
WSA,20200218,2.54,2.6,2.53,2.56,3523988
WSI,20200218,0.021,0.021,0.02,0.02,2100000
WSP,20200218,1.42,1.465,1.42,1.452,610893
WTC,20200218,29,29.44,28.58,29.44,899888
WWG,20200218,0.157,0.16,0.157,0.16,53758
WWI,20200218,0.013,0.013,0.013,0.013,763263
WZR,20200218,0.265,0.285,0.255,0.28,6755113
XAM,20200218,0.033,0.033,0.033,0.033,39000
XCD,20200218,0.009,0.009,0.009,0.009,4344979
XF1,20200218,0.255,0.255,0.25,0.25,33587
XPL,20200218,0.099,0.105,0.096,0.105,127031
XRF,20200218,0.235,0.235,0.235,0.235,5515
XRO,20200218,88.49,90.22,87.56,88.93,341110
XST,20200218,0.003,0.003,0.003,0.003,10000000
XTC,20200218,0.002,0.002,0.002,0.002,7803640
XTE,20200218,0.52,0.52,0.52,0.52,7334
YAL,20200218,2.87,2.9,2.87,2.9,3540
YBR,20200218,0.084,0.084,0.084,0.084,25000
YOJ,20200218,0.047,0.048,0.047,0.047,214253
YPB,20200218,0.004,0.004,0.004,0.004,250000
YRL,20200218,0.235,0.24,0.235,0.24,81003
Z1P,20200218,3.9,3.92,3.83,3.84,3036692
ZEL,20200218,4.43,4.49,4.38,4.38,98025
ZEN,20200218,0.765,0.78,0.76,0.78,106701
ZIM,20200218,12.5,12.5,12.5,12.5,4942
ZNO,20200218,2.16,2.44,1.705,1.89,16609631
XAF,20200218,7024.2,7025.9,7006.3,7024.6,0
XAO,20200218,7221.2,7221.2,7192.5,7208.3,926902900
XAT,20200218,7068.4,7068.4,7039.8,7057,0
XDJ,20200218,2861.6,2861.6,2835.6,2841.8,0
XEC,20200218,1623.5,1627.2,1605,1607,0
XEJ,20200218,10967.9,10967.9,10845,10854.2,0
XFJ,20200218,6458.1,6480.9,6450.1,6480.9,0
XFL,20200218,7076.2,7078.8,7058.6,7076.9,0
XGD,20200218,7112.4,7114.2,7018.5,7052.5,0
XHJ,20200218,47718.4,47718.4,47272.3,47378.6,0
XIJ,20200218,1604.4,1604.4,1552.2,1585.6,0
XJO,20200218,7125.1,7125.1,7096.8,7113.7,0
XJR,20200218,4846.3,4862.8,4823.4,4838.6,0
XKO,20200218,7077.8,7077.8,7050,7065.9,0
XMD,20200218,7658.5,7658.5,7563.5,7594,0
XMJ,20200218,13835.1,13901.4,13764.8,13838.4,0
XMM,20200218,4480.2,4507.3,4457.1,4486.7,0
XNJ,20200218,7181.9,7181.9,7108.3,7135.5,0
XPJ,20200218,1719.3,1719.5,1702.8,1717,0
XSJ,20200218,13449.2,13511.4,13398.4,13475.9,0
XSO,20200218,3051.8,3051.8,3024.5,3032.4,0
XTJ,20200218,1337.3,1337.4,1328.1,1333.8,0
XTL,20200218,3968.1,3974.8,3958.3,3973,0
XTO,20200218,5908,5908,5886.2,5901.4,0
XUJ,20200218,8341.8,8390.4,8294.9,8377.6,0
XXJ,20200218,7202.9,7228.4,7194,7228.4,0
