360,20200214,3.285,3.34,3.285,3.3,316883
14D,20200214,0.19,0.19,0.185,0.185,745073
1AD,20200214,0.092,0.092,0.088,0.088,239166
1ST,20200214,0.067,0.067,0.056,0.056,645556
3DA,20200214,0.295,0.3,0.28,0.28,601908
3DP,20200214,0.044,0.045,0.044,0.045,888755
3PL,20200214,0.82,0.82,0.715,0.8,1508673
4DS,20200214,0.063,0.064,0.062,0.063,1284654
5GN,20200214,0.96,0.98,0.95,0.97,207699
88E,20200214,0.024,0.024,0.023,0.023,6607763
8EC,20200214,0.079,0.079,0.078,0.078,310500
8IH,20200214,0.125,0.125,0.12,0.12,3500
9SP,20200214,0.023,0.025,0.023,0.024,2306589
A1M,20200214,0.32,0.325,0.32,0.325,40431
A2B,20200214,1.41,1.41,1.405,1.41,7232
A2M,20200214,15.16,15.29,15.05,15.2,2809047
A3D,20200214,0.16,0.16,0.155,0.16,90867
A4N,20200214,0.24,0.25,0.24,0.24,354855
AAA,20200214,50.1,50.1,50.09,50.1,70768
AAC,20200214,1.25,1.295,1.25,1.29,1067888
AAJ,20200214,0.002,0.002,0.002,0.002,831000
AAP,20200214,0.012,0.012,0.012,0.012,41700
AAR,20200214,0.12,0.125,0.107,0.11,1208319
ABA,20200214,6.35,6.35,6.29,6.3,8785
ABC,20200214,3.27,3.27,3.19,3.2,2147858
ABP,20200214,3.8,3.8,3.75,3.77,738914
ABT,20200214,0.024,0.024,0.022,0.023,165635
ABV,20200214,0.037,0.038,0.036,0.036,343590
ABX,20200214,0.105,0.105,0.105,0.105,31301
AC8,20200214,0.28,0.29,0.265,0.265,584780
ACB,20200214,0.009,0.009,0.009,0.009,24559
ACF,20200214,0.345,0.345,0.335,0.34,233869
ACQ,20200214,1.23,1.23,1.23,1.23,3146
ACR,20200214,0.175,0.175,0.175,0.175,16778
ACU,20200214,0.13,0.135,0.13,0.135,42000
ACW,20200214,0.032,0.032,0.03,0.03,3530724
AD1,20200214,0.012,0.012,0.012,0.012,41666
AD8,20200214,8.45,8.45,8.27,8.27,82964
ADA,20200214,0.65,0.66,0.622,0.625,90223
ADH,20200214,2.48,2.55,2.45,2.53,824067
ADI,20200214,3.08,3.1,3.08,3.09,183258
ADJ,20200214,0.026,0.026,0.026,0.026,753745
ADN,20200214,0.045,0.045,0.043,0.043,4212644
ADO,20200214,0.03,0.03,0.028,0.03,340960
ADR,20200214,0.033,0.033,0.033,0.033,100000
ADT,20200214,1.64,1.69,1.62,1.69,241099
ADV,20200214,0.003,0.003,0.003,0.003,50000
ADX,20200214,0.008,0.008,0.008,0.008,500000
ADY,20200214,0.005,0.005,0.005,0.005,20000
AEE,20200214,0.006,0.006,0.005,0.005,3560800
AEF,20200214,5.05,5.2,4.97,5.18,135294
AEG,20200214,1.21,1.225,1.21,1.225,171176
AEI,20200214,0.465,0.47,0.452,0.46,517765
AEV,20200214,0.011,0.011,0.01,0.01,70000
AFG,20200214,2.67,2.785,2.67,2.74,376141
AFI,20200214,7.12,7.18,7.11,7.14,368709
AFP,20200214,3.1,3.1,3.1,3.1,3078
AFR,20200214,0.031,0.031,0.031,0.031,19000
AGE,20200214,0.002,0.002,0.002,0.002,1000000
AGG,20200214,6,6,5.83,5.83,6479
AGH,20200214,0.38,0.385,0.37,0.37,588894
AGI,20200214,0.665,0.68,0.66,0.66,75018
AGL,20200214,20.36,20.76,20.29,20.68,2810924
AGM,20200214,2.07,2.07,2.07,2.07,741
AGR,20200214,0.105,0.105,0.096,0.096,112556
AGS,20200214,0.115,0.115,0.115,0.115,136895
AGY,20200214,0.074,0.077,0.071,0.074,916092
AHF,20200214,0.087,0.088,0.087,0.088,153791
AHL,20200214,0.005,0.005,0.005,0.005,280946
AHQ,20200214,0.125,0.125,0.125,0.125,5000
AHX,20200214,0.46,0.465,0.46,0.465,4880
AHY,20200214,1.09,1.105,1.085,1.09,62561
AHZ,20200214,0.076,0.078,0.073,0.074,1208270
AIA,20200214,8.11,8.2,8.06,8.12,236766
AIB,20200214,0.096,0.096,0.096,0.096,17000
AIQ,20200214,0.093,0.093,0.093,0.093,750
AIR,20200214,0.73,0.73,0.73,0.73,3000
AIS,20200214,0.067,0.067,0.063,0.064,279435
AIV,20200214,0.18,0.18,0.18,0.18,5760
AIZ,20200214,2.71,2.71,2.65,2.65,127009
AJL,20200214,0.072,0.072,0.072,0.072,75000
AJX,20200214,0.06,0.06,0.06,0.06,51736
AKM,20200214,0.11,0.112,0.105,0.105,173535
AKP,20200214,14.5,14.74,14.22,14.22,15884
ALC,20200214,0.225,0.23,0.225,0.23,1278704
ALF,20200214,0.97,0.975,0.97,0.97,305022
ALG,20200214,1.455,1.455,1.41,1.42,501551
ALI,20200214,2.64,2.68,2.63,2.68,91791
ALK,20200214,0.995,1.005,0.95,0.97,3135058
ALL,20200214,37.5,37.5,36.94,37.15,3064674
ALQ,20200214,9.85,9.9,9.72,9.76,1073139
ALU,20200214,42.12,42.24,41.42,41.82,455484
ALX,20200214,8.34,8.45,8.3,8.41,1998440
AMA,20200214,0.915,0.925,0.885,0.885,2969227
AMC,20200214,15.17,15.2,15.03,15.05,6455365
AMD,20200214,0.007,0.007,0.007,0.007,394444
AME,20200214,0.034,0.034,0.034,0.034,87760
AMG,20200214,0.056,0.058,0.055,0.057,509767
AMH,20200214,0.995,0.995,0.985,0.99,66133
AMI,20200214,0.415,0.43,0.41,0.425,4392153
AML,20200214,0.15,0.15,0.142,0.145,280100
AMN,20200214,0.42,0.425,0.41,0.42,121492
AMP,20200214,1.855,1.965,1.825,1.825,25209063
AMS,20200214,1.27,1.285,1.24,1.24,168206
AMX,20200214,2.4,2.6,2.39,2.5,156490
ANA,20200214,0.013,0.013,0.011,0.012,7699169
ANG,20200214,0.2,0.2,0.19,0.19,629575
ANL,20200214,0.001,0.002,0.001,0.002,352534
ANN,20200214,31.68,32.465,31.56,32.34,811848
ANO,20200214,6.43,6.44,6.25,6.39,25988
ANP,20200214,0.064,0.072,0.064,0.07,1075104
ANR,20200214,0.25,0.255,0.25,0.255,21507
ANW,20200214,0.001,0.001,0.001,0.001,4000000
ANZ,20200214,26.41,26.66,26.37,26.61,6689755
AOF,20200214,2.99,3,2.99,2.99,96197
AON,20200214,0.025,0.025,0.025,0.025,33734
AOP,20200214,0.24,0.24,0.24,0.24,33597
AOU,20200214,0.066,0.066,0.064,0.066,31363
APA,20200214,11.39,11.47,11.31,11.47,1698248
APC,20200214,0.1,0.1,0.097,0.097,709620
APD,20200214,0.685,0.7,0.67,0.7,168713
APE,20200214,8.95,9.17,8.84,9.14,373765
APG,20200214,0.002,0.002,0.002,0.002,250000
APH,20200214,0.12,0.12,0.12,0.12,92
API,20200214,1.28,1.285,1.27,1.275,708387
APL,20200214,1.025,1.03,1.02,1.03,1006185
APT,20200214,38.5,38.95,38.05,38.61,1736907
APV,20200214,0.22,0.22,0.21,0.21,142926
APW,20200214,1.475,1.475,1.47,1.47,16036
APX,20200214,26.92,27.05,26.42,26.6,647544
APZ,20200214,1.17,1.17,1.17,1.17,156
AQG,20200214,7.1,7.1,6.92,6.92,278862
AQI,20200214,0.071,0.075,0.071,0.075,702652
AQR,20200214,3.8,3.85,3.75,3.84,88493
AQX,20200214,0.035,0.037,0.033,0.035,15910105
AQZ,20200214,2.68,2.71,2.66,2.67,160317
AR9,20200214,0.11,0.11,0.11,0.11,37564
ARA,20200214,0.61,0.61,0.605,0.605,24301
ARB,20200214,20.17,20.56,20.17,20.51,170861
ARC,20200214,0.3,0.3,0.3,0.3,2000
ARD,20200214,0.017,0.018,0.017,0.017,1426507
ARE,20200214,0.005,0.005,0.005,0.005,71435
ARF,20200214,3.2,3.26,3.165,3.26,696566
ARG,20200214,8.85,8.99,8.78,8.87,274662
ARL,20200214,0.525,0.525,0.495,0.515,61499
ARN,20200214,0.185,0.205,0.185,0.205,429183
ARQ,20200214,0.26,0.265,0.25,0.25,821757
ARS,20200214,0.02,0.022,0.02,0.022,1718596
ARU,20200214,0.075,0.075,0.073,0.073,800384
ARV,20200214,0.032,0.032,0.031,0.031,3266222
AS1,20200214,0.155,0.16,0.155,0.16,153580
ASB,20200214,4.11,4.12,3.95,4.01,1820000
ASG,20200214,1.645,1.65,1.645,1.65,15873
ASH,20200214,0.45,0.45,0.44,0.45,75649
ASN,20200214,0.032,0.036,0.032,0.033,492158
ASP,20200214,0.011,0.011,0.011,0.011,201136
ASQ,20200214,0.033,0.033,0.033,0.033,70000
AST,20200214,1.74,1.75,1.73,1.745,3891066
ASX,20200214,83,83.23,80.55,82.25,647280
ATC,20200214,0.084,0.084,0.082,0.082,296602
ATH,20200214,0.018,0.018,0.017,0.017,66354
ATL,20200214,0.315,0.315,0.31,0.31,176849
ATS,20200214,0.068,0.07,0.068,0.07,390209
ATU,20200214,0.32,0.32,0.31,0.32,229821
ATX,20200214,0.11,0.11,0.093,0.093,559402
AU8,20200214,0.08,0.08,0.078,0.078,583543
AUB,20200214,12.8,13,12.76,12.79,54832
AUC,20200214,0.017,0.017,0.016,0.017,1775290
AUI,20200214,10.2,10.26,10.2,10.26,13123
AUP,20200214,2.91,2.91,2.91,2.91,669
AUQ,20200214,0.016,0.016,0.016,0.016,741
AUR,20200214,0.017,0.019,0.016,0.019,922500
AUT,20200214,0.024,0.027,0.024,0.025,24195863
AUZ,20200214,0.015,0.015,0.015,0.015,1117439
AV1,20200214,0.215,0.22,0.215,0.22,535077
AVA,20200214,0.145,0.15,0.145,0.15,92614
AVC,20200214,0.22,0.22,0.22,0.22,49956
AVE,20200214,0.003,0.003,0.003,0.003,1000000
AVG,20200214,0.465,0.465,0.465,0.465,13991
AVH,20200214,0.79,0.83,0.775,0.815,14795371
AVJ,20200214,0.61,0.62,0.605,0.62,40568
AVL,20200214,0.013,0.013,0.013,0.013,3305850
AVN,20200214,2.91,2.91,2.87,2.88,4439292
AVZ,20200214,0.073,0.083,0.073,0.082,37416570
AWC,20200214,2.2,2.23,2.19,2.21,9574624
AWN,20200214,0.125,0.125,0.125,0.125,15576
AWV,20200214,0.008,0.008,0.008,0.008,14000
AWY,20200214,0.034,0.034,0.034,0.034,855294
AX1,20200214,1.905,1.975,1.895,1.925,805260
AX8,20200214,0.03,0.03,0.027,0.027,262400
AXE,20200214,0.2,0.2,0.195,0.197,342308
AYR,20200214,0.001,0.001,0.001,0.001,577210
AYS,20200214,0.325,0.335,0.32,0.335,154640
AZI,20200214,0.008,0.008,0.008,0.008,29698
AZJ,20200214,5.54,5.54,5.48,5.48,9929534
AZS,20200214,0.125,0.135,0.125,0.135,170131
AZV,20200214,0.1,0.105,0.1,0.1,264624
AZY,20200214,0.013,0.013,0.012,0.012,2187795
BAF,20200214,0.85,0.875,0.85,0.875,193684
BAP,20200214,6.8,6.91,6.74,6.83,901401
BAS,20200214,0.002,0.002,0.002,0.002,800000
BAT,20200214,0.007,0.007,0.007,0.007,320000
BBC,20200214,0.605,0.605,0.605,0.605,2303
BBL,20200214,0.48,0.48,0.48,0.48,1042
BBN,20200214,3.45,3.62,3.25,3.6,5275990
BBX,20200214,0.17,0.17,0.16,0.16,96165
BC8,20200214,0.37,0.39,0.37,0.37,455477
BCB,20200214,0.051,0.054,0.051,0.054,489366
BCC,20200214,0.31,0.31,0.305,0.31,16524
BCI,20200214,0.16,0.165,0.16,0.16,235422
BCK,20200214,0.028,0.03,0.025,0.025,170001
BCN,20200214,0.033,0.036,0.033,0.034,3037691
BCT,20200214,0.12,0.12,0.12,0.12,845344
BD1,20200214,0.034,0.035,0.034,0.035,1416793
BDA,20200214,0.275,0.275,0.27,0.27,13324
BDC,20200214,0.079,0.08,0.078,0.079,1438838
BEE,20200214,0.016,0.016,0.016,0.016,384669
BEM,20200214,0.042,0.042,0.042,0.042,14442
BEN,20200214,10.45,10.63,10.41,10.57,2539999
BET,20200214,0.34,0.375,0.34,0.375,3240226
BFC,20200214,0.081,0.081,0.08,0.08,54500
BFG,20200214,1.35,1.36,1.335,1.345,354065
BGA,20200214,4.3,4.36,4.275,4.31,420337
BGL,20200214,0.565,0.58,0.53,0.545,3000796
BGP,20200214,3.9,3.9,3.9,3.9,227
BGT,20200214,0.165,0.165,0.16,0.165,103648
BHP,20200214,38.5,38.72,38.355,38.65,4302483
BID,20200214,1.28,1.375,1.25,1.375,336222
BIN,20200214,3.15,3.22,3.11,3.18,2486086
BIQ,20200214,0.012,0.012,0.012,0.012,1459413
BIS,20200214,1.02,1.02,1.02,1.02,1486
BIT,20200214,0.12,0.125,0.11,0.115,13068097
BKI,20200214,1.675,1.69,1.67,1.69,305461
BKL,20200214,76.5,76.51,73.5,73.6,252128
BKT,20200214,0.051,0.052,0.05,0.051,715977
BKW,20200214,20.35,20.37,20.01,20.11,106866
BKY,20200214,0.19,0.19,0.19,0.19,1015000
BLD,20200214,4.75,4.76,4.68,4.72,4552307
BLG,20200214,0.067,0.067,0.064,0.066,519825
BLK,20200214,0.011,0.011,0.01,0.01,5676032
BLT,20200214,0.038,0.038,0.036,0.037,1137125
BLU,20200214,0.041,0.042,0.041,0.042,11900
BLX,20200214,1.03,1.065,1.02,1.06,11432
BLY,20200214,1.2,1.2,1.16,1.2,12042
BLZ,20200214,0.016,0.016,0.016,0.016,11216
BMN,20200214,0.033,0.035,0.033,0.034,542519
BNL,20200214,0.007,0.007,0.007,0.007,1430360
BNO,20200214,0.061,0.061,0.06,0.061,377112
BNR,20200214,0.028,0.028,0.026,0.026,520000
BOA,20200214,0.225,0.245,0.21,0.245,55814
BOC,20200214,0.245,0.28,0.245,0.28,25680
BOE,20200214,0.054,0.055,0.049,0.053,2721662
BOQ,20200214,7.59,7.68,7.55,7.65,2022393
BOT,20200214,0.085,0.09,0.085,0.09,790445
BPH,20200214,0.001,0.001,0.001,0.001,1000000
BPL,20200214,0.017,0.017,0.017,0.017,200000
BPT,20200214,2.14,2.14,2.055,2.11,26455997
BRB,20200214,0.25,0.25,0.25,0.25,112736
BRG,20200214,25,25.09,23.7,24.37,1208435
BRK,20200214,0.008,0.009,0.008,0.008,15578131
BRL,20200214,0.1,0.105,0.1,0.105,18418
BRN,20200214,0.053,0.056,0.053,0.055,3910318
BRU,20200214,0.16,0.16,0.145,0.16,828026
BRV,20200214,0.023,0.025,0.023,0.024,1916501
BSA,20200214,0.39,0.39,0.39,0.39,42500
BSL,20200214,14.29,14.38,14.08,14.15,1698279
BSM,20200214,0.006,0.006,0.006,0.006,51999
BSX,20200214,0.18,0.18,0.17,0.18,448334
BTH,20200214,0.98,1.055,0.98,1.01,2089923
BTI,20200214,1.12,1.125,1.115,1.12,147045
BUB,20200214,0.695,0.705,0.69,0.7,2225328
BUD,20200214,0.03,0.03,0.028,0.028,2004356
BUY,20200214,0.005,0.005,0.005,0.005,1658771
BVS,20200214,5.45,5.47,5.34,5.39,659129
BWF,20200214,0.515,0.515,0.515,0.515,9033
BWP,20200214,4,4.01,3.98,4.01,1746275
BWR,20200214,1.31,1.31,1.23,1.265,16967
BWX,20200214,4.35,4.68,4.35,4.65,1003548
BXB,20200214,12.83,12.84,12.63,12.65,2758410
BXN,20200214,0.013,0.013,0.013,0.013,218944
BYE,20200214,0.32,0.35,0.315,0.34,3805843
BYH,20200214,0.048,0.048,0.047,0.047,72000
C6C,20200214,0.705,0.705,0.695,0.695,6143
CAA,20200214,0.135,0.14,0.13,0.14,510100
CAD,20200214,0.001,0.001,0.001,0.001,32154
CAG,20200214,0.5,0.51,0.5,0.51,18600
CAI,20200214,0.27,0.275,0.265,0.27,273222
CAJ,20200214,0.26,0.275,0.26,0.275,1266659
CAM,20200214,0.97,0.975,0.965,0.965,5558
CAN,20200214,1.04,1.04,0.93,0.945,1589330
CAP,20200214,0.03,0.03,0.03,0.03,4288
CAR,20200214,18.69,18.97,18.64,18.86,606125
CAT,20200214,2.13,2.2,2.07,2.14,641213
CAU,20200214,0.18,0.185,0.175,0.175,79755
CAV,20200214,0.002,0.002,0.002,0.002,1627247
CAY,20200214,0.145,0.145,0.145,0.145,350133
CAZ,20200214,0.021,0.021,0.021,0.021,50801
CBA,20200214,89.4,91.05,89.3,90.99,7921519
CBE,20200214,0.24,0.26,0.235,0.255,841265
CBR,20200214,4.25,4.25,4.02,4.1,149228
CCA,20200214,0.18,0.18,0.17,0.17,718307
CCE,20200214,0.001,0.002,0.001,0.001,2252210
CCG,20200214,0.059,0.063,0.059,0.059,336000
CCL,20200214,11.84,11.94,11.76,11.91,1343853
CCP,20200214,37.58,37.7,37.23,37.43,141947
CCV,20200214,0.21,0.21,0.205,0.205,294702
CCX,20200214,3.13,3.13,2.97,2.98,146290
CCZ,20200214,0.017,0.018,0.017,0.017,2358448
CD1,20200214,1.54,1.54,1.54,1.54,42386
CD2,20200214,1.55,1.555,1.55,1.555,29679
CDA,20200214,8.23,8.23,7.975,8.02,232508
CDD,20200214,0.355,0.39,0.35,0.39,232761
CDM,20200214,0.725,0.73,0.72,0.73,210997
CDP,20200214,5.82,5.82,5.81,5.82,7157
CDT,20200214,0.01,0.011,0.01,0.011,482600
CDV,20200214,0.362,0.375,0.36,0.375,1192695
CDX,20200214,0.027,0.027,0.024,0.024,3886549
CE1,20200214,0.006,0.006,0.005,0.005,1216666
CEL,20200214,0.175,0.18,0.175,0.18,1668089
CEN,20200214,7.3,7.3,7.17,7.17,3837
CFE,20200214,0.006,0.006,0.006,0.006,23000
CFO,20200214,0.076,0.078,0.076,0.078,13080
CG1,20200214,0.46,0.46,0.45,0.45,120586
CGA,20200214,0.44,0.44,0.44,0.44,2500
CGB,20200214,0.014,0.014,0.014,0.014,534162
CGC,20200214,3,3.04,2.945,3,2198427
CGF,20200214,10.13,10.14,10.01,10.1,1900415
CGL,20200214,5.52,5.71,5.52,5.62,175193
CGR,20200214,0.545,0.55,0.545,0.55,1011669
CGS,20200214,0.47,0.47,0.47,0.47,5385
CHC,20200214,13.01,13.01,12.905,12.99,807459
CHK,20200214,0.009,0.009,0.009,0.009,650735
CHN,20200214,0.295,0.3,0.29,0.3,377792
CHZ,20200214,0.1,0.1,0.096,0.099,406662
CI1,20200214,0.023,0.025,0.022,0.024,1387604
CIA,20200214,2.33,2.36,2.31,2.35,556141
CIE,20200214,0.84,0.855,0.84,0.845,431876
CIM,20200214,27.63,28.05,27.27,27.39,1095969
CIN,20200214,32,32,31.7,31.7,1117
CIO,20200214,0.003,0.003,0.003,0.003,625000
CIP,20200214,3.74,3.74,3.68,3.68,371590
CKA,20200214,0.045,0.045,0.043,0.043,515653
CKF,20200214,9.83,9.83,9.67,9.75,475524
CL1,20200214,2.06,2.095,2.04,2.08,137315
CL8,20200214,0.015,0.015,0.014,0.014,4208629
CLB,20200214,0.062,0.062,0.062,0.062,130000
CLF,20200214,1.32,1.32,1.31,1.31,71521
CLQ,20200214,0.255,0.257,0.245,0.255,527560
CLV,20200214,2.72,2.83,2.66,2.77,661010
CLW,20200214,5.72,5.755,5.7,5.75,1590315
CLX,20200214,0.865,0.865,0.86,0.86,10150
CLZ,20200214,0.002,0.002,0.002,0.002,1478890
CM8,20200214,0.023,0.024,0.023,0.023,219145
CML,20200214,0.016,0.017,0.016,0.016,405805
CMM,20200214,1.22,1.25,1.2,1.25,252845
CMP,20200214,0.7,0.7,0.675,0.695,18228
CMW,20200214,1.21,1.215,1.205,1.21,4122108
CNB,20200214,0.071,0.071,0.069,0.069,82746
CNI,20200214,2.71,2.735,2.69,2.7,1510814
CNL,20200214,0.125,0.125,0.125,0.125,8000
CNU,20200214,6.13,6.13,6.03,6.04,325829
CNW,20200214,0.033,0.033,0.031,0.032,1363382
COB,20200214,0.135,0.135,0.135,0.135,38946
COE,20200214,0.55,0.56,0.55,0.56,2159642
COF,20200214,3.18,3.185,3.13,3.16,961689
COG,20200214,0.092,0.092,0.09,0.09,165000
COH,20200214,229.34,233.9,228.2,233,212119
COI,20200214,0.14,0.14,0.13,0.14,294094
COL,20200214,17.13,17.14,16.96,16.98,1777032
COO,20200214,0.077,0.079,0.077,0.079,119125
COS,20200214,0.33,0.34,0.33,0.33,73041
CP1,20200214,0.14,0.14,0.125,0.125,12600
CPH,20200214,0.125,0.125,0.12,0.12,688516
CPT,20200214,0.064,0.064,0.064,0.064,10178
CPU,20200214,17.5,17.53,17.2,17.43,1752679
CPV,20200214,0.15,0.155,0.15,0.155,20386
CQE,20200214,3.6,3.69,3.58,3.67,813907
CQR,20200214,4.98,4.98,4.935,4.97,979645
CRN,20200214,1.98,2,1.98,1.98,319475
CSE,20200214,0.055,0.055,0.055,0.055,20300
CSL,20200214,329.23,332.49,329.1,331.19,828285
CSR,20200214,4.91,4.93,4.87,4.89,1624522
CSS,20200214,0.76,0.77,0.76,0.76,158919
CST,20200214,0.26,0.27,0.18,0.19,3367609
CT1,20200214,0.039,0.042,0.039,0.041,2165620
CTD,20200214,17.05,17.07,16.7,17.01,787796
CTM,20200214,0.012,0.013,0.012,0.012,10131510
CTO,20200214,0.005,0.005,0.005,0.005,718375
CTP,20200214,0.125,0.13,0.115,0.12,2715610
CTX,20200214,34.08,34.11,33.55,33.55,6282424
CUE,20200214,0.135,0.135,0.13,0.13,421694
CUL,20200214,0.012,0.012,0.012,0.012,157693
CUV,20200214,25.85,26.01,25.15,25.88,172111
CVC,20200214,2.03,2.03,2.03,2.03,397
CVF,20200214,0.995,0.995,0.975,0.975,245320
CVL,20200214,0.51,0.51,0.51,0.51,1683
CVN,20200214,0.32,0.325,0.315,0.325,1964036
CVW,20200214,0.38,0.4,0.38,0.4,29710
CWL,20200214,0.072,0.072,0.071,0.071,34999
CWN,20200214,11.95,11.98,11.81,11.9,1008240
CWP,20200214,8.01,8.25,7.99,8.09,59124
CWX,20200214,0.245,0.295,0.24,0.28,1477002
CWY,20200214,1.905,1.942,1.89,1.92,8907175
CWZ,20200214,0.165,0.165,0.16,0.165,48788
CXL,20200214,0.93,0.93,0.905,0.925,129512
CXO,20200214,0.038,0.038,0.037,0.037,1396441
CXZ,20200214,0.02,0.02,0.018,0.018,1274206
CYC,20200214,1.09,1.09,1.09,1.09,945
CYG,20200214,1.09,1.09,1.09,1.09,119164
CYL,20200214,3,3,2.82,2.86,20285
CYM,20200214,0.205,0.205,0.2,0.205,116506
CYP,20200214,1.085,1.085,1.08,1.085,44294
CZI,20200214,0.092,0.094,0.09,0.092,243953
CZL,20200214,0.009,0.009,0.009,0.009,120000
CZN,20200214,0.003,0.004,0.003,0.003,9805131
CZR,20200214,0.009,0.011,0.009,0.009,15336021
D2O,20200214,1.525,1.545,1.525,1.545,13046
DAF,20200214,0.019,0.019,0.019,0.019,52210
DCC,20200214,0.03,0.03,0.029,0.029,456309
DCG,20200214,0.39,0.4,0.385,0.387,402815
DCL,20200214,0.065,0.065,0.063,0.063,75000
DDD,20200214,0.002,0.002,0.002,0.002,5669000
DDR,20200214,7.1,7.1,6.82,6.84,120185
DEG,20200214,0.18,0.217,0.17,0.21,61262685
DEM,20200214,0.205,0.21,0.205,0.21,235941
DEV,20200214,0.063,0.065,0.063,0.063,166890
DGO,20200214,1.685,1.82,1.685,1.82,30484
DGR,20200214,0.074,0.075,0.073,0.075,449640
DHG,20200214,3.82,3.86,3.78,3.78,1643235
DHR,20200214,0.003,0.003,0.003,0.003,173900
DIV,20200214,24.56,24.71,24.56,24.71,246
DJW,20200214,3.36,3.4,3.36,3.38,74064
DKM,20200214,0.155,0.155,0.15,0.15,52429
DME,20200214,0.19,0.19,0.19,0.19,34529
DMP,20200214,58.22,58.43,57.64,58.2,365323
DNK,20200214,0.58,0.585,0.555,0.565,279260
DOW,20200214,6.9,7.07,6.83,6.83,3662514
DRO,20200214,0.205,0.235,0.2,0.235,1061205
DRX,20200214,0.011,0.011,0.011,0.011,300000
DSE,20200214,0.045,0.045,0.045,0.045,350000
DTC,20200214,1.1,1.105,1.095,1.1,154548
DTL,20200214,4.95,4.95,4.67,4.67,452701
DTM,20200214,0.064,0.065,0.064,0.065,82352
DTR,20200214,0.002,0.002,0.002,0.002,11063090
DTS,20200214,0.14,0.14,0.14,0.14,110050
DTZ,20200214,0.059,0.059,0.059,0.059,9100
DUB,20200214,1.13,1.2,1.125,1.17,488900
DUI,20200214,5.26,5.26,5.165,5.2,117533
DW8,20200214,0.007,0.008,0.007,0.008,499256
DWS,20200214,1.08,1.08,1.065,1.07,117432
DXB,20200214,0.145,0.145,0.145,0.145,244765
DXN,20200214,0.043,0.043,0.038,0.04,1868999
DXS,20200214,13.18,13.23,13.09,13.18,3564945
DYL,20200214,0.24,0.245,0.205,0.21,486159
E25,20200214,0.165,0.165,0.16,0.16,105000
E2M,20200214,0.155,0.155,0.155,0.155,180
EAF,20200214,1.4,1.4,1.4,1.4,93313
EAI,20200214,1.08,1.085,1.075,1.08,293768
EAS,20200214,1.01,1.03,1.01,1.03,43017
EBO,20200214,22.65,22.86,22.2,22.2,2136
ECF,20200214,1.31,1.32,1.305,1.305,234250
ECL,20200214,1.385,1.385,1.385,1.385,3600
ECS,20200214,0.046,0.046,0.045,0.045,875631
ECT,20200214,0.002,0.002,0.001,0.001,407757
ECX,20200214,1.8,1.8,1.762,1.78,636803
ED1,20200214,1,1,1,1,20683
EDC,20200214,1.11,1.11,1.1,1.11,5000
EDE,20200214,0.041,0.041,0.04,0.041,131055
EEG,20200214,0.375,0.375,0.37,0.37,99591
EFE,20200214,0.004,0.004,0.004,0.004,536755
EFF,20200214,1.78,1.78,1.78,1.78,7500
EGD,20200214,2.62,2.64,2.62,2.62,91271
EGF,20200214,1.84,1.84,1.84,1.84,79249
EGG,20200214,1.81,1.85,1.81,1.85,17804
EGH,20200214,0.39,0.4,0.39,0.4,134177
EGI,20200214,1.2,1.205,1.2,1.205,88669
EGN,20200214,0.59,0.6,0.59,0.6,33643
EGR,20200214,0.08,0.082,0.08,0.082,35058
EHE,20200214,2.34,2.39,2.31,2.38,1055248
EHH,20200214,0.11,0.12,0.11,0.115,443448
EHL,20200214,2.05,2.1,2.03,2.07,1966911
EHX,20200214,0.115,0.115,0.11,0.115,414578
ELD,20200214,8.31,8.31,8.175,8.23,849155
ELO,20200214,8.03,8.39,8.03,8.24,176442
ELT,20200214,0.003,0.003,0.003,0.003,30000
ELX,20200214,0.815,0.835,0.795,0.8,118856
EM1,20200214,0.009,0.009,0.007,0.008,1705797
EM2,20200214,0.15,0.15,0.15,0.15,9000
EMD,20200214,0.14,0.14,0.12,0.125,1150033
EMH,20200214,0.28,0.28,0.275,0.275,20113
EML,20200214,5.53,5.69,5.45,5.66,2432187
EMP,20200214,0.028,0.028,0.028,0.028,158436
EMR,20200214,0.048,0.049,0.047,0.048,2660745
EMT,20200214,0.015,0.015,0.015,0.015,375000
EMV,20200214,0.895,0.905,0.885,0.9,72375
EN1,20200214,0.017,0.018,0.016,0.018,9401757
ENN,20200214,2.15,2.18,2.15,2.18,96471
ENR,20200214,0.094,0.099,0.093,0.099,107738
ENT,20200214,0.009,0.009,0.008,0.009,325684
EOF,20200214,2.83,2.88,2.82,2.87,191332
EOL,20200214,3.54,3.54,3.54,3.54,283
EOS,20200214,9.86,10.19,9.77,9.99,418204
EPD,20200214,0.43,0.455,0.42,0.425,265932
EPM,20200214,0.006,0.006,0.006,0.006,166666
EQE,20200214,0.013,0.013,0.012,0.013,2236413
EQT,20200214,30.94,31.84,30.55,30.89,5611
EQX,20200214,0.26,0.26,0.255,0.26,71853
ERA,20200214,0.155,0.16,0.15,0.15,606297
ERF,20200214,1.225,1.24,1.22,1.22,36664
ERG,20200214,0.065,0.065,0.065,0.065,17000
ERL,20200214,0.014,0.014,0.013,0.013,1877075
ERM,20200214,0.084,0.086,0.083,0.086,42594
ERX,20200214,0.063,0.063,0.059,0.059,1367929
ESH,20200214,0.008,0.008,0.007,0.007,304170
ESK,20200214,0.195,0.195,0.185,0.185,47000
EUC,20200214,0.015,0.015,0.015,0.015,655494
EUR,20200214,0.085,0.085,0.085,0.085,50000
EVN,20200214,4.15,4.24,4.11,4.23,15589183
EVO,20200214,0.135,0.14,0.13,0.14,1542467
EVS,20200214,0.215,0.215,0.207,0.21,646945
EVT,20200214,12.5,12.71,12.5,12.65,80366
EVZ,20200214,0.15,0.15,0.14,0.145,80819
EWC,20200214,0.069,0.07,0.069,0.07,69353
EX1,20200214,0.345,0.35,0.31,0.32,210728
EXL,20200214,0.59,0.595,0.55,0.57,747088
EXP,20200214,0.21,0.21,0.21,0.21,7351
EXR,20200214,0.041,0.042,0.04,0.041,2353259
EZL,20200214,1.025,1.025,1.025,1.025,2740
FAR,20200214,0.035,0.035,0.028,0.031,95251996
FAU,20200214,0.013,0.013,0.013,0.013,71500
FBR,20200214,0.053,0.058,0.053,0.058,1054331
FBU,20200214,5.16,5.16,4.99,5,741082
FCL,20200214,3.42,3.43,3.39,3.39,25221
FCT,20200214,0.165,0.165,0.16,0.16,792606
FDV,20200214,1.075,1.075,1.055,1.06,51351
FEX,20200214,0.048,0.048,0.045,0.045,4250000
FFG,20200214,0.009,0.009,0.009,0.009,300000
FFI,20200214,5.29,5.36,5.2,5.2,8550
FFL,20200214,0.39,0.39,0.39,0.39,14093
FFR,20200214,0.043,0.043,0.042,0.042,75383
FGG,20200214,1.28,1.29,1.27,1.285,1072640
FGR,20200214,0.165,0.17,0.16,0.16,346386
FGX,20200214,1.16,1.165,1.155,1.165,349665
FHS,20200214,0.02,0.023,0.019,0.022,3170206
FID,20200214,5.85,6.12,5.85,6.06,19605
FLC,20200214,0.34,0.35,0.34,0.35,185028
FLN,20200214,0.47,0.47,0.46,0.46,158453
FLT,20200214,38.53,39.07,38.325,38.97,295151
FMG,20200214,10.99,11.06,10.95,10.99,9671633
FML,20200214,0.245,0.245,0.245,0.245,12728
FMS,20200214,0.048,0.048,0.048,0.048,30000
FNP,20200214,4.58,4.78,4.38,4.74,910661
FNT,20200214,0.01,0.01,0.01,0.01,4503302
FOD,20200214,0.056,0.058,0.055,0.058,601507
FOR,20200214,1.165,1.165,1.165,1.165,53375
FPC,20200214,1.07,1.075,1.07,1.075,143607
FPH,20200214,23.32,23.47,23.15,23.4,506862
FPL,20200214,0.005,0.005,0.005,0.005,11277550
FPP,20200214,0.935,0.96,0.925,0.925,21819
FRI,20200214,0.95,1,0.95,0.97,287832
FRN,20200214,0.022,0.022,0.021,0.022,1325390
FSF,20200214,3.71,3.71,3.71,3.71,1905
FSI,20200214,2,2,1.98,2,6250
FTC,20200214,0.097,0.097,0.096,0.096,90829
FTT,20200214,0.002,0.002,0.002,0.002,50000
FTZ,20200214,0.083,0.083,0.082,0.082,11084
FUN,20200214,0.017,0.017,0.017,0.017,395
FWD,20200214,2,2.04,1.995,2.04,68363
FXL,20200214,1.935,1.965,1.89,1.91,664065
FYI,20200214,0.06,0.061,0.058,0.061,230572
FZO,20200214,0.14,0.145,0.14,0.14,77095
G1A,20200214,0.295,0.295,0.285,0.285,88206
GAL,20200214,0.155,0.17,0.155,0.17,239051
GAP,20200214,0.18,0.19,0.18,0.19,112908
GBE,20200214,0.016,0.016,0.015,0.015,100000
GBR,20200214,0.039,0.039,0.037,0.037,61379
GBZ,20200214,0.06,0.062,0.06,0.062,32018
GC1,20200214,0.82,0.82,0.82,0.82,25863
GCI,20200214,2.02,2.04,2.02,2.04,234735
GDF,20200214,1.42,1.42,1.405,1.415,246767
GDI,20200214,1.542,1.545,1.525,1.525,596738
GDX,20200214,42.43,42.45,42.14,42.16,10589
GED,20200214,0.022,0.022,0.021,0.021,194449
GEM,20200214,1.775,1.795,1.76,1.785,2503863
GEV,20200214,0.155,0.155,0.145,0.145,152813
GFL,20200214,2.1,2.1,2.1,2.1,450
GGG,20200214,0.12,0.12,0.115,0.115,324615
GIB,20200214,0.046,0.046,0.046,0.046,35841
GLA,20200214,0.001,0.001,0.001,0.001,4713903
GLL,20200214,0.68,0.68,0.655,0.655,124518
GLN,20200214,0.235,0.245,0.235,0.24,152963
GMA,20200214,3.75,3.77,3.66,3.66,639586
GMD,20200214,0.034,0.034,0.033,0.033,822435
GME,20200214,0.051,0.051,0.051,0.051,7000
GMG,20200214,16.59,16.78,16.41,16.44,6318389
GML,20200214,0.014,0.014,0.013,0.013,740511
GMR,20200214,0.01,0.01,0.01,0.01,653487
GMV,20200214,0.096,0.096,0.09,0.09,399117
GNC,20200214,8.69,8.78,8.605,8.7,1250511
GNE,20200214,3.12,3.14,3.05,3.05,6794
GNG,20200214,0.91,0.91,0.86,0.86,21474
GNM,20200214,0.007,0.007,0.007,0.007,1628750
GNX,20200214,0.195,0.2,0.195,0.195,233571
GOR,20200214,1.68,1.69,1.645,1.65,7865823
GOW,20200214,2.32,2.32,2.27,2.27,70803
GOZ,20200214,4.32,4.36,4.32,4.33,1557141
GPR,20200214,0.435,0.45,0.43,0.43,61132
GPT,20200214,6.27,6.28,6.24,6.24,5487368
GPX,20200214,0.115,0.115,0.115,0.115,10464
GRB,20200214,0.068,0.068,0.068,0.068,395878
GRL,20200214,0.205,0.23,0.205,0.23,64997
GRR,20200214,0.23,0.235,0.227,0.23,1213467
GSM,20200214,0.088,0.088,0.085,0.087,107954
GSN,20200214,0.057,0.06,0.057,0.06,70397
GSS,20200214,1.15,1.175,1.13,1.17,51932
GSW,20200214,0.585,0.585,0.56,0.57,51407
GTE,20200214,0.003,0.003,0.003,0.003,6500
GTG,20200214,0.009,0.01,0.009,0.01,1160451
GTK,20200214,2.23,2.25,2.22,2.23,35543
GTN,20200214,0.82,0.83,0.82,0.83,49549
GTR,20200214,0.007,0.007,0.005,0.006,3308834
GUD,20200214,12.4,12.49,12.17,12.2,400976
GVF,20200214,1.1,1.105,1.1,1.105,100693
GWA,20200214,3.9,3.93,3.86,3.9,2118372
GWR,20200214,0.079,0.079,0.077,0.077,26908
GXY,20200214,1.1,1.115,1.08,1.08,1839976
HAS,20200214,0.125,0.13,0.12,0.12,290612
HAV,20200214,0.1,0.1,0.1,0.1,6876
HAW,20200214,0.081,0.082,0.08,0.082,133849
HCH,20200214,0.029,0.03,0.027,0.03,11177935
HCT,20200214,0.145,0.15,0.14,0.145,1099987
HE8,20200214,0.175,0.175,0.17,0.17,275978
HFR,20200214,0.655,0.66,0.61,0.62,117025
HGO,20200214,0.047,0.05,0.047,0.05,100452
HHM,20200214,0.025,0.025,0.025,0.025,62650
HHY,20200214,0.042,0.042,0.042,0.042,3020
HIL,20200214,0.47,0.485,0.465,0.485,841069
HIP,20200214,0.018,0.018,0.017,0.017,240000
HIT,20200214,1.65,1.7,1.65,1.7,47007
HLA,20200214,1.3,1.31,1.3,1.3,59796
HLO,20200214,4.28,4.28,4.2,4.2,53173
HLS,20200214,2.9,2.98,2.86,2.98,1427103
HM1,20200214,3.52,3.52,3.4,3.43,125446
HMC,20200214,3.79,3.8,3.77,3.78,39817
HMD,20200214,0.165,0.165,0.165,0.165,59757
HMX,20200214,0.024,0.024,0.023,0.023,761358
HNR,20200214,0.008,0.008,0.008,0.008,80000
HOT,20200214,0.135,0.135,0.135,0.135,1038
HPI,20200214,3.5,3.535,3.48,3.52,191329
HRL,20200214,0.15,0.15,0.15,0.15,150000
HRR,20200214,0.078,0.082,0.075,0.082,253018
HRZ,20200214,0.105,0.105,0.105,0.105,18900
HSC,20200214,0.007,0.007,0.006,0.007,1697845
HSN,20200214,3.74,3.76,3.63,3.75,88330
HT1,20200214,1.52,1.575,1.52,1.565,72922
HTA,20200214,0.17,0.17,0.145,0.15,1713244
HUB,20200214,11,11,10.77,10.89,222461
HUO,20200214,4.5,4.56,4.5,4.5,2478
HVM,20200214,0.155,0.16,0.155,0.16,81160
HVN,20200214,4.77,4.84,4.74,4.8,3478530
HWH,20200214,0.031,0.031,0.031,0.031,14780
HYD,20200214,0.22,0.22,0.2,0.21,200070
HZN,20200214,0.082,0.089,0.081,0.084,5571121
HZR,20200214,0.45,0.45,0.425,0.43,144911
IAA,20200214,98.58,99.9,98.57,99.73,9053
IAF,20200214,115.23,115.41,115.2,115.34,23303
IAG,20200214,6.8,6.84,6.72,6.79,7903981
IAP,20200214,1.54,1.555,1.54,1.545,145906
IBC,20200214,0.53,0.535,0.525,0.53,53881
IBG,20200214,0.012,0.012,0.011,0.011,1929864
IBX,20200214,0.03,0.032,0.029,0.029,13582344
ICE,20200214,0.24,0.25,0.235,0.235,78195
ICG,20200214,0.002,0.002,0.002,0.002,1600000
ICI,20200214,0.018,0.018,0.018,0.018,142000
ICQ,20200214,0.38,0.385,0.375,0.38,174500
IDA,20200214,0.024,0.025,0.024,0.025,1336301
IDT,20200214,0.14,0.14,0.14,0.14,27723
IDX,20200214,4.07,4.16,4.07,4.1,180207
IEL,20200214,21.9,23.81,21.3,23.5,2186941
IEM,20200214,66,66.35,65.42,66.31,27763
IEU,20200214,69.65,69.73,69.51,69.64,10076
IFL,20200214,7.09,7.1,6.98,7.04,1256203
IFM,20200214,2.04,2.08,2.04,2.06,120406
IFN,20200214,0.72,0.745,0.715,0.72,1892030
IFT,20200214,5.31,5.31,5.3,5.3,4178
IGB,20200214,113.6,113.74,113.6,113.74,6244
IGL,20200214,2.35,2.36,2.25,2.26,995600
IGO,20200214,5.8,5.83,5.72,5.75,2114986
IHD,20200214,14.44,14.52,14.44,14.52,79334
IHL,20200214,0.063,0.065,0.06,0.061,1571887
IHR,20200214,0.087,0.087,0.086,0.086,66821
IJH,20200214,312.83,313.75,312.83,313.75,376
IJP,20200214,87.7,87.97,87.24,87.33,8246
IJR,20200214,125,125.74,125,125.63,9402
IKO,20200214,95.43,95.43,93.8,95.24,1684
ILB,20200214,129.05,129.43,129.05,129.3,337
ILC,20200214,27.7,27.81,27.7,27.78,19414
ILU,20200214,9.5,9.58,9.45,9.53,1092647
IMA,20200214,0.22,0.22,0.19,0.21,1574262
IMC,20200214,0.135,0.14,0.135,0.14,102761
IMD,20200214,1.48,1.535,1.48,1.495,855925
IME,20200214,0.029,0.029,0.027,0.028,5170134
IMF,20200214,4.7,4.76,4.7,4.75,398261
IMM,20200214,0.385,0.385,0.38,0.385,1216524
IMR,20200214,1.85,1.85,1.795,1.795,8850
IMU,20200214,0.034,0.034,0.032,0.032,10434667
INA,20200214,4.96,5.045,4.91,4.99,1059289
INF,20200214,0.057,0.057,0.056,0.056,60474
ING,20200214,3.58,3.61,3.55,3.56,996169
INP,20200214,0.021,0.022,0.021,0.021,611676
INR,20200214,0.18,0.185,0.175,0.175,1258178
IOO,20200214,84.44,84.44,83.86,84.1,45375
IOZ,20200214,28.94,29.11,28.93,29.06,239610
IP1,20200214,0.008,0.008,0.008,0.008,152902
IPB,20200214,0.03,0.03,0.03,0.03,61628
IPD,20200214,0.105,0.115,0.102,0.115,1519425
IPH,20200214,9.95,10.275,9.95,10.22,1690701
IPL,20200214,3.09,3.1,3.07,3.09,4311155
IPT,20200214,0.011,0.011,0.01,0.01,1871075
IRE,20200214,13.54,13.83,13.54,13.6,604914
IRI,20200214,2.95,2.98,2.91,2.96,102132
ISD,20200214,0.27,0.275,0.265,0.265,107781
ISO,20200214,5.23,5.24,5.23,5.24,28668
ISU,20200214,0.455,0.47,0.45,0.45,26187
ITG,20200214,0.43,0.435,0.425,0.43,104032
ITW,20200214,63,63,63,63,47
IVC,20200214,13.21,13.23,13.125,13.18,203987
IVE,20200214,103.5,103.92,103.03,103.1,6739
IVR,20200214,0.024,0.024,0.023,0.023,650444
IVV,20200214,504.74,505.79,503.95,505.65,9397
IVX,20200214,0.011,0.011,0.01,0.011,5652426
IVZ,20200214,0.025,0.025,0.024,0.024,508333
IXC,20200214,1.075,1.09,1.07,1.09,23271
IXI,20200214,83.33,83.71,82.95,83.47,4603
IXJ,20200214,105.2,105.6,104.98,105.28,15950
IXU,20200214,0.059,0.059,0.052,0.052,110129
IZZ,20200214,63.1,63.33,62.8,63.25,7629
JAN,20200214,0.45,0.45,0.435,0.435,18831
JAT,20200214,0.049,0.05,0.049,0.049,298581
JAY,20200214,0.3,0.3,0.275,0.29,40038
JBH,20200214,41.98,41.98,41.2,41.55,547690
JCS,20200214,0.032,0.032,0.032,0.032,148000
JDR,20200214,0.011,0.011,0.011,0.011,216022
JHC,20200214,0.92,0.935,0.915,0.93,431728
JHG,20200214,39.39,39.54,39.28,39.4,265038
JHL,20200214,0.022,0.022,0.022,0.022,50000
JHX,20200214,30.33,30.57,29.83,30.5,2049992
JIN,20200214,13.16,13.39,12.84,13.03,439944
JLG,20200214,2.59,2.7,2.55,2.69,1132106
JMS,20200214,0.29,0.295,0.285,0.295,3800389
JRV,20200214,0.265,0.28,0.265,0.27,91225
JXT,20200214,0.12,0.125,0.115,0.115,22150
JYC,20200214,1.5,1.5,1.5,1.5,500
K2F,20200214,0.23,0.23,0.23,0.23,20000
KAI,20200214,0.009,0.01,0.009,0.009,3829580
KAR,20200214,1.09,1.12,1.085,1.12,2352151
KAS,20200214,0.011,0.012,0.011,0.012,198590
KAT,20200214,0.835,0.835,0.835,0.835,39708
KCN,20200214,0.53,0.535,0.525,0.535,93098
KEY,20200214,0.004,0.004,0.004,0.004,70000
KFE,20200214,0.057,0.058,0.056,0.057,673745
KGL,20200214,0.22,0.22,0.215,0.215,8050
KGN,20200214,5.18,5.23,5.12,5.19,741698
KIN,20200214,0.049,0.049,0.048,0.048,150888
KKC,20200214,2.46,2.47,2.45,2.46,663586
KLA,20200214,55,55.16,54.47,54.88,711
KLL,20200214,0.505,0.505,0.495,0.5,77274
KMD,20200214,3.44,3.49,3.39,3.45,74593
KME,20200214,1.5,1.58,1.5,1.5,96773
KNM,20200214,0.016,0.018,0.015,0.018,1298000
KNO,20200214,0.079,0.079,0.076,0.076,201144
KOV,20200214,4.61,4.76,4.6,4.65,33317
KP2,20200214,0.02,0.022,0.02,0.02,516142
KPO,20200214,0.037,0.045,0.037,0.044,3096676
KRM,20200214,0.033,0.033,0.033,0.033,147161
KRR,20200214,0.024,0.024,0.023,0.024,329121
KSL,20200214,1.345,1.345,1.32,1.33,105854
KSM,20200214,2.35,2.35,2.35,2.35,4276
KSN,20200214,0.19,0.19,0.18,0.185,249646
KSS,20200214,0.35,0.36,0.345,0.355,100247
KTA,20200214,0.033,0.033,0.032,0.032,483946
KTD,20200214,0.33,0.345,0.33,0.345,464208
KTE,20200214,0.007,0.007,0.007,0.007,100000
KTG,20200214,0.175,0.175,0.16,0.16,220665
KWR,20200214,0.2,0.205,0.185,0.2,126557
KYK,20200214,0.075,0.076,0.072,0.073,552591
KZA,20200214,0.595,0.595,0.59,0.59,10650
KZR,20200214,0.73,0.785,0.68,0.68,1142779
LAU,20200214,0.355,0.355,0.35,0.35,28882
LAW,20200214,0.067,0.069,0.067,0.069,50778
LBL,20200214,0.745,0.75,0.745,0.75,9385
LBT,20200214,0.14,0.15,0.14,0.15,308742
LCK,20200214,0.12,0.12,0.115,0.12,189100
LCL,20200214,0.038,0.04,0.038,0.039,1408994
LCT,20200214,0.02,0.02,0.02,0.02,10000
LEG,20200214,0.094,0.105,0.094,0.1,3703913
LEP,20200214,5.6,5.61,5.59,5.59,35271
LER,20200214,0.023,0.023,0.022,0.022,85000
LEX,20200214,0.195,0.2,0.195,0.2,159980
LIC,20200214,9.2,9.2,9.01,9.05,111665
LIN,20200214,0.036,0.037,0.036,0.036,3917467
LIT,20200214,0.069,0.07,0.066,0.066,3698005
LKE,20200214,0.039,0.039,0.037,0.037,2317122
LLC,20200214,17.77,17.99,17.65,17.83,1375195
LLO,20200214,2.07,2.07,2.07,2.07,6072
LME,20200214,1.86,1.86,1.86,1.86,286
LMG,20200214,0.012,0.013,0.012,0.013,115000
LNG,20200214,0.115,0.115,0.105,0.105,949124
LNK,20200214,6.32,6.37,6.215,6.25,2598747
LNU,20200214,0.024,0.024,0.023,0.024,2104971
LNY,20200214,0.005,0.005,0.005,0.005,875470
LOM,20200214,0.115,0.115,0.115,0.115,183426
LON,20200214,0.15,0.16,0.15,0.16,59750
LOT,20200214,0.052,0.052,0.051,0.051,306319
LOV,20200214,11.25,11.3,10.99,11.22,165941
LPD,20200214,0.014,0.014,0.012,0.012,4088962
LPE,20200214,0.47,0.49,0.46,0.49,74245
LPI,20200214,0.285,0.29,0.28,0.29,34039
LRS,20200214,0.004,0.004,0.004,0.004,250000
LSF,20200214,1.415,1.42,1.4,1.415,863886
LSH,20200214,0.034,0.039,0.034,0.038,296258
LTR,20200214,0.105,0.115,0.102,0.11,6452909
LVH,20200214,0.22,0.235,0.22,0.235,145892
LVT,20200214,0.33,0.345,0.33,0.34,2355418
LYC,20200214,2.31,2.33,2.2,2.22,3471886
LYL,20200214,6.17,6.19,6.15,6.19,4936
M7T,20200214,0.845,0.9,0.84,0.86,441923
M8S,20200214,0.165,0.175,0.155,0.16,204953
MA1,20200214,1.04,1.04,1.03,1.03,119237
MAG,20200214,0.38,0.395,0.36,0.385,781778
MAH,20200214,0.28,0.29,0.28,0.285,11523526
MAI,20200214,0.64,0.64,0.64,0.64,74274
MAM,20200214,0.525,0.525,0.525,0.525,5000
MAN,20200214,0.015,0.015,0.015,0.015,156369
MAQ,20200214,26.8,26.8,26.8,26.8,571
MAT,20200214,0.14,0.15,0.135,0.14,986714
MAU,20200214,0.72,0.745,0.72,0.73,58026
MAY,20200214,0.009,0.009,0.009,0.009,378000
MBK,20200214,0.008,0.009,0.008,0.009,2518539
MCA,20200214,0.14,0.15,0.14,0.15,659050
MCP,20200214,2.99,3.08,2.99,3.05,822227
MCR,20200214,0.63,0.635,0.625,0.635,373774
MCT,20200214,0.005,0.005,0.004,0.004,404346
MCY,20200214,5.15,5.17,5.1,5.1,2168
MDC,20200214,0.31,0.31,0.305,0.31,46787
MDI,20200214,0.006,0.006,0.005,0.005,7666666
MDR,20200214,0.53,0.54,0.51,0.54,143660
MEA,20200214,0.31,0.31,0.31,0.31,14000
MEB,20200214,0.009,0.009,0.008,0.008,10232088
MEC,20200214,1.015,1.04,1.015,1.04,33843
MEI,20200214,0.025,0.026,0.025,0.025,972383
MEM,20200214,0.068,0.069,0.062,0.063,1754433
MEP,20200214,0.041,0.043,0.04,0.043,83186
MEU,20200214,0.037,0.039,0.037,0.037,296168
MEZ,20200214,5.38,5.43,5.28,5.28,7689
MFD,20200214,1.12,1.13,1.115,1.125,86971
MFF,20200214,3.7,3.73,3.66,3.66,175020
MFG,20200214,72,74.91,71.55,73.67,653234
MGC,20200214,0.435,0.435,0.435,0.435,21096
MGE,20200214,4.39,4.4,4.38,4.4,501222
MGG,20200214,2.11,2.12,2.08,2.08,743235
MGL,20200214,0.017,0.017,0.017,0.017,1000
MGR,20200214,3.29,3.315,3.28,3.29,15268257
MGT,20200214,0.005,0.005,0.005,0.005,251500
MGU,20200214,0.055,0.055,0.055,0.055,100000
MGV,20200214,0.1,0.105,0.098,0.098,1521038
MGX,20200214,0.84,0.845,0.795,0.8,4292864
MHC,20200214,0.006,0.006,0.006,0.006,1012000
MHG,20200214,3.81,3.81,3.79,3.81,70071
MHH,20200214,1.715,1.73,1.7,1.725,672095
MIL,20200214,0.55,0.56,0.55,0.56,114773
MIN,20200214,18.26,18.84,18.04,18.76,2261850
MIR,20200214,2.64,2.67,2.63,2.63,47757
MKG,20200214,0.07,0.071,0.07,0.071,290404
MLD,20200214,0.92,0.955,0.91,0.955,302257
MLL,20200214,0.093,0.096,0.091,0.091,372977
MLM,20200214,0.013,0.013,0.013,0.013,14000
MLT,20200214,4.95,4.96,4.93,4.95,199680
MLX,20200214,0.1,0.105,0.096,0.097,2950333
MME,20200214,1.825,1.855,1.79,1.79,130134
MMI,20200214,0.135,0.14,0.135,0.14,362673
MMJ,20200214,0.12,0.135,0.11,0.11,923676
MML,20200214,0.73,0.73,0.69,0.695,275140
MMM,20200214,0.3,0.31,0.3,0.31,105393
MMS,20200214,12.3,12.44,12.18,12.36,216596
MND,20200214,16.21,16.23,16.04,16.11,298853
MNF,20200214,4.88,4.94,4.83,4.9,35051
MNS,20200214,0.105,0.105,0.099,0.105,835004
MNY,20200214,2.71,2.73,2.67,2.71,167454
MOC,20200214,1.4,1.46,1.4,1.435,223134
MOE,20200214,5.79,5.84,5.75,5.77,42888
MOH,20200214,0.078,0.1,0.076,0.099,5927219
MOT,20200214,2.08,2.08,2.06,2.07,297384
MOZ,20200214,1.66,1.74,1.66,1.71,40798
MP1,20200214,12.08,12.2,11.52,11.85,1418549
MPH,20200214,0.17,0.17,0.17,0.17,5414
MPL,20200214,3.07,3.07,3.04,3.05,4505948
MPR,20200214,0.026,0.026,0.025,0.025,527144
MPW,20200214,0.079,0.079,0.078,0.078,244958
MQG,20200214,148.73,149.3,148.51,148.58,700135
MRC,20200214,0.29,0.29,0.29,0.29,27586
MRL,20200214,0.415,0.415,0.415,0.415,2385
MRM,20200214,0.155,0.155,0.15,0.15,474231
MRQ,20200214,0.011,0.011,0.01,0.01,8443578
MRR,20200214,0.008,0.008,0.008,0.008,56500
MRZ,20200214,0.235,0.235,0.23,0.23,20334
MSB,20200214,2.89,2.89,2.81,2.84,1283431
MSE,20200214,0.012,0.012,0.012,0.012,2166666
MTB,20200214,0.002,0.002,0.002,0.002,300000
MTC,20200214,0.053,0.062,0.051,0.051,6570012
MTH,20200214,0.011,0.011,0.011,0.011,850000
MTO,20200214,1.81,1.81,1.755,1.775,5422
MTS,20200214,2.75,2.79,2.75,2.75,5441495
MVA,20200214,26.86,26.86,26.75,26.75,3869
MVB,20200214,28,28.35,28,28.3,2208
MVE,20200214,30.61,30.77,30.61,30.77,2425
MVF,20200214,0.985,1,0.98,1,103409
MVP,20200214,10.45,11.12,10.43,11,327456
MVR,20200214,29.68,29.71,29.61,29.71,3209
MVS,20200214,21.02,21.03,21.02,21.03,352
MVW,20200214,32.22,32.39,32.22,32.39,21229
MWR,20200214,0.175,0.175,0.172,0.175,294606
MWY,20200214,1.665,1.725,1.665,1.68,46560
MX1,20200214,0.21,0.23,0.195,0.195,6615765
MXI,20200214,0.21,0.235,0.21,0.235,255212
MXT,20200214,2.02,2.03,2.01,2.03,906042
MYE,20200214,1.01,1.02,1.005,1.02,52691
MYL,20200214,0.051,0.055,0.051,0.054,4965225
MYQ,20200214,0.25,0.26,0.235,0.235,46675
MYR,20200214,0.41,0.425,0.4,0.41,1485243
MYS,20200214,5.66,5.75,5.65,5.69,105210
MYX,20200214,0.42,0.42,0.395,0.4,8181686
NAB,20200214,26.92,27.35,26.75,27.35,13401934
NAC,20200214,0.995,0.995,0.995,0.995,46300
NAG,20200214,0.047,0.047,0.047,0.047,80000
NAN,20200214,7.55,7.69,7.41,7.67,941099
NBI,20200214,2.05,2.06,2.05,2.05,460704
NCC,20200214,1.07,1.075,1.07,1.07,58669
NCK,20200214,8.12,8.12,7.96,8,345292
NCM,20200214,28.7,28.77,27.965,27.99,5884597
NCZ,20200214,0.2,0.21,0.2,0.205,1141166
NDQ,20200214,24.26,24.36,24.23,24.35,78734
NEA,20200214,1.965,1.985,1.92,1.96,4235934
NEC,20200214,1.89,1.89,1.86,1.87,3766275
NES,20200214,0.04,0.04,0.04,0.04,25000
NET,20200214,0.08,0.084,0.072,0.075,11530992
NEU,20200214,2.85,2.85,2.71,2.71,4072148
NEW,20200214,1.16,1.17,1.15,1.15,542680
NGE,20200214,0.64,0.64,0.64,0.64,55625
NGI,20200214,3.33,3.64,3.33,3.52,986499
NHC,20200214,1.88,1.905,1.85,1.9,2536307
NHF,20200214,5.36,5.39,5.29,5.31,898205
NIC,20200214,0.595,0.595,0.575,0.59,8248995
NML,20200214,0.12,0.12,0.112,0.115,206611
NMT,20200214,0.22,0.23,0.217,0.225,466131
NNW,20200214,0.066,0.066,0.066,0.066,24400
NOR,20200214,0.053,0.056,0.052,0.056,368178
NOV,20200214,0.195,0.195,0.195,0.195,7000
NOX,20200214,0.25,0.26,0.225,0.24,1354706
NSB,20200214,0.16,0.16,0.157,0.16,109120
NSC,20200214,0.715,0.72,0.715,0.715,180164
NSR,20200214,2.22,2.26,2.21,2.26,3982174
NST,20200214,13.7,13.76,13.38,13.58,4091481
NTD,20200214,0.405,0.405,0.4,0.4,35784
NTL,20200214,0.006,0.006,0.006,0.006,50000
NTM,20200214,0.08,0.08,0.079,0.079,149674
NTO,20200214,1.82,1.825,1.74,1.76,844167
NTU,20200214,0.043,0.046,0.043,0.045,1793485
NUC,20200214,3.3,3.3,3.25,3.25,39933
NUF,20200214,5.85,5.92,5.75,5.88,917857
NUH,20200214,0.028,0.029,0.027,0.029,323000
NUS,20200214,0.29,0.29,0.29,0.29,82632
NVA,20200214,0.044,0.048,0.042,0.047,4733680
NVL,20200214,3.68,3.68,3.665,3.67,1305728
NVO,20200214,0.015,0.015,0.014,0.015,2969199
NVU,20200214,0.035,0.035,0.035,0.035,10000
NVX,20200214,0.42,0.455,0.42,0.455,52282
NWC,20200214,0.013,0.015,0.013,0.015,965737
NWE,20200214,0.005,0.005,0.004,0.004,14459438
NWF,20200214,0.14,0.145,0.14,0.145,78339
NWH,20200214,2.89,2.89,2.8,2.84,2683885
NWL,20200214,7.99,8.14,7.97,8.11,194948
NWS,20200214,22.28,22.28,21.95,22.01,200218
NXS,20200214,2.22,2.25,2.11,2.17,152292
NXT,20200214,7.85,7.93,7.81,7.88,1460820
NYR,20200214,0.21,0.215,0.205,0.21,197425
NZC,20200214,0.365,0.365,0.36,0.36,684150
NZM,20200214,0.37,0.37,0.365,0.365,133092
NZS,20200214,0.011,0.011,0.011,0.011,16056
OAR,20200214,0.002,0.003,0.002,0.002,16415351
OAU,20200214,0.02,0.02,0.02,0.02,85000
OBM,20200214,0.18,0.18,0.17,0.175,570110
OCC,20200214,0.48,0.48,0.47,0.47,150232
OCL,20200214,6.33,6.34,6.15,6.15,19633
ODA,20200214,0.2,0.2,0.2,0.2,4500
OEC,20200214,0.62,0.62,0.6,0.61,134647
OEL,20200214,0.024,0.025,0.022,0.022,20197962
OEX,20200214,0.003,0.003,0.003,0.003,7000
OFX,20200214,1.425,1.455,1.425,1.445,73338
OGA,20200214,0.12,0.125,0.115,0.12,249432
OGC,20200214,2.86,2.87,2.79,2.79,592868
OKJ,20200214,0.03,0.035,0.029,0.035,267025
OKU,20200214,0.24,0.26,0.23,0.235,1334597
OLI,20200214,0.089,0.09,0.087,0.087,669674
OLL,20200214,0.225,0.225,0.21,0.21,426494
OLV,20200214,0.01,0.01,0.01,0.01,150000
OMH,20200214,0.41,0.415,0.395,0.395,1515347
OML,20200214,3.08,3.16,3.05,3.15,1517058
ONT,20200214,6.14,6.29,6.14,6.29,1760
OOO,20200214,13.3,13.3,13.21,13.21,9837
OPC,20200214,4.5,4.6,4.45,4.55,23091
OPH,20200214,2.73,2.73,2.68,2.68,112684
OPL,20200214,0.11,0.11,0.11,0.11,35001
OPT,20200214,3.5,3.5,3.35,3.4,586413
OPY,20200214,1.4,1.415,1.34,1.34,215729
ORA,20200214,2.9,2.92,2.87,2.88,12314051
ORE,20200214,3.5,3.54,3.38,3.4,1465197
ORG,20200214,7.8,7.87,7.76,7.76,6634860
ORI,20200214,22.3,22.49,22.15,22.43,692473
ORN,20200214,0.019,0.019,0.018,0.019,4548226
ORR,20200214,0.43,0.43,0.43,0.43,3095380
OSH,20200214,6.39,6.54,6.38,6.47,16868029
OSL,20200214,0.19,0.195,0.18,0.18,2177705
OSP,20200214,0.02,0.021,0.017,0.017,3219751
OSX,20200214,0.635,0.64,0.62,0.63,59859
OTW,20200214,4.35,4.43,4.35,4.43,10427
OVH,20200214,0.29,0.3,0.29,0.3,227890
OVL,20200214,0.007,0.008,0.007,0.008,3502822
OVN,20200214,0.525,0.615,0.52,0.56,4112320
OVT,20200214,0.048,0.048,0.048,0.048,121240
OZF,20200214,20.7,20.8,20.7,20.8,3843
OZG,20200214,0.175,0.18,0.175,0.175,132319
OZL,20200214,10.24,10.28,10.16,10.16,1504991
OZR,20200214,11.84,11.88,11.81,11.84,6283
P2P,20200214,0.075,0.076,0.075,0.076,57600
PAA,20200214,0.105,0.11,0.105,0.105,494000
PAB,20200214,0.018,0.018,0.017,0.017,711083
PAC,20200214,6.32,6.37,6.21,6.23,34605
PAF,20200214,0.91,0.915,0.91,0.915,22023
PAI,20200214,1.065,1.075,1.065,1.065,210989
PAL,20200214,0.82,0.85,0.82,0.85,18203
PAN,20200214,0.23,0.235,0.22,0.23,1844787
PAR,20200214,4.15,4.27,4.12,4.17,612826
PBH,20200214,6.15,6.15,5.84,5.94,461986
PBP,20200214,2.37,2.41,2.36,2.37,37467
PCI,20200214,1.14,1.145,1.14,1.145,353147
PCK,20200214,0.135,0.135,0.125,0.125,5992457
PCL,20200214,0.001,0.001,0.001,0.001,531250
PDL,20200214,9.02,9.02,8.875,8.91,1365632
PDN,20200214,0.095,0.095,0.09,0.093,4033127
PDZ,20200214,0.2,0.205,0.2,0.205,31872
PE1,20200214,1.42,1.47,1.39,1.43,195487
PEC,20200214,0.038,0.038,0.037,0.037,307044
PEK,20200214,0.038,0.041,0.038,0.04,1638122
PEN,20200214,0.165,0.175,0.165,0.17,364946
PET,20200214,0.75,0.775,0.735,0.74,429200
PEX,20200214,0.22,0.225,0.215,0.22,145134
PFG,20200214,0.076,0.076,0.075,0.075,180478
PFP,20200214,3.6,3.65,3.56,3.62,103269
PG1,20200214,0.13,0.13,0.125,0.125,54000
PGC,20200214,0.27,0.275,0.265,0.27,707590
PGF,20200214,1.25,1.26,1.25,1.26,78745
PGG,20200214,2.06,2.06,2.05,2.05,618521
PGH,20200214,2.59,2.61,2.54,2.57,282727
PGL,20200214,1.915,1.985,1.915,1.925,19701
PGM,20200214,0.019,0.019,0.018,0.018,201909
PGX,20200214,0.385,0.385,0.385,0.385,29795
PIA,20200214,1.165,1.17,1.16,1.17,301588
PIC,20200214,1.06,1.07,1.055,1.07,335373
PIO,20200214,0.014,0.014,0.013,0.013,3648239
PIQ,20200214,0.32,0.38,0.32,0.335,1796607
PKD,20200214,0.07,0.075,0.07,0.072,142604
PKS,20200214,0.155,0.155,0.15,0.15,145226
PL8,20200214,1.19,1.195,1.18,1.19,425395
PLL,20200214,0.12,0.125,0.12,0.12,532355
PLS,20200214,0.315,0.315,0.3,0.305,9558187
PM1,20200214,0.019,0.019,0.019,0.019,1383157
PM8,20200214,0.22,0.23,0.22,0.22,1921946
PMC,20200214,1.53,1.53,1.525,1.525,498034
PME,20200214,27.2,27.2,24.6,25.03,627552
PMV,20200214,21.01,21.56,21.01,21.31,291712
PNC,20200214,1.745,1.745,1.73,1.73,230729
PNI,20200214,5.97,6.23,5.97,6.23,946145
PNR,20200214,0.105,0.105,0.1,0.1,3155754
PNV,20200214,3.12,3.13,2.95,3,4136563
PNX,20200214,0.007,0.007,0.007,0.007,655900
PO3,20200214,2.6,2.83,2.57,2.83,15953
POD,20200214,0.038,0.038,0.037,0.037,202228
POS,20200214,0.036,0.036,0.035,0.035,660714
POU,20200214,19,19,19,19,285
POW,20200214,0.004,0.004,0.004,0.004,3333
PPC,20200214,1.31,1.31,1.27,1.3,157350
PPE,20200214,3.9,4.08,3.42,3.76,751224
PPG,20200214,0.11,0.11,0.11,0.11,3950
PPH,20200214,4.62,4.72,4.6,4.68,44251
PPK,20200214,6.7,6.9,6.6,6.64,152632
PPS,20200214,0.475,0.48,0.462,0.47,1243737
PPT,20200214,43,43.445,42.21,42.33,205600
PPY,20200214,0.014,0.014,0.014,0.014,55000
PRN,20200214,1.44,1.445,1.395,1.425,4042026
PRO,20200214,0.81,0.81,0.795,0.81,6615
PRT,20200214,0.16,0.16,0.155,0.16,26729
PRU,20200214,1.195,1.21,1.175,1.19,2981663
PRX,20200214,0.05,0.056,0.05,0.054,1268220
PSC,20200214,0.18,0.18,0.175,0.18,10150
PSI,20200214,3.26,3.28,3.26,3.28,18549
PSQ,20200214,1.85,1.85,1.85,1.85,1021
PTB,20200214,0.805,0.82,0.805,0.81,80906
PTM,20200214,4.68,4.73,4.65,4.7,774172
PTR,20200214,0.058,0.063,0.058,0.063,31679
PTX,20200214,0.051,0.053,0.05,0.053,1023470
PUA,20200214,0.012,0.012,0.012,0.012,214120
PVE,20200214,0.049,0.049,0.049,0.049,56901
PVS,20200214,1.62,1.62,1.62,1.62,2171
PWG,20200214,1.45,1.46,1.44,1.45,395309
PWH,20200214,4.8,4.91,4.8,4.83,27904
PWL,20200214,0.16,0.16,0.155,0.155,14885
PWN,20200214,0.007,0.007,0.007,0.007,3712276
PXS,20200214,0.11,0.125,0.11,0.117,966731
PXX,20200214,0.031,0.031,0.031,0.031,3438
PYC,20200214,0.062,0.063,0.062,0.063,1551442
PYG,20200214,0.69,0.7,0.68,0.69,264403
QAG,20200214,5.55,5.55,5.55,5.55,1000
QAN,20200214,6.5,6.51,6.42,6.43,7435702
QAU,20200214,15.93,15.93,15.79,15.8,33243
QBE,20200214,14.14,14.19,14.07,14.15,3202964
QCB,20200214,7.74,7.74,7.74,7.74,65
QEM,20200214,0.09,0.09,0.089,0.089,124775
QFE,20200214,0.335,0.34,0.33,0.33,136097
QFN,20200214,11.59,11.59,11.59,11.59,66
QFY,20200214,0.004,0.004,0.004,0.004,9737249
QHL,20200214,0.14,0.14,0.135,0.135,351881
QIP,20200214,1.3,1.3,1.285,1.29,131364
QOZ,20200214,14.25,14.36,14.25,14.36,36472
QRE,20200214,6.48,6.48,6.47,6.47,172
QRI,20200214,1.63,1.63,1.62,1.63,75985
QTM,20200214,0.041,0.041,0.041,0.041,12000
QUB,20200214,3.48,3.53,3.475,3.51,3525797
QUS,20200214,41.19,41.19,41.14,41.14,2184
QVE,20200214,1.02,1.035,1.02,1.03,332370
RAC,20200214,0.31,0.36,0.31,0.345,1088699
RAP,20200214,0.25,0.26,0.25,0.255,1342540
RBL,20200214,1.215,1.25,1.155,1.235,601132
RBR,20200214,0.012,0.012,0.011,0.011,1369895
RCB,20200214,20.8,20.84,20.79,20.79,10781
RCE,20200214,0.465,0.53,0.45,0.53,1553195
RCL,20200214,0.355,0.355,0.34,0.34,5814
RCT,20200214,2.4,2.4,2.37,2.37,7510
RDC,20200214,1.13,1.13,1.12,1.13,125294
RDH,20200214,1.715,1.75,1.56,1.6,57333
RDM,20200214,0.087,0.087,0.086,0.086,230896
RDS,20200214,0.008,0.008,0.008,0.008,43456
RDV,20200214,30.82,31.06,30.82,31.06,3955
RDY,20200214,2,2.04,1.99,2,66295
REA,20200214,112.86,115.15,112.82,113.73,191102
RED,20200214,0.29,0.3,0.29,0.3,2086455
REG,20200214,2.38,2.41,2.36,2.38,218893
REH,20200214,11.8,11.8,11.49,11.49,151742
RES,20200214,0.076,0.076,0.075,0.075,39178
REX,20200214,1.075,1.085,1.06,1.08,124598
REZ,20200214,0.015,0.015,0.014,0.014,1000000
RF1,20200214,2.69,2.69,2.65,2.65,123860
RFF,20200214,2.05,2.06,2.01,2.03,559483
RFG,20200214,0.1,0.1,0.1,0.1,182116
RFN,20200214,0.002,0.002,0.002,0.002,433473
RFR,20200214,0.122,0.125,0.12,0.12,52524
RFX,20200214,0.042,0.042,0.041,0.042,815999
RGB,20200214,23.18,23.18,23.13,23.17,571
RGI,20200214,0.12,0.12,0.11,0.12,172639
RGS,20200214,0.065,0.065,0.063,0.063,22376
RHC,20200214,79.93,80,79.15,79.75,284903
RHP,20200214,2.18,2.29,2.17,2.26,476795
RHT,20200214,0.2,0.205,0.2,0.205,515963
RHY,20200214,0.088,0.088,0.088,0.088,36229
RIC,20200214,1,1.012,0.985,1,273284
RIM,20200214,0.002,0.002,0.002,0.002,3280344
RIO,20200214,97.77,98.37,97.59,97.65,1509923
RKN,20200214,0.67,0.7,0.635,0.675,33762
RLC,20200214,0.003,0.003,0.003,0.003,208000
RLE,20200214,0.024,0.024,0.024,0.024,10100
RLG,20200214,0.027,0.028,0.027,0.028,66212
RLT,20200214,1.405,1.475,1.4,1.43,109996
RMC,20200214,1.45,1.48,1.435,1.45,317793
RMD,20200214,25.92,26.06,25.84,26.06,696923
RML,20200214,0.065,0.073,0.065,0.071,2296048
RMP,20200214,0.012,0.012,0.012,0.012,152817
RMS,20200214,1.26,1.28,1.255,1.255,2643328
RMX,20200214,0.005,0.005,0.005,0.005,50000
RMY,20200214,0.66,0.66,0.565,0.63,569912
RND,20200214,2.2,2.2,2.2,2.2,500
RNE,20200214,0.025,0.025,0.025,0.025,267
RNO,20200214,0.165,0.165,0.155,0.16,389124
RNU,20200214,0.01,0.01,0.01,0.01,41349
ROG,20200214,0.002,0.002,0.002,0.002,2000000
ROO,20200214,0.036,0.037,0.031,0.032,5779187
RPM,20200214,0.18,0.18,0.17,0.17,107071
RRL,20200214,4.32,4.32,4.23,4.29,2734562
RSG,20200214,1.13,1.135,1.095,1.115,6585403
RSH,20200214,0.084,0.084,0.083,0.084,102750
RTE,20200214,0.41,0.415,0.41,0.415,8755
RTG,20200214,0.087,0.087,0.087,0.087,25000
RUL,20200214,1.065,1.08,1.06,1.07,285024
RVR,20200214,0.1,0.105,0.1,0.105,273103
RWC,20200214,4.7,4.7,4.655,4.69,1541538
RWD,20200214,0.155,0.155,0.15,0.15,46474
RXL,20200214,0.029,0.033,0.029,0.031,28465626
RXM,20200214,0.06,0.06,0.059,0.059,57672
RXP,20200214,0.445,0.45,0.44,0.445,200339
RZI,20200214,0.92,0.94,0.91,0.94,22593
S2R,20200214,0.096,0.1,0.096,0.1,17250
S32,20200214,2.57,2.65,2.55,2.63,20637341
S66,20200214,0.57,0.57,0.57,0.57,3500
SAR,20200214,4.16,4.2,4.08,4.13,7869430
SAU,20200214,0.17,0.17,0.17,0.17,24373
SBM,20200214,2.76,2.79,2.72,2.73,4995176
SBR,20200214,0.001,0.001,0.001,0.001,1050000
SBW,20200214,0.18,0.18,0.18,0.18,19227
SCG,20200214,3.8,3.8,3.75,3.77,17237384
SCL,20200214,0.016,0.016,0.016,0.016,540700
SCN,20200214,0.027,0.027,0.027,0.027,499260
SCP,20200214,3.13,3.135,3.09,3.11,6717331
SDF,20200214,3.91,3.94,3.88,3.89,1588347
SDG,20200214,1.75,1.75,1.725,1.75,9500
SDI,20200214,0.935,0.955,0.925,0.95,642794
SDV,20200214,0.835,0.95,0.835,0.9,798758
SDX,20200214,0.036,0.036,0.036,0.036,550
SE1,20200214,0.013,0.013,0.013,0.013,377460
SEC,20200214,1.805,1.805,1.78,1.785,30771
SEI,20200214,0.043,0.045,0.042,0.042,477740
SEK,20200214,23.4,23.68,23.23,23.64,1085544
SEN,20200214,0.066,0.066,0.066,0.066,158195
SEQ,20200214,0.205,0.205,0.2,0.2,68685
SER,20200214,0.005,0.005,0.005,0.005,13198162
SES,20200214,0.083,0.087,0.083,0.087,609409
SFC,20200214,17.13,17.14,17.1,17.1,493
SFG,20200214,0.07,0.07,0.069,0.069,346591
SFR,20200214,5.12,5.29,5.12,5.22,906756
SFX,20200214,0.195,0.2,0.187,0.187,328508
SFY,20200214,65.3,65.56,65.24,65.49,6265
SGC,20200214,0.027,0.029,0.025,0.025,590084
SGF,20200214,2.36,2.41,2.34,2.41,170800
SGH,20200214,1.035,1.04,1,1.01,23654
SGI,20200214,0.091,0.096,0.091,0.096,465572
SGM,20200214,10.77,10.81,10.67,10.75,527987
SGO,20200214,0.02,0.02,0.02,0.02,54464
SGP,20200214,4.96,5.03,4.94,5.03,4939060
SGQ,20200214,0.11,0.11,0.11,0.11,620000
SGR,20200214,4.15,4.22,4.15,4.2,4060003
SHE,20200214,0.006,0.006,0.005,0.006,1016666
SHJ,20200214,0.91,0.915,0.905,0.915,25160
SHL,20200214,31.54,31.705,31.39,31.63,983310
SHM,20200214,0.73,0.73,0.715,0.73,68191
SHV,20200214,8.98,9.24,8.95,9,642961
SI6,20200214,0.003,0.003,0.003,0.003,3148456
SIG,20200214,0.595,0.595,0.59,0.595,651392
SIL,20200214,0.043,0.043,0.041,0.041,185000
SIO,20200214,0.385,0.385,0.38,0.38,25971
SIQ,20200214,6.92,7.08,6.835,7.03,1004986
SIS,20200214,0.013,0.014,0.013,0.014,358378
SIT,20200214,0.059,0.064,0.058,0.063,765210
SIV,20200214,0.61,0.61,0.61,0.61,12809
SKC,20200214,3.52,3.55,3.5,3.52,434006
SKF,20200214,0.19,0.195,0.19,0.195,318214
SKI,20200214,2.14,2.185,2.14,2.18,3220958
SKN,20200214,0.014,0.014,0.014,0.014,15000
SKO,20200214,4.78,4.8,4.7,4.74,19365
SKT,20200214,0.615,0.63,0.6,0.6,225028
SKY,20200214,0.28,0.29,0.27,0.275,1462270
SLC,20200214,0.87,0.875,0.85,0.865,479288
SLF,20200214,15.08,15.32,15.06,15.32,31585
SLK,20200214,4.25,4.27,4.16,4.23,426080
SLM,20200214,0.82,0.82,0.82,0.82,14612
SLR,20200214,1.69,1.7,1.665,1.69,6009994
SLX,20200214,0.37,0.395,0.327,0.36,643179
SM1,20200214,6.43,6.43,6.1,6.1,428943
SM8,20200214,0.065,0.07,0.064,0.07,2188373
SMI,20200214,0.005,0.005,0.004,0.004,2827010
SMN,20200214,0.79,0.8,0.78,0.8,27420
SMP,20200214,0.7,0.715,0.685,0.685,404618
SMR,20200214,0.955,0.955,0.945,0.945,36847
SMX,20200214,0.44,0.44,0.4,0.4,65925
SNC,20200214,0.83,0.83,0.83,0.83,5697
SNS,20200214,0.13,0.13,0.13,0.13,22242
SNZ,20200214,8.7,8.7,8.7,8.7,618
SO4,20200214,0.635,0.635,0.62,0.62,95040
SOL,20200214,21.7,22.47,21.65,22.34,480198
SOM,20200214,3.28,3.29,3.25,3.25,41214
SOP,20200214,0.045,0.045,0.045,0.045,40000
SOR,20200214,0.078,0.081,0.078,0.08,34339
SP3,20200214,0.1,0.1,0.1,0.1,88047
SPK,20200214,4.59,4.595,4.56,4.56,500032
SPL,20200214,1.155,1.2,1.135,1.2,292814
SPT,20200214,0.5,0.505,0.495,0.495,349288
SPX,20200214,0.14,0.14,0.135,0.135,14190300
SPY,20200214,500.85,503.31,500.85,503.28,48
SPZ,20200214,0.24,0.255,0.235,0.235,724953
SRG,20200214,0.37,0.37,0.36,0.36,111485
SRI,20200214,0.06,0.061,0.06,0.06,185448
SRK,20200214,0.049,0.049,0.048,0.048,50000
SRV,20200214,4.14,4.14,4.01,4.07,24738
SRZ,20200214,0.009,0.009,0.009,0.009,1000000
SSG,20200214,0.665,0.67,0.655,0.67,112889
SSM,20200214,2.42,2.43,2.355,2.36,3247339
ST1,20200214,0.19,0.21,0.19,0.21,2565133
STA,20200214,0.12,0.12,0.115,0.12,92745
STG,20200214,1.2,1.217,1.175,1.18,152879
STM,20200214,0.011,0.012,0.011,0.012,348480
STN,20200214,0.445,0.445,0.445,0.445,4555
STO,20200214,8.12,8.21,8.09,8.19,3485977
STW,20200214,65.67,66,65.63,65.93,83712
STX,20200214,0.17,0.175,0.17,0.175,1320092
SUD,20200214,0.057,0.058,0.057,0.058,90000
SUL,20200214,8.9,9.07,8.84,9.03,647339
SUN,20200214,12.4,12.59,12.4,12.57,7904179
SVA,20200214,0.022,0.023,0.022,0.023,53074
SVD,20200214,0.006,0.006,0.006,0.006,1010963
SVL,20200214,0.1,0.105,0.1,0.1,839722
SVM,20200214,0.14,0.14,0.135,0.135,230000
SVS,20200214,0.21,0.21,0.21,0.21,2000
SVW,20200214,19.34,19.52,19.17,19.33,522916
SVY,20200214,0.685,0.71,0.685,0.71,202392
SWF,20200214,0.175,0.18,0.167,0.17,1618024
SWK,20200214,0.175,0.175,0.175,0.175,2683546
SWM,20200214,0.255,0.26,0.25,0.255,1047957
SXE,20200214,0.61,0.61,0.595,0.595,245775
SXL,20200214,0.81,0.815,0.76,0.765,4246067
SXY,20200214,0.34,0.34,0.33,0.33,3823855
SYA,20200214,0.012,0.012,0.011,0.012,4609773
SYD,20200214,8.52,8.58,8.52,8.58,6441260
SYI,20200214,30.25,30.46,30.25,30.46,3537
SYR,20200214,0.55,0.55,0.53,0.53,1149865
SZL,20200214,1.785,1.875,1.78,1.805,54408
TAH,20200214,4.68,4.68,4.64,4.65,3958793
TAM,20200214,0.052,0.054,0.048,0.05,1795617
TAP,20200214,0.105,0.11,0.105,0.11,213475
TAS,20200214,0.041,0.041,0.04,0.04,50042
TBL,20200214,0.415,0.415,0.415,0.415,25000
TBR,20200214,5.06,5.09,4.95,5.02,33715
TCL,20200214,16.38,16.41,16.19,16.37,7622162
TD1,20200214,0.037,0.039,0.037,0.038,1151339
TDI,20200214,1.69,1.69,1.67,1.68,127150
TDY,20200214,0.25,0.25,0.225,0.245,649734
TEG,20200214,0.045,0.045,0.044,0.044,690000
TEK,20200214,0.27,0.277,0.27,0.277,501580
TER,20200214,0.275,0.275,0.275,0.275,11700
TGA,20200214,0.205,0.205,0.2,0.2,308661
TGF,20200214,1.8,1.855,1.8,1.84,118452
TGG,20200214,1.355,1.37,1.355,1.36,261556
TGH,20200214,0.18,0.19,0.175,0.18,261680
TGN,20200214,0.18,0.18,0.17,0.17,325000
TGP,20200214,1.12,1.13,1.12,1.12,29313
TGR,20200214,4.65,4.7,4.39,4.47,2718150
THC,20200214,0.375,0.375,0.365,0.365,41477
TIE,20200214,0.295,0.305,0.29,0.29,272764
TIP,20200214,0.61,0.625,0.59,0.59,281321
TKL,20200214,0.006,0.006,0.006,0.006,14285
TKM,20200214,0.019,0.019,0.019,0.019,23100
TLG,20200214,0.44,0.45,0.425,0.44,235592
TLM,20200214,0.081,0.081,0.08,0.081,100487
TLS,20200214,3.78,3.8,3.765,3.77,25176746
TLX,20200214,1.53,1.68,1.525,1.64,1689455
TMG,20200214,0.051,0.052,0.051,0.052,57692
TMR,20200214,0.22,0.23,0.21,0.23,153451
TMT,20200214,0.115,0.115,0.115,0.115,50000
TMX,20200214,0.004,0.004,0.004,0.004,1000000
TNE,20200214,8.71,8.75,8.56,8.56,542286
TNG,20200214,0.083,0.083,0.083,0.083,293701
TNT,20200214,0.089,0.095,0.085,0.09,14448416
TNY,20200214,1.45,1.465,1.37,1.42,241605
TOE,20200214,0.008,0.008,0.007,0.007,598181
TON,20200214,0.035,0.035,0.035,0.035,643868
TOP,20200214,0.65,0.65,0.645,0.645,169434
TOT,20200214,1.065,1.065,1.065,1.065,141321
TOU,20200214,0.067,0.067,0.067,0.067,32517
TPD,20200214,0.002,0.002,0.002,0.002,1200000
TPM,20200214,8.1,8.24,7.79,8.06,4846338
TPP,20200214,0.066,0.066,0.066,0.066,185918
TPW,20200214,4.01,4.01,3.87,3.92,120459
TRL,20200214,0.001,0.001,0.001,0.001,6818
TRS,20200214,4.49,4.49,4.22,4.23,73890
TRT,20200214,0.021,0.021,0.02,0.02,324025
TRY,20200214,0.09,0.091,0.09,0.091,200999
TSC,20200214,0.008,0.009,0.008,0.008,18788554
TSL,20200214,0.043,0.043,0.041,0.041,367289
TSO,20200214,0.028,0.029,0.028,0.028,1499000
TTB,20200214,0.78,0.87,0.78,0.8,109339
TTI,20200214,0.013,0.013,0.013,0.013,14070
TTM,20200214,0.125,0.125,0.125,0.125,6479
TTT,20200214,0.86,0.875,0.765,0.85,476296
TWD,20200214,3.4,3.4,3.39,3.4,4600
TWE,20200214,11.33,11.525,11.18,11.29,9512537
TWR,20200214,0.695,0.715,0.695,0.695,73176
TYR,20200214,4.37,4.43,4.31,4.38,675504
TYX,20200214,0.002,0.002,0.002,0.002,66000
TZL,20200214,0.105,0.105,0.105,0.105,28500
TZN,20200214,0.035,0.035,0.035,0.035,19000
UBA,20200214,23.6,23.61,23.6,23.61,422
UBI,20200214,0.18,0.18,0.175,0.175,122687
UBN,20200214,0.062,0.062,0.061,0.062,191640
UBP,20200214,30.49,30.49,30.49,30.49,301
UBW,20200214,32.28,32.46,32.28,32.46,4445
UCM,20200214,0.375,0.445,0.365,0.395,5948197
UNV,20200214,0.24,0.24,0.24,0.24,60189
UOS,20200214,0.83,0.83,0.765,0.83,91497
URF,20200214,0.43,0.44,0.425,0.43,297549
URW,20200214,10.18,10.3,9.99,10.01,1389267
USD,20200214,14.48,14.5,14.45,14.46,15882
UUL,20200214,0.016,0.016,0.016,0.016,9900
UWL,20200214,1.555,1.6,1.545,1.55,597436
VAE,20200214,72,72.28,71.68,72.25,1820
VAF,20200214,52.38,52.44,52.38,52.44,35835
VAH,20200214,0.13,0.135,0.13,0.135,356409
VAL,20200214,0.001,0.002,0.001,0.002,8522803
VAN,20200214,0.12,0.125,0.12,0.125,192825
VAP,20200214,96.69,98.2,96.6,98.2,47260
VAS,20200214,89.89,90.35,89.83,90.24,91377
VBS,20200214,0.58,0.58,0.575,0.58,44983
VCF,20200214,51.11,51.17,51.01,51.02,11196
VCX,20200214,2.51,2.51,2.485,2.49,5767438
VEA,20200214,1.68,1.715,1.66,1.7,2837317
VEN,20200214,0.14,0.14,0.135,0.135,15890
VEQ,20200214,62.6,62.63,62.28,62.42,9388
VEU,20200214,80,80.45,79.74,79.96,21534
VG1,20200214,2.29,2.3,2.28,2.29,569949
VG8,20200214,2.29,2.3,2.28,2.28,74389
VGB,20200214,53.36,53.42,53.36,53.42,25359
VGE,20200214,73.49,73.49,72.7,73.27,14029
VGI,20200214,12.3,12.5,12.21,12.32,9421
VGL,20200214,3.05,3.1,3.05,3.08,3432
VGS,20200214,87.4,87.49,87.23,87.49,64518
VHT,20200214,1.79,1.79,1.735,1.77,297037
VHY,20200214,62.6,63.09,62.6,63,35628
VIC,20200214,0.001,0.001,0.001,0.001,4695000
VIF,20200214,51.06,51.08,50.96,51.05,10549
VKA,20200214,0.009,0.009,0.009,0.009,70668
VLC,20200214,72.84,73.02,72.84,73.02,7329
VLS,20200214,0.61,0.61,0.595,0.595,23000
VLT,20200214,0.28,0.28,0.265,0.28,120646
VMC,20200214,0.185,0.22,0.185,0.22,412642
VML,20200214,0.009,0.009,0.009,0.009,304975
VMS,20200214,0.013,0.013,0.013,0.013,24000
VMT,20200214,0.3,0.31,0.3,0.305,212855
VMY,20200214,0.043,0.044,0.043,0.043,302015
VOC,20200214,3.38,3.4,3.35,3.4,914796
VOR,20200214,0.006,0.007,0.006,0.007,2415453
VR1,20200214,0.02,0.02,0.02,0.02,25000
VRC,20200214,0.012,0.012,0.012,0.012,267656
VRL,20200214,4.04,4.04,3.98,4.02,50983
VRS,20200214,0.067,0.067,0.067,0.067,7470
VRT,20200214,4.31,4.37,4.29,4.33,57021
VRX,20200214,0.105,0.105,0.102,0.102,28815
VSO,20200214,62.59,62.69,62.23,62.69,18087
VTG,20200214,1.225,1.245,1.222,1.245,148914
VTH,20200214,0.785,0.785,0.75,0.76,633568
VTI,20200214,0.04,0.04,0.038,0.038,83421
VTS,20200214,255.62,256.04,255.2,256.04,10569
VUK,20200214,3.73,3.75,3.65,3.65,5569476
VVA,20200214,2.86,2.895,2.86,2.86,37377
VVR,20200214,2.79,2.83,2.77,2.83,2043928
VXR,20200214,0.11,0.12,0.11,0.11,167723
VYS,20200214,0.063,0.065,0.063,0.065,253387
WAA,20200214,1.085,1.095,1.085,1.095,78166
WAF,20200214,0.53,0.54,0.515,0.53,7372928
WAM,20200214,2.33,2.34,2.32,2.32,415483
WAT,20200214,2.27,2.27,2.27,2.27,5000
WAX,20200214,1.46,1.48,1.45,1.475,119111
WBC,20200214,25.4,25.8,25.35,25.7,8445885
WBE,20200214,0.009,0.009,0.009,0.009,1000000
WBT,20200214,0.38,0.41,0.38,0.41,149312
WCN,20200214,0.004,0.004,0.004,0.004,8000
WEB,20200214,12.74,12.995,12.67,12.97,686055
WEL,20200214,0.044,0.044,0.044,0.044,25000
WES,20200214,45.5,45.65,45.4,45.65,1251571
WGB,20200214,2.29,2.29,2.28,2.28,235744
WGN,20200214,1.88,1.945,1.87,1.91,1181510
WGO,20200214,0.195,0.2,0.195,0.195,826917
WGX,20200214,2.22,2.22,2.18,2.19,1280130
WHC,20200214,2.54,2.55,2.49,2.5,5301249
WHF,20200214,5.4,5.48,5.35,5.35,63408
WHK,20200214,0.07,0.072,0.068,0.068,184393
WIC,20200214,1.12,1.12,1.095,1.095,40600
WJA,20200214,0.12,0.12,0.12,0.12,142141
WKT,20200214,0.185,0.185,0.175,0.175,482875
WLD,20200214,0.076,0.076,0.067,0.07,503337
WLE,20200214,1.3,1.325,1.3,1.325,413165
WMI,20200214,1.54,1.58,1.54,1.565,66573
WNB,20200214,0.004,0.006,0.004,0.006,9232008
WND,20200214,0.935,0.935,0.935,0.935,161571
WNR,20200214,0.275,0.275,0.275,0.275,13630
WOA,20200214,0.13,0.14,0.13,0.14,49314
WOR,20200214,14.4,14.43,14.14,14.14,1962121
WOW,20200214,43.14,43.47,42.82,43.14,1678776
WPL,20200214,33.63,33.65,32.83,32.83,4154048
WPP,20200214,0.56,0.56,0.55,0.56,118087
WQG,20200214,1.285,1.315,1.285,1.295,161209
WRM,20200214,0.004,0.004,0.004,0.004,805285
WSA,20200214,2.51,2.57,2.51,2.55,2694925
WSI,20200214,0.021,0.021,0.021,0.021,927366
WSP,20200214,1.43,1.43,1.39,1.407,107943
WTC,20200214,29.08,29.18,28.63,29.05,750925
WWI,20200214,0.015,0.015,0.015,0.015,248484
WZR,20200214,0.315,0.315,0.285,0.285,10823675
XAM,20200214,0.033,0.033,0.033,0.033,151994
XCD,20200214,0.01,0.01,0.01,0.01,1747500
XF1,20200214,0.25,0.255,0.245,0.25,107999
XPL,20200214,0.105,0.105,0.105,0.105,47619
XRF,20200214,0.245,0.25,0.24,0.24,452349
XRO,20200214,87,87.93,86.1,87.06,314103
XST,20200214,0.003,0.003,0.003,0.003,3869502
XTC,20200214,0.002,0.002,0.002,0.002,22206439
XTD,20200214,0.039,0.039,0.038,0.038,161582
XTE,20200214,0.515,0.52,0.515,0.515,17713
YAL,20200214,2.86,2.87,2.86,2.87,7263
YBR,20200214,0.084,0.084,0.083,0.084,71574
YOJ,20200214,0.046,0.048,0.046,0.047,744328
YOW,20200214,0.058,0.06,0.058,0.058,91881
YPB,20200214,0.003,0.004,0.003,0.004,1750461
YRL,20200214,0.235,0.235,0.225,0.225,29444
Z1P,20200214,4.09,4.16,4.02,4.09,3714619
ZEL,20200214,4.3,4.44,4.29,4.3,82248
ZEN,20200214,0.76,0.76,0.745,0.75,498572
ZGL,20200214,0.11,0.12,0.11,0.12,92742
ZIM,20200214,12.5,12.5,12.18,12.18,660
ZLD,20200214,0.057,0.059,0.057,0.058,569805
ZMI,20200214,0.067,0.067,0.067,0.067,7500
ZNC,20200214,0.052,0.052,0.052,0.052,33000
ZNO,20200214,1.46,1.575,1.445,1.54,5294216
XAF,20200214,6995.8,7037.5,6995.8,7030.5,0
XAO,20200214,7204.6,7235.6,7199.8,7227.1,0
XAT,20200214,7046.1,7082.8,7044.8,7074.8,0
XDJ,20200214,2883.1,2886.9,2868.6,2884.7,0
XEC,20200214,1610.1,1618.5,1605.1,1614.3,0
XEJ,20200214,11022.3,11030.2,10890,10890,0
XFJ,20200214,6400.7,6493.6,6399.2,6486.6,0
XFL,20200214,7049,7089.6,7049,7082.8,0
XGD,20200214,7182.1,7194.2,7046.8,7083.2,0
XHJ,20200214,47400.6,47594.9,47243,47557.1,0
XIJ,20200214,1594.2,1595.2,1575.6,1586.7,0
XJO,20200214,7103.2,7138.4,7101.1,7130.2,0
XJR,20200214,4865.4,4874.7,4831,4843.7,0
XKO,20200214,7057.2,7091.1,7054.7,7083,0
XMD,20200214,7636.3,7666,7618.3,7648,0
XMJ,20200214,13867.4,13886.9,13762.1,13829.8,0
XMM,20200214,4497.8,4508.2,4467.4,4489.4,0
XNJ,20200214,7187.8,7224.4,7172.6,7205.2,0
XPJ,20200214,1704.4,1713.3,1703.3,1706.4,0
XSJ,20200214,13382.6,13482.3,13352.5,13403.5,0
XSO,20200214,3063.1,3063.1,3043.4,3057.1,0
XTJ,20200214,1352.7,1358.7,1350,1351.8,0
XTL,20200214,3951.4,3981.5,3951.4,3978.1,0
XTO,20200214,5886.2,5918.3,5886.2,5911.6,0
XUJ,20200214,8245,8347.7,8239.5,8345.6,0
XXJ,20200214,7138.9,7242.6,7137.2,7234.8,0
