360,20200604,1.99,2.07,1.935,1.975,52173
14D,20200604,0.15,0.155,0.145,0.155,191697
1AD,20200604,0.073,0.077,0.072,0.073,240148
1AG,20200604,0.038,0.038,0.038,0.038,480000
1ST,20200604,0.031,0.033,0.03,0.032,1007215
2BE,20200604,0.095,0.095,0.095,0.095,9318
3DA,20200604,0.15,0.15,0.145,0.145,233497
3DP,20200604,0.044,0.045,0.043,0.045,537000
3PL,20200604,0.745,0.765,0.74,0.765,36344
4DS,20200604,0.055,0.058,0.054,0.058,2137524
5GN,20200604,1.325,1.39,1.225,1.305,1676149
88E,20200604,0.006,0.006,0.005,0.005,6419047
8CO,20200604,0.067,0.067,0.061,0.061,39000
8IH,20200604,0.095,0.1,0.095,0.1,116000
9SP,20200604,0.018,0.021,0.018,0.019,17820858
A1G,20200604,0.1,0.1,0.095,0.096,140998
A1M,20200604,0.305,0.305,0.3,0.3,27840
A2B,20200604,0.88,0.88,0.82,0.88,467701
A2M,20200604,17.69,18.04,17.46,17.87,3323392
A3D,20200604,0.068,0.068,0.067,0.067,50913
A4N,20200604,0.16,0.165,0.16,0.16,203112
AAA,20200604,50.07,50.08,50.07,50.07,1410026
AAC,20200604,1.055,1.075,1.045,1.06,1065487
AAR,20200604,0.125,0.13,0.125,0.13,181074
ABA,20200604,4.63,4.7,4.57,4.7,34200
ABC,20200604,3.32,3.44,3.25,3.36,9905798
ABP,20200604,2.63,2.7,2.62,2.66,2418751
ABR,20200604,0.64,0.66,0.635,0.645,304607
ABT,20200604,0.016,0.016,0.011,0.011,349336
ABV,20200604,0.023,0.023,0.023,0.023,127000
ABX,20200604,0.095,0.11,0.095,0.11,152817
AC8,20200604,0.175,0.175,0.17,0.17,226800
ACB,20200604,0.011,0.011,0.01,0.01,402512
ACF,20200604,0.29,0.295,0.285,0.29,196477
ACQ,20200604,0.94,0.94,0.93,0.935,36414
ACR,20200604,0.165,0.18,0.165,0.165,502493
ACU,20200604,0.085,0.091,0.085,0.091,207058
ACW,20200604,0.024,0.025,0.022,0.022,4925966
AD1,20200604,0.012,0.012,0.012,0.012,4000
AD8,20200604,6.6,7.12,6.6,6.9,490120
ADA,20200604,0.44,0.44,0.425,0.44,34658
ADD,20200604,0.018,0.021,0.016,0.016,919980
ADH,20200604,2.02,2.07,1.885,1.94,1035357
ADI,20200604,2.45,2.58,2.45,2.58,308122
ADN,20200604,0.052,0.056,0.052,0.053,19299676
ADO,20200604,0.023,0.024,0.023,0.023,1002617
ADR,20200604,0.026,0.029,0.026,0.027,880800
ADS,20200604,0.02,0.022,0.02,0.022,549464
ADT,20200604,1.415,1.44,1.36,1.4,326079
ADX,20200604,0.007,0.007,0.007,0.007,2453999
ADY,20200604,0.009,0.009,0.009,0.009,36425
AEF,20200604,7.22,7.28,6.55,6.64,494426
AEG,20200604,1.125,1.14,1.125,1.14,129610
AEI,20200604,0.6,0.6,0.535,0.575,3911526
AER,20200604,0.082,0.082,0.081,0.081,55000
AEV,20200604,0.01,0.013,0.01,0.011,2249442
AFA,20200604,0.09,0.09,0.09,0.09,21501
AFG,20200604,1.67,1.7,1.6,1.66,1856179
AFI,20200604,6.23,6.33,6.22,6.24,483342
AFL,20200604,0.155,0.155,0.155,0.155,10000
AFP,20200604,4.59,4.59,4.4,4.4,5506
AFR,20200604,0.018,0.018,0.018,0.018,115264
AGD,20200604,0.14,0.145,0.135,0.14,35872
AGE,20200604,0.006,0.007,0.005,0.006,11203736
AGG,20200604,7.41,7.41,7,7.29,25255
AGH,20200604,0.37,0.375,0.365,0.37,375297
AGI,20200604,0.47,0.48,0.46,0.48,275202
AGL,20200604,17.55,17.74,17.47,17.59,1969484
AGM,20200604,1.67,1.67,1.67,1.67,59952
AGR,20200604,0.055,0.055,0.052,0.052,57690
AGS,20200604,0.16,0.16,0.15,0.16,25653
AGY,20200604,0.072,0.074,0.069,0.072,4647793
AHF,20200604,0.077,0.077,0.075,0.076,186097
AHL,20200604,0.006,0.006,0.006,0.006,4258726
AHQ,20200604,0.069,0.072,0.069,0.071,804746
AHX,20200604,0.48,0.48,0.455,0.455,31678
AHY,20200604,1.03,1.035,1.015,1.02,455136
AIA,20200604,6.52,6.67,6.52,6.55,858913
AIQ,20200604,0.1,0.1,0.1,0.1,7354
AIR,20200604,0.94,0.95,0.94,0.95,3034
AIZ,20200604,1.395,1.43,1.39,1.42,5737148
AJC,20200604,0.001,0.001,0.001,0.001,11000000
AJL,20200604,0.045,0.045,0.043,0.044,196154
AJM,20200604,0.05,0.052,0.046,0.046,9438935
AJQ,20200604,0.029,0.03,0.029,0.03,412515
AJX,20200604,0.046,0.047,0.043,0.043,308132
AKG,20200604,0.235,0.235,0.235,0.235,21212
AKM,20200604,0.072,0.075,0.07,0.075,711005
AKP,20200604,22.2,22.5,21,21.5,24438
AL3,20200604,0.16,0.165,0.16,0.16,449779
AL8,20200604,0.135,0.195,0.13,0.175,3993140
ALC,20200604,0.165,0.18,0.16,0.18,3302549
ALD,20200604,28.75,28.9,27.925,28.27,1649902
ALF,20200604,0.9,0.91,0.9,0.91,370626
ALG,20200604,0.48,0.49,0.455,0.46,6946639
ALI,20200604,2.26,2.28,2.23,2.23,46537
ALK,20200604,0.92,0.947,0.91,0.93,4201258
ALL,20200604,27.49,27.69,26.855,27.18,2265963
ALQ,20200604,7.28,7.47,7.21,7.34,2455764
ALU,20200604,37,37.34,36.13,36.45,1370405
ALX,20200604,6.95,6.95,6.75,6.77,6777777
ALY,20200604,0.013,0.013,0.013,0.013,44698
AMA,20200604,0.715,0.715,0.635,0.67,9580971
AMC,20200604,15.2,15.31,14.98,15.11,3730302
AME,20200604,0.073,0.073,0.073,0.073,57000
AMG,20200604,0.032,0.033,0.03,0.03,3859902
AMH,20200604,0.935,0.95,0.935,0.95,27423
AMI,20200604,0.445,0.475,0.44,0.465,10957883
AML,20200604,0.088,0.088,0.086,0.088,88548
AMN,20200604,0.4,0.4,0.36,0.36,127301
AMP,20200604,1.79,1.835,1.78,1.79,19484263
AMS,20200604,0.585,0.59,0.545,0.545,978208
AMX,20200604,1.75,1.81,1.73,1.75,120803
ANA,20200604,0.017,0.018,0.015,0.015,2305927
ANG,20200604,0.155,0.155,0.14,0.14,526659
ANL,20200604,0.002,0.002,0.001,0.001,2492525
ANN,20200604,35.4,36.06,35.29,35.77,571631
ANO,20200604,4.95,4.98,4.92,4.92,4512
ANP,20200604,0.068,0.07,0.067,0.067,916859
ANR,20200604,0.18,0.19,0.18,0.19,19800
ANW,20200604,0.001,0.001,0.001,0.001,8100999
ANZ,20200604,19.55,19.79,18.93,19.21,18277509
AO1,20200604,0.009,0.009,0.009,0.009,300000
AOF,20200604,2.23,2.265,2.19,2.24,97449
AON,20200604,0.028,0.028,0.027,0.027,110000
AOP,20200604,0.295,0.295,0.285,0.29,227804
AOU,20200604,0.069,0.069,0.065,0.065,154406
APA,20200604,11.58,11.69,11.48,11.59,1992290
APC,20200604,0.052,0.052,0.051,0.051,387908
APD,20200604,0.535,0.55,0.52,0.53,59765
APE,20200604,7.1,7.35,7,7.3,1776911
APG,20200604,0.001,0.001,0.001,0.001,25000
APH,20200604,0.11,0.11,0.11,0.11,35557
API,20200604,1.2,1.21,1.17,1.2,874195
APL,20200604,0.985,1.005,0.975,0.98,469130
APT,20200604,53.5,53.81,51.92,52.2,3448569
APV,20200604,0.16,0.165,0.15,0.165,284114
APW,20200604,1.295,1.295,1.295,1.295,2250
APX,20200604,31.25,31.46,30.45,30.48,743590
APZ,20200604,1.05,1.085,1.03,1.05,14859
AQC,20200604,0.14,0.14,0.125,0.125,5555
AQD,20200604,0.013,0.013,0.012,0.012,1723566
AQG,20200604,8.63,8.68,8.23,8.23,442898
AQI,20200604,0.07,0.07,0.069,0.069,136599
AQR,20200604,3.4,3.47,3.35,3.47,117212
AQX,20200604,0.023,0.023,0.022,0.022,2839797
AQZ,20200604,2.76,2.925,2.76,2.82,250596
AR9,20200604,0.059,0.059,0.057,0.057,182104
ARB,20200604,18.07,18.22,17.46,18.17,225206
ARD,20200604,0.018,0.018,0.017,0.017,2807826
ARE,20200604,0.007,0.007,0.006,0.007,445000
ARF,20200604,2.56,2.58,2.42,2.49,1139360
ARG,20200604,7.61,7.7,7.59,7.63,291240
ARL,20200604,0.285,0.295,0.28,0.28,89461
ARM,20200604,0.025,0.026,0.024,0.025,2160623
ARN,20200604,0.083,0.083,0.081,0.082,196497
ARQ,20200604,0.097,0.097,0.089,0.09,629068
ARS,20200604,0.047,0.047,0.046,0.046,6800004
ARU,20200604,0.079,0.08,0.077,0.08,549732
ARV,20200604,0.031,0.032,0.031,0.031,1593787
AS1,20200604,0.13,0.13,0.13,0.13,21085
ASB,20200604,3.48,3.49,3.31,3.39,4090566
ASG,20200604,0.98,1.005,0.98,1,6571295
ASH,20200604,0.3,0.3,0.295,0.295,25021
AST,20200604,1.78,1.8,1.76,1.78,9352227
ASX,20200604,89.27,89.92,88.2,88.7,411950
ATC,20200604,0.05,0.052,0.048,0.049,3009343
ATH,20200604,0.017,0.017,0.016,0.016,1942322
ATL,20200604,0.365,0.375,0.36,0.37,894971
ATS,20200604,0.028,0.029,0.027,0.027,6016947
ATU,20200604,0.25,0.25,0.24,0.24,514572
ATX,20200604,0.13,0.145,0.125,0.13,192320
AU1,20200604,0.036,0.036,0.036,0.036,45816
AU8,20200604,0.059,0.06,0.056,0.058,510020
AUB,20200604,13.34,13.85,13.32,13.74,180397
AUC,20200604,0.014,0.015,0.014,0.015,2701428
AUH,20200604,0.003,0.004,0.003,0.003,2000017
AUI,20200604,8.44,8.55,8.43,8.55,16755
AUL,20200604,0.3,0.3,0.27,0.28,158136
AUQ,20200604,0.012,0.012,0.012,0.012,20000
AUR,20200604,0.026,0.035,0.026,0.035,2203969
AUT,20200604,0.054,0.054,0.05,0.05,2105152
AUZ,20200604,0.009,0.009,0.009,0.009,14623900
AV1,20200604,0.093,0.094,0.089,0.089,470159
AVA,20200604,0.17,0.17,0.165,0.17,447981
AVC,20200604,0.25,0.25,0.25,0.25,3500
AVH,20200604,0.5,0.505,0.485,0.49,10104249
AVJ,20200604,0.445,0.445,0.42,0.43,398810
AVL,20200604,0.011,0.011,0.01,0.01,6769184
AVN,20200604,1.95,2.16,1.94,2.15,1658341
AVR,20200604,6.4,6.4,5.92,5.97,5313
AVW,20200604,0.003,0.003,0.003,0.003,9848007
AVZ,20200604,0.059,0.061,0.058,0.06,6068246
AWC,20200604,1.72,1.735,1.67,1.68,36862618
AWN,20200604,0.07,0.07,0.07,0.07,5000
AWV,20200604,0.022,0.022,0.02,0.02,1561776
AX1,20200604,1.425,1.44,1.33,1.36,4260441
AX8,20200604,0.034,0.034,0.034,0.034,21193
AXE,20200604,0.6,0.625,0.585,0.59,1628293
AYI,20200604,0.001,0.001,0.001,0.001,90000
AYR,20200604,0.014,0.014,0.014,0.014,231391
AYS,20200604,0.44,0.675,0.44,0.53,5439460
AZI,20200604,0.005,0.005,0.005,0.005,16522119
AZJ,20200604,4.93,4.96,4.77,4.82,11855907
AZS,20200604,0.094,0.094,0.085,0.087,623131
AZV,20200604,0.07,0.07,0.069,0.07,776939
AZY,20200604,0.025,0.026,0.025,0.025,6856659
BAF,20200604,0.725,0.73,0.725,0.73,93638
BAP,20200604,6.15,6.24,6.02,6.18,2283392
BAR,20200604,0.017,0.017,0.016,0.016,446080
BAT,20200604,0.006,0.007,0.006,0.007,930000
BBC,20200604,0.51,0.51,0.51,0.51,4000
BBL,20200604,0.39,0.39,0.38,0.38,4744
BBN,20200604,3.24,3.29,3.03,3.17,611397
BBX,20200604,0.1,0.1,0.1,0.1,14147
BC8,20200604,0.66,0.7,0.635,0.7,177967
BCB,20200604,0.047,0.047,0.045,0.045,516375
BCC,20200604,0.185,0.19,0.185,0.19,32384
BCI,20200604,0.16,0.175,0.16,0.17,347894
BCK,20200604,0.028,0.028,0.028,0.028,100000
BCN,20200604,0.037,0.038,0.036,0.036,1647518
BCT,20200604,0.064,0.069,0.064,0.064,682461
BD1,20200604,0.029,0.029,0.028,0.028,1718991
BDA,20200604,0.28,0.305,0.28,0.29,671409
BDC,20200604,0.09,0.09,0.087,0.089,2751175
BEE,20200604,0.017,0.018,0.017,0.018,1283804
BEL,20200604,0.032,0.032,0.032,0.032,123555
BEM,20200604,0.037,0.04,0.037,0.04,244433
BEN,20200604,6.97,7.18,6.9,6.99,7335410
BET,20200604,0.36,0.375,0.355,0.37,3458847
BFC,20200604,0.05,0.052,0.048,0.048,1496207
BFG,20200604,1.195,1.2,1.13,1.16,302233
BGA,20200604,5.1,5.17,5.06,5.07,1056067
BGL,20200604,0.835,0.835,0.775,0.8,4284672
BGT,20200604,0.16,0.16,0.15,0.155,855710
BHP,20200604,36.58,36.72,36.03,36.31,6000320
BID,20200604,0.72,0.72,0.67,0.67,232863
BIN,20200604,2.63,2.67,2.57,2.62,2511971
BIT,20200604,0.09,0.096,0.089,0.089,4116823
BKI,20200604,1.49,1.505,1.46,1.465,529607
BKL,20200604,84.3,86,83.91,84.41,145931
BKW,20200604,16.22,16.4,15.68,15.9,516869
BKY,20200604,0.27,0.3,0.267,0.295,262613
BLD,20200604,3.65,3.71,3.42,3.49,19906151
BLG,20200604,0.027,0.03,0.027,0.03,5224799
BLK,20200604,0.018,0.018,0.016,0.016,42572447
BLU,20200604,0.033,0.039,0.032,0.035,13267332
BLV,20200604,0.067,0.067,0.06,0.06,204895
BLX,20200604,1.01,1.08,1.01,1.065,451099
BLY,20200604,0.61,0.615,0.61,0.61,20652
BLZ,20200604,0.018,0.02,0.018,0.018,532357
BMN,20200604,0.035,0.036,0.035,0.035,953216
BNL,20200604,0.01,0.011,0.01,0.01,9176553
BNO,20200604,0.067,0.067,0.062,0.065,1841585
BNR,20200604,0.075,0.08,0.075,0.08,623714
BOC,20200604,0.27,0.27,0.25,0.25,116769
BOE,20200604,0.061,0.062,0.057,0.061,2739058
BOL,20200604,0.1,0.1,0.1,0.1,114148
BOQ,20200604,5.69,5.8,5.61,5.7,5327609
BOT,20200604,0.047,0.05,0.047,0.049,3178691
BPL,20200604,0.026,0.028,0.025,0.027,1326272
BPP,20200604,0.015,0.015,0.014,0.015,2270746
BPT,20200604,1.755,1.77,1.67,1.675,18210398
BRB,20200604,0.255,0.265,0.245,0.265,69180
BRG,20200604,22,22,21.46,21.76,462802
BRI,20200604,1.48,1.5,1.48,1.5,2866
BRK,20200604,0.006,0.007,0.006,0.007,20973907
BRL,20200604,0.055,0.056,0.054,0.055,431662
BRN,20200604,0.077,0.08,0.077,0.079,9014510
BRU,20200604,0.11,0.115,0.105,0.105,381958
BRV,20200604,0.033,0.033,0.032,0.032,1110037
BSA,20200604,0.245,0.25,0.24,0.25,118337
BSE,20200604,0.175,0.18,0.175,0.18,100426
BSL,20200604,12.25,12.56,12.17,12.21,4234713
BSM,20200604,0.003,0.003,0.003,0.003,1124972
BSX,20200604,0.17,0.17,0.155,0.16,1105376
BTC,20200604,0.1,0.1,0.1,0.1,12627
BTH,20200604,0.845,0.9,0.83,0.875,3444330
BTI,20200604,0.815,0.82,0.815,0.815,50380
BUB,20200604,1.09,1.12,1.07,1.085,5724836
BUD,20200604,0.011,0.012,0.011,0.012,2568293
BUX,20200604,0.08,0.08,0.08,0.08,15000
BUY,20200604,0.013,0.013,0.013,0.013,1692072
BVS,20200604,4.88,4.95,4.73,4.77,1318225
BWF,20200604,0.3,0.34,0.3,0.34,366477
BWP,20200604,3.73,3.83,3.7,3.82,2478458
BWR,20200604,1.3,1.325,1.3,1.325,7649
BWX,20200604,3.92,3.93,3.84,3.9,307098
BXB,20200604,11.37,11.49,11.27,11.42,7222918
BYE,20200604,0.14,0.16,0.14,0.145,3860448
BYH,20200604,0.064,0.07,0.056,0.064,3279331
BYI,20200604,0.67,0.67,0.66,0.66,9983
C6C,20200604,0.5,0.515,0.5,0.515,2991
CAA,20200604,0.098,0.1,0.098,0.1,63200
CAD,20200604,0.001,0.001,0.001,0.001,9081503
CAF,20200604,0.1,0.105,0.1,0.105,176350
CAG,20200604,0.42,0.43,0.4,0.4,96209
CAI,20200604,0.46,0.47,0.45,0.46,1360068
CAJ,20200604,0.217,0.22,0.215,0.215,521561
CAM,20200604,0.795,0.81,0.795,0.8,73652
CAN,20200604,1.135,1.14,1.06,1.08,653560
CAP,20200604,0.024,0.024,0.024,0.024,191236
CAR,20200604,17,17.07,16.58,16.82,980172
CAT,20200604,1.45,1.505,1.32,1.355,870273
CAU,20200604,0.1,0.1,0.099,0.099,346938
CAY,20200604,0.14,0.14,0.135,0.135,612779
CAZ,20200604,0.03,0.03,0.03,0.03,890905
CBA,20200604,67.9,68.65,66.91,67.66,6606740
CBE,20200604,0.16,0.16,0.15,0.15,15000
CBR,20200604,2.15,2.19,2.03,2.05,359333
CCA,20200604,0.14,0.155,0.115,0.12,7741829
CCE,20200604,0.001,0.001,0.001,0.001,3341768
CCG,20200604,0.068,0.068,0.067,0.067,74912
CCL,20200604,9.05,9.14,8.86,8.98,5085633
CCP,20200604,18.6,19.14,17.7,18.34,1281196
CCV,20200604,0.2,0.21,0.2,0.2,207049
CCX,20200604,2.83,2.97,2.75,2.92,680825
CCZ,20200604,0.028,0.029,0.026,0.026,8463155
CD2,20200604,1.245,1.25,1.245,1.25,4000
CD3,20200604,1.15,1.2,1.15,1.2,9925
CDA,20200604,7.3,7.45,7.21,7.32,365577
CDD,20200604,0.275,0.305,0.275,0.275,364651
CDM,20200604,0.63,0.635,0.63,0.63,463588
CDP,20200604,3.59,3.63,3.59,3.61,55004
CDT,20200604,0.009,0.009,0.008,0.008,2824069
CDV,20200604,0.41,0.415,0.405,0.415,1295919
CDX,20200604,0.025,0.025,0.025,0.025,138275
CE1,20200604,0.005,0.005,0.005,0.005,175474
CEL,20200604,0.24,0.26,0.24,0.24,1234031
CEN,20200604,5.91,5.91,5.86,5.89,3976
CFE,20200604,0.003,0.003,0.002,0.002,8721019
CG1,20200604,0.235,0.235,0.23,0.23,69038
CGA,20200604,0.3,0.3,0.3,0.3,35000
CGC,20200604,3.2,3.235,3.14,3.18,1843630
CGF,20200604,5.12,5.18,5,5.13,4966393
CGL,20200604,3.12,3.19,3.01,3.19,1810235
CGO,20200604,0.12,0.12,0.105,0.105,156698
CGR,20200604,0.3,0.31,0.3,0.3,964873
CHC,20200604,9.85,10.02,9.56,9.64,2941411
CHK,20200604,0.01,0.01,0.009,0.009,5571091
CHN,20200604,0.95,1.045,0.95,1.035,4347970
CHZ,20200604,0.085,0.089,0.084,0.085,777838
CI1,20200604,0.028,0.029,0.028,0.029,2290115
CIA,20200604,2.96,2.96,2.8,2.87,920452
CIE,20200604,0.63,0.63,0.61,0.63,224564
CIM,20200604,27.95,27.95,26.37,26.79,913715
CIN,20200604,24.51,25.42,24.5,24.5,2813
CIO,20200604,0.022,0.022,0.021,0.021,206185
CIP,20200604,2.9,3.08,2.89,3.07,1780564
CIW,20200604,0.505,0.56,0.505,0.53,98259
CKA,20200604,0.047,0.047,0.047,0.047,15026
CKF,20200604,8.28,8.32,7.99,8.1,597201
CL1,20200604,1.42,1.42,1.4,1.4,81422
CL8,20200604,0.01,0.01,0.01,0.01,200000
CLA,20200604,0.015,0.017,0.01,0.01,27414898
CLB,20200604,0.094,0.094,0.093,0.093,20750
CLF,20200604,1.1,1.1,1.1,1.1,7000
CLQ,20200604,0.195,0.195,0.19,0.195,275709
CLT,20200604,0.04,0.04,0.04,0.04,15250
CLV,20200604,2.3,2.36,2.255,2.28,236675
CLW,20200604,4.28,4.325,4.2,4.28,2433874
CLX,20200604,0.457,0.46,0.45,0.45,24945
CLZ,20200604,0.002,0.002,0.001,0.002,45097727
CM8,20200604,0.028,0.028,0.027,0.027,922289
CML,20200604,0.016,0.018,0.016,0.018,1453567
CMM,20200604,1.6,1.73,1.575,1.7,945248
CMP,20200604,0.51,0.525,0.48,0.48,289545
CMW,20200604,0.85,0.88,0.84,0.87,11018117
CNI,20200604,1.815,1.825,1.765,1.79,596547
CNJ,20200604,0.007,0.007,0.006,0.006,1179715
CNU,20200604,7.25,7.47,7.23,7.41,866913
CNW,20200604,0.02,0.022,0.02,0.022,1552194
COB,20200604,0.125,0.125,0.12,0.12,79500
COE,20200604,0.43,0.445,0.425,0.435,6802548
COF,20200604,2.01,2.15,1.99,2.14,2215091
COG,20200604,0.044,0.044,0.039,0.04,1225000
COH,20200604,195.98,198.7,194.56,197,329447
COI,20200604,0.11,0.11,0.1,0.11,277709
COL,20200604,15.79,16.09,15.73,15.94,8546709
COS,20200604,0.505,0.505,0.465,0.465,145478
CP1,20200604,0.09,0.095,0.09,0.094,27508
CPH,20200604,0.057,0.058,0.056,0.056,1543888
CPT,20200604,0.02,0.02,0.02,0.02,31617
CPU,20200604,13.4,13.59,13.265,13.41,2447758
CPV,20200604,0.14,0.145,0.135,0.145,297300
CQE,20200604,2.51,2.58,2.45,2.52,1330946
CQR,20200604,3.3,3.4,3.27,3.38,5304243
CR1,20200604,0.275,0.28,0.255,0.28,429064
CRL,20200604,0.022,0.03,0.018,0.02,21129408
CRN,20200604,1.165,1.17,1.1,1.12,2298991
CRO,20200604,0.004,0.006,0.004,0.006,22999869
CRS,20200604,0.145,0.145,0.145,0.145,5000
CSL,20200604,289.22,294.61,286.14,294.23,1699799
CSR,20200604,4.48,4.49,4.22,4.28,4995404
CSS,20200604,0.695,0.695,0.67,0.675,23519
CST,20200604,0.13,0.135,0.12,0.125,607320
CT1,20200604,0.032,0.033,0.032,0.032,1541237
CTD,20200604,12.33,13.54,12.3,13.35,810399
CTE,20200604,0.19,0.19,0.185,0.185,69500
CTM,20200604,0.27,0.27,0.245,0.25,557573
CTO,20200604,0.004,0.005,0.004,0.004,6875976
CTP,20200604,0.097,0.105,0.093,0.093,1736005
CUE,20200604,0.11,0.11,0.105,0.11,185787
CUL,20200604,0.013,0.013,0.012,0.012,569526
CUP,20200604,1.01,1.07,1.01,1.06,54905
CUV,20200604,22.5,23.8,22.5,23.75,185484
CV1,20200604,0.085,0.085,0.081,0.085,178700
CVC,20200604,1.37,1.42,1.37,1.4,14501
CVF,20200604,0.855,0.855,0.845,0.845,71504
CVL,20200604,0.4,0.4,0.35,0.35,10000
CVN,20200604,0.23,0.235,0.225,0.23,2341799
CVW,20200604,0.26,0.265,0.26,0.265,157503
CWN,20200604,10.2,10.37,10.065,10.29,2072003
CWP,20200604,5.75,5.95,5.59,5.79,335538
CWX,20200604,0.175,0.185,0.17,0.17,468280
CWY,20200604,2.17,2.17,2.11,2.16,7216141
CWZ,20200604,0.125,0.125,0.125,0.125,2500
CXL,20200604,0.72,0.72,0.72,0.72,9919
CXO,20200604,0.044,0.044,0.042,0.042,8113664
CXZ,20200604,0.017,0.017,0.017,0.017,180000
CY5,20200604,0.057,0.057,0.053,0.053,85000
CYC,20200604,1.495,1.51,1.495,1.51,5338
CYG,20200604,0.705,0.705,0.67,0.67,17453
CYL,20200604,2.84,2.84,2.6,2.76,122276
CYP,20200604,0.66,0.675,0.655,0.655,229055
CYQ,20200604,0.001,0.001,0.001,0.001,12571429
CZI,20200604,0.13,0.13,0.125,0.125,116866
CZL,20200604,0.004,0.004,0.004,0.004,1305555
CZN,20200604,0.003,0.003,0.002,0.002,5245820
CZR,20200604,0.01,0.011,0.01,0.01,1452299
D2O,20200604,1.37,1.37,1.35,1.355,81893
DAF,20200604,0.025,0.026,0.025,0.025,1200000
DAU,20200604,0.026,0.026,0.026,0.026,5531
DBF,20200604,1.055,1.055,1.05,1.055,30000
DCC,20200604,0.027,0.029,0.027,0.029,1712646
DCG,20200604,0.089,0.095,0.082,0.085,4955499
DCN,20200604,0.475,0.48,0.46,0.475,9559092
DCX,20200604,0.006,0.006,0.006,0.006,222654
DDD,20200604,0.004,0.004,0.003,0.003,6376585
DDR,20200604,8.3,8.43,7.95,8.14,343056
DDT,20200604,0.004,0.004,0.004,0.004,372638
DEG,20200604,0.4,0.41,0.39,0.4,8089827
DEM,20200604,0.16,0.165,0.16,0.16,322469
DEV,20200604,0.12,0.12,0.115,0.12,520485
DGO,20200604,2.3,2.3,1.98,1.98,87432
DGR,20200604,0.057,0.058,0.057,0.058,89674
DHG,20200604,3.2,3.34,3.12,3.3,2634808
DHR,20200604,0.002,0.002,0.002,0.002,1551000
DJW,20200604,2.72,2.83,2.71,2.76,269433
DKM,20200604,0.2,0.21,0.195,0.195,343275
DLC,20200604,0.005,0.005,0.005,0.005,319450
DMP,20200604,65.41,66.67,64.49,66.1,611806
DNA,20200604,0.055,0.056,0.052,0.052,542913
DNK,20200604,0.39,0.415,0.385,0.385,233406
DOW,20200604,4.94,4.95,4.735,4.77,3039310
DRE,20200604,0.007,0.007,0.006,0.007,7895209
DRO,20200604,0.14,0.145,0.135,0.14,1069318
DRX,20200604,0.01,0.01,0.009,0.01,2714808
DSE,20200604,0.061,0.063,0.06,0.063,598743
DTC,20200604,1.125,1.125,1.04,1.065,251214
DTL,20200604,5.89,5.89,5.37,5.5,753566
DTM,20200604,0.07,0.07,0.069,0.069,246666
DTR,20200604,0.002,0.002,0.001,0.001,270000
DTS,20200604,0.135,0.14,0.135,0.135,663744
DTZ,20200604,0.085,0.085,0.085,0.085,437243
DUB,20200604,1.25,1.265,1.135,1.21,957401
DUI,20200604,4.31,4.37,4.3,4.37,65354
DVL,20200604,0.016,0.016,0.016,0.016,195387
DVN,20200604,0.093,0.093,0.093,0.093,100000
DW8,20200604,0.006,0.007,0.006,0.007,7529308
DWS,20200604,0.79,0.8,0.76,0.8,100035
DXB,20200604,0.5,0.595,0.41,0.45,9140144
DXN,20200604,0.024,0.025,0.021,0.022,50077784
DXS,20200604,9.54,9.58,9.36,9.57,7030932
DYL,20200604,0.245,0.245,0.24,0.24,203792
E25,20200604,0.385,0.405,0.385,0.4,278904
E2M,20200604,0.145,0.15,0.135,0.15,230194
EAF,20200604,1.21,1.215,1.21,1.21,64424
EAI,20200604,0.955,0.97,0.955,0.96,544278
EAX,20200604,0.135,0.135,0.13,0.13,457574
EBG,20200604,0.8,0.81,0.8,0.81,9469
EBO,20200604,20.65,20.75,20.42,20.74,3820
ECF,20200604,1.01,1.02,0.98,0.985,222382
ECP,20200604,1.125,1.145,1.11,1.135,152973
ECS,20200604,0.027,0.028,0.026,0.026,326400
ECT,20200604,0.001,0.001,0.001,0.001,350000
ECX,20200604,1.385,1.405,1.27,1.32,3944687
ED1,20200604,0.575,0.58,0.56,0.57,111625
EDC,20200604,0.99,1,0.98,1,40885
EDE,20200604,0.036,0.036,0.035,0.036,697346
EEG,20200604,0.29,0.29,0.27,0.275,71531
EEU,20200604,15.56,15.56,15.56,15.56,2844
EFE,20200604,0.004,0.004,0.004,0.004,600000
EFF,20200604,1.4,1.4,1.4,1.4,22830
EGD,20200604,2.57,2.57,2.56,2.56,18605
EGF,20200604,1.6,1.6,1.6,1.6,67217
EGH,20200604,0.32,0.32,0.315,0.32,3711334
EGI,20200604,1.07,1.075,1.07,1.075,19620
EGN,20200604,0.45,0.47,0.45,0.46,10085
EGR,20200604,0.085,0.086,0.07,0.076,4302731
EHE,20200604,1.63,1.655,1.57,1.64,2584188
EHL,20200604,1.04,1.065,1.005,1.03,8256483
EHX,20200604,0.12,0.12,0.11,0.11,162470
ELD,20200604,9.8,9.82,9.64,9.71,830205
ELO,20200604,6.95,7.04,6.55,6.57,295957
ELS,20200604,0.31,0.31,0.29,0.305,99419
ELX,20200604,0.49,0.505,0.49,0.495,38099
EM1,20200604,0.016,0.017,0.015,0.016,3259156
EM2,20200604,0.155,0.155,0.155,0.155,25000
EMB,20200604,10.05,10.05,10,10,1750
EMD,20200604,0.059,0.06,0.059,0.06,71511
EME,20200604,0.125,0.125,0.115,0.115,41000
EMH,20200604,0.25,0.25,0.25,0.25,169612
EML,20200604,4.09,4.14,3.93,3.96,7023239
EMN,20200604,0.091,0.091,0.09,0.09,300000
EMP,20200604,0.03,0.03,0.028,0.028,145558
EMR,20200604,0.49,0.49,0.485,0.485,431098
EMU,20200604,0.015,0.015,0.015,0.015,75000
EMV,20200604,1.325,1.35,1.28,1.29,84722
EN1,20200604,0.009,0.009,0.009,0.009,5324387
ENA,20200604,0.017,0.017,0.017,0.017,89110
ENE,20200604,0.039,0.043,0.038,0.043,505514
ENN,20200604,1.3,1.3,1.245,1.27,168547
ENR,20200604,0.14,0.145,0.14,0.145,114894
ENT,20200604,0.012,0.013,0.012,0.012,597137
ENV,20200604,0.004,0.004,0.004,0.004,115000
ENX,20200604,0.017,0.017,0.017,0.017,30000
EOF,20200604,3,3,2.4,2.88,869624
EOL,20200604,3.5,3.7,3.5,3.7,64072
EOS,20200604,6.33,6.54,6.13,6.39,1794726
EPD,20200604,0.37,0.37,0.365,0.365,122650
EPM,20200604,0.009,0.009,0.008,0.009,3271465
EQE,20200604,0.015,0.015,0.014,0.014,3586922
EQT,20200604,26.67,27.03,25.96,26.5,10532
EQX,20200604,0.26,0.27,0.26,0.27,83294
ERA,20200604,0.165,0.165,0.16,0.16,198942
ERF,20200604,0.775,0.84,0.775,0.81,290900
ERL,20200604,0.013,0.013,0.012,0.013,1690388
ERM,20200604,0.115,0.115,0.11,0.11,429209
ERX,20200604,0.081,0.087,0.081,0.083,13343103
ESE,20200604,0.017,0.019,0.017,0.019,107594
ESH,20200604,0.005,0.005,0.005,0.005,3964900
ESK,20200604,0.14,0.14,0.14,0.14,1155
ESR,20200604,0.01,0.01,0.009,0.009,1526318
EUC,20200604,0.034,0.037,0.033,0.036,15880501
EUR,20200604,0.058,0.06,0.056,0.06,998076
EVE,20200604,0.007,0.007,0.006,0.007,4865722
EVN,20200604,5.9,5.91,5.63,5.7,22481703
EVO,20200604,0.105,0.13,0.105,0.12,2397961
EVS,20200604,0.17,0.175,0.15,0.155,2915761
EVT,20200604,9.33,9.55,9.31,9.35,215413
EVZ,20200604,0.086,0.086,0.086,0.086,6000
EWC,20200604,0.063,0.063,0.063,0.063,301312
EX1,20200604,0.235,0.245,0.235,0.235,263000
EXL,20200604,0.235,0.24,0.215,0.23,3572899
EXP,20200604,0.135,0.14,0.135,0.14,557273
EXR,20200604,0.029,0.033,0.029,0.032,4451411
EZL,20200604,0.945,0.95,0.905,0.915,88773
FAM,20200604,0.024,0.024,0.024,0.024,190141
FAR,20200604,0.017,0.018,0.016,0.017,28037998
FBR,20200604,0.042,0.105,0.042,0.062,118940988
FBU,20200604,3.68,3.715,3.53,3.61,2258239
FCL,20200604,3.57,3.63,3.475,3.5,245596
FCT,20200604,0.063,0.068,0.063,0.066,1299402
FDV,20200604,0.925,0.94,0.925,0.93,52133
FEL,20200604,0.015,0.016,0.015,0.015,655000
FEX,20200604,0.087,0.09,0.085,0.087,957061
FFG,20200604,0.007,0.007,0.007,0.007,84185
FFL,20200604,0.285,0.285,0.275,0.275,8936
FFR,20200604,0.041,0.044,0.04,0.041,114833
FGG,20200604,1.2,1.22,1.2,1.2,366567
FGO,20200604,0.001,0.001,0.001,0.001,450000
FGR,20200604,0.145,0.15,0.14,0.145,771765
FGX,20200604,0.995,1.017,0.992,1,834842
FHS,20200604,0.049,0.05,0.043,0.044,4329058
FID,20200604,5.33,5.36,5.3,5.3,2403
FIJ,20200604,0.093,0.093,0.091,0.091,29197
FIN,20200604,0.012,0.012,0.012,0.012,17000
FLC,20200604,0.28,0.29,0.275,0.275,814974
FLN,20200604,0.51,0.52,0.505,0.52,107349
FLT,20200604,14.02,14.98,13.86,14.93,8192603
FMG,20200604,14.7,14.86,14.48,14.6,9787481
FML,20200604,0.25,0.25,0.25,0.25,4228
FMS,20200604,0.023,0.024,0.023,0.023,1017840
FNP,20200604,3.66,3.815,3.59,3.77,3095345
FOD,20200604,0.054,0.055,0.054,0.054,391661
FOR,20200604,0.96,0.96,0.94,0.94,22795
FPC,20200604,0.925,0.945,0.925,0.94,5666
FPH,20200604,27.27,27.52,26.52,26.93,1854888
FPL,20200604,0.004,0.004,0.004,0.004,63000
FPP,20200604,0.78,0.78,0.78,0.78,59945
FRI,20200604,0.78,0.78,0.75,0.77,45204
FRM,20200604,0.275,0.29,0.275,0.29,7606
FRN,20200604,0.03,0.03,0.028,0.029,4335185
FSA,20200604,0.905,0.915,0.9,0.915,49170
FSF,20200604,3.37,3.37,3.37,3.37,6600
FTC,20200604,0.087,0.087,0.087,0.087,10243
FTT,20200604,0.003,0.003,0.003,0.003,7079248
FWD,20200604,1.65,1.7,1.647,1.7,239616
FXL,20200604,1.515,1.525,1.345,1.375,12106498
FYI,20200604,0.055,0.059,0.055,0.059,10667
FZO,20200604,0.155,0.165,0.155,0.16,394545
FZR,20200604,0.16,0.16,0.16,0.16,20000
G1A,20200604,0.245,0.25,0.23,0.23,1089112
G88,20200604,0.041,0.041,0.04,0.04,466739
GAL,20200604,0.22,0.225,0.22,0.22,705193
GAP,20200604,0.165,0.17,0.16,0.17,202886
GBR,20200604,0.027,0.027,0.026,0.026,414500
GBZ,20200604,0.07,0.085,0.069,0.085,81000
GCI,20200604,1.92,1.93,1.88,1.93,251668
GDF,20200604,1.02,1.03,1.012,1.03,197206
GDG,20200604,0.675,0.675,0.62,0.62,18926
GDI,20200604,1.105,1.155,1.105,1.15,1298714
GDX,20200604,48.35,48.4,46.5,47.52,77484
GED,20200604,0.009,0.011,0.009,0.01,30461995
GEM,20200604,1.03,1.05,1.01,1.04,14016677
GES,20200604,0.017,0.029,0.017,0.029,125100
GEV,20200604,0.061,0.062,0.06,0.062,89601
GGE,20200604,0.004,0.004,0.004,0.004,125000
GGG,20200604,0.135,0.14,0.13,0.135,1051005
GIB,20200604,0.045,0.046,0.045,0.045,66725
GID,20200604,0.002,0.003,0.002,0.002,2871769
GLA,20200604,0.001,0.001,0.001,0.001,1805439
GLH,20200604,0.175,0.175,0.175,0.175,41696
GLL,20200604,0.45,0.49,0.45,0.475,231709
GLN,20200604,0.19,0.2,0.165,0.17,490002
GMA,20200604,2.23,2.35,2.23,2.35,834715
GMD,20200604,0.042,0.044,0.041,0.044,2763292
GME,20200604,0.036,0.036,0.036,0.036,120742
GMG,20200604,15.46,15.55,15.115,15.23,6512596
GML,20200604,0.014,0.014,0.014,0.014,32500
GMN,20200604,0.049,0.052,0.048,0.052,243971
GMR,20200604,0.009,0.009,0.008,0.008,3646267
GMV,20200604,0.067,0.067,0.062,0.062,5894467
GNC,20200604,4.3,4.4,4.26,4.33,2524542
GNE,20200604,2.75,2.86,2.75,2.75,40168
GNG,20200604,0.7,0.72,0.685,0.72,1822
GNM,20200604,0.013,0.013,0.012,0.012,7186447
GNX,20200604,0.215,0.22,0.21,0.21,457550
GO2,20200604,0.04,0.04,0.04,0.04,45472
GOR,20200604,1.67,1.675,1.59,1.605,12375382
GOZ,20200604,3.27,3.32,3.2,3.26,1655392
GPR,20200604,0.43,0.46,0.42,0.45,863457
GPT,20200604,4.14,4.215,4.095,4.16,14410386
GRB,20200604,0.06,0.06,0.059,0.059,573879
GRL,20200604,0.18,0.2,0.18,0.2,163487
GRR,20200604,0.265,0.27,0.26,0.26,2070998
GRV,20200604,0.03,0.031,0.03,0.031,81445
GSM,20200604,0.205,0.22,0.2,0.215,374842
GSN,20200604,0.09,0.09,0.085,0.085,280000
GSS,20200604,2.45,2.5,2.25,2.26,240568
GSW,20200604,0.705,0.71,0.695,0.7,159625
GTG,20200604,0.006,0.006,0.005,0.005,21831467
GTK,20200604,1.84,1.935,1.685,1.725,216224
GTN,20200604,0.51,0.52,0.51,0.52,24254
GTR,20200604,0.039,0.041,0.039,0.039,9996063
GUD,20200604,10.76,11.36,10.6,11.27,331072
GVF,20200604,0.95,0.96,0.95,0.96,123065
GWA,20200604,3.36,3.41,3.24,3.25,1276149
GXY,20200604,0.87,0.89,0.825,0.835,3829647
HAS,20200604,0.13,0.14,0.127,0.135,5210608
HAV,20200604,0.093,0.093,0.091,0.091,81448
HAW,20200604,0.14,0.14,0.13,0.13,564725
HCD,20200604,0.033,0.034,0.032,0.032,258173
HCH,20200604,0.016,0.016,0.016,0.016,4094167
HCT,20200604,0.15,0.15,0.145,0.145,2266451
HE8,20200604,0.083,0.084,0.082,0.083,234239
HFR,20200604,0.56,0.58,0.515,0.535,62876
HGO,20200604,0.038,0.038,0.036,0.036,260000
HIL,20200604,0.18,0.185,0.18,0.18,962820
HIT,20200604,1.4,1.42,1.39,1.39,7694
HLA,20200604,1.03,1.03,1.015,1.02,59298
HLO,20200604,3.08,3.08,2.94,2.96,735992
HLS,20200604,2.57,2.57,2.5,2.55,1621473
HM1,20200604,3.04,3.09,3.01,3.03,402651
HMC,20200604,2.92,3.03,2.81,2.9,316895
HMX,20200604,0.032,0.033,0.03,0.033,2551791
HNR,20200604,0.007,0.008,0.007,0.007,4176073
HOT,20200604,0.13,0.13,0.13,0.13,100000
HPI,20200604,2.66,2.785,2.66,2.78,377210
HPR,20200604,0.07,0.07,0.07,0.07,1442
HRL,20200604,0.081,0.083,0.081,0.083,112050
HRR,20200604,0.048,0.049,0.047,0.047,374003
HRZ,20200604,0.11,0.12,0.11,0.12,417056
HSC,20200604,0.004,0.005,0.004,0.005,3558873
HSN,20200604,3.13,3.15,3.07,3.14,650885
HT1,20200604,1.16,1.36,1.145,1.35,627443
HT8,20200604,0.028,0.028,0.028,0.028,100000
HTA,20200604,0.15,0.15,0.15,0.15,9390
HTG,20200604,0.17,0.2,0.165,0.19,1401794
HUB,20200604,11.01,11.43,11.01,11.16,491617
HUO,20200604,3.53,3.53,3.53,3.53,450
HVM,20200604,0.2,0.21,0.2,0.21,24632
HVN,20200604,3.53,3.78,3.51,3.69,12722088
HWH,20200604,0.031,0.031,0.029,0.031,1402054
HWK,20200604,0.008,0.008,0.008,0.008,50000
HXG,20200604,0.064,0.066,0.064,0.066,84000
HYD,20200604,0.105,0.13,0.105,0.115,441391
HZN,20200604,0.074,0.075,0.072,0.072,1038988
HZR,20200604,0.55,0.565,0.52,0.53,520341
IAA,20200604,90.71,92.61,90.71,91.64,16505
IAF,20200604,115.79,115.82,115.62,115.65,93697
IAG,20200604,6.29,6.34,6.18,6.2,7796738
IAM,20200604,0.001,0.001,0.001,0.001,1288000
IAP,20200604,1.18,1.2,1.16,1.2,2033880
IBG,20200604,0.009,0.009,0.009,0.009,123750
IBX,20200604,0.031,0.032,0.03,0.03,10044945
ICE,20200604,0.14,0.14,0.135,0.135,130000
ICG,20200604,0.001,0.001,0.001,0.001,500000
ICI,20200604,0.023,0.023,0.022,0.022,1164111
ICN,20200604,0.01,0.01,0.01,0.01,6418
ICQ,20200604,0.32,0.32,0.31,0.31,344225
ICR,20200604,0.4,0.415,0.385,0.395,1065047
ICS,20200604,1.935,2,1.91,1.95,28068
ICT,20200604,0.039,0.039,0.038,0.038,166000
ID8,20200604,0.14,0.16,0.125,0.16,418438
IDA,20200604,0.029,0.029,0.029,0.029,438981
IDT,20200604,0.185,0.185,0.17,0.17,871449
IDX,20200604,3.63,3.74,3.61,3.69,365159
IEL,20200604,17.46,17.75,17.19,17.43,1419412
IEM,20200604,57.52,58.58,57.52,57.86,17748
IEU,20200604,60.78,60.78,60.07,60.07,12724
IFL,20200604,5,5.125,4.93,5.05,1896094
IFM,20200604,1.69,1.715,1.65,1.66,785532
IFN,20200604,0.8,0.825,0.8,0.81,7013809
IFT,20200604,4.93,5.05,4.8,4.99,11705
IGB,20200604,114.26,114.32,114.15,114.15,1415
IGL,20200604,1.29,1.29,1.18,1.24,1431698
IGO,20200604,5.32,5.35,5.16,5.24,3894779
IHD,20200604,12.39,12.49,12.28,12.36,98464
IHL,20200604,0.053,0.054,0.051,0.051,3278848
IHR,20200604,0.067,0.07,0.066,0.07,354403
IJH,20200604,267.54,267.8,266.77,267.38,1473
IJP,20200604,82.19,82.19,81,81.05,96916
IJR,20200604,101.8,101.8,101.01,101.03,9196
IKO,20200604,86.75,86.75,84.5,84.5,1513
ILB,20200604,126.21,126.5,126.09,126.35,26541
ILC,20200604,23.2,23.47,22.94,23.47,51909
ILU,20200604,9,9.35,8.99,9.08,6410951
IMA,20200604,0.145,0.155,0.14,0.15,1860929
IMC,20200604,0.081,0.081,0.08,0.08,265474
IMD,20200604,1.17,1.175,1.14,1.155,956766
IME,20200604,0.035,0.035,0.032,0.032,1542816
IMM,20200604,0.17,0.172,0.16,0.165,2556533
IMR,20200604,1.33,1.545,1.33,1.385,95611
IMS,20200604,0.004,0.005,0.004,0.004,1185677
IMU,20200604,0.036,0.037,0.035,0.036,19267874
INA,20200604,4.48,4.53,4.38,4.46,2274079
INF,20200604,0.059,0.06,0.057,0.057,386429
ING,20200604,3.31,3.37,3.28,3.36,1837169
INR,20200604,0.13,0.13,0.115,0.12,3636401
INV,20200604,0.09,0.09,0.09,0.09,105001
IOD,20200604,0.175,0.175,0.17,0.17,135917
IOO,20200604,76.31,76.57,76.19,76.39,22680
IOZ,20200604,24.64,24.72,24.34,24.51,293792
IP1,20200604,0.008,0.024,0.008,0.024,40195030
IPB,20200604,0.016,0.016,0.016,0.016,143800
IPD,20200604,0.08,0.08,0.072,0.075,2827003
IPH,20200604,7.47,7.72,7.44,7.45,837661
IPL,20200604,2.16,2.17,2.05,2.07,31120825
IPT,20200604,0.012,0.012,0.012,0.012,935401
IQ3,20200604,0.12,0.12,0.12,0.12,5250
IRD,20200604,0.047,0.047,0.047,0.047,702
IRE,20200604,11.54,12.01,11.53,11.78,1232508
IRI,20200604,3.7,3.7,3.57,3.67,378329
ISD,20200604,0.155,0.195,0.155,0.19,1204417
ISO,20200604,4.69,4.7,4.64,4.68,41603
ISU,20200604,0.25,0.265,0.25,0.26,124354
ITG,20200604,0.28,0.29,0.24,0.27,257408
IVC,20200604,11.29,11.48,11.16,11.23,676554
IVE,20200604,91,91.25,90.08,90.15,4382
IVR,20200604,0.018,0.019,0.018,0.018,3015541
IVV,20200604,452.62,453.91,452.12,452.18,12930
IVZ,20200604,0.029,0.029,0.027,0.028,848344
IXC,20200604,1.52,1.555,1.45,1.47,282868
IXI,20200604,76.01,76.5,75.7,75.7,174676
IXJ,20200604,101.37,102.15,101.22,101.22,16752
IXR,20200604,0.008,0.008,0.008,0.008,3550
IZZ,20200604,59.1,59.52,58.65,58.65,19612
JAL,20200604,0.12,0.12,0.12,0.12,1500
JAN,20200604,0.34,0.35,0.335,0.34,172320
JAT,20200604,0.042,0.042,0.04,0.04,3539447
JAY,20200604,0.18,0.18,0.18,0.18,4000
JBH,20200604,40.1,40.8,39.73,40.29,1767058
JCS,20200604,0.031,0.032,0.031,0.032,68542
JDR,20200604,0.014,0.014,0.013,0.013,354922
JHC,20200604,0.575,0.6,0.56,0.56,606248
JHG,20200604,33.59,34.31,33.57,33.73,385998
JHL,20200604,0.021,0.023,0.021,0.023,158000
JHX,20200604,26.83,27.23,26.53,26.72,1887035
JIN,20200604,12.39,12.4,11.55,11.6,1253163
JLG,20200604,2.6,2.63,2.55,2.61,394643
JMS,20200604,0.29,0.3,0.29,0.3,2188843
JPR,20200604,0.022,0.022,0.022,0.022,121000
JRV,20200604,0.165,0.17,0.165,0.17,810704
JXT,20200604,0.028,0.028,0.024,0.024,1065942
JYC,20200604,1.06,1.06,1.02,1.02,15500
K2F,20200604,0.21,0.22,0.21,0.22,466615
KAI,20200604,0.018,0.019,0.018,0.018,1861147
KAR,20200604,0.61,0.63,0.6,0.62,4028830
KAS,20200604,0.012,0.013,0.012,0.013,234341
KAT,20200604,0.74,0.75,0.72,0.72,51684
KAU,20200604,0.26,0.26,0.25,0.255,306283
KCN,20200604,0.4,0.405,0.4,0.4,93484
KEY,20200604,0.004,0.004,0.003,0.004,2850000
KFE,20200604,0.059,0.059,0.057,0.058,1315455
KGL,20200604,0.195,0.215,0.195,0.215,211631
KGM,20200604,0.007,0.007,0.007,0.007,60000
KGN,20200604,11.16,11.4,10.81,11.4,1411597
KIN,20200604,0.125,0.125,0.12,0.12,955983
KIS,20200604,0.059,0.069,0.059,0.069,221024
KKC,20200604,1.99,2.045,1.955,2,440116
KKO,20200604,0.05,0.05,0.05,0.05,295000
KLA,20200604,55,55,53,53.74,8770
KLL,20200604,0.15,0.155,0.14,0.145,8470924
KMD,20200604,1.025,1.08,1.01,1.07,8154912
KMT,20200604,0.007,0.007,0.006,0.006,5094099
KNM,20200604,0.018,0.02,0.018,0.02,1940000
KNO,20200604,0.069,0.069,0.069,0.069,47886
KOV,20200604,3.71,3.71,3.71,3.71,1500
KP2,20200604,0.012,0.012,0.01,0.011,735142
KPG,20200604,0.895,0.92,0.89,0.92,2653
KPO,20200604,0.03,0.03,0.028,0.029,348057
KPT,20200604,0.85,0.865,0.85,0.865,24525
KRM,20200604,0.042,0.042,0.04,0.04,985688
KRR,20200604,0.054,0.057,0.054,0.056,700676
KSL,20200604,1.155,1.195,1.115,1.12,395768
KSN,20200604,0.16,0.16,0.155,0.155,383096
KSS,20200604,0.235,0.25,0.23,0.25,299175
KTA,20200604,0.036,0.036,0.032,0.032,1594328
KTD,20200604,0.28,0.28,0.275,0.275,366748
KTE,20200604,0.014,0.014,0.013,0.013,1087690
KTG,20200604,0.155,0.165,0.15,0.16,177769
KWR,20200604,0.15,0.15,0.14,0.14,201419
KYK,20200604,0.083,0.085,0.08,0.083,2062501
KZA,20200604,0.45,0.47,0.43,0.445,49245
KZR,20200604,0.625,0.63,0.58,0.605,101096
LAU,20200604,0.36,0.36,0.36,0.36,30778
LBL,20200604,0.455,0.465,0.45,0.45,83630
LBT,20200604,0.16,0.165,0.14,0.145,715949
LCD,20200604,0.019,0.019,0.019,0.019,744604
LCK,20200604,0.092,0.096,0.089,0.092,1997472
LCL,20200604,0.04,0.041,0.038,0.038,1149326
LCM,20200604,0.145,0.145,0.14,0.14,30000
LCT,20200604,0.013,0.013,0.013,0.013,109580
LEG,20200604,0.155,0.165,0.155,0.16,3451109
LEP,20200604,4.87,4.93,4.86,4.91,202563
LER,20200604,0.019,0.019,0.019,0.019,76941
LEX,20200604,0.18,0.195,0.175,0.195,25809
LGP,20200604,0.36,0.37,0.35,0.355,166752
LI3,20200604,0.021,0.021,0.019,0.019,3747031
LIC,20200604,9.48,9.59,9.28,9.57,176819
LIN,20200604,0.013,0.013,0.012,0.013,3685726
LIT,20200604,0.051,0.052,0.05,0.05,1351543
LKE,20200604,0.037,0.038,0.035,0.036,3997922
LLC,20200604,13.43,13.59,12.97,13.06,2565856
LLO,20200604,1.65,1.65,1.6,1.6,5000
LME,20200604,1.38,1.39,1.3,1.36,114493
LMG,20200604,0.01,0.01,0.01,0.01,50000
LNK,20200604,4.55,4.56,4.3,4.36,3402535
LNU,20200604,0.013,0.014,0.013,0.013,432108
LNY,20200604,0.004,0.004,0.004,0.004,1950000
LOM,20200604,0.051,0.053,0.051,0.052,663728
LON,20200604,0.125,0.125,0.12,0.12,152933
LOT,20200604,0.056,0.061,0.056,0.06,2386048
LOV,20200604,7.5,7.76,7.26,7.52,1029437
LPD,20200604,0.01,0.01,0.009,0.009,19611034
LPI,20200604,0.13,0.135,0.12,0.12,92182
LRK,20200604,0.95,0.99,0.92,0.92,63674
LRS,20200604,0.005,0.005,0.004,0.005,485905
LRT,20200604,0.76,0.76,0.735,0.735,95000
LSF,20200604,1.37,1.375,1.31,1.31,1697348
LSR,20200604,0.006,0.006,0.006,0.006,75000
LTR,20200604,0.125,0.127,0.125,0.125,3300047
LVH,20200604,0.27,0.27,0.255,0.255,502043
LVT,20200604,0.265,0.275,0.265,0.265,2773080
LYC,20200604,2.09,2.17,2.07,2.1,6280083
LYL,20200604,4.79,4.95,4.79,4.95,4584
M7T,20200604,0.755,0.76,0.725,0.74,461821
M8S,20200604,0.09,0.09,0.088,0.088,114606
MA1,20200604,1.085,1.085,1.06,1.06,8500
MAD,20200604,0.865,0.87,0.847,0.85,49364
MAG,20200604,0.27,0.27,0.237,0.245,2121080
MAH,20200604,0.265,0.287,0.255,0.265,6573454
MAI,20200604,0.53,0.55,0.525,0.525,88858
MAM,20200604,0.32,0.32,0.32,0.32,23113
MAN,20200604,0.024,0.027,0.022,0.027,4771673
MAQ,20200604,32.21,32.53,30.85,30.9,6137
MAT,20200604,0.115,0.13,0.115,0.12,962170
MAU,20200604,1.17,1.19,1.15,1.17,91822
MAY,20200604,0.008,0.008,0.008,0.008,3646000
MBK,20200604,0.011,0.011,0.011,0.011,50000
MCA,20200604,0.135,0.135,0.127,0.13,253361
MCE,20200604,0.175,0.175,0.165,0.165,16467
MCM,20200604,0.145,0.145,0.145,0.145,95073
MCP,20200604,2.92,2.99,2.83,2.84,500188
MCR,20200604,0.725,0.725,0.695,0.695,221595
MCT,20200604,0.013,0.013,0.011,0.013,40643390
MCX,20200604,0.08,0.11,0.08,0.09,88346
MCY,20200604,4.39,4.44,4.33,4.33,1416
MDC,20200604,0.225,0.225,0.205,0.21,163244
MDI,20200604,0.017,0.017,0.014,0.014,23142227
MDR,20200604,0.625,0.625,0.56,0.6,503968
MEA,20200604,0.205,0.225,0.205,0.215,157047
MEB,20200604,0.007,0.007,0.007,0.007,1295254
MEC,20200604,0.875,0.875,0.86,0.865,43708
MEL,20200604,0.041,0.044,0.041,0.041,530491
MEM,20200604,0.065,0.065,0.062,0.064,938721
MEP,20200604,0.043,0.044,0.043,0.044,311952
MEU,20200604,0.049,0.051,0.048,0.05,3150973
MEY,20200604,0.066,0.066,0.061,0.061,74781
MEZ,20200604,4.47,4.59,4.44,4.53,16969
MFD,20200604,0.82,0.82,0.8,0.8,17312
MFF,20200604,2.81,2.84,2.8,2.83,250337
MFG,20200604,59.71,60.47,58.09,58.59,1102461
MGC,20200604,0.435,0.435,0.435,0.435,17100
MGE,20200604,3.99,4,3.98,3.99,1085558
MGG,20200604,1.83,1.83,1.79,1.795,1365883
MGL,20200604,0.015,0.015,0.015,0.015,250
MGR,20200604,2.52,2.53,2.42,2.48,20511087
MGT,20200604,0.002,0.003,0.001,0.002,68818263
MGV,20200604,0.245,0.27,0.225,0.235,14611718
MGX,20200604,0.72,0.725,0.695,0.705,3239561
MHC,20200604,0.013,0.013,0.012,0.013,3937926
MHG,20200604,3.48,3.49,3.47,3.47,107996
MHH,20200604,1.45,1.465,1.435,1.44,687246
MHI,20200604,0.061,0.061,0.061,0.061,6500
MHJ,20200604,0.35,0.355,0.345,0.35,229355
MIL,20200604,0.425,0.43,0.415,0.415,26373
MIN,20200604,19.86,20.17,19.69,19.89,1190194
MIO,20200604,0.21,0.21,0.205,0.21,242000
MIR,20200604,2.42,2.46,2.41,2.45,78074
MKG,20200604,0.08,0.08,0.072,0.077,473960
MLD,20200604,0.93,0.955,0.91,0.945,765645
MLL,20200604,0.097,0.097,0.095,0.096,154471
MLM,20200604,0.011,0.011,0.011,0.011,402863
MLS,20200604,0.001,0.001,0.001,0.001,1000000
MLT,20200604,4.28,4.32,4.23,4.24,255897
MLX,20200604,0.095,0.095,0.091,0.091,1059446
MME,20200604,1.295,1.375,1.22,1.265,289069
MMI,20200604,0.11,0.11,0.1,0.105,1662183
MMJ,20200604,0.135,0.135,0.13,0.13,84055
MML,20200604,0.68,0.7,0.67,0.69,167406
MMM,20200604,1.1,1.1,1.065,1.08,265683
MMS,20200604,9.06,9.78,9.06,9.64,1210863
MND,20200604,12.5,12.5,11.82,12,550149
MNF,20200604,5.34,5.38,5.19,5.35,62499
MNS,20200604,0.083,0.098,0.083,0.088,3195115
MNW,20200604,0.007,0.014,0.007,0.013,15156366
MNY,20200604,1.9,1.935,1.76,1.835,915023
MOB,20200604,0.066,0.066,0.066,0.066,78469
MOC,20200604,0.815,0.83,0.815,0.83,295254
MOE,20200604,3.93,3.99,3.75,3.9,193308
MOH,20200604,0.09,0.09,0.08,0.081,491665
MOT,20200604,1.855,1.86,1.82,1.825,162496
MOZ,20200604,0.88,0.925,0.865,0.88,214431
MP1,20200604,14.16,14.27,13.7,14.16,885006
MPH,20200604,0.12,0.12,0.12,0.12,10097
MPL,20200604,2.89,2.92,2.86,2.9,9436293
MPP,20200604,0.16,0.16,0.16,0.16,6000
MQG,20200604,118.01,119.6,115.81,117.51,2200003
MQR,20200604,0.039,0.039,0.039,0.039,3500
MRC,20200604,0.24,0.265,0.24,0.265,320567
MRD,20200604,0.001,0.001,0.001,0.001,9217465
MRG,20200604,0.018,0.019,0.017,0.017,1306760
MRL,20200604,0.235,0.235,0.235,0.235,38572
MRM,20200604,0.074,0.076,0.072,0.072,1621192
MRQ,20200604,0.006,0.006,0.005,0.005,3736823
MRZ,20200604,0.195,0.195,0.195,0.195,34000
MSB,20200604,3.85,3.88,3.755,3.86,3943819
MSE,20200604,0.01,0.01,0.01,0.01,1520973
MSG,20200604,0.019,0.029,0.019,0.025,4142657
MSL,20200604,0.073,0.073,0.073,0.073,200000
MSM,20200604,0.027,0.027,0.025,0.026,572623
MSR,20200604,0.005,0.005,0.005,0.005,12941099
MSV,20200604,0.475,0.6,0.475,0.6,1084041
MTC,20200604,0.15,0.155,0.15,0.155,42725
MTH,20200604,0.015,0.015,0.014,0.014,1251225
MTO,20200604,1.66,1.67,1.515,1.64,175240
MTS,20200604,2.75,2.78,2.71,2.73,6087646
MVA,20200604,19.83,20.31,19.83,20.18,12311
MVB,20200604,21.36,21.47,20.6,20.8,51835
MVE,20200604,27.1,27.57,27.1,27.34,4461
MVF,20200604,0.625,0.64,0.587,0.595,1887223
MVP,20200604,8.09,8.37,7.9,7.93,688087
MVR,20200604,28.67,28.67,27.8,27.92,731
MVS,20200604,18.21,18.21,18,18.18,683
MVW,20200604,28.23,28.27,27.75,27.9,71861
MWY,20200604,0.96,0.98,0.95,0.95,46190
MX1,20200604,0.14,0.145,0.135,0.135,1335496
MXC,20200604,0.025,0.025,0.023,0.023,2137277
MXI,20200604,0.16,0.16,0.15,0.16,649647
MXR,20200604,0.083,0.085,0.082,0.084,433888
MXT,20200604,1.94,1.95,1.895,1.905,694421
MYE,20200604,0.69,0.69,0.65,0.685,88467
MYL,20200604,0.058,0.061,0.058,0.06,2073761
MYQ,20200604,0.23,0.23,0.21,0.21,57743
MYR,20200604,0.28,0.28,0.27,0.27,16873232
MYS,20200604,4.03,4.14,3.98,4.03,75174
MYX,20200604,0.44,0.46,0.44,0.455,10566450
MZZ,20200604,0.25,0.25,0.245,0.25,104940
NAB,20200604,19.36,19.49,18.68,18.92,16458183
NAC,20200604,0.81,0.815,0.8,0.81,23877
NAE,20200604,0.005,0.005,0.004,0.005,11635169
NAM,20200604,0.34,0.35,0.34,0.35,6500
NAN,20200604,7.22,7.41,7.19,7.35,937215
NBI,20200604,1.725,1.75,1.705,1.74,205122
NC6,20200604,0.035,0.039,0.034,0.037,538183
NCC,20200604,0.81,0.81,0.81,0.81,5775
NCK,20200604,5.86,6.24,5.86,6.15,1250526
NCL,20200604,0.028,0.028,0.028,0.028,100000
NCM,20200604,28.55,29.57,28.52,29.06,4382981
NCR,20200604,0.008,0.008,0.008,0.008,26560
NCZ,20200604,0.19,0.195,0.18,0.185,1385869
NDQ,20200604,23.8,23.87,23.77,23.8,227008
NEA,20200604,2.24,2.26,2.16,2.21,3551274
NEC,20200604,1.55,1.577,1.445,1.475,14184034
NES,20200604,0.04,0.042,0.035,0.042,245176
NET,20200604,0.051,0.053,0.05,0.05,5372646
NEU,20200604,1.75,1.75,1.665,1.67,90297
NEW,20200604,1.175,1.19,1.165,1.17,256785
NGE,20200604,0.485,0.485,0.485,0.485,3500
NGI,20200604,1.425,1.47,1.38,1.43,936462
NGY,20200604,0.016,0.016,0.016,0.016,535000
NHC,20200604,1.475,1.525,1.455,1.495,6123857
NHF,20200604,4.62,4.69,4.52,4.58,2098341
NIC,20200604,0.54,0.555,0.525,0.535,12777732
NME,20200604,0.032,0.032,0.032,0.032,50000
NML,20200604,0.165,0.17,0.16,0.16,440259
NMT,20200604,0.175,0.175,0.165,0.175,253538
NNT,20200604,0.058,0.058,0.058,0.058,3258
NOV,20200604,0.185,0.185,0.18,0.18,51332
NOX,20200604,0.2,0.2,0.19,0.2,335461
NSB,20200604,0.18,0.18,0.175,0.18,149500
NSC,20200604,0.525,0.53,0.52,0.52,59586
NSR,20200604,1.905,1.91,1.83,1.875,6990825
NST,20200604,13.74,13.81,13.22,13.48,8226594
NSX,20200604,0.105,0.115,0.098,0.098,444257
NTD,20200604,0.36,0.365,0.35,0.35,129408
NTM,20200604,0.091,0.091,0.085,0.085,804479
NTO,20200604,1.63,1.65,1.585,1.61,90214
NTU,20200604,0.024,0.026,0.023,0.024,12062139
NUC,20200604,2.79,2.84,2.63,2.63,44337
NUF,20200604,5.05,5.14,4.71,4.86,6549589
NUH,20200604,0.018,0.018,0.017,0.017,5231029
NUS,20200604,0.32,0.33,0.32,0.33,24288
NVA,20200604,0.063,0.064,0.062,0.062,3358450
NVO,20200604,0.009,0.01,0.009,0.01,3489110
NVU,20200604,0.087,0.09,0.086,0.087,182709
NVX,20200604,0.78,0.79,0.66,0.76,4795391
NWC,20200604,0.014,0.015,0.013,0.013,4998585
NWE,20200604,0.003,0.004,0.003,0.004,1122641
NWF,20200604,0.18,0.19,0.18,0.19,185912
NWH,20200604,2,2.02,1.935,2,5046207
NWL,20200604,8.54,8.74,8.53,8.6,525681
NWM,20200604,0.18,0.18,0.18,0.18,6000
NWS,20200604,18.45,18.82,18.36,18.47,280698
NXE,20200604,0.009,0.009,0.007,0.009,229438
NXS,20200604,1.5,1.5,1.45,1.475,147463
NXT,20200604,9.34,9.41,9.2,9.34,2030450
NYR,20200604,0.165,0.165,0.165,0.165,8325
NZK,20200604,1.7,1.825,1.685,1.825,1100
NZM,20200604,0.25,0.25,0.23,0.23,46525
NZS,20200604,0.011,0.012,0.011,0.011,279792
OAR,20200604,0.002,0.002,0.002,0.002,1823333
OAU,20200604,0.014,0.015,0.013,0.014,3772813
OBL,20200604,4.7,4.88,4.61,4.77,1220312
OBM,20200604,0.27,0.275,0.265,0.275,1197193
OCA,20200604,0.9,0.9,0.9,0.9,1500
OCC,20200604,0.355,0.375,0.355,0.355,260583
OCL,20200604,7.38,7.38,7.19,7.19,26739
ODM,20200604,0.04,0.043,0.04,0.043,2210339
OEC,20200604,0.845,0.865,0.84,0.86,87599
OEL,20200604,0.009,0.009,0.008,0.009,11968342
OEX,20200604,0.002,0.002,0.002,0.002,200000
OFX,20200604,1.365,1.4,1.32,1.355,473236
OGC,20200604,3.01,3.09,2.97,3,632487
OIL,20200604,0.04,0.045,0.04,0.045,292819
OKJ,20200604,0.05,0.052,0.048,0.048,234000
OKU,20200604,0.27,0.27,0.265,0.27,191247
OLI,20200604,0.058,0.058,0.055,0.055,677198
OLL,20200604,0.245,0.25,0.23,0.24,818407
OMH,20200604,0.41,0.41,0.4,0.405,216993
OML,20200604,1.145,1.18,1.07,1.105,10285887
ONE,20200604,0.05,0.05,0.046,0.046,177815
ONT,20200604,5.59,5.59,5.55,5.55,638
ONX,20200604,0.048,0.048,0.042,0.042,269834
OOO,20200604,3.85,3.87,3.76,3.77,1586817
OPC,20200604,5.06,5.06,5,5.02,65930
OPH,20200604,2.55,2.58,2.5,2.57,153616
OPL,20200604,0.155,0.17,0.14,0.155,82034
OPT,20200604,3.43,3.45,3.2,3.31,720863
OPY,20200604,3.7,4,3.25,3.51,7214568
ORA,20200604,2.76,2.77,2.7,2.73,6247354
ORE,20200604,2.54,2.735,2.54,2.68,2895313
ORG,20200604,6.21,6.28,6.06,6.16,4961507
ORI,20200604,17.77,18.14,17.44,17.6,1868196
ORN,20200604,0.017,0.018,0.017,0.018,311438
ORR,20200604,0.37,0.38,0.37,0.38,141243
OSH,20200604,3.65,3.68,3.46,3.5,16141496
OSL,20200604,0.115,0.117,0.11,0.112,6117706
OSX,20200604,0.505,0.52,0.5,0.52,64833
OTW,20200604,3.38,3.48,3.35,3.48,60655
OVH,20200604,0.375,0.38,0.37,0.37,2304100
OVN,20200604,0.32,0.325,0.31,0.31,175031
OVT,20200604,0.015,0.016,0.014,0.016,1797500
OZF,20200604,15.87,15.96,15.67,15.78,10726
OZG,20200604,0.165,0.165,0.165,0.165,103152
OZL,20200604,10.02,10.04,9.91,9.95,1594498
OZR,20200604,11.4,11.4,11.2,11.2,36920
PAA,20200604,0.13,0.145,0.11,0.115,10424107
PAB,20200604,0.016,0.016,0.015,0.015,582951
PAC,20200604,5.21,5.27,5.09,5.15,33106
PAF,20200604,0.71,0.73,0.71,0.73,46560
PAI,20200604,0.99,1,0.99,0.99,429780
PAL,20200604,0.8,0.8,0.8,0.8,23468
PAN,20200604,0.075,0.076,0.071,0.072,22094705
PAR,20200604,3.28,3.3,3.06,3.1,2014354
PBH,20200604,6.45,6.55,5.94,6,2666981
PBP,20200604,1.89,1.9,1.85,1.85,60313
PCG,20200604,1.14,1.14,1.11,1.11,5703
PCI,20200604,1.01,1.02,0.995,0.995,429173
PCK,20200604,0.17,0.17,0.16,0.16,1413917
PCL,20200604,0.001,0.001,0.001,0.001,1400000
PDI,20200604,0.1,0.1,0.093,0.096,15471086
PDL,20200604,6.45,6.6,6.36,6.5,2070217
PDN,20200604,0.12,0.12,0.112,0.115,1860100
PE1,20200604,1.69,1.72,1.585,1.61,104634
PEC,20200604,0.038,0.046,0.038,0.046,1506646
PEK,20200604,0.024,0.024,0.024,0.024,402062
PEN,20200604,0.1,0.1,0.086,0.09,8658615
PET,20200604,0.52,0.53,0.5,0.5,6072323
PEX,20200604,0.16,0.17,0.16,0.17,93958
PFP,20200604,2.93,2.94,2.91,2.92,63902
PFT,20200604,0.205,0.205,0.2,0.2,59277
PGC,20200604,0.16,0.16,0.155,0.155,859731
PGF,20200604,0.925,0.927,0.92,0.925,586141
PGG,20200604,1.76,1.76,1.71,1.72,519639
PGH,20200604,2.33,2.39,2.28,2.34,715832
PGI,20200604,0.045,0.045,0.045,0.045,60618
PGL,20200604,1.19,1.28,1.19,1.28,697907
PGM,20200604,0.025,0.025,0.023,0.023,347692
PGX,20200604,0.26,0.265,0.25,0.25,257119
PIA,20200604,1.085,1.125,1.085,1.11,264765
PIC,20200604,0.95,0.975,0.95,0.95,391720
PIN,20200604,0.054,0.054,0.054,0.054,110219
PIO,20200604,0.011,0.011,0.011,0.011,375941
PIQ,20200604,0.38,0.385,0.35,0.385,288663
PKS,20200604,0.185,0.19,0.18,0.18,535934
PL8,20200604,1.025,1.025,0.99,0.99,598528
PLL,20200604,0.12,0.12,0.115,0.115,1292092
PLS,20200604,0.305,0.312,0.285,0.29,23652246
PM1,20200604,0.015,0.015,0.015,0.015,1034147
PM8,20200604,0.335,0.38,0.31,0.315,563639
PMC,20200604,1.335,1.35,1.32,1.325,111192
PME,20200604,27.2,27.87,26.8,27.76,527903
PMV,20200604,16.85,17.05,16.69,16.98,362909
PNI,20200604,4.4,4.47,4.26,4.38,737629
PNN,20200604,0.002,0.002,0.001,0.001,2303567
PNR,20200604,0.19,0.19,0.185,0.185,2705249
PNV,20200604,2.7,2.71,2.61,2.64,2943762
PNW,20200604,0.2,0.2,0.2,0.2,2006
PNX,20200604,0.009,0.009,0.009,0.009,6250892
PO3,20200604,3.95,4.01,3.74,3.74,12740
POD,20200604,0.019,0.02,0.019,0.02,720158
POS,20200604,0.032,0.032,0.03,0.032,298195
POU,20200604,17.75,17.77,17.75,17.77,5524
POW,20200604,0.005,0.006,0.005,0.005,4527227
PPC,20200604,0.975,0.99,0.955,0.965,60152
PPE,20200604,2.15,2.15,2.01,2.07,442318
PPG,20200604,0.19,0.205,0.19,0.205,2085899
PPH,20200604,7,7.01,6.74,6.82,468845
PPK,20200604,4.65,4.83,4.36,4.57,246837
PPL,20200604,0.008,0.008,0.008,0.008,240000
PPS,20200604,0.42,0.44,0.415,0.42,2258975
PPT,20200604,31.75,33.2,31.65,33.08,355080
PPY,20200604,0.01,0.01,0.01,0.01,288000
PRM,20200604,0.001,0.001,0.001,0.001,100000
PRN,20200604,1.425,1.425,1.355,1.41,12720504
PRO,20200604,0.65,0.65,0.65,0.65,9670
PRT,20200604,0.1,0.1,0.1,0.1,242375
PRU,20200604,1.14,1.18,1.12,1.165,8920714
PRX,20200604,0.051,0.054,0.047,0.047,1022631
PSC,20200604,0.085,0.087,0.085,0.087,23118
PSI,20200604,2.5,2.61,2.5,2.61,41054
PSQ,20200604,1.555,1.57,1.555,1.57,19502
PSZ,20200604,0.025,0.025,0.024,0.024,266400
PTB,20200604,0.615,0.655,0.615,0.63,103408
PTL,20200604,0.355,0.365,0.355,0.365,85122
PTM,20200604,3.91,3.94,3.8,3.86,2261316
PTR,20200604,0.057,0.057,0.055,0.057,245874
PTX,20200604,0.064,0.067,0.064,0.067,1317891
PUA,20200604,0.013,0.013,0.012,0.013,5463428
PUR,20200604,0.006,0.006,0.006,0.006,67591
PVS,20200604,1.35,1.35,1.35,1.35,7438
PWG,20200604,1.01,1.02,0.97,0.97,126892
PWH,20200604,4.48,4.525,4.36,4.44,103238
PWL,20200604,0.175,0.175,0.15,0.15,225929
PWN,20200604,0.008,0.009,0.007,0.008,12902169
PXS,20200604,0.087,0.088,0.087,0.087,443100
PXX,20200604,0.029,0.029,0.029,0.029,271708
PYC,20200604,0.089,0.09,0.084,0.09,1617016
PYG,20200604,0.73,0.73,0.685,0.685,18500
QAG,20200604,4.74,4.74,4.74,4.74,3935
QAN,20200604,4.31,4.57,4.28,4.49,34422516
QAU,20200604,16.74,16.8,16.71,16.74,238653
QBE,20200604,9.1,9.22,8.8,8.83,9433976
QCB,20200604,6.21,6.27,6.13,6.27,24720
QFE,20200604,0.455,0.495,0.41,0.42,7226247
QFN,20200604,8.9,8.93,8.68,8.82,21275
QFY,20200604,0.002,0.002,0.002,0.002,10300000
QHL,20200604,0.1,0.105,0.094,0.094,566280
QIP,20200604,1.075,1.12,1.075,1.1,30567
QOZ,20200604,12,12.07,11.86,11.95,40087
QRE,20200604,6.2,6.2,6.09,6.11,19292
QRI,20200604,1.47,1.47,1.43,1.445,68114
QTM,20200604,0.035,0.035,0.035,0.035,10000
QUB,20200604,2.85,2.86,2.77,2.82,10299471
QUS,20200604,34.64,34.67,34.58,34.64,411
QVE,20200604,0.84,0.84,0.82,0.82,469626
RAC,20200604,0.325,0.327,0.325,0.327,39277
RAG,20200604,0.006,0.006,0.006,0.006,309556
RAN,20200604,0.009,0.01,0.009,0.01,1105838
RAP,20200604,0.17,0.17,0.16,0.165,717832
RBL,20200604,1.24,1.28,1.19,1.2,413491
RBR,20200604,0.008,0.008,0.008,0.008,158750
RCB,20200604,21.15,21.15,21.09,21.1,17204
RCE,20200604,0.865,0.87,0.77,0.83,568364
RCL,20200604,0.27,0.28,0.27,0.28,3500
RDC,20200604,0.83,0.84,0.815,0.83,1365938
RDF,20200604,0.465,0.465,0.45,0.45,1689
RDG,20200604,0.023,0.023,0.023,0.023,270000
RDH,20200604,0.73,0.73,0.69,0.69,44652
RDN,20200604,0.006,0.006,0.006,0.006,124428
RDV,20200604,24.5,24.53,24.06,24.28,28679
RDY,20200604,1.54,1.595,1.465,1.465,51935
REA,20200604,106.46,107.98,104.96,105.69,558840
RED,20200604,0.275,0.277,0.265,0.275,17859747
REE,20200604,0.06,0.066,0.059,0.06,11044175
REG,20200604,1.55,1.55,1.45,1.465,1296538
REH,20200604,10.15,10.19,9.75,9.94,457046
RES,20200604,0.081,0.081,0.081,0.081,30000
REX,20200604,1.065,1.09,1.055,1.075,147432
REZ,20200604,0.019,0.019,0.017,0.017,10495294
RF1,20200604,2.55,2.55,2.47,2.49,168865
RFF,20200604,2.06,2.08,2.01,2.06,455694
RFG,20200604,0.08,0.082,0.07,0.071,5637675
RFN,20200604,0.001,0.002,0.001,0.002,1080193
RFT,20200604,0.037,0.039,0.037,0.037,319553
RFX,20200604,0.028,0.03,0.028,0.029,1347073
RGB,20200604,23.48,23.48,23.45,23.45,7998
RGI,20200604,0.066,0.073,0.064,0.073,411592
RGL,20200604,0.033,0.033,0.03,0.032,3310117
RGS,20200604,0.07,0.07,0.07,0.07,6048
RHC,20200604,69.09,70.32,68.83,69.4,750257
RHP,20200604,1.935,1.97,1.875,1.96,314455
RHT,20200604,0.195,0.2,0.195,0.2,826224
RHY,20200604,0.094,0.094,0.091,0.093,149825
RIC,20200604,0.75,0.785,0.745,0.785,211489
RIE,20200604,0.008,0.008,0.008,0.008,80841
RIM,20200604,0.006,0.006,0.006,0.006,2764294
RIO,20200604,98.39,99.2,97.54,98.4,2115310
RKN,20200604,0.62,0.635,0.62,0.63,26837
RLE,20200604,0.025,0.026,0.025,0.025,276261
RLG,20200604,0.023,0.024,0.022,0.022,1612336
RLT,20200604,1.165,1.18,1.15,1.18,12760
RMC,20200604,1.31,1.33,1.195,1.2,616828
RMD,20200604,23.56,23.84,23.42,23.74,1775620
RML,20200604,0.074,0.08,0.07,0.072,1561159
RMP,20200604,0.01,0.01,0.01,0.01,35000
RMS,20200604,1.63,1.7,1.6,1.64,9954781
RMX,20200604,0.004,0.004,0.004,0.004,1610000
RMY,20200604,0.3,0.315,0.3,0.315,215850
RND,20200604,1.91,1.945,1.9,1.9,9160
RNE,20200604,0.019,0.019,0.019,0.019,7261
RNO,20200604,0.076,0.076,0.076,0.076,11948
RNT,20200604,0.034,0.034,0.033,0.033,61900
RNU,20200604,0.012,0.013,0.012,0.013,2093133
RNX,20200604,0.004,0.004,0.004,0.004,100000
ROG,20200604,0.001,0.001,0.001,0.001,1492529
ROO,20200604,0.021,0.021,0.02,0.02,492287
RPM,20200604,0.13,0.13,0.13,0.13,35216
RRL,20200604,4.99,5.04,4.91,4.99,4774307
RSG,20200604,1.075,1.1,1.062,1.085,11257722
RSH,20200604,0.082,0.084,0.079,0.081,653499
RSM,20200604,21.8,21.8,21.8,21.8,82
RTE,20200604,0.39,0.39,0.39,0.39,1300
RTG,20200604,0.15,0.15,0.135,0.145,2664002
RTR,20200604,0.092,0.092,0.088,0.088,295003
RUL,20200604,1.04,1.04,0.985,1.01,217807
RVR,20200604,0.062,0.063,0.061,0.063,645775
RVS,20200604,0.47,0.5,0.47,0.5,21213
RWC,20200604,3.3,3.32,3.23,3.25,3513658
RWD,20200604,0.13,0.22,0.13,0.17,302558
RXL,20200604,0.026,0.026,0.025,0.025,12789779
RXM,20200604,0.082,0.082,0.078,0.08,178525
RXP,20200604,0.29,0.29,0.285,0.285,40739
RYD,20200604,1.295,1.305,1.295,1.305,16025
RZI,20200604,0.73,0.755,0.71,0.75,213691
S2R,20200604,0.105,0.11,0.105,0.11,159000
S32,20200604,2.2,2.26,2.17,2.21,31339301
S66,20200604,0.5,0.505,0.47,0.47,32122
SAR,20200604,4.58,4.66,4.42,4.58,19526475
SAU,20200604,0.145,0.145,0.145,0.145,193860
SBM,20200604,2.97,3.03,2.93,3,5774180
SBR,20200604,0.003,0.003,0.003,0.003,830007
SBW,20200604,0.072,0.072,0.071,0.072,137855
SCG,20200604,2.49,2.53,2.445,2.48,30520601
SCI,20200604,0.013,0.015,0.013,0.015,1330000
SCL,20200604,0.017,0.017,0.015,0.015,2393156
SCP,20200604,2.34,2.37,2.31,2.36,5509708
SCT,20200604,0.06,0.06,0.06,0.06,50000
SCU,20200604,0.014,0.015,0.014,0.015,648666
SDF,20200604,3.38,3.4,3.3,3.36,3881154
SDG,20200604,1.27,1.27,1.245,1.25,44031
SDI,20200604,0.755,0.755,0.735,0.735,23469
SDV,20200604,0.68,0.69,0.645,0.66,716197
SDX,20200604,0.076,0.076,0.076,0.076,68000
SE1,20200604,0.032,0.032,0.03,0.03,880059
SEC,20200604,1.4,1.4,1.375,1.375,86678
SEI,20200604,0.035,0.038,0.035,0.038,130588
SEK,20200604,20.69,20.96,20.38,20.6,2213395
SEN,20200604,0.05,0.05,0.046,0.048,591983
SEQ,20200604,0.2,0.205,0.2,0.2,117879
SER,20200604,0.005,0.005,0.004,0.004,3588333
SES,20200604,0.06,0.06,0.06,0.06,329655
SF1,20200604,0.018,0.02,0.018,0.02,366400
SFC,20200604,13.5,13.5,12.94,12.94,228
SFG,20200604,0.055,0.056,0.054,0.055,257285
SFM,20200604,0.06,0.06,0.055,0.055,35508
SFR,20200604,4.78,4.94,4.77,4.88,1668618
SFX,20200604,0.115,0.115,0.105,0.105,273786
SFY,20200604,54.26,54.91,54.25,54.41,21585
SGC,20200604,0.018,0.02,0.018,0.02,208720
SGF,20200604,1.9,2.09,1.9,2.09,184174
SGH,20200604,0.79,0.81,0.79,0.79,15544
SGM,20200604,8.13,8.15,7.96,8.05,549228
SGP,20200604,3.85,3.89,3.73,3.84,15062414
SGQ,20200604,0.11,0.12,0.11,0.12,1246492
SGR,20200604,3.23,3.31,3.14,3.22,5868728
SHH,20200604,0.006,0.006,0.004,0.004,8504824
SHJ,20200604,0.85,0.87,0.84,0.87,23457
SHL,20200604,28.48,29.05,28.43,28.96,4452196
SHM,20200604,0.54,0.6,0.54,0.6,36069
SHO,20200604,0.025,0.025,0.024,0.024,42743
SHV,20200604,6.07,6.35,6.02,6.33,1185132
SI6,20200604,0.004,0.004,0.003,0.003,1139999
SIG,20200604,0.6,0.6,0.59,0.59,1887829
SIH,20200604,0.019,0.019,0.019,0.019,1199100
SIO,20200604,0.32,0.345,0.305,0.33,128924
SIQ,20200604,6.81,6.83,6.59,6.79,1307668
SIT,20200604,0.029,0.032,0.029,0.032,499712
SIV,20200604,0.625,0.63,0.625,0.625,23681
SKC,20200604,2.74,2.79,2.65,2.67,1226423
SKF,20200604,0.16,0.16,0.145,0.155,115013
SKI,20200604,2.15,2.16,2.07,2.09,4224615
SKO,20200604,3,3.04,2.93,3.03,98109
SKT,20200604,0.145,0.155,0.145,0.15,6708689
SKY,20200604,0.295,0.3,0.29,0.29,427192
SLC,20200604,1.1,1.1,1.065,1.09,713229
SLF,20200604,11.39,11.54,11.25,11.37,149254
SLK,20200604,4.55,4.62,4.52,4.55,401014
SLM,20200604,0.68,0.685,0.675,0.685,18103
SLR,20200604,1.95,1.98,1.885,1.95,11427034
SLX,20200604,0.345,0.35,0.335,0.335,153661
SLZ,20200604,0.155,0.155,0.145,0.145,163600
SM1,20200604,6.61,6.67,6.55,6.6,70316
SMI,20200604,0.003,0.003,0.003,0.003,5000000
SMN,20200604,0.38,0.445,0.375,0.43,246412
SMP,20200604,0.595,0.595,0.545,0.545,564849
SMR,20200604,0.91,0.92,0.83,0.895,130444
SMX,20200604,0.27,0.28,0.265,0.265,5140
SNC,20200604,0.655,0.665,0.655,0.66,49397
SND,20200604,0.455,0.46,0.44,0.44,126016
SNS,20200604,0.085,0.085,0.085,0.085,3448
SNZ,20200604,5.91,6,5.91,6,10032
SO4,20200604,0.56,0.58,0.52,0.55,581005
SOL,20200604,20,20.34,19.96,20.14,353794
SOM,20200604,1.53,1.53,1.515,1.515,14275
SOR,20200604,0.058,0.058,0.058,0.058,5000
SP3,20200604,0.056,0.056,0.053,0.055,134501
SPK,20200604,4.13,4.17,4.07,4.1,1793504
SPL,20200604,1.08,1.097,1.05,1.055,482331
SPT,20200604,0.81,0.955,0.77,0.825,34709974
SPY,20200604,450.97,452.52,450.97,451.72,426
SPZ,20200604,0.12,0.125,0.11,0.115,460443
SRG,20200604,0.195,0.2,0.19,0.2,4786164
SRH,20200604,0.16,0.16,0.16,0.16,8900
SRI,20200604,0.051,0.054,0.051,0.054,36746
SRK,20200604,0.054,0.054,0.048,0.048,2010476
SRN,20200604,0.003,0.003,0.003,0.003,13199000
SRV,20200604,2.5,2.55,2.43,2.52,35305
SSG,20200604,0.61,0.625,0.61,0.62,61833
SSM,20200604,2.06,2.08,2,2.01,4275549
SSO,20200604,14.55,14.55,14.55,14.55,544
ST1,20200604,0.21,0.215,0.205,0.21,556180
STA,20200604,0.165,0.175,0.16,0.16,1350106
STG,20200604,1.09,1.13,1.08,1.12,94375
STM,20200604,0.008,0.008,0.007,0.007,1039797
STN,20200604,0.505,0.505,0.5,0.505,114283
STO,20200604,5.82,5.88,5.615,5.66,8361424
STW,20200604,55.89,56.08,55.15,55.57,171501
STX,20200604,0.2,0.205,0.195,0.2,2607615
SUH,20200604,0.016,0.016,0.016,0.016,262421
SUL,20200604,8.5,8.94,8.38,8.66,3161059
SUN,20200604,9.6,9.74,9.38,9.57,5584944
SVD,20200604,0.018,0.018,0.016,0.018,2933225
SVL,20200604,0.105,0.107,0.099,0.099,21538998
SVM,20200604,0.175,0.18,0.175,0.175,1033141
SVW,20200604,17.23,17.45,16.94,17.35,535703
SVY,20200604,0.55,0.58,0.527,0.54,605697
SW1,20200604,0.051,0.055,0.047,0.052,5043421
SWF,20200604,0.38,0.38,0.35,0.355,1272942
SWK,20200604,0.135,0.135,0.13,0.13,223632
SWM,20200604,0.145,0.147,0.12,0.125,31236701
SXE,20200604,0.445,0.445,0.435,0.44,338718
SXL,20200604,0.24,0.245,0.225,0.225,48455247
SXY,20200604,0.26,0.267,0.255,0.265,9960857
SYA,20200604,0.008,0.008,0.007,0.007,17722815
SYD,20200604,6.2,6.21,6.06,6.1,13881880
SYI,20200604,25.5,25.535,25.12,25.27,15412
SYR,20200604,0.315,0.335,0.31,0.325,5792083
SZL,20200604,2.88,3.07,2.83,2.92,2525701
TAH,20200604,3.52,3.53,3.42,3.45,8870664
TAM,20200604,0.05,0.053,0.05,0.053,665360
TAO,20200604,0.079,0.079,0.074,0.075,192009
TAP,20200604,0.086,0.086,0.084,0.085,304913
TAR,20200604,0.018,0.02,0.017,0.017,1893815
TAS,20200604,0.034,0.034,0.034,0.034,219833
TBR,20200604,6.3,6.94,6.24,6.94,60554
TCL,20200604,15.05,15.15,14.77,14.88,7163116
TD1,20200604,0.029,0.029,0.028,0.029,3419035
TDI,20200604,1.56,1.58,1.52,1.58,82606
TDO,20200604,0.074,0.074,0.073,0.073,19120
TDY,20200604,0.165,0.165,0.165,0.165,44660
TEG,20200604,0.045,0.046,0.044,0.044,388619
TEK,20200604,0.255,0.255,0.245,0.25,657464
TER,20200604,0.17,0.17,0.165,0.17,997701
TGA,20200604,0.125,0.13,0.125,0.13,56875
TGF,20200604,1.26,1.265,1.25,1.25,130336
TGG,20200604,1.155,1.16,1.15,1.16,102903
TGH,20200604,0.175,0.175,0.165,0.165,40971
TGM,20200604,0.22,0.22,0.22,0.22,6000
TGN,20200604,0.11,0.11,0.11,0.11,15000
TGO,20200604,0.056,0.056,0.056,0.056,14927
TGP,20200604,0.875,0.89,0.87,0.885,131636
TGR,20200604,4.03,4.07,3.97,4,989212
THC,20200604,0.445,0.445,0.41,0.41,499347
THR,20200604,0.01,0.01,0.009,0.01,9001946
TIE,20200604,0.345,0.355,0.34,0.355,223292
TIG,20200604,0.01,0.01,0.01,0.01,150000
TIN,20200604,0.165,0.165,0.155,0.16,293303
TIP,20200604,0.55,0.55,0.53,0.53,189668
TKL,20200604,0.009,0.009,0.009,0.009,75833
TKM,20200604,0.023,0.023,0.023,0.023,125000
TLG,20200604,0.455,0.465,0.445,0.455,473433
TLM,20200604,0.095,0.099,0.095,0.098,114500
TLS,20200604,3.24,3.28,3.23,3.27,39309412
TLT,20200604,3.25,3.25,3.15,3.25,7590
TLX,20200604,1.36,1.46,1.34,1.46,1882599
TMK,20200604,0.005,0.005,0.005,0.005,320000
TMR,20200604,0.23,0.24,0.22,0.23,209460
TNE,20200604,9.1,9.31,9.1,9.25,1616138
TNG,20200604,0.054,0.055,0.054,0.055,5065887
TNK,20200604,0.86,0.86,0.835,0.855,46028
TNR,20200604,0.038,0.039,0.038,0.038,3460108
TNT,20200604,0.065,0.068,0.065,0.067,3326685
TNY,20200604,0.98,0.99,0.965,0.965,56882
TOE,20200604,0.008,0.008,0.008,0.008,166667
TON,20200604,0.047,0.048,0.045,0.047,765970
TOP,20200604,0.53,0.535,0.525,0.535,43625
TOT,20200604,0.895,0.905,0.895,0.9,62752
TPD,20200604,0.001,0.001,0.001,0.001,60000
TPM,20200604,7.96,8.05,7.85,7.85,2160950
TPS,20200604,0.045,0.049,0.04,0.049,105000
TPW,20200604,4.74,4.81,4.62,4.65,578603
TRL,20200604,0.022,0.022,0.021,0.021,400000
TRS,20200604,6.26,6.49,6.03,6.4,589386
TRT,20200604,0.018,0.018,0.018,0.018,1218
TRY,20200604,0.085,0.088,0.084,0.088,1066567
TSC,20200604,0.007,0.007,0.007,0.007,571500
TSL,20200604,0.064,0.068,0.059,0.068,1356059
TSO,20200604,0.076,0.077,0.075,0.076,1328858
TTI,20200604,0.013,0.013,0.013,0.013,2446441
TTM,20200604,0.067,0.067,0.061,0.065,3075510
TTT,20200604,0.63,0.695,0.622,0.67,2438651
TWD,20200604,2.71,2.71,2.68,2.69,32813
TWE,20200604,10.45,10.65,10.37,10.6,5531852
TWR,20200604,0.57,0.57,0.57,0.57,2500
TYM,20200604,0.044,0.053,0.044,0.045,498650
TYR,20200604,4.17,4.21,3.975,4.1,1980271
TYX,20200604,0.005,0.005,0.005,0.005,525009
TZL,20200604,0.042,0.042,0.039,0.039,324069
TZN,20200604,0.047,0.047,0.047,0.047,40000
UBI,20200604,0.225,0.225,0.215,0.22,84111
UBN,20200604,0.058,0.058,0.058,0.058,50000
UCM,20200604,0.26,0.265,0.25,0.26,142081
UCW,20200604,0.092,0.092,0.092,0.092,5375
UMG,20200604,4.34,4.42,4.29,4.4,1060291
UNL,20200604,0.028,0.028,0.028,0.028,4000
UOS,20200604,0.695,0.74,0.695,0.74,293133
URF,20200604,0.345,0.345,0.34,0.34,131434
URW,20200604,5.45,5.68,5.38,5.49,7308824
USD,20200604,14.03,14.11,14.03,14.08,54381
UWL,20200604,1.7,1.76,1.69,1.705,799758
VAE,20200604,65.11,65.83,64.9,65.1,3523
VAF,20200604,52.44,52.48,52.4,52.4,49438
VAL,20200604,0.002,0.002,0.002,0.002,2750000
VAN,20200604,0.11,0.11,0.098,0.105,578410
VAP,20200604,73,73.79,72.1,72.86,53923
VAS,20200604,76.5,76.88,75.6,76.13,285597
VBS,20200604,0.7,0.72,0.7,0.72,2481
VCF,20200604,50.15,50.46,50.01,50.46,66373
VCX,20200604,1.69,1.765,1.675,1.675,119234708
VEA,20200604,1.66,1.69,1.655,1.68,4529468
VEN,20200604,0.08,0.093,0.08,0.084,2672951
VEQ,20200604,54.16,54.16,53.32,53.32,8396
VEU,20200604,69.56,71.38,69.56,69.8,22845
VG1,20200604,2.09,2.14,2.09,2.14,287080
VG8,20200604,2.08,2.1,2.08,2.09,142791
VGB,20200604,53.56,53.62,53.55,53.55,28473
VGE,20200604,63.97,64,63.42,63.54,4152
VGI,20200604,9.7,9.8,9.6,9.75,23236
VGL,20200604,1.995,2.06,1.74,1.78,493509
VGS,20200604,77.16,77.92,77.16,77.65,59394
VHT,20200604,1.405,1.42,1.37,1.405,924297
VHY,20200604,52.59,53.07,52.05,52.33,86239
VIF,20200604,51.6,51.75,51.58,51.75,17343
VIP,20200604,0.036,0.036,0.036,0.036,316630
VKA,20200604,0.007,0.007,0.007,0.007,129375
VLC,20200604,60.69,61.11,60.27,60.71,30107
VLS,20200604,0.57,0.57,0.57,0.57,2633
VLT,20200604,0.25,0.25,0.25,0.25,252774
VMC,20200604,0.18,0.18,0.17,0.17,93076
VMG,20200604,0.001,0.001,0.001,0.001,280000
VML,20200604,0.011,0.011,0.01,0.01,860000
VMS,20200604,0.016,0.017,0.015,0.017,2149219
VMT,20200604,0.255,0.27,0.24,0.245,698194
VMY,20200604,0.042,0.043,0.04,0.04,1575204
VN8,20200604,0.115,0.115,0.11,0.11,60000
VOC,20200604,3.2,3.3,3.165,3.21,6332498
VOL,20200604,0.45,0.55,0.45,0.495,194553
VOR,20200604,0.185,0.185,0.18,0.18,160580
VPR,20200604,0.001,0.001,0.001,0.001,4320032
VR1,20200604,0.028,0.032,0.028,0.032,851715
VR8,20200604,0.015,0.015,0.015,0.015,15500
VRC,20200604,0.019,0.022,0.018,0.022,15970047
VRL,20200604,2.12,2.21,2.11,2.18,1100167
VRS,20200604,0.034,0.035,0.033,0.034,3661232
VRT,20200604,3.45,3.49,3.23,3.28,684146
VRX,20200604,0.12,0.12,0.115,0.115,256194
VSO,20200604,57.84,58.11,57,57.46,30412
VTG,20200604,1.07,1.145,1.07,1.14,230807
VTH,20200604,0.765,0.775,0.76,0.775,74654
VTI,20200604,0.015,0.015,0.015,0.015,3174576
VTS,20200604,227.64,229.24,227.64,228.62,31701
VUK,20200604,1.88,1.905,1.81,1.85,8986707
VUL,20200604,0.34,0.345,0.32,0.325,869763
VXR,20200604,0.061,0.064,0.06,0.064,663316
VYS,20200604,0.052,0.052,0.052,0.052,18000
WAA,20200604,0.97,0.97,0.95,0.95,50922
WAF,20200604,0.835,0.865,0.81,0.855,7635323
WAM,20200604,1.96,1.985,1.955,1.96,966854
WAT,20200604,2.3,2.3,2.3,2.3,330
WAX,20200604,1.45,1.48,1.445,1.45,93451
WBC,20200604,18.58,18.74,17.9,18.18,16346871
WBE,20200604,0.005,0.005,0.005,0.005,2100000
WBT,20200604,0.36,0.38,0.35,0.35,86800
WCN,20200604,0.014,0.015,0.012,0.012,20648537
WEB,20200604,4.39,4.44,4.22,4.44,10172933
WEC,20200604,0.08,0.08,0.08,0.08,152119
WEL,20200604,0.027,0.027,0.026,0.026,98752
WES,20200604,41.7,42.55,41.6,42.3,2634310
WGB,20200604,2.07,2.07,2.05,2.05,426586
WGN,20200604,1.29,1.32,1.175,1.2,376673
WGO,20200604,0.16,0.16,0.155,0.16,2718925
WGX,20200604,2.2,2.22,2.13,2.2,1496101
WHC,20200604,1.85,1.88,1.792,1.835,8701533
WHF,20200604,4.64,4.64,4.6,4.64,10586
WHK,20200604,0.07,0.071,0.069,0.069,393000
WIC,20200604,0.925,0.925,0.91,0.92,124878
WKT,20200604,0.12,0.12,0.11,0.115,534872
WLD,20200604,0.038,0.038,0.038,0.038,905
WLE,20200604,1.115,1.125,1.105,1.11,1513101
WMI,20200604,1.315,1.35,1.295,1.3,225966
WML,20200604,0.013,0.013,0.013,0.013,227417
WNB,20200604,0.007,0.007,0.007,0.007,3873335
WND,20200604,0.99,0.995,0.985,0.995,200798
WOR,20200604,9.5,9.6,8.92,9.11,4094184
WOW,20200604,36.3,36.9,36.1,36.6,4179168
WPL,20200604,23.57,23.83,22.92,23.17,4515605
WPP,20200604,0.32,0.325,0.305,0.315,1007043
WPR,20200604,2.65,2.66,2.58,2.62,4051606
WQG,20200604,1.27,1.28,1.265,1.27,181293
WRM,20200604,0.006,0.006,0.006,0.006,2119700
WSA,20200604,2.44,2.46,2.34,2.38,1786905
WSI,20200604,0.015,0.015,0.014,0.014,773669
WSP,20200604,2.49,2.49,2.39,2.41,218906
WTC,20200604,22,22.71,21.92,22.51,1475745
WWI,20200604,0.012,0.012,0.011,0.011,1185850
WZR,20200604,0.2,0.21,0.177,0.185,20919753
XAM,20200604,0.043,0.043,0.041,0.043,729172
XCD,20200604,0.011,0.011,0.01,0.011,5132221
XF1,20200604,0.15,0.15,0.145,0.145,253080
XPE,20200604,0.001,0.001,0.001,0.001,1024500
XPL,20200604,0.056,0.06,0.056,0.06,185291
XRF,20200604,0.225,0.235,0.22,0.235,251539
XRO,20200604,89.21,91.49,88.73,89.38,887648
XTC,20200604,0.002,0.002,0.002,0.002,11611683
XTD,20200604,0.028,0.03,0.028,0.03,1359125
XTE,20200604,0.635,0.645,0.635,0.645,26949
YAL,20200604,2.16,2.19,2.14,2.16,96444
YBR,20200604,0.07,0.071,0.07,0.071,36000
YOJ,20200604,0.051,0.057,0.051,0.057,2500526
YOW,20200604,0.057,0.057,0.057,0.057,25000
YPB,20200604,0.003,0.003,0.002,0.002,862000
YRL,20200604,0.275,0.275,0.275,0.275,28769
Z1P,20200604,6.59,6.73,5.88,5.95,27809846
ZEL,20200604,2.83,2.9,2.8,2.88,520576
ZEN,20200604,0.985,0.99,0.975,0.98,1334058
ZER,20200604,0.16,0.18,0.16,0.18,321072
ZGL,20200604,0.05,0.051,0.05,0.05,110153
ZIM,20200604,10.1,10.73,10.1,10.27,3758
ZLD,20200604,0.062,0.068,0.062,0.067,3488229
ZMI,20200604,0.037,0.038,0.037,0.038,83730
ZNC,20200604,0.09,0.09,0.088,0.088,43633
ZNO,20200604,2.47,2.56,2.34,2.39,889816
XAF,20200604,5766.2,5875.3,5766.2,5830.9,0
XAO,20200604,6064.9,6159.5,6062.7,6112,0
XAT,20200604,5891.1,5987.7,5891.1,5940,0
XDJ,20200604,2401.9,2451.1,2401.9,2441.9,0
XEC,20200604,1392.6,1406.4,1374.8,1386.8,0
XEJ,20200604,8049.8,8175,7880.2,7963.2,0
XFJ,20200604,4772.9,4931.4,4772.9,4837.6,0
XFL,20200604,5807,5917.7,5807,5870.9,0
XGD,20200604,8025.9,8028.1,7672.7,7735.2,0
XHJ,20200604,41490.5,42661.8,41481.5,42616.3,0
XIJ,20200604,1547.9,1567.4,1537.9,1546.8,0
XJO,20200604,5941.6,6040.2,5941.6,5991.8,0
XJR,20200604,4514.1,4536.4,4459.1,4485.3,0
XKO,20200604,5911.9,6008.4,5911.9,5961.1,0
XMD,20200604,6729.5,6800.2,6674.8,6721.9,0
XMJ,20200604,13486.4,13562.6,13338.6,13408.2,0
XMM,20200604,4490.4,4513.7,4443.3,4464.7,0
XNJ,20200604,6031,6102.3,5994.9,6036.3,0
XPJ,20200604,1275.4,1310.5,1275.4,1294.6,0
XSJ,20200604,12109.6,12332.2,12109.6,12278.9,0
XSO,20200604,2706.7,2721.4,2682.6,2711.5,0
XTJ,20200604,1193.4,1204.1,1189.2,1196.7,0
XTL,20200604,3250.7,3316.2,3250.7,3291.6,0
XTO,20200604,4898.1,4985.1,4898.1,4942.9,0
XUJ,20200604,7789.6,7928.8,7789.6,7856.5,0
XXJ,20200604,5323.4,5500.1,5323.4,5395.6,0
