360,20200325,1.7,1.75,1.67,1.67,112910
14D,20200325,0.1,0.105,0.095,0.095,68100
1AD,20200325,0.041,0.043,0.04,0.041,500000
1AG,20200325,0.031,0.031,0.031,0.031,25000
1ST,20200325,0.025,0.025,0.018,0.022,1455626
3DA,20200325,0.075,0.08,0.067,0.08,754576
3DP,20200325,0.024,0.024,0.019,0.019,683956
3PL,20200325,0.78,0.78,0.735,0.765,4103045
4DS,20200325,0.029,0.033,0.028,0.029,2440715
5GN,20200325,0.61,0.615,0.575,0.6,154582
88E,20200325,0.015,0.015,0.014,0.015,9377145
8CO,20200325,0.049,0.049,0.047,0.047,259334
8IH,20200325,0.075,0.075,0.075,0.075,9000
9SP,20200325,0.01,0.014,0.01,0.012,4831668
A2B,20200325,0.75,0.8,0.65,0.65,6544931
A2M,20200325,16.45,16.55,15.28,15.9,4921464
A4N,20200325,0.1,0.1,0.099,0.099,647780
AAA,20200325,50.1,50.11,50.1,50.1,332577
AAC,20200325,1.07,1.095,1.025,1.07,1261166
AAJ,20200325,0.002,0.002,0.002,0.002,3800000
AAR,20200325,0.088,0.094,0.083,0.089,1033749
ABA,20200325,3.5,3.74,3.5,3.73,39230
ABC,20200325,2.01,2.12,1.922,1.98,3497757
ABP,20200325,2.3,2.41,2.26,2.34,1614600
ABR,20200325,0.17,0.185,0.147,0.15,892965
ABV,20200325,0.019,0.019,0.019,0.019,100000
ABX,20200325,0.086,0.086,0.086,0.086,16230
AC8,20200325,0.155,0.16,0.145,0.152,778036
ACF,20200325,0.165,0.19,0.16,0.18,382953
ACQ,20200325,0.8,0.86,0.8,0.855,121898
ACR,20200325,0.11,0.11,0.11,0.11,57080
ACU,20200325,0.051,0.051,0.05,0.05,170079
ACW,20200325,0.016,0.016,0.015,0.015,420096
AD8,20200325,3.02,3.59,3.02,3.25,528470
ADA,20200325,0.33,0.34,0.325,0.34,25348
ADH,20200325,0.7,0.755,0.57,0.63,3656079
ADI,20200325,1.865,1.88,1.76,1.88,189016
ADJ,20200325,0.01,0.012,0.01,0.01,2675000
ADN,20200325,0.024,0.027,0.024,0.025,13098458
ADO,20200325,0.013,0.014,0.013,0.013,1683352
ADR,20200325,0.02,0.02,0.019,0.02,60000
ADT,20200325,0.95,0.975,0.92,0.93,430972
ADV,20200325,0.003,0.003,0.003,0.003,1200000
ADX,20200325,0.006,0.006,0.006,0.006,250000
AEE,20200325,0.004,0.004,0.003,0.004,7171666
AEF,20200325,2.34,2.57,2.33,2.5,192359
AEG,20200325,0.98,1.02,0.98,1,92040
AEI,20200325,0.48,0.495,0.44,0.45,311936
AFG,20200325,1.17,1.185,1.04,1.09,1691951
AFI,20200325,5.14,5.28,4.99,5.09,913564
AFL,20200325,0.092,0.092,0.09,0.09,62500
AFP,20200325,3.75,3.75,3.75,3.75,1000
AGD,20200325,0.165,0.165,0.16,0.16,145340
AGG,20200325,5.96,6.4,5.96,6.24,53454
AGH,20200325,0.18,0.19,0.165,0.19,940274
AGI,20200325,0.36,0.36,0.335,0.35,347803
AGL,20200325,16.59,16.91,15.18,15.5,4857379
AGM,20200325,1.385,1.385,1.36,1.36,9165
AGR,20200325,0.065,0.07,0.065,0.07,67733
AGY,20200325,0.033,0.035,0.03,0.03,1179121
AHF,20200325,0.068,0.069,0.068,0.069,168670
AHQ,20200325,0.06,0.06,0.059,0.06,297979
AHX,20200325,0.48,0.48,0.425,0.44,16600
AHY,20200325,0.905,0.99,0.845,0.955,1649933
AHZ,20200325,3.5,3.5,3.01,3.35,7340
AIA,20200325,5.17,5.54,5.17,5.54,834704
AIS,20200325,0.036,0.039,0.036,0.036,104976
AIZ,20200325,0.88,0.91,0.86,0.885,2310768
AJL,20200325,0.04,0.04,0.04,0.04,10000
AJM,20200325,0.03,0.034,0.03,0.031,4114911
AJX,20200325,0.036,0.041,0.035,0.04,375777
AKG,20200325,0.21,0.215,0.21,0.215,25000
AKP,20200325,10.45,10.53,9.9,10.01,4029
ALC,20200325,0.115,0.125,0.105,0.105,5690043
ALF,20200325,0.825,0.85,0.82,0.84,238498
ALG,20200325,0.185,0.185,0.11,0.11,6405536
ALI,20200325,1.69,1.79,1.69,1.76,409240
ALK,20200325,0.63,0.645,0.6,0.61,6196195
ALL,20200325,20.5,21.11,18.34,20.89,6136873
ALQ,20200325,4.98,4.98,4.56,4.72,4880667
ALT,20200325,0.001,0.002,0.001,0.002,409797
ALU,20200325,27.5,27.88,24.57,25.32,1026783
ALX,20200325,5.35,5.7,4.97,5.22,6966772
AMA,20200325,0.17,0.2,0.155,0.175,7453946
AMC,20200325,12.56,12.75,12.03,12.44,4306599
AMD,20200325,0.004,0.004,0.004,0.004,2170000
AME,20200325,0.057,0.062,0.057,0.061,723469
AMG,20200325,0.04,0.04,0.04,0.04,296827
AMH,20200325,0.77,0.775,0.74,0.74,98705
AMI,20200325,0.265,0.29,0.255,0.27,7553902
AML,20200325,0.065,0.07,0.065,0.065,708195
AMN,20200325,0.22,0.22,0.18,0.195,1389018
AMP,20200325,1.19,1.2,1.1,1.14,28812012
AMS,20200325,0.325,0.365,0.315,0.315,405002
AMX,20200325,0.92,0.97,0.91,0.97,97249
ANA,20200325,0.005,0.006,0.004,0.005,1812715
ANG,20200325,0.11,0.11,0.11,0.11,1000
ANL,20200325,0.001,0.002,0.001,0.002,1000000
ANN,20200325,24.5,25.48,22.64,23.38,946100
ANP,20200325,0.035,0.036,0.033,0.036,496924
ANR,20200325,0.17,0.17,0.17,0.17,10000
ANW,20200325,0.001,0.001,0.001,0.001,1000000
ANZ,20200325,16,16.68,15.62,16.57,17711774
AO1,20200325,0.004,0.004,0.004,0.004,161959
AOF,20200325,1.745,1.845,1.72,1.76,505806
AOP,20200325,0.16,0.17,0.16,0.16,580940
APA,20200325,10,10.03,9.18,9.41,4165963
APC,20200325,0.066,0.066,0.062,0.062,30363
APD,20200325,0.43,0.465,0.415,0.435,254094
APE,20200325,3.28,3.56,2.7,2.9,2134200
APH,20200325,0.065,0.065,0.05,0.051,114636
API,20200325,1.2,1.27,1.185,1.235,5937168
APL,20200325,0.875,0.875,0.855,0.87,1042325
APT,20200325,15,16.58,13.58,15,13243615
APV,20200325,0.115,0.13,0.1,0.105,267650
APW,20200325,1.025,1.025,1.01,1.01,8000
APX,20200325,19.9,20,18.23,19.15,1270867
APZ,20200325,0.885,0.885,0.88,0.88,3444
AQD,20200325,0.008,0.008,0.008,0.008,273850
AQG,20200325,5.22,5.61,5.17,5.26,1714424
AQI,20200325,0.034,0.034,0.034,0.034,3000
AQR,20200325,2.9,2.92,2.7,2.86,246587
AQX,20200325,0.016,0.017,0.013,0.013,5548795
AQZ,20200325,1.15,1.237,1.14,1.15,443288
AR9,20200325,0.05,0.05,0.045,0.045,250000
ARA,20200325,0.465,0.465,0.465,0.465,1113683
ARB,20200325,12.11,12.39,10.61,10.94,631528
ARD,20200325,0.014,0.014,0.013,0.013,1053667
ARF,20200325,1.635,1.785,1.605,1.65,1444878
ARG,20200325,5.99,6.14,5.78,5.94,502916
ARL,20200325,0.2,0.225,0.2,0.205,195870
ARN,20200325,0.083,0.09,0.083,0.087,370406
ARQ,20200325,0.069,0.08,0.069,0.07,156871
ARS,20200325,0.016,0.018,0.014,0.018,3295481
ARU,20200325,0.05,0.052,0.048,0.05,1697631
ARV,20200325,0.023,0.024,0.02,0.02,4584590
AS1,20200325,0.096,0.1,0.095,0.095,55867
ASB,20200325,2.72,2.79,2.55,2.65,2732953
ASG,20200325,0.77,0.8,0.77,0.77,27245
ASH,20200325,0.22,0.22,0.2,0.21,144957
ASN,20200325,0.016,0.016,0.015,0.016,498850
AST,20200325,1.75,1.78,1.645,1.655,12800125
ASX,20200325,73.68,76.31,70,72.33,781708
ATC,20200325,0.033,0.036,0.03,0.03,3722826
ATH,20200325,0.017,0.019,0.017,0.018,842383
ATL,20200325,0.079,0.085,0.079,0.085,206395
ATS,20200325,0.009,0.01,0.008,0.008,14801849
ATU,20200325,0.135,0.135,0.11,0.115,2187442
ATX,20200325,0.081,0.09,0.06,0.06,1187321
AU1,20200325,0.059,0.059,0.059,0.059,40
AU8,20200325,0.042,0.042,0.041,0.042,161699
AUB,20200325,11.2,11.63,10.46,10.65,510914
AUC,20200325,0.012,0.012,0.01,0.01,2506699
AUI,20200325,6.71,7.1,6.71,6.8,75129
AUT,20200325,0.016,0.019,0.016,0.018,7229474
AUZ,20200325,0.007,0.007,0.007,0.007,10416421
AV1,20200325,0.081,0.086,0.071,0.071,888185
AVA,20200325,0.1,0.1,0.095,0.095,343045
AVE,20200325,0.002,0.002,0.002,0.002,690000
AVG,20200325,0.34,0.35,0.34,0.35,263001
AVH,20200325,0.4,0.41,0.37,0.405,23358762
AVJ,20200325,0.44,0.44,0.365,0.4,257431
AVL,20200325,0.008,0.008,0.008,0.008,2283779
AVN,20200325,1.555,1.62,1.515,1.585,1544919
AVZ,20200325,0.05,0.053,0.047,0.047,13470250
AWC,20200325,1.65,1.67,1.445,1.5,21392081
AWV,20200325,0.008,0.009,0.008,0.009,512000
AWY,20200325,0.025,0.025,0.025,0.025,33649
AX1,20200325,0.7,0.765,0.595,0.61,3862125
AXE,20200325,0.15,0.16,0.15,0.155,244339
AYF,20200325,4.25,4.25,4.25,4.25,1527
AYM,20200325,0.002,0.002,0.002,0.002,386474
AYS,20200325,0.26,0.27,0.25,0.25,651797
AZI,20200325,0.003,0.004,0.003,0.004,492710
AZJ,20200325,4.22,4.31,4.09,4.31,17391688
AZV,20200325,0.055,0.065,0.055,0.063,204385
AZY,20200325,0.013,0.014,0.012,0.012,7763600
BAF,20200325,0.63,0.65,0.63,0.63,99298
BAP,20200325,3.53,3.64,2.85,3.15,4911430
BAR,20200325,0.014,0.014,0.014,0.014,110000
BAS,20200325,0.001,0.001,0.001,0.001,2350000
BAT,20200325,0.005,0.005,0.004,0.004,1660806
BBC,20200325,0.45,0.45,0.45,0.45,17314
BBN,20200325,1.98,1.985,1.67,1.73,1221640
BBX,20200325,0.11,0.115,0.105,0.105,71818
BC8,20200325,0.25,0.28,0.245,0.25,289988
BCB,20200325,0.028,0.028,0.027,0.027,425040
BCC,20200325,0.18,0.18,0.17,0.17,28000
BCI,20200325,0.105,0.11,0.1,0.105,645565
BCN,20200325,0.028,0.029,0.027,0.027,3835161
BCT,20200325,0.058,0.066,0.056,0.057,666532
BD1,20200325,0.021,0.022,0.02,0.02,1713037
BDA,20200325,0.135,0.135,0.125,0.125,24492
BDC,20200325,0.047,0.05,0.047,0.05,2941729
BEN,20200325,5.76,5.82,5.51,5.74,5499887
BET,20200325,0.1,0.1,0.088,0.088,3842258
BFC,20200325,0.062,0.072,0.062,0.072,251007
BFG,20200325,0.7,0.71,0.61,0.63,743488
BGA,20200325,4.25,4.38,4.12,4.32,866646
BGL,20200325,0.395,0.415,0.39,0.415,7967325
BGP,20200325,3.74,3.74,3.74,3.74,400
BGT,20200325,0.125,0.135,0.105,0.12,300109
BHL,20200325,0.12,0.12,0.12,0.12,24195
BHP,20200325,30.75,31.3,29.92,31.3,16830896
BID,20200325,0.48,0.515,0.45,0.49,442035
BIN,20200325,2.01,2.1,1.76,1.82,5463775
BIQ,20200325,0.006,0.006,0.006,0.006,1000000
BIT,20200325,0.08,0.084,0.078,0.078,4278587
BKI,20200325,1.12,1.175,1.095,1.1,1112009
BKL,20200325,68.6,70.74,63.95,65.65,167352
BKT,20200325,0.026,0.03,0.026,0.03,191450
BKW,20200325,15.71,15.95,14.2,15.24,210623
BKY,20200325,0.11,0.11,0.1,0.11,35500
BLD,20200325,1.93,1.93,1.77,1.825,13712974
BLG,20200325,0.024,0.026,0.024,0.026,322680
BLK,20200325,0.009,0.01,0.009,0.01,26946280
BLT,20200325,0.022,0.022,0.022,0.022,401074
BLU,20200325,0.017,0.021,0.017,0.019,958075
BLX,20200325,0.435,0.435,0.435,0.435,22430
BLY,20200325,0.49,0.49,0.48,0.49,7712
BMG,20200325,0.001,0.001,0.001,0.001,760000
BMN,20200325,0.022,0.023,0.02,0.021,1540575
BNL,20200325,0.004,0.004,0.004,0.004,84618
BNO,20200325,0.033,0.035,0.033,0.034,217383
BOC,20200325,0.2,0.2,0.17,0.17,10319
BOE,20200325,0.038,0.038,0.033,0.034,16574990
BOL,20200325,0.093,0.093,0.093,0.093,25538
BOQ,20200325,4.95,5.04,4.62,4.8,6753527
BOT,20200325,0.028,0.029,0.023,0.026,46785412
BPL,20200325,0.011,0.011,0.011,0.011,33912
BPP,20200325,0.016,0.016,0.016,0.016,37777
BPT,20200325,1.085,1.09,0.975,1.065,22369733
BRB,20200325,0.13,0.16,0.13,0.15,1227028
BRG,20200325,12.35,13.165,11.84,13.16,593112
BRK,20200325,0.003,0.003,0.003,0.003,2495011
BRL,20200325,0.045,0.047,0.043,0.045,1645072
BRN,20200325,0.038,0.041,0.038,0.04,4493665
BRU,20200325,0.073,0.078,0.069,0.073,793719
BRV,20200325,0.018,0.02,0.016,0.016,3935906
BSA,20200325,0.24,0.24,0.235,0.235,306398
BSE,20200325,0.14,0.14,0.125,0.125,524057
BSL,20200325,9.49,9.6,8.65,9.03,3567164
BSM,20200325,0.003,0.003,0.003,0.003,1860416
BSR,20200325,0.012,0.012,0.011,0.011,4324937
BSX,20200325,0.089,0.099,0.088,0.088,3979884
BTC,20200325,0.07,0.07,0.07,0.07,50000
BTH,20200325,0.47,0.48,0.4,0.44,2727246
BTI,20200325,0.55,0.555,0.54,0.55,255793
BUB,20200325,0.56,0.58,0.525,0.525,3477238
BUD,20200325,0.009,0.01,0.008,0.008,8788283
BUX,20200325,0.043,0.043,0.043,0.043,6464
BUY,20200325,0.005,0.005,0.005,0.005,63650
BVS,20200325,3.45,3.57,3.35,3.54,2037731
BWF,20200325,0.32,0.39,0.3,0.39,50294
BWP,20200325,3.46,3.49,3.08,3.23,3409004
BWR,20200325,0.97,0.97,0.95,0.95,114397
BWX,20200325,2.65,2.85,2.6,2.67,342018
BXB,20200325,10.55,10.65,9.86,10.41,10086562
BXN,20200325,0.007,0.007,0.007,0.007,6369
BYE,20200325,0.12,0.135,0.12,0.125,1709831
BYI,20200325,0.55,0.55,0.5,0.5,8347
C6C,20200325,0.365,0.365,0.35,0.35,12104
CAA,20200325,0.09,0.091,0.085,0.089,196648
CAD,20200325,0.001,0.001,0.001,0.001,175050
CAF,20200325,0.089,0.089,0.08,0.08,241913
CAG,20200325,0.34,0.34,0.32,0.32,73000
CAI,20200325,0.205,0.215,0.205,0.205,400621
CAJ,20200325,0.195,0.2,0.17,0.18,2615633
CAM,20200325,0.635,0.715,0.635,0.68,120973
CAN,20200325,0.645,0.67,0.62,0.62,487438
CAR,20200325,11.7,11.75,10.61,11.07,1460132
CAT,20200325,0.575,0.635,0.5,0.53,2073490
CAU,20200325,0.08,0.08,0.075,0.075,453987
CAY,20200325,0.059,0.06,0.056,0.058,1433726
CAZ,20200325,0.02,0.02,0.018,0.018,874788
CBA,20200325,62,62.4,57.88,62.4,7698259
CBE,20200325,0.09,0.09,0.09,0.09,285000
CBR,20200325,0.99,1.025,0.917,0.95,819635
CCA,20200325,0.06,0.064,0.06,0.06,330805
CCE,20200325,0.001,0.001,0.001,0.001,313482
CCL,20200325,8.61,8.65,8.12,8.37,3209693
CCP,20200325,11.74,13.27,9,9.92,1737372
CCV,20200325,0.11,0.125,0.11,0.12,2093142
CCX,20200325,1.12,1.14,0.93,0.97,2621411
CCZ,20200325,0.008,0.011,0.008,0.011,568590
CD2,20200325,0.9,0.9,0.85,0.85,30361
CDA,20200325,4.9,4.95,4.59,4.92,1193516
CDD,20200325,0.21,0.235,0.21,0.22,364877
CDM,20200325,0.485,0.5,0.45,0.46,737474
CDP,20200325,3,3.1,2.9,2.9,147181
CDV,20200325,0.32,0.345,0.315,0.32,607605
CDX,20200325,0.016,0.017,0.014,0.014,5387668
CE1,20200325,0.003,0.003,0.003,0.003,2570000
CEL,20200325,0.09,0.095,0.083,0.088,1106943
CG1,20200325,0.15,0.17,0.14,0.14,49228
CGB,20200325,0.007,0.007,0.006,0.006,5028690
CGC,20200325,2.72,2.87,2.62,2.86,5954692
CGF,20200325,4.1,4.31,3.5,3.71,4870634
CGL,20200325,1.65,1.725,1.535,1.66,670947
CGN,20200325,0.008,0.008,0.008,0.008,11500
CGR,20200325,0.43,0.43,0.4,0.405,340172
CGS,20200325,0.31,0.35,0.3,0.3,271892
CHC,20200325,6.52,6.76,5.71,6.05,4906383
CHK,20200325,0.003,0.004,0.003,0.003,1612258
CHN,20200325,0.36,0.41,0.35,0.39,4498289
CI1,20200325,0.029,0.029,0.027,0.029,698009
CIA,20200325,1.49,1.7,1.49,1.57,752309
CIE,20200325,0.55,0.565,0.515,0.515,77818
CIM,20200325,23.1,23.48,20.66,22.46,2817963
CIN,20200325,19.2,19.98,19,19.4,16912
CIO,20200325,0.001,0.002,0.001,0.002,2129548
CIP,20200325,2.33,2.55,2.33,2.55,1811696
CIW,20200325,0.4,0.4,0.4,0.4,7000
CKA,20200325,0.027,0.027,0.026,0.026,109352
CKF,20200325,5.02,5.28,4.91,5.28,1373596
CL1,20200325,1.02,1.06,0.91,0.915,328635
CL8,20200325,0.006,0.007,0.006,0.007,956152
CLA,20200325,0.008,0.008,0.007,0.008,2475565
CLB,20200325,0.04,0.04,0.039,0.04,107744
CLQ,20200325,0.125,0.135,0.11,0.115,725985
CLV,20200325,1.8,1.805,1.33,1.35,4175916
CLW,20200325,4.03,4.09,3.74,3.89,4467590
CLZ,20200325,0.001,0.001,0.001,0.001,2967000
CM8,20200325,0.014,0.014,0.012,0.012,555116
CML,20200325,0.007,0.007,0.006,0.006,675000
CMM,20200325,1.01,1.105,1,1.03,360118
CMP,20200325,0.29,0.32,0.29,0.29,103886
CMW,20200325,0.795,0.85,0.785,0.85,9086767
CNB,20200325,0.04,0.04,0.036,0.036,125000
CNI,20200325,1.65,1.695,1.475,1.535,2785974
CNL,20200325,0.08,0.08,0.08,0.08,97500
CNU,20200325,6.21,6.49,6.2,6.39,799198
CNW,20200325,0.015,0.015,0.015,0.015,100000
COB,20200325,0.079,0.084,0.076,0.078,277551
COE,20200325,0.41,0.435,0.37,0.415,6267445
COF,20200325,1.57,1.57,1.47,1.47,2450613
COG,20200325,0.039,0.042,0.038,0.038,459047
COI,20200325,0.054,0.059,0.054,0.055,1471886
COL,20200325,17.18,17.2,15.61,16.65,8085650
COO,20200325,0.04,0.04,0.04,0.04,33593
COS,20200325,0.26,0.26,0.255,0.255,27160
CP1,20200325,0.08,0.08,0.069,0.07,89342
CPH,20200325,0.054,0.057,0.049,0.054,674232
CPT,20200325,0.023,0.023,0.023,0.023,10250
CPU,20200325,9.19,9.26,8.8,9.24,2530033
CPV,20200325,0.06,0.06,0.052,0.052,106282
CQE,20200325,1.6,1.6,1.565,1.59,3696469
CQR,20200325,3.11,3.36,3.01,3.36,2772662
CRN,20200325,1.05,1.15,1.04,1.07,987656
CRS,20200325,0.125,0.125,0.125,0.125,110000
CSL,20200325,295,296.94,270.31,284.36,1767199
CSR,20200325,3.04,3.11,2.85,2.96,3119342
CSS,20200325,0.46,0.47,0.415,0.42,349833
CST,20200325,0.09,0.1,0.077,0.088,41830
CT1,20200325,0.02,0.02,0.015,0.015,1095296
CTD,20200325,8.99,9.84,7.09,7.57,1348686
CTM,20200325,0.006,0.007,0.006,0.007,1301743
CTP,20200325,0.073,0.076,0.07,0.071,787981
CTX,20200325,21.66,22.58,20.42,21,1564081
CUE,20200325,0.071,0.079,0.071,0.073,391078
CUL,20200325,0.008,0.008,0.008,0.008,181818
CUP,20200325,0.765,0.8,0.76,0.77,143559
CUV,20200325,18.8,18.94,17.17,18.46,368012
CV1,20200325,0.06,0.06,0.051,0.051,142494
CVF,20200325,0.685,0.71,0.67,0.67,54365
CVL,20200325,0.4,0.435,0.4,0.435,14198
CVN,20200325,0.135,0.145,0.13,0.135,4781323
CVW,20200325,0.215,0.215,0.2,0.2,57838
CWL,20200325,0.09,0.094,0.09,0.094,1615000
CWN,20200325,7.22,7.24,6.47,6.75,3697370
CWP,20200325,3.53,3.81,3.26,3.36,258963
CWX,20200325,0.2,0.2,0.17,0.175,175804
CWY,20200325,1.655,1.665,1.56,1.625,16100634
CXL,20200325,0.56,0.6,0.54,0.555,94825
CXM,20200325,0.024,0.024,0.024,0.024,10000
CXO,20200325,0.015,0.021,0.015,0.015,5300300
CXU,20200325,0.015,0.015,0.015,0.015,66666
CXX,20200325,0.031,0.031,0.031,0.031,30000
CXZ,20200325,0.01,0.012,0.01,0.012,1078187
CY5,20200325,0.031,0.031,0.03,0.03,138373
CYC,20200325,0.95,0.95,0.94,0.94,8000
CYG,20200325,0.5,0.52,0.5,0.5,20908
CYL,20200325,2.1,2.14,2.1,2.12,22901
CYM,20200325,0.095,0.1,0.095,0.095,211326
CYP,20200325,0.67,0.735,0.67,0.7,75322
CZI,20200325,0.064,0.069,0.06,0.069,653849
CZN,20200325,0.002,0.002,0.002,0.002,1000000
D2O,20200325,1.1,1.14,1.05,1.075,94746
DAU,20200325,0.018,0.018,0.018,0.018,211429
DCC,20200325,0.015,0.016,0.015,0.015,1386425
DCL,20200325,0.023,0.025,0.018,0.025,365000
DDD,20200325,0.001,0.001,0.001,0.001,200000
DDR,20200325,4.74,4.865,4.44,4.7,259942
DEG,20200325,0.245,0.28,0.24,0.24,36258498
DEM,20200325,0.14,0.14,0.12,0.12,170535
DEV,20200325,0.035,0.035,0.031,0.035,402614
DGO,20200325,1.79,1.8,1.79,1.8,18733
DGR,20200325,0.047,0.047,0.047,0.047,134595
DHG,20200325,1.98,1.98,1.715,1.77,1436728
DHR,20200325,0.002,0.002,0.002,0.002,2460000
DIV,20200325,17.56,17.7,17.03,17.13,19104
DJW,20200325,2.16,2.25,2.1,2.2,204770
DME,20200325,0.185,0.185,0.185,0.185,2500
DMP,20200325,56.61,57.84,48.17,49,845499
DNA,20200325,0.031,0.032,0.029,0.031,1007569
DNK,20200325,0.32,0.325,0.305,0.32,110163
DOW,20200325,2.88,2.99,2.64,2.77,4235355
DRO,20200325,0.115,0.12,0.1,0.1,503959
DRX,20200325,0.009,0.009,0.009,0.009,39103
DSE,20200325,0.033,0.034,0.03,0.034,215600
DTC,20200325,0.595,0.6,0.5,0.5,34053
DTL,20200325,3.09,3.26,2.95,3.1,1156604
DTM,20200325,0.038,0.038,0.038,0.038,15000
DTS,20200325,0.095,0.095,0.095,0.095,467179
DUB,20200325,0.58,0.675,0.565,0.665,2194901
DUI,20200325,3.65,3.65,3.5,3.55,290253
DW8,20200325,0.005,0.005,0.005,0.005,4197049
DWS,20200325,0.56,0.625,0.545,0.56,342052
DXB,20200325,0.125,0.125,0.12,0.125,207960
DXN,20200325,0.015,0.015,0.013,0.013,209449
DXS,20200325,8.98,9.36,8.81,9.31,5665846
DYL,20200325,0.14,0.15,0.14,0.15,133265
E25,20200325,0.115,0.115,0.11,0.11,17000
E2E,20200325,0.001,0.001,0.001,0.001,622352
E2M,20200325,0.079,0.079,0.072,0.079,56240
EAF,20200325,1.18,1.185,1.18,1.18,37377
EAI,20200325,0.88,0.895,0.87,0.895,298907
EBO,20200325,22.3,22.3,21,22,2683
ECF,20200325,0.9,0.93,0.89,0.925,203642
ECL,20200325,1.13,1.13,1.13,1.13,2550
ECP,20200325,0.79,0.79,0.79,0.79,10000
ECS,20200325,0.019,0.023,0.019,0.019,1382371
ECT,20200325,0.001,0.001,0.001,0.001,650000
ECX,20200325,0.465,0.49,0.462,0.48,2405198
ED1,20200325,0.58,0.62,0.575,0.575,231473
EDE,20200325,0.023,0.023,0.02,0.022,870689
EEG,20200325,0.15,0.15,0.14,0.14,56666
EEU,20200325,17.35,17.38,17.35,17.36,2823
EFF,20200325,1.12,1.12,1.12,1.12,12823
EGD,20200325,2.22,2.26,2.22,2.26,49625
EGF,20200325,1.5,1.5,1.5,1.5,115884
EGG,20200325,0.8,0.88,0.795,0.85,61892
EGH,20200325,0.29,0.29,0.282,0.29,9320
EGI,20200325,0.79,0.805,0.75,0.76,243995
EHE,20200325,1.2,1.21,1.03,1.145,1537368
EHH,20200325,0.15,0.155,0.14,0.145,658116
EHL,20200325,0.65,0.775,0.63,0.775,3488266
EHX,20200325,0.085,0.085,0.085,0.085,223664
ELD,20200325,7.83,7.96,7.08,7.31,755667
ELO,20200325,4.15,4.32,3.89,4.05,92316
ELS,20200325,0.245,0.245,0.245,0.245,28433
ELT,20200325,0.001,0.001,0.001,0.001,125000
ELX,20200325,0.61,0.62,0.53,0.53,242435
EMD,20200325,0.04,0.05,0.038,0.05,298059
EMH,20200325,0.16,0.16,0.16,0.16,24584
EML,20200325,1.6,1.65,1.36,1.445,4674241
EMN,20200325,0.13,0.13,0.12,0.12,77690
EMP,20200325,0.02,0.021,0.02,0.02,85000
EMT,20200325,0.008,0.008,0.008,0.008,1000000
EMU,20200325,0.021,0.021,0.021,0.021,36
EMV,20200325,0.535,0.55,0.5,0.5,47873
EN1,20200325,0.016,0.017,0.016,0.016,594873
ENA,20200325,0.01,0.01,0.01,0.01,1759302
ENN,20200325,0.79,0.89,0.7,0.72,190209
ENR,20200325,0.072,0.072,0.072,0.072,1252
ENT,20200325,0.007,0.007,0.007,0.007,2000000
EOF,20200325,1.5,1.55,1.345,1.45,389685
EOL,20200325,1.725,1.725,1.56,1.56,8319
EOS,20200325,3.85,3.9,3.36,3.5,1342550
EPD,20200325,0.21,0.22,0.21,0.22,32643
EQE,20200325,0.005,0.005,0.005,0.005,25000
EQT,20200325,18.51,19.57,18.5,18.5,24682
EQX,20200325,0.23,0.23,0.23,0.23,5000
ERA,20200325,0.145,0.145,0.14,0.14,188229
ERF,20200325,0.825,0.825,0.8,0.8,13424
ERL,20200325,0.007,0.007,0.007,0.007,69950
ERM,20200325,0.082,0.084,0.078,0.084,651086
ERX,20200325,0.023,0.031,0.023,0.028,3706732
ESH,20200325,0.005,0.005,0.005,0.005,1894445
ETF,20200325,14.9,16.03,14.9,15.43,6882
EUC,20200325,0.011,0.011,0.011,0.011,1167585
EUR,20200325,0.04,0.042,0.036,0.038,3872765
EVE,20200325,0.003,0.004,0.003,0.003,5115992
EVN,20200325,4.5,4.58,4.17,4.39,20233536
EVO,20200325,0.051,0.062,0.051,0.062,1333535
EVS,20200325,0.086,0.09,0.083,0.084,1693171
EVT,20200325,6.32,6.74,6.32,6.74,233912
EVZ,20200325,0.074,0.08,0.074,0.08,152500
EWC,20200325,0.046,0.05,0.046,0.048,139802
EX1,20200325,0.175,0.18,0.175,0.175,40000
EXL,20200325,0.2,0.22,0.185,0.195,476892
EXP,20200325,0.04,0.063,0.04,0.06,637333
EXR,20200325,0.019,0.021,0.018,0.018,3915297
EZL,20200325,0.665,0.7,0.665,0.7,94996
FAM,20200325,0.021,0.021,0.021,0.021,26000
FAR,20200325,0.011,0.011,0.009,0.009,47870589
FAU,20200325,0.008,0.008,0.007,0.007,2872963
FBR,20200325,0.014,0.018,0.014,0.015,4798555
FBU,20200325,3.45,3.54,3.21,3.25,1705840
FCL,20200325,2.7,2.94,2.63,2.8,145711
FCT,20200325,0.1,0.12,0.095,0.11,292700
FDV,20200325,0.69,0.69,0.58,0.58,218211
FEX,20200325,0.03,0.03,0.028,0.029,1150000
FFG,20200325,0.004,0.004,0.004,0.004,716100
FFI,20200325,4.47,4.8,4.47,4.8,5490
FFL,20200325,0.145,0.145,0.14,0.14,93000
FGG,20200325,1.045,1.1,1.03,1.03,306992
FGO,20200325,0.001,0.001,0.001,0.001,105000
FGR,20200325,0.093,0.095,0.079,0.08,837230
FGX,20200325,0.875,0.875,0.82,0.825,378242
FHS,20200325,0.023,0.024,0.02,0.023,3222655
FID,20200325,3.51,4.05,3.51,3.9,52053
FLC,20200325,0.29,0.29,0.24,0.275,671367
FLN,20200325,0.3,0.32,0.29,0.305,63808
FMG,20200325,10.5,10.57,10.04,10.22,16228538
FML,20200325,0.165,0.165,0.16,0.16,10526
FMS,20200325,0.032,0.035,0.032,0.035,1107135
FNP,20200325,4.75,4.96,4.72,4.85,1201716
FNT,20200325,0.008,0.008,0.008,0.008,224000
FOD,20200325,0.071,0.075,0.068,0.069,1832053
FOR,20200325,0.585,0.61,0.58,0.61,249974
FPC,20200325,0.61,0.66,0.61,0.66,82859
FPH,20200325,28.5,29.19,26.74,27.36,1541335
FPL,20200325,0.002,0.002,0.002,0.002,3052760
FPP,20200325,0.6,0.6,0.6,0.6,59
FRI,20200325,0.555,0.65,0.555,0.63,82697
FRM,20200325,0.24,0.24,0.235,0.235,31074
FRN,20200325,0.013,0.013,0.013,0.013,250000
FSA,20200325,0.72,0.72,0.66,0.72,11844
FSF,20200325,3.61,3.65,3.61,3.65,1850
FTC,20200325,0.062,0.079,0.062,0.077,150000
FWD,20200325,1.19,1.195,1.12,1.12,77001
FXL,20200325,0.465,0.49,0.415,0.425,2819989
FYI,20200325,0.036,0.036,0.036,0.036,63000
FZO,20200325,0.08,0.08,0.077,0.079,35000
G1A,20200325,0.17,0.17,0.17,0.17,30000
G88,20200325,0.024,0.024,0.024,0.024,59560
GAL,20200325,0.1,0.12,0.1,0.1,598359
GAP,20200325,0.095,0.105,0.095,0.096,111777
GAS,20200325,0.4,0.4,0.4,0.4,19300
GC1,20200325,0.525,0.525,0.52,0.52,25000
GCI,20200325,1.465,1.58,1.45,1.53,227091
GDF,20200325,0.92,0.925,0.91,0.91,65703
GDG,20200325,0.45,0.45,0.45,0.45,28500
GDI,20200325,0.935,1.005,0.905,0.93,780881
GDX,20200325,41.97,43.74,41.78,41.98,108218
GEM,20200325,0.64,0.675,0.555,0.59,7430475
GES,20200325,0.006,0.006,0.006,0.006,46250
GEV,20200325,0.065,0.07,0.064,0.065,91192
GFL,20200325,1.55,1.62,1.55,1.62,13102
GGG,20200325,0.083,0.083,0.073,0.081,1196661
GID,20200325,0.002,0.003,0.002,0.003,327250
GLH,20200325,0.135,0.135,0.135,0.135,17736
GLL,20200325,0.41,0.42,0.4,0.42,597588
GLN,20200325,0.17,0.19,0.145,0.16,673201
GMA,20200325,1.49,1.555,1.425,1.5,1915577
GMD,20200325,0.025,0.028,0.025,0.026,2769340
GMG,20200325,11.72,11.93,11.01,11.74,8784950
GMR,20200325,0.005,0.005,0.005,0.005,1181508
GMV,20200325,0.044,0.045,0.04,0.042,667304
GNC,20200325,3.25,3.26,2.81,2.9,6081840
GNE,20200325,2.55,2.55,2.23,2.23,90682
GNG,20200325,0.7,0.805,0.7,0.765,27931
GNM,20200325,0.004,0.005,0.004,0.005,321590
GNX,20200325,0.1,0.11,0.1,0.1,537489
GO2,20200325,0.008,0.008,0.008,0.008,200000
GOR,20200325,1.4,1.45,1.29,1.365,12611064
GOW,20200325,1.45,1.45,1.45,1.45,200
GOZ,20200325,2.41,2.49,2.38,2.4,3311620
GPR,20200325,0.255,0.255,0.25,0.25,185000
GPT,20200325,3.64,3.67,3.38,3.54,9482582
GRB,20200325,0.048,0.05,0.046,0.047,2936944
GRL,20200325,0.13,0.135,0.105,0.105,184849
GRR,20200325,0.17,0.177,0.165,0.165,2082084
GSS,20200325,1.08,1.08,1,1.075,176170
GSW,20200325,0.325,0.35,0.31,0.33,942533
GTE,20200325,0.002,0.002,0.002,0.002,250025
GTG,20200325,0.004,0.005,0.004,0.004,664370
GTK,20200325,0.83,0.93,0.77,0.77,38479
GTN,20200325,0.38,0.45,0.35,0.45,50510
GTR,20200325,0.004,0.004,0.004,0.004,365328
GUD,20200325,8,8.53,7.87,8.5,523707
GUL,20200325,0.04,0.04,0.04,0.04,1545308
GVF,20200325,0.895,0.9,0.86,0.89,87350
GWA,20200325,2.55,2.73,2.52,2.59,2735076
GWR,20200325,0.057,0.057,0.057,0.057,2222
GXY,20200325,0.835,0.86,0.775,0.785,2210867
HAS,20200325,0.063,0.072,0.063,0.068,384770
HAV,20200325,0.075,0.075,0.074,0.075,132000
HAW,20200325,0.085,0.089,0.085,0.089,86495
HCH,20200325,0.011,0.013,0.011,0.012,9676052
HCT,20200325,0.105,0.105,0.097,0.097,1785502
HE8,20200325,0.086,0.09,0.083,0.089,1162171
HFR,20200325,0.33,0.37,0.28,0.28,160845
HGO,20200325,0.039,0.039,0.039,0.039,118000
HIL,20200325,0.16,0.175,0.16,0.17,262394
HIT,20200325,0.9,0.905,0.9,0.9,15369
HLA,20200325,0.57,0.6,0.56,0.56,64477
HLO,20200325,0.925,0.95,0.85,0.9,334878
HLS,20200325,2.26,2.4,2.2,2.38,2217256
HLX,20200325,0.005,0.005,0.005,0.005,1200000
HM1,20200325,2.18,2.26,2.14,2.18,328607
HMC,20200325,1.65,1.78,1.58,1.58,105656
HMD,20200325,0.09,0.14,0.09,0.135,2199201
HMX,20200325,0.012,0.012,0.011,0.011,550000
HNR,20200325,0.003,0.003,0.003,0.003,535872
HPI,20200325,1.6,1.755,1.59,1.72,1914195
HRR,20200325,0.027,0.027,0.022,0.022,1382217
HRZ,20200325,0.065,0.07,0.064,0.07,479069
HSC,20200325,0.003,0.003,0.003,0.003,1100000
HSN,20200325,2.99,3.03,2.93,3,502849
HT1,20200325,1,1.08,0.965,1.035,146076
HTA,20200325,0.105,0.11,0.102,0.11,136622
HUB,20200325,7.01,7.33,6.51,6.8,387344
HUO,20200325,3.53,3.67,3.53,3.55,5741
HVM,20200325,0.14,0.14,0.13,0.13,16500
HVN,20200325,2.79,2.91,2.62,2.77,6199625
HWH,20200325,0.015,0.015,0.015,0.015,12000
HWK,20200325,0.004,0.004,0.004,0.004,1744482
HXG,20200325,0.035,0.035,0.031,0.031,45000
HYD,20200325,0.1,0.105,0.1,0.105,109665
HZN,20200325,0.049,0.049,0.045,0.046,438125
HZR,20200325,0.275,0.29,0.26,0.265,224550
IAA,20200325,90.51,92.75,89.95,90.5,25847
IAF,20200325,115.56,115.69,114.56,114.8,26402
IAG,20200325,5.98,6.1,5.79,6.1,8299824
IAP,20200325,1.07,1.13,1.03,1.05,455028
IBC,20200325,0.33,0.35,0.33,0.35,187825
IBG,20200325,0.006,0.006,0.005,0.005,1234000
IBX,20200325,0.016,0.016,0.01,0.01,11060300
ICE,20200325,0.12,0.13,0.11,0.13,226000
ICG,20200325,0.001,0.001,0.001,0.001,4555045
ICI,20200325,0.012,0.012,0.012,0.012,20000
ICQ,20200325,0.18,0.18,0.145,0.15,807476
IDT,20200325,0.086,0.086,0.086,0.086,18750
IDX,20200325,2.1,2.17,1.955,2.14,1438605
IDZ,20200325,0.002,0.002,0.002,0.002,132000
IEL,20200325,12.17,12.17,11.11,11.56,1830370
IEM,20200325,53.41,56.07,53.41,54.46,46671
IEU,20200325,53.01,55.5,53.01,55.15,25783
IFL,20200325,3.04,3.23,2.92,3.23,2905605
IFM,20200325,1.39,1.45,1.265,1.38,672525
IFN,20200325,0.44,0.47,0.375,0.405,4735226
IFT,20200325,3.5,3.6,3.5,3.6,5244
IGB,20200325,114,114.87,113.83,114.84,4157
IGL,20200325,0.36,0.425,0.292,0.305,2108757
IGO,20200325,4.06,4.3,4.02,4.3,6458286
IHD,20200325,10.01,10.42,9.98,10.42,213733
IHL,20200325,0.032,0.035,0.029,0.031,6402675
IHR,20200325,0.031,0.034,0.03,0.031,630865
IJH,20200325,227,230,214,215,1506
IJP,20200325,77.55,81.65,77.4,80.5,33908
IJR,20200325,85.72,88.2,83.71,83.87,2619
IKO,20200325,74.14,77,74.14,75.25,2880
ILB,20200325,116.88,117.99,116.26,116.36,7380
ILC,20200325,20.58,20.58,19.54,19.95,66204
ILU,20200325,7.2,7.6,6.88,7.17,3900636
IMA,20200325,0.135,0.135,0.125,0.125,254287
IMC,20200325,0.08,0.08,0.05,0.064,506366
IMD,20200325,0.82,0.865,0.76,0.8,1767251
IME,20200325,0.016,0.016,0.016,0.016,555000
IMF,20200325,3.5,3.6,3.4,3.6,957060
IMM,20200325,0.32,0.32,0.14,0.17,12348860
IMR,20200325,0.85,0.85,0.8,0.85,19695
IMS,20200325,0.003,0.003,0.003,0.003,1000000
IMU,20200325,0.019,0.019,0.018,0.018,8018762
INA,20200325,3.03,3.07,2.87,2.97,2410847
INF,20200325,0.037,0.047,0.036,0.039,3080337
ING,20200325,3.45,3.55,3.44,3.53,4201148
INP,20200325,0.01,0.01,0.01,0.01,866
INR,20200325,0.081,0.085,0.076,0.076,2178614
IOD,20200325,0.069,0.082,0.069,0.082,283081
IOO,20200325,70.6,71.99,68.01,69.72,94283
IOZ,20200325,20.73,20.93,19.79,20.05,580093
IP1,20200325,0.003,0.003,0.003,0.003,13122
IPD,20200325,0.054,0.054,0.043,0.047,1486680
IPH,20200325,6.56,7.03,6.35,7.03,1150711
IPL,20200325,1.78,1.835,1.735,1.8,6535760
IPT,20200325,0.005,0.005,0.004,0.004,18790200
IRD,20200325,0.053,0.053,0.053,0.053,24450
IRE,20200325,9.91,10.29,9.47,9.98,875811
IRI,20200325,2.44,2.46,2.34,2.34,578332
ISD,20200325,0.12,0.12,0.11,0.115,311693
ISO,20200325,3.5,3.51,3.35,3.35,58758
ISU,20200325,0.18,0.235,0.18,0.22,37376
ITG,20200325,0.2,0.2,0.175,0.185,56072
IVC,20200325,10.48,10.51,9.07,9.83,2508799
IVE,20200325,82.9,85.59,82.88,83.74,7057
IVR,20200325,0.014,0.015,0.014,0.014,2881310
IVV,20200325,405.25,419.52,402.89,406.38,30230
IVX,20200325,0.007,0.007,0.007,0.007,1325000
IVZ,20200325,0.01,0.011,0.01,0.01,500637
IXC,20200325,0.65,0.7,0.61,0.61,41792
IXI,20200325,74.63,75.15,73.49,73.49,4232
IXJ,20200325,92.01,92.98,90.7,91.83,10676
IXR,20200325,0.005,0.005,0.005,0.005,286017
IZZ,20200325,61,61.7,60.74,60.74,4120
JAL,20200325,0.15,0.15,0.15,0.15,5000
JAN,20200325,0.26,0.26,0.25,0.26,96493
JAT,20200325,0.037,0.038,0.035,0.035,570000
JAY,20200325,0.07,0.07,0.07,0.07,4000
JBH,20200325,26,26.34,22.75,23.5,1355634
JDR,20200325,0.006,0.007,0.006,0.007,199676
JHC,20200325,0.435,0.445,0.405,0.43,3056896
JHG,20200325,23.32,23.32,22.19,22.87,268023
JHX,20200325,18.07,18.97,16.3,17,2860683
JIN,20200325,9.56,9.84,8.83,9.64,864948
JLG,20200325,2.05,2.17,1.95,2.15,432152
JMS,20200325,0.205,0.215,0.2,0.215,2447876
JRV,20200325,0.145,0.16,0.14,0.145,256332
JXT,20200325,0.023,0.025,0.02,0.022,446287
JYC,20200325,0.88,0.88,0.87,0.87,4000
KAI,20200325,0.006,0.006,0.005,0.005,5173734
KAM,20200325,0.034,0.034,0.029,0.034,170605
KAR,20200325,0.42,0.435,0.39,0.405,5761258
KAS,20200325,0.02,0.02,0.02,0.02,50000
KAT,20200325,0.575,0.575,0.57,0.57,12130
KAU,20200325,0.155,0.155,0.15,0.15,71196
KCN,20200325,0.365,0.39,0.33,0.33,499324
KEY,20200325,0.003,0.003,0.003,0.003,333000
KFE,20200325,0.024,0.025,0.021,0.021,983816
KGL,20200325,0.1,0.1,0.094,0.094,105881
KGM,20200325,0.004,0.004,0.004,0.004,178273
KGN,20200325,4.86,5.14,4.7,4.82,1032493
KIN,20200325,0.045,0.049,0.045,0.047,257712
KKC,20200325,1.35,1.4,1.25,1.3,1105249
KLA,20200325,53.51,55,52.65,53.45,2741
KMD,20200325,0.77,0.84,0.75,0.75,911064
KME,20200325,0.79,0.82,0.78,0.8,176370
KNM,20200325,0.016,0.016,0.011,0.011,368655
KOR,20200325,0.005,0.005,0.005,0.005,470000
KOV,20200325,3.2,3.2,3,3,1150
KP2,20200325,0.01,0.01,0.01,0.01,200000
KPO,20200325,0.02,0.023,0.019,0.019,2889514
KRM,20200325,0.03,0.03,0.028,0.028,654643
KRR,20200325,0.02,0.02,0.02,0.02,292167
KSC,20200325,1.5,1.5,1.46,1.46,15555
KSL,20200325,0.7,0.795,0.695,0.745,738630
KSN,20200325,0.085,0.09,0.085,0.09,239033
KSS,20200325,0.195,0.21,0.195,0.195,92951
KTA,20200325,0.031,0.034,0.031,0.031,825656
KTD,20200325,0.23,0.35,0.225,0.31,1810241
KTG,20200325,0.06,0.067,0.06,0.067,298189
KWR,20200325,0.093,0.105,0.093,0.105,367158
KYK,20200325,0.039,0.04,0.039,0.04,134490
KZA,20200325,0.46,0.46,0.445,0.45,92044
KZR,20200325,0.355,0.37,0.31,0.315,415195
LAU,20200325,0.33,0.33,0.31,0.31,28480
LAW,20200325,0.028,0.029,0.025,0.027,767411
LBL,20200325,0.285,0.36,0.285,0.3,343013
LBT,20200325,0.1,0.115,0.095,0.105,959557
LCK,20200325,0.091,0.095,0.088,0.089,459097
LCL,20200325,0.018,0.018,0.017,0.017,830937
LCT,20200325,0.01,0.01,0.01,0.01,128423
LEG,20200325,0.064,0.067,0.061,0.063,2715963
LEP,20200325,3.99,3.99,3.6,3.72,223630
LER,20200325,0.015,0.015,0.015,0.015,40657
LEX,20200325,0.19,0.19,0.185,0.185,57710
LGP,20200325,0.2,0.2,0.18,0.2,49594
LIC,20200325,5.97,5.97,5,5.01,599509
LIN,20200325,0.011,0.013,0.011,0.012,15524263
LIT,20200325,0.035,0.039,0.034,0.039,2722829
LKE,20200325,0.026,0.029,0.026,0.026,2835370
LLC,20200325,10.2,10.56,9.525,9.92,2563402
LMG,20200325,0.007,0.007,0.007,0.007,90000
LNK,20200325,3.08,3.11,2.84,3.04,3217684
LNU,20200325,0.01,0.01,0.009,0.009,271000
LOM,20200325,0.082,0.082,0.063,0.07,1237220
LON,20200325,0.08,0.08,0.08,0.08,50000
LOT,20200325,0.021,0.027,0.021,0.027,2260625
LOV,20200325,3.84,4,3.5,3.84,1000890
LPD,20200325,0.007,0.008,0.007,0.007,9961856
LPE,20200325,0.2,0.2,0.17,0.175,25150
LPI,20200325,0.145,0.165,0.115,0.125,557347
LRS,20200325,0.002,0.003,0.002,0.003,452204
LSA,20200325,0.004,0.005,0.004,0.005,330000
LSF,20200325,0.82,0.86,0.785,0.8,1601417
LSH,20200325,0.05,0.053,0.034,0.049,2779485
LSR,20200325,0.005,0.006,0.005,0.006,2018293
LSX,20200325,0.4,0.4,0.33,0.33,83274
LTR,20200325,0.067,0.069,0.059,0.06,4468901
LVH,20200325,0.091,0.1,0.085,0.085,577437
LVT,20200325,0.15,0.155,0.13,0.13,2203020
LYC,20200325,1.3,1.355,1.25,1.305,4807669
LYL,20200325,4,4.01,3.94,3.94,75339
M7T,20200325,0.435,0.475,0.4,0.425,493582
MA1,20200325,0.7,0.705,0.655,0.675,63490
MAD,20200325,0.8,0.8,0.8,0.8,700
MAG,20200325,0.24,0.255,0.235,0.25,579620
MAH,20200325,0.17,0.175,0.155,0.16,1536957
MAI,20200325,0.26,0.28,0.26,0.28,3536
MAM,20200325,0.195,0.24,0.195,0.24,53329
MAN,20200325,0.01,0.01,0.01,0.01,32000
MAQ,20200325,20.51,21.21,20.5,20.79,3764
MAT,20200325,0.095,0.1,0.09,0.092,1146405
MAU,20200325,0.54,0.54,0.535,0.54,133717
MAY,20200325,0.004,0.004,0.003,0.003,508632
MCA,20200325,0.098,0.098,0.098,0.098,67236
MCE,20200325,0.2,0.215,0.175,0.2,30686
MCP,20200325,1.85,1.867,1.71,1.72,176812
MCR,20200325,0.5,0.515,0.47,0.47,1706608
MCT,20200325,0.003,0.003,0.003,0.003,2466683
MDC,20200325,0.155,0.19,0.155,0.18,236546
MDI,20200325,0.007,0.008,0.007,0.007,6398767
MDR,20200325,0.38,0.42,0.33,0.33,337244
MEA,20200325,0.17,0.19,0.17,0.18,64396
MEB,20200325,0.006,0.006,0.006,0.006,1900000
MEC,20200325,0.705,0.73,0.705,0.73,25930
MEI,20200325,0.009,0.009,0.008,0.008,3617402
MEL,20200325,0.025,0.025,0.025,0.025,100000
MEP,20200325,0.024,0.028,0.024,0.028,186896
MEU,20200325,0.024,0.025,0.024,0.025,692898
MEY,20200325,0.042,0.042,0.042,0.042,35000
MEZ,20200325,3.96,4.3,3.85,4.3,60579
MFD,20200325,0.52,0.55,0.5,0.51,72938
MFF,20200325,2.58,2.71,2.52,2.53,776855
MFG,20200325,39.79,42.14,38.08,40.8,2440631
MGE,20200325,3.8,3.85,3.72,3.76,1936906
MGG,20200325,1.52,1.555,1.42,1.43,2231258
MGL,20200325,0.012,0.012,0.012,0.012,10415
MGR,20200325,1.87,2.01,1.87,2.01,27762364
MGT,20200325,0.001,0.001,0.001,0.001,5209842
MGV,20200325,0.09,0.09,0.088,0.09,143850
MGX,20200325,0.75,0.78,0.69,0.71,3638170
MHG,20200325,2.96,2.97,2.92,2.95,963355
MHH,20200325,1.27,1.315,1.205,1.205,1039790
MHJ,20200325,0.225,0.24,0.225,0.235,55876
MIL,20200325,0.215,0.215,0.215,0.215,10000
MIN,20200325,13.6,14.23,13.48,14.23,1502194
MIO,20200325,0.1,0.1,0.1,0.1,3235
MIR,20200325,1.78,1.84,1.75,1.8,85298
MKG,20200325,0.031,0.035,0.03,0.03,572224
MLD,20200325,0.55,0.59,0.515,0.57,890135
MLL,20200325,0.045,0.048,0.04,0.041,495622
MLM,20200325,0.007,0.007,0.007,0.007,6000
MLT,20200325,3.34,3.48,3.26,3.38,262903
MLX,20200325,0.057,0.066,0.054,0.056,2280402
MME,20200325,0.62,0.65,0.58,0.6,95295
MMI,20200325,0.091,0.095,0.09,0.095,870872
MMJ,20200325,0.071,0.071,0.067,0.067,129571
MML,20200325,0.54,0.57,0.53,0.54,254252
MMM,20200325,0.69,0.74,0.485,0.545,3263603
MMS,20200325,7.42,7.42,6.22,6.58,428792
MND,20200325,10.2,10.425,8.61,9.38,584881
MNF,20200325,4.1,4.61,4.03,4.5,559661
MNS,20200325,0.055,0.057,0.053,0.057,213687
MNW,20200325,0.007,0.007,0.007,0.007,450002
MNY,20200325,0.94,0.97,0.88,0.97,813123
MOC,20200325,0.59,0.62,0.57,0.62,126633
MOE,20200325,1.695,1.7,1.25,1.26,566349
MOH,20200325,0.061,0.061,0.054,0.054,222119
MOQ,20200325,0.1,0.1,0.1,0.1,40000
MOT,20200325,1.49,1.55,1.4,1.4,70004
MOZ,20200325,0.3,0.3,0.23,0.23,185460
MP1,20200325,8.01,8.67,7.91,8.67,1822831
MPH,20200325,0.145,0.15,0.13,0.15,38199
MPL,20200325,2.75,2.82,2.62,2.73,21120736
MPR,20200325,0.008,0.009,0.008,0.009,823291
MPW,20200325,0.038,0.039,0.038,0.039,70000
MQG,20200325,90,90.49,80.8,84.52,3522488
MQR,20200325,0.034,0.034,0.034,0.034,16000
MRD,20200325,0.001,0.001,0.001,0.001,943369
MRG,20200325,0.011,0.011,0.009,0.009,686700
MRM,20200325,0.07,0.08,0.07,0.072,1373713
MRQ,20200325,0.005,0.005,0.004,0.004,10460652
MRZ,20200325,0.19,0.19,0.19,0.19,63000
MSB,20200325,1.255,1.32,1.13,1.19,4617798
MSM,20200325,0.007,0.008,0.006,0.006,1122034
MSR,20200325,0.002,0.002,0.002,0.002,300000
MSV,20200325,0.305,0.315,0.28,0.28,227616
MTB,20200325,0.002,0.002,0.002,0.002,129043
MTC,20200325,0.039,0.039,0.039,0.039,190000
MTH,20200325,0.006,0.008,0.006,0.008,1445000
MTO,20200325,0.65,0.81,0.6,0.6,66950
MTS,20200325,3.25,3.35,3.14,3.31,11768218
MVA,20200325,14.76,15.71,14.76,15.25,108661
MVB,20200325,17.23,17.23,16.52,17.12,34585
MVE,20200325,20.81,20.81,19.62,19.82,10739
MVF,20200325,0.41,0.445,0.41,0.425,905502
MVP,20200325,5.01,5.21,4.2,4.3,384412
MVR,20200325,22.34,22.34,21.7,21.75,5922
MVS,20200325,14.9,14.9,13.17,13.17,13753
MVW,20200325,22.51,22.51,21.16,21.25,74310
MWR,20200325,0.075,0.089,0.07,0.07,405265
MWY,20200325,1,1,0.9,0.99,46013
MX1,20200325,0.115,0.125,0.11,0.11,344436
MXI,20200325,0.12,0.135,0.115,0.135,93114
MXR,20200325,0.029,0.029,0.025,0.025,40996
MXT,20200325,1.59,1.6,1.48,1.5,963730
MYE,20200325,0.55,0.55,0.51,0.53,217851
MYL,20200325,0.035,0.035,0.031,0.035,3368709
MYQ,20200325,0.075,0.085,0.075,0.08,168196
MYR,20200325,0.13,0.135,0.105,0.11,7682387
MYS,20200325,3.35,3.56,3.2,3.3,275380
MYX,20200325,0.235,0.25,0.225,0.245,7202738
MZZ,20200325,0.13,0.13,0.12,0.12,296062
NAB,20200325,15.55,15.79,14.9,15.79,16650073
NAC,20200325,0.64,0.64,0.59,0.59,100714
NAN,20200325,5,5.09,4.78,4.91,1716554
NBI,20200325,1.23,1.31,1.21,1.24,779176
NCC,20200325,0.835,0.84,0.8,0.8,12381
NCK,20200325,3.45,3.57,3.23,3.29,745217
NCM,20200325,26.23,26.28,24.9,25.88,4782293
NCR,20200325,0.005,0.005,0.005,0.005,14256
NCZ,20200325,0.058,0.064,0.056,0.056,1197404
NDQ,20200325,21.5,21.6,20.92,21.07,186232
NEA,20200325,0.98,0.98,0.83,0.86,6834323
NEC,20200325,0.985,0.985,0.92,0.945,10219626
NES,20200325,0.035,0.035,0.035,0.035,322603
NEU,20200325,1.095,1.165,1,1,352402
NEW,20200325,1.05,1.05,1,1.02,262465
NGI,20200325,1.88,2.17,1.83,2.17,398869
NHC,20200325,1.3,1.33,1.17,1.26,4851923
NHF,20200325,5.04,5.23,4.79,4.9,2778629
NIC,20200325,0.395,0.425,0.365,0.425,29504945
NML,20200325,0.064,0.064,0.06,0.063,514729
NMT,20200325,0.165,0.165,0.155,0.165,1083527
NNW,20200325,0.046,0.06,0.046,0.055,242014
NOR,20200325,0.025,0.025,0.023,0.024,299632
NOV,20200325,0.096,0.096,0.096,0.096,35000
NOX,20200325,0.125,0.135,0.11,0.11,272910
NSB,20200325,0.15,0.155,0.15,0.155,7548
NSC,20200325,0.36,0.38,0.36,0.37,417698
NSR,20200325,1.5,1.57,1.46,1.53,9863374
NST,20200325,14.2,14.4,12.75,13.5,8532969
NSX,20200325,0.094,0.1,0.094,0.1,5210
NTD,20200325,0.245,0.255,0.245,0.245,165860
NTM,20200325,0.051,0.051,0.05,0.05,624414
NTO,20200325,0.9,0.92,0.85,0.87,136668
NTU,20200325,0.023,0.024,0.022,0.022,3976859
NUC,20200325,1.445,1.505,1.445,1.5,37435
NUF,20200325,4.78,5,4.51,5,4595114
NUH,20200325,0.011,0.012,0.011,0.012,983600
NUS,20200325,0.23,0.24,0.22,0.24,57599
NVA,20200325,0.03,0.031,0.028,0.029,5297027
NVL,20200325,3.67,3.69,3.66,3.67,4032045
NVO,20200325,0.007,0.007,0.005,0.005,3132209
NVU,20200325,0.03,0.03,0.03,0.03,13369
NVX,20200325,0.31,0.38,0.28,0.295,100157
NWC,20200325,0.005,0.006,0.005,0.006,523117
NWE,20200325,0.002,0.002,0.002,0.002,670000
NWF,20200325,0.147,0.15,0.147,0.15,22448
NWH,20200325,1.24,1.41,1.13,1.2,9698051
NWL,20200325,6.26,6.45,6.06,6.35,720447
NWS,20200325,14.4,15.3,14.075,14.47,467902
NXS,20200325,1.22,1.23,1.05,1.12,266557
NXT,20200325,7.94,8.19,7.49,7.74,3141159
NYR,20200325,0.12,0.12,0.115,0.115,165000
NZM,20200325,0.16,0.18,0.16,0.175,347911
NZS,20200325,0.008,0.011,0.007,0.01,7527361
OAR,20200325,0.003,0.003,0.003,0.003,1168333
OAU,20200325,0.012,0.012,0.012,0.012,50000
OBM,20200325,0.125,0.13,0.11,0.125,1970214
OCA,20200325,0.63,0.63,0.63,0.63,761
OCC,20200325,0.235,0.25,0.21,0.23,978662
OCL,20200325,4.59,4.59,4.5,4.55,4396
OEC,20200325,0.445,0.45,0.44,0.44,138762
OEX,20200325,0.002,0.002,0.002,0.002,500000
OFX,20200325,1.2,1.28,1.08,1.08,685048
OGA,20200325,0.076,0.076,0.07,0.075,221343
OGC,20200325,1.6,1.6,1.475,1.53,855266
OIL,20200325,0.02,0.02,0.02,0.02,509316
OKJ,20200325,0.028,0.028,0.028,0.028,1164
OKU,20200325,0.165,0.18,0.165,0.18,944283
OLI,20200325,0.051,0.052,0.049,0.05,436939
OLL,20200325,0.255,0.265,0.21,0.21,1578537
OMH,20200325,0.37,0.37,0.3,0.315,121217
ONE,20200325,0.036,0.055,0.036,0.055,200000
ONT,20200325,4.76,4.76,4.76,4.76,160
ONX,20200325,0.037,0.037,0.03,0.033,453325
OOO,20200325,6.5,6.53,6.25,6.29,583967
OPC,20200325,3.71,3.8,3.71,3.79,28645
OPH,20200325,1.91,1.99,1.89,1.89,83889
OPT,20200325,1.62,1.75,1.575,1.59,1852154
OPY,20200325,0.355,0.385,0.345,0.365,239547
ORA,20200325,2.52,2.59,2.35,2.48,4900966
ORE,20200325,2.2,2.32,2.01,2.21,1417024
ORG,20200325,4.25,4.38,4.19,4.3,11189050
ORI,20200325,15.36,16.52,14.67,15.64,1908827
ORN,20200325,0.012,0.013,0.012,0.013,270000
ORR,20200325,0.26,0.265,0.25,0.25,774939
OSH,20200325,2.25,2.27,2.03,2.14,20233878
OSL,20200325,0.105,0.11,0.1,0.105,217647
OSP,20200325,0.011,0.012,0.011,0.012,585180
OSX,20200325,0.315,0.32,0.285,0.32,77282
OTW,20200325,1.95,2.14,1.95,2.14,11814
OVH,20200325,0.115,0.135,0.11,0.135,1355031
OVN,20200325,0.19,0.2,0.175,0.18,797970
OVT,20200325,0.012,0.014,0.01,0.012,965959
OZF,20200325,12.99,12.99,12.99,12.99,10623
OZG,20200325,0.11,0.11,0.11,0.11,50000
OZL,20200325,6.9,7.26,6.63,6.98,2797831
OZR,20200325,9.03,9.03,8.84,8.84,16064
P2P,20200325,0.045,0.045,0.045,0.045,185000
PAA,20200325,0.064,0.068,0.064,0.064,129846
PAB,20200325,0.012,0.012,0.012,0.012,274104
PAC,20200325,4.22,4.26,4.15,4.26,19657
PAF,20200325,0.62,0.66,0.62,0.65,132105
PAI,20200325,0.92,0.93,0.915,0.92,668751
PAL,20200325,0.57,0.6,0.57,0.57,112748
PAN,20200325,0.145,0.155,0.125,0.125,1868739
PAR,20200325,1.98,1.985,1.48,1.545,2541127
PBH,20200325,1.6,1.7,1.25,1.3,1991224
PBP,20200325,1.69,1.83,1.69,1.825,23289
PCG,20200325,0.845,0.845,0.82,0.82,8000
PCI,20200325,0.74,0.82,0.74,0.79,408561
PCK,20200325,0.079,0.085,0.078,0.08,2772230
PCL,20200325,0.001,0.001,0.001,0.001,2085000
PDI,20200325,0.007,0.007,0.007,0.007,300000
PDL,20200325,3.84,4,3.605,4,2374589
PDN,20200325,0.05,0.06,0.04,0.045,13536000
PDZ,20200325,0.135,0.135,0.135,0.135,10000
PE1,20200325,1.195,1.25,1.1,1.225,609945
PEK,20200325,0.02,0.022,0.019,0.022,891958
PEN,20200325,0.09,0.098,0.088,0.089,337860
PET,20200325,0.4,0.42,0.345,0.35,1416171
PFP,20200325,2.34,2.38,2.15,2.18,539197
PGC,20200325,0.11,0.115,0.095,0.1,1156887
PGF,20200325,0.85,0.86,0.8,0.82,728649
PGG,20200325,1.22,1.28,1.215,1.28,331248
PGH,20200325,1.36,1.435,1.34,1.415,749354
PGL,20200325,0.54,0.55,0.44,0.495,114197
PGM,20200325,0.012,0.012,0.012,0.012,735558
PGX,20200325,0.12,0.12,0.11,0.11,108274
PGY,20200325,0.012,0.012,0.012,0.012,35660
PIA,20200325,0.82,0.85,0.82,0.845,510099
PIC,20200325,0.665,0.68,0.635,0.64,620471
PIO,20200325,0.01,0.01,0.009,0.009,403150
PIQ,20200325,0.22,0.22,0.22,0.22,49218
PKS,20200325,0.088,0.088,0.087,0.087,271927
PL8,20200325,0.82,0.84,0.82,0.84,386335
PLL,20200325,0.071,0.074,0.067,0.071,826388
PLS,20200325,0.17,0.177,0.15,0.165,19333138
PM8,20200325,0.125,0.125,0.12,0.12,106900
PMC,20200325,1.24,1.28,1.21,1.21,150541
PME,20200325,18.5,18.5,16.53,16.97,499154
PMV,20200325,9.84,10.29,9.59,10.27,398823
PMY,20200325,0.003,0.003,0.002,0.003,15966083
PNC,20200325,0.36,0.41,0.24,0.39,504232
PNI,20200325,2.93,3.02,2.37,2.51,1411867
PNN,20200325,0.002,0.002,0.001,0.001,440025
PNR,20200325,0.092,0.092,0.085,0.086,1867881
PNV,20200325,1.53,1.575,1.365,1.44,4663169
PNX,20200325,0.004,0.005,0.004,0.004,1818412
PO3,20200325,1.995,2.15,1.95,2.04,7338
POU,20200325,19.29,19.36,19.19,19.19,1037
PPC,20200325,0.57,0.665,0.565,0.59,3131353
PPE,20200325,1.14,1.155,0.93,0.95,612442
PPG,20200325,0.075,0.08,0.075,0.08,219385
PPH,20200325,3.15,3.32,3.03,3.14,361399
PPK,20200325,2.29,2.29,1.9,1.9,340055
PPS,20200325,0.225,0.24,0.21,0.215,1824824
PPT,20200325,21.6,23.05,21.33,21.59,491262
PRM,20200325,0.001,0.001,0.001,0.001,1000000
PRN,20200325,0.515,0.525,0.46,0.525,16156441
PRO,20200325,0.35,0.39,0.3,0.3,171895
PRT,20200325,0.097,0.1,0.095,0.095,322848
PRU,20200325,1.02,1.085,1.017,1.06,11519993
PRX,20200325,0.035,0.04,0.035,0.037,347313
PSA,20200325,0.017,0.017,0.016,0.017,4197970
PSI,20200325,2.37,2.4,2.37,2.4,23957
PSQ,20200325,0.88,0.9,0.76,0.76,93868
PSZ,20200325,0.019,0.019,0.017,0.017,113185
PTB,20200325,0.36,0.37,0.33,0.34,486682
PTL,20200325,0.36,0.365,0.34,0.345,423493
PTM,20200325,3.07,3.37,2.98,3.12,1670185
PTX,20200325,0.027,0.028,0.025,0.026,619567
PUA,20200325,0.01,0.01,0.009,0.009,100000
PUR,20200325,0.003,0.003,0.002,0.002,6753275
PVE,20200325,0.044,0.044,0.044,0.044,30000
PVS,20200325,1,1,0.9,0.93,66206
PWG,20200325,0.79,0.8,0.785,0.785,49010
PWH,20200325,2.85,2.9,2.78,2.9,73914
PWL,20200325,0.11,0.12,0.1,0.1,1183538
PWN,20200325,0.003,0.003,0.003,0.003,840000
PXS,20200325,0.07,0.07,0.065,0.065,207261
PXX,20200325,0.016,0.016,0.015,0.015,82000
PYC,20200325,0.053,0.06,0.053,0.06,2610516
QAN,20200325,2.95,3.4,2.92,3.27,43807293
QAU,20200325,16,16.55,16,16.17,314943
QBE,20200325,8.64,8.88,8.31,8.88,8185462
QCB,20200325,6.31,6.31,6.31,6.31,75
QFE,20200325,0.145,0.15,0.13,0.14,338392
QFN,20200325,7.4,7.4,7.2,7.2,5509
QGL,20200325,0.035,0.035,0.035,0.035,35000
QHL,20200325,0.062,0.063,0.059,0.06,520354
QOZ,20200325,9.94,9.94,9.59,9.67,163143
QRE,20200325,5,5,4.83,4.85,12788
QRI,20200325,1.17,1.32,1.17,1.3,283690
QTM,20200325,0.03,0.03,0.03,0.03,25000
QUB,20200325,1.955,2.05,1.835,1.93,9676446
QUS,20200325,30,31.2,30,30.81,39298
QVE,20200325,0.7,0.7,0.66,0.66,110968
RAC,20200325,0.27,0.275,0.23,0.23,217288
RAN,20200325,0.009,0.009,0.009,0.009,13900
RAP,20200325,0.17,0.185,0.13,0.13,8289862
RBL,20200325,0.7,0.7,0.48,0.52,181007
RCB,20200325,19.99,20.39,19.62,19.8,14293
RCE,20200325,0.255,0.27,0.235,0.245,221486
RCL,20200325,0.35,0.35,0.285,0.3,187656
RCT,20200325,1.64,1.64,1.64,1.64,2000
RDC,20200325,0.42,0.525,0.42,0.5,943497
RDG,20200325,0.014,0.014,0.014,0.014,108000
RDM,20200325,0.047,0.047,0.047,0.047,100000
RDS,20200325,0.004,0.004,0.004,0.004,100000
RDV,20200325,20.28,20.33,19.94,19.94,2093
RDY,20200325,1.005,1.055,1,1.005,63740
REA,20200325,71,72,62.8,69,745844
RED,20200325,0.255,0.285,0.225,0.235,6900580
REG,20200325,1.095,1.24,0.94,1.135,1875453
REH,20200325,8.7,8.72,8.01,8.37,256697
REX,20200325,0.415,0.495,0.39,0.48,120269
REZ,20200325,0.009,0.009,0.007,0.007,1891532
RF1,20200325,1.4,1.45,1.38,1.43,73673
RFF,20200325,1.85,1.907,1.815,1.88,779717
RFG,20200325,0.032,0.035,0.031,0.031,3598569
RFT,20200325,0.024,0.026,0.024,0.024,673605
RFX,20200325,0.025,0.028,0.025,0.025,1801713
RGB,20200325,23.4,23.41,23.4,23.41,4492
RGI,20200325,0.049,0.049,0.046,0.046,117001
RGS,20200325,0.083,0.083,0.075,0.078,14500
RHC,20200325,57.18,57.55,48.15,50.52,1748576
RHP,20200325,1.6,1.68,1.36,1.49,289739
RHT,20200325,0.099,0.107,0.099,0.107,556466
RIC,20200325,0.78,0.78,0.7,0.7,193452
RIM,20200325,0.003,0.003,0.002,0.002,7000000
RIO,20200325,86,86.9,81.835,83.82,2981221
RKN,20200325,0.45,0.455,0.45,0.45,5928
RLC,20200325,0.002,0.002,0.002,0.002,46600
RLG,20200325,0.012,0.012,0.012,0.012,90000
RLT,20200325,0.95,1.03,0.95,1,26784
RMC,20200325,0.5,0.5,0.47,0.47,32057
RMD,20200325,22.93,23.16,21.64,22.28,2181081
RML,20200325,0.045,0.048,0.043,0.048,916057
RMP,20200325,0.006,0.006,0.006,0.006,46926
RMS,20200325,1.225,1.3,1.06,1.105,10315701
RMY,20200325,0.19,0.225,0.19,0.205,339351
RND,20200325,1.6,1.7,1.6,1.7,17640
RNO,20200325,0.071,0.071,0.07,0.07,383235
RNT,20200325,0.035,0.036,0.035,0.035,320000
RNU,20200325,0.004,0.005,0.004,0.005,5049627
ROO,20200325,0.011,0.011,0.009,0.01,876627
RRL,20200325,4.06,4.18,3.76,4.01,5260245
RSG,20200325,0.82,0.925,0.815,0.88,27262464
RSM,20200325,21.56,21.57,21.43,21.57,1067
RTR,20200325,0.052,0.057,0.051,0.051,686641
RUL,20200325,0.68,0.7,0.66,0.69,238764
RVR,20200325,0.05,0.052,0.044,0.049,670759
RWC,20200325,1.875,2.04,1.85,1.94,18594252
RWD,20200325,0.076,0.076,0.076,0.076,50000
RXL,20200325,0.017,0.017,0.016,0.016,3042867
RXM,20200325,0.037,0.038,0.037,0.038,72857
RXP,20200325,0.25,0.255,0.205,0.21,265023
RZI,20200325,0.38,0.4,0.35,0.35,124433
S2R,20200325,0.083,0.083,0.08,0.08,232000
S32,20200325,1.86,1.925,1.8,1.87,24708887
S66,20200325,0.432,0.435,0.4,0.4,15760
SAR,20200325,4,4.03,3.48,3.65,12650164
SAU,20200325,0.13,0.13,0.125,0.125,117280
SBM,20200325,2.26,2.3,2.13,2.23,6162010
SBR,20200325,0.001,0.001,0.001,0.001,1000000
SCG,20200325,1.54,1.715,1.535,1.71,41554114
SCI,20200325,0.007,0.007,0.006,0.007,3079471
SCL,20200325,0.011,0.012,0.011,0.011,4240495
SCP,20200325,2.23,2.41,2.23,2.41,4100544
SCU,20200325,0.008,0.011,0.008,0.009,2392658
SDF,20200325,3,3.1,2.68,2.81,4855240
SDG,20200325,1.02,1.09,0.95,1.085,250449
SDI,20200325,0.725,0.73,0.67,0.73,92592
SDV,20200325,0.385,0.41,0.305,0.31,763511
SE1,20200325,0.004,0.005,0.004,0.004,2599429
SEC,20200325,1.04,1.085,1.04,1.04,44070
SEI,20200325,0.027,0.027,0.027,0.027,51137
SEK,20200325,12.66,13.08,12.4,13.08,3137317
SES,20200325,0.05,0.06,0.049,0.06,170895
SFC,20200325,10.05,10.05,9.45,10,3433
SFR,20200325,3.12,3.23,2.82,2.99,2404429
SFX,20200325,0.071,0.076,0.066,0.07,875933
SFY,20200325,46.28,47.6,45.43,45.85,47062
SGF,20200325,1.05,1.085,0.99,1.03,498431
SGH,20200325,0.715,0.725,0.68,0.7,24399
SGI,20200325,0.049,0.05,0.049,0.05,75981
SGM,20200325,6,6.18,5.675,5.81,1386791
SGO,20200325,0.017,0.017,0.017,0.017,28228
SGP,20200325,2.19,2.19,2.06,2.15,18374085
SGQ,20200325,0.064,0.067,0.061,0.062,676733
SGR,20200325,1.8,1.8,1.525,1.62,14024258
SHJ,20200325,0.68,0.685,0.68,0.68,109567
SHK,20200325,0.003,0.003,0.003,0.003,2730000
SHL,20200325,21.8,22.83,21.51,22.6,3822101
SHM,20200325,0.42,0.44,0.405,0.435,18385
SHV,20200325,7.09,7.36,6.9,7.09,469023
SIG,20200325,0.705,0.715,0.655,0.685,8574350
SIO,20200325,0.21,0.21,0.21,0.21,11179
SIQ,20200325,5.01,5.15,4.46,4.66,1187149
SIS,20200325,0.012,0.015,0.01,0.012,1869324
SIV,20200325,0.35,0.35,0.35,0.35,26483
SKC,20200325,1.52,1.61,1.45,1.51,2497287
SKF,20200325,0.1,0.105,0.09,0.09,332862
SKI,20200325,1.87,1.895,1.785,1.825,5721453
SKN,20200325,0.02,0.022,0.016,0.016,2449074
SKO,20200325,1.06,1.29,1.06,1.26,119499
SKT,20200325,0.22,0.255,0.195,0.23,573385
SKY,20200325,0.13,0.155,0.13,0.15,760136
SLC,20200325,0.56,0.57,0.485,0.505,824099
SLF,20200325,8.98,8.98,8.68,8.84,252520
SLK,20200325,2.85,2.97,2.63,2.68,174147
SLM,20200325,0.75,0.76,0.75,0.755,253123
SLR,20200325,1.62,1.62,1.43,1.52,9647360
SLX,20200325,0.225,0.225,0.205,0.215,125895
SLZ,20200325,0.07,0.07,0.068,0.07,400000
SM1,20200325,5.05,5.27,4.96,5,191117
SM8,20200325,0.09,0.092,0.084,0.091,543508
SMC,20200325,0.4,0.4,0.395,0.4,71686
SMD,20200325,0.003,0.004,0.003,0.004,60000
SMI,20200325,0.002,0.002,0.002,0.002,230350
SMN,20200325,0.55,0.55,0.45,0.46,303514
SMP,20200325,0.285,0.325,0.28,0.325,556396
SMR,20200325,0.77,0.785,0.7,0.73,124623
SMX,20200325,0.3,0.3,0.28,0.28,55000
SNC,20200325,0.5,0.53,0.5,0.53,115052
SND,20200325,0.38,0.38,0.38,0.38,26500
SNL,20200325,2.99,3.02,2.99,3.02,4727
SNS,20200325,0.056,0.056,0.056,0.056,21681
SNZ,20200325,4.38,5.35,4.38,5.01,7858
SO4,20200325,0.33,0.345,0.325,0.325,594444
SOL,20200325,18.95,19.45,18.33,19.25,570714
SOR,20200325,0.034,0.035,0.034,0.035,42070
SP3,20200325,0.046,0.047,0.045,0.047,175847
SPK,20200325,3.99,4.09,3.7,3.88,1586715
SPL,20200325,0.665,0.72,0.647,0.715,723851
SPT,20200325,0.27,0.29,0.245,0.245,1316925
SPX,20200325,0.13,0.135,0.125,0.125,6610321
SPY,20200325,414.9,414.9,400,406,1476
SPZ,20200325,0.071,0.085,0.071,0.085,206098
SRG,20200325,0.195,0.205,0.195,0.2,144806
SRH,20200325,0.15,0.15,0.15,0.15,4000
SRK,20200325,0.027,0.033,0.027,0.033,567745
SRV,20200325,2.1,2.15,1.99,2.15,72204
SRY,20200325,0.01,0.011,0.01,0.011,584000
SSG,20200325,0.27,0.285,0.245,0.255,622868
SSM,20200325,1.91,1.985,1.675,1.745,3676891
SSO,20200325,11.16,11.16,10.5,10.54,13276
ST1,20200325,0.14,0.14,0.14,0.14,21600
STA,20200325,0.075,0.08,0.075,0.08,113333
STG,20200325,0.56,0.63,0.55,0.55,31950
STM,20200325,0.006,0.006,0.006,0.006,4696674
STN,20200325,0.31,0.31,0.29,0.3,187730
STO,20200325,3.99,3.99,3.5,3.67,18988009
STW,20200325,46.15,47.37,44.94,46.65,375545
STX,20200325,0.1,0.11,0.097,0.105,4176890
SUD,20200325,0.042,0.044,0.039,0.04,1347333
SUL,20200325,4.43,4.64,3.85,3.97,1814072
SUN,20200325,8.5,8.55,8.06,8.51,4768436
SVA,20200325,0.014,0.014,0.014,0.014,562000
SVL,20200325,0.083,0.086,0.078,0.081,7467016
SVM,20200325,0.1,0.1,0.09,0.09,379999
SVS,20200325,0.2,0.2,0.19,0.19,7500
SVW,20200325,10.61,11.45,9.92,11.16,1790506
SVY,20200325,0.325,0.37,0.285,0.335,502546
SW1,20200325,0.017,0.017,0.017,0.017,102650
SWF,20200325,0.1,0.105,0.1,0.1,1560063
SWK,20200325,0.11,0.11,0.1,0.11,226694
SWM,20200325,0.074,0.075,0.066,0.069,4302891
SXE,20200325,0.38,0.4,0.38,0.395,126177
SXY,20200325,0.14,0.155,0.13,0.14,11605039
SYA,20200325,0.007,0.007,0.007,0.007,3390226
SYD,20200325,5.25,5.63,5.065,5.53,19874556
SYI,20200325,21.11,21.41,20.49,20.56,8027
SYR,20200325,0.255,0.265,0.232,0.24,10091000
SZL,20200325,0.515,0.52,0.415,0.435,460781
TAH,20200325,2.48,2.48,2.24,2.37,11306910
TAM,20200325,0.042,0.042,0.04,0.042,547851
TAO,20200325,0.045,0.045,0.045,0.045,12113
TAP,20200325,0.063,0.063,0.062,0.062,98527
TAS,20200325,0.025,0.025,0.025,0.025,100000
TBR,20200325,4.8,5.2,4.8,5.2,85833
TCL,20200325,12,12.43,11.62,12.43,14337860
TD1,20200325,0.017,0.019,0.016,0.017,4017901
TDI,20200325,1.16,1.245,1.13,1.15,831298
TDY,20200325,0.105,0.105,0.1,0.1,25000
TEG,20200325,0.023,0.024,0.023,0.024,150000
TEK,20200325,0.14,0.165,0.14,0.16,534620
TER,20200325,0.18,0.18,0.14,0.15,429187
TGA,20200325,0.039,0.058,0.039,0.039,2100734
TGF,20200325,0.84,0.85,0.8,0.81,149612
TGG,20200325,1.02,1.06,1.015,1.02,435984
TGH,20200325,0.105,0.11,0.105,0.105,422117
TGM,20200325,0.185,0.2,0.185,0.2,58500
TGP,20200325,0.75,0.845,0.75,0.75,943312
TGR,20200325,3.11,3.16,3.02,3.1,956776
THC,20200325,0.22,0.225,0.195,0.2,307794
THR,20200325,0.004,0.004,0.004,0.004,425000
TIE,20200325,0.165,0.18,0.16,0.16,1266513
TIP,20200325,0.55,0.55,0.55,0.55,14545
TLG,20200325,0.245,0.265,0.235,0.25,388842
TLM,20200325,0.08,0.08,0.061,0.061,737589
TLS,20200325,3.24,3.24,3.07,3.16,50508430
TLT,20200325,2.69,2.69,2.69,2.69,180
TLX,20200325,0.91,0.932,0.8,0.825,1804031
TMR,20200325,0.105,0.11,0.105,0.105,139725
TMT,20200325,0.065,0.065,0.065,0.065,11291
TNE,20200325,7.54,7.66,6.84,7.11,1711979
TNG,20200325,0.046,0.052,0.046,0.047,463474
TNK,20200325,0.6,0.61,0.6,0.61,12185
TNR,20200325,0.005,0.005,0.005,0.005,2200000
TNT,20200325,0.038,0.038,0.029,0.03,2434975
TNY,20200325,0.595,0.675,0.595,0.65,54038
TOE,20200325,0.005,0.005,0.004,0.005,961274
TON,20200325,0.023,0.026,0.022,0.022,278695
TOP,20200325,0.4,0.4,0.355,0.355,113343
TOT,20200325,0.75,0.85,0.75,0.81,378222
TPD,20200325,0.001,0.001,0.001,0.001,1606000
TPM,20200325,7.29,7.56,6.72,6.96,1714497
TPW,20200325,1.7,1.84,1.65,1.8,532274
TRL,20200325,0.02,0.02,0.018,0.018,65000
TRS,20200325,2.6,2.7,2.52,2.7,194252
TRY,20200325,0.068,0.07,0.066,0.07,1036278
TSC,20200325,0.004,0.005,0.004,0.005,10760601
TSO,20200325,0.033,0.035,0.03,0.03,3672351
TTB,20200325,0.31,0.31,0.29,0.295,78994
TTI,20200325,0.012,0.012,0.012,0.012,100000
TTM,20200325,0.037,0.037,0.033,0.037,570484
TTT,20200325,0.56,0.575,0.465,0.5,556127
TWD,20200325,2.52,2.53,2.52,2.53,7087
TWE,20200325,9.83,9.93,9.38,9.86,9084468
TWR,20200325,0.54,0.55,0.54,0.55,236
TYR,20200325,1.3,1.435,1.165,1.435,5059081
TYX,20200325,0.002,0.002,0.002,0.002,48000
TZN,20200325,0.025,0.025,0.025,0.025,20633
UBA,20200325,16.62,16.7,16.31,16.31,641
UBE,20200325,19.6,19.62,19.56,19.56,4699
UBI,20200325,0.14,0.14,0.13,0.13,180526
UBJ,20200325,24.65,24.85,24.65,24.85,2847
UBN,20200325,0.03,0.03,0.026,0.03,843929
UBP,20200325,27.87,28.41,27.78,27.95,15066
UBU,20200325,29.6,29.6,29.48,29.48,1651
UBW,20200325,26.15,26.2,26.03,26.03,10549
UCM,20200325,0.245,0.295,0.245,0.27,1462026
UCW,20200325,0.11,0.11,0.11,0.11,1000
UMG,20200325,4.01,4.5,3.78,4.1,1850973
UNV,20200325,0.13,0.145,0.12,0.135,1436899
UOS,20200325,0.63,0.635,0.6,0.61,65694
URF,20200325,0.245,0.275,0.235,0.275,340732
URW,20200325,5.6,5.79,5.425,5.61,5435869
USD,20200325,16.26,16.38,16.25,16.25,355999
UWL,20200325,0.99,1.065,0.97,1.015,1709764
VAE,20200325,64.1,64.25,62.68,63.35,7701
VAF,20200325,52.34,52.6,52.01,52.32,54507
VAH,20200325,0.07,0.076,0.066,0.071,8960093
VAL,20200325,0.001,0.001,0.001,0.001,50000
VAN,20200325,0.096,0.115,0.096,0.1,189440
VAP,20200325,57,57.15,55.03,56.3,84562
VAS,20200325,65,65,61.1,63.5,538899
VCF,20200325,45.25,46,45.19,46,17701
VCX,20200325,1.125,1.15,1.065,1.115,37753102
VEA,20200325,1.325,1.33,1.19,1.285,7309508
VEN,20200325,0.056,0.057,0.054,0.054,328087
VEQ,20200325,48.84,49.03,48,48,8454
VEU,20200325,64.13,66.54,64.13,64.66,124315
VG1,20200325,2.14,2.2,2.14,2.15,683473
VG8,20200325,2.17,2.17,2.12,2.12,278145
VGB,20200325,53.6,54,53.38,53.65,80055
VGE,20200325,61,61.53,60.08,60.49,11173
VGI,20200325,8.1,8.48,7.86,8.48,24663
VGL,20200325,1.495,1.495,1.195,1.195,24660
VGS,20200325,71.33,72.49,68.2,70.45,239395
VHT,20200325,0.91,0.955,0.86,0.895,853921
VHY,20200325,43.91,45.2,43,44.2,70297
VIC,20200325,0.001,0.001,0.001,0.001,500000
VIF,20200325,49.98,51.4,49.98,50.5,10608
VLC,20200325,53.53,54.7,51.5,51.91,5040
VLS,20200325,0.6,0.6,0.6,0.6,10000
VLT,20200325,0.11,0.125,0.11,0.125,623960
VMC,20200325,0.145,0.15,0.145,0.145,65021
VMG,20200325,0.002,0.002,0.002,0.002,750000
VML,20200325,0.006,0.006,0.006,0.006,1216000
VMS,20200325,0.009,0.009,0.008,0.008,1298169
VMT,20200325,0.135,0.15,0.13,0.14,1157353
VMY,20200325,0.022,0.023,0.02,0.023,1364922
VN8,20200325,0.061,0.062,0.061,0.062,33691
VOC,20200325,2.08,2.1,1.885,1.96,2910396
VOR,20200325,0.004,0.004,0.004,0.004,3195000
VPR,20200325,0.001,0.001,0.001,0.001,2500
VR1,20200325,0.016,0.016,0.016,0.016,81250
VR8,20200325,0.01,0.01,0.009,0.009,11624618
VRC,20200325,0.005,0.005,0.005,0.005,2637957
VRL,20200325,1.05,1.165,0.925,0.95,1409653
VRS,20200325,0.022,0.022,0.02,0.022,1248828
VRT,20200325,2.15,2.15,1.835,1.915,1004338
VRX,20200325,0.077,0.077,0.07,0.07,75819
VSO,20200325,40,42.64,39.8,40.34,11703
VTG,20200325,0.68,0.725,0.65,0.68,816146
VTH,20200325,0.64,0.655,0.64,0.65,67418
VTS,20200325,200.04,207,200.04,203.5,44451
VUK,20200325,1.155,1.24,1.105,1.235,12364076
VUL,20200325,0.18,0.185,0.175,0.175,132697
VVA,20200325,0.7,0.795,0.66,0.725,194471
VVR,20200325,2.11,2.26,2.11,2.26,6889954
VXR,20200325,0.056,0.056,0.056,0.056,46874
VYS,20200325,0.04,0.04,0.039,0.039,31543
WAA,20200325,0.885,0.885,0.79,0.8,167644
WAF,20200325,0.52,0.535,0.46,0.465,8644364
WAM,20200325,1.6,1.69,1.51,1.55,1468867
WAX,20200325,1,1.06,0.98,1.05,722806
WBC,20200325,15.64,15.85,14.83,15.85,19192572
WBE,20200325,0.004,0.004,0.003,0.003,1485139
WBT,20200325,0.23,0.24,0.22,0.23,130696
WCN,20200325,0.003,0.003,0.002,0.002,1278284
WEL,20200325,0.02,0.024,0.019,0.019,3033634
WES,20200325,34.52,34.53,31.7,33.41,5960393
WGB,20200325,1.49,1.51,1.49,1.5,381172
WGN,20200325,0.65,0.68,0.575,0.625,1228069
WGO,20200325,0.09,0.1,0.09,0.095,1036081
WGX,20200325,1.92,1.97,1.615,1.64,4228444
WHC,20200325,1.92,1.95,1.725,1.82,12018255
WHF,20200325,3.79,4,3.77,3.9,87225
WHK,20200325,0.032,0.032,0.029,0.029,475224
WIC,20200325,0.63,0.665,0.62,0.62,163020
WJA,20200325,0.09,0.09,0.09,0.09,130884
WKT,20200325,0.125,0.125,0.11,0.12,163508
WLD,20200325,0.04,0.041,0.035,0.035,586639
WLE,20200325,0.86,0.88,0.82,0.845,2015490
WMI,20200325,0.975,1.06,0.91,0.965,352860
WML,20200325,0.008,0.008,0.008,0.008,200000
WNB,20200325,0.005,0.006,0.005,0.005,3749483
WND,20200325,0.83,0.835,0.83,0.83,232021
WOA,20200325,0.1,0.1,0.1,0.1,13500
WOR,20200325,5.51,5.63,5.07,5.5,2863211
WOW,20200325,36.3,37.69,34.71,36.42,5044175
WPL,20200325,16.93,17.52,16.64,17.33,7557601
WPP,20200325,0.295,0.295,0.255,0.27,964875
WQG,20200325,0.975,1.01,0.97,1,229636
WRM,20200325,0.003,0.003,0.003,0.003,3493527
WSA,20200325,1.87,1.96,1.795,1.88,1680050
WSI,20200325,0.011,0.011,0.011,0.011,50000
WSP,20200325,0.75,0.82,0.73,0.75,124701
WTC,20200325,14.99,15.16,12,12.51,2064464
WWI,20200325,0.009,0.012,0.009,0.01,1232155
WZR,20200325,0.095,0.1,0.083,0.083,17706151
XAM,20200325,0.024,0.025,0.023,0.023,235428
XF1,20200325,0.13,0.15,0.13,0.135,132468
XRF,20200325,0.155,0.155,0.155,0.155,30320
XRO,20200325,68,68.49,63.09,65.39,967507
XST,20200325,0.002,0.002,0.002,0.002,475000
XTC,20200325,0.002,0.002,0.002,0.002,8000000
XTD,20200325,0.022,0.022,0.022,0.022,58000
XTE,20200325,0.44,0.44,0.42,0.435,12542
YAL,20200325,2.03,2.09,2,2.09,63730
YBR,20200325,0.051,0.051,0.051,0.051,2000
YOJ,20200325,0.013,0.017,0.013,0.017,2689640
YOW,20200325,0.037,0.037,0.034,0.034,237995
YPB,20200325,0.002,0.002,0.001,0.002,32261002
Z1P,20200325,1.46,1.525,1.31,1.425,9165104
ZEL,20200325,2.95,2.99,2.78,2.78,41272
ZEN,20200325,0.84,0.865,0.83,0.865,410721
ZER,20200325,0.175,0.175,0.175,0.175,46545
ZIM,20200325,7.42,7.8,7.41,7.8,183
ZLD,20200325,0.028,0.029,0.026,0.026,644656
ZMI,20200325,0.026,0.026,0.026,0.026,6900
ZNC,20200325,0.028,0.028,0.028,0.028,2422
ZNO,20200325,1.36,1.425,1.21,1.32,3605199
XAF,20200325,4733.9,5016,4733.9,5013.5,0
XAO,20200325,4753.3,5041.3,4753.3,5006.2,0
XAT,20200325,4681.3,4969.6,4681.3,4945.3,0
XDJ,20200325,1664.4,1789.1,1664.4,1766.7,0
XEC,20200325,806,871.5,806,830.6,0
XEJ,20200325,5405.9,5825.1,5405.9,5713.3,0
XFJ,20200325,3831,4163.2,3831,4163.2,0
XFL,20200325,4764.4,5051.8,4764.4,5050.1,0
XGD,20200325,6165.9,6766.2,6165.9,6608.8,0
XHJ,20200325,38978.1,40432.7,37276.4,38885.7,0
XIJ,20200325,904.2,983.4,904.2,946.4,0
XJO,20200325,4735.7,5024.5,4735.7,4998.1,0
XJR,20200325,3381.2,3667.7,3381.2,3629.4,0
XKO,20200325,4687.8,4974.4,4687.8,4946.1,0
XMD,20200325,4783.6,5115.3,4783.6,4955.4,0
XMJ,20200325,10306.3,11167.6,10306.3,11037.1,0
XMM,20200325,3438.7,3743.1,3438.7,3701.3,0
XNJ,20200325,4517.7,4892.5,4517.7,4892.5,0
XPJ,20200325,943.5,1011.3,943.5,1011.3,0
XSJ,20200325,11802,12213.7,11494.8,11970.1,0
XSO,20200325,1920.6,2049.7,1920.6,1999.5,0
XTJ,20200325,1029.3,1062.6,1009.7,1036.4,0
XTL,20200325,2727.7,2896.4,2727.7,2896.4,0
XTO,20200325,3936.3,4175,3936.3,4159.4,0
XUJ,20200325,6712.3,7115.7,6612.2,6719.3,0
XXJ,20200325,4272.9,4643.4,4272.9,4643.4,0
