360,20200102,3.16,3.19,3.15,3.19,9383
14D,20200102,0.195,0.22,0.195,0.22,71258
1ST,20200102,0.078,0.078,0.075,0.075,63333
2BE,20200102,0.13,0.13,0.13,0.13,1757
3DA,20200102,0.34,0.35,0.335,0.35,341363
3DP,20200102,0.055,0.058,0.055,0.058,283454
3PL,20200102,0.855,0.855,0.85,0.85,2700
4CE,20200102,0.014,0.014,0.013,0.014,1283969
4DS,20200102,0.057,0.057,0.056,0.056,188356
5GN,20200102,0.76,0.765,0.755,0.765,59827
88E,20200102,0.024,0.025,0.024,0.025,34161063
8CO,20200102,0.1,0.1,0.1,0.1,50000
8EC,20200102,0.074,0.074,0.074,0.074,1806
8VI,20200102,0.18,0.18,0.18,0.18,4000
9SP,20200102,0.017,0.017,0.016,0.016,543495
A1M,20200102,0.305,0.305,0.305,0.305,6703
A2B,20200102,1.51,1.58,1.51,1.55,37116
A2M,20200102,14.25,14.33,13.99,14.02,2249159
A3D,20200102,0.195,0.195,0.19,0.19,48760
A4N,20200102,0.185,0.195,0.185,0.195,168118
AAA,20200102,50.07,50.08,50.07,50.07,123597
AAC,20200102,1.1,1.11,1.1,1.105,130818
AAJ,20200102,0.003,0.003,0.003,0.003,172556
AAR,20200102,0.093,0.095,0.093,0.093,90166
ABA,20200102,5.85,5.85,5.84,5.85,30585
ABC,20200102,3.52,3.54,3.47,3.5,734753
ABP,20200102,3.6,3.64,3.59,3.62,360465
ABR,20200102,0.345,0.37,0.34,0.36,238916
ABV,20200102,0.03,0.03,0.028,0.028,285666
ABX,20200102,0.135,0.135,0.12,0.12,74009
AC8,20200102,0.275,0.3,0.27,0.3,1398097
ACF,20200102,0.335,0.34,0.335,0.34,28185
ACQ,20200102,1.23,1.23,1.225,1.225,4919
ACR,20200102,0.185,0.187,0.185,0.185,78426
ACW,20200102,0.036,0.038,0.034,0.038,2175960
AD1,20200102,0.014,0.014,0.014,0.014,26685
AD8,20200102,7.99,8.1,7.99,8.01,87885
ADA,20200102,0.6,0.61,0.6,0.61,91280
ADH,20200102,2.29,2.3,2.24,2.27,95339
ADI,20200102,2.92,2.92,2.9,2.9,64481
ADJ,20200102,0.03,0.03,0.03,0.03,487855
ADN,20200102,0.046,0.046,0.045,0.046,1137040
ADO,20200102,0.023,0.028,0.023,0.027,2771889
ADR,20200102,0.027,0.027,0.027,0.027,306980
ADT,20200102,1.595,1.63,1.58,1.61,83606
ADV,20200102,0.004,0.004,0.004,0.004,299000
ADX,20200102,0.009,0.009,0.009,0.009,120000
ADY,20200102,0.007,0.007,0.007,0.007,12500
AEE,20200102,0.006,0.006,0.005,0.005,2115500
AEF,20200102,3.84,3.95,3.76,3.94,107434
AEG,20200102,1.065,1.065,1.06,1.06,12333
AEI,20200102,0.32,0.32,0.285,0.285,12500
AFG,20200102,2.74,2.79,2.73,2.73,32940
AFI,20200102,7.15,7.2,7.12,7.17,306731
AFL,20200102,0.15,0.15,0.15,0.15,25000
AFR,20200102,0.034,0.034,0.033,0.033,142945
AGD,20200102,0.09,0.09,0.09,0.09,6000
AGG,20200102,6.47,6.55,6.35,6.5,13206
AGH,20200102,0.38,0.39,0.38,0.385,118898
AGI,20200102,0.77,0.77,0.755,0.755,2154
AGL,20200102,20.5,20.64,20.46,20.58,699393
AGS,20200102,0.115,0.115,0.115,0.115,74937
AGY,20200102,0.076,0.078,0.076,0.078,232504
AHF,20200102,0.105,0.105,0.102,0.102,584019
AHL,20200102,0.008,0.008,0.008,0.008,400000
AHQ,20200102,0.155,0.16,0.155,0.155,104984
AHY,20200102,1.075,1.08,1.06,1.08,16271
AHZ,20200102,0.105,0.125,0.105,0.12,1043959
AIA,20200102,8.47,8.56,8.45,8.47,13283
AIS,20200102,0.051,0.051,0.046,0.046,348209
AIV,20200102,0.18,0.18,0.18,0.18,6015
AIZ,20200102,2.85,2.86,2.83,2.83,23128
AJC,20200102,0.001,0.001,0.001,0.001,4000000
AJL,20200102,0.07,0.07,0.069,0.069,51606
AJM,20200102,0.048,0.052,0.048,0.052,4425016
AJQ,20200102,0.058,0.058,0.056,0.056,56348
AJX,20200102,0.063,0.063,0.06,0.06,1073191
AKG,20200102,0.54,0.54,0.54,0.54,43690
AKP,20200102,15.37,15.475,15.28,15.36,3506
ALC,20200102,0.185,0.19,0.185,0.185,459174
ALF,20200102,0.99,0.995,0.99,0.99,125724
ALG,20200102,1.33,1.33,1.305,1.33,1645228
ALI,20200102,2.37,2.37,2.37,2.37,37571
ALK,20200102,0.575,0.585,0.557,0.585,922257
ALL,20200102,33.5,34.29,33.495,34.2,534844
ALQ,20200102,9.28,9.31,9.065,9.11,609863
ALT,20200102,0.003,0.003,0.003,0.003,159990
ALU,20200102,34.76,35.01,34.07,34.34,274271
ALX,20200102,7.8,7.92,7.785,7.84,1043713
ALY,20200102,0.011,0.011,0.011,0.011,234748
AMA,20200102,0.905,0.93,0.9,0.92,1514153
AMB,20200102,0.089,0.089,0.089,0.089,2000
AMC,20200102,15.43,15.52,15.42,15.48,1785686
AMD,20200102,0.007,0.007,0.007,0.007,3380
AME,20200102,0.037,0.037,0.036,0.036,550000
AMG,20200102,0.083,0.083,0.083,0.083,127849
AMH,20200102,0.97,0.98,0.97,0.98,158124
AMI,20200102,0.435,0.435,0.42,0.425,1794262
AML,20200102,0.15,0.17,0.15,0.15,96915
AMN,20200102,0.48,0.48,0.48,0.48,20000
AMO,20200102,0.09,0.09,0.09,0.09,100000
AMP,20200102,1.925,1.94,1.915,1.915,7344885
AMS,20200102,1.39,1.42,1.37,1.395,220840
AMX,20200102,1.98,2.03,1.98,2,23727
ANA,20200102,0.05,0.054,0.049,0.053,7657898
ANG,20200102,0.215,0.22,0.215,0.22,46652
ANL,20200102,0.002,0.002,0.002,0.002,7933510
ANN,20200102,28.96,29.29,28.96,29.2,338400
ANO,20200102,5.87,5.97,5.59,5.7,26406
ANP,20200102,0.09,0.091,0.089,0.089,472073
ANR,20200102,0.23,0.24,0.23,0.24,61922
ANW,20200102,0.002,0.002,0.001,0.001,5417535
ANZ,20200102,24.44,24.6,24.42,24.55,2804051
AOF,20200102,2.86,2.87,2.85,2.85,115006
AON,20200102,0.029,0.029,0.029,0.029,59662
AOP,20200102,0.235,0.235,0.235,0.235,103058
AOU,20200102,0.061,0.061,0.061,0.061,96940
APA,20200102,11,11.2,11,11.06,1183540
APD,20200102,0.625,0.63,0.615,0.615,182538
APE,20200102,10.1,10.25,9.94,9.95,268394
APG,20200102,0.002,0.002,0.002,0.002,29830
API,20200102,1.35,1.36,1.34,1.345,356267
APL,20200102,1.045,1.05,1.045,1.05,125716
APT,20200102,29.28,30.71,29.28,30.63,1262345
APV,20200102,0.235,0.26,0.235,0.26,468023
APW,20200102,1.43,1.445,1.43,1.445,14759
APX,20200102,22.5,22.76,22.08,22.18,448142
AQD,20200102,0.013,0.014,0.013,0.014,2126850
AQG,20200102,7.66,7.7,7.46,7.55,82527
AQR,20200102,3.47,3.53,3.47,3.53,19061
AQS,20200102,0.03,0.03,0.03,0.03,16469
AQX,20200102,0.026,0.029,0.026,0.029,535799
AQZ,20200102,2.58,2.585,2.53,2.53,94626
AR9,20200102,0.12,0.13,0.12,0.13,148538
ARB,20200102,18.59,18.81,18.47,18.68,70801
ARD,20200102,0.018,0.018,0.017,0.017,535047
ARE,20200102,0.005,0.005,0.005,0.005,64840
ARF,20200102,2.89,2.9,2.85,2.86,65428
ARG,20200102,8.75,8.89,8.73,8.84,93660
ARL,20200102,0.51,0.527,0.51,0.51,33879
ARN,20200102,0.17,0.17,0.17,0.17,140000
ARQ,20200102,0.38,0.385,0.38,0.385,11970
ARS,20200102,0.019,0.019,0.019,0.019,280000
ARU,20200102,0.091,0.093,0.091,0.093,1286157
ARV,20200102,0.027,0.028,0.027,0.028,338037
AS1,20200102,0.195,0.195,0.195,0.195,4800
ASB,20200102,3.82,3.86,3.74,3.76,1012154
ASG,20200102,1.52,1.52,1.5,1.52,7829
ASH,20200102,0.4,0.4,0.397,0.4,66867
ASN,20200102,0.027,0.028,0.027,0.028,109900
AST,20200102,1.7,1.725,1.7,1.715,2528825
ASX,20200102,78.14,79.42,78.06,79.09,207926
ATC,20200102,0.096,0.098,0.096,0.096,319379
ATH,20200102,0.02,0.02,0.018,0.018,793460
ATL,20200102,0.45,0.455,0.45,0.455,19300
ATP,20200102,0.007,0.007,0.007,0.007,138359
ATS,20200102,0.083,0.083,0.08,0.08,881300
ATU,20200102,0.385,0.39,0.385,0.39,3904
ATX,20200102,0.068,0.068,0.068,0.068,9295
AU1,20200102,0.064,0.065,0.064,0.065,15142
AU8,20200102,0.115,0.125,0.115,0.125,890972
AUB,20200102,11.93,12.12,11.93,12.03,17544
AUC,20200102,0.013,0.013,0.013,0.013,1963160
AUH,20200102,0.005,0.005,0.005,0.005,198000
AUI,20200102,9.85,9.93,9.85,9.93,989
AUL,20200102,0.315,0.33,0.305,0.305,19110
AUR,20200102,0.014,0.014,0.014,0.014,51647
AUT,20200102,0.009,0.009,0.009,0.009,544768
AUZ,20200102,0.015,0.015,0.014,0.015,2935313
AV1,20200102,0.18,0.185,0.175,0.18,351638
AVA,20200102,0.155,0.16,0.155,0.155,186274
AVC,20200102,0.19,0.215,0.19,0.2,134019
AVG,20200102,0.525,0.525,0.52,0.52,8872
AVH,20200102,0.65,0.66,0.63,0.635,9578338
AVJ,20200102,0.63,0.63,0.62,0.62,321147
AVL,20200102,0.01,0.011,0.01,0.011,1776860
AVN,20200102,2.87,2.88,2.83,2.86,87092
AVZ,20200102,0.043,0.045,0.043,0.045,908491
AWC,20200102,2.3,2.33,2.3,2.3,3201141
AWY,20200102,0.033,0.035,0.033,0.034,63841
AX1,20200102,1.87,1.9,1.845,1.845,316669
AXE,20200102,0.15,0.16,0.15,0.16,346258
AYF,20200102,5.9,5.9,5.9,5.9,2500
AYM,20200102,0.004,0.004,0.004,0.004,22282
AYR,20200102,0.002,0.002,0.002,0.002,500000
AYS,20200102,0.39,0.4,0.385,0.4,207991
AZI,20200102,0.008,0.009,0.008,0.008,7140772
AZJ,20200102,5.16,5.28,5.15,5.27,5150279
AZM,20200102,0.033,0.033,0.033,0.033,169953
AZS,20200102,0.135,0.135,0.135,0.135,101630
AZY,20200102,0.013,0.013,0.013,0.013,50000
BAF,20200102,0.88,0.885,0.88,0.885,124936
BAP,20200102,6.4,6.46,6.35,6.38,343265
BAR,20200102,0.024,0.024,0.022,0.022,174900
BAS,20200102,0.003,0.003,0.003,0.003,800000
BAT,20200102,0.006,0.006,0.006,0.006,207088
BBC,20200102,0.6,0.62,0.6,0.62,101866
BBN,20200102,3.4,3.4,3.23,3.26,104520
BBX,20200102,0.135,0.135,0.135,0.135,5611
BC8,20200102,0.32,0.32,0.32,0.32,64417
BCB,20200102,0.047,0.047,0.046,0.047,306647
BCC,20200102,0.25,0.265,0.25,0.265,63397
BCI,20200102,0.175,0.175,0.17,0.17,46875
BCN,20200102,0.039,0.04,0.039,0.039,4769356
BCT,20200102,0.155,0.155,0.15,0.15,121576
BD1,20200102,0.034,0.034,0.034,0.034,60000
BDA,20200102,0.285,0.315,0.285,0.315,1029
BDC,20200102,0.077,0.08,0.077,0.08,350704
BDG,20200102,0.084,0.084,0.084,0.084,12000
BDI,20200102,0.001,0.001,0.001,0.001,476160
BEE,20200102,0.023,0.023,0.021,0.021,174300
BEM,20200102,0.049,0.049,0.049,0.049,72000
BEN,20200102,9.82,9.88,9.77,9.85,1049286
BET,20200102,0.14,0.145,0.14,0.145,206948
BFC,20200102,0.086,0.086,0.086,0.086,25000
BFG,20200102,1.2,1.25,1.2,1.25,294270
BGA,20200102,4.28,4.32,4.21,4.32,531817
BGL,20200102,0.54,0.545,0.53,0.535,387579
BGT,20200102,0.2,0.205,0.2,0.205,65574
BHP,20200102,38.7,39.13,38.7,38.95,2710878
BID,20200102,0.855,0.96,0.855,0.95,1323548
BIN,20200102,2.84,2.9,2.83,2.84,843322
BIT,20200102,0.052,0.053,0.052,0.052,562439
BKI,20200102,1.685,1.685,1.67,1.675,104710
BKL,20200102,84.81,85.7,84.03,84.61,28150
BKT,20200102,0.048,0.051,0.048,0.051,242549
BKW,20200102,18.68,18.71,18.51,18.51,59002
BKY,20200102,0.22,0.22,0.22,0.22,9434
BLD,20200102,4.48,4.53,4.47,4.5,1979774
BLG,20200102,0.099,0.1,0.099,0.1,291315
BLK,20200102,0.013,0.013,0.013,0.013,19586431
BLU,20200102,0.047,0.047,0.044,0.047,615165
BLX,20200102,1.2,1.2,1.17,1.185,11042
BLZ,20200102,0.017,0.017,0.017,0.017,11068
BMG,20200102,0.004,0.004,0.004,0.004,133300
BMN,20200102,0.041,0.041,0.039,0.039,24216
BNL,20200102,0.007,0.007,0.007,0.007,2049247
BNO,20200102,0.08,0.081,0.08,0.081,336076
BOC,20200102,0.34,0.34,0.31,0.31,64950
BOE,20200102,0.051,0.051,0.049,0.049,238668
BOL,20200102,0.14,0.14,0.14,0.14,50622
BOQ,20200102,7.28,7.3,7.25,7.28,1507526
BOT,20200102,0.083,0.085,0.081,0.082,1550107
BPH,20200102,0.001,0.001,0.001,0.001,2222222
BPL,20200102,0.015,0.015,0.015,0.015,61358
BPT,20200102,2.53,2.55,2.52,2.52,2485683
BRB,20200102,0.29,0.29,0.29,0.29,15085
BRG,20200102,17.45,17.69,17.25,17.66,92053
BRK,20200102,0.008,0.008,0.008,0.008,802736
BRN,20200102,0.045,0.047,0.044,0.047,1871063
BRU,20200102,0.17,0.17,0.17,0.17,24996
BRV,20200102,0.018,0.018,0.017,0.017,977124
BSA,20200102,0.395,0.395,0.39,0.39,18529
BSE,20200102,0.22,0.22,0.22,0.22,3975
BSL,20200102,15.01,15.2,14.93,15.14,831389
BSM,20200102,0.005,0.005,0.005,0.005,117668
BSR,20200102,0.015,0.015,0.015,0.015,25960
BSX,20200102,0.15,0.16,0.15,0.16,522444
BTC,20200102,0.11,0.11,0.11,0.11,132655
BTH,20200102,0.7,0.725,0.695,0.715,333584
BTI,20200102,1.11,1.115,1.105,1.115,92561
BUB,20200102,0.99,0.99,0.96,0.965,3171022
BUD,20200102,0.034,0.037,0.034,0.035,14300210
BUG,20200102,0.22,0.22,0.22,0.22,518
BUX,20200102,0.09,0.09,0.09,0.09,23000
BUY,20200102,0.004,0.004,0.004,0.004,692363
BVS,20200102,5.2,5.31,5.18,5.28,556262
BWF,20200102,0.93,0.94,0.93,0.94,32673
BWP,20200102,3.93,3.97,3.9,3.92,495934
BWR,20200102,1.45,1.45,1.44,1.44,4365
BWX,20200102,4.49,4.52,4.41,4.51,111672
BXB,20200102,11.7,11.8,11.61,11.64,1898091
BYE,20200102,0.3,0.3,0.29,0.295,160815
C6C,20200102,0.78,0.815,0.78,0.815,9228
CAD,20200102,0.001,0.001,0.001,0.001,27487202
CAF,20200102,0.13,0.13,0.13,0.13,10000
CAG,20200102,0.68,0.68,0.68,0.68,6172
CAI,20200102,0.25,0.26,0.24,0.25,171960
CAJ,20200102,0.225,0.23,0.225,0.23,23165
CAM,20200102,0.98,1,0.98,0.995,453477
CAN,20200102,0.635,0.655,0.605,0.625,784795
CAP,20200102,0.034,0.034,0.033,0.033,143667
CAR,20200102,16.67,16.87,16.67,16.79,289520
CAT,20200102,1.55,1.585,1.55,1.555,272527
CAU,20200102,0.215,0.215,0.2,0.215,68501
CAY,20200102,0.16,0.16,0.155,0.155,83150
CAZ,20200102,0.023,0.023,0.023,0.023,112857
CBA,20200102,79.79,80.22,79.39,79.88,1416232
CBR,20200102,3.91,4.12,3.91,3.98,96941
CBY,20200102,0.22,0.22,0.22,0.22,2000
CCA,20200102,0.16,0.18,0.16,0.18,98796
CCE,20200102,0.001,0.001,0.001,0.001,1032697
CCL,20200102,10.98,11.09,10.95,11.02,740113
CCP,20200102,30.91,31.28,30.86,31.06,103464
CCV,20200102,0.23,0.235,0.23,0.235,168893
CCX,20200102,2.55,2.74,2.55,2.6,266470
CCZ,20200102,0.017,0.017,0.017,0.017,129190
CD3,20200102,1.48,1.48,1.48,1.48,12252
CDA,20200102,7.4,7.4,7.23,7.29,335620
CDD,20200102,0.48,0.485,0.465,0.465,13600
CDM,20200102,0.75,0.755,0.75,0.75,102939
CDP,20200102,5.86,5.86,5.85,5.85,4005
CDT,20200102,0.009,0.009,0.009,0.009,193475
CDV,20200102,0.3,0.315,0.3,0.315,465883
CDX,20200102,0.029,0.029,0.028,0.028,1881915
CDY,20200102,0.22,0.22,0.22,0.22,4000
CE1,20200102,0.008,0.008,0.008,0.008,62500
CEL,20200102,0.105,0.125,0.105,0.11,4274932
CG1,20200102,0.51,0.52,0.51,0.52,18597
CGB,20200102,0.014,0.014,0.014,0.014,504413
CGC,20200102,2.48,2.54,2.47,2.51,1277430
CGF,20200102,8.08,8.28,8.08,8.2,708467
CGL,20200102,4.97,5.09,4.97,5.01,85574
CGO,20200102,0.23,0.23,0.23,0.23,9186
CGR,20200102,0.56,0.565,0.56,0.565,114464
CGS,20200102,0.395,0.445,0.395,0.445,117821
CHC,20200102,11,11.24,11,11.14,667433
CHK,20200102,0.012,0.012,0.012,0.012,664391
CHN,20200102,0.23,0.235,0.23,0.235,529112
CHZ,20200102,0.071,0.071,0.071,0.071,152372
CI1,20200102,0.015,0.016,0.015,0.016,1648372
CIA,20200102,2.72,2.77,2.64,2.74,269126
CIE,20200102,0.87,0.87,0.87,0.87,33977
CIM,20200102,33.04,33.08,32.79,32.79,162090
CIN,20200102,32.24,32.24,31.88,32.2,6217
CIO,20200102,0.003,0.003,0.003,0.003,5131004
CIP,20200102,3.33,3.36,3.32,3.36,174438
CKF,20200102,8.88,8.95,8.83,8.86,130977
CL1,20200102,2.05,2.08,2.03,2.05,36633
CL8,20200102,0.016,0.016,0.016,0.016,284221
CLA,20200102,0.011,0.011,0.011,0.011,350803
CLH,20200102,1.115,1.115,1.09,1.095,313748
CLQ,20200102,0.21,0.22,0.21,0.215,1394096
CLV,20200102,2.68,2.68,2.615,2.63,121001
CLW,20200102,5.45,5.51,5.43,5.45,1325987
CLZ,20200102,0.002,0.002,0.002,0.002,348400
CM8,20200102,0.019,0.019,0.019,0.019,101961
CMA,20200102,2.95,2.97,2.91,2.93,415613
CMD,20200102,0.007,0.007,0.007,0.007,58345
CML,20200102,0.021,0.021,0.02,0.02,743193
CMM,20200102,1.225,1.245,1.22,1.23,131048
CMP,20200102,0.8,0.8,0.79,0.79,28671
CMW,20200102,1.18,1.18,1.165,1.165,2613652
CNB,20200102,0.073,0.073,0.073,0.073,24807
CNI,20200102,2.26,2.26,2.21,2.22,87047
CNJ,20200102,0.009,0.009,0.009,0.009,138500
CNL,20200102,0.14,0.14,0.14,0.14,7780
CNU,20200102,5.89,5.96,5.875,5.88,231506
CNW,20200102,0.039,0.04,0.039,0.04,504542
COB,20200102,0.135,0.145,0.135,0.14,67846
COE,20200102,0.6,0.615,0.6,0.605,1107354
COG,20200102,0.089,0.089,0.087,0.087,460500
COH,20200102,225.69,227.6,225,225.32,79256
COI,20200102,0.19,0.192,0.19,0.19,13319
COL,20200102,14.84,15.125,14.84,15.02,1103743
COY,20200102,0.007,0.007,0.006,0.006,100000
CP1,20200102,0.12,0.12,0.12,0.12,10000
CPH,20200102,0.12,0.12,0.115,0.115,411194
CPU,20200102,16.82,16.98,16.69,16.75,1016636
CPV,20200102,0.19,0.195,0.19,0.195,61730
CQE,20200102,3.3,3.3,3.23,3.24,78520
CQR,20200102,4.27,4.29,4.265,4.29,900841
CR1,20200102,0.2,0.2,0.2,0.2,1500
CRN,20200102,2.24,2.26,2.2,2.25,158191
CRO,20200102,0.007,0.007,0.007,0.007,500000
CRS,20200102,0.115,0.115,0.115,0.115,49979
CSD,20200102,0.155,0.155,0.135,0.135,122300
CSL,20200102,274.8,278.57,274.46,275.04,297739
CSR,20200102,4.55,4.64,4.55,4.63,2002182
CSS,20200102,0.77,0.77,0.75,0.75,30035
CSV,20200102,0.307,0.307,0.305,0.305,602173
CT1,20200102,0.023,0.025,0.023,0.025,8927770
CTD,20200102,20.5,20.75,20.41,20.65,182521
CTM,20200102,0.012,0.012,0.012,0.012,2816931
CTO,20200102,0.005,0.005,0.005,0.005,591881
CTP,20200102,0.13,0.13,0.13,0.13,1755293
CTX,20200102,33.9,34.16,33.9,34.01,344135
CUE,20200102,0.13,0.13,0.125,0.125,250819
CUL,20200102,0.013,0.013,0.013,0.013,94275
CUP,20200102,1.1,1.1,1.05,1.05,9266
CUV,20200102,28.34,29.16,28.3,28.65,136204
CUX,20200102,0.005,0.005,0.005,0.005,154300
CV1,20200102,0.145,0.145,0.145,0.145,8596
CVF,20200102,1.04,1.04,1.04,1.04,1399
CVL,20200102,0.445,0.445,0.445,0.445,100
CVN,20200102,0.37,0.375,0.36,0.36,888178
CVW,20200102,0.47,0.47,0.465,0.47,27834
CWN,20200102,12.02,12.11,12.01,12.02,523805
CWP,20200102,7.94,8.01,7.91,8.01,15730
CWX,20200102,0.205,0.215,0.205,0.215,42356
CWY,20200102,2.03,2.04,2,2.01,3513324
CXM,20200102,0.041,0.043,0.041,0.043,17000
CXO,20200102,0.035,0.035,0.033,0.033,1417577
CXU,20200102,0.019,0.019,0.019,0.019,138017
CXZ,20200102,0.022,0.022,0.022,0.022,158847
CY5,20200102,0.038,0.038,0.038,0.038,6859
CYC,20200102,1.295,1.295,1.22,1.22,4005
CYG,20200102,1.11,1.11,1.06,1.06,44770
CYL,20200102,2.82,2.82,2.72,2.72,11162
CYM,20200102,0.24,0.24,0.24,0.24,32256
CYP,20200102,1.04,1.05,1.04,1.045,7562
CYQ,20200102,0.001,0.001,0.001,0.001,1500000
CZI,20200102,0.092,0.092,0.085,0.085,662076
CZL,20200102,0.008,0.008,0.008,0.008,14493494
CZN,20200102,0.003,0.003,0.003,0.003,28489220
CZR,20200102,0.008,0.008,0.008,0.008,298245
D2O,20200102,1.44,1.44,1.4,1.4,90288
DAF,20200102,0.021,0.021,0.021,0.021,120343
DAV,20200102,0.043,0.043,0.043,0.043,30808
DBF,20200102,1.14,1.145,1.14,1.14,7002
DCC,20200102,0.03,0.031,0.03,0.031,93679
DCG,20200102,0.5,0.515,0.495,0.51,570249
DCN,20200102,1.57,1.6,1.52,1.595,1083607
DDD,20200102,0.002,0.002,0.002,0.002,200000
DDR,20200102,6.97,6.97,6.71,6.76,100395
DDT,20200102,0.007,0.007,0.007,0.007,164007
DEG,20200102,0.052,0.053,0.051,0.052,456029
DEM,20200102,0.255,0.26,0.25,0.25,64634
DEV,20200102,0.072,0.072,0.071,0.071,547863
DGR,20200102,0.077,0.078,0.077,0.078,409422
DHG,20200102,3.68,3.72,3.68,3.7,667478
DHR,20200102,0.003,0.003,0.003,0.003,465602
DIV,20200102,23.19,23.19,23.01,23.01,266
DJW,20200102,3.68,3.72,3.67,3.67,52031
DKM,20200102,0.165,0.17,0.165,0.17,111920
DLC,20200102,0.004,0.004,0.004,0.004,39255
DMP,20200102,52.33,54.26,52.3,53.88,130676
DNA,20200102,0.078,0.078,0.074,0.077,140623
DNK,20200102,0.595,0.595,0.595,0.595,11143
DOW,20200102,8.11,8.18,8.05,8.05,386836
DRE,20200102,0.006,0.006,0.006,0.006,7213155
DRO,20200102,0.28,0.285,0.265,0.265,218978
DRX,20200102,0.012,0.013,0.012,0.012,2411000
DSE,20200102,0.049,0.049,0.049,0.049,177224
DTC,20200102,1.05,1.055,1.03,1.055,64230
DTI,20200102,0.023,0.023,0.023,0.023,42881
DTL,20200102,3.73,3.82,3.72,3.8,333328
DTS,20200102,0.12,0.12,0.11,0.12,48271
DTZ,20200102,0.062,0.065,0.062,0.065,263278
DUB,20200102,1.18,1.225,1.175,1.18,341250
DUI,20200102,4.98,5.04,4.98,5.03,12758
DVL,20200102,0.026,0.026,0.026,0.026,15828
DWS,20200102,1.075,1.08,1.07,1.08,46739
DXB,20200102,0.135,0.14,0.13,0.13,234688
DXN,20200102,0.051,0.051,0.051,0.051,59424
DXS,20200102,11.6,11.82,11.6,11.81,1346583
DYL,20200102,0.29,0.29,0.285,0.285,23355
E25,20200102,0.17,0.17,0.17,0.17,52401
E2E,20200102,0.006,0.006,0.006,0.006,16408882
E2M,20200102,0.19,0.19,0.19,0.19,25000
EAI,20200102,1.06,1.06,1.055,1.06,13349
EBO,20200102,23.1,23.1,23.1,23.1,28
ECF,20200102,1.245,1.255,1.245,1.255,70938
ECP,20200102,1.1,1.1,1.1,1.1,10000
ECS,20200102,0.05,0.054,0.049,0.049,1663416
ECX,20200102,1.465,1.475,1.425,1.435,675655
ED1,20200102,0.985,0.995,0.985,0.99,33015
EDE,20200102,0.039,0.041,0.039,0.04,580165
EEG,20200102,0.445,0.462,0.445,0.46,116040
EFE,20200102,0.004,0.004,0.004,0.004,129260
EGD,20200102,2.33,2.33,2.31,2.31,911
EGG,20200102,1.805,1.805,1.8,1.8,15405
EGH,20200102,0.37,0.37,0.37,0.37,35841
EGI,20200102,1.185,1.2,1.185,1.19,61409
EGL,20200102,0.041,0.041,0.041,0.041,36385
EGN,20200102,0.6,0.6,0.595,0.595,28893
EGR,20200102,0.08,0.08,0.08,0.08,5500
EHE,20200102,2.44,2.46,2.4,2.41,278521
EHH,20200102,0.125,0.125,0.12,0.12,9673
EHL,20200102,2.14,2.2,2.14,2.17,103700
EHX,20200102,0.065,0.076,0.065,0.076,209976
ELD,20200102,6.43,6.49,6.31,6.46,304090
ELO,20200102,6.18,6.36,6.18,6.31,16465
ELS,20200102,0.375,0.375,0.375,0.375,6702
ELT,20200102,0.003,0.003,0.003,0.003,1500000
ELX,20200102,0.78,0.815,0.78,0.795,619309
EM1,20200102,0.015,0.015,0.015,0.015,400156
EME,20200102,0.087,0.087,0.087,0.087,43478
EMH,20200102,0.3,0.315,0.3,0.315,50188
EML,20200102,4.58,4.63,4.54,4.6,950343
EMN,20200102,0.14,0.14,0.14,0.14,33780
EMR,20200102,0.04,0.04,0.039,0.04,1037949
EMV,20200102,0.74,0.75,0.725,0.725,51777
EN1,20200102,0.022,0.023,0.022,0.023,1567391
ENA,20200102,0.022,0.022,0.022,0.022,251600
ENE,20200102,0.16,0.16,0.16,0.16,12243
ENN,20200102,2.07,2.11,2.06,2.11,85806
ENR,20200102,0.145,0.145,0.12,0.12,29080
ENT,20200102,0.009,0.009,0.008,0.009,1022202
EOF,20200102,2.66,2.71,2.66,2.66,23152
EOS,20200102,7.46,7.64,7.36,7.5,198381
EPD,20200102,0.35,0.35,0.35,0.35,14983
EPM,20200102,0.004,0.004,0.004,0.004,50000
EQE,20200102,0.012,0.012,0.012,0.012,220181
EQT,20200102,31,31,31,31,313
ERA,20200102,0.165,0.18,0.16,0.16,173607
ERF,20200102,1.22,1.225,1.205,1.205,34042
ERG,20200102,0.055,0.055,0.055,0.055,8000
ERL,20200102,0.008,0.008,0.008,0.008,1159370
ERM,20200102,0.11,0.115,0.11,0.11,61941
ERX,20200102,0.068,0.068,0.064,0.067,1279832
ESE,20200102,0.013,0.013,0.013,0.013,15000
ESH,20200102,0.009,0.009,0.009,0.009,682777
ESR,20200102,0.009,0.009,0.009,0.009,52268
EUC,20200102,0.018,0.018,0.018,0.018,277400
EUR,20200102,0.087,0.087,0.086,0.087,153601
EVE,20200102,0.005,0.006,0.005,0.006,970373
EVN,20200102,3.78,3.79,3.72,3.75,6297005
EVO,20200102,0.175,0.185,0.175,0.18,1491502
EVT,20200102,13.5,13.92,13.5,13.76,203807
EX1,20200102,0.25,0.26,0.25,0.26,10000
EXL,20200102,0.57,0.595,0.57,0.58,234872
EXP,20200102,0.25,0.25,0.245,0.25,65834
EXR,20200102,0.035,0.035,0.034,0.034,518122
EZL,20200102,1.045,1.05,1.045,1.045,37171
FAM,20200102,0.054,0.054,0.054,0.054,2243
FAR,20200102,0.043,0.043,0.042,0.043,2864500
FAU,20200102,0.009,0.009,0.009,0.009,67999
FBR,20200102,0.045,0.046,0.045,0.045,361564
FBU,20200102,4.92,4.94,4.88,4.92,361320
FCL,20200102,2.65,2.65,2.52,2.64,35045
FCT,20200102,0.155,0.16,0.155,0.16,77603
FDV,20200102,0.82,0.82,0.805,0.81,13582
FEX,20200102,0.053,0.057,0.053,0.056,360651
FFG,20200102,0.009,0.01,0.009,0.01,401582
FFI,20200102,4.75,4.75,4.75,4.75,1425
FFL,20200102,0.49,0.49,0.45,0.45,36250
FFR,20200102,0.058,0.058,0.057,0.057,56666
FGG,20200102,1.27,1.28,1.27,1.28,222951
FGO,20200102,0.001,0.001,0.001,0.001,963240
FGR,20200102,0.14,0.145,0.14,0.145,384584
FGX,20200102,1.165,1.185,1.165,1.18,167805
FHS,20200102,0.014,0.014,0.013,0.013,1917005
FID,20200102,5.51,5.51,5.51,5.51,2873
FIJ,20200102,0.075,0.075,0.075,0.075,6377
FIN,20200102,0.012,0.012,0.012,0.012,553388
FLC,20200102,0.44,0.47,0.44,0.455,1026396
FLN,20200102,0.6,0.6,0.585,0.585,18185
FLT,20200102,43.51,44.03,43.51,43.9,102271
FMG,20200102,10.66,10.87,10.6,10.78,5922892
FML,20200102,0.22,0.22,0.22,0.22,3726
FMS,20200102,0.061,0.061,0.057,0.059,213165
FNP,20200102,5.1,5.11,4.98,5.08,140196
FNT,20200102,0.011,0.011,0.011,0.011,50000
FOD,20200102,0.08,0.081,0.077,0.081,191032
FOR,20200102,1.18,1.185,1.175,1.175,12000
FPC,20200102,1.06,1.065,1.06,1.065,13500
FPH,20200102,21.1,21.32,20.93,20.97,135332
FPL,20200102,0.007,0.007,0.007,0.007,262224
FPP,20200102,0.94,0.94,0.94,0.94,17650
FRM,20200102,0.36,0.36,0.35,0.35,15200
FRN,20200102,0.024,0.025,0.024,0.025,100000
FRX,20200102,0.02,0.02,0.02,0.02,750
FSA,20200102,1.44,1.53,1.44,1.49,31736
FSF,20200102,3.8,3.8,3.8,3.8,1575
FSI,20200102,1.905,1.905,1.9,1.9,35933
FTC,20200102,0.11,0.115,0.11,0.115,219348
FTT,20200102,0.003,0.003,0.003,0.003,985540
FUN,20200102,0.022,0.022,0.022,0.022,7331
FWD,20200102,2.1,2.1,2.03,2.05,11036
FXL,20200102,1.83,1.865,1.82,1.865,237812
FYI,20200102,0.053,0.053,0.053,0.053,12250
FZO,20200102,0.16,0.17,0.16,0.165,59392
FZR,20200102,0.19,0.19,0.19,0.19,1005105
G1A,20200102,0.29,0.29,0.29,0.29,56318
GAL,20200102,0.135,0.135,0.13,0.13,132114
GAP,20200102,0.26,0.26,0.26,0.26,160000
GAS,20200102,0.68,0.68,0.645,0.65,144267
GBR,20200102,0.04,0.04,0.04,0.04,60300
GC1,20200102,0.835,0.835,0.835,0.835,47136
GCI,20200102,2.03,2.04,2.03,2.04,44398
GDF,20200102,1.37,1.41,1.37,1.41,4394
GDG,20200102,0.74,0.76,0.735,0.735,22760
GDI,20200102,1.475,1.485,1.46,1.465,513396
GDX,20200102,42.31,42.31,41.9,42.05,2545
GED,20200102,0.024,0.024,0.024,0.024,15345
GEM,20200102,1.92,1.95,1.905,1.94,1233902
GES,20200102,0.004,0.004,0.004,0.004,92096
GEV,20200102,0.14,0.14,0.135,0.135,355090
GGE,20200102,0.006,0.006,0.006,0.006,1704005
GGG,20200102,0.13,0.13,0.12,0.125,518543
GGX,20200102,0.003,0.003,0.003,0.003,2148660
GIB,20200102,0.058,0.058,0.057,0.057,142105
GID,20200102,0.017,0.017,0.017,0.017,287199
GLA,20200102,0.001,0.001,0.001,0.001,2836226
GLB,20200102,1.645,1.645,1.64,1.64,11782
GLL,20200102,0.72,0.725,0.7,0.7,43398
GLN,20200102,0.13,0.14,0.13,0.14,54168
GMA,20200102,3.66,3.675,3.61,3.62,219354
GMD,20200102,0.033,0.033,0.032,0.032,43423
GME,20200102,0.056,0.056,0.056,0.056,5000
GMG,20200102,13.34,13.47,13.34,13.44,1556224
GML,20200102,0.016,0.016,0.016,0.016,742747
GMN,20200102,0.079,0.086,0.079,0.08,1268810
GMR,20200102,0.01,0.011,0.01,0.011,290267
GMV,20200102,0.085,0.088,0.083,0.085,136117
GNC,20200102,7.54,7.73,7.52,7.71,733251
GNE,20200102,2.98,3.05,2.98,3.05,1207
GNG,20200102,0.8,0.8,0.79,0.79,9800
GNM,20200102,0.009,0.009,0.009,0.009,6190
GNX,20200102,0.225,0.23,0.225,0.23,27164
GO2,20200102,0.015,0.015,0.015,0.015,10000
GOR,20200102,1.335,1.37,1.31,1.37,3159277
GOW,20200102,2.36,2.37,2.36,2.36,14368
GOZ,20200102,4.16,4.18,4.14,4.17,412774
GPR,20200102,0.5,0.5,0.5,0.5,25000
GPT,20200102,5.61,5.68,5.61,5.67,1687583
GPX,20200102,0.135,0.14,0.135,0.14,110042
GRB,20200102,0.09,0.091,0.09,0.09,1045390
GRL,20200102,0.24,0.25,0.23,0.25,13565
GRR,20200102,0.245,0.25,0.245,0.25,373484
GSN,20200102,0.072,0.072,0.067,0.07,152240
GSS,20200102,1.015,1.015,1.01,1.01,15384
GSW,20200102,0.475,0.495,0.46,0.47,76402
GTN,20200102,0.84,0.85,0.825,0.85,2800
GTR,20200102,0.009,0.009,0.009,0.009,2103000
GUD,20200102,11.1,11.28,11,11.14,121054
GVF,20200102,1.12,1.12,1.12,1.12,30000
GWA,20200102,3.32,3.4,3.32,3.38,573105
GWR,20200102,0.088,0.088,0.088,0.088,7725
GXY,20200102,0.935,1.005,0.935,1.005,4947879
HAS,20200102,0.115,0.115,0.11,0.115,205177
HAV,20200102,0.11,0.11,0.105,0.105,32049
HAW,20200102,0.08,0.08,0.08,0.08,230000
HCD,20200102,0.085,0.086,0.085,0.086,90820
HCH,20200102,0.038,0.038,0.037,0.038,546885
HE8,20200102,0.185,0.19,0.18,0.19,211721
HFR,20200102,0.67,0.685,0.655,0.685,24091
HGO,20200102,0.059,0.059,0.059,0.059,3702
HHY,20200102,0.043,0.043,0.043,0.043,13443
HIL,20200102,0.325,0.325,0.32,0.32,98282
HIT,20200102,1.21,1.21,1.21,1.21,85
HLO,20200102,4.94,4.98,4.93,4.97,46878
HLS,20200102,2.76,2.8,2.75,2.76,769952
HLX,20200102,0.015,0.015,0.015,0.015,66000
HM1,20200102,3.3,3.3,3.28,3.28,16024
HMC,20200102,3.9,3.92,3.9,3.9,3936
HMD,20200102,0.16,0.175,0.16,0.175,85764
HNR,20200102,0.009,0.009,0.009,0.009,62274
HPI,20200102,3.15,3.16,3.12,3.12,91722
HPR,20200102,0.099,0.1,0.099,0.1,115457
HRL,20200102,0.115,0.12,0.115,0.12,250204
HRR,20200102,0.096,0.096,0.096,0.096,51872
HSC,20200102,0.005,0.005,0.005,0.005,432206
HSN,20200102,3.78,3.78,3.65,3.7,88794
HT1,20200102,1.695,1.715,1.695,1.695,26957
HTA,20200102,0.13,0.135,0.12,0.12,24992
HUB,20200102,11.07,11.22,11.03,11.1,147252
HUO,20200102,4.52,4.56,4.51,4.56,924
HVN,20200102,4.07,4.125,4.07,4.07,1632993
HWK,20200102,0.006,0.006,0.006,0.006,850196
HXG,20200102,0.07,0.07,0.07,0.07,11678
HYD,20200102,0.24,0.24,0.24,0.24,83744
HZN,20200102,0.12,0.12,0.12,0.12,193892
HZR,20200102,0.395,0.395,0.39,0.395,24405
IAA,20200102,95,95.3,94.05,94.92,3030
IAF,20200102,113.88,113.88,113.54,113.86,11581
IAG,20200102,7.66,7.66,7.535,7.58,3314761
IAP,20200102,1.485,1.495,1.485,1.485,61907
IBG,20200102,0.013,0.013,0.013,0.013,116279
IBX,20200102,0.026,0.028,0.025,0.027,13166248
ICE,20200102,0.17,0.19,0.17,0.19,216941
ICG,20200102,0.002,0.002,0.002,0.002,575000
ICN,20200102,0.01,0.01,0.01,0.01,143841
ICQ,20200102,0.3,0.305,0.295,0.305,99406
IDT,20200102,0.135,0.14,0.135,0.14,3900
IDX,20200102,3.78,3.78,3.72,3.77,65629
IDZ,20200102,0.011,0.011,0.011,0.011,105000
IEL,20200102,17.15,17.45,17.15,17.27,264921
IEM,20200102,64.25,64.72,64,64.4,8576
IEU,20200102,67,67.4,66.68,66.68,23940
IFL,20200102,7.88,7.93,7.82,7.88,513547
IFM,20200102,2.09,2.11,2.06,2.08,54426
IFN,20200102,0.66,0.66,0.65,0.65,215271
IGB,20200102,111.8,111.99,111.7,111.99,6078
IGE,20200102,0.22,0.315,0.19,0.305,11471213
IGL,20200102,2.44,2.5,2.44,2.46,1069243
IGN,20200102,0.025,0.025,0.025,0.025,17420
IGO,20200102,6.24,6.27,6.17,6.17,975540
IHD,20200102,14.11,14.26,14.11,14.26,13383
IHL,20200102,0.062,0.062,0.06,0.06,855648
IHR,20200102,0.091,0.095,0.091,0.095,159169
IJH,20200102,291.22,294.78,291.22,294.78,385
IJP,20200102,84.46,85.9,84.22,84.98,9389
IJR,20200102,119.8,120.06,119.8,120.06,81
IKO,20200102,90.23,90.9,90.23,90.67,128
ILB,20200102,126.9,126.9,126.74,126.74,78
ILC,20200102,25.8,26.01,25.8,26.01,10440
ILU,20200102,9.25,9.32,9.165,9.21,717786
IMA,20200102,0.25,0.25,0.245,0.245,47103
IMC,20200102,0.13,0.13,0.13,0.13,64818
IMD,20200102,1.475,1.5,1.44,1.47,290142
IME,20200102,0.037,0.038,0.037,0.038,281081
IMF,20200102,4.5,4.5,4.38,4.47,113728
IMM,20200102,0.26,0.265,0.255,0.26,440466
IMR,20200102,1.2,1.2,1.16,1.16,467
IMS,20200102,0.007,0.007,0.007,0.007,983436
IMU,20200102,0.031,0.032,0.03,0.03,15197852
INA,20200102,4.98,5.03,4.94,4.96,1438836
INF,20200102,0.06,0.06,0.059,0.059,82990
ING,20200102,3.37,3.44,3.37,3.42,799746
INP,20200102,0.017,0.018,0.017,0.018,106399
INR,20200102,0.185,0.185,0.18,0.185,175152
IOD,20200102,0.135,0.135,0.135,0.135,18800
IOO,20200102,77.75,77.75,77,77.4,12868
IOZ,20200102,27.45,27.67,27.16,27.42,1019993
IP1,20200102,0.01,0.01,0.01,0.01,49437
IPB,20200102,0.025,0.025,0.025,0.025,15548
IPD,20200102,0.16,0.16,0.155,0.155,1046237
IPH,20200102,8.18,8.27,8.18,8.23,279537
IPL,20200102,3.14,3.19,3.13,3.18,2013758
IPT,20200102,0.006,0.006,0.006,0.006,1263301
IRD,20200102,0.084,0.085,0.084,0.085,5614
IRE,20200102,13.01,13.18,13,13.12,191055
IRI,20200102,3.25,3.37,3.25,3.32,154044
ISD,20200102,0.295,0.3,0.28,0.29,596550
ISO,20200102,5.04,5.05,5.03,5.05,2782
ISU,20200102,0.48,0.495,0.47,0.495,1105
ITG,20200102,0.45,0.465,0.45,0.46,120946
ITW,20200102,61.14,62.22,61.14,62.19,1138
IVC,20200102,13.53,13.55,13.31,13.44,133160
IVE,20200102,100.16,100.16,99.4,99.43,871
IVR,20200102,0.023,0.023,0.022,0.022,2476331
IVV,20200102,465,465,461.5,462.93,4249
IVX,20200102,0.013,0.013,0.012,0.012,2382746
IVZ,20200102,0.029,0.029,0.028,0.029,479408
IXC,20200102,0.85,0.86,0.85,0.86,41578
IXI,20200102,80.09,80.09,79.27,79.37,729
IXJ,20200102,98.36,99,98,98.7,1895
IZZ,20200102,62.3,63.15,62.3,63.15,938
JAL,20200102,0.19,0.19,0.185,0.185,56161
JAN,20200102,0.485,0.485,0.48,0.48,8620
JAT,20200102,0.049,0.049,0.048,0.048,100000
JBH,20200102,37.67,38.32,37.6,38.16,202345
JDR,20200102,0.01,0.01,0.01,0.01,1441427
JHC,20200102,1.005,1.005,0.98,0.995,157026
JHG,20200102,34.98,35.13,34.84,35.01,51954
JHX,20200102,27.92,28.03,27.74,27.93,335872
JIN,20200102,15.05,15.46,14.8,14.97,324068
JLG,20200102,2.19,2.32,2.16,2.32,147737
JMS,20200102,0.285,0.29,0.277,0.29,1660575
JRV,20200102,0.205,0.215,0.205,0.215,310651
JXT,20200102,0.15,0.15,0.13,0.13,93750
JYC,20200102,1.48,1.5,1.48,1.5,7060
K2F,20200102,0.255,0.255,0.255,0.255,9000
KAI,20200102,0.01,0.011,0.01,0.011,944204
KAM,20200102,0.044,0.044,0.044,0.044,600
KAR,20200102,1.15,1.165,1.125,1.155,759445
KCN,20200102,0.42,0.42,0.42,0.42,20357
KFE,20200102,0.067,0.074,0.067,0.074,372425
KGM,20200102,0.006,0.006,0.006,0.006,177535
KGN,20200102,7.7,7.7,7.43,7.47,174384
KIS,20200102,0.07,0.07,0.07,0.07,55000
KKC,20200102,2.5,2.5,2.48,2.49,221428
KLA,20200102,63.99,63.99,63.5,63.5,276
KLL,20200102,0.49,0.49,0.48,0.485,250765
KMD,20200102,3.17,3.2,3.15,3.15,69395
KME,20200102,1.25,1.26,1.25,1.26,13536
KMT,20200102,0.004,0.004,0.004,0.004,90851
KNO,20200102,0.091,0.091,0.09,0.09,108300
KOV,20200102,3.5,3.5,3.5,3.5,1435
KPT,20200102,2.1,2.11,1.955,1.98,102874
KRM,20200102,0.029,0.031,0.027,0.027,760132
KRR,20200102,0.022,0.022,0.021,0.021,275281
KSL,20200102,1.49,1.495,1.48,1.48,44157
KSN,20200102,0.18,0.185,0.17,0.17,206270
KSS,20200102,0.295,0.31,0.295,0.31,299111
KTD,20200102,0.395,0.395,0.385,0.385,91594
KTG,20200102,0.21,0.22,0.21,0.21,134873
KWR,20200102,0.17,0.17,0.17,0.17,40000
KYK,20200102,0.115,0.115,0.115,0.115,8695
KZA,20200102,0.6,0.61,0.6,0.61,10131
KZR,20200102,0.29,0.29,0.28,0.28,279384
LAA,20200102,0.03,0.03,0.028,0.028,581114
LAU,20200102,0.355,0.355,0.355,0.355,30000
LAW,20200102,0.069,0.069,0.069,0.069,100082
LBL,20200102,0.707,0.71,0.69,0.69,31820
LBT,20200102,0.16,0.165,0.16,0.165,168284
LCD,20200102,0.015,0.015,0.014,0.014,90000
LCK,20200102,0.15,0.155,0.15,0.15,130452
LCT,20200102,0.017,0.017,0.017,0.017,226470
LCY,20200102,0.002,0.002,0.002,0.002,941000
LEG,20200102,0.088,0.09,0.081,0.083,8290814
LEP,20200102,5.6,5.67,5.6,5.67,13668
LEX,20200102,0.19,0.19,0.185,0.185,50000
LHB,20200102,0.003,0.003,0.003,0.003,10692
LIC,20200102,9.22,9.39,9.14,9.34,35672
LIN,20200102,0.031,0.036,0.031,0.034,2996927
LIT,20200102,0.062,0.063,0.061,0.063,1345901
LKE,20200102,0.028,0.033,0.028,0.033,695644
LLC,20200102,17.61,18.03,17.61,17.95,930856
LME,20200102,1.85,1.85,1.83,1.835,38430
LMG,20200102,0.013,0.013,0.012,0.012,261763
LML,20200102,0.005,0.006,0.005,0.006,656031
LMW,20200102,0.145,0.145,0.145,0.145,14420
LNG,20200102,0.195,0.2,0.19,0.195,999248
LNK,20200102,5.86,5.895,5.8,5.83,1306870
LNU,20200102,0.026,0.026,0.025,0.025,1145912
LNY,20200102,0.007,0.007,0.007,0.007,3746626
LOM,20200102,0.115,0.125,0.115,0.125,217915
LON,20200102,0.165,0.17,0.165,0.17,12652
LOT,20200102,0.051,0.06,0.051,0.06,172847
LOV,20200102,12.21,12.38,11.87,12,143836
LPD,20200102,0.016,0.016,0.015,0.015,7378
LPE,20200102,0.71,0.715,0.71,0.715,4280
LPI,20200102,0.255,0.27,0.255,0.265,67225
LRS,20200102,0.005,0.005,0.005,0.005,1420830
LSF,20200102,1.645,1.655,1.635,1.645,266788
LSH,20200102,0.034,0.034,0.034,0.034,29283
LSR,20200102,0.009,0.009,0.009,0.009,221122
LSX,20200102,0.455,0.455,0.455,0.455,16760
LTR,20200102,0.087,0.088,0.085,0.086,695046
LVH,20200102,0.225,0.23,0.225,0.23,29778
LVT,20200102,0.27,0.29,0.27,0.29,890010
LYC,20200102,2.33,2.35,2.31,2.32,1200164
LYL,20200102,5.5,5.65,5.5,5.64,17898
M7T,20200102,0.69,0.7,0.68,0.68,128439
M8S,20200102,0.23,0.23,0.23,0.23,4347
MA1,20200102,1.02,1.025,1.02,1.025,126493
MAD,20200102,1.045,1.045,1.045,1.045,44447
MAG,20200102,0.22,0.225,0.205,0.22,293077
MAH,20200102,0.285,0.285,0.28,0.285,379162
MAI,20200102,0.54,0.54,0.54,0.54,19057
MAR,20200102,0.001,0.001,0.001,0.001,925825
MAT,20200102,0.12,0.12,0.12,0.12,100000
MAU,20200102,0.455,0.455,0.455,0.455,4007
MAY,20200102,0.011,0.011,0.01,0.01,450000
MCA,20200102,0.16,0.16,0.16,0.16,148543
MCE,20200102,0.355,0.355,0.355,0.355,3532
MCP,20200102,2.48,2.53,2.46,2.46,20831
MDC,20200102,0.305,0.31,0.295,0.305,88090
MDI,20200102,0.004,0.005,0.004,0.004,8479388
MDR,20200102,0.362,0.362,0.36,0.36,5536
MEA,20200102,0.32,0.33,0.32,0.33,18400
MEB,20200102,0.01,0.01,0.01,0.01,1061320
MEC,20200102,0.98,0.98,0.97,0.97,6950
MEI,20200102,0.032,0.032,0.031,0.032,495370
MEL,20200102,0.044,0.044,0.044,0.044,100000
MEM,20200102,0.05,0.051,0.05,0.05,804912
MEP,20200102,0.05,0.05,0.05,0.05,1577072
MEU,20200102,0.025,0.025,0.025,0.025,56099
MEY,20200102,0.09,0.09,0.09,0.09,912
MEZ,20200102,4.97,4.97,4.8,4.8,1243
MFD,20200102,1.015,1.015,1,1.015,11171
MFF,20200102,3.6,3.62,3.6,3.61,119101
MFG,20200102,56.96,57.97,56.96,57.73,195992
MGC,20200102,0.445,0.445,0.445,0.445,9081
MGE,20200102,3.98,3.99,3.97,3.99,262624
MGG,20200102,2,2,1.985,1.985,419634
MGR,20200102,3.15,3.2,3.15,3.19,4115043
MGV,20200102,0.09,0.093,0.09,0.091,758258
MGX,20200102,0.96,0.967,0.935,0.96,823092
MHC,20200102,0.005,0.005,0.005,0.005,755132
MHG,20200102,3.58,3.58,3.58,3.58,44209
MHH,20200102,1.62,1.62,1.615,1.62,154344
MHI,20200102,0.073,0.073,0.073,0.073,21614
MHJ,20200102,0.69,0.695,0.69,0.695,16604
MIL,20200102,0.4,0.4,0.4,0.4,26015
MIN,20200102,16.5,16.62,16.36,16.52,422238
MIR,20200102,2.69,2.73,2.67,2.67,37133
MKG,20200102,0.07,0.07,0.07,0.07,35000
MLD,20200102,1.045,1.045,1.025,1.03,192213
MLL,20200102,0.077,0.078,0.075,0.077,348554
MLM,20200102,0.016,0.016,0.016,0.016,8622
MLS,20200102,0.002,0.002,0.001,0.001,1249998
MLT,20200102,4.94,4.95,4.93,4.95,54027
MLX,20200102,0.076,0.081,0.076,0.078,2743382
MME,20200102,1.45,1.45,1.43,1.445,26956
MMI,20200102,0.14,0.14,0.14,0.14,70000
MMJ,20200102,0.145,0.145,0.145,0.145,91301
MML,20200102,0.79,0.825,0.785,0.82,318370
MMM,20200102,0.255,0.28,0.255,0.28,19545
MMS,20200102,13.02,13.23,13.015,13.08,104369
MNB,20200102,0.001,0.001,0.001,0.001,2119613
MNC,20200102,0.07,0.07,0.068,0.069,33728
MND,20200102,16.72,16.87,16.45,16.64,184221
MNF,20200102,4.97,5.02,4.85,5.02,30321
MNS,20200102,0.084,0.085,0.081,0.081,116776
MNW,20200102,0.018,0.021,0.018,0.021,259089
MNY,20200102,2.28,2.33,2.28,2.28,19820
MOB,20200102,0.13,0.13,0.13,0.13,65383
MOC,20200102,1.255,1.255,1.24,1.255,28846
MOE,20200102,5.15,5.15,5.11,5.13,5182
MOT,20200102,2.08,2.09,2.08,2.09,58387
MOZ,20200102,2.29,2.3,2.26,2.3,26317
MP1,20200102,10.61,10.7,10.37,10.41,136520
MPL,20200102,3.15,3.195,3.15,3.18,2709023
MPR,20200102,0.02,0.02,0.02,0.02,55000
MPW,20200102,0.084,0.084,0.084,0.084,170000
MQG,20200102,137.2,138.18,136.87,137.53,324707
MRC,20200102,0.275,0.275,0.27,0.27,7590
MRD,20200102,0.003,0.003,0.003,0.003,3698638
MRM,20200102,0.17,0.175,0.17,0.17,117252
MRQ,20200102,0.025,0.029,0.025,0.027,48104609
MRV,20200102,0.003,0.003,0.003,0.003,88967
MSB,20200102,2.11,2.16,2.04,2.05,1048967
MSG,20200102,0.017,0.018,0.017,0.018,833445
MSI,20200102,0.005,0.005,0.005,0.005,900
MSM,20200102,0.014,0.014,0.014,0.014,100000
MSR,20200102,0.002,0.002,0.002,0.002,1000000
MSV,20200102,0.059,0.059,0.059,0.059,78622
MTB,20200102,0.002,0.002,0.002,0.002,28572
MTC,20200102,0.042,0.042,0.039,0.039,554076
MTH,20200102,0.009,0.009,0.009,0.009,74072
MTO,20200102,2.08,2.09,2.04,2.04,2739
MTS,20200102,2.55,2.58,2.53,2.55,2319948
MVA,20200102,25.14,25.14,24.64,24.75,9318
MVB,20200102,25.8,25.86,25.8,25.86,260
MVE,20200102,29.02,29.09,29.02,29.09,1594
MVF,20200102,1.015,1.035,1.015,1.035,58966
MVP,20200102,8.81,9.24,8.81,9,305203
MVR,20200102,30.5,30.5,29.88,29.92,2461
MVS,20200102,20.39,20.39,20.39,20.39,343
MVW,20200102,30.95,30.99,30.84,30.93,33680
MWR,20200102,0.305,0.31,0.292,0.3,177259
MWY,20200102,1.925,1.935,1.9,1.9,127113
MX1,20200102,0.195,0.2,0.195,0.2,198569
MXC,20200102,0.031,0.033,0.031,0.031,520317
MXI,20200102,0.215,0.215,0.215,0.215,9209
MXT,20200102,2.07,2.07,2.06,2.06,277801
MYL,20200102,0.047,0.047,0.044,0.045,1588910
MYR,20200102,0.485,0.485,0.475,0.485,410645
MYS,20200102,4.97,5,4.95,4.98,40753
MYX,20200102,0.44,0.45,0.435,0.445,2305520
MZZ,20200102,0.24,0.245,0.24,0.245,95200
NAB,20200102,24.5,24.65,24.43,24.57,3066508
NAC,20200102,0.965,0.965,0.965,0.965,40142
NAE,20200102,0.003,0.004,0.003,0.004,3500000
NAG,20200102,0.04,0.04,0.04,0.04,35765
NAN,20200102,6.35,6.425,6.3,6.36,606381
NBI,20200102,2.07,2.08,2.07,2.07,411880
NCK,20200102,7.09,7.1,6.76,6.82,155742
NCM,20200102,30.21,30.24,29.78,29.82,1789979
NCR,20200102,0.015,0.015,0.015,0.015,538482
NCZ,20200102,0.265,0.285,0.26,0.26,1943677
NDQ,20200102,21.17,21.24,21.15,21.23,33708
NEA,20200102,2.56,2.59,2.51,2.51,1799594
NEC,20200102,1.785,1.825,1.785,1.805,2146849
NES,20200102,0.06,0.06,0.06,0.06,44793
NET,20200102,0.125,0.125,0.12,0.12,552955
NEU,20200102,2.48,2.48,2.45,2.45,19709
NEW,20200102,1.35,1.36,1.34,1.36,48545
NGI,20200102,2.82,2.87,2.82,2.83,61292
NGY,20200102,0.017,0.017,0.017,0.017,20000
NHC,20200102,2.07,2.09,2.065,2.07,1394668
NHF,20200102,6.3,6.44,6.27,6.4,725043
NIC,20200102,0.655,0.665,0.64,0.645,916579
NML,20200102,0.11,0.115,0.11,0.115,178591
NMT,20200102,0.195,0.2,0.195,0.195,155864
NNW,20200102,0.069,0.069,0.069,0.069,13700
NOR,20200102,0.042,0.042,0.041,0.042,405642
NOX,20200102,0.28,0.285,0.28,0.28,83845
NSB,20200102,0.19,0.19,0.19,0.19,4550
NSC,20200102,0.75,0.755,0.75,0.755,30994
NSR,20200102,1.83,1.84,1.825,1.84,4038968
NST,20200102,11.34,11.35,11.14,11.27,5353773
NTD,20200102,0.46,0.46,0.45,0.45,63922
NTI,20200102,0.016,0.016,0.016,0.016,203629
NTM,20200102,0.079,0.079,0.075,0.077,916528
NTO,20200102,1.64,1.64,1.64,1.64,30936
NTU,20200102,0.06,0.062,0.06,0.062,1132855
NUC,20200102,3.65,3.81,3.65,3.79,12325
NUF,20200102,5.76,6.24,5.76,6.13,2336617
NUH,20200102,0.036,0.036,0.035,0.035,64971
NUS,20200102,0.32,0.32,0.315,0.32,121462
NVA,20200102,0.044,0.046,0.044,0.046,540633
NVL,20200102,3.62,3.63,3.62,3.62,753092
NVO,20200102,0.015,0.016,0.015,0.015,2343388
NVX,20200102,0.49,0.51,0.485,0.5,96250
NWC,20200102,0.015,0.015,0.014,0.015,335295
NWE,20200102,0.006,0.006,0.006,0.006,3288633
NWF,20200102,0.175,0.175,0.175,0.175,3511
NWH,20200102,3.22,3.27,3.15,3.17,1333288
NWL,20200102,7.82,7.92,7.76,7.87,364064
NWS,20200102,20.37,20.67,20.37,20.57,47766
NXE,20200102,0.012,0.012,0.012,0.012,65251
NXS,20200102,1.905,1.975,1.9,1.92,113507
NXT,20200102,6.58,6.6,6.485,6.53,696995
NZC,20200102,0.29,0.29,0.29,0.29,95805
NZS,20200102,0.015,0.015,0.015,0.015,100750
OAR,20200102,0.005,0.005,0.005,0.005,3600015
OAU,20200102,0.021,0.023,0.021,0.021,271300
OBM,20200102,0.18,0.185,0.18,0.185,282705
OCA,20200102,1.28,1.28,1.28,1.28,1000
OCC,20200102,0.495,0.515,0.495,0.5,365423
OCL,20200102,6,6.25,6,6.25,14294
ODA,20200102,0.225,0.225,0.225,0.225,6087
OEL,20200102,0.037,0.037,0.037,0.037,554291
OFX,20200102,1.4,1.41,1.37,1.41,29346
OGA,20200102,0.135,0.135,0.13,0.135,636560
OGC,20200102,2.76,2.79,2.75,2.78,499819
OIL,20200102,0.038,0.038,0.038,0.038,42770
OKU,20200102,0.145,0.15,0.145,0.15,199000
OLI,20200102,0.069,0.075,0.069,0.075,745068
OLL,20200102,0.17,0.17,0.16,0.16,6000
OLV,20200102,0.01,0.01,0.01,0.01,100000
OMH,20200102,0.485,0.485,0.47,0.475,929129
OML,20200102,3.62,3.785,3.62,3.76,911817
ONE,20200102,0.12,0.12,0.12,0.12,5000
ONT,20200102,6.35,6.35,6.35,6.35,3000
ONX,20200102,0.08,0.08,0.08,0.08,130233
OOO,20200102,15.7,15.75,15.7,15.74,2184
OPC,20200102,3.88,3.99,3.88,3.89,8523
OPH,20200102,2.48,2.49,2.48,2.485,166607
OPL,20200102,0.13,0.13,0.13,0.13,11060
OPT,20200102,2.98,2.98,2.91,2.92,65761
OPY,20200102,1.26,1.26,1.215,1.24,127943
ORA,20200102,3.16,3.21,3.14,3.16,2349145
ORE,20200102,2.66,2.85,2.65,2.81,1337344
ORG,20200102,8.42,8.51,8.41,8.46,1833316
ORI,20200102,21.91,22.11,21.91,21.97,440562
ORN,20200102,0.023,0.023,0.023,0.023,343801
ORR,20200102,0.385,0.39,0.385,0.39,2507
OSH,20200102,7.19,7.29,7.19,7.26,1544926
OSL,20200102,0.17,0.17,0.16,0.16,196987
OSP,20200102,0.03,0.03,0.029,0.029,91666
OSX,20200102,0.74,0.74,0.73,0.73,4768
OTW,20200102,4.65,4.65,4.55,4.56,4432
OVH,20200102,0.36,0.365,0.36,0.36,23644
OVL,20200102,0.009,0.009,0.009,0.009,1487221
OVN,20200102,0.495,0.495,0.49,0.495,36898
OVT,20200102,0.049,0.049,0.049,0.049,1425
OZF,20200102,19.09,19.22,19.09,19.22,5297
OZG,20200102,0.17,0.17,0.17,0.17,45210
OZL,20200102,10.55,10.64,10.5,10.58,587938
OZR,20200102,12,12.05,12,12.05,4960
PAA,20200102,0.105,0.105,0.105,0.105,104261
PAB,20200102,0.02,0.02,0.02,0.02,29077
PAC,20200102,6.3,6.36,6.24,6.32,13427
PAF,20200102,0.93,0.93,0.93,0.93,15000
PAI,20200102,1.08,1.095,1.08,1.095,77342
PAL,20200102,1.08,1.08,1.08,1.08,9240
PAN,20200102,0.315,0.32,0.315,0.32,1388740
PAR,20200102,2.9,3.05,2.85,2.98,385211
PBH,20200102,4.85,4.93,4.81,4.9,173209
PBP,20200102,1.98,1.98,1.95,1.96,21419
PCI,20200102,1.135,1.135,1.13,1.13,34000
PCK,20200102,0.185,0.19,0.182,0.19,863845
PCL,20200102,0.002,0.002,0.002,0.002,3470579
PDI,20200102,0.008,0.008,0.008,0.008,1425000
PDL,20200102,8.59,8.72,8.59,8.64,452479
PDN,20200102,0.1,0.1,0.098,0.1,4801000
PDZ,20200102,0.205,0.205,0.2,0.2,38100
PE1,20200102,1.6,1.625,1.6,1.6,58280
PEC,20200102,0.045,0.047,0.044,0.047,43978
PEK,20200102,0.039,0.04,0.039,0.04,319254
PEN,20200102,0.175,0.175,0.17,0.175,207135
PET,20200102,0.83,0.83,0.805,0.82,214208
PEX,20200102,0.24,0.24,0.24,0.24,50000
PFP,20200102,3.43,3.49,3.43,3.49,78090
PGC,20200102,0.44,0.44,0.425,0.43,78561
PGF,20200102,1.26,1.27,1.255,1.27,59662
PGG,20200102,2.04,2.05,2.04,2.05,8378
PGH,20200102,2.72,2.73,2.63,2.67,412865
PGL,20200102,1.98,1.995,1.9,1.95,192972
PGM,20200102,0.018,0.018,0.018,0.018,30000
PGX,20200102,0.345,0.35,0.345,0.35,77150
PIA,20200102,1.135,1.135,1.13,1.135,134515
PIC,20200102,1.065,1.09,1.065,1.085,140005
PIN,20200102,0.085,0.085,0.084,0.084,113096
PIO,20200102,0.012,0.012,0.012,0.012,330000
PIQ,20200102,0.265,0.265,0.265,0.265,22899
PKO,20200102,0.024,0.024,0.024,0.024,9960
PKS,20200102,0.16,0.17,0.16,0.17,63706
PL8,20200102,1.195,1.2,1.185,1.185,241052
PLL,20200102,0.117,0.12,0.117,0.117,247339
PLS,20200102,0.285,0.31,0.285,0.305,13734521
PM1,20200102,0.016,0.016,0.016,0.016,116032
PM8,20200102,0.175,0.18,0.175,0.18,7858
PMC,20200102,1.72,1.73,1.71,1.71,135712
PME,20200102,22.5,22.78,22.25,22.29,230911
PMV,20200102,18.76,19.02,18.75,18.93,145390
PMY,20200102,0.007,0.008,0.007,0.008,250000
PNC,20200102,1.795,1.795,1.77,1.78,227744
PNI,20200102,4.67,4.78,4.64,4.7,362384
PNN,20200102,0.002,0.003,0.002,0.003,30000000
PNR,20200102,0.155,0.155,0.152,0.152,128256
PNV,20200102,1.96,1.965,1.85,1.855,2110570
PNX,20200102,0.007,0.007,0.006,0.006,790558
PO3,20200102,4.07,4.07,4.07,4.07,487
POS,20200102,0.045,0.046,0.044,0.044,1327011
POW,20200102,0.006,0.006,0.005,0.006,1267873
PPC,20200102,1.25,1.28,1.25,1.28,11680
PPE,20200102,3.23,3.23,3.12,3.13,28670
PPG,20200102,0.115,0.12,0.115,0.12,187431
PPH,20200102,3.92,3.98,3.85,3.88,37878
PPK,20200102,5.06,5.1,5.02,5.05,56946
PPL,20200102,0.011,0.011,0.011,0.011,161002
PPS,20200102,0.515,0.525,0.505,0.505,419358
PPT,20200102,41.1,41.48,40.91,41.02,51162
PRN,20200102,1.61,1.625,1.56,1.6,3159560
PRO,20200102,0.45,0.45,0.45,0.45,1600
PRT,20200102,0.175,0.175,0.17,0.17,98383
PRU,20200102,1.14,1.15,1.12,1.13,6476253
PRX,20200102,0.067,0.067,0.064,0.065,126818
PSA,20200102,0.06,0.067,0.06,0.067,77337
PSC,20200102,0.2,0.21,0.2,0.2,39763
PSI,20200102,3.08,3.08,3.08,3.08,3878
PSQ,20200102,1.77,1.77,1.715,1.74,29490
PSZ,20200102,0.036,0.036,0.036,0.036,346023
PTB,20200102,0.8,0.805,0.79,0.805,121192
PTM,20200102,4.51,4.56,4.42,4.45,536350
PTR,20200102,0.036,0.036,0.036,0.036,13875
PTX,20200102,0.062,0.062,0.056,0.056,8736265
PUA,20200102,0.016,0.016,0.016,0.016,900
PVS,20200102,1.41,1.41,1.4,1.4,2184
PWG,20200102,1.17,1.17,1.17,1.17,24091
PWH,20200102,4.77,4.83,4.71,4.71,42884
PWL,20200102,0.205,0.205,0.195,0.195,182905
PWN,20200102,0.007,0.009,0.006,0.009,37735959
PXS,20200102,0.155,0.157,0.15,0.15,600026
PXX,20200102,0.048,0.049,0.042,0.044,770968
PYC,20200102,0.06,0.06,0.059,0.06,286778
QAG,20200102,5.66,5.67,5.65,5.66,10641
QAN,20200102,7.14,7.21,7.12,7.16,4980666
QAU,20200102,15.35,15.35,15.25,15.29,7313
QBE,20200102,12.81,12.9,12.78,12.85,1829771
QCB,20200102,8.25,8.25,8.24,8.24,2334
QEM,20200102,0.086,0.086,0.086,0.086,86297
QFE,20200102,0.335,0.34,0.325,0.34,267575
QFN,20200102,10.7,10.7,10.66,10.69,4461
QFY,20200102,0.005,0.005,0.005,0.005,1900198
QHL,20200102,0.12,0.12,0.11,0.11,245836
QIP,20200102,1.36,1.362,1.36,1.362,7496
QMS,20200102,1.195,1.202,1.195,1.2,2482230
QOZ,20200102,13.61,13.61,13.51,13.56,98951
QRE,20200102,6.55,6.58,6.55,6.58,3235
QRI,20200102,1.62,1.62,1.62,1.62,4014
QUB,20200102,3.27,3.33,3.24,3.3,2079255
QUS,20200102,38.91,38.91,38.91,38.91,341
QVE,20200102,1.03,1.04,1.03,1.04,59583
RAC,20200102,0.19,0.19,0.185,0.185,321248
RAG,20200102,0.006,0.007,0.006,0.007,1740803
RAN,20200102,0.02,0.021,0.02,0.021,106493
RAP,20200102,0.24,0.245,0.235,0.235,188090
RBL,20200102,1.13,1.13,1.08,1.085,183263
RCB,20200102,20.56,20.56,20.56,20.56,4176
RCE,20200102,0.365,0.365,0.335,0.335,340201
RCL,20200102,0.305,0.305,0.3,0.3,14243
RDC,20200102,1.12,1.13,1.117,1.12,413198
RDF,20200102,0.5,0.5,0.47,0.475,21777
RDG,20200102,0.019,0.019,0.018,0.018,143190
RDH,20200102,1.855,1.915,1.8,1.82,194758
RDM,20200102,0.1,0.1,0.1,0.1,50000
RDN,20200102,0.006,0.006,0.006,0.006,4500
RDS,20200102,0.008,0.009,0.008,0.008,327170
RDV,20200102,29.6,29.63,29.5,29.63,7136
RDY,20200102,1.725,1.79,1.725,1.79,11168
REA,20200102,104.56,105.67,104.46,105.25,84196
RED,20200102,0.33,0.335,0.325,0.33,2314221
REF,20200102,0.003,0.003,0.003,0.003,275126
REG,20200102,2.46,2.475,2.44,2.45,169455
REH,20200102,11.46,11.565,11.42,11.45,174374
REX,20200102,1.18,1.18,1.165,1.18,33525
REZ,20200102,0.017,0.017,0.016,0.016,1365385
RF1,20200102,2.62,2.62,2.59,2.59,9790
RFF,20200102,1.94,1.94,1.915,1.925,286595
RFG,20200102,0.105,0.105,0.1,0.1,85444
RFT,20200102,0.047,0.048,0.046,0.046,102125
RFX,20200102,0.045,0.046,0.045,0.046,182896
RGB,20200102,22.64,22.64,22.64,22.64,635
RGS,20200102,0.081,0.081,0.081,0.081,36165
RHC,20200102,72.55,72.88,71.81,72.01,145695
RHP,20200102,2.06,2.08,2.06,2.06,79370
RHT,20200102,0.23,0.265,0.23,0.26,1744724
RHY,20200102,0.13,0.13,0.13,0.13,2846
RIC,20200102,1.04,1.04,1.03,1.035,39281
RIE,20200102,0.013,0.013,0.013,0.013,6741
RIM,20200102,0.002,0.002,0.002,0.002,1880000
RIO,20200102,100.12,101.44,100.11,101.15,482963
RKN,20200102,0.765,0.77,0.765,0.77,7629
RLC,20200102,0.003,0.003,0.003,0.003,548158
RLE,20200102,0.031,0.031,0.029,0.03,229000
RLG,20200102,0.037,0.037,0.037,0.037,50000
RLT,20200102,1.5,1.5,1.5,1.5,336
RMC,20200102,1.5,1.555,1.49,1.5,133256
RMD,20200102,22.08,22.15,22.01,22.02,304344
RML,20200102,0.052,0.052,0.05,0.05,312528
RMS,20200102,1.205,1.285,1.205,1.28,2498743
RMX,20200102,0.005,0.005,0.005,0.005,5342300
RMY,20200102,0.37,0.37,0.37,0.37,43200
RND,20200102,2.34,2.35,2.34,2.35,2162
RNE,20200102,0.024,0.024,0.024,0.024,35048
RNO,20200102,0.21,0.21,0.21,0.21,4844
RNT,20200102,0.054,0.055,0.054,0.055,16804
RNU,20200102,0.011,0.011,0.011,0.011,200000
RNX,20200102,0.002,0.002,0.002,0.002,21950
ROG,20200102,0.002,0.002,0.002,0.002,520350
ROO,20200102,0.029,0.03,0.029,0.03,489000
RRL,20200102,4.34,4.35,4.27,4.31,1699471
RSG,20200102,1.265,1.265,1.225,1.235,4851893
RSH,20200102,0.096,0.096,0.096,0.096,72050
RTG,20200102,0.094,0.095,0.092,0.092,51766
RTR,20200102,0.067,0.072,0.067,0.072,186665
RUL,20200102,0.85,0.85,0.85,0.85,5234
RVR,20200102,0.145,0.147,0.145,0.147,19321
RVS,20200102,0.675,0.68,0.675,0.68,8153
RWC,20200102,4.03,4.15,4.03,4.12,1280252
RWD,20200102,0.14,0.14,0.14,0.14,38660
RXH,20200102,0.003,0.003,0.003,0.003,125000
RXL,20200102,0.026,0.026,0.025,0.025,3666694
RXM,20200102,0.073,0.073,0.073,0.073,18908
RXP,20200102,0.53,0.535,0.525,0.535,45787
RYD,20200102,1.45,1.45,1.45,1.45,59207
RZI,20200102,0.86,0.86,0.82,0.83,13012
S2R,20200102,0.13,0.13,0.13,0.13,6000
S32,20200102,2.68,2.71,2.68,2.68,7509492
SAR,20200102,3.31,3.37,3.24,3.32,4900604
SAU,20200102,0.195,0.21,0.195,0.21,72684
SBM,20200102,2.71,2.755,2.66,2.73,3962515
SBR,20200102,0.002,0.002,0.002,0.002,150000
SCG,20200102,3.83,3.88,3.83,3.85,3950213
SCI,20200102,0.01,0.01,0.009,0.009,502801
SCL,20200102,0.023,0.029,0.023,0.029,9301893
SCP,20200102,2.67,2.705,2.67,2.69,1467511
SCT,20200102,0.073,0.073,0.073,0.073,39374
SCU,20200102,0.014,0.014,0.014,0.014,90759
SDA,20200102,0.955,0.98,0.945,0.95,2683603
SDF,20200102,3.6,3.6,3.51,3.54,1016787
SDG,20200102,1.64,1.65,1.64,1.64,14556
SDI,20200102,0.825,0.825,0.825,0.825,9988
SDV,20200102,0.635,0.7,0.635,0.7,1083507
SDX,20200102,0.038,0.038,0.038,0.038,10955
SEI,20200102,0.056,0.059,0.055,0.055,1560000
SEK,20200102,22.52,22.67,22.39,22.49,334928
SEN,20200102,0.068,0.068,0.068,0.068,193936
SEQ,20200102,0.225,0.225,0.225,0.225,88356
SER,20200102,0.004,0.004,0.004,0.004,97711
SES,20200102,0.092,0.095,0.092,0.095,306025
SF1,20200102,0.03,0.03,0.03,0.03,508445
SFC,20200102,14.73,14.75,14.5,14.5,2096
SFG,20200102,0.075,0.075,0.075,0.075,158238
SFR,20200102,5.94,5.99,5.86,5.9,527557
SFX,20200102,0.335,0.34,0.335,0.335,6908
SFY,20200102,61.14,61.55,61.14,61.55,12638
SGC,20200102,0.045,0.049,0.045,0.047,461489
SGF,20200102,2.6,2.65,2.56,2.56,41962
SGH,20200102,0.93,1,0.93,0.95,24650
SGI,20200102,0.097,0.097,0.096,0.096,102040
SGM,20200102,10.63,10.79,10.56,10.74,193823
SGP,20200102,4.62,4.675,4.62,4.65,2543245
SGQ,20200102,0.135,0.135,0.13,0.13,349851
SGR,20200102,4.58,4.68,4.57,4.66,1462564
SHJ,20200102,0.905,0.93,0.905,0.93,16834
SHL,20200102,28.66,28.85,28.59,28.64,415040
SHO,20200102,0.031,0.031,0.031,0.031,10800
SHV,20200102,8.39,8.39,8.21,8.22,196441
SI6,20200102,0.003,0.003,0.003,0.003,1500000
SIG,20200102,0.585,0.585,0.575,0.575,594127
SIH,20200102,0.018,0.018,0.018,0.018,255471
SIL,20200102,0.05,0.055,0.05,0.051,519234
SIO,20200102,0.405,0.425,0.405,0.425,62984
SIQ,20200102,7,7.01,6.77,6.77,785263
SIS,20200102,0.024,0.024,0.023,0.023,190724
SIT,20200102,0.067,0.07,0.067,0.069,131542
SKC,20200102,3.64,3.75,3.64,3.64,94115
SKF,20200102,0.17,0.175,0.17,0.175,66600
SKI,20200102,2.08,2.1,2.08,2.09,4128726
SKN,20200102,0.01,0.01,0.01,0.01,22692
SKO,20200102,4.8,4.88,4.8,4.88,22467
SKT,20200102,0.735,0.735,0.71,0.715,18807
SKY,20200102,0.091,0.091,0.086,0.086,400000
SLC,20200102,0.97,0.975,0.96,0.965,148349
SLF,20200102,13.85,13.91,13.85,13.89,8372
SLK,20200102,5,5,4.81,4.89,54867
SLM,20200102,0.82,0.83,0.82,0.82,120814
SLR,20200102,1.34,1.36,1.315,1.34,4421091
SLX,20200102,0.39,0.395,0.39,0.395,49072
SM1,20200102,8.59,8.72,8.58,8.62,19357
SM8,20200102,0.052,0.055,0.052,0.055,567670
SMD,20200102,0.007,0.007,0.007,0.007,1000
SMI,20200102,0.004,0.004,0.004,0.004,3699000
SMN,20200102,0.98,1.02,0.98,1.01,47139
SMP,20200102,0.52,0.535,0.515,0.53,94694
SMR,20200102,1.06,1.08,1.06,1.065,120515
SMX,20200102,0.41,0.42,0.41,0.42,6901
SNC,20200102,0.83,0.83,0.83,0.83,8965
SND,20200102,0.325,0.325,0.325,0.325,5111
SNS,20200102,0.11,0.11,0.105,0.105,169904
SO4,20200102,0.78,0.78,0.75,0.755,52700
SOL,20200102,21.57,21.65,21.31,21.31,197891
SOM,20200102,2.86,2.86,2.86,2.86,1322
SOR,20200102,0.085,0.085,0.081,0.084,243175
SP3,20200102,0.099,0.099,0.099,0.099,77143
SPK,20200102,4.1,4.14,4.09,4.13,445403
SPL,20200102,1.23,1.245,1.22,1.22,82548
SPT,20200102,0.665,0.68,0.66,0.665,140993
SPX,20200102,0.074,0.074,0.072,0.072,202026
SPY,20200102,460,461.1,460,460.23,160
SPZ,20200102,0.255,0.255,0.255,0.255,3921
SRG,20200102,0.4,0.4,0.4,0.4,197567
SRI,20200102,0.075,0.075,0.072,0.073,145904
SRK,20200102,0.047,0.049,0.047,0.049,196276
SRN,20200102,0.002,0.002,0.002,0.002,200000
SRV,20200102,4.21,4.21,4.12,4.13,14301
SSG,20200102,0.665,0.665,0.655,0.66,10844
SSM,20200102,2.68,2.7,2.63,2.7,1468727
SSO,20200102,15.4,15.41,15.4,15.41,4300
ST1,20200102,0.21,0.22,0.205,0.21,41542
STA,20200102,0.115,0.115,0.115,0.115,236451
STG,20200102,1.5,1.505,1.495,1.505,46124
STM,20200102,0.015,0.016,0.014,0.015,1727294
STN,20200102,0.3,0.305,0.3,0.305,48139
STO,20200102,8.16,8.27,8.16,8.22,1716819
STW,20200102,61.8,62,61.56,61.89,160883
STX,20200102,0.2,0.205,0.2,0.205,462286
SUD,20200102,0.06,0.06,0.058,0.06,118000
SUL,20200102,10.12,10.28,10.12,10.27,246131
SUN,20200102,12.9,12.98,12.775,12.94,1551556
SVA,20200102,0.027,0.028,0.027,0.027,533755
SVD,20200102,0.007,0.007,0.007,0.007,146816
SVL,20200102,0.12,0.12,0.115,0.115,2703201
SVM,20200102,0.098,0.098,0.098,0.098,20000
SVW,20200102,19.42,19.67,19.22,19.28,197993
SVY,20200102,0.95,0.95,0.92,0.95,90936
SW1,20200102,0.1,0.1,0.1,0.1,8000
SWF,20200102,0.17,0.17,0.17,0.17,198150
SWK,20200102,0.175,0.175,0.175,0.175,15500
SWM,20200102,0.33,0.335,0.32,0.32,865929
SXA,20200102,0.06,0.06,0.055,0.055,92400
SXE,20200102,0.595,0.595,0.585,0.585,14050
SXL,20200102,0.83,0.845,0.825,0.83,893561
SXY,20200102,0.345,0.35,0.335,0.345,2171980
SYA,20200102,0.011,0.014,0.011,0.014,15333932
SYD,20200102,8.62,8.69,8.615,8.62,2835608
SYI,20200102,29.14,29.19,29.04,29.11,1516
SYR,20200102,0.465,0.5,0.465,0.5,2570984
SYT,20200102,0.001,0.001,0.001,0.001,1443545
SZL,20200102,1.95,1.95,1.63,1.655,2656412
T3D,20200102,0.001,0.001,0.001,0.001,1500000
TAH,20200102,4.54,4.595,4.54,4.56,3039005
TAM,20200102,0.037,0.037,0.037,0.037,335269
TAO,20200102,0.105,0.105,0.1,0.1,40000
TAP,20200102,0.115,0.115,0.115,0.115,3060
TAR,20200102,0.011,0.011,0.011,0.011,364545
TAS,20200102,0.041,0.041,0.041,0.041,31855
TBR,20200102,5.69,5.69,5.2,5.5,46889
TCL,20200102,14.81,14.94,14.805,14.9,1980386
TCN,20200102,0.04,0.04,0.04,0.04,127022
TD1,20200102,0.05,0.05,0.047,0.047,9896078
TDI,20200102,1.75,1.75,1.75,1.75,21000
TDO,20200102,0.092,0.093,0.092,0.093,13283
TEG,20200102,0.062,0.062,0.059,0.059,221000
TEK,20200102,0.28,0.28,0.28,0.28,9932
TGA,20200102,0.215,0.215,0.215,0.215,2000
TGF,20200102,2.1,2.11,2.1,2.11,1484
TGG,20200102,1.34,1.37,1.34,1.37,51517
TGH,20200102,0.195,0.195,0.185,0.185,495000
TGM,20200102,0.185,0.22,0.185,0.22,242774
TGN,20200102,0.195,0.195,0.195,0.195,19402
TGP,20200102,1.12,1.13,1.115,1.115,65496
TGR,20200102,4.16,4.17,4.15,4.17,290190
THC,20200102,0.39,0.39,0.385,0.39,38175
THR,20200102,0.008,0.008,0.008,0.008,600000
TIE,20200102,0.265,0.285,0.265,0.28,292946
TIP,20200102,0.805,0.81,0.805,0.81,10000
TKL,20200102,0.008,0.008,0.008,0.008,1037192
TKM,20200102,0.022,0.022,0.022,0.022,20001
TLG,20200102,0.475,0.475,0.46,0.465,123510
TLM,20200102,0.09,0.091,0.09,0.091,128792
TLS,20200102,3.56,3.61,3.55,3.58,19130237
TLX,20200102,1.56,1.56,1.52,1.525,141594
TMR,20200102,0.22,0.22,0.215,0.22,65798
TMZ,20200102,0.032,0.032,0.032,0.032,16000
TNE,20200102,8.3,8.465,8.22,8.25,590247
TNG,20200102,0.091,0.091,0.088,0.088,267937
TNK,20200102,1.41,1.41,1.36,1.36,26624
TNP,20200102,0.014,0.014,0.014,0.014,49612
TNR,20200102,0.009,0.009,0.009,0.009,9904
TNT,20200102,0.044,0.044,0.042,0.042,248306
TNY,20200102,2.2,2.29,2.2,2.22,17870
TOE,20200102,0.008,0.008,0.007,0.007,797811
TOP,20200102,0.675,0.68,0.675,0.68,47262
TOT,20200102,1.05,1.055,1.045,1.055,35059
TPM,20200102,6.67,6.76,6.67,6.7,243763
TPP,20200102,0.049,0.049,0.049,0.049,5847
TPW,20200102,2.75,2.75,2.64,2.64,28871
TRL,20200102,0.002,0.002,0.002,0.002,2966667
TRS,20200102,3.41,3.5,3.39,3.42,279900
TRT,20200102,0.022,0.022,0.022,0.022,145248
TRY,20200102,0.094,0.095,0.09,0.095,1657910
TSC,20200102,0.007,0.008,0.007,0.008,54494827
TSL,20200102,0.018,0.018,0.018,0.018,50000
TTB,20200102,0.081,0.081,0.078,0.078,724815
TTM,20200102,0.18,0.18,0.17,0.17,82722
TTT,20200102,0.99,1.005,0.99,1,89767
TWE,20200102,16.15,16.28,16.1,16.19,987693
TWR,20200102,0.67,0.67,0.67,0.67,301
TYR,20200102,3.53,3.53,3.5,3.5,279220
TYX,20200102,0.003,0.003,0.003,0.003,3200000
TZN,20200102,0.035,0.035,0.035,0.035,23651
UBA,20200102,22.1,22.18,22.1,22.18,886
UBE,20200102,24.1,24.1,24.03,24.03,354
UBI,20200102,0.195,0.195,0.195,0.195,24150
UBN,20200102,0.057,0.06,0.055,0.058,611258
UBP,20200102,28.9,28.98,28.9,28.98,377
UBW,20200102,30.16,30.22,30.16,30.22,292
UCM,20200102,0.115,0.115,0.115,0.115,25000
UCW,20200102,0.23,0.23,0.23,0.23,40929
UNV,20200102,0.24,0.245,0.24,0.245,504592
UOS,20200102,0.88,0.88,0.88,0.88,1183
URF,20200102,0.87,0.87,0.87,0.87,46273
URW,20200102,11.2,11.265,11.2,11.24,239347
USD,20200102,13.86,13.86,13.83,13.86,19301
UWL,20200102,1.59,1.65,1.58,1.635,681074
VAE,20200102,70,70,69.01,69.79,6235
VAF,20200102,51.54,51.54,51.37,51.47,23167
VAH,20200102,0.155,0.155,0.155,0.155,62685
VAL,20200102,0.005,0.005,0.005,0.005,3109000
VAN,20200102,0.16,0.165,0.15,0.16,867221
VAP,20200102,89.75,89.75,88.46,89.5,69284
VAS,20200102,85.41,85.41,84.4,84.69,171551
VBS,20200102,0.59,0.59,0.59,0.59,668
VCF,20200102,50.18,50.19,50.18,50.19,8094
VCX,20200102,2.49,2.51,2.475,2.49,4068634
VEA,20200102,1.92,1.93,1.91,1.915,1312039
VEN,20200102,0.17,0.175,0.17,0.175,64983
VEQ,20200102,60.4,60.4,59.94,60.31,1877
VEU,20200102,77.3,77.58,76.81,77.3,10037
VG1,20200102,2.25,2.25,2.23,2.24,30064
VG8,20200102,2.32,2.32,2.3,2.32,63442
VGB,20200102,52.37,52.4,52.27,52.4,8827
VGE,20200102,71.68,71.68,70.86,71.56,11427
VGI,20200102,12.99,13.19,12.99,13,2524
VGL,20200102,3.47,3.47,3.45,3.45,1026
VGS,20200102,81.98,81.98,81,81.77,35054
VHT,20200102,1.83,1.85,1.82,1.845,52500
VHY,20200102,60.3,60.3,59.5,59.85,37270
VIC,20200102,0.001,0.001,0.001,0.001,12960359
VIF,20200102,50.21,50.28,50.12,50.25,34727
VKA,20200102,0.01,0.01,0.01,0.01,26343
VLC,20200102,67.74,68.15,67.74,67.82,398
VLS,20200102,0.7,0.7,0.7,0.7,1491
VLT,20200102,0.385,0.41,0.38,0.405,289048
VMC,20200102,0.19,0.19,0.185,0.185,12710
VML,20200102,0.013,0.013,0.013,0.013,243076
VMS,20200102,0.019,0.019,0.018,0.018,391599
VMT,20200102,0.24,0.26,0.24,0.24,223474
VMX,20200102,0.295,0.295,0.295,0.295,880
VMY,20200102,0.047,0.047,0.047,0.047,23592
VN8,20200102,0.1,0.1,0.1,0.1,18025
VOC,20200102,2.91,2.915,2.83,2.9,999809
VOL,20200102,1.82,1.82,1.805,1.805,78498
VOR,20200102,0.008,0.009,0.008,0.008,5836111
VPR,20200102,0.001,0.001,0.001,0.001,5916768
VR1,20200102,0.024,0.024,0.022,0.022,205000
VRC,20200102,0.012,0.012,0.011,0.011,577800
VRL,20200102,3.8,3.83,3.8,3.82,59669
VRS,20200102,0.06,0.06,0.06,0.06,7967
VRT,20200102,4.78,4.78,4.69,4.69,45303
VRX,20200102,0.105,0.105,0.105,0.105,50823
VSO,20200102,59.29,59.29,58.87,59.08,4307
VTG,20200102,1.2,1.205,1.17,1.17,89663
VTH,20200102,0.76,0.765,0.75,0.76,41567
VTI,20200102,0.052,0.054,0.05,0.051,454484
VTS,20200102,236,236,233.82,235.34,7591
VUK,20200102,3.54,3.57,3.5,3.55,1799381
VUL,20200102,0.155,0.155,0.155,0.155,4063
VVA,20200102,2.76,2.78,2.76,2.77,12570
VVR,20200102,2.66,2.69,2.66,2.68,606503
VXR,20200102,0.115,0.115,0.115,0.115,1024
VYS,20200102,0.072,0.072,0.071,0.071,64038
WAA,20200102,1.09,1.095,1.09,1.095,21625
WAF,20200102,0.44,0.44,0.425,0.425,1117782
WAM,20200102,2.28,2.29,2.27,2.27,268107
WAT,20200102,2.1,2.1,2,2,2150
WAX,20200102,1.49,1.495,1.49,1.495,89006
WBA,20200102,1.985,1.985,1.98,1.98,144232
WBC,20200102,24.11,24.26,24.09,24.19,3566294
WBE,20200102,0.011,0.011,0.011,0.011,5017359
WBT,20200102,0.395,0.43,0.39,0.41,64330
WCN,20200102,0.006,0.006,0.006,0.006,118066
WEB,20200102,13.11,13.2,12.9,13.07,313218
WEL,20200102,0.052,0.053,0.052,0.053,245730
WES,20200102,40.95,41.58,40.95,41.44,813717
WGB,20200102,2.32,2.34,2.315,2.34,136898
WGN,20200102,2.6,2.75,2.6,2.72,273014
WGO,20200102,0.205,0.215,0.205,0.205,731982
WGX,20200102,2.29,2.325,2.24,2.29,763376
WHC,20200102,2.62,2.63,2.57,2.57,3415183
WHF,20200102,5.17,5.17,5.16,5.16,10352
WHK,20200102,0.087,0.087,0.083,0.085,216731
WJA,20200102,0.081,0.081,0.081,0.081,23630
WKT,20200102,0.195,0.2,0.195,0.2,213817
WLD,20200102,0.058,0.06,0.058,0.06,91169
WLE,20200102,1.245,1.245,1.225,1.24,605719
WMI,20200102,1.45,1.465,1.45,1.465,56332
WNB,20200102,0.009,0.009,0.009,0.009,300000
WND,20200102,0.705,0.705,0.67,0.69,5051
WOA,20200102,0.13,0.13,0.13,0.13,8000
WOR,20200102,15.37,15.5,15.23,15.34,471207
WOW,20200102,35.86,36.5,35.8,36.28,1112479
WPL,20200102,34.2,34.52,34.2,34.47,825365
WPP,20200102,0.55,0.555,0.55,0.55,109355
WQG,20200102,1.175,1.2,1.175,1.19,34698
WRM,20200102,0.005,0.005,0.005,0.005,100000
WSA,20200102,3.01,3.03,2.95,2.97,1162513
WSI,20200102,0.022,0.022,0.022,0.022,814575
WSP,20200102,1.55,1.56,1.55,1.56,3797
WTC,20200102,23.56,23.81,23.2,23.41,658100
WWI,20200102,0.008,0.009,0.007,0.009,2004300
WZR,20200102,0.17,0.195,0.165,0.185,14619824
XAM,20200102,0.033,0.035,0.033,0.035,824141
XCD,20200102,0.012,0.014,0.012,0.014,14190506
XF1,20200102,0.355,0.36,0.355,0.36,17475
XPE,20200102,0.002,0.002,0.001,0.001,680185
XPL,20200102,0.062,0.065,0.062,0.065,78315
XRF,20200102,0.235,0.235,0.23,0.23,61032
XRO,20200102,80.05,80.78,79.48,79.75,184388
XST,20200102,0.004,0.004,0.004,0.004,2160000
XTD,20200102,0.034,0.034,0.031,0.031,348787
XTE,20200102,0.74,0.775,0.74,0.755,99838
YAL,20200102,2.95,2.95,2.89,2.89,26775
YBR,20200102,0.1,0.1,0.1,0.1,25500
YOJ,20200102,0.053,0.054,0.052,0.052,326117
YOW,20200102,0.058,0.058,0.057,0.057,39694
YPB,20200102,0.005,0.005,0.005,0.005,150000
YRL,20200102,0.24,0.24,0.23,0.23,41960
Z1P,20200102,3.56,3.61,3.515,3.54,1250557
ZEL,20200102,4.3,4.39,4.3,4.39,22271
ZEN,20200102,0.65,0.655,0.635,0.65,263700
ZEU,20200102,0.007,0.007,0.007,0.007,49388
ZIM,20200102,11.5,11.55,11.5,11.55,21597
ZIP,20200102,0.012,0.013,0.012,0.013,252793
ZLD,20200102,0.055,0.057,0.055,0.056,246708
ZNO,20200102,0.655,0.73,0.64,0.685,2170092
XAF,20200102,6578.9,6602.9,6562.9,6583,0
XAO,20200102,6802.4,6828.7,6789.4,6810,0
XAT,20200102,6628.3,6653.1,6613,6634.4,0
XDJ,20200102,2678.4,2702.4,2672.5,2694.3,0
XEC,20200102,1538.7,1550.7,1538.7,1547.2,0
XEJ,20200102,11502.3,11563.7,11481,11519,0
XFJ,20200102,5975.4,5984.7,5937.8,5971.4,0
XFL,20200102,6634.9,6659.3,6618.8,6639.2,0
XGD,20200102,6847.5,6848,6760,6790.8,0
XHJ,20200102,40635.5,40979.5,40537.2,40537.2,0
XIJ,20200102,1406.5,1420.3,1403.7,1410.5,0
XJO,20200102,6684.1,6709.2,6669.2,6690.6,0
XJR,20200102,4922.2,4942.6,4908.2,4924.4,0
XKO,20200102,6647.7,6672,6633,6653.8,0
XMD,20200102,7200.8,7234.5,7190.7,7218.3,0
XMJ,20200102,13820.4,13873.9,13772.3,13824.8,0
XMM,20200102,4503.2,4521.8,4485.3,4503.7,0
XNJ,20200102,6954.7,6966.3,6926.6,6944.5,0
XPJ,20200102,1568,1579.5,1567.7,1576.2,0
XSJ,20200102,12206,12271.7,12139.9,12223.6,0
XSO,20200102,2897.7,2907,2891,2900.4,0
XTJ,20200102,1257.5,1277.8,1257.5,1271,0
XTL,20200102,3673.5,3683.6,3663.1,3672,0
XTO,20200102,5541.8,5562.8,5529.4,5546.9,0
XUJ,20200102,8157,8194.4,8147.7,8159.9,0
XXJ,20200102,6664.5,6675,6622.7,6660.1,0
