360,20200122,3.08,3.19,3.01,3.15,25716
14D,20200122,0.202,0.205,0.185,0.19,71209
1AD,20200122,0.096,0.1,0.095,0.1,128442
1AG,20200122,0.039,0.042,0.039,0.042,124198
1ST,20200122,0.08,0.08,0.075,0.078,626192
3DA,20200122,0.35,0.36,0.33,0.36,384772
3DP,20200122,0.052,0.053,0.049,0.05,1508942
3PL,20200122,0.795,0.835,0.795,0.825,21080
4DS,20200122,0.059,0.064,0.059,0.059,5703224
5GN,20200122,0.945,0.945,0.88,0.89,510243
8CO,20200122,0.099,0.1,0.097,0.097,74060
8EC,20200122,0.073,0.073,0.073,0.073,21000
8IH,20200122,0.096,0.096,0.096,0.096,2000
8VI,20200122,0.25,0.25,0.23,0.23,4120
9SP,20200122,0.016,0.016,0.016,0.016,488659
A1G,20200122,0.155,0.16,0.155,0.16,11350
A1M,20200122,0.31,0.315,0.31,0.315,20000
A2B,20200122,1.435,1.46,1.43,1.445,24925
A2M,20200122,14.91,15.66,14.85,15.59,5169202
A3D,20200122,0.18,0.18,0.18,0.18,12016
A4N,20200122,0.205,0.235,0.205,0.235,2161082
AAA,20200122,50.11,50.11,50.1,50.1,111504
AAC,20200122,1.115,1.12,1.11,1.12,213544
AAJ,20200122,0.003,0.003,0.003,0.003,674522
AAR,20200122,0.11,0.11,0.105,0.105,794675
ABA,20200122,6.08,6.13,6.04,6.05,10219
ABC,20200122,3.72,3.83,3.71,3.82,1600118
ABP,20200122,3.78,3.81,3.74,3.81,716253
ABR,20200122,0.385,0.385,0.385,0.385,136827
ABX,20200122,0.11,0.11,0.105,0.105,52454
AC8,20200122,0.35,0.35,0.32,0.34,1148783
ACB,20200122,0.01,0.01,0.01,0.01,20251
ACF,20200122,0.37,0.37,0.365,0.365,202293
ACQ,20200122,1.195,1.195,1.195,1.195,20341
ACR,20200122,0.18,0.18,0.18,0.18,500
ACW,20200122,0.038,0.042,0.038,0.042,11432124
AD8,20200122,8.72,8.78,8.65,8.67,68258
ADA,20200122,0.785,0.79,0.735,0.735,86267
ADD,20200122,0.054,0.054,0.04,0.054,595529
ADH,20200122,2.12,2.14,2.06,2.12,340518
ADI,20200122,2.96,3.04,2.95,3.01,225109
ADJ,20200122,0.033,0.035,0.033,0.034,732326
ADN,20200122,0.047,0.055,0.047,0.054,13139610
ADO,20200122,0.031,0.032,0.03,0.03,1748742
ADT,20200122,1.89,1.9,1.855,1.855,216247
ADV,20200122,0.003,0.003,0.003,0.003,1064999
ADY,20200122,0.006,0.006,0.006,0.006,353758
AEE,20200122,0.007,0.007,0.006,0.006,11608645
AEF,20200122,5.54,5.54,5.19,5.39,378280
AEG,20200122,1.085,1.095,1.085,1.095,39602
AEV,20200122,0.013,0.013,0.013,0.013,12000
AFG,20200122,2.76,2.95,2.76,2.87,391138
AFI,20200122,7.23,7.25,7.18,7.18,401227
AFR,20200122,0.037,0.038,0.037,0.038,355750
AGD,20200122,0.081,0.081,0.081,0.081,500
AGG,20200122,6.3,6.3,6.3,6.3,2944
AGH,20200122,0.465,0.475,0.445,0.475,885581
AGI,20200122,0.72,0.73,0.72,0.725,3657
AGJ,20200122,0.05,0.05,0.05,0.05,135000
AGL,20200122,20.15,20.3,19.91,20.24,4541408
AGM,20200122,2.05,2.05,2.05,2.05,13741
AGR,20200122,0.11,0.11,0.105,0.105,255425
AGS,20200122,0.11,0.11,0.11,0.11,7784
AGY,20200122,0.089,0.09,0.083,0.09,1198582
AHF,20200122,0.098,0.098,0.096,0.096,574730
AHL,20200122,0.009,0.009,0.008,0.008,3547001
AHQ,20200122,0.135,0.145,0.135,0.14,409761
AHX,20200122,0.49,0.49,0.46,0.46,29450
AHY,20200122,1.095,1.1,1.075,1.1,106719
AHZ,20200122,0.12,0.12,0.11,0.12,645268
AIA,20200122,8.58,8.69,8.55,8.64,81370
AIS,20200122,0.057,0.06,0.056,0.058,223836
AIZ,20200122,2.89,2.89,2.85,2.87,148327
AJL,20200122,0.07,0.07,0.07,0.07,12477
AJX,20200122,0.064,0.066,0.064,0.066,220653
AKM,20200122,0.125,0.125,0.12,0.12,79599
ALC,20200122,0.215,0.235,0.215,0.235,4321265
ALF,20200122,0.98,0.985,0.975,0.985,141346
ALG,20200122,1.58,1.59,1.55,1.575,5021259
ALI,20200122,2.54,2.57,2.54,2.55,89869
ALK,20200122,0.685,0.71,0.675,0.68,1586737
ALL,20200122,37.3,37.35,36.81,37.08,1415189
ALQ,20200122,9.65,9.87,9.595,9.81,941445
ALT,20200122,0.003,0.003,0.003,0.003,300000
ALU,20200122,38.03,39.08,38.03,39.01,467542
ALX,20200122,8.05,8.115,8,8.06,3396318
ALY,20200122,0.011,0.011,0.011,0.011,992930
AMA,20200122,1.015,1.02,0.98,0.99,3102726
AMC,20200122,15.61,15.78,15.55,15.74,7453253
AMD,20200122,0.007,0.007,0.007,0.007,470000
AME,20200122,0.039,0.039,0.039,0.039,18032
AMG,20200122,0.069,0.07,0.069,0.07,190406
AMH,20200122,0.99,0.995,0.99,0.99,108934
AMI,20200122,0.44,0.44,0.43,0.435,558780
AML,20200122,0.165,0.17,0.165,0.165,38932
AMN,20200122,0.46,0.46,0.445,0.455,1376903
AMP,20200122,1.87,1.89,1.865,1.88,6693495
AMS,20200122,1.48,1.52,1.47,1.505,710575
AMX,20200122,2.28,2.35,2.23,2.34,621760
ANA,20200122,0.022,0.022,0.019,0.019,7255162
ANG,20200122,0.205,0.215,0.202,0.215,228257
ANL,20200122,0.002,0.002,0.002,0.002,3250000
ANN,20200122,31.45,31.5,31.17,31.39,407275
ANO,20200122,6.19,6.28,6.11,6.25,25891
ANP,20200122,0.073,0.074,0.072,0.074,327982
ANR,20200122,0.335,0.34,0.33,0.34,18230
ANW,20200122,0.001,0.001,0.001,0.001,3000000
ANZ,20200122,25.5,25.81,25.45,25.72,5896399
AO1,20200122,0.006,0.006,0.006,0.006,120000
AOF,20200122,2.87,2.91,2.87,2.89,110680
AON,20200122,0.027,0.027,0.027,0.027,146218
AOP,20200122,0.245,0.245,0.245,0.245,2150
AOU,20200122,0.061,0.061,0.061,0.061,64333
APA,20200122,11.39,11.54,11.355,11.48,2692521
APC,20200122,0.105,0.11,0.105,0.11,114391
APD,20200122,0.635,0.64,0.635,0.64,48242
APE,20200122,10.01,10.01,9.46,9.58,674269
APH,20200122,0.165,0.165,0.165,0.165,3225
API,20200122,1.345,1.355,1.34,1.35,596332
APL,20200122,1.05,1.05,1.035,1.035,966011
APT,20200122,34.59,35.18,34.45,34.82,2322339
APV,20200122,0.225,0.235,0.22,0.22,362924
APX,20200122,25.88,26.38,25.57,26.32,978142
APZ,20200122,1.18,1.18,1.18,1.18,360
AQC,20200122,0.22,0.22,0.22,0.22,13550
AQD,20200122,0.011,0.012,0.011,0.012,1730700
AQG,20200122,7.59,7.63,7.46,7.46,178825
AQR,20200122,3.57,3.7,3.57,3.66,348365
AQX,20200122,0.029,0.03,0.028,0.029,906709
AQZ,20200122,2.65,2.665,2.64,2.64,144665
ARA,20200122,0.61,0.61,0.61,0.61,110142
ARB,20200122,19.45,19.54,19.02,19.1,157778
ARD,20200122,0.016,0.016,0.016,0.016,250000
ARF,20200122,3,3.07,3,3.06,477802
ARG,20200122,8.82,8.9,8.82,8.89,208249
ARL,20200122,0.6,0.61,0.567,0.57,121663
ARM,20200122,0.01,0.01,0.01,0.01,220000
ARN,20200122,0.18,0.185,0.175,0.18,328526
ARQ,20200122,0.365,0.375,0.355,0.375,70591
ARS,20200122,0.019,0.021,0.019,0.019,3194716
ARU,20200122,0.085,0.085,0.083,0.083,1321068
ARV,20200122,0.027,0.03,0.026,0.029,2282413
AS1,20200122,0.19,0.19,0.18,0.19,127434
ASB,20200122,4.03,4.05,3.96,3.99,1580657
ASG,20200122,1.66,1.705,1.65,1.705,137802
ASH,20200122,0.41,0.41,0.41,0.41,29726
ASN,20200122,0.038,0.038,0.036,0.037,240295
AST,20200122,1.76,1.78,1.745,1.78,4286708
ASX,20200122,83.99,85.87,83.77,85.58,425678
ATC,20200122,0.076,0.076,0.067,0.068,3686628
ATH,20200122,0.02,0.02,0.02,0.02,194949
ATL,20200122,0.4,0.405,0.4,0.4,239247
ATS,20200122,0.093,0.093,0.088,0.089,80701
ATU,20200122,0.36,0.36,0.355,0.355,46609
ATX,20200122,0.072,0.072,0.072,0.072,600
AU8,20200122,0.135,0.135,0.13,0.135,452105
AUB,20200122,12.33,12.53,12.175,12.51,181751
AUC,20200122,0.017,0.018,0.017,0.018,714444
AUH,20200122,0.004,0.004,0.004,0.004,220287
AUI,20200122,10.17,10.17,10.13,10.15,7160
AUR,20200122,0.02,0.021,0.02,0.02,937266
AUT,20200122,0.01,0.01,0.01,0.01,20000
AUZ,20200122,0.017,0.017,0.016,0.016,6860613
AV1,20200122,0.225,0.235,0.225,0.23,914182
AVA,20200122,0.15,0.15,0.15,0.15,88295
AVE,20200122,0.004,0.004,0.004,0.004,1617600
AVG,20200122,0.5,0.505,0.5,0.505,102247
AVH,20200122,0.72,0.735,0.692,0.725,12952680
AVJ,20200122,0.615,0.615,0.615,0.615,30000
AVL,20200122,0.013,0.014,0.013,0.013,1865214
AVN,20200122,2.83,2.87,2.81,2.85,331661
AVZ,20200122,0.059,0.068,0.059,0.068,28707578
AWC,20200122,2.32,2.355,2.32,2.34,5158341
AWN,20200122,0.13,0.13,0.125,0.125,37050
AWV,20200122,0.009,0.009,0.009,0.009,210925
AX1,20200122,1.715,1.79,1.715,1.765,882814
AXE,20200122,0.195,0.205,0.195,0.205,427621
AYF,20200122,5.88,5.88,5.88,5.88,147
AYR,20200122,0.002,0.002,0.002,0.002,16241921
AYS,20200122,0.37,0.37,0.36,0.365,67599
AZI,20200122,0.009,0.01,0.009,0.01,12655821
AZJ,20200122,5.55,5.59,5.51,5.55,11922167
AZM,20200122,0.034,0.034,0.033,0.033,60000
AZS,20200122,0.125,0.125,0.125,0.125,40054
AZY,20200122,0.015,0.015,0.015,0.015,2032061
BAF,20200122,0.885,0.9,0.885,0.9,174677
BAP,20200122,6.23,6.28,6.15,6.2,1238727
BAR,20200122,0.021,0.021,0.02,0.02,509800
BAS,20200122,0.002,0.002,0.002,0.002,60000
BAT,20200122,0.008,0.008,0.008,0.008,2176915
BBC,20200122,0.62,0.68,0.6,0.625,45254
BBN,20200122,3.49,3.65,3.44,3.6,977354
BBX,20200122,0.115,0.12,0.115,0.12,270748
BC8,20200122,0.39,0.4,0.37,0.37,63603
BCB,20200122,0.055,0.057,0.055,0.057,317330
BCC,20200122,0.33,0.345,0.32,0.32,138777
BCI,20200122,0.175,0.175,0.17,0.17,69304
BCN,20200122,0.037,0.037,0.036,0.036,1509899
BCT,20200122,0.15,0.15,0.145,0.145,495594
BD1,20200122,0.032,0.034,0.032,0.034,4275618
BDA,20200122,0.355,0.355,0.325,0.325,106437
BDC,20200122,0.086,0.087,0.083,0.084,3771393
BDG,20200122,0.08,0.093,0.08,0.093,75000
BEE,20200122,0.016,0.016,0.016,0.016,270000
BEL,20200122,0.046,0.046,0.046,0.046,25000
BEM,20200122,0.045,0.05,0.045,0.045,93005
BEN,20200122,10.14,10.19,10.08,10.15,1763230
BET,20200122,0.165,0.17,0.16,0.16,421784
BFC,20200122,0.09,0.09,0.089,0.089,101356
BFG,20200122,1.41,1.41,1.375,1.4,397433
BGA,20200122,4.58,4.59,4.5,4.55,511020
BGL,20200122,0.525,0.53,0.52,0.525,2150092
BGT,20200122,0.185,0.185,0.175,0.18,61346
BHP,20200122,40.83,41.47,40.76,41.21,10334157
BID,20200122,1.09,1.12,1.06,1.065,719929
BIN,20200122,2.99,3,2.95,2.99,1434091
BIQ,20200122,0.016,0.016,0.016,0.016,25055
BIS,20200122,1.1,1.135,1.095,1.135,65352
BIT,20200122,0.06,0.084,0.06,0.084,16347726
BKI,20200122,1.68,1.72,1.68,1.72,458124
BKL,20200122,87.3,88.48,86.51,88.2,42283
BKT,20200122,0.06,0.062,0.056,0.059,682029
BKW,20200122,20.3,20.49,20.16,20.41,112298
BKY,20200122,0.21,0.21,0.197,0.2,1074011
BLD,20200122,5,5.12,5,5.07,5348305
BLG,20200122,0.094,0.094,0.092,0.094,180249
BLK,20200122,0.011,0.012,0.01,0.012,28485701
BLT,20200122,0.04,0.04,0.039,0.039,382801
BLU,20200122,0.045,0.046,0.045,0.046,947114
BLX,20200122,1.12,1.185,1.1,1.13,65978
BLY,20200122,1.63,1.65,1.63,1.63,16626
BLZ,20200122,0.016,0.017,0.016,0.017,547752
BMH,20200122,0.21,0.21,0.21,0.21,15000
BMN,20200122,0.038,0.038,0.036,0.037,369482
BNL,20200122,0.008,0.009,0.007,0.007,12705254
BNO,20200122,0.078,0.078,0.077,0.077,22195
BOC,20200122,0.32,0.32,0.31,0.31,10620
BOE,20200122,0.048,0.049,0.048,0.049,1898366
BOL,20200122,0.13,0.13,0.13,0.13,600
BOQ,20200122,7.31,7.44,7.27,7.4,3773872
BOT,20200122,0.095,0.095,0.092,0.095,1576844
BPP,20200122,0.017,0.017,0.016,0.016,4326531
BPT,20200122,2.82,2.83,2.79,2.83,5046135
BRB,20200122,0.28,0.28,0.28,0.28,138099
BRG,20200122,18.8,19.47,18.62,19.36,229251
BRI,20200122,1.6,1.6,1.6,1.6,12640
BRK,20200122,0.007,0.007,0.007,0.007,2123131
BRL,20200122,0.115,0.115,0.105,0.115,253869
BRN,20200122,0.056,0.056,0.053,0.053,5247883
BRU,20200122,0.17,0.17,0.165,0.165,149157
BRV,20200122,0.018,0.019,0.018,0.019,8097082
BSA,20200122,0.385,0.385,0.385,0.385,10267
BSE,20200122,0.255,0.26,0.25,0.25,107546
BSL,20200122,15.35,15.545,15.19,15.49,2299846
BSM,20200122,0.006,0.006,0.006,0.006,1272592
BSR,20200122,0.016,0.016,0.016,0.016,132003
BSX,20200122,0.205,0.212,0.19,0.195,1923825
BTC,20200122,0.135,0.135,0.135,0.135,20000
BTH,20200122,0.76,0.87,0.76,0.865,6038361
BTI,20200122,1.08,1.09,1.075,1.09,56356
BUB,20200122,0.945,0.96,0.935,0.955,3280382
BUD,20200122,0.03,0.03,0.029,0.029,13114790
BUX,20200122,0.086,0.086,0.085,0.085,35742
BUY,20200122,0.005,0.005,0.004,0.004,1000000
BVS,20200122,5.76,5.85,5.68,5.81,1310298
BWF,20200122,0.68,0.68,0.68,0.68,1054
BWP,20200122,4.1,4.12,4.08,4.12,789709
BWR,20200122,1.38,1.38,1.38,1.38,31254
BWX,20200122,4.31,4.435,4.27,4.39,439437
BXB,20200122,12.38,12.48,12.275,12.42,3481157
BXN,20200122,0.017,0.017,0.016,0.016,565833
BYE,20200122,0.3,0.3,0.295,0.295,321228
BYH,20200122,0.044,0.044,0.04,0.04,200000
C6C,20200122,0.915,0.915,0.875,0.875,3123
CAD,20200122,0.001,0.001,0.001,0.001,4470000
CAG,20200122,0.61,0.625,0.6,0.62,28313
CAI,20200122,0.26,0.262,0.26,0.26,147472
CAJ,20200122,0.235,0.245,0.23,0.24,2084942
CAM,20200122,0.975,0.98,0.97,0.97,136772
CAN,20200122,1.52,1.52,1.3,1.35,3226888
CAP,20200122,0.034,0.034,0.034,0.034,25000
CAR,20200122,18.1,18.25,18.08,18.16,598377
CAT,20200122,1.995,2.19,1.97,2.15,1445310
CAU,20200122,0.225,0.225,0.215,0.215,156818
CAV,20200122,0.002,0.002,0.002,0.002,500000
CAY,20200122,0.16,0.16,0.155,0.16,323419
CAZ,20200122,0.023,0.023,0.023,0.023,144130
CBA,20200122,83.5,84.56,83.49,84.45,3656698
CBR,20200122,4.1,4.35,4.1,4.18,205073
CBY,20200122,0.19,0.19,0.18,0.18,30000
CCA,20200122,0.15,0.18,0.15,0.175,501140
CCE,20200122,0.001,0.002,0.001,0.002,55000
CCG,20200122,0.057,0.057,0.057,0.057,50481
CCL,20200122,11.78,12.07,11.75,11.97,2674573
CCP,20200122,33.14,33.34,32.59,33.25,181086
CCV,20200122,0.24,0.245,0.24,0.24,72002
CCX,20200122,2.71,2.77,2.69,2.7,163904
CCZ,20200122,0.023,0.023,0.02,0.02,3362887
CD2,20200122,1.81,1.81,1.81,1.81,5524
CD3,20200122,1.44,1.44,1.425,1.43,53356
CDA,20200122,7.81,7.93,7.67,7.88,565759
CDD,20200122,0.405,0.41,0.4,0.405,1557063
CDM,20200122,0.765,0.775,0.755,0.77,649577
CDP,20200122,6.15,6.15,6.145,6.15,13234
CDT,20200122,0.008,0.008,0.008,0.008,20894
CDV,20200122,0.38,0.38,0.37,0.37,2334297
CDX,20200122,0.029,0.029,0.028,0.028,834671
CDY,20200122,0.225,0.23,0.225,0.23,24750
CE1,20200122,0.006,0.006,0.005,0.005,14011867
CEL,20200122,0.15,0.155,0.145,0.145,907606
CEN,20200122,7.23,7.23,7.13,7.23,4261
CFO,20200122,0.072,0.072,0.07,0.07,8202
CG1,20200122,0.5,0.5,0.485,0.485,169900
CGA,20200122,0.44,0.44,0.425,0.425,98660
CGB,20200122,0.016,0.017,0.016,0.016,2778639
CGC,20200122,2.69,2.73,2.66,2.72,2039459
CGF,20200122,8.54,8.835,8.47,8.7,2256066
CGL,20200122,4.72,4.81,4.61,4.75,57879
CGN,20200122,0.011,0.011,0.011,0.011,5000
CGO,20200122,0.245,0.245,0.245,0.245,8601
CGR,20200122,0.555,0.555,0.545,0.55,702034
CGS,20200122,0.49,0.51,0.49,0.495,72146
CHC,20200122,12.78,12.815,12.7,12.75,991942
CHK,20200122,0.012,0.012,0.012,0.012,1308578
CHN,20200122,0.285,0.29,0.27,0.275,731871
CHZ,20200122,0.08,0.088,0.08,0.085,1543545
CI1,20200122,0.025,0.033,0.025,0.029,27088658
CIA,20200122,2.85,2.88,2.77,2.8,1741374
CIE,20200122,0.86,0.87,0.86,0.87,96737
CIM,20200122,34.46,35.2,34.1,34.98,472456
CIN,20200122,32.7,32.7,32.7,32.7,65
CIO,20200122,0.003,0.003,0.003,0.003,10007338
CIP,20200122,3.65,3.67,3.63,3.64,457224
CIW,20200122,0.64,0.64,0.64,0.64,5000
CKA,20200122,0.044,0.046,0.044,0.046,102903
CKF,20200122,9.22,9.28,9.07,9.08,449530
CL1,20200122,2,2.01,1.95,1.95,64057
CL8,20200122,0.015,0.015,0.015,0.015,265000
CLA,20200122,0.014,0.016,0.014,0.014,2126422
CLB,20200122,0.065,0.077,0.065,0.069,1313015
CLF,20200122,1.365,1.41,1.365,1.41,85000
CLH,20200122,1.095,1.1,1.08,1.1,268069
CLQ,20200122,0.29,0.295,0.29,0.295,389500
CLV,20200122,2.68,2.76,2.68,2.7,164272
CLW,20200122,5.57,5.68,5.56,5.68,1780555
CLX,20200122,0.81,0.84,0.8,0.84,25619
CLZ,20200122,0.003,0.003,0.003,0.003,7580000
CM8,20200122,0.021,0.021,0.021,0.021,22920
CMA,20200122,3,3.02,2.99,3,1103872
CML,20200122,0.018,0.018,0.018,0.018,132222
CMM,20200122,1.28,1.305,1.26,1.26,159488
CMP,20200122,0.7,0.705,0.7,0.705,52535
CMW,20200122,1.22,1.23,1.21,1.23,2798349
CNB,20200122,0.078,0.078,0.073,0.073,94813
CNI,20200122,2.39,2.4,2.34,2.38,495265
CNL,20200122,0.135,0.135,0.135,0.135,8100
CNU,20200122,6.32,6.555,6.3,6.51,924373
CNW,20200122,0.038,0.038,0.037,0.038,981938
COB,20200122,0.17,0.17,0.165,0.165,85359
COE,20200122,0.605,0.62,0.6,0.62,2023908
COG,20200122,0.083,0.083,0.083,0.083,177855
COH,20200122,237.72,241.47,237.66,240.89,167941
COI,20200122,0.17,0.185,0.16,0.165,895582
COL,20200122,16.31,16.62,16.27,16.62,4605611
COY,20200122,0.007,0.007,0.007,0.007,122222
CP1,20200122,0.15,0.15,0.15,0.15,1998
CPH,20200122,0.185,0.185,0.17,0.18,2283774
CPT,20200122,0.077,0.078,0.077,0.078,12225
CPU,20200122,17.85,17.94,17.79,17.82,1050845
CPV,20200122,0.17,0.175,0.165,0.175,102625
CQE,20200122,3.48,3.65,3.46,3.64,1025824
CQR,20200122,4.64,4.67,4.62,4.64,1102513
CR1,20200122,0.205,0.205,0.205,0.205,12862
CRN,20200122,2.16,2.2,2.16,2.2,106562
CRO,20200122,0.008,0.008,0.008,0.008,2316000
CRS,20200122,0.155,0.155,0.155,0.155,111000
CSL,20200122,304.34,309.47,303.32,308.5,723982
CSR,20200122,5.02,5.065,4.95,5.05,2025651
CSS,20200122,0.72,0.725,0.72,0.72,61772
CSV,20200122,0.31,0.31,0.305,0.307,467791
CT1,20200122,0.026,0.027,0.026,0.027,712830
CTD,20200122,21.02,21.215,20.78,21.05,268001
CTM,20200122,0.012,0.012,0.012,0.012,4255828
CTO,20200122,0.005,0.005,0.005,0.005,294957
CTP,20200122,0.13,0.135,0.13,0.135,30962
CTX,20200122,35.06,35.45,34.95,35.2,621452
CUE,20200122,0.15,0.155,0.145,0.155,156667
CUL,20200122,0.014,0.015,0.014,0.014,300000
CUP,20200122,1.175,1.19,1.175,1.19,107260
CUV,20200122,28.65,29.08,28.32,28.93,271410
CUX,20200122,0.005,0.005,0.005,0.005,421710
CVC,20200122,2.1,2.1,2.1,2.1,1359
CVF,20200122,1.04,1.04,1.02,1.02,83594
CVL,20200122,0.445,0.445,0.445,0.445,2400
CVN,20200122,0.365,0.365,0.355,0.355,1968205
CVW,20200122,0.48,0.5,0.48,0.48,466174
CWL,20200122,0.06,0.061,0.059,0.059,358258
CWN,20200122,12.34,12.34,12.115,12.15,1890114
CWP,20200122,8.13,8.2,7.9,8.2,149963
CWX,20200122,0.23,0.23,0.23,0.23,11043
CWY,20200122,2.08,2.13,2.07,2.12,6337008
CXL,20200122,0.835,0.885,0.835,0.845,114718
CXM,20200122,0.039,0.04,0.039,0.039,498154
CXO,20200122,0.039,0.04,0.039,0.04,1605560
CXU,20200122,0.02,0.02,0.02,0.02,98160
CXZ,20200122,0.022,0.023,0.022,0.022,1191219
CY5,20200122,0.046,0.046,0.046,0.046,45296
CYG,20200122,1.09,1.1,1.07,1.07,26259
CYL,20200122,2.86,2.86,2.8,2.82,26521
CYM,20200122,0.28,0.28,0.26,0.26,54513
CYP,20200122,1.2,1.205,1.185,1.185,79426
CZI,20200122,0.095,0.098,0.095,0.097,925739
CZN,20200122,0.004,0.004,0.003,0.003,8750000
D2O,20200122,1.405,1.41,1.39,1.4,160021
DCC,20200122,0.031,0.031,0.03,0.03,1004483
DCG,20200122,0.48,0.48,0.455,0.47,1517316
DCL,20200122,0.061,0.068,0.058,0.067,797730
DCN,20200122,1.445,1.465,1.395,1.41,2084157
DDR,20200122,6.93,7.08,6.71,7.08,110256
DDT,20200122,0.007,0.007,0.007,0.007,1243551
DEG,20200122,0.048,0.049,0.047,0.047,10489619
DEM,20200122,0.245,0.245,0.245,0.245,131665
DEV,20200122,0.066,0.066,0.066,0.066,58442
DGO,20200122,0.855,0.855,0.85,0.85,1000
DGR,20200122,0.071,0.074,0.071,0.074,190383
DHG,20200122,3.94,3.99,3.91,3.94,1475425
DHR,20200122,0.003,0.003,0.003,0.003,447250
DIV,20200122,24.56,24.56,24.32,24.39,4173
DJW,20200122,3.6,3.64,3.6,3.6,112263
DME,20200122,0.2,0.2,0.2,0.2,35600
DMP,20200122,55.04,56.08,54,55.92,378135
DNA,20200122,0.075,0.083,0.074,0.083,1523777
DNK,20200122,0.58,0.58,0.58,0.58,6415
DOW,20200122,8.91,8.94,8.74,8.75,1544106
DRE,20200122,0.006,0.006,0.006,0.006,1876000
DRO,20200122,0.21,0.212,0.2,0.2,1472615
DRX,20200122,0.014,0.015,0.014,0.015,658423
DSE,20200122,0.055,0.055,0.055,0.055,108087
DTC,20200122,0.96,0.98,0.95,0.975,87245
DTL,20200122,4.21,4.38,4.19,4.36,426505
DTR,20200122,0.002,0.002,0.002,0.002,13000000
DTS,20200122,0.13,0.18,0.13,0.18,3141707
DUB,20200122,1.22,1.22,1.17,1.2,399760
DUI,20200122,5.11,5.16,5.1,5.16,68326
DVN,20200122,0.145,0.145,0.14,0.14,47246
DW8,20200122,0.008,0.008,0.007,0.007,475521
DWS,20200122,1.08,1.08,1.07,1.07,101694
DXB,20200122,0.14,0.14,0.135,0.135,35000
DXN,20200122,0.047,0.048,0.045,0.048,1284496
DXS,20200122,12.67,12.8,12.63,12.75,5153523
DYL,20200122,0.265,0.27,0.265,0.265,189418
EAI,20200122,1.09,1.095,1.085,1.095,303063
EBO,20200122,23.55,23.55,23.51,23.55,1322
ECF,20200122,1.31,1.32,1.305,1.32,145349
ECP,20200122,1.12,1.12,1.12,1.12,23000
ECS,20200122,0.05,0.05,0.049,0.05,878815
ECX,20200122,1.45,1.56,1.435,1.54,2538019
ED1,20200122,1.12,1.16,1.1,1.13,44905
EDE,20200122,0.044,0.045,0.041,0.044,3708423
EEG,20200122,0.385,0.39,0.38,0.385,279007
EEU,20200122,15.55,15.55,15.55,15.55,100
EGD,20200122,2.47,2.47,2.46,2.47,11925
EGF,20200122,1.79,1.79,1.79,1.79,51399
EGG,20200122,2.11,2.11,2.02,2.11,15362
EGH,20200122,0.385,0.385,0.385,0.385,250000
EGI,20200122,1.205,1.24,1.205,1.215,306689
EGN,20200122,0.63,0.64,0.62,0.62,144249
EGR,20200122,0.066,0.07,0.065,0.065,272066
EHE,20200122,2.55,2.61,2.51,2.6,447399
EHH,20200122,0.115,0.12,0.115,0.12,69855
EHL,20200122,2.26,2.34,2.21,2.28,758041
EHX,20200122,0.125,0.125,0.12,0.125,92759
ELD,20200122,7.4,7.45,7.27,7.35,569023
ELO,20200122,6.78,6.79,6.71,6.74,27384
ELS,20200122,0.38,0.38,0.355,0.37,1121929
ELX,20200122,0.755,0.765,0.755,0.765,9860
EMH,20200122,0.29,0.29,0.29,0.29,31149
EML,20200122,5.14,5.16,5.02,5.13,2089811
EMU,20200122,0.042,0.042,0.041,0.041,30000
EMV,20200122,0.8,0.825,0.78,0.8,117982
EN1,20200122,0.019,0.019,0.019,0.019,187800
ENE,20200122,0.22,0.23,0.22,0.23,40000
ENN,20200122,2.13,2.14,2.12,2.13,83461
ENT,20200122,0.009,0.009,0.009,0.009,276986
EOF,20200122,3.02,3.04,2.95,3,165054
EOL,20200122,3.27,3.27,3.26,3.27,6704
EOS,20200122,9.2,9.27,8.97,9.24,325403
EPD,20200122,0.375,0.4,0.375,0.4,50600
EPM,20200122,0.005,0.006,0.005,0.006,833333
EQE,20200122,0.015,0.015,0.015,0.015,673471
EQT,20200122,30.76,31.2,30.76,31.2,47360
ERA,20200122,0.16,0.16,0.155,0.155,51324
ERF,20200122,1.22,1.24,1.22,1.23,62981
ERG,20200122,0.066,0.066,0.066,0.066,52000
ERM,20200122,0.098,0.098,0.094,0.094,563673
ERX,20200122,0.067,0.067,0.065,0.067,1345930
ESE,20200122,0.015,0.015,0.013,0.013,359494
ESH,20200122,0.009,0.009,0.009,0.009,2712910
ESR,20200122,0.009,0.009,0.009,0.009,281050
ETF,20200122,23,23.49,23,23.49,415
EUC,20200122,0.018,0.018,0.018,0.018,229857
EUR,20200122,0.092,0.092,0.088,0.088,59413
EVE,20200122,0.007,0.007,0.006,0.006,4330000
EVN,20200122,3.87,3.925,3.81,3.84,9367363
EVO,20200122,0.155,0.155,0.15,0.155,959342
EVS,20200122,0.215,0.225,0.215,0.225,1496059
EVT,20200122,13.71,13.78,13.6,13.6,31826
EVZ,20200122,0.175,0.175,0.17,0.17,116944
EWC,20200122,0.072,0.072,0.071,0.071,151012
EX1,20200122,0.27,0.27,0.27,0.27,25000
EXL,20200122,1.15,1.17,0.99,1.12,2900691
EXP,20200122,0.24,0.24,0.23,0.23,6245016
EXR,20200122,0.022,0.022,0.021,0.021,637987
EZL,20200122,1.05,1.06,1.03,1.04,103014
FAM,20200122,0.053,0.053,0.053,0.053,15625
FAR,20200122,0.043,0.043,0.042,0.042,17625978
FBR,20200122,0.055,0.055,0.051,0.053,980457
FBU,20200122,5.25,5.4,5.23,5.37,722876
FCL,20200122,2.82,2.89,2.8,2.89,38661
FCT,20200122,0.16,0.165,0.16,0.165,57634
FDV,20200122,0.985,0.99,0.96,0.965,246700
FEX,20200122,0.057,0.057,0.057,0.057,86900
FFG,20200122,0.011,0.011,0.011,0.011,350000
FFI,20200122,4.72,4.72,4.72,4.72,88
FFL,20200122,0.4,0.4,0.4,0.4,34285
FFR,20200122,0.057,0.057,0.055,0.055,29632
FGG,20200122,1.275,1.28,1.275,1.28,220825
FGO,20200122,0.003,0.003,0.002,0.003,1213000
FGR,20200122,0.145,0.15,0.14,0.14,1527305
FGX,20200122,1.17,1.175,1.165,1.17,583663
FHS,20200122,0.013,0.013,0.013,0.013,100000
FID,20200122,5.55,5.71,5.55,5.67,6746
FIJ,20200122,0.085,0.085,0.082,0.085,292856
FIN,20200122,0.012,0.012,0.012,0.012,15000
FLC,20200122,0.42,0.42,0.41,0.415,477180
FLN,20200122,0.52,0.52,0.515,0.515,11218
FLT,20200122,40.99,41.56,39.92,41,771362
FMG,20200122,12.12,12.81,12.11,12.69,21686311
FML,20200122,0.235,0.235,0.235,0.235,1274
FNP,20200122,5.1,5.26,5.1,5.22,325336
FNT,20200122,0.01,0.011,0.01,0.011,2720020
FOD,20200122,0.071,0.072,0.071,0.072,38623
FOR,20200122,1.165,1.185,1.165,1.185,187210
FPC,20200122,1.095,1.095,1.085,1.085,54000
FPH,20200122,21.64,21.9,21.51,21.82,559468
FPL,20200122,0.007,0.007,0.006,0.007,8903898
FPP,20200122,0.96,0.975,0.95,0.95,10650
FRI,20200122,0.86,0.86,0.85,0.85,258293
FRN,20200122,0.021,0.021,0.021,0.021,617212
FSA,20200122,1.375,1.39,1.375,1.385,12923
FSF,20200122,3.87,3.87,3.81,3.85,11645
FSI,20200122,1.925,1.925,1.925,1.925,1818
FTC,20200122,0.12,0.12,0.12,0.12,26835
FTT,20200122,0.003,0.003,0.003,0.003,3000000
FUN,20200122,0.021,0.021,0.021,0.021,1600
FWD,20200122,2.12,2.14,2.1,2.14,23150
FXL,20200122,2.1,2.12,2.07,2.11,416007
FYI,20200122,0.058,0.058,0.055,0.058,170171
FZO,20200122,0.175,0.175,0.17,0.175,259512
FZR,20200122,0.2,0.2,0.2,0.2,80000
G1A,20200122,0.32,0.325,0.32,0.325,51000
GAL,20200122,0.155,0.16,0.155,0.16,162842
GAP,20200122,0.265,0.27,0.265,0.27,16475
GAS,20200122,0.635,0.65,0.635,0.65,40153
GBR,20200122,0.034,0.034,0.034,0.034,63946
GBZ,20200122,0.055,0.057,0.055,0.056,120000
GC1,20200122,0.815,0.825,0.815,0.815,85934
GCI,20200122,2.04,2.05,2.03,2.05,267717
GDF,20200122,1.4,1.415,1.4,1.415,78929
GDG,20200122,0.8,0.82,0.8,0.81,21700
GDI,20200122,1.5,1.52,1.49,1.52,486371
GDX,20200122,42.2,42.32,41.78,41.83,15921
GEM,20200122,1.95,1.975,1.94,1.96,1896426
GFL,20200122,2.16,2.16,2.16,2.16,250
GGG,20200122,0.125,0.125,0.12,0.125,268073
GGX,20200122,0.003,0.003,0.003,0.003,1000000
GIB,20200122,0.049,0.05,0.049,0.049,112925
GID,20200122,0.015,0.016,0.015,0.015,829733
GLA,20200122,0.001,0.001,0.001,0.001,14480000
GLB,20200122,1.8,1.82,1.8,1.82,6000
GLH,20200122,0.13,0.15,0.13,0.15,34194
GLL,20200122,0.63,0.66,0.605,0.62,225100
GLN,20200122,0.205,0.21,0.195,0.205,579982
GLV,20200122,0.001,0.001,0.001,0.001,5000000
GMA,20200122,3.75,3.87,3.75,3.79,351212
GMC,20200122,0.006,0.007,0.006,0.007,28754063
GMD,20200122,0.034,0.034,0.034,0.034,1198975
GME,20200122,0.056,0.056,0.056,0.056,31200
GMG,20200122,14.99,14.99,14.82,14.89,3167980
GML,20200122,0.016,0.016,0.016,0.016,100000
GMN,20200122,0.074,0.074,0.074,0.074,13581
GMR,20200122,0.01,0.01,0.009,0.009,2046213
GMV,20200122,0.15,0.175,0.145,0.165,1225337
GNC,20200122,8.4,8.52,8.37,8.48,593762
GNE,20200122,3.12,3.12,3.06,3.12,7905
GNG,20200122,0.96,0.99,0.96,0.985,24610
GNM,20200122,0.01,0.01,0.01,0.01,787886
GNX,20200122,0.23,0.235,0.23,0.235,70303
GOR,20200122,1.365,1.39,1.345,1.375,12612817
GOW,20200122,2.38,2.4,2.37,2.37,28929
GOZ,20200122,4.39,4.42,4.38,4.41,482880
GPR,20200122,0.47,0.47,0.47,0.47,28202
GPT,20200122,5.96,5.97,5.9,5.95,7806998
GPX,20200122,0.16,0.16,0.15,0.15,159102
GRB,20200122,0.084,0.084,0.084,0.084,383412
GRL,20200122,0.21,0.215,0.21,0.21,125530
GRR,20200122,0.25,0.255,0.245,0.25,1435976
GRV,20200122,0.016,0.016,0.016,0.016,128318
GSM,20200122,0.071,0.08,0.071,0.076,128352
GSN,20200122,0.061,0.061,0.06,0.06,36179
GSS,20200122,1,1.015,0.98,0.98,190785
GSW,20200122,0.54,0.57,0.53,0.54,234183
GTE,20200122,0.003,0.003,0.003,0.003,659143
GTG,20200122,0.01,0.01,0.01,0.01,3570386
GTK,20200122,2.2,2.21,2.16,2.17,281508
GTN,20200122,0.83,0.83,0.82,0.82,10189
GTR,20200122,0.008,0.008,0.008,0.008,400000
GUD,20200122,11.41,11.49,11.115,11.44,373556
GUL,20200122,0.03,0.03,0.029,0.03,255333
GVF,20200122,1.105,1.11,1.105,1.11,19325
GWA,20200122,3.54,3.64,3.5,3.64,1002078
GXY,20200122,1.15,1.185,1.12,1.16,4389289
HAS,20200122,0.13,0.13,0.12,0.12,187880
HAV,20200122,0.12,0.12,0.12,0.12,66403
HAW,20200122,0.081,0.081,0.081,0.081,10000
HCD,20200122,0.071,0.072,0.07,0.07,166739
HCH,20200122,0.033,0.034,0.033,0.033,1519446
HE8,20200122,0.175,0.18,0.17,0.18,533621
HFR,20200122,0.745,0.75,0.735,0.745,10827
HGO,20200122,0.066,0.068,0.06,0.06,83008
HIL,20200122,0.415,0.45,0.407,0.445,876627
HIP,20200122,0.017,0.019,0.017,0.019,168897
HIT,20200122,1.39,1.39,1.39,1.39,429
HLO,20200122,4.65,4.65,4.54,4.56,133665
HLS,20200122,2.94,2.94,2.87,2.91,466738
HLX,20200122,0.016,0.016,0.016,0.016,10000
HM1,20200122,3.29,3.32,3.27,3.28,62147
HMC,20200122,3.88,3.9,3.79,3.87,139801
HMD,20200122,0.19,0.19,0.165,0.165,372722
HMX,20200122,0.023,0.023,0.023,0.023,919909
HNG,20200122,0.34,0.34,0.34,0.34,8000
HNR,20200122,0.007,0.008,0.007,0.008,325720
HPI,20200122,3.31,3.32,3.27,3.31,117631
HPR,20200122,0.096,0.096,0.095,0.096,92319
HRL,20200122,0.12,0.12,0.12,0.12,176300
HRR,20200122,0.1,0.105,0.099,0.1,276239
HRZ,20200122,0.115,0.115,0.1,0.105,443863
HSC,20200122,0.005,0.005,0.005,0.005,818626
HSN,20200122,3.54,3.63,3.53,3.63,514925
HT1,20200122,1.715,1.74,1.655,1.74,68183
HT8,20200122,0.009,0.009,0.009,0.009,1000
HTA,20200122,0.132,0.132,0.132,0.132,12000
HUB,20200122,11.4,11.65,11.01,11.25,764523
HUO,20200122,4.46,4.52,4.46,4.5,401677
HVN,20200122,4.31,4.36,4.27,4.34,4147611
HWH,20200122,0.039,0.04,0.039,0.04,491174
HXG,20200122,0.059,0.059,0.057,0.058,77333
HYD,20200122,0.26,0.265,0.26,0.265,103755
HZN,20200122,0.12,0.125,0.12,0.125,314324
HZR,20200122,0.43,0.435,0.41,0.425,198585
IAA,20200122,98.82,99.15,97.19,99.15,3894
IAF,20200122,114.97,115.08,114.71,114.98,15535
IAG,20200122,7.73,7.82,7.72,7.8,4255342
IAP,20200122,1.475,1.5,1.47,1.5,128176
IBG,20200122,0.013,0.013,0.012,0.012,410000
IBX,20200122,0.032,0.036,0.032,0.033,18232627
ICE,20200122,0.24,0.26,0.235,0.255,124800
ICG,20200122,0.001,0.001,0.001,0.001,700888
ICI,20200122,0.026,0.026,0.026,0.026,326599
ICN,20200122,0.008,0.008,0.008,0.008,1086104
ICQ,20200122,0.385,0.4,0.38,0.4,218790
ICT,20200122,0.055,0.055,0.055,0.055,33186
ID8,20200122,0.315,0.32,0.315,0.32,43875
IDT,20200122,0.165,0.165,0.16,0.16,94031
IDX,20200122,3.97,4.39,3.97,4.08,621294
IEL,20200122,20.38,20.48,20.11,20.27,679955
IEM,20200122,66.6,66.73,65.37,66.58,21171
IEU,20200122,68.65,69.16,68.4,69.16,5341
IFL,20200122,8.19,8.345,8.09,8.31,1718056
IFM,20200122,2.02,2.04,2.01,2.04,495755
IFN,20200122,0.765,0.765,0.73,0.75,1709450
IFT,20200122,5.22,5.4,5.14,5.39,17293
IGB,20200122,113.01,113.23,113.01,113.19,2994
IGL,20200122,2.4,2.46,2.4,2.44,1041193
IGO,20200122,6.69,6.76,6.64,6.66,1436549
IHD,20200122,14.72,14.88,14.72,14.87,34895
IHL,20200122,0.075,0.075,0.07,0.072,738884
IHR,20200122,0.105,0.105,0.1,0.1,281234
IJH,20200122,303.65,305.54,303.65,305.54,161
IJP,20200122,87.12,87.56,86.77,87.56,3156
IJR,20200122,123.98,124.22,123.98,124.17,179
IKO,20200122,93.99,95.21,93.99,95.21,236
ILB,20200122,129.5,130.44,129.5,130.44,331
ILC,20200122,27.13,27.39,27.13,27.39,17177
ILU,20200122,9.5,9.63,9.41,9.6,1641201
IMA,20200122,0.24,0.245,0.24,0.24,334290
IMC,20200122,0.135,0.135,0.13,0.13,34574
IMD,20200122,1.62,1.63,1.535,1.55,245229
IME,20200122,0.046,0.051,0.046,0.049,10963712
IMF,20200122,4.65,4.72,4.61,4.7,420870
IMM,20200122,0.295,0.3,0.29,0.297,429453
IMU,20200122,0.035,0.035,0.034,0.035,45124675
INA,20200122,4.66,4.72,4.66,4.69,1287993
INF,20200122,0.054,0.056,0.054,0.056,639837
ING,20200122,3.6,3.64,3.59,3.63,2698494
INP,20200122,0.023,0.024,0.022,0.024,646859
INR,20200122,0.19,0.19,0.185,0.19,865892
IOD,20200122,0.13,0.15,0.13,0.15,390000
IOO,20200122,80.94,81.6,80.93,81.42,22469
IOZ,20200122,28.82,29.11,28.8,29.07,136839
IP1,20200122,0.008,0.01,0.008,0.01,394477
IPB,20200122,0.028,0.028,0.028,0.028,120440
IPD,20200122,0.145,0.145,0.127,0.135,10964745
IPH,20200122,9.21,9.34,9.1,9.3,473887
IPL,20200122,3.32,3.39,3.31,3.37,3446304
IPT,20200122,0.007,0.007,0.007,0.007,880036
IRD,20200122,0.063,0.063,0.06,0.06,141989
IRE,20200122,13.43,13.84,13.36,13.73,449191
IRI,20200122,2.82,2.93,2.81,2.93,295511
ISD,20200122,0.29,0.29,0.28,0.29,452282
ISO,20200122,5.21,5.27,5.21,5.27,97673
ISU,20200122,0.495,0.515,0.495,0.495,36040
ITG,20200122,0.435,0.45,0.435,0.45,47690
ITW,20200122,62.96,63.39,62.96,63.39,434
IVC,20200122,13.74,13.83,13.54,13.65,212771
IVE,20200122,102.1,102.69,102.1,102.66,20765
IVR,20200122,0.023,0.023,0.023,0.023,1710996
IVV,20200122,485,489.95,485,488.64,13554
IVX,20200122,0.012,0.012,0.012,0.012,385669
IVZ,20200122,0.028,0.028,0.026,0.026,2100000
IXC,20200122,1.15,1.15,0.95,1.03,258473
IXI,20200122,81.47,83.41,81.47,82.81,3311
IXJ,20200122,103.29,104.27,103,103.69,7705
IXU,20200122,0.063,0.063,0.063,0.063,45000
IZZ,20200122,63.17,63.77,62.9,63.77,8555
JAL,20200122,0.185,0.185,0.185,0.185,38603
JAN,20200122,0.475,0.475,0.46,0.46,21709
JAT,20200122,0.055,0.057,0.055,0.056,1480127
JBH,20200122,40.65,41,40.35,40.92,323919
JDR,20200122,0.011,0.011,0.011,0.011,100000
JHC,20200122,0.995,1,0.985,0.99,1094654
JHG,20200122,36.26,36.82,36.06,36.55,136448
JHL,20200122,0.03,0.03,0.03,0.03,15280
JHX,20200122,30.55,30.94,30.425,30.8,911558
JIN,20200122,15.5,15.63,15,15.15,719148
JLG,20200122,2.31,2.51,2.3,2.4,588017
JMS,20200122,0.31,0.31,0.3,0.31,1501045
JRL,20200122,0.3,0.3,0.3,0.3,8400
JRV,20200122,0.225,0.235,0.22,0.235,1248313
JXT,20200122,0.142,0.145,0.14,0.14,122005
K2F,20200122,0.265,0.27,0.25,0.27,333351
KAI,20200122,0.009,0.009,0.008,0.008,129000
KAR,20200122,1.385,1.385,1.345,1.37,2873836
KAS,20200122,0.015,0.015,0.015,0.015,10000
KAT,20200122,0.845,0.845,0.845,0.845,25000
KCN,20200122,0.48,0.485,0.47,0.485,93511
KEY,20200122,0.006,0.006,0.006,0.006,3111045
KFE,20200122,0.058,0.066,0.058,0.065,2014071
KGM,20200122,0.004,0.004,0.004,0.004,192201
KGN,20200122,5.73,5.78,5.51,5.54,3096074
KIN,20200122,0.034,0.035,0.034,0.035,152296
KKC,20200122,2.48,2.49,2.47,2.47,297267
KLA,20200122,63.5,63.5,63.04,63.06,588
KLL,20200122,0.505,0.515,0.49,0.49,473566
KMD,20200122,3.07,3.07,3.02,3.07,55063
KME,20200122,1.56,1.61,1.5,1.5,219919
KNM,20200122,0.021,0.021,0.021,0.021,241179
KNO,20200122,0.095,0.096,0.095,0.096,92631
KOR,20200122,0.01,0.011,0.01,0.01,408000
KP2,20200122,0.018,0.018,0.018,0.018,7000
KPG,20200122,0.99,0.99,0.99,0.99,80000
KPO,20200122,0.03,0.033,0.029,0.033,927733
KRM,20200122,0.031,0.031,0.03,0.03,707405
KRR,20200122,0.02,0.02,0.02,0.02,431389
KSC,20200122,1.6,1.6,1.6,1.6,9657
KSL,20200122,1.48,1.48,1.45,1.47,137556
KSM,20200122,2.32,2.32,2.32,2.32,8643
KSS,20200122,0.38,0.395,0.38,0.385,515409
KTA,20200122,0.034,0.036,0.034,0.036,969251
KTD,20200122,0.385,0.4,0.385,0.395,219761
KTG,20200122,0.215,0.22,0.21,0.21,204395
KWR,20200122,0.17,0.17,0.165,0.165,219414
KYK,20200122,0.105,0.11,0.1,0.105,779392
KZA,20200122,0.615,0.63,0.605,0.63,9739
KZR,20200122,0.585,0.64,0.58,0.62,674620
LAA,20200122,0.022,0.022,0.022,0.022,5400
LAW,20200122,0.073,0.073,0.073,0.073,128767
LBL,20200122,0.78,0.78,0.78,0.78,10026
LBT,20200122,0.165,0.165,0.16,0.16,239222
LCK,20200122,0.125,0.13,0.125,0.13,431072
LCL,20200122,0.054,0.054,0.054,0.054,18084
LCM,20200122,0.195,0.2,0.19,0.2,89300
LCT,20200122,0.018,0.02,0.018,0.02,191641
LEG,20200122,0.082,0.086,0.082,0.085,3463101
LEP,20200122,5.57,5.6,5.56,5.57,22291
LER,20200122,0.028,0.028,0.028,0.028,130516
LEX,20200122,0.185,0.185,0.185,0.185,2430
LI3,20200122,0.029,0.03,0.029,0.03,130413
LIC,20200122,9.1,9.15,9.06,9.06,406928
LIN,20200122,0.047,0.049,0.042,0.042,23471588
LIT,20200122,0.068,0.069,0.065,0.065,1315034
LLC,20200122,18.17,18.745,18.17,18.61,2022080
LLO,20200122,1.9,1.9,1.9,1.9,2632
LME,20200122,1.83,1.83,1.82,1.82,97364
LMW,20200122,0.155,0.155,0.15,0.155,41964
LNG,20200122,0.185,0.187,0.185,0.185,246592
LNK,20200122,6.18,6.22,6.12,6.2,3326162
LNU,20200122,0.026,0.027,0.025,0.026,638900
LNY,20200122,0.007,0.007,0.006,0.006,703928
LOM,20200122,0.13,0.13,0.125,0.13,105553
LON,20200122,0.155,0.16,0.155,0.16,5272
LOT,20200122,0.049,0.049,0.049,0.049,20000
LOV,20200122,11.7,12.18,11.6,12.14,186388
LPD,20200122,0.017,0.018,0.016,0.016,11109801
LPE,20200122,0.66,0.66,0.51,0.51,160707
LPI,20200122,0.25,0.25,0.25,0.25,630
LRS,20200122,0.005,0.005,0.005,0.005,3145537
LSA,20200122,0.005,0.005,0.005,0.005,83072
LSF,20200122,1.61,1.625,1.61,1.61,394203
LSR,20200122,0.009,0.009,0.009,0.009,75369
LSX,20200122,0.47,0.47,0.47,0.47,8896
LTR,20200122,0.092,0.092,0.088,0.091,1719315
LVE,20200122,0.056,0.056,0.056,0.056,2053
LVH,20200122,0.21,0.23,0.21,0.225,671481
LVT,20200122,0.25,0.26,0.245,0.26,3209280
LYC,20200122,2.41,2.43,2.37,2.42,2160470
LYL,20200122,6.2,6.2,6.09,6.2,29529
M7T,20200122,0.76,0.76,0.72,0.735,413347
M8S,20200122,0.2,0.2,0.2,0.2,17713
MA1,20200122,1.03,1.03,1.025,1.03,80406
MAD,20200122,1.085,1.1,1.085,1.1,52815
MAG,20200122,0.26,0.28,0.25,0.27,568847
MAH,20200122,0.275,0.28,0.27,0.28,1128716
MAI,20200122,0.65,0.69,0.64,0.67,212945
MAM,20200122,0.52,0.56,0.52,0.56,244853
MAN,20200122,0.015,0.015,0.015,0.015,550000
MAQ,20200122,26,26.4,26,26,3736
MAT,20200122,0.14,0.145,0.14,0.14,536978
MAU,20200122,0.585,0.585,0.57,0.57,3398
MAY,20200122,0.01,0.01,0.01,0.01,567224
MBK,20200122,0.008,0.008,0.007,0.007,524921
MCA,20200122,0.155,0.155,0.15,0.15,125000
MCE,20200122,0.34,0.35,0.337,0.35,85667
MCP,20200122,2.9,3.02,2.9,2.95,252746
MCR,20200122,0.74,0.74,0.71,0.715,924062
MCT,20200122,0.006,0.006,0.005,0.005,6552978
MCY,20200122,5.12,5.13,5.12,5.12,1144
MDC,20200122,0.35,0.35,0.335,0.34,237788
MDI,20200122,0.006,0.007,0.006,0.006,15235273
MDR,20200122,0.55,0.575,0.54,0.56,171768
MEA,20200122,0.33,0.33,0.32,0.32,251242
MEB,20200122,0.009,0.01,0.009,0.01,24362
MEC,20200122,0.96,0.96,0.96,0.96,106073
MEI,20200122,0.031,0.033,0.031,0.033,1018594
MEL,20200122,0.053,0.053,0.052,0.052,236000
MEM,20200122,0.056,0.056,0.052,0.055,837245
MEP,20200122,0.044,0.046,0.044,0.045,755295
MEU,20200122,0.029,0.029,0.028,0.028,90185
MEY,20200122,0.07,0.07,0.07,0.07,94449
MEZ,20200122,5.18,5.18,5.1,5.1,20390
MFD,20200122,1.03,1.03,1.03,1.03,9770
MFF,20200122,3.68,3.7,3.67,3.68,219626
MFG,20200122,63.36,66.89,62.97,66.75,490638
MGC,20200122,0.435,0.435,0.435,0.435,24134
MGE,20200122,4.25,4.26,4.24,4.25,1275426
MGG,20200122,2.08,2.13,2.08,2.12,883794
MGL,20200122,0.017,0.017,0.017,0.017,11333
MGR,20200122,3.41,3.5,3.4,3.47,14531282
MGV,20200122,0.085,0.085,0.084,0.084,159771
MGX,20200122,0.995,1.01,0.99,1,2516774
MHC,20200122,0.005,0.007,0.005,0.007,11812794
MHG,20200122,3.74,3.75,3.73,3.75,203678
MHH,20200122,1.68,1.705,1.675,1.68,640286
MHJ,20200122,0.66,0.685,0.615,0.685,220394
MIL,20200122,0.45,0.45,0.44,0.44,38613
MIN,20200122,17.52,17.7,17.41,17.68,671134
MIO,20200122,0.25,0.25,0.25,0.25,23340
MIR,20200122,2.71,2.71,2.63,2.68,98740
MJC,20200122,0.035,0.035,0.035,0.035,30000
MLD,20200122,1,1,0.97,0.97,257302
MLL,20200122,0.1,0.105,0.099,0.1,605672
MLS,20200122,0.001,0.001,0.001,0.001,53144109
MLT,20200122,5,5.06,5,5.06,186896
MLX,20200122,0.087,0.088,0.084,0.088,1110096
MME,20200122,1.59,1.59,1.55,1.575,64279
MMI,20200122,0.16,0.16,0.16,0.16,45142
MMJ,20200122,0.15,0.155,0.145,0.15,510045
MML,20200122,0.855,0.865,0.83,0.84,314376
MMM,20200122,0.28,0.28,0.25,0.25,159627
MMS,20200122,12.84,13.06,12.75,12.92,344228
MND,20200122,17.9,18.14,17.69,17.91,334285
MNF,20200122,5.04,5.05,4.94,4.99,247947
MNS,20200122,0.11,0.115,0.11,0.11,626422
MNW,20200122,0.019,0.019,0.017,0.017,175526
MNY,20200122,2.45,2.45,2.43,2.45,115791
MOC,20200122,1.315,1.345,1.315,1.34,18184
MOE,20200122,5.6,5.74,5.58,5.65,69573
MOQ,20200122,0.23,0.23,0.225,0.23,99990
MOT,20200122,2.07,2.08,2.06,2.06,219976
MOZ,20200122,1.66,1.715,1.66,1.68,233240
MP1,20200122,11.2,11.32,10.89,11.01,420503
MPH,20200122,0.245,0.25,0.245,0.25,4000
MPL,20200122,3.17,3.22,3.165,3.21,12957661
MPP,20200122,0.25,0.25,0.25,0.25,1870
MPW,20200122,0.086,0.086,0.086,0.086,114092
MPX,20200122,0.3,0.3,0.3,0.3,87000
MQG,20200122,143.6,146.64,143.51,145.86,615007
MRD,20200122,0.003,0.003,0.003,0.003,1000000
MRM,20200122,0.175,0.175,0.175,0.175,58500
MRQ,20200122,0.014,0.015,0.014,0.014,21553791
MRZ,20200122,0.245,0.245,0.245,0.245,38000
MSB,20200122,2.71,2.97,2.7,2.91,4870990
MSE,20200122,0.011,0.012,0.011,0.012,515574
MSG,20200122,0.021,0.021,0.02,0.021,521701
MSM,20200122,0.013,0.013,0.013,0.013,59829
MSV,20200122,0.06,0.06,0.059,0.06,259429
MTC,20200122,0.037,0.039,0.037,0.039,475407
MTH,20200122,0.01,0.01,0.009,0.01,1317200
MTS,20200122,2.65,2.68,2.57,2.65,8033703
MVA,20200122,26.2,26.41,26,26,34526
MVB,20200122,26.7,27.18,26.7,27.18,5369
MVE,20200122,30.48,30.79,30.48,30.79,3056
MVF,20200122,1.02,1.025,1.015,1.02,81090
MVP,20200122,9.33,9.4,9.15,9.32,107084
MVR,20200122,31.35,31.85,31.35,31.85,2244
MVS,20200122,21.21,21.3,21.21,21.3,1327
MVW,20200122,32.42,32.81,32.42,32.81,50988
MWR,20200122,0.29,0.295,0.285,0.29,652784
MWY,20200122,1.87,1.895,1.85,1.85,568300
MX1,20200122,0.165,0.175,0.165,0.175,255309
MXC,20200122,0.037,0.038,0.037,0.037,1896561
MXI,20200122,0.21,0.21,0.21,0.21,23888
MXT,20200122,2.07,2.08,2.05,2.05,2663155
MYE,20200122,1.04,1.07,1.02,1.05,65194
MYL,20200122,0.049,0.05,0.048,0.048,1053596
MYQ,20200122,0.2,0.21,0.17,0.21,279840
MYR,20200122,0.475,0.48,0.47,0.475,490687
MYS,20200122,5.15,5.24,5.14,5.16,345087
MYX,20200122,0.47,0.475,0.46,0.47,2754629
MZZ,20200122,0.245,0.245,0.23,0.235,158558
N1H,20200122,0.084,0.084,0.083,0.083,6769
NAB,20200122,25.79,25.86,25.54,25.71,5205110
NAC,20200122,1.005,1.01,1,1,71150
NAM,20200122,0.315,0.315,0.315,0.315,7376
NAN,20200122,7.06,7.16,6.995,7.16,690514
NBI,20200122,2.08,2.08,2.07,2.08,359229
NCC,20200122,1.06,1.06,1.05,1.06,46419
NCK,20200122,7.03,7.18,6.96,7.1,282939
NCM,20200122,32.4,32.73,32,32.2,2445025
NCR,20200122,0.013,0.013,0.013,0.013,22308
NCZ,20200122,0.26,0.272,0.255,0.27,1474064
NDQ,20200122,22.71,22.87,22.69,22.86,62876
NEA,20200122,2.52,2.62,2.52,2.62,3668519
NEC,20200122,1.975,2.01,1.967,2,4841688
NET,20200122,0.11,0.11,0.1,0.105,1632868
NEU,20200122,2.82,2.83,2.77,2.81,33222
NEW,20200122,1.23,1.23,1.205,1.22,138880
NGI,20200122,2.96,3.03,2.9,3.01,179226
NHC,20200122,2.01,2.06,1.985,2.06,1593704
NHF,20200122,5.58,5.66,5.56,5.58,2051787
NIC,20200122,0.705,0.705,0.69,0.7,4505780
NML,20200122,0.11,0.12,0.11,0.12,301651
NMT,20200122,0.19,0.195,0.19,0.19,95609
NNW,20200122,0.075,0.08,0.075,0.075,131341
NOR,20200122,0.044,0.044,0.044,0.044,156600
NOV,20200122,0.205,0.205,0.205,0.205,40000
NOX,20200122,0.255,0.255,0.237,0.245,413939
NSB,20200122,0.17,0.195,0.17,0.19,223059
NSC,20200122,0.745,0.75,0.745,0.75,33000
NSR,20200122,2.04,2.07,2.04,2.06,1037102
NST,20200122,12.67,12.94,12.57,12.74,4323697
NTD,20200122,0.435,0.445,0.425,0.435,128871
NTI,20200122,0.017,0.019,0.017,0.018,2620020
NTM,20200122,0.081,0.081,0.076,0.077,268799
NTO,20200122,1.525,1.525,1.425,1.445,206210
NTU,20200122,0.053,0.054,0.052,0.054,1804278
NUC,20200122,3.69,3.69,3.64,3.64,8667
NUF,20200122,5.51,5.62,5.46,5.61,1374917
NUH,20200122,0.036,0.036,0.032,0.034,3197889
NUS,20200122,0.325,0.325,0.325,0.325,10000
NVA,20200122,0.044,0.044,0.039,0.042,7359862
NVL,20200122,3.66,3.67,3.66,3.66,34900
NVO,20200122,0.018,0.018,0.017,0.017,2121439
NVU,20200122,0.04,0.041,0.04,0.041,64888
NVX,20200122,0.445,0.445,0.445,0.445,3800
NWC,20200122,0.014,0.014,0.014,0.014,552067
NWE,20200122,0.006,0.006,0.006,0.006,42386492
NWF,20200122,0.16,0.16,0.16,0.16,9684
NWH,20200122,3.31,3.42,3.31,3.4,1665550
NWL,20200122,8.19,8.19,7.99,8.01,421387
NWS,20200122,22.03,22.18,21.75,21.9,135962
NXS,20200122,2.26,2.36,2.25,2.26,31157
NXT,20200122,7.43,7.54,7.37,7.48,2529909
NYR,20200122,0.21,0.24,0.21,0.235,1560579
NZC,20200122,0.36,0.362,0.355,0.355,2585627
NZK,20200122,2.07,2.1,2.07,2.1,5824
NZM,20200122,0.36,0.36,0.36,0.36,11472
NZS,20200122,0.014,0.014,0.014,0.014,11764
OAR,20200122,0.005,0.005,0.005,0.005,300000
OAU,20200122,0.022,0.023,0.021,0.023,677000
OBM,20200122,0.17,0.175,0.17,0.17,145176
OCA,20200122,1.26,1.26,1.26,1.26,3211
OCC,20200122,0.5,0.5,0.48,0.49,187407
OCL,20200122,6.5,6.54,6.44,6.5,116713
OEC,20200122,0.34,0.34,0.34,0.34,1890
OEL,20200122,0.035,0.035,0.034,0.034,1646053
OFX,20200122,1.38,1.435,1.38,1.42,932953
OGA,20200122,0.135,0.135,0.13,0.13,59486
OGC,20200122,2.76,2.76,2.69,2.7,500676
OIL,20200122,0.035,0.035,0.035,0.035,300000
OKJ,20200122,0.036,0.036,0.036,0.036,1400
OKR,20200122,0.09,0.09,0.09,0.09,48000
OKU,20200122,0.17,0.175,0.17,0.17,121650
OLI,20200122,0.105,0.105,0.099,0.099,288703
OLL,20200122,0.27,0.29,0.26,0.265,804740
OLV,20200122,0.009,0.009,0.007,0.007,4186583
OMH,20200122,0.48,0.48,0.475,0.475,56267
OML,20200122,3.57,3.65,3.55,3.62,779392
ONT,20200122,6.1,6.1,6.1,6.1,23993
ONX,20200122,0.09,0.09,0.09,0.09,55333
OOO,20200122,15.02,15.02,14.91,14.95,8169
OPC,20200122,3.99,3.99,3.75,3.8,22238
OPH,20200122,2.68,2.75,2.66,2.75,180047
OPL,20200122,0.17,0.17,0.17,0.17,29850
OPT,20200122,3.35,3.53,3.33,3.52,827361
OPY,20200122,1.29,1.29,1.25,1.28,244894
ORA,20200122,3.2,3.25,3.18,3.25,2846984
ORE,20200122,3.59,3.72,3.53,3.65,2193579
ORG,20200122,8.63,8.75,8.56,8.72,4324312
ORI,20200122,22.92,23.45,22.77,23.37,551535
ORN,20200122,0.023,0.023,0.023,0.023,10000
ORR,20200122,0.41,0.425,0.41,0.415,17057
OSH,20200122,7.8,7.935,7.765,7.88,3681970
OSL,20200122,0.17,0.17,0.16,0.165,6449052
OSP,20200122,0.027,0.028,0.026,0.028,57495
OSX,20200122,0.64,0.64,0.605,0.605,167977
OTW,20200122,4.56,4.57,4.5,4.5,43077
OVH,20200122,0.355,0.37,0.355,0.37,272546
OVL,20200122,0.009,0.009,0.008,0.008,1125000
OVN,20200122,0.41,0.42,0.38,0.39,107429
OVT,20200122,0.048,0.048,0.043,0.044,1639301
OZF,20200122,20.03,20.14,20.03,20.12,1646
OZL,20200122,10.64,10.78,10.63,10.7,1396508
OZR,20200122,12.74,12.83,12.74,12.8,27626
P2P,20200122,0.063,0.064,0.063,0.064,10164
PAA,20200122,0.1,0.1,0.094,0.094,187928
PAC,20200122,6.27,6.28,6.17,6.23,18691
PAF,20200122,0.96,0.96,0.955,0.955,223380
PAI,20200122,1.105,1.12,1.105,1.11,252161
PAK,20200122,0.03,0.03,0.028,0.028,140000
PAL,20200122,0.995,1.03,0.965,1.01,24292
PAN,20200122,0.3,0.3,0.29,0.295,1090649
PAR,20200122,3.63,3.82,3.62,3.8,827283
PBH,20200122,5.89,6.08,5.81,6.08,561003
PBP,20200122,2.15,2.2,2.09,2.1,291359
PCH,20200122,0.002,0.002,0.002,0.002,519
PCI,20200122,1.14,1.16,1.14,1.155,190198
PCK,20200122,0.18,0.18,0.175,0.175,930622
PCL,20200122,0.002,0.002,0.002,0.002,116668
PDI,20200122,0.009,0.009,0.009,0.009,200000
PDL,20200122,8.6,8.77,8.55,8.71,1382472
PDN,20200122,0.09,0.091,0.088,0.091,1375281
PDZ,20200122,0.21,0.215,0.2,0.205,277894
PE1,20200122,1.54,1.6,1.52,1.595,151841
PEK,20200122,0.034,0.037,0.033,0.037,1296987
PEN,20200122,0.16,0.162,0.16,0.16,454336
PET,20200122,0.845,0.88,0.845,0.86,990170
PEX,20200122,0.23,0.23,0.225,0.23,125745
PFP,20200122,3.48,3.56,3.46,3.56,50618
PGC,20200122,0.425,0.43,0.425,0.43,97652
PGF,20200122,1.275,1.275,1.26,1.26,364409
PGG,20200122,2.07,2.07,2.06,2.07,311004
PGH,20200122,2.78,2.78,2.67,2.71,1854464
PGI,20200122,0.042,0.046,0.042,0.044,519322
PGL,20200122,2.04,2.09,2.03,2.06,26557
PGX,20200122,0.395,0.4,0.39,0.4,127700
PGY,20200122,0.024,0.024,0.023,0.023,257433
PIA,20200122,1.165,1.17,1.165,1.17,224312
PIC,20200122,1.075,1.085,1.075,1.075,261423
PIN,20200122,0.105,0.11,0.105,0.11,72183
PIO,20200122,0.013,0.013,0.013,0.013,2416084
PIQ,20200122,0.3,0.3,0.3,0.3,16451
PKD,20200122,0.069,0.07,0.069,0.069,94218
PKS,20200122,0.15,0.155,0.15,0.15,769594
PL8,20200122,1.18,1.19,1.18,1.18,314574
PLL,20200122,0.13,0.13,0.127,0.13,998715
PLS,20200122,0.365,0.382,0.355,0.375,12311618
PLX,20200122,0.75,0.765,0.75,0.765,21659
PM1,20200122,0.017,0.02,0.017,0.02,2501045
PM8,20200122,0.165,0.165,0.165,0.165,326923
PMC,20200122,1.625,1.665,1.625,1.645,259968
PME,20200122,25.69,26.49,25.58,26.49,262312
PMV,20200122,19.88,20.06,19.69,20.03,143691
PMY,20200122,0.006,0.006,0.006,0.006,2801579
PNC,20200122,1.78,1.78,1.77,1.775,260863
PNI,20200122,4.69,4.72,4.6,4.7,365493
PNR,20200122,0.105,0.105,0.102,0.105,2749840
PNV,20200122,2.55,2.87,2.51,2.83,9963096
PNX,20200122,0.006,0.007,0.006,0.007,450000
PO3,20200122,3.7,3.7,3.65,3.65,7602
POD,20200122,0.038,0.04,0.038,0.039,320596
POS,20200122,0.04,0.04,0.039,0.039,295499
POW,20200122,0.005,0.005,0.005,0.005,91000
PPC,20200122,1.275,1.35,1.25,1.35,10049499
PPE,20200122,3.65,3.65,3.55,3.65,71960
PPG,20200122,0.11,0.11,0.11,0.11,53933
PPH,20200122,4.23,4.35,4.22,4.35,140308
PPK,20200122,5.44,5.58,5.44,5.5,27816
PPS,20200122,0.53,0.535,0.525,0.535,269357
PPT,20200122,42.5,43.43,42.3,42.96,269143
PRN,20200122,1.615,1.63,1.58,1.62,1944756
PRO,20200122,0.6,0.615,0.6,0.615,80500
PRT,20200122,0.165,0.165,0.162,0.165,26462
PRU,20200122,1.11,1.145,1.105,1.115,8341494
PRX,20200122,0.068,0.069,0.068,0.069,158934
PSA,20200122,0.056,0.056,0.053,0.055,530472
PSC,20200122,0.215,0.22,0.21,0.21,91238
PSI,20200122,3.09,3.2,3.08,3.08,40782
PSQ,20200122,1.76,1.76,1.76,1.76,9
PSZ,20200122,0.035,0.037,0.034,0.037,1524220
PTB,20200122,0.82,0.82,0.82,0.82,6190
PTL,20200122,0.33,0.35,0.33,0.35,35164
PTM,20200122,4.76,4.87,4.73,4.84,1414927
PTR,20200122,0.05,0.05,0.05,0.05,50000
PTX,20200122,0.056,0.056,0.053,0.054,6077888
PUA,20200122,0.014,0.015,0.014,0.015,1400000
PUR,20200122,0.006,0.006,0.006,0.006,64365
PVS,20200122,1.495,1.51,1.495,1.505,71377
PWG,20200122,1.22,1.225,1.185,1.2,81223
PWH,20200122,4.8,4.89,4.75,4.89,79718
PWL,20200122,0.185,0.185,0.18,0.18,39671
PWN,20200122,0.01,0.01,0.009,0.01,3350945
PXS,20200122,0.13,0.14,0.13,0.13,612168
PXX,20200122,0.046,0.046,0.044,0.044,87193
PYC,20200122,0.065,0.065,0.064,0.065,305399
PYG,20200122,0.7,0.7,0.7,0.7,67508
QAN,20200122,6.81,6.88,6.785,6.79,12568941
QAU,20200122,15.67,15.67,15.55,15.6,14956
QBE,20200122,13.79,13.95,13.74,13.87,3230145
QCB,20200122,8.24,8.24,8.2,8.2,2598
QFE,20200122,0.365,0.365,0.35,0.35,187530
QFN,20200122,11.16,11.19,11.16,11.19,2342
QFY,20200122,0.004,0.004,0.003,0.003,426666
QGL,20200122,0.062,0.069,0.062,0.069,82898
QHL,20200122,0.125,0.13,0.125,0.127,172191
QIP,20200122,1.325,1.385,1.325,1.37,143839
QMS,20200122,1.22,1.22,1.215,1.215,110528
QOZ,20200122,14.26,14.36,14.26,14.36,20308
QPR,20200122,1,1,1,1,139
QRE,20200122,6.97,7,6.97,7,19097
QRI,20200122,1.62,1.62,1.615,1.62,643903
QUB,20200122,3.58,3.615,3.565,3.61,2933946
QUS,20200122,40.1,40.31,40.1,40.27,1045
QVE,20200122,1.04,1.045,1.035,1.04,159981
RAC,20200122,0.225,0.225,0.225,0.225,38154
RAG,20200122,0.006,0.006,0.006,0.006,500000
RAN,20200122,0.016,0.016,0.013,0.016,4876876
RAP,20200122,0.31,0.31,0.29,0.295,1751046
RBL,20200122,1.04,1.045,1.005,1.01,410344
RCB,20200122,20.82,20.82,20.75,20.75,5713
RCE,20200122,0.36,0.36,0.335,0.35,344117
RCT,20200122,2.55,2.55,2.55,2.55,6408
RCW,20200122,0.26,0.26,0.26,0.26,10000
RDC,20200122,1.125,1.13,1.117,1.13,140099
RDF,20200122,0.53,0.55,0.53,0.55,129550
RDH,20200122,1.85,1.85,1.835,1.835,5826
RDM,20200122,0.095,0.095,0.094,0.094,100000
RDN,20200122,0.006,0.006,0.006,0.006,750000
RDV,20200122,30.97,31.22,30.97,31.21,9285
RDY,20200122,2.12,2.17,2.12,2.16,138096
REA,20200122,114.34,115.01,112.97,113.67,251145
RED,20200122,0.31,0.32,0.31,0.315,1477124
REE,20200122,0.039,0.039,0.039,0.039,4000
REG,20200122,2.57,2.57,2.51,2.54,251611
REH,20200122,11.58,11.62,11.25,11.32,198535
RES,20200122,0.08,0.084,0.08,0.084,12269
REX,20200122,1.17,1.175,1.14,1.14,100747
REZ,20200122,0.017,0.017,0.017,0.017,738480
RF1,20200122,2.77,2.79,2.74,2.74,101419
RFF,20200122,1.89,1.9,1.875,1.895,384411
RFG,20200122,0.105,0.105,0.1,0.102,515647
RFN,20200122,0.004,0.004,0.003,0.003,231422
RFT,20200122,0.045,0.046,0.043,0.043,292346
RFX,20200122,0.04,0.042,0.04,0.041,1243258
RGB,20200122,23.08,23.08,23.08,23.08,107
RGI,20200122,0.125,0.13,0.125,0.125,232845
RGL,20200122,0.01,0.01,0.01,0.01,34307
RGS,20200122,0.071,0.072,0.067,0.07,387235
RHC,20200122,77.77,79.24,77.53,79.22,428817
RHI,20200122,0.19,0.19,0.19,0.19,17078
RHP,20200122,2.3,2.33,2.27,2.3,187340
RHT,20200122,0.25,0.265,0.245,0.26,638362
RHY,20200122,0.105,0.105,0.105,0.105,75000
RIC,20200122,1.055,1.075,1.055,1.07,29902
RIM,20200122,0.003,0.003,0.003,0.003,497000
RIO,20200122,105.9,107.79,105.74,107.38,1252911
RKN,20200122,0.725,0.73,0.725,0.73,14484
RLE,20200122,0.032,0.032,0.03,0.03,255943
RLG,20200122,0.032,0.034,0.032,0.034,333954
RLT,20200122,1.285,1.285,1.09,1.16,242507
RMC,20200122,1.48,1.5,1.46,1.48,43426
RMD,20200122,23.64,23.83,23.62,23.77,778489
RMP,20200122,0.012,0.012,0.012,0.012,818107
RMS,20200122,1.295,1.3,1.26,1.275,2066885
RMX,20200122,0.005,0.005,0.005,0.005,1610000
RMY,20200122,0.395,0.395,0.375,0.375,34460
RND,20200122,2.33,2.33,2.33,2.33,6321
RNE,20200122,0.031,0.031,0.031,0.031,125000
RNO,20200122,0.18,0.18,0.18,0.18,3635
RNT,20200122,0.046,0.051,0.046,0.048,2666965
RNU,20200122,0.012,0.012,0.012,0.012,134628
ROG,20200122,0.003,0.003,0.003,0.003,2000000
ROO,20200122,0.043,0.043,0.041,0.042,367454
RRL,20200122,4.6,4.765,4.54,4.64,5341655
RSM,20200122,21.49,21.49,21.49,21.49,72
RTE,20200122,0.4,0.4,0.39,0.39,31433
RTG,20200122,0.082,0.082,0.078,0.078,463561
RUL,20200122,1.005,1.11,1,1.11,2203526
RVR,20200122,0.13,0.13,0.12,0.12,2481385
RWC,20200122,4.38,4.43,4.36,4.41,2230511
RWD,20200122,0.15,0.155,0.15,0.15,16685
RXL,20200122,0.029,0.03,0.028,0.029,2387082
RXP,20200122,0.545,0.56,0.545,0.56,121824
RYD,20200122,1.45,1.45,1.45,1.45,6906
RZI,20200122,0.895,0.91,0.88,0.89,172945
S2R,20200122,0.12,0.13,0.12,0.12,77054
S32,20200122,2.81,2.86,2.79,2.84,10938317
S66,20200122,0.46,0.46,0.46,0.46,2650
SAR,20200122,3.8,3.84,3.76,3.82,7120851
SAU,20200122,0.18,0.18,0.18,0.18,30000
SBM,20200122,2.9,2.965,2.85,2.88,7524136
SBW,20200122,0.125,0.125,0.125,0.125,76900
SCG,20200122,3.94,3.95,3.91,3.92,19590832
SCI,20200122,0.01,0.01,0.009,0.009,1760192
SCL,20200122,0.024,0.024,0.023,0.024,1330611
SCP,20200122,2.85,2.86,2.82,2.82,2154268
SCT,20200122,0.081,0.085,0.08,0.085,198300
SCU,20200122,0.018,0.022,0.017,0.021,3635232
SDA,20200122,0.87,0.9,0.835,0.85,2414113
SDF,20200122,3.8,3.89,3.79,3.84,1930820
SDG,20200122,1.75,1.765,1.75,1.757,23416
SDI,20200122,0.885,0.885,0.855,0.87,5533
SDV,20200122,0.785,0.83,0.785,0.83,476487
SDX,20200122,0.04,0.041,0.04,0.041,96200
SE1,20200122,0.047,0.047,0.047,0.047,41000
SEC,20200122,1.825,1.835,1.78,1.835,102665
SEI,20200122,0.049,0.052,0.048,0.052,787771
SEK,20200122,23.61,24.02,23.42,23.83,920907
SEN,20200122,0.068,0.068,0.068,0.068,40000
SES,20200122,0.092,0.092,0.088,0.089,52413
SFC,20200122,15.49,15.5,15.49,15.5,1508
SFG,20200122,0.072,0.072,0.071,0.072,302684
SFR,20200122,6.12,6.14,5.95,6,1157705
SFX,20200122,0.305,0.305,0.29,0.3,99943
SFY,20200122,64.8,65.53,64.8,65.47,4921
SGF,20200122,2.36,2.37,2.31,2.31,164125
SGH,20200122,1.05,1.05,1.01,1.01,17204
SGM,20200122,11.36,11.83,11.34,11.8,629466
SGP,20200122,4.99,5.02,4.955,4.99,4844621
SGQ,20200122,0.14,0.14,0.13,0.135,920641
SGR,20200122,4.5,4.5,4.41,4.43,2994389
SHJ,20200122,0.955,0.98,0.945,0.98,32471
SHL,20200122,31.25,31.56,31.19,31.44,863851
SHM,20200122,0.7,0.7,0.697,0.697,104822
SHO,20200122,0.034,0.034,0.034,0.034,65000
SHV,20200122,8.2,8.35,8.19,8.29,344012
SIG,20200122,0.605,0.605,0.59,0.6,530771
SIH,20200122,0.016,0.016,0.016,0.016,57148
SIL,20200122,0.053,0.053,0.048,0.052,224000
SIQ,20200122,6.93,7.03,6.9,6.95,1169353
SIS,20200122,0.019,0.019,0.018,0.018,157786
SIT,20200122,0.064,0.064,0.064,0.064,12300
SIV,20200122,0.65,0.65,0.64,0.645,28707
SKC,20200122,3.94,3.95,3.9,3.93,271342
SKI,20200122,2.15,2.16,2.13,2.14,4895534
SKN,20200122,0.015,0.015,0.012,0.015,165300
SKO,20200122,5.48,5.52,5.31,5.34,35267
SKT,20200122,0.705,0.705,0.69,0.69,84176
SKY,20200122,0.125,0.125,0.11,0.12,537276
SLC,20200122,0.86,0.86,0.82,0.85,1252518
SLF,20200122,14.75,14.78,14.69,14.77,67772
SLK,20200122,4.45,4.54,4.34,4.34,213201
SLM,20200122,0.84,0.845,0.84,0.845,18456
SLR,20200122,1.485,1.567,1.485,1.53,15455652
SLX,20200122,0.385,0.385,0.37,0.375,95354
SLZ,20200122,0.067,0.072,0.067,0.07,362186
SM1,20200122,8.31,8.46,8.28,8.46,85794
SM8,20200122,0.064,0.064,0.06,0.06,354040
SMI,20200122,0.004,0.004,0.003,0.004,22096833
SMN,20200122,0.885,0.885,0.87,0.87,33903
SMP,20200122,0.495,0.505,0.495,0.505,625088
SMR,20200122,1.015,1.025,1.015,1.02,289111
SMX,20200122,0.4,0.4,0.4,0.4,37894
SNC,20200122,0.84,0.84,0.83,0.835,145511
SND,20200122,0.435,0.435,0.415,0.435,31417
SNL,20200122,4.35,4.36,4.35,4.36,1200
SNS,20200122,0.11,0.11,0.105,0.105,32642
SNZ,20200122,8.62,8.62,8.62,8.62,141
SO4,20200122,0.73,0.76,0.72,0.72,17628
SOL,20200122,22.25,22.49,22.11,22.46,314179
SOM,20200122,2.76,2.77,2.75,2.76,5091
SOP,20200122,0.045,0.045,0.04,0.04,62000
SOR,20200122,0.08,0.08,0.079,0.08,69887
SP3,20200122,0.105,0.105,0.105,0.105,23000
SPK,20200122,4.38,4.47,4.38,4.46,1215513
SPL,20200122,1.175,1.19,1.16,1.19,101621
SPQ,20200122,0.005,0.005,0.005,0.005,641602
SPT,20200122,0.66,0.66,0.645,0.645,770563
SPX,20200122,0.086,0.087,0.085,0.085,1085796
SPY,20200122,481.3,486.7,481.3,486.52,230
SPZ,20200122,0.24,0.24,0.235,0.24,346191
SRG,20200122,0.36,0.36,0.355,0.357,237434
SRI,20200122,0.073,0.073,0.073,0.073,9167
SRK,20200122,0.053,0.057,0.053,0.056,755395
SRN,20200122,0.002,0.002,0.002,0.002,2536251
SRV,20200122,4.4,4.4,4.365,4.4,268251
SRY,20200122,0.012,0.012,0.012,0.012,200000
SSG,20200122,0.665,0.67,0.665,0.665,10043
SSM,20200122,2.76,2.78,2.72,2.75,1749557
SST,20200122,12.5,12.5,12.5,12.5,495
ST1,20200122,0.2,0.2,0.195,0.2,148831
STA,20200122,0.115,0.115,0.115,0.115,10701
STG,20200122,1.42,1.46,1.41,1.45,24014
STM,20200122,0.018,0.019,0.016,0.016,6731094
STN,20200122,0.39,0.4,0.39,0.4,26629
STO,20200122,8.95,8.98,8.82,8.95,4111553
STW,20200122,65.41,66.06,65.34,65.96,194728
STX,20200122,0.21,0.21,0.2,0.2,1769923
SUD,20200122,0.06,0.06,0.06,0.06,44666
SUH,20200122,0.025,0.025,0.025,0.025,10000
SUL,20200122,9.28,9.34,9.05,9.31,2062215
SUN,20200122,13.16,13.37,13.11,13.32,2936439
SVD,20200122,0.009,0.009,0.009,0.009,819800
SVL,20200122,0.11,0.11,0.105,0.105,2228149
SVM,20200122,0.12,0.12,0.12,0.12,70001
SVW,20200122,21.19,21.96,21.15,21.91,1123717
SVY,20200122,0.91,0.92,0.865,0.89,176858
SW1,20200122,0.089,0.089,0.083,0.083,575303
SWF,20200122,0.145,0.15,0.14,0.14,365185
SWK,20200122,0.17,0.17,0.17,0.17,57596
SWM,20200122,0.29,0.295,0.28,0.29,3839996
SXE,20200122,0.6,0.635,0.6,0.63,502759
SXL,20200122,0.915,0.932,0.907,0.925,1348147
SXY,20200122,0.345,0.355,0.34,0.35,4310169
SYA,20200122,0.018,0.019,0.018,0.019,3018367
SYD,20200122,8.65,8.68,8.58,8.59,8379235
SYI,20200122,30.485,30.78,30.485,30.78,8490
SYR,20200122,0.575,0.63,0.565,0.625,6525301
SYT,20200122,0.001,0.001,0.001,0.001,1000000
SZL,20200122,1.995,2.01,1.94,1.955,298747
TAH,20200122,4.73,4.77,4.71,4.75,4239409
TAM,20200122,0.039,0.04,0.039,0.039,264051
TAO,20200122,0.115,0.12,0.115,0.12,56551
TAP,20200122,0.12,0.12,0.115,0.115,45179
TAR,20200122,0.014,0.015,0.013,0.013,2071200
TAS,20200122,0.045,0.047,0.045,0.046,291250
TBR,20200122,5.85,6.06,5.84,5.9,62495
TCL,20200122,15.76,15.915,15.76,15.85,4822772
TCN,20200122,0.036,0.036,0.031,0.035,625000
TD1,20200122,0.05,0.058,0.05,0.055,28345115
TDI,20200122,1.74,1.76,1.705,1.75,279091
TEG,20200122,0.053,0.053,0.052,0.052,142356
TEK,20200122,0.29,0.29,0.29,0.29,65129
TER,20200122,0.305,0.32,0.305,0.32,35000
TGA,20200122,0.225,0.225,0.215,0.215,280590
TGF,20200122,2.05,2.08,2.02,2.05,102704
TGG,20200122,1.355,1.36,1.355,1.355,433519
TGH,20200122,0.16,0.16,0.16,0.16,232406
TGM,20200122,0.19,0.195,0.19,0.195,18190
TGN,20200122,0.165,0.165,0.155,0.16,225653
TGO,20200122,0.19,0.19,0.19,0.19,2731
TGP,20200122,1.09,1.1,1.09,1.1,42829
TGR,20200122,4.48,4.5,4.38,4.41,957268
THC,20200122,0.43,0.435,0.405,0.41,846168
TIE,20200122,0.265,0.265,0.265,0.265,177093
TIP,20200122,0.75,0.75,0.75,0.75,18642
TLG,20200122,0.45,0.45,0.445,0.445,26872
TLM,20200122,0.1,0.105,0.1,0.105,182388
TLS,20200122,3.88,3.9,3.865,3.89,15583734
TLT,20200122,3.29,3.29,3.25,3.25,1206
TLX,20200122,1.47,1.47,1.44,1.45,623536
TMR,20200122,0.25,0.25,0.25,0.25,56400
TMT,20200122,0.125,0.125,0.12,0.125,204251
TMX,20200122,0.004,0.004,0.004,0.004,180000
TNE,20200122,8.77,8.9,8.71,8.83,1015122
TNG,20200122,0.087,0.087,0.087,0.087,193893
TNK,20200122,1.32,1.39,1.315,1.315,94032
TNR,20200122,0.01,0.01,0.009,0.009,250816
TNT,20200122,0.089,0.092,0.085,0.085,5845921
TNY,20200122,2.54,2.62,2.54,2.56,34292
TOE,20200122,0.008,0.008,0.008,0.008,5726840
TON,20200122,0.034,0.035,0.034,0.034,623484
TOP,20200122,0.68,0.68,0.67,0.67,319288
TOT,20200122,1.055,1.055,1.05,1.055,28154
TOU,20200122,0.082,0.082,0.081,0.081,43858
TPM,20200122,6.94,7.02,6.87,7,1022219
TPW,20200122,2.97,3.07,2.96,3.07,266750
TRL,20200122,0.001,0.002,0.001,0.002,1000000
TRS,20200122,4,4.02,3.88,3.95,114658
TRT,20200122,0.021,0.022,0.021,0.022,4528
TRY,20200122,0.099,0.105,0.099,0.105,487213
TSC,20200122,0.009,0.009,0.008,0.008,13898952
TSL,20200122,0.02,0.02,0.018,0.019,2199950
TTI,20200122,0.015,0.015,0.014,0.014,2474687
TTT,20200122,0.9,0.9,0.83,0.86,345668
TWD,20200122,3.45,3.45,3.39,3.39,98670
TWE,20200122,17.72,17.72,17.42,17.63,8372151
TWR,20200122,0.685,0.685,0.655,0.675,19987
TYR,20200122,3.57,3.7,3.56,3.69,1966828
TYX,20200122,0.002,0.002,0.002,0.002,80000
TZL,20200122,0.15,0.15,0.12,0.13,379624
TZN,20200122,0.032,0.032,0.03,0.03,168848
UBA,20200122,23.59,23.62,23.58,23.58,1593
UBI,20200122,0.175,0.175,0.175,0.175,1190
UBN,20200122,0.06,0.06,0.06,0.06,139600
UBW,20200122,31.42,31.65,31.42,31.65,1343
UCW,20200122,0.245,0.245,0.24,0.24,99999
UNL,20200122,0.04,0.04,0.039,0.039,97000
UOS,20200122,0.85,0.855,0.85,0.85,124443
URF,20200122,0.585,0.585,0.57,0.57,416797
URW,20200122,10.65,10.71,10.63,10.69,1539213
USD,20200122,14.19,14.22,14.19,14.2,41039
UUV,20200122,0.003,0.004,0.003,0.003,1220000
UWL,20200122,1.54,1.55,1.525,1.54,272926
VAE,20200122,72.54,72.54,71.7,72.25,8673
VAF,20200122,52.19,52.27,52.16,52.24,57590
VAH,20200122,0.15,0.15,0.145,0.15,77564
VAL,20200122,0.004,0.004,0.004,0.004,6040248
VAN,20200122,0.155,0.16,0.155,0.16,155015
VAP,20200122,94.55,94.88,94.14,94.88,82232
VAR,20200122,0.029,0.029,0.029,0.029,12500
VAS,20200122,89.54,90.42,89.46,90.28,135988
VCF,20200122,50.41,50.55,50.41,50.41,2777
VCX,20200122,2.56,2.56,2.52,2.54,7639145
VEA,20200122,1.845,1.87,1.83,1.85,3527019
VEE,20200122,0.47,0.47,0.47,0.47,37027
VEN,20200122,0.18,0.18,0.18,0.18,5555
VEQ,20200122,61.46,61.81,61.46,61.79,6429
VEU,20200122,79.6,79.89,79.31,79.89,24337
VG1,20200122,2.21,2.23,2.21,2.21,127348
VG8,20200122,2.31,2.31,2.3,2.3,90291
VGB,20200122,53.14,53.23,53.12,53.21,26744
VGE,20200122,73.2,73.89,73.1,73.75,11829
VGI,20200122,12.31,12.4,12.3,12.35,8076
VGL,20200122,3.65,3.69,3.45,3.49,193968
VGS,20200122,84.79,85.24,84.75,85.24,51199
VHT,20200122,1.83,1.845,1.815,1.84,396996
VHY,20200122,62.66,63.34,62.66,63.25,95335
VIF,20200122,50.43,50.56,50.43,50.49,23482
VLC,20200122,72.17,72.55,72.17,72.55,578
VLT,20200122,0.355,0.375,0.355,0.37,269805
VMC,20200122,0.18,0.18,0.18,0.18,3504
VML,20200122,0.011,0.012,0.011,0.012,386681
VMS,20200122,0.017,0.018,0.017,0.018,875292
VMT,20200122,0.295,0.32,0.29,0.32,1435823
VMX,20200122,0.27,0.27,0.27,0.27,8000
VMY,20200122,0.045,0.047,0.045,0.047,178467
VOC,20200122,3.29,3.31,3.24,3.31,1433760
VOL,20200122,1.8,1.8,1.8,1.8,20892
VOR,20200122,0.01,0.01,0.009,0.01,1603459
VR1,20200122,0.024,0.024,0.023,0.023,109000
VR8,20200122,0.027,0.027,0.026,0.026,526947
VRC,20200122,0.012,0.012,0.012,0.012,169458
VRL,20200122,3.84,3.9,3.84,3.9,50597
VRS,20200122,0.062,0.062,0.062,0.062,12500
VRT,20200122,4.35,4.38,4.33,4.35,247654
VRX,20200122,0.097,0.097,0.094,0.094,126250
VSO,20200122,62.71,62.99,62.39,62.91,9339
VTG,20200122,1.215,1.22,1.18,1.185,86207
VTH,20200122,0.77,0.775,0.765,0.77,2260536
VTI,20200122,0.042,0.042,0.041,0.041,981157
VTS,20200122,246.04,247.3,245.82,247.25,10026
VUK,20200122,3.25,3.27,3.22,3.27,2136704
VUL,20200122,0.21,0.23,0.205,0.21,797204
VVA,20200122,2.89,2.89,2.84,2.85,200110
VVR,20200122,2.7,2.75,2.7,2.75,1558366
VXR,20200122,0.11,0.11,0.1,0.1,567855
VYS,20200122,0.066,0.066,0.066,0.066,425527
WAA,20200122,1.08,1.085,1.08,1.085,18493
WAF,20200122,0.43,0.435,0.425,0.43,722239
WAM,20200122,2.28,2.29,2.27,2.28,639516
WAT,20200122,2.15,2.15,2.15,2.15,1150
WAX,20200122,1.465,1.48,1.465,1.47,113288
WBA,20200122,1.985,1.99,1.98,1.985,484522
WBC,20200122,25.17,25.22,24.98,25.14,9410824
WBE,20200122,0.012,0.012,0.012,0.012,6935473
WBT,20200122,0.4,0.415,0.395,0.405,78886
WEB,20200122,13.65,13.75,13.5,13.69,747827
WEC,20200122,0.096,0.105,0.096,0.105,116901
WES,20200122,44.54,44.9,44.36,44.77,2004763
WGB,20200122,2.26,2.28,2.25,2.26,231220
WGN,20200122,2.4,2.43,2.37,2.39,105139
WGO,20200122,0.225,0.23,0.22,0.23,1233828
WGX,20200122,2.34,2.34,2.28,2.32,682119
WHC,20200122,2.52,2.535,2.47,2.52,6344809
WHF,20200122,5.26,5.32,5.26,5.32,17586
WHK,20200122,0.077,0.079,0.077,0.079,181214
WIC,20200122,1.145,1.145,1.145,1.145,50001
WJA,20200122,0.11,0.11,0.11,0.11,51340
WKT,20200122,0.19,0.19,0.19,0.19,21626
WLD,20200122,0.058,0.058,0.058,0.058,57000
WLE,20200122,1.275,1.285,1.275,1.28,984867
WMI,20200122,1.49,1.505,1.485,1.49,223968
WNB,20200122,0.009,0.009,0.009,0.009,1313599
WND,20200122,0.945,0.95,0.945,0.945,223749
WNR,20200122,0.28,0.285,0.28,0.28,87500
WOR,20200122,15.96,16.01,15.85,15.93,805465
WOW,20200122,40.76,41.32,40.27,41.32,6056729
WPL,20200122,35.34,35.94,35.26,35.83,2024560
WPP,20200122,0.575,0.585,0.575,0.585,330207
WQG,20200122,1.23,1.235,1.23,1.235,269983
WSA,20200122,2.85,2.91,2.84,2.86,2913797
WSI,20200122,0.024,0.026,0.024,0.025,1289407
WSP,20200122,1.49,1.5,1.46,1.46,81621
WTC,20200122,24.48,25.2,24.37,25,765268
WTL,20200122,0.048,0.048,0.048,0.048,2927
WWG,20200122,0.165,0.175,0.165,0.175,160970
WWI,20200122,0.011,0.011,0.01,0.011,1148288
WZR,20200122,0.235,0.285,0.235,0.28,22475910
XAM,20200122,0.037,0.038,0.037,0.037,99200
XCD,20200122,0.015,0.016,0.012,0.012,60837298
XF1,20200122,0.325,0.335,0.325,0.335,131295
XPL,20200122,0.072,0.072,0.072,0.072,28311
XRF,20200122,0.245,0.245,0.245,0.245,40405
XRO,20200122,83.18,85.71,83.18,85.45,325015
XST,20200122,0.004,0.004,0.004,0.004,2750000
XTD,20200122,0.042,0.043,0.042,0.043,71077
XTE,20200122,0.685,0.685,0.64,0.64,55255
YAL,20200122,2.86,2.9,2.86,2.9,10427
YBR,20200122,0.088,0.088,0.084,0.084,392388
YOJ,20200122,0.055,0.055,0.052,0.053,670976
YOW,20200122,0.064,0.065,0.064,0.065,182503
YPB,20200122,0.004,0.004,0.004,0.004,165319
Z1P,20200122,3.74,4.05,3.73,4.02,6830328
ZEL,20200122,4.6,4.6,4.48,4.56,53773
ZEN,20200122,0.7,0.73,0.7,0.72,117496
ZER,20200122,0.29,0.29,0.29,0.29,3300
ZGL,20200122,0.086,0.086,0.086,0.086,18655
ZIM,20200122,12.5,12.5,12.2,12.49,1394
ZIP,20200122,0.017,0.017,0.017,0.017,80000
ZLD,20200122,0.061,0.065,0.06,0.063,1683091
ZNO,20200122,0.64,0.64,0.565,0.565,3688154
XAF,20200122,6960.6,7040.1,6956.1,7026.9,0
XAO,20200122,7180.5,7260,7176.8,7249,0
XAT,20200122,7012.7,7090.5,7008.7,7078.3,0
XDJ,20200122,2827.8,2857.1,2827.8,2851.4,0
XEC,20200122,1615.1,1628,1615.2,1628,0
XEJ,20200122,11993.7,12122.7,11929.7,12095.1,0
XFJ,20200122,6209.9,6275.8,6201.6,6264.8,0
XFL,20200122,7017.5,7095.2,7012.5,7081.9,0
XGD,20200122,7339.6,7374.3,7242.8,7282.7,0
XHJ,20200122,44454.7,45196.1,44379.5,45088.6,0
XIJ,20200122,1516.8,1543,1516.8,1540.8,0
XJO,20200122,7066.3,7144.9,7062.2,7132.7,0
XJR,20200122,5215.2,5251.2,5186.8,5240.8,0
XKO,20200122,7022.1,7099.5,7018.2,7088,0
XMD,20200122,7581.3,7672.6,7574.8,7662.5,0
XMJ,20200122,14694.5,14797.3,14604.9,14763.8,0
XMM,20200122,4793.2,4821.6,4759,4809,0
XNJ,20200122,7250.7,7308,7236.4,7278.4,0
XPJ,20200122,1662.8,1679.6,1662.7,1675.7,0
XSJ,20200122,13245.6,13635,13245.6,13635,0
XSO,20200122,3045.3,3074.4,3042.5,3073.2,0
XTJ,20200122,1369.9,1382,1369.9,1378.7,0
XTL,20200122,3888,3927.8,3883.2,3920.7,0
XTO,20200122,5857.6,5923.2,5854.1,5912.6,0
XUJ,20200122,8267.8,8295.1,8188.7,8275.4,0
XXJ,20200122,6926.1,6999.7,6916.9,6987.3,0
