360,20200323,1.675,1.675,1.51,1.6,141442
14D,20200323,0.115,0.115,0.095,0.098,195629
1AD,20200323,0.047,0.047,0.047,0.047,200000
1ST,20200323,0.025,0.025,0.018,0.018,1389309
2BE,20200323,0.085,0.085,0.085,0.085,820
3DA,20200323,0.07,0.071,0.064,0.064,305000
3DP,20200323,0.02,0.023,0.019,0.019,1318494
3PL,20200323,0.695,0.73,0.695,0.73,25327
4DS,20200323,0.03,0.03,0.027,0.028,1127561
5GN,20200323,0.6,0.6,0.54,0.59,313057
88E,20200323,0.014,0.015,0.013,0.013,13538133
8CO,20200323,0.049,0.049,0.045,0.045,32240
8IH,20200323,0.075,0.075,0.075,0.075,10000
8VI,20200323,0.255,0.255,0.25,0.25,1907
9SP,20200323,0.01,0.011,0.008,0.009,2039390
A1G,20200323,0.04,0.04,0.04,0.04,8192
A2B,20200323,0.71,0.71,0.6,0.655,168730
A2M,20200323,15.16,15.72,14.64,15.4,6604841
A3D,20200323,0.075,0.076,0.07,0.076,108579
A4N,20200323,0.125,0.125,0.093,0.093,3032367
AAA,20200323,50.1,50.12,50.1,50.1,422542
AAC,20200323,0.98,1.02,0.945,1.01,4067156
AAJ,20200323,0.001,0.001,0.001,0.001,2105000
AAR,20200323,0.091,0.091,0.077,0.082,672748
ABA,20200323,4.1,4.1,3.3,3.43,66547
ABC,20200323,2,2,1.77,1.835,2279084
ABL,20200323,0.001,0.001,0.001,0.001,2850
ABP,20200323,2.42,2.48,1.955,1.955,2821631
ABR,20200323,0.17,0.17,0.145,0.145,1029701
ABV,20200323,0.015,0.015,0.015,0.015,150000
ABX,20200323,0.086,0.086,0.086,0.086,42455
AC8,20200323,0.17,0.17,0.15,0.15,1020000
ACB,20200323,0.004,0.004,0.004,0.004,34522
ACF,20200323,0.175,0.175,0.13,0.13,492242
ACQ,20200323,0.84,0.84,0.75,0.75,86094
ACR,20200323,0.115,0.115,0.11,0.11,63724
ACU,20200323,0.078,0.078,0.052,0.052,77570
ACW,20200323,0.017,0.017,0.016,0.016,794519
AD8,20200323,2.81,2.86,2.51,2.51,1136724
ADA,20200323,0.38,0.38,0.3,0.32,159403
ADH,20200323,0.6,0.6,0.44,0.495,2845889
ADI,20200323,1.89,1.905,1.725,1.735,605597
ADJ,20200323,0.01,0.01,0.008,0.01,2284468
ADN,20200323,0.024,0.024,0.021,0.021,14576457
ADO,20200323,0.014,0.014,0.01,0.012,2561932
ADR,20200323,0.023,0.023,0.017,0.017,134000
ADT,20200323,0.88,0.88,0.805,0.805,1232864
ADX,20200323,0.004,0.004,0.004,0.004,500000
ADY,20200323,0.005,0.005,0.005,0.005,11141
AEE,20200323,0.004,0.004,0.003,0.003,25621134
AEF,20200323,2.2,2.2,2.04,2.07,165349
AEG,20200323,1.01,1.01,0.92,0.945,254174
AEI,20200323,0.52,0.52,0.43,0.435,739539
AFG,20200323,1.125,1.15,0.95,0.95,696922
AFI,20200323,5.1,5.14,4.77,4.94,1468065
AFL,20200323,0.097,0.097,0.092,0.092,180500
AFR,20200323,0.013,0.013,0.013,0.013,42300
AGD,20200323,0.16,0.16,0.16,0.16,1250
AGG,20200323,5.97,5.97,5.2,5.2,24953
AGH,20200323,0.17,0.17,0.15,0.155,1395306
AGI,20200323,0.39,0.405,0.33,0.35,290189
AGJ,20200323,0.03,0.03,0.03,0.03,100000
AGL,20200323,15.56,16.05,15.23,15.45,4324059
AGM,20200323,1.39,1.39,1.39,1.39,23194
AGR,20200323,0.073,0.073,0.07,0.07,123331
AGS,20200323,0.09,0.09,0.09,0.09,30000
AGY,20200323,0.031,0.031,0.026,0.026,2246370
AHF,20200323,0.067,0.067,0.065,0.065,677491
AHL,20200323,0.003,0.003,0.003,0.003,1035000
AHQ,20200323,0.067,0.067,0.062,0.062,449734
AHX,20200323,0.41,0.43,0.35,0.43,39800
AHY,20200323,0.935,0.965,0.86,0.91,1458958
AHZ,20200323,3.89,3.89,3.3,3.48,5539
AIA,20200323,4.42,4.57,4.17,4.5,1314023
AIQ,20200323,0.1,0.1,0.1,0.1,388178
AIS,20200323,0.031,0.032,0.03,0.03,309355
AIZ,20200323,0.92,0.925,0.8,0.84,1495499
AJJ,20200323,0.041,0.041,0.039,0.039,18576
AJL,20200323,0.046,0.046,0.04,0.04,115000
AJM,20200323,0.031,0.033,0.027,0.029,4631857
AJQ,20200323,0.028,0.028,0.024,0.024,1246049
AJX,20200323,0.038,0.038,0.028,0.028,768971
AKG,20200323,0.24,0.24,0.215,0.215,33982
AKM,20200323,0.056,0.056,0.056,0.056,15000
AKP,20200323,10.81,11.79,9.72,10.47,15673
ALC,20200323,0.11,0.11,0.099,0.1,5848789
ALF,20200323,0.82,0.83,0.765,0.81,1377331
ALG,20200323,0.18,0.185,0.105,0.125,8576323
ALI,20200323,1.8,1.8,1.52,1.61,393934
ALK,20200323,0.71,0.74,0.545,0.57,13011570
ALL,20200323,15.84,16.24,15.39,15.44,5384366
ALQ,20200323,4.92,5.37,4.77,4.93,4245208
ALU,20200323,24.9,25.49,23.55,24.67,1630137
ALX,20200323,4.42,4.73,3.51,4.33,11876470
ALY,20200323,0.01,0.01,0.01,0.01,356200
AMA,20200323,0.215,0.215,0.155,0.165,11332374
AMB,20200323,0.06,0.06,0.06,0.06,12223
AMC,20200323,11.73,12.03,11.505,11.77,9939586
AMD,20200323,0.005,0.005,0.004,0.004,1399046
AME,20200323,0.051,0.051,0.046,0.049,621815
AMG,20200323,0.042,0.044,0.036,0.04,989780
AMH,20200323,0.735,0.735,0.7,0.735,163627
AMI,20200323,0.225,0.225,0.205,0.21,6088940
AML,20200323,0.071,0.071,0.057,0.065,993446
AMN,20200323,0.2,0.205,0.185,0.205,747058
AMO,20200323,0.047,0.047,0.04,0.04,803000
AMP,20200323,1.205,1.235,1.1,1.14,36777505
AMS,20200323,0.285,0.3,0.24,0.295,936432
AMX,20200323,0.9,0.9,0.7,0.86,100190
ANA,20200323,0.005,0.005,0.005,0.005,100000
ANG,20200323,0.125,0.125,0.105,0.11,221854
ANL,20200323,0.002,0.002,0.001,0.001,1750000
ANN,20200323,20.81,22.02,20.19,21.43,792485
ANP,20200323,0.037,0.037,0.029,0.03,3045938
ANR,20200323,0.19,0.19,0.17,0.17,32896
ANW,20200323,0.001,0.001,0.001,0.001,500000
ANZ,20200323,14.95,15.41,14.1,14.1,18966556
AOF,20200323,1.825,1.825,1.5,1.5,1430075
AON,20200323,0.012,0.012,0.012,0.012,200000
AOP,20200323,0.16,0.16,0.135,0.135,148700
AOU,20200323,0.03,0.03,0.03,0.03,115300
APA,20200323,9,9.42,8.52,9.16,4810640
APC,20200323,0.065,0.068,0.065,0.066,120475
APD,20200323,0.4,0.4,0.35,0.38,140149
APE,20200323,3.49,3.49,2.5,3.05,2282313
APG,20200323,0.001,0.001,0.001,0.001,15000
APH,20200323,0.08,0.08,0.066,0.066,34920
API,20200323,1.08,1.105,1.04,1.095,2082060
APL,20200323,0.85,0.85,0.79,0.805,2138453
APT,20200323,9.96,10.4,8.01,8.9,18875305
APV,20200323,0.12,0.12,0.095,0.11,794385
APW,20200323,1.1,1.1,1,1,49250
APX,20200323,17,18.09,16.24,17.45,2199791
APZ,20200323,0.84,0.84,0.84,0.84,48683
AQC,20200323,0.12,0.12,0.12,0.12,12200
AQG,20200323,4.35,4.41,4.2,4.39,741190
AQI,20200323,0.036,0.036,0.029,0.03,795000
AQR,20200323,2.78,2.78,2.39,2.47,207485
AQX,20200323,0.018,0.019,0.013,0.014,10580976
AQZ,20200323,1.3,1.305,0.977,1.055,1237847
ARA,20200323,0.5,0.5,0.5,0.5,1078733
ARB,20200323,12.2,12.41,10.4,10.81,1275193
ARD,20200323,0.011,0.011,0.009,0.009,2549687
ARE,20200323,0.003,0.003,0.003,0.003,224020
ARF,20200323,1.3,1.435,1.2,1.41,1881114
ARG,20200323,6,6.1,5.46,5.54,1300657
ARL,20200323,0.19,0.19,0.17,0.175,126705
ARM,20200323,0.005,0.005,0.005,0.005,1000000
ARN,20200323,0.082,0.082,0.082,0.082,121951
ARQ,20200323,0.071,0.072,0.068,0.068,413692
ARS,20200323,0.013,0.013,0.011,0.012,3860000
ARU,20200323,0.055,0.055,0.046,0.048,2500953
ARV,20200323,0.018,0.018,0.015,0.016,3758105
AS1,20200323,0.115,0.115,0.11,0.11,5300
ASB,20200323,2.5,2.53,2.25,2.31,2144539
ASG,20200323,0.8,0.8,0.77,0.77,25636
ASH,20200323,0.26,0.26,0.24,0.24,42115
ASN,20200323,0.019,0.019,0.016,0.016,4428905
ASQ,20200323,0.03,0.035,0.03,0.035,26800
AST,20200323,1.6,1.675,1.58,1.65,16514914
ASW,20200323,0.6,0.6,0.6,0.6,4328
ASX,20200323,66,71.91,65.005,69.29,1208877
ATC,20200323,0.034,0.034,0.023,0.027,4770599
ATH,20200323,0.017,0.017,0.012,0.012,799270
ATL,20200323,0.09,0.09,0.079,0.085,229036
ATS,20200323,0.012,0.012,0.008,0.008,24332916
ATU,20200323,0.135,0.135,0.11,0.12,559086
ATX,20200323,0.05,0.05,0.046,0.046,18193
AU1,20200323,0.041,0.041,0.038,0.038,61528
AU8,20200323,0.04,0.04,0.032,0.034,1532277
AUB,20200323,10.98,11.64,10.96,11.42,312227
AUC,20200323,0.011,0.011,0.01,0.01,126498
AUI,20200323,6.78,6.81,6.42,6.5,38637
AUQ,20200323,0.018,0.018,0.017,0.017,384512
AUR,20200323,0.011,0.014,0.011,0.014,360507
AUT,20200323,0.016,0.016,0.013,0.014,6172611
AUZ,20200323,0.008,0.008,0.006,0.006,20420684
AVA,20200323,0.09,0.09,0.08,0.082,405000
AVE,20200323,0.003,0.003,0.002,0.002,6653333
AVG,20200323,0.34,0.345,0.3,0.32,552540
AVH,20200323,0.38,0.38,0.325,0.36,27754586
AVJ,20200323,0.4,0.4,0.34,0.34,209326
AVL,20200323,0.008,0.008,0.007,0.007,16608193
AVN,20200323,1.52,1.575,1.38,1.415,2231807
AVZ,20200323,0.046,0.046,0.043,0.045,13371828
AWC,20200323,1.355,1.475,1.31,1.45,19173558
AWV,20200323,0.007,0.007,0.005,0.005,2753057
AWY,20200323,0.031,0.031,0.03,0.03,106700
AX1,20200323,0.685,0.715,0.555,0.56,4181043
AX8,20200323,0.019,0.019,0.019,0.019,51000
AXE,20200323,0.15,0.17,0.13,0.13,678914
AYF,20200323,4.75,4.75,4,4,5658
AYR,20200323,0.001,0.001,0.001,0.001,920000
AYS,20200323,0.25,0.26,0.25,0.255,254024
AZI,20200323,0.003,0.003,0.002,0.002,4083455
AZJ,20200323,3.38,3.89,3.38,3.81,20790251
AZS,20200323,0.071,0.071,0.05,0.05,444528
AZV,20200323,0.065,0.065,0.05,0.05,2491196
AZY,20200323,0.011,0.012,0.011,0.012,1391609
BAF,20200323,0.65,0.65,0.58,0.59,754933
BAP,20200323,3.71,3.71,3.01,3.18,3078039
BAR,20200323,0.015,0.015,0.015,0.015,50000
BAS,20200323,0.001,0.001,0.001,0.001,9289562
BAT,20200323,0.006,0.006,0.005,0.005,2043775
BBC,20200323,0.44,0.44,0.44,0.44,81500
BBL,20200323,0.4,0.4,0.37,0.4,15825
BBN,20200323,1.61,1.715,1.515,1.6,1102403
BBX,20200323,0.1,0.1,0.09,0.09,317828
BC8,20200323,0.245,0.25,0.2,0.2,186437
BCB,20200323,0.031,0.031,0.028,0.028,1759768
BCC,20200323,0.18,0.18,0.18,0.18,42777
BCI,20200323,0.11,0.11,0.099,0.105,759076
BCK,20200323,0.02,0.02,0.02,0.02,30000
BCN,20200323,0.027,0.027,0.022,0.023,8193320
BCT,20200323,0.063,0.063,0.049,0.054,1219175
BD1,20200323,0.021,0.021,0.019,0.019,5489077
BDA,20200323,0.15,0.16,0.135,0.14,204973
BDC,20200323,0.048,0.048,0.044,0.047,3889182
BDG,20200323,0.063,0.063,0.06,0.06,51670
BEE,20200323,0.008,0.008,0.008,0.008,463398
BEM,20200323,0.026,0.026,0.026,0.026,149733
BEN,20200323,6,6.04,5.58,5.67,5502489
BET,20200323,0.135,0.135,0.081,0.081,11352543
BFC,20200323,0.065,0.066,0.06,0.066,494418
BFG,20200323,0.615,0.62,0.51,0.52,664940
BGA,20200323,4.04,4.31,3.84,4.14,2039737
BGT,20200323,0.125,0.125,0.105,0.105,155000
BHP,20200323,26,28.05,25.69,27.03,17806553
BID,20200323,0.46,0.46,0.39,0.41,504750
BIN,20200323,1.75,1.905,1.47,1.82,6967717
BIQ,20200323,0.007,0.007,0.007,0.007,691576
BIS,20200323,0.7,0.7,0.61,0.62,87042
BIT,20200323,0.079,0.079,0.066,0.068,7254464
BKI,20200323,1.1,1.125,1.03,1.05,873336
BKL,20200323,64.23,66.83,60,66.27,196284
BKT,20200323,0.028,0.03,0.028,0.03,251598
BKW,20200323,14.58,15.06,13.69,14.84,491502
BKY,20200323,0.145,0.145,0.145,0.145,1704
BLD,20200323,2.06,2.06,1.78,1.79,14086045
BLG,20200323,0.028,0.03,0.025,0.026,630222
BLK,20200323,0.008,0.009,0.008,0.008,20610038
BLT,20200323,0.024,0.026,0.022,0.022,306403
BLU,20200323,0.016,0.017,0.015,0.015,1744783
BLX,20200323,0.575,0.575,0.44,0.44,120222
BLY,20200323,0.5,0.5,0.48,0.48,58048
BLZ,20200323,0.006,0.006,0.006,0.006,300000
BMG,20200323,0.002,0.002,0.001,0.001,1750000
BMN,20200323,0.016,0.018,0.015,0.018,3784915
BNL,20200323,0.004,0.004,0.004,0.004,4925196
BNO,20200323,0.039,0.04,0.034,0.034,1043194
BNR,20200323,0.015,0.015,0.014,0.014,346443
BOC,20200323,0.185,0.185,0.165,0.165,51342
BOE,20200323,0.034,0.035,0.033,0.033,1662166
BOL,20200323,0.1,0.1,0.072,0.08,162500
BOQ,20200323,5.25,5.28,4.85,4.85,5697196
BOT,20200323,0.07,0.07,0.065,0.067,1863224
BPL,20200323,0.012,0.012,0.012,0.012,41750
BPT,20200323,0.985,1.057,0.945,0.95,18557965
BRB,20200323,0.12,0.12,0.092,0.098,1022033
BRG,20200323,11.37,11.37,10,10.8,1311699
BRK,20200323,0.005,0.005,0.002,0.003,4837302
BRL,20200323,0.055,0.055,0.039,0.039,4186475
BRN,20200323,0.034,0.041,0.032,0.035,9298981
BRU,20200323,0.068,0.07,0.062,0.065,791363
BRV,20200323,0.014,0.014,0.013,0.014,2888837
BSA,20200323,0.26,0.26,0.24,0.25,143793
BSE,20200323,0.14,0.14,0.135,0.135,40206
BSL,20200323,8.7,8.81,8.03,8.14,3453343
BSR,20200323,0.012,0.012,0.011,0.011,4666438
BSX,20200323,0.085,0.09,0.08,0.084,2025723
BTH,20200323,0.4,0.4,0.31,0.31,4382748
BTI,20200323,0.555,0.6,0.52,0.6,253578
BUB,20200323,0.53,0.535,0.505,0.525,3826474
BUD,20200323,0.009,0.009,0.007,0.008,6416594
BUG,20200323,0.14,0.14,0.14,0.14,60000
BUX,20200323,0.05,0.05,0.042,0.045,177286
BUY,20200323,0.006,0.006,0.006,0.006,731500
BVS,20200323,3,3.11,2.92,3.05,2985039
BWF,20200323,0.355,0.355,0.32,0.32,63767
BWP,20200323,2.74,2.96,2.59,2.73,2836178
BWR,20200323,1.05,1.05,1,1,214634
BWX,20200323,2.58,2.64,2.4,2.54,841715
BXB,20200323,9.42,10.38,9.41,10.08,11972613
BYE,20200323,0.12,0.125,0.105,0.125,2344415
BYH,20200323,0.022,0.022,0.021,0.022,54585
C6C,20200323,0.38,0.38,0.37,0.37,6703
CAA,20200323,0.081,0.081,0.078,0.078,763018
CAD,20200323,0.001,0.001,0.001,0.001,9581503
CAE,20200323,0.008,0.008,0.008,0.008,62500
CAG,20200323,0.3,0.3,0.275,0.3,187492
CAI,20200323,0.21,0.21,0.17,0.17,248712
CAJ,20200323,0.195,0.195,0.155,0.165,1671309
CAM,20200323,0.68,0.68,0.55,0.59,306483
CAN,20200323,0.67,0.67,0.61,0.62,476884
CAP,20200323,0.013,0.013,0.011,0.011,1325080
CAR,20200323,10.98,11.06,9.64,10.47,2285845
CAT,20200323,0.695,0.695,0.56,0.585,613652
CAU,20200323,0.081,0.081,0.075,0.075,460953
CAY,20200323,0.064,0.065,0.057,0.057,906437
CAZ,20200323,0.019,0.019,0.018,0.018,415000
CBA,20200323,57.71,57.8,53.44,54.26,10019723
CBE,20200323,0.1,0.1,0.087,0.087,297091
CBR,20200323,1.02,1.02,0.8,0.81,1347377
CBY,20200323,0.105,0.105,0.085,0.1,80859
CCA,20200323,0.067,0.067,0.058,0.058,460033
CCE,20200323,0.001,0.001,0.001,0.001,1790100
CCG,20200323,0.042,0.042,0.041,0.041,399991
CCL,20200323,8.34,8.43,7.77,8.11,3549995
CCP,20200323,8.6,8.6,6.01,6.25,2175989
CCV,20200323,0.13,0.13,0.1,0.115,536789
CCX,20200323,1.18,1.18,0.765,0.8,2529486
CCZ,20200323,0.009,0.009,0.006,0.006,4613937
CD1,20200323,0.9,0.9,0.9,0.9,333
CD2,20200323,0.9,0.9,0.9,0.9,14706
CDA,20200323,4.18,4.26,3.9,3.97,939025
CDD,20200323,0.21,0.245,0.195,0.24,99417
CDH,20200323,0.002,0.002,0.002,0.002,78000
CDM,20200323,0.38,0.38,0.32,0.375,1613715
CDP,20200323,3.35,3.35,3.1,3.1,19937
CDT,20200323,0.005,0.005,0.005,0.005,100290
CDV,20200323,0.295,0.3,0.25,0.27,371119
CDX,20200323,0.017,0.017,0.016,0.017,756058
CE1,20200323,0.003,0.003,0.003,0.003,2888276
CEL,20200323,0.087,0.087,0.07,0.073,2967935
CEN,20200323,5.19,5.19,4.32,4.72,19921
CFE,20200323,0.002,0.002,0.002,0.002,4340776
CG1,20200323,0.15,0.15,0.135,0.135,166424
CGB,20200323,0.006,0.006,0.005,0.005,10554884
CGC,20200323,2.7,2.82,2.47,2.5,6200460
CGF,20200323,3.23,3.24,2.82,2.97,6860506
CGL,20200323,1.43,1.43,1.205,1.215,296081
CGN,20200323,0.008,0.008,0.008,0.008,1650
CGR,20200323,0.44,0.45,0.41,0.45,456605
CGS,20200323,0.325,0.325,0.29,0.29,311171
CHC,20200323,6.35,6.58,5.29,5.29,6931639
CHK,20200323,0.004,0.004,0.004,0.004,2100000
CHN,20200323,0.305,0.39,0.26,0.38,15391899
CHZ,20200323,0.048,0.048,0.045,0.046,249592
CI1,20200323,0.026,0.027,0.024,0.025,1332766
CIA,20200323,1.5,1.5,1.36,1.445,681983
CIE,20200323,0.595,0.595,0.515,0.515,156227
CIM,20200323,18.98,22.09,18.49,21,4109118
CIN,20200323,20.05,20.05,18.8,19,4572
CIP,20200323,2.64,2.64,2.11,2.29,1926012
CKA,20200323,0.028,0.028,0.022,0.028,1939367
CKF,20200323,4.39,4.47,4.12,4.32,1093382
CL1,20200323,1,1,0.897,0.92,322414
CL8,20200323,0.009,0.009,0.008,0.008,501200
CLA,20200323,0.007,0.007,0.007,0.007,1841562
CLB,20200323,0.04,0.04,0.04,0.04,22851
CLF,20200323,0.9,0.9,0.9,0.9,11802
CLQ,20200323,0.12,0.125,0.105,0.105,1160240
CLT,20200323,0.105,0.105,0.1,0.1,88750
CLV,20200323,1.95,1.95,1.7,1.8,793059
CLW,20200323,3.58,3.81,3.52,3.53,3312485
CLZ,20200323,0.001,0.001,0.001,0.001,27500000
CM8,20200323,0.011,0.011,0.011,0.011,20000
CML,20200323,0.006,0.006,0.006,0.006,261200
CMM,20200323,0.93,0.97,0.85,0.925,827134
CMP,20200323,0.33,0.33,0.26,0.29,190366
CMW,20200323,0.72,0.745,0.675,0.715,9616231
CNI,20200323,1.65,1.65,1.355,1.415,3551297
CNJ,20200323,0.005,0.005,0.004,0.004,500000
CNL,20200323,0.08,0.11,0.08,0.105,131500
CNU,20200323,5.94,5.97,5.4,5.89,1471659
CNW,20200323,0.016,0.016,0.014,0.015,877827
COB,20200323,0.085,0.085,0.08,0.08,125796
COE,20200323,0.37,0.392,0.34,0.36,8075904
COF,20200323,1.595,1.595,1.375,1.465,1665561
COG,20200323,0.031,0.031,0.03,0.03,1225000
COH,20200323,154.6,164.55,154.6,159.41,573145
COI,20200323,0.058,0.058,0.05,0.05,618335
COL,20200323,15.79,15.88,15.28,15.58,10004216
COO,20200323,0.04,0.04,0.035,0.035,303766
COS,20200323,0.27,0.27,0.257,0.26,133887
COY,20200323,0.004,0.004,0.004,0.004,520000
CP1,20200323,0.086,0.086,0.08,0.08,96510
CPH,20200323,0.053,0.053,0.043,0.05,490420
CPT,20200323,0.027,0.027,0.021,0.021,50539
CPU,20200323,8.85,8.88,8.27,8.69,3311479
CPV,20200323,0.066,0.066,0.05,0.055,142811
CQE,20200323,1.69,1.69,1.627,1.64,1870117
CQR,20200323,2.92,2.98,2.68,2.81,3248436
CR1,20200323,0.14,0.14,0.14,0.14,45900
CRL,20200323,0.013,0.013,0.012,0.012,634083
CRN,20200323,1.13,1.13,0.96,0.99,931123
CRO,20200323,0.002,0.002,0.002,0.002,6810000
CRS,20200323,0.125,0.125,0.12,0.12,36255
CSE,20200323,0.021,0.021,0.021,0.021,2570
CSL,20200323,251.25,288.67,242.67,282.24,2531707
CSR,20200323,3.27,3.27,2.75,2.82,6126970
CSS,20200323,0.42,0.43,0.35,0.42,560803
CST,20200323,0.078,0.078,0.06,0.076,376074
CT1,20200323,0.016,0.016,0.016,0.016,1802695
CTD,20200323,5.41,5.92,5.04,5.76,1271002
CTM,20200323,0.006,0.006,0.005,0.005,60674821
CTO,20200323,0.003,0.003,0.002,0.002,9158969
CTP,20200323,0.076,0.076,0.068,0.069,1858315
CTX,20200323,20,20,18.32,19,1876182
CUE,20200323,0.064,0.069,0.06,0.068,261005
CUL,20200323,0.008,0.008,0.008,0.008,11363
CUP,20200323,0.84,0.84,0.7,0.73,56932
CUV,20200323,14,16.41,13.5,15.37,311952
CUX,20200323,0.004,0.004,0.004,0.004,150000
CV1,20200323,0.07,0.07,0.05,0.062,469521
CVC,20200323,1.2,1.2,1.1,1.1,19000
CVF,20200323,0.62,0.65,0.62,0.65,77120
CVN,20200323,0.14,0.14,0.11,0.115,15699264
CVV,20200323,0.015,0.015,0.015,0.015,9972
CWL,20200323,0.094,0.094,0.085,0.085,1562880
CWP,20200323,4.2,4.33,2.87,3,314862
CWX,20200323,0.15,0.15,0.135,0.15,133026
CWY,20200323,1.595,1.64,1.395,1.425,19244209
CXL,20200323,0.65,0.65,0.515,0.515,46166
CXM,20200323,0.03,0.03,0.03,0.03,40979
CXO,20200323,0.017,0.017,0.014,0.014,2729472
CXU,20200323,0.01,0.01,0.01,0.01,95500
CXZ,20200323,0.015,0.015,0.01,0.01,3717496
CYC,20200323,0.74,0.74,0.725,0.74,8727
CYG,20200323,0.61,0.61,0.49,0.5,214750
CYL,20200323,2.24,2.24,1.9,2,34951
CYM,20200323,0.12,0.12,0.105,0.105,10000
CYP,20200323,0.715,0.715,0.62,0.625,186164
CZI,20200323,0.06,0.06,0.056,0.059,914713
CZL,20200323,0.003,0.003,0.003,0.003,2246262
CZN,20200323,0.002,0.002,0.002,0.002,850000
CZR,20200323,0.007,0.007,0.006,0.006,748833
D2O,20200323,1.18,1.18,1.01,1.01,231938
DAF,20200323,0.006,0.006,0.006,0.006,133000
DAU,20200323,0.018,0.018,0.017,0.018,272000
DAV,20200323,0.04,0.04,0.04,0.04,30000
DCC,20200323,0.016,0.016,0.013,0.013,1084024
DCL,20200323,0.029,0.029,0.018,0.018,363408
DDR,20200323,4.18,4.19,3.9,4.1,500551
DDT,20200323,0.004,0.004,0.004,0.004,1292792
DEG,20200323,0.23,0.23,0.19,0.19,14047558
DEM,20200323,0.12,0.12,0.1,0.105,131619
DEV,20200323,0.032,0.038,0.028,0.038,393995
DGH,20200323,1.1,1.1,1.1,1.1,10859
DGR,20200323,0.04,0.04,0.037,0.039,650320
DHG,20200323,1.82,1.82,1.7,1.715,2675220
DIV,20200323,16.18,16.18,15.58,16.01,5389
DJW,20200323,2.16,2.16,2.02,2.1,209631
DKM,20200323,0.11,0.11,0.1,0.1,210248
DMP,20200323,45,47.53,42,46.75,530857
DNA,20200323,0.035,0.035,0.026,0.031,3901819
DNK,20200323,0.33,0.33,0.285,0.31,562292
DOW,20200323,2.83,2.87,2.585,2.8,5140101
DRO,20200323,0.115,0.115,0.096,0.1,686107
DRX,20200323,0.007,0.008,0.005,0.008,4263737
DSE,20200323,0.033,0.033,0.027,0.027,410000
DTC,20200323,0.68,0.68,0.41,0.45,245547
DTL,20200323,2.78,2.78,2.5,2.64,974614
DTM,20200323,0.04,0.04,0.04,0.04,50000
DTS,20200323,0.09,0.105,0.09,0.094,981651
DTZ,20200323,0.042,0.042,0.034,0.04,445656
DUB,20200323,0.47,0.47,0.38,0.395,2000869
DUI,20200323,3.4,3.45,3.15,3.35,132335
DW8,20200323,0.005,0.005,0.004,0.005,10111026
DWS,20200323,0.6,0.605,0.55,0.565,223833
DXB,20200323,0.13,0.13,0.115,0.12,1545982
DXN,20200323,0.018,0.018,0.013,0.013,1150871
DXS,20200323,8.58,8.59,8.03,8.21,10058217
DYL,20200323,0.13,0.13,0.115,0.115,104778
E25,20200323,0.11,0.11,0.1,0.1,85048
E2E,20200323,0.001,0.001,0.001,0.001,14500050
E2M,20200323,0.089,0.089,0.084,0.085,168588
EAF,20200323,1.2,1.2,1.2,1.2,73487
EAI,20200323,0.88,0.88,0.83,0.83,500484
EAS,20200323,0.7,0.7,0.7,0.7,2442
EAX,20200323,0.14,0.14,0.105,0.125,128750
EBG,20200323,0.87,0.87,0.87,0.87,200
EBO,20200323,20,20,18.8,19,8196
ECF,20200323,0.89,0.89,0.855,0.87,227109
ECL,20200323,1.1,1.1,1.1,1.1,19009
ECS,20200323,0.018,0.02,0.016,0.016,1226223
ECT,20200323,0.001,0.001,0.001,0.001,650000
ECX,20200323,0.48,0.48,0.365,0.4,2780909
ED1,20200323,0.59,0.59,0.59,0.59,5403
EDC,20200323,0.91,0.92,0.9,0.9,12725
EDE,20200323,0.024,0.024,0.019,0.02,2469785
EEG,20200323,0.14,0.14,0.13,0.14,193077
EEU,20200323,17.8,17.89,17.8,17.85,2680
EFE,20200323,0.003,0.003,0.003,0.003,311565
EFF,20200323,1.16,1.16,1.16,1.16,10092
EGD,20200323,2.15,2.2,2.1,2.1,167566
EGF,20200323,1.42,1.425,1.42,1.42,140394
EGG,20200323,0.86,0.86,0.8,0.8,45680
EGH,20200323,0.275,0.275,0.26,0.275,33909
EGI,20200323,0.77,0.77,0.75,0.76,198643
EGN,20200323,0.38,0.38,0.38,0.38,8582
EGR,20200323,0.055,0.055,0.047,0.047,1005811
EHE,20200323,1,1.04,0.905,0.905,4377277
EHH,20200323,0.14,0.15,0.135,0.15,1355130
EHL,20200323,0.7,0.7,0.485,0.51,2875188
EHX,20200323,0.085,0.085,0.085,0.085,31921
ELD,20200323,7.31,7.49,7,7.31,1447964
ELO,20200323,4.11,4.21,3.66,4.2,362316
ELS,20200323,0.27,0.29,0.265,0.29,23329
ELX,20200323,0.495,0.495,0.47,0.47,66805
EM1,20200323,0.005,0.005,0.005,0.005,473128
EMD,20200323,0.045,0.045,0.04,0.04,164129
EME,20200323,0.06,0.06,0.06,0.06,3700
EML,20200323,1.4,1.405,1.285,1.335,5082311
EMR,20200323,0.033,0.033,0.028,0.03,5302543
EMT,20200323,0.008,0.008,0.008,0.008,1000000
EMV,20200323,0.51,0.51,0.415,0.445,98907
EN1,20200323,0.017,0.017,0.015,0.015,6433571
ENA,20200323,0.015,0.015,0.014,0.014,250000
ENN,20200323,0.945,0.945,0.645,0.8,869408
ENR,20200323,0.076,0.076,0.076,0.076,25000
ENT,20200323,0.007,0.007,0.007,0.007,1000000
EOF,20200323,1.3,1.34,1.25,1.25,318909
EOL,20200323,1.9,1.9,1.42,1.42,44670
EOS,20200323,3.3,3.3,2.95,2.98,1500189
EPD,20200323,0.23,0.23,0.23,0.23,53652
EPM,20200323,0.003,0.003,0.003,0.003,676726
EQE,20200323,0.004,0.004,0.004,0.004,3704384
EQT,20200323,20.9,20.9,16.18,17.96,14185
ERA,20200323,0.145,0.145,0.145,0.145,153150
ERF,20200323,0.86,0.92,0.82,0.82,42676
ERL,20200323,0.007,0.007,0.007,0.007,309805
ERM,20200323,0.069,0.071,0.069,0.071,496782
ERX,20200323,0.027,0.027,0.022,0.022,3242228
ESE,20200323,0.004,0.004,0.004,0.004,450000
ESH,20200323,0.005,0.005,0.003,0.004,15402009
ESR,20200323,0.006,0.006,0.005,0.005,2782550
ETF,20200323,15.55,15.55,14.45,14.93,7203
EUC,20200323,0.01,0.01,0.009,0.009,948293
EUR,20200323,0.04,0.04,0.038,0.038,16150
EVE,20200323,0.004,0.004,0.004,0.004,30000
EVN,20200323,3.5,3.76,3.45,3.65,15242844
EVO,20200323,0.052,0.055,0.047,0.047,1217310
EVS,20200323,0.08,0.081,0.071,0.076,4324368
EVT,20200323,5.78,6.16,5.44,6,123024
EWC,20200323,0.05,0.051,0.047,0.047,1367956
EX1,20200323,0.17,0.17,0.145,0.145,120000
EXL,20200323,0.22,0.225,0.17,0.185,807602
EXP,20200323,0.051,0.051,0.037,0.04,1448647
EXR,20200323,0.022,0.022,0.017,0.018,3706714
EZL,20200323,0.67,0.67,0.615,0.64,129943
FAM,20200323,0.025,0.025,0.025,0.025,21049
FAR,20200323,0.01,0.011,0.008,0.008,51236871
FAU,20200323,0.005,0.005,0.004,0.005,936036
FBR,20200323,0.012,0.012,0.01,0.011,11008656
FBU,20200323,3.46,3.46,2.98,3.12,2188097
FCL,20200323,2.51,2.51,2.28,2.45,447568
FCT,20200323,0.09,0.09,0.061,0.08,373301
FDV,20200323,0.7,0.7,0.605,0.65,280457
FEX,20200323,0.033,0.033,0.033,0.033,2000000
FFG,20200323,0.003,0.004,0.003,0.004,250000
FFI,20200323,4.7,4.7,4.5,4.5,3200
FFL,20200323,0.165,0.17,0.15,0.15,274484
FFR,20200323,0.028,0.028,0.025,0.025,58575
FGG,20200323,1.01,1.01,0.97,1,2198012
FGO,20200323,0.002,0.002,0.001,0.001,542999
FGR,20200323,0.085,0.085,0.06,0.079,2451727
FGX,20200323,0.79,0.805,0.757,0.785,2101923
FHS,20200323,0.024,0.024,0.016,0.016,4413067
FID,20200323,3.5,3.5,3,3.11,114505
FIJ,20200323,0.035,0.035,0.035,0.035,26927
FIN,20200323,0.008,0.008,0.008,0.008,650000
FLC,20200323,0.295,0.31,0.265,0.265,875065
FLN,20200323,0.29,0.29,0.23,0.235,58179
FMG,20200323,9.57,10,9.21,9.55,20834796
FML,20200323,0.165,0.165,0.16,0.16,48417
FMS,20200323,0.033,0.033,0.027,0.033,1679313
FNP,20200323,4.61,4.74,4.36,4.68,1944691
FNT,20200323,0.007,0.007,0.007,0.007,87142
FOD,20200323,0.073,0.075,0.062,0.071,2572807
FOR,20200323,0.62,0.62,0.5,0.55,363575
FPC,20200323,0.645,0.645,0.6,0.605,30300
FPH,20200323,25.3,27.25,25.05,26.3,2381666
FPP,20200323,0.6,0.6,0.6,0.6,10000
FRI,20200323,0.63,0.63,0.58,0.58,20370
FRM,20200323,0.24,0.24,0.21,0.225,43403
FRN,20200323,0.015,0.015,0.014,0.014,800000
FSA,20200323,0.92,0.92,0.76,0.76,69249
FSF,20200323,3.77,3.77,3.77,3.77,424
FSG,20200323,0.02,0.02,0.02,0.02,28200
FSI,20200323,1.45,1.45,1.4,1.4,3957
FTC,20200323,0.072,0.072,0.062,0.062,71154
FTT,20200323,0.002,0.002,0.001,0.001,16781466
FTZ,20200323,0.06,0.06,0.06,0.06,15000
FUN,20200323,0.01,0.01,0.01,0.01,590000
FWD,20200323,1.3,1.31,1.225,1.235,391822
FXL,20200323,0.585,0.585,0.38,0.4,14863216
FYI,20200323,0.04,0.04,0.038,0.038,385690
FZO,20200323,0.074,0.074,0.063,0.065,330638
G1A,20200323,0.165,0.165,0.16,0.16,111879
G88,20200323,0.025,0.025,0.025,0.025,55000
GAL,20200323,0.11,0.12,0.1,0.1,753072
GAP,20200323,0.1,0.1,0.1,0.1,165705
GAS,20200323,0.385,0.385,0.38,0.38,4950
GBZ,20200323,0.051,0.059,0.04,0.048,482270
GC1,20200323,0.535,0.535,0.51,0.51,190037
GCI,20200323,1.465,1.465,1.24,1.3,368824
GDF,20200323,1.05,1.05,0.915,0.915,184190
GDG,20200323,0.45,0.45,0.45,0.45,19250
GDI,20200323,1.145,1.145,0.815,0.875,3446885
GDX,20200323,37.52,37.52,35.2,35.99,25229
GED,20200323,0.008,0.008,0.008,0.008,9000
GEM,20200323,0.6,0.61,0.475,0.52,10621054
GES,20200323,0.006,0.006,0.006,0.006,12688
GEV,20200323,0.056,0.061,0.056,0.06,353334
GFL,20200323,1.555,1.555,1.5,1.54,18462
GGE,20200323,0.003,0.003,0.003,0.003,50000
GGG,20200323,0.082,0.082,0.069,0.07,2605257
GGX,20200323,0.001,0.001,0.001,0.001,7088600
GIB,20200323,0.025,0.025,0.023,0.023,320000
GID,20200323,0.003,0.003,0.003,0.003,2000000
GLL,20200323,0.37,0.39,0.35,0.37,221308
GLN,20200323,0.175,0.175,0.15,0.17,494998
GMA,20200323,1.5,1.5,1.29,1.375,2084100
GMD,20200323,0.022,0.022,0.019,0.021,721830
GMG,20200323,10.3,11.08,10.07,10.16,14227072
GML,20200323,0.011,0.012,0.009,0.009,771585
GMR,20200323,0.005,0.005,0.004,0.005,4975800
GMV,20200323,0.044,0.048,0.039,0.041,608645
GNC,20200323,6.97,7.09,6.51,6.92,2324393
GNE,20200323,2.11,2.11,1.89,1.955,53781
GNG,20200323,0.7,0.7,0.65,0.65,17847
GNM,20200323,0.005,0.005,0.004,0.005,482300
GNX,20200323,0.1,0.1,0.09,0.095,751050
GOR,20200323,1.03,1.075,1,1.065,11982938
GOW,20200323,1.36,1.44,1.36,1.44,29917
GOZ,20200323,2.67,2.67,2.4,2.45,2087998
GPR,20200323,0.265,0.265,0.235,0.25,35550
GPT,20200323,2.95,3.17,2.82,3,17035502
GRB,20200323,0.038,0.04,0.035,0.036,1137057
GRL,20200323,0.135,0.135,0.12,0.12,68777
GRR,20200323,0.165,0.165,0.15,0.16,3195155
GSM,20200323,0.079,0.079,0.07,0.07,318739
GSN,20200323,0.033,0.033,0.032,0.032,293500
GSS,20200323,1.07,1.07,1,1.07,395348
GSW,20200323,0.28,0.29,0.215,0.275,684686
GTE,20200323,0.002,0.002,0.002,0.002,225000
GTG,20200323,0.004,0.004,0.003,0.004,4549246
GTK,20200323,0.93,0.93,0.8,0.805,80676
GTN,20200323,0.445,0.445,0.445,0.445,172
GUD,20200323,7.65,7.85,7.12,7.63,433620
GUL,20200323,0.039,0.04,0.039,0.04,126277
GVF,20200323,0.91,0.91,0.835,0.895,276491
GWA,20200323,2.6,2.76,2.5,2.53,2678731
GWR,20200323,0.061,0.061,0.061,0.061,1850
GXY,20200323,0.815,0.815,0.76,0.765,3395084
HAS,20200323,0.082,0.082,0.065,0.074,600271
HAV,20200323,0.068,0.075,0.068,0.075,132730
HAW,20200323,0.078,0.078,0.07,0.07,65100
HCD,20200323,0.021,0.021,0.02,0.02,500000
HCH,20200323,0.011,0.011,0.009,0.01,16958462
HCT,20200323,0.096,0.096,0.087,0.096,1100978
HFR,20200323,0.29,0.29,0.24,0.26,324099
HGO,20200323,0.039,0.039,0.038,0.038,15101
HIL,20200323,0.13,0.14,0.1,0.14,1176546
HIT,20200323,0.91,0.91,0.835,0.835,63349
HLA,20200323,0.73,0.73,0.48,0.5,111240
HLO,20200323,0.81,0.847,0.69,0.7,453411
HLS,20200323,2.47,2.48,2.2,2.25,4342420
HLX,20200323,0.005,0.005,0.004,0.004,1485939
HM1,20200323,2.05,2.05,1.86,1.87,961069
HMC,20200323,1.55,1.55,1.14,1.2,448730
HMD,20200323,0.059,0.059,0.059,0.059,98000
HMX,20200323,0.012,0.012,0.011,0.011,1076200
HNG,20200323,0.235,0.235,0.2,0.2,82350
HNR,20200323,0.003,0.003,0.003,0.003,50001
HPI,20200323,1.64,1.67,1.5,1.5,1913237
HRL,20200323,0.075,0.075,0.069,0.069,134471
HRN,20200323,0.18,0.18,0.16,0.16,106337
HRR,20200323,0.04,0.04,0.026,0.027,305004
HRZ,20200323,0.063,0.063,0.053,0.054,565302
HSC,20200323,0.004,0.004,0.003,0.003,702023
HSN,20200323,2.67,2.87,2.62,2.87,984854
HT1,20200323,1,1.135,0.93,1.07,278397
HTA,20200323,0.13,0.13,0.115,0.12,350221
HUB,20200323,6.86,7.17,5.98,6.81,805459
HUO,20200323,3.61,3.67,3.29,3.5,7130
HVM,20200323,0.125,0.125,0.125,0.125,154681
HVN,20200323,2.5,2.5,2.325,2.46,14497307
HWH,20200323,0.015,0.016,0.011,0.016,791124
HWK,20200323,0.004,0.005,0.003,0.003,14924138
HXG,20200323,0.035,0.035,0.032,0.032,153500
HYD,20200323,0.13,0.13,0.097,0.097,265075
HZN,20200323,0.05,0.05,0.045,0.049,675718
HZR,20200323,0.28,0.285,0.255,0.27,302466
IAA,20200323,85.97,87.9,80,87.3,35302
IAF,20200323,113.98,115.37,113.98,115.04,45608
IAG,20200323,5.06,5.41,5,5.29,11164226
IAP,20200323,1.2,1.2,1.09,1.1,799265
IBC,20200323,0.4,0.4,0.38,0.38,70450
IBG,20200323,0.006,0.006,0.005,0.005,2384497
ICE,20200323,0.13,0.13,0.115,0.13,53451
ICG,20200323,0.001,0.001,0.001,0.001,163262971
ICN,20200323,0.006,0.006,0.006,0.006,149550
ICQ,20200323,0.13,0.155,0.125,0.13,777252
ICS,20200323,1.555,1.555,1.43,1.51,18980
ICT,20200323,0.03,0.03,0.028,0.03,196257
IDT,20200323,0.09,0.09,0.08,0.085,310000
IDX,20200323,2.15,2.15,1.78,1.925,1191662
IDZ,20200323,0.001,0.002,0.001,0.002,27182527
IEL,20200323,10.77,11.65,10.42,10.9,2302418
IEM,20200323,52.19,53.88,50,53.52,86485
IEU,20200323,50.48,52,45,49.4,63170
IFL,20200323,3.39,3.39,3.04,3.1,2642464
IFM,20200323,1.41,1.42,1.2,1.31,995661
IFN,20200323,0.42,0.42,0.37,0.39,3417116
IFT,20200323,3.75,3.75,3.29,3.29,15702
IGB,20200323,113.55,114.45,113.49,114.45,601
IGL,20200323,0.57,0.575,0.24,0.27,3313479
IGN,20200323,0.007,0.007,0.007,0.007,92822
IGO,20200323,3.4,3.6,3.27,3.48,3656557
IHD,20200323,10,10,9.11,9.45,359355
IHL,20200323,0.038,0.038,0.029,0.03,4463195
IHR,20200323,0.033,0.036,0.031,0.031,1178292
IJH,20200323,150.44,211.7,150,209.54,8595
IJP,20200323,76.01,77.28,66,76.88,17309
IJR,20200323,81.67,83.6,78,82.65,12302
IKO,20200323,68.91,68.91,65,67.91,1312
ILB,20200323,115,116.75,114.5,116.5,18907
ILC,20200323,20,20,17.89,19.04,66009
ILU,20200323,6.28,6.38,5.72,6.2,4232858
IMA,20200323,0.14,0.14,0.12,0.12,663300
IMC,20200323,0.085,0.085,0.082,0.082,214180
IMD,20200323,0.955,0.97,0.86,0.875,1216730
IME,20200323,0.02,0.02,0.015,0.015,2995619
IMF,20200323,3.55,3.69,3.18,3.28,1844092
IMM,20200323,0.29,0.29,0.27,0.285,643193
IMR,20200323,0.97,0.97,0.85,0.9,34381
IMS,20200323,0.003,0.004,0.003,0.003,2370000
IMU,20200323,0.017,0.017,0.016,0.016,17447838
INA,20200323,2.88,2.92,2.745,2.77,2542965
ING,20200323,3.03,3.3,3,3.16,8896097
INP,20200323,0.011,0.011,0.01,0.01,349188
INR,20200323,0.088,0.088,0.072,0.082,2479867
IOD,20200323,0.073,0.073,0.055,0.055,870084
IOO,20200323,67.5,67.5,62.8,65.85,168279
IOZ,20200323,19,19.19,18.25,18.8,1174509
IPD,20200323,0.05,0.05,0.045,0.05,1500060
IPH,20200323,6.06,6.4,6.01,6.28,1106068
IPL,20200323,1.635,1.72,1.565,1.67,13004771
IPT,20200323,0.004,0.004,0.004,0.004,1972938
IRD,20200323,0.05,0.053,0.05,0.05,143501
IRE,20200323,8.75,9.01,8.29,8.76,1144146
IRI,20200323,2.55,2.55,2.19,2.38,818702
ISD,20200323,0.13,0.135,0.12,0.12,402034
ISO,20200323,3.32,3.32,3.01,3.01,63238
ISU,20200323,0.18,0.185,0.175,0.175,78713
ITG,20200323,0.185,0.205,0.185,0.2,36393
IVC,20200323,12.5,12.6,11.85,12.3,1020546
IVE,20200323,79.97,79.97,78.44,79.33,49045
IVR,20200323,0.012,0.012,0.01,0.011,4359388
IVV,20200323,395.01,398.9,369.4,388.49,98314
IVX,20200323,0.006,0.007,0.006,0.006,7573195
IVZ,20200323,0.011,0.011,0.008,0.009,2955929
IXC,20200323,0.7,0.7,0.53,0.535,105271
IXI,20200323,76.37,76.37,73.1,74.02,6983
IXJ,20200323,89.87,89.98,86,88.9,24733
IZZ,20200323,56.8,60,56,58.5,14312
JAN,20200323,0.34,0.34,0.3,0.3,114436
JAT,20200323,0.037,0.037,0.032,0.032,1679008
JBH,20200323,25.75,25.75,20.79,24.61,1873609
JCS,20200323,0.023,0.023,0.021,0.021,399478
JHC,20200323,0.47,0.47,0.39,0.39,2310909
JHG,20200323,22.4,22.75,20.68,22.03,890239
JHX,20200323,15,17.51,12.54,16.74,3633638
JIN,20200323,8.96,9.52,7.8,9.35,1354250
JLG,20200323,1.9,1.9,1.63,1.79,838620
JMS,20200323,0.22,0.23,0.205,0.22,4853982
JRV,20200323,0.15,0.15,0.115,0.13,599082
JXT,20200323,0.028,0.028,0.028,0.028,21428
JYC,20200323,0.9,0.9,0.9,0.9,2527
K2F,20200323,0.14,0.14,0.125,0.14,255358
KAI,20200323,0.005,0.006,0.005,0.005,1615000
KAM,20200323,0.03,0.03,0.03,0.03,100000
KAR,20200323,0.39,0.4,0.365,0.375,9231217
KAS,20200323,0.02,0.02,0.02,0.02,50000
KAT,20200323,0.585,0.585,0.58,0.58,700
KAU,20200323,0.165,0.165,0.135,0.14,230448
KCN,20200323,0.335,0.34,0.32,0.34,255925
KEY,20200323,0.003,0.003,0.002,0.002,522695
KFE,20200323,0.029,0.029,0.02,0.024,1016046
KGL,20200323,0.125,0.125,0.125,0.125,46715
KGN,20200323,4.45,4.45,3.92,4.1,1977472
KIN,20200323,0.049,0.049,0.042,0.042,396300
KIS,20200323,0.04,0.04,0.04,0.04,45000
KKC,20200323,1.45,1.45,1.22,1.25,814753
KLA,20200323,47.5,47.5,45.02,46.5,5201
KMD,20200323,0.935,0.95,0.645,0.675,1037517
KME,20200323,0.795,0.795,0.65,0.68,61218
KMT,20200323,0.004,0.004,0.003,0.003,1925000
KNM,20200323,0.011,0.02,0.011,0.016,4881199
KNO,20200323,0.025,0.027,0.025,0.027,236838
KOR,20200323,0.005,0.005,0.004,0.004,1516700
KOV,20200323,2.91,2.91,2.91,2.91,71
KP2,20200323,0.01,0.01,0.01,0.01,220000
KPG,20200323,0.65,0.65,0.6,0.6,60987
KPO,20200323,0.019,0.019,0.019,0.019,625495
KRM,20200323,0.028,0.028,0.025,0.025,250000
KRR,20200323,0.02,0.02,0.018,0.018,1561214
KSC,20200323,1.58,1.58,1.51,1.51,9502
KSL,20200323,0.69,0.69,0.57,0.64,2224426
KSM,20200323,1.5,1.5,1.35,1.35,440
KSN,20200323,0.079,0.079,0.07,0.07,817139
KSS,20200323,0.175,0.175,0.17,0.17,188247
KTA,20200323,0.03,0.03,0.027,0.03,1635891
KTD,20200323,0.22,0.22,0.195,0.21,347874
KTG,20200323,0.065,0.065,0.044,0.048,840508
KWR,20200323,0.073,0.082,0.073,0.082,65785
KYK,20200323,0.041,0.042,0.038,0.039,573680
KZA,20200323,0.455,0.455,0.42,0.435,385893
KZR,20200323,0.34,0.35,0.295,0.3,264479
LAA,20200323,0.014,0.014,0.014,0.014,46173186
LAU,20200323,0.315,0.315,0.3,0.3,183994
LAW,20200323,0.038,0.038,0.038,0.038,26341
LBL,20200323,0.25,0.315,0.225,0.25,168395
LBT,20200323,0.093,0.093,0.075,0.08,1560474
LCD,20200323,0.01,0.01,0.01,0.01,100000
LCK,20200323,0.095,0.1,0.088,0.1,468937
LCL,20200323,0.018,0.018,0.016,0.016,975710
LCM,20200323,0.105,0.105,0.1,0.1,50177
LCT,20200323,0.01,0.01,0.01,0.01,20000
LEG,20200323,0.067,0.067,0.053,0.064,3669828
LEP,20200323,3.9,3.91,3.32,3.6,793903
LER,20200323,0.016,0.016,0.015,0.015,14285
LEX,20200323,0.16,0.165,0.16,0.165,49050
LGP,20200323,0.22,0.22,0.17,0.2,158489
LIC,20200323,5.89,5.89,4.53,4.98,606217
LIN,20200323,0.011,0.011,0.009,0.009,1333939
LIT,20200323,0.036,0.036,0.034,0.034,1315213
LKE,20200323,0.029,0.029,0.026,0.027,3828245
LLC,20200323,10.2,10.24,9.54,9.56,4400854
LLO,20200323,0.87,0.87,0.87,0.87,3000
LMG,20200323,0.008,0.008,0.006,0.006,1971078
LML,20200323,0.003,0.003,0.003,0.003,267932
LNK,20200323,2.9,2.955,2.64,2.7,3481921
LNU,20200323,0.009,0.009,0.008,0.008,1084544
LNY,20200323,0.004,0.004,0.003,0.003,2951000
LOM,20200323,0.078,0.078,0.077,0.077,301396
LON,20200323,0.081,0.081,0.068,0.068,198367
LOV,20200323,3,3.51,2.79,3.31,2771119
LPD,20200323,0.008,0.008,0.005,0.006,36486032
LPI,20200323,0.14,0.14,0.12,0.13,159232
LSA,20200323,0.004,0.004,0.004,0.004,814216
LSF,20200323,0.72,0.725,0.66,0.7,3494442
LSH,20200323,0.017,0.017,0.017,0.017,146241
LSR,20200323,0.005,0.005,0.004,0.004,1471010
LSX,20200323,0.37,0.37,0.37,0.37,8937
LTR,20200323,0.065,0.065,0.053,0.056,12242139
LVE,20200323,0.043,0.043,0.04,0.04,101000
LVH,20200323,0.08,0.081,0.071,0.08,257259
LVT,20200323,0.125,0.145,0.12,0.13,7635025
LYC,20200323,1.14,1.14,1.04,1.115,6902617
LYL,20200323,4.14,4.14,3.91,3.91,32342
M7T,20200323,0.405,0.42,0.37,0.38,575877
M8S,20200323,0.06,0.06,0.05,0.05,2465142
MA1,20200323,0.74,0.74,0.66,0.675,58346
MAD,20200323,0.73,0.73,0.73,0.73,81342
MAG,20200323,0.23,0.24,0.167,0.2,870391
MAH,20200323,0.18,0.18,0.145,0.165,2950641
MAI,20200323,0.25,0.28,0.25,0.25,14723
MAM,20200323,0.19,0.19,0.15,0.16,314139
MAN,20200323,0.011,0.011,0.009,0.009,3000000
MAQ,20200323,19.55,19.8,19.21,19.8,14859
MAT,20200323,0.094,0.094,0.08,0.08,401654
MAU,20200323,0.49,0.49,0.45,0.45,77131
MAY,20200323,0.003,0.004,0.003,0.003,3689433
MBK,20200323,0.005,0.005,0.004,0.005,1616054
MCA,20200323,0.115,0.115,0.115,0.115,20000
MCE,20200323,0.2,0.21,0.18,0.185,62450
MCP,20200323,1.45,1.455,1.305,1.44,1186985
MCR,20200323,0.43,0.46,0.405,0.405,1186837
MCY,20200323,4.15,4.15,3.66,3.66,5411
MDC,20200323,0.21,0.21,0.125,0.135,773135
MDI,20200323,0.006,0.006,0.004,0.005,6459163
MDR,20200323,0.4,0.425,0.345,0.35,656207
MEA,20200323,0.175,0.18,0.16,0.16,137277
MEB,20200323,0.005,0.006,0.005,0.006,2400891
MEC,20200323,0.76,0.76,0.7,0.7,12525
MEI,20200323,0.009,0.009,0.007,0.008,3401065
MEL,20200323,0.022,0.023,0.02,0.023,123170
MEM,20200323,0.043,0.043,0.035,0.035,971033
MEP,20200323,0.028,0.028,0.023,0.025,877464
MEU,20200323,0.024,0.024,0.021,0.021,1148728
MEY,20200323,0.038,0.038,0.038,0.038,15778
MEZ,20200323,3.9,3.9,3.52,3.86,84118
MFD,20200323,0.58,0.58,0.5,0.5,40650
MFF,20200323,2.3,2.3,2.15,2.24,1504543
MFG,20200323,32,32,30.1,30.75,1185664
MGC,20200323,0.425,0.425,0.42,0.42,151244
MGE,20200323,3.7,3.7,3.59,3.62,3983276
MGG,20200323,1.43,1.48,1.29,1.31,4920518
MGR,20200323,1.805,1.88,1.735,1.735,25588134
MGT,20200323,0.003,0.003,0.001,0.001,4459009
MGV,20200323,0.075,0.075,0.07,0.075,892990
MGX,20200323,0.755,0.755,0.655,0.695,3044157
MHC,20200323,0.004,0.004,0.003,0.003,4664068
MHG,20200323,2.84,2.85,2.73,2.84,1189584
MHH,20200323,1.25,1.28,1.06,1.09,2068161
MHJ,20200323,0.35,0.35,0.24,0.275,35137
MIL,20200323,0.27,0.27,0.21,0.21,63570
MIN,20200323,12.65,12.95,12.11,12.61,2317800
MIR,20200323,1.8,1.8,1.65,1.775,256873
MKG,20200323,0.04,0.04,0.04,0.04,100000
MLD,20200323,0.545,0.58,0.487,0.49,1556138
MLL,20200323,0.046,0.046,0.041,0.041,615589
MLM,20200323,0.009,0.009,0.009,0.009,215000
MLS,20200323,0.001,0.001,0.001,0.001,135000
MLT,20200323,3.2,3.25,3.05,3.24,587530
MLX,20200323,0.052,0.055,0.043,0.045,4111940
MME,20200323,0.6,0.64,0.59,0.64,38000
MMI,20200323,0.09,0.091,0.075,0.081,762396
MMJ,20200323,0.072,0.072,0.066,0.066,131356
MML,20200323,0.445,0.46,0.435,0.445,562938
MMM,20200323,0.515,0.64,0.42,0.635,5711527
MMS,20200323,6.15,6.47,5.8,6.26,961538
MND,20200323,8.4,9.38,8.4,8.84,564622
MNF,20200323,3.74,3.93,3.5,3.82,213526
MNS,20200323,0.057,0.057,0.053,0.057,404002
MNW,20200323,0.006,0.006,0.005,0.005,109916707
MNY,20200323,0.815,0.82,0.67,0.81,1941283
MOC,20200323,0.57,0.58,0.52,0.54,295533
MOE,20200323,1.85,1.855,1.35,1.36,380131
MOH,20200323,0.06,0.06,0.055,0.055,272121
MOQ,20200323,0.05,0.06,0.05,0.06,50177
MOT,20200323,1.32,1.32,1.24,1.285,593314
MOZ,20200323,0.28,0.3,0.225,0.3,133369
MP1,20200323,7.05,7.36,6.77,6.8,834293
MPL,20200323,2.55,2.65,2.48,2.58,25809866
MPW,20200323,0.025,0.033,0.022,0.033,679698
MQG,20200323,79,79.11,70.45,72.02,3894390
MRC,20200323,0.165,0.165,0.15,0.15,178333
MRD,20200323,0.001,0.001,0.001,0.001,23533839
MRG,20200323,0.013,0.013,0.01,0.01,2347600
MRM,20200323,0.063,0.063,0.055,0.06,1697492
MRQ,20200323,0.004,0.004,0.004,0.004,2195200
MRR,20200323,0.005,0.005,0.005,0.005,12779
MRZ,20200323,0.15,0.15,0.15,0.15,25000
MSB,20200323,1.1,1.177,1.02,1.105,5027413
MSE,20200323,0.004,0.004,0.003,0.003,14688502
MSG,20200323,0.01,0.01,0.01,0.01,300000
MSM,20200323,0.005,0.005,0.005,0.005,1160000
MSR,20200323,0.001,0.001,0.001,0.001,200000
MSV,20200323,0.3,0.3,0.26,0.3,197663
MTC,20200323,0.046,0.046,0.036,0.036,65024
MTH,20200323,0.005,0.006,0.005,0.005,1218677
MTO,20200323,0.8,0.8,0.595,0.6,88042
MTS,20200323,3.15,3.29,3,3.29,19891669
MVA,20200323,15.8,15.8,13.78,13.78,16192
MVB,20200323,16.75,16.75,15.12,15.6,22651
MVE,20200323,18.33,18.33,18.33,18.33,1392
MVF,20200323,0.5,0.51,0.39,0.435,693815
MVP,20200323,4.04,4.08,3.76,3.92,562790
MVR,20200323,20.19,20.19,19.4,19.44,14420
MVS,20200323,13.1,13.1,12.19,12.41,4844
MVW,20200323,22.25,22.25,19.4,20.08,141607
MWR,20200323,0.088,0.088,0.07,0.077,787293
MWY,20200323,0.9,0.975,0.9,0.9,24800
MX1,20200323,0.135,0.135,0.12,0.12,731171
MXI,20200323,0.14,0.14,0.1,0.1,762538
MXR,20200323,0.031,0.031,0.03,0.03,29204
MXT,20200323,1.59,1.59,1.265,1.265,1774073
MYE,20200323,0.53,0.53,0.44,0.44,198797
MYL,20200323,0.034,0.036,0.028,0.036,2810948
MYQ,20200323,0.091,0.091,0.08,0.08,178531
MYR,20200323,0.089,0.102,0.083,0.099,17712477
MYS,20200323,3.5,3.5,3.23,3.29,336703
MYX,20200323,0.22,0.235,0.2,0.23,11319831
MZZ,20200323,0.11,0.11,0.095,0.095,480000
N1H,20200323,0.082,0.082,0.082,0.082,5000
NAB,20200323,14.27,14.5,13.195,13.88,23136879
NAE,20200323,0.002,0.002,0.002,0.002,104000
NAG,20200323,0.03,0.03,0.03,0.03,288000
NAM,20200323,0.28,0.28,0.27,0.27,71890
NAN,20200323,4.27,4.43,4.01,4.37,2001094
NBI,20200323,1.125,1.125,0.905,0.94,1028765
NC6,20200323,0.035,0.035,0.035,0.035,57885
NCC,20200323,0.87,0.87,0.83,0.84,106004
NCK,20200323,3.95,3.95,2.65,3.5,1088835
NCM,20200323,21.06,23.64,21.06,22.73,6441549
NCR,20200323,0.006,0.006,0.006,0.006,312300
NCZ,20200323,0.074,0.074,0.05,0.055,1813337
NDQ,20200323,19.75,20.08,18.8,19.88,392836
NEA,20200323,0.915,0.92,0.85,0.88,6430919
NEC,20200323,0.865,0.895,0.815,0.84,13504867
NES,20200323,0.032,0.034,0.032,0.033,230303
NEW,20200323,1.03,1.04,0.977,1.035,342546
NGE,20200323,0.36,0.36,0.32,0.32,22400
NGI,20200323,1.94,2,1.55,1.62,411501
NHC,20200323,1.1,1.1,1.015,1.02,4355560
NHF,20200323,4.56,5.1,4.48,5.05,7188559
NIC,20200323,0.37,0.4,0.315,0.4,8618159
NML,20200323,0.063,0.063,0.057,0.059,512524
NMT,20200323,0.165,0.165,0.155,0.165,1817894
NNW,20200323,0.043,0.046,0.043,0.045,628929
NOR,20200323,0.027,0.027,0.025,0.027,763348
NOV,20200323,0.091,0.091,0.085,0.085,249422
NOX,20200323,0.13,0.13,0.095,0.115,1366000
NSB,20200323,0.175,0.175,0.145,0.145,111905
NSC,20200323,0.415,0.415,0.34,0.37,234228
NSR,20200323,1.3,1.36,1.26,1.35,18840534
NST,20200323,9.79,11.23,9.68,10.97,8070733
NSX,20200323,0.11,0.11,0.1,0.1,21467
NTD,20200323,0.21,0.245,0.21,0.22,97144
NTM,20200323,0.05,0.05,0.046,0.046,154466
NTO,20200323,0.85,0.85,0.77,0.805,2030302
NTU,20200323,0.025,0.026,0.024,0.024,3641267
NUC,20200323,1.44,1.44,1.37,1.37,60833
NUF,20200323,4.5,4.51,3.815,4.24,3795694
NUH,20200323,0.012,0.012,0.011,0.012,2556769
NUS,20200323,0.23,0.23,0.22,0.23,114983
NVA,20200323,0.027,0.027,0.023,0.023,3507619
NVL,20200323,3.59,3.66,3.59,3.63,380329
NVO,20200323,0.007,0.007,0.005,0.005,2256285
NVU,20200323,0.034,0.034,0.034,0.034,3850
NVX,20200323,0.205,0.22,0.18,0.22,178194
NWC,20200323,0.006,0.006,0.006,0.006,2000000
NWE,20200323,0.002,0.002,0.002,0.002,3300000
NWF,20200323,0.15,0.15,0.15,0.15,13658
NWH,20200323,1.27,1.27,1,1.12,6561526
NWL,20200323,5.7,5.75,5.185,5.62,1171916
NWS,20200323,13.53,14.5,13.53,14.1,600754
NXE,20200323,0.005,0.005,0.005,0.005,28000
NXM,20200323,0.04,0.04,0.04,0.04,150000
NXS,20200323,1.435,1.435,1,1.005,507720
NXT,20200323,6.61,7.16,6.51,6.97,4168582
NYR,20200323,0.125,0.125,0.11,0.11,122999
NZK,20200323,1.5,1.5,1.26,1.26,37165
NZM,20200323,0.215,0.22,0.195,0.195,127565
NZS,20200323,0.008,0.008,0.007,0.007,163000
OAR,20200323,0.002,0.002,0.002,0.002,1107525
OAU,20200323,0.009,0.01,0.009,0.01,424510
OBM,20200323,0.11,0.11,0.095,0.097,607816
OCA,20200323,0.67,0.67,0.63,0.63,4000
OCC,20200323,0.23,0.23,0.18,0.2,2075400
OCL,20200323,4.39,4.4,4.05,4.4,41976
ODA,20200323,0.145,0.145,0.14,0.14,241663
OEC,20200323,0.47,0.47,0.4,0.4,106000
OEL,20200323,0.008,0.008,0.007,0.007,25000028
OEQ,20200323,0.055,0.055,0.055,0.055,181858
OEX,20200323,0.003,0.003,0.002,0.002,810000
OFX,20200323,1.155,1.295,1.06,1.155,433316
OGA,20200323,0.076,0.076,0.074,0.074,50684
OGC,20200323,1.6,1.6,1.49,1.57,1273047
OIL,20200323,0.02,0.02,0.018,0.018,156137
OKR,20200323,0.05,0.05,0.04,0.04,456782
OKU,20200323,0.145,0.165,0.125,0.165,2515504
OLI,20200323,0.073,0.073,0.068,0.068,2003694
OLL,20200323,0.22,0.24,0.19,0.215,1779112
OMH,20200323,0.265,0.28,0.24,0.25,1095260
ONE,20200323,0.035,0.035,0.035,0.035,13050255
ONT,20200323,5,5,4.69,4.83,10995
ONX,20200323,0.037,0.037,0.037,0.037,182375
OOO,20200323,5.95,6.09,5.75,5.84,602772
OPC,20200323,3.65,3.65,3,3.48,54715
OPH,20200323,1.78,1.78,1.715,1.77,640991
OPL,20200323,0.04,0.04,0.04,0.04,58176
OPT,20200323,1.35,1.44,1.215,1.4,641177
OPY,20200323,0.41,0.41,0.32,0.32,179766
ORA,20200323,2.3,2.45,2.23,2.38,7089836
ORE,20200323,2.01,2.14,1.96,2.03,2413639
ORG,20200323,3.93,4.04,3.75,3.8,9922615
ORI,20200323,13.31,14.65,13.25,14.3,2506607
ORN,20200323,0.014,0.015,0.014,0.015,45000
ORR,20200323,0.215,0.215,0.2,0.2,418020
OSH,20200323,2.15,2.27,1.855,1.88,21143392
OSL,20200323,0.1,0.1,0.09,0.09,1981859
OSP,20200323,0.014,0.014,0.012,0.012,1193823
OSX,20200323,0.3,0.32,0.3,0.32,60882
OTW,20200323,2.06,2.07,1.92,1.93,78724
OVH,20200323,0.13,0.13,0.096,0.115,570882
OVL,20200323,0.005,0.005,0.004,0.004,7937566
OVN,20200323,0.22,0.22,0.18,0.19,523410
OVT,20200323,0.01,0.011,0.01,0.011,310600
OXX,20200323,0.007,0.007,0.007,0.007,170000
OZF,20200323,12,12.22,11.77,12.03,6022
OZG,20200323,0.125,0.125,0.11,0.11,560946
OZL,20200323,6.1,6.2,5.83,5.99,3310524
OZR,20200323,7.98,8.11,7.76,8.1,55952
P2P,20200323,0.045,0.045,0.045,0.045,79352
PAA,20200323,0.072,0.072,0.066,0.068,780690
PAB,20200323,0.015,0.015,0.011,0.011,2516047
PAC,20200323,3.8,4.53,3.34,4.53,106254
PAI,20200323,0.905,0.905,0.86,0.9,664608
PAL,20200323,0.57,0.57,0.565,0.57,9500
PAN,20200323,0.14,0.14,0.13,0.13,279530
PAR,20200323,1.14,1.245,1.08,1.205,1802004
PBH,20200323,1.26,1.38,1.12,1.19,2092198
PBP,20200323,1.72,1.72,1.55,1.72,149855
PCG,20200323,0.86,0.86,0.845,0.845,3123
PCI,20200323,0.71,0.735,0.65,0.655,739793
PCK,20200323,0.068,0.069,0.061,0.062,3966329
PCL,20200323,0.001,0.001,0.001,0.001,9376233
PDI,20200323,0.005,0.006,0.005,0.006,1190582
PDL,20200323,3.81,3.81,3,3.65,4130796
PDN,20200323,0.04,0.04,0.035,0.038,6890911
PDZ,20200323,0.12,0.12,0.12,0.12,20000
PE1,20200323,1.12,1.12,0.945,1.04,840876
PEC,20200323,0.025,0.025,0.025,0.025,32325
PEK,20200323,0.022,0.022,0.017,0.019,1531469
PEN,20200323,0.087,0.087,0.086,0.087,140963
PET,20200323,0.34,0.34,0.29,0.33,1753126
PEX,20200323,0.105,0.11,0.105,0.11,59167
PFG,20200323,0.04,0.043,0.04,0.043,353241
PFP,20200323,2.84,2.84,2.38,2.38,554986
PG1,20200323,0.08,0.081,0.08,0.08,152734
PGC,20200323,0.115,0.125,0.1,0.105,1299842
PGF,20200323,0.82,0.82,0.765,0.78,815460
PGG,20200323,1.27,1.27,1,1.095,364245
PGH,20200323,1.33,1.335,1.255,1.335,1026718
PGI,20200323,0.021,0.021,0.021,0.021,94864
PGL,20200323,0.65,0.655,0.4,0.5,157756
PGM,20200323,0.011,0.011,0.011,0.011,1094500
PGX,20200323,0.155,0.155,0.125,0.125,46939
PIA,20200323,0.825,0.825,0.75,0.76,510603
PIC,20200323,0.66,0.68,0.6,0.625,864483
PIO,20200323,0.009,0.009,0.008,0.009,7515403
PIQ,20200323,0.215,0.22,0.2,0.2,447492
PKD,20200323,0.055,0.055,0.055,0.055,8736
PKS,20200323,0.095,0.095,0.095,0.095,112598
PL8,20200323,0.815,0.84,0.79,0.8,1217798
PLL,20200323,0.072,0.074,0.062,0.065,1865145
PLS,20200323,0.155,0.155,0.14,0.14,20264503
PM1,20200323,0.011,0.011,0.008,0.011,525454
PM8,20200323,0.13,0.13,0.1,0.1,1014790
PMC,20200323,1.18,1.18,1.11,1.12,528887
PME,20200323,16.28,16.51,15.01,16.02,830918
PMV,20200323,10.63,10.67,8.55,8.95,955596
PMY,20200323,0.003,0.003,0.003,0.003,5830664
PNC,20200323,0.56,0.56,0.5,0.515,128086
PNI,20200323,2.98,3.17,2.37,2.9,6871939
PNN,20200323,0.001,0.001,0.001,0.001,16666667
PNR,20200323,0.084,0.084,0.068,0.069,2063115
PNV,20200323,1.4,1.44,1.275,1.32,8186853
PNX,20200323,0.005,0.005,0.004,0.004,6625972
PO3,20200323,2.25,2.25,2,2.13,2492
POS,20200323,0.026,0.026,0.025,0.025,565500
POU,20200323,19.76,19.84,19.67,19.8,84329
POW,20200323,0.002,0.002,0.002,0.002,37430
PPC,20200323,0.66,0.705,0.62,0.64,373147
PPE,20200323,1.75,1.75,1.38,1.38,201281
PPG,20200323,0.06,0.062,0.06,0.062,35655
PPH,20200323,2.99,2.99,2.76,2.94,215778
PPK,20200323,2.34,2.34,1.7,1.81,150930
PPL,20200323,0.006,0.006,0.005,0.005,828230
PPS,20200323,0.225,0.225,0.19,0.205,2308002
PPT,20200323,24.8,24.8,21.2,21.93,372099
PRM,20200323,0.001,0.001,0.001,0.001,29284
PRN,20200323,0.6,0.6,0.48,0.48,6791921
PRO,20200323,0.33,0.33,0.25,0.27,131375
PRT,20200323,0.095,0.095,0.085,0.085,301455
PRU,20200323,0.8,0.825,0.74,0.755,6837011
PRX,20200323,0.038,0.04,0.03,0.03,1801155
PSA,20200323,0.025,0.025,0.025,0.025,40000
PSI,20200323,2.4,2.4,2.4,2.4,213700
PSQ,20200323,1.04,1.04,0.94,0.95,25965
PSZ,20200323,0.023,0.023,0.023,0.023,43500
PTB,20200323,0.335,0.335,0.27,0.28,732609
PTL,20200323,0.35,0.36,0.34,0.35,178990
PTM,20200323,3,3.05,2.63,2.91,3619602
PTR,20200323,0.025,0.025,0.025,0.025,102037
PTX,20200323,0.025,0.026,0.024,0.024,2281040
PUA,20200323,0.01,0.01,0.01,0.01,2000
PUR,20200323,0.003,0.003,0.003,0.003,59650
PVE,20200323,0.04,0.04,0.04,0.04,50000
PVS,20200323,1,1,1,1,1000
PWG,20200323,0.78,0.78,0.63,0.7,378431
PWH,20200323,2.75,2.75,2.5,2.6,223007
PWL,20200323,0.1,0.1,0.1,0.1,2165599
PWN,20200323,0.003,0.003,0.003,0.003,2983846
PXS,20200323,0.061,0.061,0.054,0.054,237611
PXX,20200323,0.014,0.014,0.011,0.011,258652
PYC,20200323,0.051,0.051,0.045,0.048,5513611
PYG,20200323,0.5,0.5,0.5,0.5,2200
QAG,20200323,5.02,5.2,4.97,5.04,4538
QAN,20200323,2.33,2.49,2.21,2.41,21823489
QAU,20200323,15.01,15.01,14.72,14.83,780317
QBE,20200323,7.49,7.65,7.13,7.32,8616297
QCB,20200323,6.15,6.15,5.87,5.87,5471
QEM,20200323,0.07,0.07,0.07,0.07,8000
QFE,20200323,0.16,0.16,0.135,0.14,794865
QFN,20200323,7.1,7.1,6.5,6.7,24312
QFY,20200323,0.002,0.002,0.002,0.002,9650000
QGL,20200323,0.038,0.038,0.036,0.036,130670
QHL,20200323,0.077,0.077,0.058,0.061,1242758
QIP,20200323,1.09,1.09,1.015,1.02,44857
QOZ,20200323,9.3,9.3,8.88,9.09,50535
QRE,20200323,4.37,4.45,4.29,4.45,20299
QRI,20200323,1.13,1.16,1.03,1.035,543883
QUB,20200323,1.75,1.865,1.7,1.815,7878572
QUS,20200323,29.35,29.71,27.03,29.29,19370
QVE,20200323,0.69,0.7,0.61,0.63,850754
RAC,20200323,0.272,0.272,0.225,0.225,278408
RAG,20200323,0.003,0.003,0.003,0.003,367027
RAN,20200323,0.01,0.01,0.008,0.01,1183238
RAP,20200323,0.075,0.075,0.066,0.069,2361028
RBL,20200323,0.45,0.475,0.4,0.46,424376
RBR,20200323,0.007,0.007,0.007,0.007,200000
RCB,20200323,19,20,18.73,20,60107
RCE,20200323,0.27,0.28,0.24,0.275,847789
RCL,20200323,0.295,0.36,0.295,0.32,574630
RCT,20200323,1.695,1.7,1.63,1.7,49729
RDG,20200323,0.015,0.015,0.015,0.015,580000
RDH,20200323,0.8,0.875,0.8,0.84,6291
RDM,20200323,0.049,0.049,0.039,0.04,659173
RDN,20200323,0.004,0.004,0.004,0.004,281000
RDS,20200323,0.004,0.004,0.004,0.004,58334
RDV,20200323,19.17,19.17,17.73,18.54,28583
RDY,20200323,1.24,1.24,1.1,1.1,53161
REA,20200323,69,70.99,62.05,65.02,441676
RED,20200323,0.2,0.205,0.175,0.185,6550844
REE,20200323,0.014,0.014,0.014,0.014,243600
REG,20200323,0.895,0.895,0.74,0.775,1864046
REH,20200323,8.35,8.35,7.75,7.93,348995
RES,20200323,0.05,0.05,0.041,0.041,910921
REX,20200323,0.5,0.5,0.4,0.45,238747
RF1,20200323,1.4,1.4,1.27,1.27,318984
RFF,20200323,1.84,1.84,1.705,1.76,1202321
RFN,20200323,0.002,0.002,0.002,0.002,12109701
RFT,20200323,0.026,0.026,0.02,0.023,1682965
RFX,20200323,0.028,0.028,0.02,0.02,2000766
RGB,20200323,23.21,23.57,23.21,23.5,7085
RGI,20200323,0.05,0.05,0.042,0.05,640347
RGS,20200323,0.06,0.087,0.06,0.08,785487
RHC,20200323,48,51.91,46.12,50.7,949606
RHP,20200323,1.37,1.495,1.155,1.495,356635
RHT,20200323,0.11,0.11,0.092,0.092,2490694
RHY,20200323,0.042,0.042,0.042,0.042,26285
RIC,20200323,0.8,0.8,0.665,0.7,282416
RIO,20200323,76.6,79.5,76.2,78.71,2691849
RKN,20200323,0.55,0.55,0.46,0.46,26233
RLE,20200323,0.013,0.013,0.01,0.012,569298
RLG,20200323,0.013,0.013,0.011,0.013,396752
RLT,20200323,0.97,0.97,0.84,0.84,72729
RMC,20200323,0.475,0.475,0.405,0.415,673826
RMD,20200323,19.05,20.9,18.1,20.04,4607660
RML,20200323,0.045,0.045,0.038,0.04,2098698
RMP,20200323,0.007,0.007,0.007,0.007,95797
RMS,20200323,0.84,0.89,0.835,0.86,7001070
RMY,20200323,0.24,0.24,0.21,0.21,321875
RND,20200323,1.55,1.55,1.55,1.55,141
RNE,20200323,0.02,0.02,0.02,0.02,1778
RNO,20200323,0.071,0.073,0.06,0.07,123037
RNT,20200323,0.028,0.028,0.028,0.028,49999
RNU,20200323,0.005,0.005,0.004,0.004,8090146
ROG,20200323,0.001,0.001,0.001,0.001,2000000
ROO,20200323,0.015,0.015,0.012,0.012,548635
RPM,20200323,0.11,0.11,0.105,0.105,23793
RRL,20200323,3.41,3.55,3.37,3.41,4261169
RSG,20200323,0.725,0.75,0.66,0.67,13011808
RSM,20200323,21.57,21.57,21.17,21.56,6701
RTG,20200323,0.056,0.056,0.053,0.053,94993
RTR,20200323,0.05,0.05,0.045,0.045,691957
RUL,20200323,0.72,0.72,0.58,0.62,849051
RVR,20200323,0.046,0.046,0.042,0.042,2455062
RWC,20200323,1.795,1.92,1.63,1.72,5114430
RWD,20200323,0.08,0.08,0.076,0.076,186729
RXL,20200323,0.015,0.015,0.013,0.014,14711472
RXM,20200323,0.033,0.033,0.029,0.029,698326
RXP,20200323,0.205,0.21,0.19,0.2,221862
RZI,20200323,0.39,0.4,0.3,0.3,169595
S2R,20200323,0.082,0.082,0.079,0.08,190345
S32,20200323,1.65,1.7,1.585,1.665,25327344
S66,20200323,0.45,0.45,0.45,0.45,3000
SAR,20200323,2.86,3.22,2.82,2.97,13689320
SAU,20200323,0.12,0.12,0.115,0.115,36000
SBM,20200323,1.885,1.955,1.825,1.85,5454990
SBR,20200323,0.001,0.001,0.001,0.001,480000
SCG,20200323,1.41,1.525,1.35,1.495,41143502
SCI,20200323,0.005,0.005,0.004,0.004,52929
SCL,20200323,0.009,0.01,0.009,0.009,872049
SCN,20200323,0.015,0.015,0.015,0.015,200000
SCP,20200323,1.99,2.12,1.975,2.07,7368509
SCU,20200323,0.008,0.008,0.008,0.008,15380
SDF,20200323,2.8,2.83,2.52,2.75,7031145
SDG,20200323,1.1,1.1,0.9,1,125464
SDI,20200323,0.77,0.77,0.65,0.675,138978
SDV,20200323,0.34,0.34,0.25,0.295,490667
SDX,20200323,0.022,0.022,0.022,0.022,19966
SE1,20200323,0.005,0.005,0.004,0.004,2458667
SEC,20200323,1,1,0.92,1,182885
SEI,20200323,0.029,0.029,0.028,0.028,424000
SEK,20200323,13.25,13.46,11.23,11.95,5354353
SEN,20200323,0.04,0.04,0.038,0.038,821242
SEQ,20200323,0.14,0.15,0.14,0.15,52782
SER,20200323,0.004,0.004,0.004,0.004,400000
SF1,20200323,0.014,0.014,0.014,0.014,43112
SFC,20200323,10.7,10.7,9.9,9.9,2602
SFM,20200323,0.051,0.051,0.051,0.051,50000
SFR,20200323,2.91,2.91,2.75,2.8,1304896
SFX,20200323,0.068,0.068,0.065,0.065,313079
SFY,20200323,44.5,45.3,41.45,45.3,61075
SGC,20200323,0.009,0.009,0.009,0.009,150479
SGF,20200323,1.1,1.165,0.965,1,885408
SGH,20200323,0.78,0.78,0.7,0.72,4887
SGI,20200323,0.05,0.05,0.05,0.05,50000
SGM,20200323,5.88,6.04,5.52,5.74,1428842
SGP,20200323,1.905,1.93,1.72,1.795,29063871
SGQ,20200323,0.068,0.068,0.061,0.063,1093326
SHE,20200323,0.005,0.006,0.005,0.006,73198
SHH,20200323,0.001,0.001,0.001,0.001,27500
SHJ,20200323,0.655,0.68,0.6,0.63,57573
SHL,20200323,20.22,23.5,20.06,23.04,4006886
SHM,20200323,0.465,0.5,0.44,0.475,47570
SHO,20200323,0.006,0.006,0.006,0.006,162000
SHV,20200323,6.88,7.35,6.5,7.19,1440444
SI6,20200323,0.001,0.001,0.001,0.001,1631250
SIG,20200323,0.69,0.69,0.62,0.68,3075851
SIO,20200323,0.25,0.25,0.2,0.2,81750
SIQ,20200323,4.25,4.5,3.92,4.17,2461259
SIT,20200323,0.035,0.035,0.035,0.035,100000
SIV,20200323,0.365,0.365,0.3,0.36,148883
SKC,20200323,1.21,1.29,1.095,1.23,1850758
SKF,20200323,0.069,0.069,0.066,0.066,76234
SKI,20200323,1.75,1.835,1.735,1.8,12395301
SKN,20200323,0.02,0.039,0.013,0.02,14512658
SKO,20200323,1.09,1.09,0.905,0.98,144867
SKT,20200323,0.25,0.25,0.2,0.2,318445
SKY,20200323,0.145,0.145,0.115,0.14,678893
SLC,20200323,0.49,0.495,0.435,0.445,1208407
SLF,20200323,8.66,8.7,7.8,7.89,212026
SLK,20200323,2.6,2.72,2.45,2.57,580189
SLM,20200323,0.76,0.76,0.73,0.755,268430
SLR,20200323,1.25,1.275,1.17,1.19,12615057
SLX,20200323,0.205,0.205,0.18,0.19,92538
SM1,20200323,5,5,4.65,4.79,113634
SM8,20200323,0.075,0.08,0.075,0.08,420596
SMD,20200323,0.003,0.003,0.003,0.003,3781375
SMI,20200323,0.003,0.003,0.003,0.003,250000
SMN,20200323,0.3,0.3,0.235,0.235,357785
SMP,20200323,0.24,0.275,0.22,0.22,872144
SMR,20200323,0.755,0.755,0.68,0.735,99727
SMX,20200323,0.28,0.28,0.275,0.28,222924
SNC,20200323,0.53,0.53,0.4,0.47,268961
SND,20200323,0.38,0.38,0.38,0.38,2000
SNL,20200323,3.4,3.4,3.05,3.05,13610
SNS,20200323,0.058,0.058,0.058,0.058,40000
SNZ,20200323,4.01,4.01,3.89,3.89,780
SO4,20200323,0.335,0.34,0.32,0.33,144026
SOL,20200323,17.94,18.69,17.35,18.66,832063
SOP,20200323,0.021,0.021,0.021,0.021,172961
SOR,20200323,0.042,0.042,0.037,0.037,254114
SP3,20200323,0.055,0.055,0.05,0.05,130000
SPK,20200323,3.39,3.74,3.35,3.73,2532073
SPL,20200323,0.755,0.755,0.645,0.675,1046663
SPQ,20200323,0.002,0.002,0.002,0.002,650000
SPT,20200323,0.24,0.245,0.21,0.215,885005
SPX,20200323,0.1,0.1,0.098,0.1,2834239
SPY,20200323,387.17,387.4,374,387.4,918
SPZ,20200323,0.092,0.092,0.08,0.085,276881
SRG,20200323,0.205,0.205,0.17,0.185,399799
SRI,20200323,0.036,0.036,0.03,0.03,214701
SRK,20200323,0.037,0.037,0.024,0.025,851770
SRV,20200323,2.55,2.59,2.04,2.17,59317
SRY,20200323,0.014,0.014,0.014,0.014,262137
SRZ,20200323,0.008,0.01,0.007,0.01,498004
SSG,20200323,0.335,0.335,0.27,0.3,810495
SSM,20200323,1.69,1.69,1.54,1.625,3248867
SSO,20200323,10.8,10.8,9.77,9.77,8576
SST,20200323,10.1,10.1,10.1,10.1,80
ST1,20200323,0.14,0.14,0.12,0.13,121406
STA,20200323,0.08,0.08,0.072,0.08,474326
STG,20200323,0.7,0.7,0.5,0.56,34909
STM,20200323,0.004,0.004,0.003,0.003,2240690
STN,20200323,0.365,0.365,0.34,0.34,28400
STO,20200323,2.95,3.01,2.78,2.92,13921882
STW,20200323,42.95,43.43,41.22,43.14,807857
STX,20200323,0.095,0.095,0.081,0.086,5787378
SUD,20200323,0.043,0.043,0.042,0.042,140453
SUL,20200323,3.77,4.12,3.02,4.12,3072883
SUN,20200323,7.5,7.95,7.3,7.81,6097640
SUP,20200323,0.006,0.006,0.006,0.006,1021529
SVA,20200323,0.017,0.017,0.011,0.012,1656244
SVL,20200323,0.069,0.071,0.065,0.065,5316333
SVM,20200323,0.085,0.085,0.08,0.08,188000
SVW,20200323,10.5,10.63,8.94,9.49,1325303
SVY,20200323,0.35,0.35,0.265,0.28,803680
SWF,20200323,0.115,0.12,0.095,0.1,1375928
SWK,20200323,0.13,0.13,0.115,0.115,303408
SWM,20200323,0.07,0.073,0.066,0.066,4974083
SXA,20200323,0.05,0.05,0.05,0.05,16788
SXE,20200323,0.38,0.38,0.35,0.355,376995
SXL,20200323,0.22,0.22,0.14,0.165,7399392
SXY,20200323,0.15,0.15,0.13,0.13,12462795
SYA,20200323,0.008,0.008,0.006,0.006,3198245
SYD,20200323,4.6,5.14,4.37,4.99,16827056
SYI,20200323,19.5,19.5,18.65,19.41,19939
SYR,20200323,0.2,0.25,0.177,0.225,11395679
SZL,20200323,0.495,0.495,0.35,0.37,631278
TAH,20200323,2.11,2.265,2.09,2.18,15292015
TAM,20200323,0.037,0.037,0.034,0.034,215000
TAO,20200323,0.045,0.045,0.045,0.045,4965
TAP,20200323,0.067,0.067,0.065,0.065,70370
TAR,20200323,0.007,0.007,0.007,0.007,300000
TAS,20200323,0.028,0.028,0.02,0.021,225000
TBR,20200323,4.58,4.8,4.45,4.8,218890
TCL,20200323,9.35,10.51,9.1,10.23,22842843
TD1,20200323,0.015,0.015,0.014,0.014,2601963
TDI,20200323,1.035,1.12,1.035,1.07,77000
TDO,20200323,0.05,0.05,0.05,0.05,20000
TDY,20200323,0.085,0.095,0.085,0.095,133600
TEG,20200323,0.026,0.026,0.025,0.025,143924
TEK,20200323,0.165,0.165,0.13,0.135,605775
TGA,20200323,0.035,0.04,0.034,0.034,519894
TGF,20200323,0.92,0.92,0.68,0.74,540298
TGG,20200323,1.02,1.02,0.94,0.945,628684
TGH,20200323,0.08,0.08,0.08,0.08,90000
TGM,20200323,0.18,0.18,0.18,0.18,43000
TGP,20200323,0.7,0.7,0.53,0.65,113845
TGR,20200323,2.91,2.94,2.77,2.9,1148663
THC,20200323,0.2,0.2,0.18,0.195,249061
TIE,20200323,0.14,0.14,0.115,0.125,748427
TIP,20200323,0.565,0.565,0.52,0.52,94238
TLG,20200323,0.24,0.24,0.21,0.215,707038
TLM,20200323,0.06,0.06,0.06,0.06,54531
TLS,20200323,2.91,3.17,2.87,3.09,64653328
TLT,20200323,2.81,2.81,2.8,2.8,3960
TLX,20200323,0.81,0.815,0.755,0.8,1083081
TMG,20200323,0.03,0.03,0.027,0.027,845522
TMR,20200323,0.115,0.115,0.1,0.1,86393
TMT,20200323,0.069,0.069,0.061,0.061,448887
TMX,20200323,0.002,0.003,0.002,0.003,2500000
TMZ,20200323,0.011,0.011,0.01,0.01,90000
TNE,20200323,6.96,7.3,6.76,7.19,2390271
TNG,20200323,0.05,0.05,0.04,0.044,1756417
TNK,20200323,0.68,0.68,0.64,0.64,50520
TNR,20200323,0.005,0.005,0.004,0.004,1102641
TNT,20200323,0.032,0.032,0.025,0.025,4348406
TNY,20200323,0.6,0.61,0.51,0.6,214160
TOE,20200323,0.004,0.004,0.003,0.003,4527700
TON,20200323,0.02,0.021,0.02,0.021,895290
TOP,20200323,0.38,0.38,0.31,0.335,305976
TOT,20200323,0.75,0.75,0.62,0.65,390802
TPC,20200323,0.82,0.82,0.82,0.82,2000
TPM,20200323,6.72,6.87,6.22,6.41,1767786
TPP,20200323,0.032,0.032,0.029,0.03,782724
TPS,20200323,0.07,0.07,0.07,0.07,77815
TPW,20200323,2.02,2.02,1.52,1.57,605544
TRL,20200323,0.02,0.02,0.018,0.018,767380
TRM,20200323,0.005,0.005,0.005,0.005,1300000
TRS,20200323,2.7,2.7,2.46,2.55,119877
TRT,20200323,0.01,0.01,0.01,0.01,17000
TRY,20200323,0.062,0.062,0.06,0.062,548035
TSC,20200323,0.004,0.004,0.003,0.003,2675256
TSL,20200323,0.041,0.041,0.037,0.037,563785
TSO,20200323,0.031,0.031,0.025,0.025,5385861
TTB,20200323,0.33,0.33,0.255,0.255,8316
TTI,20200323,0.007,0.008,0.006,0.008,837500
TTM,20200323,0.034,0.04,0.034,0.039,852625
TTT,20200323,0.59,0.59,0.485,0.55,804714
TWD,20200323,2.65,2.7,2.5,2.65,30508
TWE,20200323,9.43,9.44,8.74,9.21,8610925
TWR,20200323,0.5,0.5,0.5,0.5,5335391
TYR,20200323,1.28,1.28,1.025,1.09,6777774
TYX,20200323,0.002,0.002,0.002,0.002,4609782
TZL,20200323,0.04,0.04,0.04,0.04,7190
TZN,20200323,0.025,0.025,0.025,0.025,15064
UBA,20200323,15.35,15.35,14.69,15.05,3331
UBE,20200323,18.92,18.92,17.64,18.37,10161
UBI,20200323,0.14,0.14,0.14,0.14,86111
UBJ,20200323,23.43,23.89,23.43,23.89,2135
UBN,20200323,0.035,0.035,0.024,0.03,880824
UBP,20200323,25.45,27.3,25,27.29,5294
UBU,20200323,27.52,27.52,27.51,27.51,1399
UBW,20200323,23,25.13,22,24.63,10211
UCM,20200323,0.195,0.195,0.17,0.19,377371
UCW,20200323,0.12,0.12,0.12,0.12,1000
UNV,20200323,0.135,0.145,0.125,0.125,405000
UOS,20200323,0.64,0.64,0.59,0.59,383386
URF,20200323,0.28,0.28,0.2,0.225,549440
URW,20200323,4.84,5.29,4.81,5,3597696
USD,20200323,17.06,17.08,16.85,16.89,346255
UUV,20200323,0.002,0.002,0.002,0.002,1000000
UWL,20200323,0.895,0.9,0.81,0.845,1557092
VAE,20200323,60.72,61.99,59.01,60.11,21170
VAF,20200323,51.57,52.43,51.57,52.22,67193
VAH,20200323,0.064,0.064,0.051,0.055,5898550
VAL,20200323,0.001,0.001,0.001,0.001,12000090
VAN,20200323,0.095,0.096,0.095,0.095,107673
VAP,20200323,55.5,55.5,50.2,50.7,85313
VAR,20200323,0.012,0.012,0.012,0.012,18179
VAS,20200323,60,60.5,56.28,58.35,1010508
VCF,20200323,43.5,44.25,41.2,42.5,21856
VCX,20200323,1.02,1.06,0.965,0.975,23380045
VEA,20200323,1.22,1.28,1.125,1.2,7787902
VEE,20200323,0.43,0.43,0.43,0.43,2960
VEN,20200323,0.064,0.064,0.057,0.057,183303
VEQ,20200323,45.94,45.94,43,45.06,9287
VEU,20200323,62.5,62.55,59.88,61.85,117111
VG1,20200323,2.07,2.13,2.04,2.08,1617269
VG8,20200323,2.1,2.14,2.07,2.12,315803
VGB,20200323,52.75,53.98,52.51,53.56,45845
VGE,20200323,58.75,59.89,56.43,57.15,39724
VGI,20200323,7.96,7.96,6.88,6.91,37030
VGS,20200323,66.74,67.6,63.5,67.6,231569
VHT,20200323,0.98,0.98,0.81,0.81,750335
VHY,20200323,42.49,42.49,39.19,40.77,203581
VIF,20200323,49.55,50,48.93,48.99,85488
VIP,20200323,0.029,0.029,0.029,0.029,18594
VKA,20200323,0.005,0.005,0.005,0.005,60000
VLC,20200323,49,49.67,46.72,49.66,17671
VLS,20200323,0.55,0.55,0.55,0.55,5000
VLT,20200323,0.11,0.12,0.09,0.11,461410
VMC,20200323,0.15,0.15,0.13,0.13,105626
VMG,20200323,0.002,0.002,0.002,0.002,4471500
VML,20200323,0.007,0.007,0.006,0.006,7883622
VMS,20200323,0.008,0.008,0.008,0.008,1756600
VMT,20200323,0.125,0.125,0.11,0.125,577194
VMY,20200323,0.023,0.023,0.019,0.019,1595702
VN8,20200323,0.075,0.075,0.071,0.071,282677
VOC,20200323,2.07,2.09,1.8,1.81,4489205
VOR,20200323,0.004,0.005,0.004,0.004,1835062
VP7,20200323,0.5,0.5,0.5,0.5,1491
VPR,20200323,0.001,0.001,0.001,0.001,10813658
VRC,20200323,0.006,0.006,0.005,0.006,2666666
VRL,20200323,1.22,1.22,0.8,0.99,934584
VRS,20200323,0.027,0.027,0.02,0.02,1100715
VRT,20200323,2.33,2.33,2.07,2.16,401466
VRX,20200323,0.055,0.055,0.045,0.05,1654097
VSO,20200323,39.1,39.1,36.34,37.52,27572
VTG,20200323,0.61,0.625,0.555,0.62,964263
VTH,20200323,0.68,0.68,0.64,0.64,333763
VTS,20200323,195,195.14,187.8,191.5,48401
VUK,20200323,1.2,1.32,1.185,1.27,8618437
VUL,20200323,0.185,0.19,0.165,0.165,460092
VVR,20200323,1.835,2.04,1.805,2,5815734
VXR,20200323,0.066,0.066,0.05,0.05,175404
VYS,20200323,0.041,0.041,0.041,0.041,100000
WAA,20200323,0.87,0.87,0.86,0.87,77054
WAF,20200323,0.435,0.435,0.365,0.405,5098079
WAM,20200323,1.71,1.715,1.5,1.51,2710804
WAX,20200323,1.1,1.1,0.95,0.95,833700
WBC,20200323,14.48,14.63,13.47,14.1,22683017
WBE,20200323,0.003,0.003,0.003,0.003,1501610
WBT,20200323,0.255,0.26,0.2,0.22,203907
WCN,20200323,0.002,0.002,0.002,0.002,2088333
WEC,20200323,0.065,0.065,0.065,0.065,95684
WEL,20200323,0.016,0.017,0.016,0.016,615329
WES,20200323,31,32.04,29.75,31.02,5827906
WGB,20200323,1.52,1.52,1.36,1.4,623678
WGN,20200323,0.65,0.69,0.585,0.6,261161
WGO,20200323,0.09,0.09,0.075,0.08,1592886
WGX,20200323,1.6,1.64,1.545,1.575,3925778
WHC,20200323,1.59,1.765,1.565,1.665,12102022
WHF,20200323,3.88,3.99,3.68,3.84,108535
WHK,20200323,0.034,0.034,0.025,0.025,465459
WIC,20200323,0.7,0.7,0.565,0.595,250654
WJA,20200323,0.09,0.09,0.09,0.09,150000
WKT,20200323,0.125,0.135,0.112,0.12,882394
WLD,20200323,0.04,0.04,0.04,0.04,103576
WLE,20200323,0.84,0.84,0.76,0.79,4110067
WMI,20200323,0.93,0.93,0.845,0.85,478091
WML,20200323,0.008,0.008,0.007,0.007,600000
WNB,20200323,0.006,0.006,0.005,0.005,21724471
WND,20200323,0.835,0.84,0.77,0.77,284519
WNR,20200323,0.24,0.24,0.225,0.23,44000
WOA,20200323,0.105,0.11,0.1,0.1,58500
WOR,20200323,4.98,5.14,4.63,4.9,4027786
WOW,20200323,34.86,37.2,34.61,36.45,6847215
WPL,20200323,15.6,15.9,14.93,15.27,6092417
WPP,20200323,0.4,0.41,0.33,0.35,2086001
WQG,20200323,0.97,0.97,0.875,0.875,201426
WRM,20200323,0.003,0.003,0.003,0.003,336855
WSA,20200323,1.735,1.735,1.625,1.66,3471355
WSI,20200323,0.011,0.011,0.009,0.01,3557659
WSP,20200323,0.92,0.92,0.7,0.705,311949
WTC,20200323,11,12.74,10.51,12,2003541
WWI,20200323,0.008,0.008,0.008,0.008,173705
WZR,20200323,0.081,0.081,0.068,0.07,15197460
XAM,20200323,0.023,0.023,0.022,0.022,236364
XCD,20200323,0.005,0.005,0.004,0.004,3753754
XF1,20200323,0.13,0.13,0.125,0.13,210000
XPL,20200323,0.043,0.043,0.043,0.043,242851
XRF,20200323,0.16,0.16,0.14,0.15,101160
XRO,20200323,55.47,60.1,54.69,58.75,2035212
XTD,20200323,0.024,0.024,0.024,0.024,183906
XTE,20200323,0.47,0.47,0.385,0.395,92468
YAL,20200323,2,2.1,2,2.09,18947
YBR,20200323,0.059,0.06,0.059,0.059,58000
YOJ,20200323,0.015,0.015,0.012,0.013,1882684
YOW,20200323,0.03,0.03,0.03,0.03,74884
YRL,20200323,0.145,0.145,0.14,0.145,73675
Z1P,20200323,1.29,1.29,1.05,1.225,11552661
ZEL,20200323,3.06,3.06,2.44,2.82,121479
ZEN,20200323,0.845,0.845,0.79,0.82,1149210
ZEU,20200323,0.005,0.005,0.005,0.005,112000
ZIM,20200323,7.8,7.8,7.8,7.8,1247
ZLD,20200323,0.028,0.028,0.022,0.022,1531783
ZMI,20200323,0.03,0.03,0.025,0.025,131000
ZNO,20200323,1.35,1.395,1.05,1.28,5298360
XAF,20200323,4799.5,4799.5,4395.7,4559.8,0
XAO,20200323,4854.3,4854.3,4429.1,4564.1,0
XAT,20200323,4762.7,4762.7,4352.2,4493.7,0
XDJ,20200323,1742.5,1742.5,1549.2,1597.4,0
XEC,20200323,848.2,848.6,745.2,757.8,0
XEJ,20200323,5430.8,5430.8,4960.8,5022.7,0
XFJ,20200323,4075,4075,3591.2,3658.7,0
XFL,20200323,4827.8,4827.8,4426.9,4592,0
XGD,20200323,5507.7,5717.4,5348.9,5560.7,0
XHJ,20200323,37230.8,38954.9,33730.5,38201.2,0
XIJ,20200323,914.1,914.1,818.9,847.9,0
XJO,20200323,4816.6,4816.6,4402.5,4546,0
XJR,20200323,3296.5,3296.5,3105.5,3192,0
XKO,20200323,4773,4773,4359.6,4500,0
XMD,20200323,4927.8,4927.8,4413.2,4511.3,0
XMJ,20200323,10112.8,10112.8,9526.9,9824.7,0
XMM,20200323,3332.2,3332.2,3156.3,3256.2,0
XNJ,20200323,4515.6,4515.6,4055.6,4321.3,0
XPJ,20200323,988.2,988.2,877.4,877.4,0
XSJ,20200323,12173,12173,11250.1,11669.3,0
XSO,20200323,1999.7,1999.7,1783.5,1825.8,0
XTJ,20200323,1031.3,1031.3,952.8,1001.3,0
XTL,20200323,2757.7,2757.7,2519.3,2633.3,0
XTO,20200323,3997.6,3997.6,3659.7,3782.8,0
XUJ,20200323,7011.4,7011.4,6475.9,6625.9,0
XXJ,20200323,4545,4545,4005.4,4080.7,0
