360,20200511,1.985,2.05,1.985,2,96731
14D,20200511,0.17,0.175,0.16,0.16,126890
1AD,20200511,0.062,0.062,0.059,0.059,163000
1ST,20200511,0.031,0.032,0.031,0.031,1618149
2BE,20200511,0.1,0.105,0.1,0.1,48590
3DA,20200511,0.185,0.195,0.175,0.18,457969
3DP,20200511,0.039,0.039,0.038,0.038,272323
3PL,20200511,0.77,0.77,0.76,0.76,98726
4DS,20200511,0.055,0.057,0.053,0.053,1452590
5GN,20200511,0.915,0.915,0.89,0.9,266809
88E,20200511,0.006,0.006,0.005,0.006,46799718
8CO,20200511,0.054,0.055,0.052,0.055,527500
8IH,20200511,0.1,0.1,0.1,0.1,33664
9SP,20200511,0.016,0.017,0.016,0.016,935966
A1M,20200511,0.275,0.3,0.275,0.3,132875
A2B,20200511,0.76,0.81,0.76,0.79,156176
A2M,20200511,18.35,18.375,17.97,18,2068404
A3D,20200511,0.077,0.08,0.077,0.077,31928
A4N,20200511,0.16,0.16,0.15,0.16,221453
AAA,20200511,50.07,50.08,50.07,50.07,65429
AAC,20200511,1.085,1.105,1.06,1.08,807166
AAJ,20200511,0.003,0.003,0.003,0.003,9874444
AAR,20200511,0.145,0.15,0.14,0.15,504409
ABA,20200511,4.47,4.48,4.47,4.48,8805
ABC,20200511,2.6,2.65,2.54,2.55,3755894
ABP,20200511,2.51,2.52,2.48,2.5,761942
ABR,20200511,0.42,0.43,0.39,0.395,2736785
ABX,20200511,0.082,0.087,0.081,0.087,76176
AC8,20200511,0.17,0.175,0.165,0.17,995183
ACB,20200511,0.014,0.015,0.013,0.014,2052953
ACF,20200511,0.25,0.25,0.24,0.25,56969
ACQ,20200511,0.85,0.86,0.85,0.85,77010
ACR,20200511,0.135,0.14,0.135,0.135,128371
ACU,20200511,0.08,0.08,0.08,0.08,119813
ACW,20200511,0.021,0.021,0.02,0.02,586309
AD1,20200511,0.011,0.011,0.011,0.011,271545
AD8,20200511,6.15,6.24,5.89,6.09,416528
ADA,20200511,0.42,0.42,0.41,0.42,42709
ADD,20200511,0.016,0.016,0.016,0.016,460734
ADH,20200511,1.64,1.74,1.57,1.57,1609578
ADI,20200511,2.09,2.17,2.08,2.13,538832
ADJ,20200511,0.021,0.022,0.021,0.021,440500
ADN,20200511,0.048,0.05,0.048,0.05,6432528
ADO,20200511,0.022,0.023,0.022,0.022,2418637
ADR,20200511,0.027,0.027,0.026,0.026,381387
ADT,20200511,1.305,1.365,1.3,1.3,327712
ADX,20200511,0.006,0.007,0.006,0.006,1417445
ADY,20200511,0.006,0.006,0.006,0.006,61700
AEE,20200511,0.004,0.004,0.004,0.004,22580059
AEF,20200511,5.35,5.58,5.34,5.51,397537
AEG,20200511,1.085,1.095,1.05,1.08,204636
AEI,20200511,0.63,0.67,0.63,0.63,622831
AEV,20200511,0.008,0.008,0.008,0.008,30000
AFG,20200511,1.425,1.425,1.38,1.4,1132321
AFI,20200511,5.8,5.8,5.74,5.77,480593
AFP,20200511,3.65,3.65,3.65,3.65,150
AFR,20200511,0.021,0.021,0.021,0.021,19997
AGD,20200511,0.16,0.165,0.145,0.165,48990
AGE,20200511,0.006,0.006,0.004,0.004,48010286
AGG,20200511,8.3,8.35,8.26,8.27,25221
AGH,20200511,0.395,0.42,0.395,0.41,1102110
AGI,20200511,0.46,0.52,0.46,0.52,153303
AGL,20200511,16.52,16.8,16.52,16.67,2127905
AGM,20200511,1.535,1.535,1.53,1.53,96239
AGR,20200511,0.071,0.08,0.071,0.08,7000
AGS,20200511,0.14,0.145,0.11,0.145,663264
AGY,20200511,0.051,0.051,0.047,0.051,888793
AHF,20200511,0.08,0.081,0.078,0.078,349570
AHL,20200511,0.004,0.004,0.004,0.004,400000
AHQ,20200511,0.08,0.083,0.08,0.08,90452
AHX,20200511,0.5,0.51,0.48,0.48,74319
AHY,20200511,1.02,1.045,1.012,1.02,469177
AHZ,20200511,7.57,7.7,7.46,7.61,10939
AIA,20200511,5.36,5.7,5.33,5.63,947500
AIB,20200511,0.09,0.09,0.09,0.09,1135
AIS,20200511,0.04,0.041,0.04,0.041,28077
AIZ,20200511,1.18,1.21,1.175,1.2,2856193
AJL,20200511,0.055,0.058,0.054,0.055,98949
AJM,20200511,0.037,0.042,0.037,0.04,8126998
AJQ,20200511,0.031,0.033,0.03,0.033,173736
AJX,20200511,0.05,0.05,0.047,0.048,232175
AKG,20200511,0.29,0.33,0.29,0.33,76687
AKM,20200511,0.08,0.082,0.08,0.08,48996
AKP,20200511,16.2,16.2,15.3,15.3,9514
AL3,20200511,0.18,0.185,0.17,0.18,735861
AL8,20200511,0.018,0.024,0.018,0.024,1258461
ALC,20200511,0.155,0.16,0.15,0.16,1791746
ALF,20200511,0.85,0.855,0.85,0.85,260930
ALG,20200511,0.33,0.375,0.33,0.37,5756133
ALI,20200511,2.1,2.14,2.1,2.12,58217
ALK,20200511,0.785,0.815,0.765,0.79,4192258
ALL,20200511,25.39,25.86,25.01,25.42,1646172
ALQ,20200511,6.43,6.58,6.37,6.44,1443394
ALT,20200511,0.003,0.003,0.003,0.003,2500000
ALU,20200511,36.79,37.27,36.36,36.79,666862
ALX,20200511,5.95,6.16,5.94,6.13,4661212
ALY,20200511,0.01,0.01,0.01,0.01,289230
AMA,20200511,0.45,0.475,0.435,0.465,7039247
AMC,20200511,13.74,13.92,13.72,13.72,2467189
AMD,20200511,0.005,0.005,0.005,0.005,345499
AME,20200511,0.062,0.065,0.062,0.065,5060000
AMG,20200511,0.045,0.045,0.042,0.044,1725188
AMH,20200511,0.875,0.88,0.87,0.875,108120
AMI,20200511,0.31,0.325,0.295,0.295,6828412
AML,20200511,0.085,0.086,0.078,0.079,435887
AMN,20200511,0.35,0.35,0.33,0.335,34432
AMP,20200511,1.425,1.44,1.415,1.425,9735786
AMS,20200511,0.65,0.71,0.64,0.685,791558
AMX,20200511,1.65,1.68,1.62,1.65,131840
ANA,20200511,0.007,0.007,0.007,0.007,6105224
ANG,20200511,0.13,0.13,0.13,0.13,75300
ANL,20200511,0.002,0.002,0.001,0.002,3040000
ANN,20200511,30.5,30.78,30.16,30.55,370245
ANO,20200511,4.69,5.64,4.69,5.64,206084
ANP,20200511,0.048,0.048,0.047,0.048,868864
ANW,20200511,0.001,0.001,0.001,0.001,3650000
ANZ,20200511,15.85,16.04,15.79,15.81,9261915
AO1,20200511,0.01,0.01,0.008,0.009,3361717
AOF,20200511,1.98,1.995,1.98,1.98,62056
AON,20200511,0.024,0.025,0.022,0.025,539920
AOP,20200511,0.26,0.26,0.24,0.26,463960
AOU,20200511,0.049,0.049,0.047,0.047,66365
APA,20200511,11.39,11.73,11.36,11.6,2292099
APC,20200511,0.052,0.052,0.051,0.051,1321041
APD,20200511,0.48,0.48,0.475,0.48,74740
APE,20200511,5.1,5.65,5.1,5.55,1463488
APG,20200511,0.001,0.001,0.001,0.001,1000000
APH,20200511,0.145,0.145,0.135,0.14,30653
API,20200511,1.095,1.125,1.09,1.095,1981840
APL,20200511,0.94,0.95,0.935,0.95,546096
APT,20200511,39.9,43.68,39.84,42.17,3677206
APV,20200511,0.185,0.185,0.16,0.175,175250
APX,20200511,30.49,30.82,29.62,29.69,1097613
APZ,20200511,1.025,1.025,1.025,1.025,4044
AQC,20200511,0.135,0.14,0.135,0.14,3500
AQD,20200511,0.012,0.012,0.011,0.011,1339122
AQG,20200511,8.88,8.88,8.88,8.88,80000
AQI,20200511,0.076,0.082,0.074,0.082,878209
AQR,20200511,3.27,3.4,3.26,3.32,119308
AQX,20200511,0.019,0.02,0.019,0.019,1577398
AQZ,20200511,2.26,2.27,2.21,2.25,212070
AR9,20200511,0.069,0.069,0.057,0.06,890910
ARB,20200511,15.48,15.6,15.01,15.18,151746
ARD,20200511,0.015,0.015,0.014,0.014,2665274
ARE,20200511,0.005,0.005,0.004,0.005,842000
ARF,20200511,2.15,2.19,2.14,2.16,1140585
ARG,20200511,7.22,7.25,7.17,7.22,185879
ARL,20200511,0.26,0.26,0.255,0.255,43701
ARM,20200511,0.013,0.013,0.013,0.013,991596
ARN,20200511,0.16,0.17,0.15,0.155,602136
ARQ,20200511,0.093,0.098,0.092,0.098,525174
ARS,20200511,0.043,0.046,0.043,0.045,10996006
ARU,20200511,0.073,0.075,0.071,0.071,1179590
ARV,20200511,0.03,0.031,0.029,0.029,1264041
AS1,20200511,0.135,0.135,0.13,0.13,103851
ASB,20200511,2.9,2.97,2.83,2.95,3764808
ASG,20200511,0.94,1,0.94,0.96,40962
ASH,20200511,0.325,0.33,0.325,0.33,41157
ASN,20200511,0.018,0.018,0.016,0.017,3111166
AST,20200511,1.95,1.97,1.945,1.96,7361530
ASX,20200511,82.87,83.5,82.17,83.15,425286
AT1,20200511,0.43,0.435,0.41,0.41,6983744
ATC,20200511,0.043,0.046,0.043,0.045,1279636
ATH,20200511,0.017,0.019,0.017,0.019,155467
ATL,20200511,0.29,0.315,0.28,0.28,846565
ATP,20200511,0.007,0.007,0.007,0.007,100000
ATS,20200511,0.024,0.024,0.023,0.024,4880256
ATU,20200511,0.22,0.22,0.215,0.215,225202
ATX,20200511,0.088,0.088,0.084,0.084,311606
AU8,20200511,0.064,0.068,0.062,0.067,2506084
AUB,20200511,12.48,12.48,11.87,11.88,167677
AUC,20200511,0.015,0.015,0.015,0.015,567780
AUI,20200511,7.75,7.77,7.68,7.68,12687
AUL,20200511,0.23,0.24,0.21,0.22,155914
AUQ,20200511,0.013,0.013,0.012,0.012,130000
AUR,20200511,0.017,0.017,0.017,0.017,141463
AUT,20200511,0.054,0.056,0.054,0.055,5629506
AUZ,20200511,0.01,0.01,0.009,0.009,48606925
AV1,20200511,0.09,0.09,0.088,0.088,109258
AVA,20200511,0.16,0.16,0.155,0.16,213470
AVG,20200511,0.425,0.43,0.415,0.425,103538
AVH,20200511,0.47,0.48,0.452,0.47,12963908
AVJ,20200511,0.38,0.38,0.37,0.375,82998
AVL,20200511,0.011,0.011,0.01,0.01,1833005
AVN,20200511,1.81,1.915,1.785,1.83,1040453
AVZ,20200511,0.064,0.065,0.062,0.063,5804477
AWC,20200511,1.54,1.565,1.525,1.54,10127115
AWN,20200511,0.05,0.05,0.05,0.05,19037
AWV,20200511,0.01,0.01,0.01,0.01,2822807
AX1,20200511,1.24,1.3,1.22,1.25,3646799
AXE,20200511,0.365,0.515,0.355,0.46,14028380
AYF,20200511,5.3,5.3,5.3,5.3,2095
AYR,20200511,0.014,0.015,0.014,0.014,35003
AYS,20200511,0.31,0.35,0.305,0.35,725100
AZI,20200511,0.004,0.005,0.004,0.005,2080833
AZJ,20200511,4.52,4.65,4.51,4.62,4773084
AZS,20200511,0.076,0.081,0.076,0.081,109579
AZY,20200511,0.021,0.023,0.021,0.022,6271287
BAF,20200511,0.72,0.72,0.72,0.72,45707
BAP,20200511,5.16,5.26,5.04,5.19,2041375
BAR,20200511,0.02,0.022,0.019,0.022,715831
BAS,20200511,0.002,0.002,0.001,0.001,2299999
BAT,20200511,0.006,0.006,0.005,0.005,597873
BBC,20200511,0.4,0.4,0.4,0.4,18048
BBN,20200511,2.72,2.76,2.64,2.64,477741
BBX,20200511,0.094,0.099,0.092,0.093,147607
BC8,20200511,0.42,0.46,0.42,0.46,407367
BCB,20200511,0.05,0.05,0.05,0.05,50000
BCC,20200511,0.185,0.185,0.185,0.185,5555
BCI,20200511,0.14,0.145,0.14,0.145,347064
BCK,20200511,0.025,0.025,0.025,0.025,10080
BCN,20200511,0.041,0.041,0.039,0.039,1536350
BCT,20200511,0.062,0.064,0.062,0.064,611886
BD1,20200511,0.025,0.026,0.025,0.025,1208182
BDA,20200511,0.315,0.315,0.275,0.29,693645
BDC,20200511,0.078,0.08,0.077,0.078,2774198
BEE,20200511,0.013,0.014,0.013,0.014,245186
BEM,20200511,0.035,0.036,0.035,0.036,25000
BEN,20200511,5.92,6.05,5.87,6,5555401
BET,20200511,0.275,0.275,0.265,0.265,1342983
BFC,20200511,0.065,0.07,0.065,0.065,1060861
BFG,20200511,1.17,1.23,1.14,1.16,470927
BGA,20200511,5.08,5.13,4.98,5.11,699147
BGL,20200511,0.61,0.61,0.575,0.59,3659592
BGT,20200511,0.17,0.19,0.17,0.19,75380
BHP,20200511,31.8,31.93,31.46,31.55,4674203
BID,20200511,0.76,0.8,0.76,0.79,306842
BIN,20200511,2.12,2.175,2.1,2.16,2206638
BIQ,20200511,0.005,0.006,0.005,0.006,4048010
BIS,20200511,0.975,0.99,0.975,0.99,12000
BIT,20200511,0.096,0.097,0.094,0.095,2508233
BKI,20200511,1.355,1.365,1.33,1.35,291497
BKL,20200511,75.84,77.5,75.84,76.96,29332
BKT,20200511,0.042,0.049,0.042,0.044,1637558
BKW,20200511,13.51,13.75,13.39,13.62,468971
BKY,20200511,0.28,0.28,0.27,0.28,38997
BLD,20200511,2.81,2.84,2.74,2.77,6011231
BLG,20200511,0.026,0.026,0.025,0.026,1428349
BLK,20200511,0.01,0.01,0.01,0.01,59079349
BLU,20200511,0.017,0.017,0.016,0.017,836885
BLX,20200511,0.8,0.815,0.79,0.8,37530
BLY,20200511,0.66,0.66,0.62,0.62,34646
BLZ,20200511,0.013,0.013,0.013,0.013,39230
BMN,20200511,0.043,0.044,0.041,0.041,1364571
BNO,20200511,0.044,0.047,0.044,0.046,301182
BNR,20200511,0.046,0.046,0.046,0.046,39999
BOA,20200511,0.23,0.24,0.23,0.24,25965
BOC,20200511,0.235,0.25,0.235,0.235,91213
BOE,20200511,0.067,0.07,0.066,0.068,3624692
BOQ,20200511,4.87,4.93,4.81,4.84,2128961
BOT,20200511,0.045,0.045,0.042,0.044,4054585
BPL,20200511,0.017,0.02,0.017,0.019,1100000
BPP,20200511,0.017,0.018,0.017,0.018,3800000
BPT,20200511,1.54,1.562,1.515,1.545,9380854
BRB,20200511,0.215,0.215,0.195,0.195,565553
BRG,20200511,18.6,19,18.41,18.67,198560
BRK,20200511,0.006,0.006,0.005,0.005,8802507
BRL,20200511,0.058,0.058,0.052,0.053,695419
BRN,20200511,0.05,0.052,0.05,0.05,5585549
BRU,20200511,0.091,0.091,0.088,0.09,649338
BRV,20200511,0.028,0.029,0.028,0.029,903743
BSA,20200511,0.28,0.28,0.25,0.255,1569952
BSE,20200511,0.14,0.147,0.14,0.14,986985
BSL,20200511,10.23,10.51,10.22,10.42,1731408
BSX,20200511,0.15,0.165,0.15,0.155,414485
BTC,20200511,0.079,0.079,0.075,0.075,42777
BTH,20200511,0.77,0.82,0.767,0.795,2014412
BTI,20200511,0.73,0.75,0.73,0.75,84548
BUB,20200511,1.09,1.19,1.09,1.175,16058415
BUD,20200511,0.01,0.01,0.009,0.009,2673991
BUX,20200511,0.085,0.085,0.081,0.081,157542
BUY,20200511,0.009,0.009,0.009,0.009,638307
BVS,20200511,4.85,4.99,4.83,4.94,1391681
BWF,20200511,0.31,0.32,0.31,0.32,106884
BWP,20200511,3.52,3.56,3.47,3.56,1106070
BWR,20200511,1.26,1.285,1.26,1.285,71068
BWX,20200511,3.81,3.86,3.73,3.74,240423
BXB,20200511,10.66,10.92,10.6,10.85,4662462
BXN,20200511,0.012,0.014,0.012,0.014,996563
BYE,20200511,0.165,0.17,0.155,0.16,1054179
BYH,20200511,0.03,0.033,0.03,0.033,401149
C6C,20200511,0.56,0.56,0.56,0.56,1593
CAA,20200511,0.105,0.105,0.102,0.105,168306
CAF,20200511,0.096,0.097,0.096,0.097,17280
CAG,20200511,0.47,0.48,0.47,0.48,34793
CAI,20200511,0.285,0.3,0.285,0.29,407661
CAJ,20200511,0.185,0.19,0.18,0.185,1778786
CAM,20200511,0.76,0.76,0.742,0.745,224733
CAN,20200511,0.93,1.075,0.92,1.065,1713390
CAP,20200511,0.023,0.023,0.023,0.023,22000
CAR,20200511,14.38,14.5,13.94,14.13,814356
CAT,20200511,1.26,1.32,1.23,1.3,722495
CAU,20200511,0.105,0.105,0.099,0.099,137693
CAY,20200511,0.12,0.14,0.12,0.13,1047432
CAZ,20200511,0.022,0.024,0.022,0.024,1150299
CBA,20200511,60,60.77,59.8,60.14,3138014
CBE,20200511,0.18,0.18,0.175,0.175,4410
CBR,20200511,2.25,2.3,2.1,2.15,278054
CBY,20200511,0.075,0.075,0.075,0.075,20000
CCA,20200511,0.071,0.102,0.071,0.09,960288
CCE,20200511,0.001,0.001,0.001,0.001,8757809
CCG,20200511,0.072,0.073,0.07,0.072,502527
CCL,20200511,8.68,8.75,8.58,8.67,3358596
CCP,20200511,14.87,15.39,14.87,15.23,839524
CCV,20200511,0.165,0.165,0.16,0.16,229458
CCX,20200511,2.25,2.45,2.25,2.38,757334
CCZ,20200511,0.018,0.019,0.017,0.017,1886747
CD1,20200511,0.72,0.74,0.72,0.735,29585
CD2,20200511,0.995,0.995,0.995,0.995,1
CDA,20200511,7.13,7.25,6.85,6.91,690928
CDD,20200511,0.28,0.29,0.27,0.275,87862
CDM,20200511,0.53,0.545,0.525,0.53,511183
CDP,20200511,3.22,3.3,3.15,3.24,15047
CDT,20200511,0.007,0.007,0.007,0.007,87143
CDV,20200511,0.43,0.43,0.42,0.425,628910
CDX,20200511,0.022,0.024,0.022,0.023,3410967
CE1,20200511,0.006,0.006,0.006,0.006,306050
CEL,20200511,0.185,0.195,0.18,0.18,2262439
CEN,20200511,5.83,6,5.83,6,307
CFE,20200511,0.003,0.003,0.002,0.002,1189000
CFO,20200511,0.04,0.042,0.04,0.042,30000
CG1,20200511,0.23,0.24,0.23,0.235,190311
CGB,20200511,0.007,0.007,0.007,0.007,1127098
CGC,20200511,2.84,2.92,2.81,2.9,1874040
CGF,20200511,4.84,5.01,4.59,4.6,5879104
CGL,20200511,3.12,3.23,3.09,3.12,509480
CGN,20200511,0.01,0.01,0.01,0.01,200000
CGO,20200511,0.092,0.092,0.09,0.09,200000
CGS,20200511,0.335,0.335,0.31,0.32,49388
CHC,20200511,7.45,7.8,7.42,7.71,2544321
CHK,20200511,0.007,0.007,0.007,0.007,628570
CHN,20200511,1.275,1.275,1.075,1.095,5853262
CHZ,20200511,0.074,0.074,0.071,0.072,360762
CI1,20200511,0.03,0.032,0.03,0.032,2175445
CIA,20200511,1.9,1.96,1.9,1.94,1157845
CIE,20200511,0.54,0.555,0.54,0.545,23351
CIM,20200511,23.4,24.08,22.9,23.15,651977
CIN,20200511,21.24,21.3,21.01,21.27,4756
CIP,20200511,2.67,2.69,2.66,2.67,805190
CKA,20200511,0.038,0.039,0.035,0.035,559658
CKF,20200511,7.88,8.01,7.58,7.65,606448
CL1,20200511,1.39,1.415,1.37,1.415,135205
CL8,20200511,0.009,0.009,0.008,0.008,1450100
CLA,20200511,0.01,0.01,0.008,0.008,495789
CLB,20200511,0.077,0.077,0.077,0.077,25000
CLF,20200511,1.01,1.01,1.01,1.01,1602
CLQ,20200511,0.2,0.205,0.195,0.205,935027
CLV,20200511,2.24,2.32,2.18,2.24,573544
CLW,20200511,4.15,4.28,4.09,4.23,2069539
CLZ,20200511,0.002,0.002,0.001,0.001,103716189
CM8,20200511,0.02,0.02,0.019,0.02,2864350
CML,20200511,0.009,0.01,0.009,0.01,311297
CMM,20200511,1.345,1.345,1.305,1.34,168022
CMP,20200511,0.525,0.555,0.525,0.55,87967
CMW,20200511,0.75,0.775,0.75,0.77,5871164
CNB,20200511,0.076,0.08,0.075,0.08,400148
CNI,20200511,1.625,1.675,1.605,1.65,351749
CNJ,20200511,0.006,0.007,0.006,0.007,170100
CNU,20200511,6.69,6.72,6.65,6.65,324539
CNW,20200511,0.02,0.02,0.02,0.02,1829543
COB,20200511,0.115,0.12,0.11,0.115,100354
COE,20200511,0.385,0.4,0.38,0.385,13836907
COF,20200511,1.875,1.92,1.875,1.91,2486051
COG,20200511,0.044,0.044,0.042,0.042,348846
COH,20200511,182.15,193.25,181.22,191,292370
COI,20200511,0.09,0.09,0.084,0.085,565161
COL,20200511,15.2,15.28,15.1,15.1,2768679
COO,20200511,0.052,0.052,0.052,0.052,30000
COS,20200511,0.34,0.35,0.34,0.35,85125
COY,20200511,0.008,0.009,0.008,0.009,116000
CP1,20200511,0.088,0.088,0.087,0.088,32003
CPH,20200511,0.067,0.079,0.067,0.071,4748682
CPT,20200511,0.014,0.015,0.014,0.014,230247
CPU,20200511,11.51,11.93,11.47,11.82,1703359
CPV,20200511,0.145,0.15,0.145,0.15,235234
CQE,20200511,2.31,2.36,2.26,2.27,1687780
CQR,20200511,3.1,3.22,3.06,3.17,2633123
CR1,20200511,0.255,0.285,0.25,0.285,255181
CRN,20200511,1.13,1.155,1.11,1.13,1094675
CRO,20200511,0.003,0.003,0.003,0.003,500000
CRS,20200511,0.125,0.125,0.12,0.12,92293
CSE,20200511,0.03,0.03,0.03,0.03,5200
CSL,20200511,303.29,304.85,300.8,302.14,619258
CSR,20200511,3.48,3.51,3.34,3.38,3269131
CSS,20200511,0.685,0.685,0.65,0.655,87368
CST,20200511,0.145,0.145,0.135,0.14,330532
CT1,20200511,0.024,0.024,0.022,0.022,619749
CTD,20200511,12.1,12.46,11.98,12.43,556631
CTM,20200511,0.22,0.235,0.215,0.22,602246
CTO,20200511,0.005,0.005,0.004,0.005,382379
CTP,20200511,0.073,0.074,0.073,0.074,452326
CTX,20200511,24.59,25.28,24.31,25.16,1001250
CUE,20200511,0.075,0.076,0.075,0.076,326522
CUL,20200511,0.009,0.009,0.009,0.009,90200
CUP,20200511,0.88,0.885,0.88,0.885,85055
CUV,20200511,23.35,23.77,22.83,22.83,87631
CUX,20200511,0.004,0.004,0.004,0.004,50000
CV1,20200511,0.095,0.095,0.088,0.09,102222
CVF,20200511,0.77,0.77,0.755,0.755,246016
CVL,20200511,0.405,0.405,0.395,0.395,8507
CVN,20200511,0.205,0.235,0.2,0.235,7945868
CVW,20200511,0.24,0.245,0.24,0.245,127651
CWN,20200511,9.45,9.65,9.26,9.32,1538857
CWP,20200511,4.4,4.55,4.36,4.54,84064
CWX,20200511,0.2,0.205,0.195,0.2,171881
CWY,20200511,1.89,1.905,1.855,1.88,3401928
CWZ,20200511,0.15,0.15,0.125,0.14,470000
CXL,20200511,0.71,0.71,0.695,0.71,14411
CXM,20200511,0.03,0.03,0.03,0.03,2703
CXO,20200511,0.051,0.055,0.051,0.053,6118248
CXU,20200511,0.026,0.026,0.026,0.026,100000
CXZ,20200511,0.016,0.017,0.016,0.017,1613826
CYG,20200511,0.5,0.53,0.5,0.53,23279
CYL,20200511,3.09,3.19,3.03,3.19,17094
CYM,20200511,0.15,0.15,0.15,0.15,2018
CYP,20200511,0.71,0.72,0.67,0.675,517715
CYQ,20200511,0.001,0.001,0.001,0.001,5046502
CZI,20200511,0.1,0.105,0.097,0.097,314126
CZL,20200511,0.003,0.003,0.003,0.003,50740
CZN,20200511,0.003,0.003,0.002,0.003,6959564
CZR,20200511,0.01,0.011,0.01,0.01,6335189
D2O,20200511,1.33,1.34,1.31,1.33,37118
DAV,20200511,0.054,0.054,0.044,0.044,67318
DCC,20200511,0.031,0.031,0.029,0.029,9410286
DCG,20200511,0.22,0.225,0.215,0.225,664371
DCL,20200511,0.053,0.055,0.052,0.053,339631
DCN,20200511,0.39,0.395,0.37,0.38,10538373
DDD,20200511,0.002,0.003,0.001,0.002,137417789
DDR,20200511,7.1,7.3,7.05,7.1,418864
DEG,20200511,0.38,0.407,0.375,0.4,12593152
DEM,20200511,0.18,0.18,0.18,0.18,20580
DEV,20200511,0.093,0.093,0.085,0.085,556496
DGH,20200511,1.155,1.155,1.155,1.155,183
DGO,20200511,2.1,2.1,2.01,2.09,17951
DGR,20200511,0.062,0.062,0.062,0.062,126384
DHG,20200511,3,3.11,2.91,2.93,1593910
DHR,20200511,0.002,0.002,0.002,0.002,1056667
DIV,20200511,19,19.8,19,19.8,17493
DJW,20200511,2.5,2.54,2.49,2.52,125487
DKM,20200511,0.14,0.145,0.14,0.145,415517
DME,20200511,0.19,0.19,0.19,0.19,45000
DMP,20200511,57,57.55,55.57,56.11,358413
DNA,20200511,0.038,0.038,0.036,0.038,797167
DNK,20200511,0.365,0.38,0.365,0.38,178005
DOW,20200511,4.12,4.27,4.11,4.22,4400703
DRE,20200511,0.006,0.006,0.005,0.006,985000
DRO,20200511,0.1,0.115,0.1,0.11,1589541
DRX,20200511,0.008,0.008,0.008,0.008,411000
DSE,20200511,0.052,0.052,0.05,0.05,2809066
DTC,20200511,0.91,0.95,0.91,0.945,339936
DTI,20200511,0.029,0.029,0.029,0.029,45578
DTL,20200511,4.41,4.47,4.23,4.3,522290
DTM,20200511,0.06,0.06,0.06,0.06,5196
DTS,20200511,0.11,0.11,0.11,0.11,465783
DTZ,20200511,0.071,0.08,0.063,0.065,3494408
DUB,20200511,1.09,1.18,1.09,1.16,1483163
DUI,20200511,4.03,4.1,4.03,4.06,39966
DW8,20200511,0.006,0.007,0.006,0.007,5810383
DWS,20200511,0.71,0.725,0.71,0.715,24247
DXB,20200511,0.285,0.295,0.25,0.25,2119042
DXN,20200511,0.011,0.013,0.01,0.011,13718815
DXS,20200511,8.98,9.31,8.95,9.26,3454575
DYL,20200511,0.26,0.265,0.245,0.25,327316
E25,20200511,0.2,0.21,0.2,0.21,286153
E2M,20200511,0.15,0.15,0.125,0.13,538927
EAF,20200511,1.2,1.2,1.2,1.2,43923
EAI,20200511,0.945,0.965,0.945,0.95,152933
EAS,20200511,0.79,0.8,0.77,0.77,37500
EAX,20200511,0.11,0.11,0.11,0.11,30000
EBO,20200511,21.51,21.51,21.15,21.15,1297
ECF,20200511,0.91,0.915,0.905,0.905,412129
ECG,20200511,0.023,0.023,0.023,0.023,10000
ECP,20200511,0.99,1,0.99,1,14458
ECS,20200511,0.031,0.032,0.031,0.032,92021
ECT,20200511,0.001,0.001,0.001,0.001,250000
ECX,20200511,0.66,0.77,0.66,0.76,4097943
ED1,20200511,0.57,0.58,0.54,0.54,107827
EDE,20200511,0.036,0.037,0.035,0.036,310663
EER,20200511,0.005,0.006,0.005,0.006,100000
EEU,20200511,15.9,15.9,15.9,15.9,2693
EGD,20200511,2.51,2.51,2.5,2.5,13828
EGF,20200511,1.59,1.59,1.59,1.59,25267
EGG,20200511,1.16,1.28,1.16,1.28,23249
EGH,20200511,0.32,0.32,0.31,0.315,1078837
EGI,20200511,0.985,0.985,0.985,0.985,11851
EGN,20200511,0.415,0.415,0.41,0.41,11320
EGR,20200511,0.058,0.058,0.057,0.057,215000
EHE,20200511,1.515,1.525,1.45,1.48,1491300
EHL,20200511,1.05,1.072,1,1.015,4047185
EHX,20200511,0.081,0.084,0.081,0.084,19693
ELD,20200511,9.28,9.57,9.17,9.47,1410979
ELS,20200511,0.4,0.43,0.4,0.415,352761
ELX,20200511,0.515,0.52,0.5,0.515,59155
EM1,20200511,0.009,0.012,0.009,0.011,9483119
EM2,20200511,0.13,0.13,0.13,0.13,1692
EMD,20200511,0.069,0.069,0.064,0.069,495690
EMH,20200511,0.215,0.23,0.21,0.23,19115
EML,20200511,3.51,3.65,3.41,3.48,6768569
EMN,20200511,0.08,0.1,0.079,0.079,31004
EMR,20200511,0.49,0.49,0.49,0.49,47271
EMT,20200511,0.01,0.011,0.009,0.011,917683
EMU,20200511,0.017,0.017,0.017,0.017,200000
EMV,20200511,0.935,0.985,0.935,0.955,179852
EN1,20200511,0.011,0.013,0.011,0.012,6655733
ENE,20200511,0.05,0.05,0.05,0.05,56848
ENN,20200511,1.06,1.115,1.035,1.065,221758
ENR,20200511,0.11,0.11,0.11,0.11,36455
ENT,20200511,0.013,0.015,0.012,0.012,3992297
EOF,20200511,2.87,2.92,2.78,2.9,97200
EOL,20200511,2.95,3.2,2.95,3.1,17566
EOS,20200511,4.74,5.37,4.7,5.19,2265623
EPD,20200511,0.335,0.35,0.335,0.35,771136
EQE,20200511,0.008,0.008,0.008,0.008,100000
EQT,20200511,21.84,21.92,20.7,20.91,24491
ERA,20200511,0.17,0.17,0.165,0.17,108203
ERF,20200511,0.79,0.795,0.79,0.79,593447
ERG,20200511,0.061,0.061,0.061,0.061,13000
ERL,20200511,0.01,0.01,0.01,0.01,1284898
ERM,20200511,0.093,0.094,0.091,0.091,165181
ERX,20200511,0.06,0.061,0.056,0.056,3160689
ESE,20200511,0.009,0.009,0.009,0.009,125700
ESH,20200511,0.007,0.007,0.007,0.007,1933817
ESK,20200511,0.15,0.15,0.13,0.14,125000
ESR,20200511,0.009,0.009,0.008,0.008,554129
ETF,20200511,18.26,18.38,18.26,18.38,3730
EUC,20200511,0.017,0.017,0.016,0.017,981021
EUR,20200511,0.043,0.045,0.041,0.041,310810
EVE,20200511,0.005,0.005,0.005,0.005,1753333
EVN,20200511,5.43,5.555,5.345,5.51,10554888
EVO,20200511,0.079,0.081,0.079,0.08,1821122
EVS,20200511,0.11,0.13,0.11,0.125,2931490
EVT,20200511,7.61,7.93,7.61,7.61,193939
EWC,20200511,0.072,0.074,0.071,0.071,120636
EX1,20200511,0.215,0.22,0.21,0.22,88000
EXL,20200511,0.325,0.475,0.325,0.475,1329874
EXP,20200511,0.1,0.11,0.1,0.11,1568427
EXR,20200511,0.027,0.029,0.025,0.028,3734177
EZL,20200511,0.87,0.9,0.87,0.89,32743
FAM,20200511,0.027,0.032,0.025,0.032,918417
FAR,20200511,0.016,0.017,0.015,0.016,27574436
FAU,20200511,0.008,0.008,0.008,0.008,500000
FBR,20200511,0.023,0.024,0.022,0.023,1428874
FBU,20200511,3.24,3.29,3.17,3.17,823914
FCL,20200511,3.06,3.19,3.06,3.19,219512
FCT,20200511,0.071,0.072,0.07,0.07,544535
FDV,20200511,1,1.03,0.99,0.995,164858
FEX,20200511,0.051,0.051,0.05,0.051,340125
FFG,20200511,0.009,0.01,0.008,0.008,11328122
FFI,20200511,5.3,5.3,5.3,5.3,685
FFL,20200511,0.23,0.23,0.23,0.23,73000
FFR,20200511,0.032,0.032,0.029,0.032,44914
FGG,20200511,1.115,1.13,1.11,1.12,196194
FGO,20200511,0.001,0.001,0.001,0.001,1000000
FGR,20200511,0.13,0.13,0.125,0.125,264494
FGX,20200511,0.91,0.92,0.905,0.92,368537
FHS,20200511,0.028,0.028,0.027,0.028,288178
FID,20200511,4.74,4.78,4.55,4.78,8730
FIJ,20200511,0.068,0.078,0.068,0.077,180251
FIN,20200511,0.011,0.011,0.01,0.01,2369191
FLC,20200511,0.285,0.295,0.28,0.28,73830
FLN,20200511,0.4,0.43,0.39,0.42,1141870
FLT,20200511,10.8,11.98,10.8,11.22,5314781
FMG,20200511,12.3,12.49,12.08,12.11,9794646
FML,20200511,0.245,0.245,0.245,0.245,23461
FMS,20200511,0.026,0.026,0.024,0.024,118570
FNP,20200511,4.55,4.57,4.46,4.47,374160
FNT,20200511,0.009,0.01,0.009,0.009,5024058
FOD,20200511,0.062,0.063,0.061,0.062,1335932
FOR,20200511,0.79,0.79,0.785,0.785,24925
FPC,20200511,0.845,0.845,0.8,0.8,15250
FPH,20200511,27.89,27.89,27.08,27.47,619244
FPL,20200511,0.005,0.005,0.005,0.005,1550000
FPP,20200511,0.77,0.77,0.765,0.765,29649
FRI,20200511,0.62,0.64,0.61,0.61,53059
FRM,20200511,0.275,0.275,0.275,0.275,6817
FRN,20200511,0.029,0.029,0.027,0.027,5215482
FSA,20200511,0.88,0.89,0.88,0.89,35409
FSF,20200511,3.36,3.36,3.31,3.31,2730
FSG,20200511,0.027,0.029,0.025,0.028,1055538
FTC,20200511,0.079,0.079,0.077,0.079,39157
FTT,20200511,0.003,0.003,0.003,0.003,10000
FWD,20200511,1.44,1.455,1.39,1.405,20186
FXL,20200511,1.17,1.23,1.12,1.14,9861629
FYI,20200511,0.054,0.059,0.054,0.059,93563
FZO,20200511,0.14,0.15,0.135,0.15,943765
G1A,20200511,0.235,0.235,0.235,0.235,29791
G88,20200511,0.034,0.037,0.033,0.034,760388
GAL,20200511,0.255,0.255,0.24,0.24,972289
GAP,20200511,0.15,0.15,0.15,0.15,18042
GAS,20200511,0.4,0.405,0.4,0.405,25188
GBP,20200511,0.025,0.025,0.025,0.025,20000
GBR,20200511,0.032,0.032,0.031,0.032,188872
GBZ,20200511,0.075,0.075,0.071,0.071,97900
GC1,20200511,0.615,0.62,0.615,0.62,16000
GCI,20200511,1.685,1.7,1.685,1.695,83204
GDF,20200511,0.92,0.95,0.895,0.9,42021
GDG,20200511,0.62,0.64,0.615,0.64,67188
GDI,20200511,1.035,1.05,1.03,1.04,1599284
GDX,20200511,53.75,53.75,53,53,54232
GEM,20200511,0.91,1.01,0.905,0.97,14496498
GEV,20200511,0.063,0.064,0.06,0.06,75900
GGE,20200511,0.005,0.005,0.004,0.004,140344
GGG,20200511,0.115,0.125,0.115,0.12,1124455
GGX,20200511,0.002,0.002,0.002,0.002,1000000
GIB,20200511,0.04,0.04,0.039,0.039,63333
GID,20200511,0.003,0.003,0.002,0.002,9489043
GLA,20200511,0.001,0.001,0.001,0.001,1000000
GLE,20200511,0.11,0.11,0.11,0.11,32
GLL,20200511,0.375,0.38,0.36,0.38,138316
GLN,20200511,0.16,0.16,0.155,0.155,79704
GLV,20200511,0.001,0.001,0.001,0.001,7000000
GMA,20200511,2.06,2.21,2.01,2.18,768621
GMD,20200511,0.036,0.036,0.035,0.035,1221957
GME,20200511,0.037,0.037,0.037,0.037,1604
GMG,20200511,14.64,14.73,14.37,14.58,4874481
GML,20200511,0.01,0.01,0.009,0.009,1379924
GMN,20200511,0.047,0.051,0.047,0.05,670618
GMV,20200511,0.083,0.087,0.081,0.082,7399389
GNC,20200511,3.48,3.54,3.36,3.45,2328125
GNE,20200511,2.73,2.75,2.7,2.7,28856
GNG,20200511,0.68,0.68,0.645,0.645,10133
GNM,20200511,0.007,0.008,0.007,0.008,250000
GNX,20200511,0.19,0.19,0.18,0.185,64484
GO2,20200511,0.045,0.048,0.04,0.041,2388116
GOR,20200511,1.545,1.585,1.542,1.585,9484899
GOW,20200511,1.345,1.345,1.345,1.345,2297
GOZ,20200511,2.94,2.99,2.91,2.99,1198491
GPR,20200511,0.38,0.38,0.36,0.36,301222
GPT,20200511,4.08,4.18,4.06,4.17,6500848
GRB,20200511,0.053,0.055,0.053,0.055,371876
GRL,20200511,0.16,0.165,0.16,0.165,8523
GRR,20200511,0.235,0.24,0.225,0.23,1701869
GSM,20200511,0.15,0.15,0.14,0.14,105569
GSN,20200511,0.055,0.061,0.055,0.058,1503728
GSS,20200511,2.1,2.15,1.9,1.92,257166
GSW,20200511,0.895,0.905,0.865,0.87,172230
GTE,20200511,0.002,0.002,0.001,0.001,8650000
GTG,20200511,0.006,0.006,0.005,0.005,987159
GTK,20200511,1.38,1.38,1.355,1.37,22866
GTN,20200511,0.39,0.39,0.375,0.38,222963
GTR,20200511,0.023,0.025,0.022,0.023,15355692
GUD,20200511,8.98,9.25,8.97,9.12,391712
GUL,20200511,0.06,0.069,0.06,0.065,360737
GVF,20200511,0.93,0.93,0.93,0.93,14000
GWA,20200511,2.64,2.71,2.63,2.68,319322
GWR,20200511,0.065,0.065,0.065,0.065,30000
GXY,20200511,0.74,0.815,0.74,0.815,5271048
HAS,20200511,0.063,0.064,0.061,0.062,1243208
HAV,20200511,0.09,0.097,0.088,0.097,88900
HAW,20200511,0.13,0.15,0.13,0.135,934616
HCD,20200511,0.023,0.025,0.023,0.025,400200
HCH,20200511,0.02,0.02,0.019,0.019,2702860
HCT,20200511,0.18,0.18,0.165,0.165,2169077
HE8,20200511,0.086,0.086,0.084,0.085,161258
HFR,20200511,0.355,0.39,0.33,0.385,176700
HGO,20200511,0.035,0.035,0.03,0.032,1491366
HIL,20200511,0.18,0.205,0.18,0.205,229269
HIT,20200511,1.55,1.55,1.455,1.505,33653
HLA,20200511,0.82,0.91,0.82,0.855,718444
HLO,20200511,1.515,1.67,1.515,1.6,1246960
HLS,20200511,2.56,2.6,2.5,2.51,1428004
HLX,20200511,0.007,0.009,0.006,0.009,1240000
HM1,20200511,2.95,2.99,2.93,2.98,167030
HMC,20200511,2.8,3.06,2.76,2.82,283413
HMD,20200511,0.11,0.115,0.11,0.11,51642
HMX,20200511,0.023,0.023,0.022,0.023,585000
HNR,20200511,0.006,0.006,0.005,0.005,2080967
HPI,20200511,2.6,2.73,2.57,2.63,386319
HRL,20200511,0.094,0.094,0.094,0.094,20000
HRR,20200511,0.039,0.041,0.039,0.041,524635
HRZ,20200511,0.085,0.092,0.085,0.085,335732
HSC,20200511,0.005,0.005,0.005,0.005,35156546
HSN,20200511,3.09,3.26,3.02,3.25,796600
HT1,20200511,1.17,1.24,1.17,1.205,55140
HT8,20200511,0.031,0.031,0.028,0.03,190000
HTA,20200511,0.16,0.165,0.16,0.16,87155
HTG,20200511,0.14,0.14,0.13,0.13,311660
HUB,20200511,10.46,10.48,10.19,10.19,798307
HUO,20200511,3.56,3.56,3.37,3.55,4447
HVM,20200511,0.22,0.22,0.2,0.21,131841
HVN,20200511,3.05,3.1,2.97,3.02,6059426
HWH,20200511,0.026,0.026,0.025,0.025,400000
HWK,20200511,0.008,0.008,0.008,0.008,1034487
HXG,20200511,0.066,0.066,0.061,0.064,352561
HZN,20200511,0.053,0.056,0.053,0.054,4035896
HZR,20200511,0.43,0.44,0.425,0.435,273790
IAA,20200511,91.7,92.19,90.88,90.88,17150
IAF,20200511,116,116,115.85,115.86,139483
IAG,20200511,5.31,5.46,5.29,5.46,6555590
IAM,20200511,0.001,0.001,0.001,0.001,7038934
IAP,20200511,1.08,1.13,1.07,1.1,699792
IBC,20200511,0.41,0.41,0.41,0.41,173987
IBG,20200511,0.01,0.012,0.01,0.01,1155148
IBX,20200511,0.021,0.024,0.02,0.023,41433302
ICE,20200511,0.16,0.165,0.16,0.165,88720
ICG,20200511,0.001,0.001,0.001,0.001,500000
ICI,20200511,0.022,0.022,0.022,0.022,25000
ICQ,20200511,0.22,0.25,0.22,0.24,784872
ICS,20200511,1.85,1.85,1.835,1.835,1740
ICT,20200511,0.038,0.038,0.038,0.038,50000
ICU,20200511,0.009,0.009,0.009,0.009,100
IDA,20200511,0.024,0.024,0.024,0.024,52480
IDT,20200511,0.165,0.165,0.15,0.15,189417
IDX,20200511,3.59,3.59,3.35,3.39,507092
IDZ,20200511,0.004,0.005,0.004,0.005,2757831
IEL,20200511,15.35,15.81,15.27,15.55,445360
IEM,20200511,56.77,57,56.28,56.44,55297
IEU,20200511,57,57.83,56.93,57.83,59101
IFL,20200511,4.45,4.59,4.33,4.37,1277583
IFM,20200511,1.58,1.605,1.555,1.58,967322
IFN,20200511,0.52,0.53,0.51,0.53,2799418
IFT,20200511,4.37,4.41,4.32,4.41,9564
IGB,20200511,114.6,114.6,114.39,114.51,134415
IGL,20200511,0.8,0.945,0.8,0.925,1132410
IGN,20200511,0.02,0.023,0.02,0.023,300343
IGO,20200511,4.59,4.7,4.59,4.6,1956113
IHD,20200511,10.97,11.1,10.97,11.07,71275
IHL,20200511,0.051,0.052,0.05,0.05,986189
IHR,20200511,0.074,0.075,0.07,0.07,148000
IJH,20200511,258.49,258.74,257.15,257.47,22180
IJP,20200511,81.5,81.5,79.71,80.7,60328
IJR,20200511,97.12,98.15,97.12,97.62,3129
IKE,20200511,0.6,0.6,0.6,0.6,35000
IKO,20200511,80.89,81.34,80.61,80.68,14713
ILB,20200511,123.83,124.45,123.83,124.45,1101
ILC,20200511,21.01,21.19,21.01,21.16,42790
ILU,20200511,7.35,7.51,7.33,7.46,996524
IMA,20200511,0.16,0.165,0.16,0.165,1068376
IMC,20200511,0.083,0.084,0.083,0.084,35571
IMD,20200511,1.08,1.185,1.075,1.17,782014
IME,20200511,0.032,0.037,0.032,0.037,3724899
IMM,20200511,0.145,0.147,0.14,0.145,3544574
IMR,20200511,1.335,1.415,1.335,1.385,47034
IMS,20200511,0.004,0.004,0.003,0.003,538456
IMU,20200511,0.029,0.029,0.028,0.029,6847961
INA,20200511,3.65,3.66,3.59,3.65,1241793
INF,20200511,0.032,0.033,0.032,0.033,128500
ING,20200511,3.19,3.2,3.15,3.15,1358444
INP,20200511,0.012,0.017,0.011,0.014,560032
INR,20200511,0.13,0.13,0.125,0.13,1800033
INV,20200511,0.06,0.065,0.06,0.065,75455
IOD,20200511,0.12,0.12,0.12,0.12,175500
IOO,20200511,76.72,76.95,76.43,76.43,23790
IOZ,20200511,22.22,22.48,22.2,22.35,2046878
IP1,20200511,0.007,0.007,0.007,0.007,98833
IPD,20200511,0.041,0.042,0.04,0.042,1699409
IPH,20200511,7.28,7.61,7.28,7.54,885826
IPT,20200511,0.014,0.016,0.014,0.014,28472840
IRD,20200511,0.049,0.049,0.049,0.049,10000
IRE,20200511,10.96,11.1,10.8,10.81,494612
IRI,20200511,3.25,3.29,3.21,3.21,288783
ISD,20200511,0.155,0.155,0.14,0.14,444899
ISO,20200511,4.25,4.26,4.25,4.25,5503
ISU,20200511,0.21,0.215,0.21,0.21,59767
ITG,20200511,0.285,0.3,0.27,0.3,391969
IVC,20200511,11.03,11.175,10.86,11,1007991
IVE,20200511,87.66,88.15,87.03,87.88,49491
IVR,20200511,0.012,0.013,0.012,0.013,2162756
IVV,20200511,450.68,451.86,449.13,449.99,29979
IVX,20200511,0.009,0.009,0.009,0.009,644543
IVZ,20200511,0.022,0.024,0.022,0.024,156136
IXC,20200511,1.44,1.58,1.435,1.575,195345
IXI,20200511,76.77,77.99,76.77,77.97,2137
IXJ,20200511,104.18,104.18,103.69,103.89,11203
IXR,20200511,0.005,0.005,0.005,0.005,280000
IZZ,20200511,60.5,60.5,59.92,60,59213
JAN,20200511,0.29,0.29,0.265,0.27,425713
JAT,20200511,0.049,0.049,0.047,0.048,486111
JAY,20200511,0.12,0.12,0.12,0.12,15000
JBH,20200511,35.7,36.49,35.55,36.12,369286
JDR,20200511,0.012,0.012,0.012,0.012,1625833
JHC,20200511,0.57,0.605,0.57,0.58,966389
JHG,20200511,29.5,29.95,29.32,29.56,262313
JHX,20200511,21.68,22.36,21.5,22.17,1735329
JIN,20200511,13.31,14.03,13.18,13.83,988665
JLG,20200511,2.27,2.35,2.26,2.28,618447
JMS,20200511,0.28,0.28,0.267,0.27,2518133
JPR,20200511,0.037,0.039,0.035,0.039,684766
JRL,20200511,0.31,0.31,0.31,0.31,3428
JRV,20200511,0.21,0.21,0.195,0.195,485327
JYC,20200511,0.96,0.99,0.94,0.99,37662
K2F,20200511,0.22,0.22,0.21,0.21,55433
KAI,20200511,0.012,0.012,0.011,0.011,3576402
KAM,20200511,0.033,0.033,0.033,0.033,85000
KAR,20200511,0.585,0.6,0.58,0.6,3704568
KAS,20200511,0.012,0.012,0.011,0.011,159345
KAU,20200511,0.265,0.28,0.265,0.27,354040
KCN,20200511,0.395,0.4,0.395,0.4,139923
KEY,20200511,0.004,0.004,0.004,0.004,787818
KFE,20200511,0.034,0.035,0.034,0.034,711920
KGL,20200511,0.16,0.16,0.155,0.155,39989
KGM,20200511,0.009,0.009,0.009,0.009,485888
KGN,20200511,8.7,8.7,8.32,8.36,1577720
KIN,20200511,0.075,0.075,0.072,0.075,148185
KKC,20200511,1.69,1.73,1.66,1.7,611385
KLA,20200511,65.75,65.75,63.84,65.5,3286
KMD,20200511,0.91,1.03,0.9,1.01,11557740
KME,20200511,0.975,0.975,0.95,0.95,27032
KNM,20200511,0.017,0.017,0.015,0.016,3785012
KNO,20200511,0.06,0.068,0.06,0.068,177446
KOR,20200511,0.008,0.009,0.008,0.009,159968
KOV,20200511,3.51,3.51,3.5,3.5,4557
KPG,20200511,0.835,0.835,0.835,0.835,12000
KPO,20200511,0.029,0.031,0.028,0.028,1304307
KPT,20200511,0.92,0.92,0.9,0.92,3317
KRM,20200511,0.035,0.036,0.035,0.036,193800
KRR,20200511,0.052,0.052,0.05,0.05,1342220
KSC,20200511,1.47,1.47,1.47,1.47,5000
KSL,20200511,0.89,0.905,0.887,0.9,326519
KSM,20200511,1.75,1.75,1.75,1.75,9724
KSN,20200511,0.2,0.205,0.165,0.165,2292870
KSS,20200511,0.175,0.19,0.175,0.19,1268741
KTA,20200511,0.033,0.033,0.031,0.031,431681
KTD,20200511,0.33,0.35,0.32,0.345,1433832
KTE,20200511,0.006,0.006,0.006,0.006,9500
KWR,20200511,0.155,0.16,0.155,0.16,318740
KYK,20200511,0.076,0.083,0.076,0.079,431063
KZA,20200511,0.385,0.39,0.37,0.37,645159
KZR,20200511,0.49,0.49,0.44,0.445,244892
LAM,20200511,0.35,0.35,0.35,0.35,11938
LAU,20200511,0.355,0.36,0.355,0.355,102857
LBL,20200511,0.475,0.475,0.475,0.475,1031
LBT,20200511,0.12,0.125,0.115,0.115,568011
LCD,20200511,0.012,0.014,0.012,0.012,1743166
LCK,20200511,0.09,0.092,0.082,0.089,859977
LCL,20200511,0.058,0.059,0.054,0.055,573018
LCM,20200511,0.13,0.13,0.125,0.13,280500
LCT,20200511,0.012,0.013,0.012,0.013,165150
LCY,20200511,0.002,0.002,0.002,0.002,1
LEG,20200511,0.175,0.187,0.175,0.175,3428020
LEP,20200511,4.1,4.13,4.04,4.13,452347
LEX,20200511,0.17,0.17,0.17,0.17,2226
LGP,20200511,0.345,0.41,0.345,0.39,593698
LI3,20200511,0.019,0.024,0.019,0.024,3246328
LIC,20200511,7.65,7.86,7.43,7.72,288042
LIN,20200511,0.013,0.013,0.012,0.012,3615243
LIT,20200511,0.053,0.055,0.052,0.052,2118122
LKE,20200511,0.034,0.034,0.031,0.033,1802743
LLC,20200511,11.32,11.46,11.27,11.31,2565152
LLO,20200511,1.425,1.425,1.38,1.38,2576
LME,20200511,1.445,1.445,1.395,1.395,1375
LMG,20200511,0.008,0.008,0.007,0.008,228570
LNK,20200511,3.56,3.69,3.55,3.65,3732716
LNU,20200511,0.013,0.013,0.012,0.012,3717006
LNY,20200511,0.004,0.004,0.004,0.004,810000
LOM,20200511,0.057,0.059,0.054,0.055,1709883
LON,20200511,0.15,0.155,0.14,0.15,211469
LOT,20200511,0.072,0.082,0.072,0.079,4157558
LOV,20200511,7.65,8.13,7.46,7.76,637345
LPD,20200511,0.007,0.008,0.007,0.008,819171
LPE,20200511,0.26,0.33,0.26,0.315,113697
LPI,20200511,0.14,0.15,0.14,0.145,77896
LRK,20200511,0.9,0.9,0.9,0.9,3315
LRS,20200511,0.004,0.004,0.004,0.004,2481250
LRT,20200511,0.66,0.66,0.66,0.66,7500
LSF,20200511,1.08,1.125,1.08,1.12,1211664
LSH,20200511,0.033,0.033,0.033,0.033,132181
LSR,20200511,0.006,0.006,0.006,0.006,550000
LSX,20200511,0.43,0.43,0.42,0.42,103099
LTR,20200511,0.11,0.12,0.105,0.115,12686218
LVE,20200511,0.042,0.044,0.042,0.044,60000
LVH,20200511,0.225,0.23,0.22,0.23,156165
LVT,20200511,0.24,0.25,0.235,0.25,5605206
LYC,20200511,1.77,1.815,1.76,1.8,3133663
LYL,20200511,4.3,4.33,4.29,4.32,5009
M7T,20200511,0.58,0.59,0.56,0.585,338582
MA1,20200511,0.985,1.04,0.985,1.03,167232
MAD,20200511,0.8,0.8,0.78,0.78,16271
MAG,20200511,0.28,0.28,0.255,0.275,838669
MAH,20200511,0.215,0.22,0.21,0.215,2578985
MAI,20200511,0.425,0.425,0.395,0.395,867750
MAM,20200511,0.3,0.315,0.3,0.315,30710
MAN,20200511,0.023,0.023,0.02,0.021,8124496
MAQ,20200511,27.5,27.5,26.57,27.05,8313
MAT,20200511,0.11,0.115,0.105,0.11,361433
MAU,20200511,0.77,0.78,0.77,0.775,47226
MAY,20200511,0.005,0.005,0.005,0.005,1060000
MBK,20200511,0.009,0.009,0.009,0.009,611116
MCA,20200511,0.115,0.115,0.115,0.115,30784
MCE,20200511,0.18,0.18,0.17,0.17,30000
MCP,20200511,2.77,2.9,2.75,2.88,627549
MCR,20200511,0.62,0.67,0.61,0.66,1528102
MCT,20200511,0.002,0.002,0.002,0.002,1097999
MCY,20200511,4.67,4.8,4.63,4.76,3777
MDC,20200511,0.22,0.22,0.215,0.22,342276
MDI,20200511,0.014,0.014,0.012,0.013,15099932
MDR,20200511,0.585,0.59,0.57,0.57,552039
MEA,20200511,0.18,0.18,0.175,0.175,236423
MEB,20200511,0.007,0.007,0.007,0.007,200000
MEI,20200511,0.016,0.019,0.016,0.018,9092361
MEL,20200511,0.023,0.023,0.023,0.023,110000
MEM,20200511,0.065,0.068,0.063,0.068,962115
MEP,20200511,0.043,0.043,0.043,0.043,11600
MEU,20200511,0.043,0.044,0.043,0.044,1049118
MEY,20200511,0.069,0.069,0.065,0.066,321025
MEZ,20200511,4.5,4.52,4.4,4.5,28466
MFD,20200511,0.73,0.75,0.71,0.75,16739
MFF,20200511,2.88,2.91,2.87,2.88,136738
MFG,20200511,55.2,55.6,54.23,54.35,445124
MGC,20200511,0.45,0.465,0.44,0.465,692597
MGE,20200511,4.03,4.04,4,4,375401
MGG,20200511,1.77,1.815,1.77,1.785,1144797
MGR,20200511,2.23,2.24,2.19,2.24,7757054
MGT,20200511,0.001,0.001,0.001,0.001,8423715
MGV,20200511,0.115,0.115,0.11,0.11,1129761
MGX,20200511,0.64,0.655,0.62,0.635,2969457
MHC,20200511,0.011,0.011,0.01,0.01,20445027
MHG,20200511,3.32,3.36,3.32,3.35,363217
MHH,20200511,1.45,1.465,1.45,1.455,367511
MHJ,20200511,0.345,0.345,0.325,0.33,361735
MIL,20200511,0.29,0.34,0.29,0.33,227501
MIN,20200511,17.1,17.42,16.99,17.11,561625
MIR,20200511,2.16,2.17,2.14,2.15,36912
MKG,20200511,0.054,0.055,0.053,0.054,261240
MLD,20200511,0.775,0.775,0.735,0.775,342832
MLL,20200511,0.069,0.069,0.067,0.069,71610
MLM,20200511,0.012,0.012,0.012,0.012,200000
MLS,20200511,0.001,0.001,0.001,0.001,5000000
MLT,20200511,3.85,3.93,3.85,3.92,325685
MLX,20200511,0.088,0.099,0.086,0.086,3659284
MME,20200511,1.05,1.08,1.03,1.06,124020
MMI,20200511,0.1,0.105,0.1,0.1,363317
MMJ,20200511,0.12,0.13,0.12,0.12,373215
MML,20200511,0.69,0.72,0.68,0.7,321481
MMM,20200511,1.155,1.21,1.155,1.16,1175451
MMS,20200511,7.49,8.05,7.49,7.6,385945
MNB,20200511,0.001,0.001,0.001,0.001,1500000
MND,20200511,10.94,11.2,10.64,11.11,558133
MNF,20200511,4.9,5.3,4.9,5.3,290854
MNS,20200511,0.059,0.072,0.058,0.065,1462612
MNY,20200511,1.505,1.685,1.505,1.67,1127160
MOB,20200511,0.054,0.054,0.05,0.05,100000
MOC,20200511,0.67,0.69,0.665,0.68,275157
MOE,20200511,2.8,2.93,2.78,2.8,255619
MOH,20200511,0.067,0.07,0.067,0.07,518943
MOT,20200511,1.72,1.74,1.67,1.68,212290
MOZ,20200511,0.78,0.95,0.78,0.93,901916
MP1,20200511,14.5,15.27,13.89,14.13,757934
MPH,20200511,0.145,0.145,0.145,0.145,20000
MPL,20200511,2.83,2.84,2.79,2.8,7760185
MPP,20200511,0.17,0.17,0.17,0.17,29323
MQG,20200511,106.89,112.45,106.7,111.54,2261961
MQR,20200511,0.042,0.042,0.042,0.042,100000
MRC,20200511,0.26,0.26,0.235,0.235,12716
MRG,20200511,0.016,0.018,0.016,0.017,4799946
MRM,20200511,0.076,0.076,0.071,0.075,858587
MRQ,20200511,0.007,0.007,0.006,0.006,9160922
MSE,20200511,0.01,0.011,0.01,0.01,1620289
MSG,20200511,0.015,0.016,0.015,0.016,436597
MSM,20200511,0.016,0.017,0.016,0.017,1226400
MSR,20200511,0.004,0.004,0.004,0.004,2000000
MSV,20200511,0.395,0.415,0.395,0.41,345096
MTC,20200511,0.125,0.13,0.115,0.115,616073
MTH,20200511,0.009,0.015,0.009,0.012,24921645
MTO,20200511,0.83,0.89,0.83,0.88,197804
MTS,20200511,2.33,2.34,2.28,2.29,5602150
MVA,20200511,17.92,18.2,17.92,18.18,33990
MVB,20200511,18.14,18.32,17.99,18.11,50039
MVE,20200511,24.83,24.93,24.71,24.93,3217
MVF,20200511,0.55,0.587,0.545,0.565,3677577
MVP,20200511,7.9,8.08,7.65,7.86,331074
MVR,20200511,25.2,25.3,25.1,25.27,12065
MVS,20200511,16.6,16.6,16.6,16.6,179
MVW,20200511,25.06,25.38,25.06,25.26,97612
MWR,20200511,0.089,0.1,0.089,0.09,585515
MWY,20200511,0.895,0.92,0.875,0.875,48342
MX1,20200511,0.14,0.14,0.135,0.14,950421
MXI,20200511,0.15,0.15,0.15,0.15,51529
MXR,20200511,0.032,0.032,0.031,0.031,309193
MXT,20200511,1.88,1.895,1.865,1.875,273790
MYE,20200511,0.705,0.705,0.67,0.695,170232
MYL,20200511,0.044,0.046,0.044,0.045,1812033
MYQ,20200511,0.16,0.16,0.16,0.16,23162
MYR,20200511,0.33,0.415,0.3,0.315,57840684
MYS,20200511,3.79,3.9,3.71,3.74,188512
MYX,20200511,0.43,0.437,0.42,0.425,6534849
MZZ,20200511,0.215,0.215,0.2,0.205,525940
NAB,20200511,16.1,16.26,15.94,15.98,11836955
NAC,20200511,0.69,0.705,0.69,0.69,50240
NAG,20200511,0.05,0.05,0.05,0.05,100000
NAM,20200511,0.3,0.31,0.3,0.31,301347
NAN,20200511,6.99,7.05,6.87,6.96,675284
NBI,20200511,1.595,1.6,1.565,1.6,184202
NCC,20200511,0.78,0.79,0.78,0.78,16668
NCK,20200511,4.95,5.36,4.95,5.34,558936
NCM,20200511,27.73,27.97,27.28,27.8,4090795
NCR,20200511,0.009,0.009,0.009,0.009,846437
NCZ,20200511,0.195,0.21,0.195,0.205,6731445
NDQ,20200511,24.07,24.1,24,24,173776
NEA,20200511,1.675,1.73,1.655,1.705,3786313
NEC,20200511,1.405,1.46,1.4,1.45,3752615
NES,20200511,0.044,0.044,0.042,0.042,626785
NET,20200511,0.045,0.045,0.042,0.045,2311446
NEU,20200511,1.685,1.77,1.6,1.77,168700
NEW,20200511,1.02,1.09,1.02,1.09,404526
NGE,20200511,0.46,0.485,0.445,0.485,86000
NGI,20200511,1.3,1.385,1.295,1.355,1146640
NHC,20200511,1.41,1.482,1.39,1.455,3147394
NHF,20200511,4.89,4.92,4.84,4.85,701987
NIC,20200511,0.595,0.595,0.575,0.575,2793319
NML,20200511,0.12,0.13,0.115,0.115,796173
NMT,20200511,0.16,0.165,0.16,0.16,425227
NNT,20200511,0.055,0.055,0.051,0.051,151000
NOR,20200511,0.025,0.025,0.025,0.025,1225200
NOV,20200511,0.18,0.19,0.18,0.19,33769
NSB,20200511,0.185,0.19,0.175,0.185,163142
NSC,20200511,0.485,0.485,0.46,0.465,263442
NSR,20200511,1.605,1.645,1.6,1.625,18657010
NST,20200511,12.99,13.33,12.85,13.2,3701533
NSX,20200511,0.115,0.115,0.115,0.115,7701
NTD,20200511,0.265,0.28,0.265,0.265,173129
NTO,20200511,1.53,1.6,1.48,1.48,180973
NTU,20200511,0.023,0.023,0.022,0.022,3765088
NUC,20200511,3.12,3.14,3.12,3.14,7668
NUF,20200511,5.17,5.33,5.17,5.28,645643
NUH,20200511,0.018,0.02,0.018,0.02,4100053
NUS,20200511,0.265,0.265,0.26,0.265,87212
NVA,20200511,0.051,0.053,0.046,0.046,5059725
NVO,20200511,0.008,0.009,0.008,0.009,10311312
NVU,20200511,0.097,0.105,0.095,0.099,1149456
NVX,20200511,0.335,0.355,0.33,0.355,66426
NWC,20200511,0.014,0.015,0.014,0.015,859000
NWE,20200511,0.002,0.003,0.002,0.003,48975643
NWF,20200511,0.175,0.19,0.175,0.19,22360
NWH,20200511,1.57,1.72,1.565,1.705,3015478
NWL,20200511,7.82,8.09,7.76,7.87,651739
NWS,20200511,16.9,17.42,16.9,17.25,237470
NXM,20200511,0.04,0.04,0.04,0.04,33760
NXS,20200511,1.78,1.78,1.72,1.78,125538
NXT,20200511,9.61,9.7,9.51,9.55,2471134
NYR,20200511,0.17,0.17,0.17,0.17,9000
NZK,20200511,1.89,1.9,1.87,1.9,3718
NZM,20200511,0.195,0.195,0.195,0.195,1626
OAR,20200511,0.002,0.002,0.002,0.002,250000
OAU,20200511,0.018,0.018,0.018,0.018,368000
OBL,20200511,4.06,4.22,4.06,4.07,377663
OBM,20200511,0.185,0.19,0.18,0.18,615576
OCA,20200511,0.73,0.73,0.73,0.73,5000
OCC,20200511,0.355,0.375,0.355,0.365,1121758
OCL,20200511,6.44,6.72,6.36,6.7,135853
ODA,20200511,0.1,0.11,0.1,0.11,113467
ODM,20200511,0.035,0.038,0.035,0.036,700000
OEC,20200511,0.95,0.99,0.88,0.92,445250
OEL,20200511,0.007,0.007,0.006,0.007,8995676
OFX,20200511,1.34,1.405,1.34,1.37,218958
OGC,20200511,2.78,2.78,2.72,2.74,324229
OIL,20200511,0.046,0.049,0.044,0.048,747987
OKJ,20200511,0.035,0.039,0.035,0.039,77959
OKU,20200511,0.33,0.33,0.32,0.325,227721
OLI,20200511,0.049,0.051,0.047,0.05,857533
OLL,20200511,0.22,0.22,0.21,0.21,292752
OMH,20200511,0.35,0.35,0.335,0.335,156161
OML,20200511,1.11,1.12,1.072,1.085,7606457
ONE,20200511,0.044,0.053,0.044,0.053,137445
ONT,20200511,5.11,5.15,5.08,5.15,17198
ONX,20200511,0.052,0.055,0.052,0.055,116000
OOO,20200511,3.06,3.06,2.98,3.02,1654493
OPC,20200511,4.67,4.8,4.66,4.75,52274
OPH,20200511,2.34,2.36,2.3,2.34,431868
OPL,20200511,0.073,0.073,0.073,0.073,51500
OPT,20200511,2.98,3.11,2.95,3.02,395132
OPY,20200511,1.18,1.28,1.18,1.26,905991
ORA,20200511,2.41,2.46,2.365,2.44,4904040
ORE,20200511,2.06,2.1,2.02,2.04,2004416
ORG,20200511,5.57,5.63,5.5,5.58,3536988
ORI,20200511,16.3,16.45,16.07,16.08,1006626
ORN,20200511,0.016,0.016,0.015,0.016,735000
ORR,20200511,0.31,0.335,0.305,0.33,311531
OSH,20200511,2.92,3,2.9,2.92,14128201
OSL,20200511,0.11,0.115,0.107,0.115,6715976
OSP,20200511,0.009,0.01,0.009,0.01,4953131
OSX,20200511,0.575,0.575,0.52,0.52,271306
OTW,20200511,2.7,3,2.68,2.91,23065
OVH,20200511,0.24,0.25,0.235,0.245,243786
OVN,20200511,0.26,0.28,0.255,0.26,496429
OVT,20200511,0.018,0.018,0.017,0.017,304467
OZF,20200511,13.81,13.94,13.8,13.86,10427
OZG,20200511,0.15,0.15,0.15,0.15,28722
OZL,20200511,8.76,8.94,8.73,8.91,1212514
OZR,20200511,9.99,10.03,9.95,10.03,12709
PAB,20200511,0.012,0.012,0.012,0.012,206354
PAC,20200511,5.01,5.08,4.91,4.97,18928
PAF,20200511,0.695,0.7,0.685,0.685,25666
PAI,20200511,0.97,0.98,0.97,0.975,213598
PAK,20200511,0.011,0.011,0.011,0.011,100000
PAL,20200511,0.65,0.7,0.65,0.68,6312
PAR,20200511,2.76,2.82,2.48,2.61,4590390
PBH,20200511,4.77,4.86,4.56,4.56,1449883
PBP,20200511,1.985,1.985,1.9,1.93,117606
PCI,20200511,0.97,0.97,0.95,0.97,155105
PCK,20200511,0.16,0.165,0.15,0.155,3567603
PCL,20200511,0.001,0.001,0.001,0.001,449713
PDI,20200511,0.062,0.068,0.062,0.066,11977734
PDL,20200511,6.08,6.28,6.04,6.05,2450416
PDN,20200511,0.13,0.13,0.12,0.13,10157870
PE1,20200511,1.435,1.45,1.4,1.4,73942
PEK,20200511,0.018,0.019,0.018,0.019,1077765
PEN,20200511,0.14,0.14,0.135,0.135,473202
PET,20200511,0.51,0.565,0.51,0.535,2830170
PEX,20200511,0.14,0.14,0.127,0.13,198667
PFP,20200511,3.09,3.11,2.86,2.96,117186
PFT,20200511,0.21,0.225,0.205,0.225,369320
PGC,20200511,0.195,0.2,0.18,0.2,444877
PGF,20200511,0.87,0.88,0.87,0.87,210393
PGG,20200511,1.405,1.42,1.4,1.4,184273
PGH,20200511,1.82,1.88,1.815,1.86,758290
PGI,20200511,0.03,0.032,0.03,0.03,725925
PGL,20200511,0.9,0.905,0.88,0.88,108578
PGM,20200511,0.02,0.021,0.02,0.021,616906
PGX,20200511,0.26,0.26,0.23,0.24,258245
PIA,20200511,1.005,1.01,1.005,1.01,107355
PIC,20200511,0.845,0.86,0.84,0.86,205906
PIO,20200511,0.012,0.012,0.011,0.011,2582684
PIQ,20200511,0.34,0.355,0.335,0.355,110104
PKS,20200511,0.155,0.155,0.155,0.155,271820
PL8,20200511,1.015,1.015,0.99,0.995,424971
PLL,20200511,0.11,0.11,0.105,0.105,415039
PLS,20200511,0.21,0.225,0.21,0.22,8858144
PM1,20200511,0.013,0.013,0.013,0.013,2050000
PM8,20200511,0.18,0.185,0.175,0.18,284424
PMC,20200511,1.23,1.275,1.22,1.235,412111
PME,20200511,27.46,27.56,26.21,26.58,409321
PMV,20200511,15.63,16.5,15.37,15.42,293666
PMY,20200511,0.005,0.005,0.005,0.005,12931509
PNC,20200511,0.215,0.3,0.215,0.275,2116181
PNI,20200511,3.99,4.05,3.9,4,468468
PNN,20200511,0.002,0.002,0.001,0.002,4934334
PNR,20200511,0.15,0.15,0.14,0.14,370116
PNV,20200511,2.59,2.61,2.5,2.59,3778623
PNX,20200511,0.007,0.007,0.007,0.007,205000
PO3,20200511,2.19,2.2,2.19,2.2,3197
POS,20200511,0.034,0.035,0.034,0.035,1932448
POU,20200511,18.61,18.61,18.61,18.61,1013
POW,20200511,0.005,0.005,0.005,0.005,300000
PPC,20200511,0.74,0.765,0.71,0.71,95876
PPE,20200511,2.33,2.43,2.14,2.18,705999
PPG,20200511,0.125,0.14,0.125,0.13,450139
PPH,20200511,6.08,6.26,6.01,6.2,426773
PPK,20200511,3.53,4.1,3.5,3.99,209988
PPS,20200511,0.34,0.36,0.335,0.355,2411783
PPT,20200511,30.3,30.74,29.92,30.1,134206
PRN,20200511,1.01,1.07,1,1.065,2543875
PRO,20200511,0.65,0.66,0.65,0.65,54132
PRT,20200511,0.1,0.105,0.099,0.105,738407
PRU,20200511,1.06,1.105,1.04,1.06,4646051
PRX,20200511,0.038,0.039,0.038,0.038,120144
PSI,20200511,2.28,2.29,2.28,2.29,19792
PSQ,20200511,1.27,1.46,1.27,1.425,67745
PSZ,20200511,0.023,0.023,0.02,0.02,217005
PTB,20200511,0.48,0.485,0.455,0.46,589738
PTL,20200511,0.38,0.395,0.375,0.38,231951
PTM,20200511,3.65,3.86,3.64,3.75,2033088
PTX,20200511,0.048,0.052,0.044,0.046,6983649
PWG,20200511,0.92,0.92,0.915,0.92,8143
PWH,20200511,3.73,3.8,3.63,3.65,72304
PWN,20200511,0.011,0.011,0.007,0.008,76831572
PXS,20200511,0.092,0.092,0.087,0.088,1295093
PXX,20200511,0.019,0.019,0.017,0.017,349500
PYC,20200511,0.072,0.073,0.07,0.073,2387675
QAN,20200511,3.46,3.53,3.46,3.53,14484250
QAU,20200511,16.95,16.95,16.81,16.82,254094
QBE,20200511,7.59,7.72,7.59,7.64,5905861
QCB,20200511,5.98,5.99,5.96,5.96,3736
QFE,20200511,0.33,0.355,0.325,0.34,929948
QFN,20200511,7.69,7.76,7.68,7.73,31760
QFY,20200511,0.002,0.002,0.001,0.002,2837741
QHL,20200511,0.068,0.069,0.067,0.068,1172240
QIP,20200511,1.15,1.155,1.125,1.125,51113
QOZ,20200511,10.58,10.69,10.58,10.65,51240
QRE,20200511,5.45,5.46,5.43,5.46,65087
QRI,20200511,1.385,1.385,1.32,1.33,456458
QTM,20200511,0.034,0.035,0.032,0.035,1203344
QUB,20200511,2.52,2.58,2.49,2.57,6092597
QUE,20200511,0.027,0.027,0.027,0.027,47412
QUS,20200511,34.05,34.06,33.96,33.96,2606
QVE,20200511,0.78,0.785,0.78,0.78,418566
RAC,20200511,0.33,0.36,0.33,0.345,151830
RAG,20200511,0.006,0.006,0.006,0.006,2281571
RAP,20200511,0.18,0.19,0.175,0.185,3904229
RBL,20200511,1.005,1.025,0.965,0.99,1039935
RBR,20200511,0.009,0.009,0.009,0.009,100000
RCB,20200511,21.05,21.1,21.04,21.1,7881
RCE,20200511,0.42,0.485,0.42,0.485,849329
RCL,20200511,0.28,0.285,0.28,0.28,13650
RCT,20200511,1.98,1.98,1.96,1.96,556
RDC,20200511,0.72,0.73,0.695,0.715,1117728
RDF,20200511,0.4,0.405,0.395,0.395,46478
RDG,20200511,0.023,0.023,0.023,0.023,159090
RDH,20200511,0.59,0.635,0.59,0.625,38362
RDM,20200511,0.086,0.09,0.082,0.085,100768
RDN,20200511,0.005,0.005,0.005,0.005,995000
RDS,20200511,0.005,0.005,0.005,0.005,7000
RDV,20200511,21.74,21.95,21.68,21.88,6348
RDY,20200511,1.56,1.56,1.55,1.55,11383
REA,20200511,96,96.8,93.4,93.46,356791
RED,20200511,0.215,0.215,0.205,0.215,5124828
REE,20200511,0.028,0.028,0.024,0.024,1450108
REG,20200511,1.54,1.595,1.5,1.5,680758
REH,20200511,8.35,8.46,8.26,8.37,619629
RES,20200511,0.06,0.06,0.06,0.06,16500
REX,20200511,0.905,0.93,0.88,0.9,113928
REZ,20200511,0.016,0.016,0.016,0.016,858823
RF1,20200511,2.14,2.2,2.1,2.1,188200
RFF,20200511,1.91,1.925,1.89,1.915,722852
RFG,20200511,0.09,0.09,0.082,0.083,4251092
RFN,20200511,0.001,0.001,0.001,0.001,24666
RFT,20200511,0.03,0.03,0.03,0.03,19475
RFX,20200511,0.031,0.031,0.029,0.03,1750997
RGB,20200511,23.51,23.51,23.51,23.51,3459
RGI,20200511,0.069,0.069,0.065,0.065,129966
RHC,20200511,60.9,61.7,60.66,61.6,603149
RHP,20200511,1.95,2.025,1.93,1.95,752818
RHT,20200511,0.14,0.147,0.135,0.145,1428776
RHY,20200511,0.092,0.094,0.092,0.094,47726
RIC,20200511,0.73,0.74,0.715,0.715,115506
RIM,20200511,0.007,0.008,0.007,0.008,4937947
RIO,20200511,84.33,84.44,83.4,83.99,1130217
RKN,20200511,0.59,0.59,0.58,0.58,12000
RLE,20200511,0.019,0.02,0.019,0.02,27348
RLG,20200511,0.024,0.026,0.023,0.025,3038724
RLT,20200511,0.975,1.07,0.975,0.98,271459
RMC,20200511,0.825,0.88,0.82,0.855,598611
RMD,20200511,24.88,24.97,24.5,24.76,1132796
RML,20200511,0.063,0.066,0.063,0.064,1182915
RMS,20200511,1.41,1.435,1.345,1.36,6254691
RMX,20200511,0.004,0.004,0.004,0.004,125250
RMY,20200511,0.285,0.36,0.275,0.35,301607
RND,20200511,1.905,1.985,1.9,1.985,13831
RNE,20200511,0.021,0.021,0.021,0.021,50000
RNO,20200511,0.08,0.084,0.078,0.08,175242
RNT,20200511,0.04,0.04,0.04,0.04,167579
RNU,20200511,0.008,0.009,0.006,0.008,2763770
ROO,20200511,0.023,0.023,0.022,0.022,670079
RPM,20200511,0.13,0.13,0.13,0.13,11586
RRL,20200511,4.75,4.85,4.72,4.81,3017392
RSG,20200511,0.95,0.985,0.94,0.98,7595413
RSH,20200511,0.062,0.063,0.061,0.062,1295092
RTE,20200511,0.39,0.39,0.39,0.39,5000
RTG,20200511,0.058,0.058,0.056,0.057,323616
RTR,20200511,0.066,0.066,0.063,0.065,796459
RUL,20200511,1.01,1.01,0.97,0.98,441017
RVR,20200511,0.066,0.067,0.062,0.063,1045653
RVS,20200511,0.305,0.36,0.3,0.36,2716
RWC,20200511,2.56,2.61,2.5,2.53,1882027
RXL,20200511,0.025,0.026,0.025,0.025,5677790
RXM,20200511,0.057,0.057,0.057,0.057,830
RXP,20200511,0.28,0.285,0.277,0.28,150593
RYD,20200511,1.25,1.25,1.25,1.25,20000
RZI,20200511,0.74,0.75,0.695,0.74,78762
S2R,20200511,0.1,0.1,0.1,0.1,5000
S32,20200511,1.86,1.935,1.86,1.925,13875414
S66,20200511,0.435,0.46,0.435,0.46,26208
SAR,20200511,4.46,4.59,4.4,4.59,6162868
SAU,20200511,0.14,0.14,0.12,0.13,22333
SBM,20200511,2.63,2.66,2.59,2.65,4398815
SBW,20200511,0.066,0.07,0.066,0.069,158000
SCG,20200511,2.26,2.32,2.25,2.28,26166179
SCI,20200511,0.013,0.014,0.013,0.014,1858596
SCN,20200511,0.018,0.018,0.018,0.018,1748
SCP,20200511,2.16,2.205,2.15,2.19,3109396
SCU,20200511,0.013,0.013,0.013,0.013,315098
SDF,20200511,3.08,3.09,2.95,2.97,2604086
SDG,20200511,1.16,1.21,1.16,1.21,174
SDI,20200511,0.75,0.85,0.75,0.78,143493
SDV,20200511,0.81,0.835,0.785,0.825,342432
SDX,20200511,0.057,0.06,0.057,0.058,1896563
SE1,20200511,0.018,0.019,0.018,0.018,642593
SEC,20200511,1.29,1.29,1.27,1.27,41572
SEI,20200511,0.031,0.031,0.031,0.031,31646
SEK,20200511,17.41,17.45,17.17,17.4,1683393
SEN,20200511,0.046,0.046,0.046,0.046,195000
SEQ,20200511,0.195,0.195,0.195,0.195,25000
SER,20200511,0.003,0.003,0.003,0.003,250000
SES,20200511,0.054,0.059,0.053,0.059,193102
SF1,20200511,0.017,0.018,0.017,0.018,32000
SFC,20200511,10.51,10.63,10.5,10.5,12314
SFG,20200511,0.057,0.059,0.056,0.056,485929
SFM,20200511,0.054,0.054,0.054,0.054,8200
SFR,20200511,4.26,4.43,4.26,4.3,744349
SFX,20200511,0.12,0.12,0.117,0.117,90121
SFY,20200511,49.33,49.88,49.31,49.73,29904
SGC,20200511,0.018,0.018,0.018,0.018,158000
SGF,20200511,1.415,1.555,1.415,1.45,300391
SGH,20200511,0.605,0.625,0.6,0.625,45281
SGI,20200511,0.071,0.071,0.07,0.07,44235
SGM,20200511,6.82,6.88,6.72,6.75,423463
SGO,20200511,0.023,0.023,0.023,0.023,125000
SGP,20200511,2.76,2.815,2.745,2.78,12399386
SGQ,20200511,0.09,0.09,0.085,0.085,1677192
SGR,20200511,2.78,2.83,2.73,2.75,4285461
SHH,20200511,0.003,0.004,0.003,0.004,1620000
SHJ,20200511,0.775,0.785,0.775,0.785,29343
SHK,20200511,0.005,0.005,0.005,0.005,1000000
SHL,20200511,26.24,26.64,26.08,26.46,883952
SHM,20200511,0.44,0.44,0.435,0.435,24044
SHO,20200511,0.026,0.026,0.026,0.026,35000
SHV,20200511,7.35,7.425,7.31,7.4,147448
SI6,20200511,0.002,0.002,0.002,0.002,300000
SIG,20200511,0.58,0.58,0.57,0.58,452786
SIH,20200511,0.015,0.015,0.015,0.015,500000
SIQ,20200511,5.33,5.48,5.29,5.48,407132
SIS,20200511,0.016,0.016,0.016,0.016,96452
SIT,20200511,0.031,0.032,0.03,0.03,1067234
SIV,20200511,0.575,0.575,0.575,0.575,15000
SKC,20200511,2.39,2.48,2.37,2.46,1349749
SKF,20200511,0.135,0.14,0.13,0.14,195000
SKI,20200511,2.01,2.02,1.965,1.97,4514189
SKO,20200511,2.41,2.69,2.4,2.68,115140
SKT,20200511,0.345,0.395,0.335,0.395,995812
SKY,20200511,0.37,0.385,0.35,0.36,849364
SLC,20200511,0.875,0.995,0.865,0.99,2761651
SLF,20200511,10.19,10.38,10.19,10.36,165618
SLK,20200511,3.85,4.05,3.82,4,219016
SLM,20200511,0.72,0.72,0.685,0.695,10065
SLR,20200511,1.97,2.05,1.96,2.01,5856250
SLX,20200511,0.35,0.37,0.35,0.35,26126
SLZ,20200511,0.091,0.1,0.091,0.1,995863
SM1,20200511,6.78,6.94,6.78,6.88,76367
SMI,20200511,0.003,0.003,0.003,0.003,11320000
SMN,20200511,0.395,0.41,0.395,0.4,316937
SMP,20200511,0.45,0.5,0.437,0.475,890689
SMR,20200511,1,1.005,1,1,1801507
SMX,20200511,0.295,0.295,0.285,0.295,25406
SNC,20200511,0.645,0.645,0.63,0.63,39515
SND,20200511,0.455,0.46,0.45,0.45,90005
SNS,20200511,0.1,0.1,0.1,0.1,814451
SNZ,20200511,5.7,5.7,5.58,5.63,20062
SO4,20200511,0.4,0.43,0.4,0.43,643689
SOL,20200511,17.8,18.44,17.8,18.14,437885
SOM,20200511,1.1,1.1,1.09,1.09,70238
SOR,20200511,0.053,0.055,0.053,0.055,164656
SP3,20200511,0.067,0.067,0.062,0.063,282310
SPK,20200511,4.32,4.37,4.3,4.33,649533
SPL,20200511,0.995,1,0.935,0.935,400973
SPT,20200511,0.44,0.46,0.425,0.44,6748376
SPX,20200511,0.165,0.165,0.152,0.155,784709
SPY,20200511,449.71,450.4,449,449,323
SPZ,20200511,0.11,0.115,0.1,0.115,433701
SRG,20200511,0.23,0.24,0.225,0.23,886568
SRI,20200511,0.047,0.055,0.047,0.055,274305
SRK,20200511,0.048,0.048,0.048,0.048,50000
SRN,20200511,0.002,0.002,0.002,0.002,100000
SRV,20200511,2.3,2.3,2.22,2.3,66437
SSG,20200511,0.45,0.45,0.435,0.435,424029
SSM,20200511,2.2,2.23,2.12,2.16,2108228
ST1,20200511,0.145,0.15,0.145,0.15,459679
STA,20200511,0.13,0.13,0.125,0.13,402479
STG,20200511,0.94,0.94,0.865,0.865,9676
STM,20200511,0.006,0.007,0.005,0.006,20145500
STN,20200511,0.385,0.385,0.37,0.375,190592
STO,20200511,4.94,5.02,4.92,4.94,7578411
STW,20200511,50.43,50.94,50.35,50.68,249549
STX,20200511,0.14,0.145,0.137,0.145,4252850
SUD,20200511,0.046,0.046,0.046,0.046,22155
SUL,20200511,6.85,7.1,6.72,6.92,1305071
SUN,20200511,8.99,9.49,8.95,9.28,4182814
SUP,20200511,0.05,0.05,0.05,0.05,2100
SVA,20200511,0.022,0.022,0.022,0.022,45400
SVD,20200511,0.009,0.009,0.009,0.009,415000
SVL,20200511,0.086,0.091,0.086,0.09,5060960
SVM,20200511,0.13,0.14,0.13,0.135,387100
SVW,20200511,14.49,14.57,14.06,14.1,285472
SVY,20200511,0.455,0.455,0.405,0.41,511208
SW1,20200511,0.02,0.022,0.019,0.022,3107197
SWF,20200511,0.25,0.27,0.245,0.255,4477552
SWK,20200511,0.13,0.13,0.12,0.13,139844
SWM,20200511,0.087,0.102,0.086,0.086,20604365
SXA,20200511,0.055,0.055,0.055,0.055,41642
SXE,20200511,0.46,0.46,0.445,0.445,113300
SXL,20200511,0.14,0.165,0.135,0.16,64648397
SXY,20200511,0.2,0.215,0.2,0.215,7552773
SYA,20200511,0.008,0.008,0.007,0.007,9471327
SYD,20200511,5.54,5.72,5.52,5.65,5482866
SYI,20200511,22.34,24,22.18,22.36,25140
SYR,20200511,0.275,0.32,0.275,0.3,10495516
SZL,20200511,2.35,2.46,2.27,2.3,961195
TAH,20200511,3.23,3.285,3.19,3.25,5197932
TAM,20200511,0.041,0.043,0.041,0.043,52950
TAO,20200511,0.054,0.055,0.054,0.055,159454
TAP,20200511,0.08,0.08,0.074,0.074,79434
TAR,20200511,0.015,0.017,0.015,0.017,300089
TAS,20200511,0.033,0.035,0.033,0.035,765720
TBL,20200511,0.14,0.15,0.14,0.14,109632
TBR,20200511,7,7,6.45,6.46,29580
TCL,20200511,13.8,13.89,13.73,13.8,5738602
TD1,20200511,0.033,0.033,0.031,0.031,3349839
TDI,20200511,1.63,1.64,1.585,1.64,50362
TDO,20200511,0.08,0.08,0.08,0.08,35450
TDY,20200511,0.16,0.16,0.16,0.16,12547
TEG,20200511,0.03,0.03,0.029,0.029,224450
TEK,20200511,0.235,0.235,0.235,0.235,71563
TER,20200511,0.12,0.125,0.112,0.12,676979
TFL,20200511,0.1,0.105,0.1,0.105,124106
TGA,20200511,0.14,0.14,0.14,0.14,201790
TGF,20200511,1.13,1.13,1.09,1.095,95300
TGG,20200511,1.125,1.13,1.12,1.125,166203
TGH,20200511,0.17,0.17,0.17,0.17,40971
TGM,20200511,0.235,0.24,0.205,0.24,218774
TGN,20200511,0.11,0.11,0.1,0.1,198591
TGP,20200511,0.885,0.885,0.87,0.88,91526
TGR,20200511,3.8,3.84,3.77,3.81,1260456
THR,20200511,0.006,0.006,0.006,0.006,110054
TIE,20200511,0.37,0.395,0.37,0.38,1611772
TIN,20200511,0.14,0.17,0.12,0.135,17285604
TIP,20200511,0.62,0.62,0.57,0.6,49000
TLG,20200511,0.355,0.355,0.34,0.35,134408
TLM,20200511,0.081,0.081,0.08,0.08,80000
TLS,20200511,3.04,3.09,3.02,3.07,22071226
TLT,20200511,3,3,3,3,2013
TLX,20200511,1.48,1.585,1.46,1.5,845697
TMG,20200511,0.075,0.09,0.075,0.082,467609
TMR,20200511,0.185,0.19,0.18,0.185,209593
TMT,20200511,0.115,0.13,0.115,0.13,86476
TMX,20200511,0.006,0.006,0.005,0.005,400000
TNE,20200511,10.2,10.24,9.94,10.15,1479726
TNG,20200511,0.06,0.06,0.057,0.06,2316882
TNK,20200511,0.86,0.86,0.85,0.86,27148
TNR,20200511,0.017,0.017,0.017,0.017,265000
TNT,20200511,0.062,0.069,0.062,0.068,9798759
TNY,20200511,1.03,1.12,1.03,1.085,90093
TOE,20200511,0.011,0.011,0.01,0.01,9067999
TON,20200511,0.035,0.041,0.035,0.04,1384055
TOP,20200511,0.435,0.44,0.435,0.44,248476
TOT,20200511,0.88,0.88,0.87,0.88,73318
TOU,20200511,0.064,0.064,0.064,0.064,4894
TPD,20200511,0.001,0.001,0.001,0.001,1000000
TPM,20200511,7.35,7.49,7.23,7.27,902752
TPP,20200511,0.032,0.032,0.032,0.032,10047
TPS,20200511,0.05,0.055,0.05,0.055,77901
TPW,20200511,3.75,4.12,3.7,4.02,756627
TRA,20200511,1.55,1.55,1.55,1.55,3000
TRL,20200511,0.014,0.014,0.014,0.014,89013
TRS,20200511,3.54,4.1,3.54,3.92,326798
TRT,20200511,0.014,0.014,0.014,0.014,374785
TRY,20200511,0.077,0.08,0.077,0.08,289111
TSC,20200511,0.007,0.007,0.006,0.007,2380721
TSL,20200511,0.038,0.038,0.038,0.038,100000
TSO,20200511,0.048,0.048,0.044,0.044,2418827
TTB,20200511,0.6,0.6,0.55,0.55,51955
TTI,20200511,0.013,0.013,0.013,0.013,555555
TTM,20200511,0.064,0.078,0.064,0.076,2510114
TTT,20200511,0.705,0.72,0.7,0.72,203587
TWD,20200511,2.39,2.53,2.39,2.53,17000
TWE,20200511,9.93,10.38,9.92,10.35,2826511
TWR,20200511,0.6,0.6,0.6,0.6,251
TYM,20200511,0.032,0.032,0.032,0.032,28571
TYR,20200511,3.49,3.73,3.45,3.69,2661057
TYX,20200511,0.003,0.003,0.003,0.003,2031225
TZL,20200511,0.041,0.041,0.041,0.041,52694
TZN,20200511,0.039,0.039,0.038,0.038,129750
UBA,20200511,17.48,18.05,17.3,18,11667
UBE,20200511,19.7,19.7,19.66,19.66,11960
UBI,20200511,0.21,0.215,0.205,0.205,1210755
UBN,20200511,0.05,0.05,0.05,0.05,132742
UBP,20200511,27.35,28.2,27.35,28.1,10742
UBU,20200511,32,32.07,32,32.07,2525
UBW,20200511,28.1,28.42,28.01,28.42,12503
UCM,20200511,0.225,0.235,0.215,0.22,156871
UCW,20200511,0.085,0.085,0.084,0.084,44809
UMG,20200511,4.27,4.39,4.24,4.25,1718851
UOS,20200511,0.69,0.695,0.68,0.68,36879
URF,20200511,0.35,0.38,0.32,0.36,353470
URW,20200511,4.27,4.31,4.23,4.23,2519250
USD,20200511,14.9,14.9,14.84,14.89,84253
UUV,20200511,0.001,0.001,0.001,0.001,300000
UWL,20200511,1.5,1.595,1.445,1.485,1222609
VAE,20200511,64.63,65.5,64.63,65,5620
VAF,20200511,52.56,52.58,52.51,52.51,43375
VAN,20200511,0.12,0.125,0.115,0.125,60286
VAP,20200511,65.47,66.5,65.06,66.5,90921
VAS,20200511,69,69.76,68.9,69.37,256425
VCF,20200511,49.42,49.78,49.39,49.43,23934
VCX,20200511,1.46,1.52,1.45,1.495,21247835
VEA,20200511,1.46,1.51,1.46,1.5,5023575
VEE,20200511,0.42,0.42,0.41,0.41,65000
VEN,20200511,0.041,0.044,0.038,0.04,2505791
VEQ,20200511,51.49,51.49,50.56,50.64,15135
VEU,20200511,67.46,67.99,67.46,67.59,43701
VG1,20200511,2.07,2.09,2.07,2.07,538033
VG8,20200511,2.14,2.15,2.13,2.15,152953
VGB,20200511,53.73,53.73,53.66,53.7,27684
VGE,20200511,61.81,62.63,61.81,62.19,12220
VGI,20200511,9.79,10,9.6,10,15553
VGL,20200511,1.21,1.31,1.2,1.265,308200
VGS,20200511,76.81,76.91,76.55,76.55,40435
VHT,20200511,1.32,1.345,1.32,1.33,432525
VHY,20200511,46.51,47.04,46.51,46.85,58624
VIC,20200511,0.001,0.001,0.001,0.001,64000
VIF,20200511,51.86,51.91,51.73,51.84,19383
VIP,20200511,0.035,0.035,0.034,0.034,1572054
VLC,20200511,55.01,55.55,55.01,55.45,19355
VLS,20200511,0.565,0.565,0.565,0.565,3200
VLT,20200511,0.21,0.24,0.21,0.24,971661
VMC,20200511,0.175,0.18,0.175,0.175,22778
VMG,20200511,0.002,0.002,0.001,0.001,1200000
VML,20200511,0.011,0.011,0.01,0.01,4005465
VMS,20200511,0.016,0.016,0.015,0.015,1614799
VMT,20200511,0.195,0.22,0.195,0.2,992817
VMX,20200511,0.155,0.155,0.15,0.15,386138
VMY,20200511,0.051,0.054,0.051,0.053,1476599
VN8,20200511,0.125,0.125,0.105,0.105,82087
VOC,20200511,2.92,2.96,2.845,2.91,848729
VOR,20200511,0.135,0.14,0.13,0.135,95798
VPR,20200511,0.001,0.001,0.001,0.001,4792012
VR1,20200511,0.021,0.026,0.021,0.025,6764827
VR8,20200511,0.016,0.016,0.015,0.015,83750
VRL,20200511,2,2.09,1.94,2.02,361291
VRS,20200511,0.023,0.027,0.023,0.024,709200
VRT,20200511,3.37,3.6,3.33,3.36,738309
VRX,20200511,0.089,0.089,0.089,0.089,3875
VSO,20200511,51.07,51.68,51,51.45,12209
VTG,20200511,0.985,1.02,0.98,1.01,228247
VTH,20200511,0.72,0.75,0.72,0.735,316159
VTI,20200511,0.017,0.017,0.016,0.016,280481
VTS,20200511,226,227.33,226,226.01,22226
VUK,20200511,1.47,1.555,1.465,1.55,5865146
VUL,20200511,0.215,0.25,0.215,0.225,344730
VVA,20200511,2.08,2.08,2.01,2.03,73221
VVR,20200511,2.39,2.4,2.35,2.39,4618542
VXR,20200511,0.062,0.062,0.06,0.06,210000
VYS,20200511,0.056,0.057,0.056,0.056,374930
WAA,20200511,0.915,0.93,0.9,0.93,32146
WAF,20200511,0.82,0.827,0.795,0.8,7502598
WAM,20200511,1.9,1.92,1.87,1.87,640501
WAX,20200511,1.23,1.3,1.23,1.3,242110
WBC,20200511,15.7,15.84,15.59,15.63,7739660
WBT,20200511,0.375,0.375,0.34,0.34,116185
WCN,20200511,0.005,0.005,0.005,0.005,377303
WEB,20200511,3.06,3.68,3.06,3.5,15448154
WEC,20200511,0.086,0.086,0.086,0.086,46281
WEL,20200511,0.019,0.019,0.018,0.018,310000
WES,20200511,37.65,38.11,37.4,37.85,1224027
WGB,20200511,1.925,1.955,1.925,1.955,143596
WGN,20200511,0.85,0.92,0.835,0.87,314422
WGO,20200511,0.15,0.155,0.135,0.135,1381416
WGX,20200511,2.14,2.27,2.14,2.25,1221554
WHC,20200511,1.785,1.81,1.725,1.795,5357089
WHF,20200511,4.5,4.65,4.5,4.6,42808
WHK,20200511,0.05,0.054,0.05,0.052,521193
WIC,20200511,0.82,0.825,0.805,0.82,68919
WJA,20200511,0.09,0.09,0.09,0.09,1000
WKT,20200511,0.14,0.145,0.14,0.14,165570
WLD,20200511,0.041,0.041,0.041,0.041,85000
WLE,20200511,1.01,1.025,1.01,1.02,783370
WMI,20200511,1.125,1.165,1.125,1.15,229624
WML,20200511,0.013,0.013,0.012,0.012,123445
WNB,20200511,0.01,0.01,0.009,0.009,12058912
WND,20200511,0.96,0.965,0.96,0.96,50094
WOA,20200511,0.14,0.14,0.14,0.14,13656
WOR,20200511,8.79,8.96,8.69,8.8,1260761
WOW,20200511,34.5,34.99,34.31,34.74,3425641
WPL,20200511,22.38,22.62,22.23,22.37,2563669
WPP,20200511,0.24,0.265,0.24,0.25,1630664
WQG,20200511,1.185,1.21,1.185,1.21,112220
WRM,20200511,0.004,0.004,0.003,0.003,7603762
WSA,20200511,2.14,2.18,2.08,2.12,1446582
WSI,20200511,0.011,0.012,0.011,0.012,604771
WSP,20200511,1.91,1.98,1.91,1.95,485715
WTC,20200511,20.25,20.39,19.6,19.85,549681
WWG,20200511,0.145,0.15,0.145,0.15,147889
WWI,20200511,0.011,0.011,0.011,0.011,656259
WZR,20200511,0.19,0.2,0.175,0.185,15503315
XAM,20200511,0.027,0.027,0.027,0.027,1181845
XCD,20200511,0.011,0.011,0.01,0.01,9451726
XF1,20200511,0.2,0.225,0.185,0.22,525197
XPE,20200511,0.001,0.002,0.001,0.002,264068
XPL,20200511,0.052,0.052,0.051,0.051,170000
XRF,20200511,0.2,0.205,0.2,0.2,259770
XRO,20200511,82.58,83.45,82.17,82.94,585259
XST,20200511,0.001,0.001,0.001,0.001,276091
XTC,20200511,0.003,0.003,0.002,0.002,6557116
XTD,20200511,0.024,0.024,0.023,0.023,704674
XTE,20200511,0.655,0.655,0.635,0.635,16634
YAL,20200511,2.52,2.52,2.38,2.4,48695
YBR,20200511,0.066,0.067,0.066,0.067,181079
YOJ,20200511,0.03,0.03,0.029,0.029,838339
YOW,20200511,0.038,0.039,0.036,0.036,222422
YRL,20200511,0.22,0.25,0.22,0.23,120881
Z1P,20200511,3.5,3.63,3.43,3.48,15978183
ZEN,20200511,0.98,0.98,0.965,0.965,557758
ZIM,20200511,9.85,9.96,9.75,9.96,2567
ZLD,20200511,0.047,0.047,0.045,0.046,646156
ZNC,20200511,0.072,0.075,0.072,0.075,123000
ZNO,20200511,1.89,1.99,1.86,1.87,2024894
XAF,20200511,5250.9,5348.6,5250.9,5319.5,0
XAO,20200511,5488,5587.4,5488,5559.1,1290803900
XAT,20200511,5339.9,5437.3,5339.9,5409.5,0
XDJ,20200511,2150.8,2201.7,2150.8,2184.8,0
XEC,20200511,1226.4,1254.7,1226.4,1253.2,0
XEJ,20200511,7150.8,7357.5,7150.8,7295.8,0
XFJ,20200511,4207.7,4290.7,4207.7,4256.6,0
XFL,20200511,5279.3,5378.9,5279.3,5349.1,0
XGD,20200511,7357,7476.3,7304.2,7451.6,0
XHJ,20200511,42334.9,42854,42334.9,42629.7,0
XIJ,20200511,1385.9,1420.4,1385.9,1411.8,0
XJO,20200511,5391.1,5489.5,5391.1,5461.2,0
XJR,20200511,3937.4,4008.2,3937.4,3989.9,0
XKO,20200511,5359.9,5458.3,5359.9,5430.5,0
XMD,20200511,6058.7,6155.2,6058.7,6128.6,0
XMJ,20200511,11706.6,11896.3,11706.6,11842.1,0
XMM,20200511,3899.1,3957.5,3899.1,3943.3,0
XNJ,20200511,5369.1,5510.2,5369.1,5495.6,0
XPJ,20200511,1147.9,1179.8,1147.8,1179.2,0
XSJ,20200511,11701.3,11794.5,11657,11721.4,0
XSO,20200511,2429.5,2473.8,2429.5,2465.5,0
XTJ,20200511,1087.9,1104.1,1086,1097.9,0
XTL,20200511,2976,3025.9,2976,3008.2,0
XTO,20200511,4446.4,4528.1,4446.4,4504,0
XUJ,20200511,7623.3,7784.4,7623.3,7737.1,0
XXJ,20200511,4693,4785.6,4693,4747.6,0
