360,20200207,3.3,3.34,3.25,3.3,164001
14D,20200207,0.185,0.195,0.175,0.195,179782
1AD,20200207,0.1,0.1,0.1,0.1,112966
1AG,20200207,0.038,0.038,0.035,0.035,264000
1ST,20200207,0.058,0.058,0.054,0.057,1099534
2BE,20200207,0.12,0.12,0.12,0.12,10000
3DA,20200207,0.315,0.355,0.31,0.355,964082
3DP,20200207,0.046,0.046,0.043,0.043,975338
3PL,20200207,0.8,0.805,0.79,0.8,122891
4DS,20200207,0.061,0.065,0.061,0.062,2819088
5GN,20200207,0.945,0.97,0.91,0.925,421853
88E,20200207,0.022,0.022,0.022,0.022,1255520
8CO,20200207,0.083,0.088,0.083,0.088,144108
8EC,20200207,0.078,0.078,0.078,0.078,28019
8VI,20200207,0.3,0.3,0.3,0.3,3333
9SP,20200207,0.024,0.024,0.023,0.023,7466794
A1G,20200207,0.15,0.15,0.15,0.15,11929
A1M,20200207,0.325,0.325,0.325,0.325,38152
A2B,20200207,1.41,1.44,1.41,1.43,67926
A2M,20200207,14.71,14.98,14.71,14.79,2464637
A3D,20200207,0.16,0.16,0.15,0.155,52764
A4N,20200207,0.25,0.27,0.25,0.27,856211
AAA,20200207,50.08,50.09,50.08,50.08,74676
AAC,20200207,1.18,1.33,1.17,1.3,2131617
AAJ,20200207,0.003,0.003,0.003,0.003,475000
AAR,20200207,0.115,0.115,0.11,0.11,564712
ABA,20200207,6.24,6.39,6.24,6.39,31051
ABC,20200207,3.65,3.71,3.51,3.54,1965073
ABP,20200207,3.76,3.795,3.73,3.79,845308
ABR,20200207,0.46,0.48,0.45,0.47,506098
ABV,20200207,0.035,0.037,0.035,0.037,189602
ABX,20200207,0.115,0.115,0.115,0.115,20357
AC8,20200207,0.3,0.3,0.285,0.285,534805
ACF,20200207,0.35,0.365,0.345,0.345,234827
ACQ,20200207,1.19,1.19,1.18,1.18,9000
ACR,20200207,0.165,0.165,0.165,0.165,44251
ACW,20200207,0.035,0.035,0.033,0.035,891150
AD8,20200207,8.18,8.28,8.1,8.22,100328
ADA,20200207,0.655,0.667,0.65,0.65,53452
ADD,20200207,0.032,0.034,0.032,0.034,88930
ADH,20200207,2.3,2.35,2.28,2.35,784285
ADI,20200207,3.07,3.08,3.03,3.04,146307
ADJ,20200207,0.029,0.029,0.029,0.029,5093739
ADN,20200207,0.046,0.047,0.044,0.045,2322691
ADO,20200207,0.031,0.031,0.029,0.031,1041513
ADR,20200207,0.032,0.033,0.032,0.033,976280
ADT,20200207,1.635,1.66,1.615,1.64,129066
ADV,20200207,0.003,0.003,0.003,0.003,590374
ADX,20200207,0.008,0.008,0.008,0.008,2905250
AEE,20200207,0.005,0.005,0.005,0.005,3500000
AEF,20200207,5.1,5.1,4.86,4.91,173099
AEG,20200207,1.12,1.12,1.11,1.115,226141
AEI,20200207,0.4,0.48,0.4,0.475,1314323
AFG,20200207,2.89,2.91,2.76,2.78,346469
AFI,20200207,7.18,7.18,7.07,7.1,611183
AFL,20200207,0.15,0.15,0.13,0.13,194204
AFP,20200207,3.1,3.1,3.1,3.1,177
AFR,20200207,0.034,0.034,0.034,0.034,53131
AGG,20200207,5.84,5.94,5.71,5.82,19406
AGH,20200207,0.405,0.415,0.405,0.405,161968
AGI,20200207,0.7,0.7,0.665,0.67,95854
AGL,20200207,19.77,19.77,19.47,19.56,1480882
AGM,20200207,2.05,2.05,2.05,2.05,19759
AGR,20200207,0.107,0.11,0.105,0.105,277299
AGS,20200207,0.11,0.11,0.11,0.11,779493
AGY,20200207,0.077,0.077,0.075,0.075,407564
AHF,20200207,0.095,0.095,0.093,0.093,316411
AHL,20200207,0.007,0.007,0.007,0.007,728888
AHQ,20200207,0.115,0.115,0.115,0.115,102900
AHX,20200207,0.48,0.48,0.47,0.47,11417
AHY,20200207,1.07,1.095,1.07,1.095,61758
AHZ,20200207,0.082,0.082,0.075,0.078,501588
AIA,20200207,8.28,8.43,8.28,8.38,200009
AIB,20200207,0.096,0.096,0.096,0.096,4505
AIQ,20200207,0.11,0.11,0.11,0.11,1515
AIS,20200207,0.06,0.06,0.055,0.06,1810783
AIV,20200207,0.16,0.16,0.16,0.16,20000
AIZ,20200207,2.72,2.73,2.68,2.69,176992
AJC,20200207,0.001,0.001,0.001,0.001,600001
AJQ,20200207,0.059,0.059,0.055,0.055,73159
AJX,20200207,0.061,0.061,0.061,0.061,24999
AKG,20200207,0.535,0.535,0.535,0.535,3738
AKM,20200207,0.11,0.115,0.105,0.105,240742
AKP,20200207,13.8,13.99,13.7,13.9,6307
AL8,20200207,0.023,0.025,0.023,0.023,1215000
ALC,20200207,0.23,0.235,0.22,0.225,1793958
ALF,20200207,0.975,0.975,0.965,0.965,164297
ALG,20200207,1.34,1.425,1.34,1.395,1940646
ALI,20200207,2.56,2.57,2.54,2.57,94752
ALK,20200207,0.82,0.9,0.82,0.89,5563676
ALL,20200207,37.2,37.22,36.55,36.59,1165169
ALQ,20200207,9.65,9.69,9.48,9.52,458553
ALU,20200207,41.7,41.74,40.99,41.59,334467
ALX,20200207,8.2,8.24,8.16,8.2,2217160
ALY,20200207,0.011,0.012,0.011,0.012,1493000
AMA,20200207,0.885,0.89,0.832,0.85,3148707
AMC,20200207,16.29,16.33,16.14,16.18,3620801
AMD,20200207,0.007,0.007,0.007,0.007,1500000
AME,20200207,0.032,0.035,0.032,0.034,1571922
AMG,20200207,0.057,0.06,0.056,0.06,152116
AMH,20200207,1,1.01,0.995,1,131694
AMI,20200207,0.425,0.435,0.415,0.42,2346702
AML,20200207,0.135,0.14,0.135,0.14,100595
AMN,20200207,0.46,0.49,0.46,0.49,12461
AMP,20200207,1.77,1.78,1.74,1.745,22407555
AMS,20200207,1.38,1.38,1.345,1.355,215737
AMT,20200207,0.145,0.145,0.145,0.145,600
AMX,20200207,2.39,2.39,2.2,2.27,125361
ANA,20200207,0.016,0.016,0.013,0.013,5276856
ANG,20200207,0.195,0.205,0.195,0.205,160868
ANL,20200207,0.002,0.002,0.001,0.001,830000
ANN,20200207,32.52,32.76,32.47,32.47,586083
ANO,20200207,5.88,6.48,5.88,6.35,74037
ANP,20200207,0.068,0.068,0.064,0.065,2218317
ANR,20200207,0.28,0.28,0.27,0.27,18000
ANW,20200207,0.001,0.001,0.001,0.001,3500000
ANZ,20200207,26.15,26.18,25.85,26.03,5357922
AOF,20200207,2.98,2.99,2.98,2.99,289491
AON,20200207,0.023,0.024,0.023,0.024,147185
AOU,20200207,0.064,0.064,0.063,0.063,54300
APA,20200207,11.2,11.295,11.19,11.29,2530181
APC,20200207,0.098,0.098,0.097,0.097,56283
APD,20200207,0.67,0.67,0.67,0.67,63705
APE,20200207,8.6,8.67,8.48,8.55,314717
APG,20200207,0.002,0.002,0.002,0.002,1000000
APH,20200207,0.16,0.16,0.16,0.16,47
API,20200207,1.305,1.305,1.29,1.295,781922
APL,20200207,1.03,1.03,1.025,1.03,733002
APT,20200207,38.88,39.64,38.46,39.44,2047074
APV,20200207,0.23,0.23,0.22,0.23,155651
APX,20200207,26.05,26.26,25.65,25.7,765565
APZ,20200207,1.16,1.17,1.16,1.17,10292
AQC,20200207,0.195,0.2,0.19,0.19,8584
AQG,20200207,6.94,7.06,6.9,6.94,432004
AQI,20200207,0.059,0.059,0.055,0.059,986051
AQR,20200207,3.695,3.75,3.66,3.75,23301
AQX,20200207,0.032,0.032,0.03,0.03,3490319
AQZ,20200207,2.62,2.63,2.6,2.62,1144135
AR9,20200207,0.12,0.12,0.12,0.12,141362
ARA,20200207,0.615,0.615,0.615,0.615,107
ARB,20200207,18.8,18.88,18.58,18.84,96442
ARD,20200207,0.016,0.017,0.015,0.016,1722805
ARE,20200207,0.006,0.006,0.006,0.006,50000
ARF,20200207,3.06,3.08,3.03,3.04,311244
ARG,20200207,8.9,8.98,8.9,8.94,284169
ARL,20200207,0.495,0.495,0.48,0.48,90346
ARN,20200207,0.14,0.17,0.14,0.165,392222
ARQ,20200207,0.36,0.375,0.36,0.36,178309
ARS,20200207,0.018,0.019,0.018,0.019,1933800
ARU,20200207,0.074,0.076,0.074,0.076,262728
ARV,20200207,0.028,0.03,0.027,0.028,4912830
AS1,20200207,0.16,0.16,0.16,0.16,13250
ASB,20200207,4.09,4.185,4.09,4.16,1280605
ASG,20200207,1.62,1.645,1.62,1.645,6516
ASH,20200207,0.45,0.45,0.45,0.45,21469
ASN,20200207,0.035,0.036,0.035,0.036,109679
AST,20200207,1.75,1.75,1.725,1.73,5544190
ASX,20200207,86.25,86.6,85.15,85.47,288354
ATC,20200207,0.095,0.095,0.091,0.091,367589
ATH,20200207,0.019,0.02,0.018,0.018,1004190
ATL,20200207,0.33,0.335,0.31,0.31,256424
ATP,20200207,0.008,0.008,0.008,0.008,56152
ATS,20200207,0.074,0.077,0.074,0.074,98050
ATU,20200207,0.355,0.355,0.35,0.35,4367
ATX,20200207,0.071,0.071,0.071,0.071,5300
AU1,20200207,0.052,0.057,0.051,0.055,77007
AU8,20200207,0.084,0.084,0.083,0.083,373116
AUB,20200207,12.84,13.03,12.65,12.75,80826
AUC,20200207,0.017,0.017,0.017,0.017,1035558
AUI,20200207,10.18,10.18,10.16,10.17,15786
AUQ,20200207,0.017,0.017,0.017,0.017,75000
AUR,20200207,0.017,0.017,0.016,0.016,389500
AUT,20200207,0.022,0.025,0.02,0.021,21814454
AUZ,20200207,0.015,0.015,0.015,0.015,3059698
AV1,20200207,0.205,0.235,0.205,0.235,374102
AVA,20200207,0.14,0.14,0.14,0.14,117659
AVC,20200207,0.175,0.185,0.175,0.185,485688
AVE,20200207,0.003,0.003,0.003,0.003,571490
AVG,20200207,0.485,0.495,0.485,0.485,41119
AVH,20200207,0.735,0.745,0.725,0.73,8104571
AVJ,20200207,0.62,0.625,0.6,0.61,23389
AVL,20200207,0.012,0.013,0.012,0.012,1239384
AVN,20200207,2.91,2.91,2.87,2.88,427303
AVZ,20200207,0.066,0.067,0.063,0.066,10412184
AWC,20200207,2.18,2.19,2.165,2.19,11479959
AWV,20200207,0.008,0.008,0.008,0.008,315500
AWY,20200207,0.035,0.038,0.035,0.036,315723
AX1,20200207,1.71,1.755,1.7,1.735,865336
AXE,20200207,0.225,0.225,0.215,0.22,172018
AYR,20200207,0.001,0.002,0.001,0.001,1000000
AYS,20200207,0.31,0.325,0.31,0.32,145518
AZI,20200207,0.008,0.008,0.008,0.008,290001
AZJ,20200207,5.34,5.39,5.25,5.33,14356369
AZM,20200207,0.032,0.032,0.032,0.032,25000
AZS,20200207,0.15,0.15,0.14,0.14,182686
AZV,20200207,0.091,0.091,0.091,0.091,15542
AZY,20200207,0.012,0.012,0.01,0.01,7335854
BAF,20200207,0.855,0.855,0.85,0.85,256480
BAP,20200207,6.75,6.8,6.59,6.65,1060973
BAR,20200207,0.019,0.019,0.019,0.019,80000
BAS,20200207,0.002,0.002,0.002,0.002,400000
BAT,20200207,0.008,0.008,0.008,0.008,2879013
BBC,20200207,0.6,0.6,0.6,0.6,2303
BBL,20200207,0.425,0.425,0.425,0.425,3200
BBN,20200207,3.55,3.58,3.46,3.5,185517
BBX,20200207,0.15,0.15,0.15,0.15,45000
BC8,20200207,0.35,0.35,0.35,0.35,37892
BCB,20200207,0.057,0.057,0.057,0.057,70000
BCC,20200207,0.325,0.325,0.325,0.325,10259
BCI,20200207,0.16,0.165,0.16,0.165,82160
BCK,20200207,0.028,0.029,0.028,0.029,50000
BCN,20200207,0.034,0.034,0.033,0.034,853000
BCT,20200207,0.115,0.12,0.1,0.1,3390306
BD1,20200207,0.033,0.033,0.032,0.032,1211973
BDA,20200207,0.27,0.28,0.26,0.26,170050
BDC,20200207,0.079,0.079,0.078,0.078,1278537
BEM,20200207,0.043,0.043,0.043,0.043,60000
BEN,20200207,10.4,10.45,10.05,10.12,3321316
BET,20200207,0.39,0.39,0.35,0.355,3163838
BFC,20200207,0.08,0.08,0.08,0.08,172418
BFG,20200207,1.35,1.36,1.335,1.355,272915
BGA,20200207,4.38,4.44,4.27,4.28,415641
BGL,20200207,0.46,0.515,0.455,0.505,7400055
BGT,20200207,0.17,0.17,0.17,0.17,7500
BHL,20200207,0.13,0.13,0.13,0.13,7500
BHP,20200207,39.12,39.19,38.73,38.77,5906376
BID,20200207,1.25,1.3,1.24,1.28,1344565
BIN,20200207,2.79,2.84,2.76,2.83,1253448
BIS,20200207,1.01,1.01,1,1,10840
BIT,20200207,0.11,0.135,0.11,0.125,57086033
BKI,20200207,1.69,1.69,1.67,1.67,609761
BKL,20200207,92,92.4,89.11,89.44,49421
BKT,20200207,0.05,0.05,0.047,0.047,675883
BKW,20200207,20.24,20.32,19.93,20.14,112063
BKY,20200207,0.2,0.2,0.2,0.2,160000
BLD,20200207,5.21,5.29,5.13,5.15,8964610
BLG,20200207,0.081,0.082,0.078,0.078,269873
BLK,20200207,0.012,0.012,0.011,0.011,9768517
BLT,20200207,0.039,0.04,0.034,0.035,743684
BLU,20200207,0.041,0.042,0.041,0.041,2252962
BLX,20200207,1.055,1.055,1.02,1.02,114112
BLY,20200207,1.44,1.44,1.41,1.41,19575
BMN,20200207,0.035,0.035,0.035,0.035,103621
BNO,20200207,0.07,0.071,0.067,0.071,779241
BNR,20200207,0.022,0.022,0.021,0.021,70000
BOE,20200207,0.044,0.047,0.044,0.047,415795
BOL,20200207,0.115,0.12,0.115,0.12,49071
BOQ,20200207,7.63,7.65,7.49,7.52,1380117
BOT,20200207,0.09,0.091,0.088,0.09,2312504
BPH,20200207,0.001,0.001,0.001,0.001,26075798
BPL,20200207,0.019,0.019,0.018,0.018,453888
BPT,20200207,2.43,2.44,2.36,2.38,8634860
BRB,20200207,0.245,0.255,0.245,0.255,138322
BRG,20200207,19.35,19.4,18.96,19.12,136177
BRI,20200207,1.625,1.625,1.62,1.62,5000
BRL,20200207,0.105,0.11,0.105,0.11,40061
BRN,20200207,0.052,0.053,0.051,0.052,3372686
BRU,20200207,0.155,0.16,0.155,0.16,242177
BRV,20200207,0.02,0.021,0.019,0.021,2619916
BSA,20200207,0.4,0.41,0.4,0.405,211713
BSE,20200207,0.25,0.25,0.235,0.235,36221522
BSL,20200207,14.24,14.32,13.96,14.02,1769546
BSM,20200207,0.007,0.007,0.007,0.007,354292
BSR,20200207,0.013,0.014,0.013,0.014,4533957
BSX,20200207,0.165,0.165,0.16,0.165,1110552
BTC,20200207,0.14,0.145,0.14,0.145,111266
BTH,20200207,0.975,0.99,0.93,0.94,1159834
BTI,20200207,1.07,1.085,1.065,1.065,51339
BUB,20200207,0.73,0.735,0.71,0.71,3061782
BUD,20200207,0.034,0.034,0.03,0.033,13601524
BUY,20200207,0.004,0.004,0.004,0.004,3000000
BVS,20200207,5.63,5.63,5.505,5.55,569772
BWF,20200207,0.55,0.575,0.55,0.555,21961
BWP,20200207,4.01,4.01,3.98,3.98,821669
BWX,20200207,4.34,4.41,4.26,4.27,405385
BXB,20200207,12.66,12.74,12.65,12.7,3504667
BXN,20200207,0.014,0.014,0.014,0.014,35000
BYE,20200207,0.295,0.305,0.295,0.3,1856330
BYH,20200207,0.046,0.048,0.046,0.048,13019
BYI,20200207,0.7,0.7,0.7,0.7,5625
C6C,20200207,0.735,0.74,0.735,0.74,12922
CAA,20200207,0.13,0.14,0.13,0.135,2107302
CAD,20200207,0.001,0.001,0.001,0.001,520000
CAG,20200207,0.53,0.53,0.47,0.52,247476
CAI,20200207,0.25,0.26,0.25,0.26,61455
CAJ,20200207,0.25,0.25,0.245,0.245,1903121
CAM,20200207,0.96,0.96,0.96,0.96,14890
CAN,20200207,1.32,1.37,1.185,1.21,1501808
CAP,20200207,0.031,0.031,0.031,0.031,93768
CAR,20200207,17.78,17.78,17.47,17.71,710615
CAT,20200207,2.01,2.09,1.99,2,574380
CAU,20200207,0.19,0.19,0.17,0.18,103474
CAY,20200207,0.145,0.145,0.14,0.145,530122
CBA,20200207,84.62,84.8,83.95,84.8,3368097
CBE,20200207,0.27,0.275,0.265,0.27,171077
CBR,20200207,4.36,4.4,4.26,4.36,136922
CBY,20200207,0.2,0.2,0.2,0.2,7547
CCA,20200207,0.225,0.25,0.205,0.235,2514926
CCE,20200207,0.002,0.002,0.001,0.001,841274
CCG,20200207,0.056,0.056,0.056,0.056,70000
CCL,20200207,12,12.155,11.92,11.99,1521445
CCP,20200207,36.74,37.15,36.56,37.02,256993
CCV,20200207,0.22,0.225,0.21,0.225,532646
CCX,20200207,3.23,3.25,3.18,3.22,361487
CCZ,20200207,0.019,0.019,0.019,0.019,466062
CD3,20200207,1.365,1.365,1.32,1.32,34840
CDA,20200207,8.05,8.09,7.86,7.94,285046
CDD,20200207,0.365,0.377,0.36,0.36,302934
CDM,20200207,0.74,0.74,0.735,0.74,468170
CDP,20200207,5.88,5.94,5.88,5.94,7726
CDT,20200207,0.008,0.009,0.008,0.009,942146
CDV,20200207,0.37,0.38,0.365,0.37,946797
CDX,20200207,0.027,0.027,0.027,0.027,954908
CDY,20200207,0.2,0.205,0.195,0.195,68348
CE1,20200207,0.006,0.006,0.006,0.006,576667
CEL,20200207,0.185,0.19,0.18,0.19,2494751
CEN,20200207,7.1,7.17,6.93,6.98,9280
CFE,20200207,0.007,0.007,0.007,0.007,1416896
CG1,20200207,0.46,0.495,0.45,0.47,198126
CGB,20200207,0.016,0.016,0.015,0.016,1370267
CGC,20200207,3.15,3.17,3.09,3.15,4181240
CGF,20200207,8.99,9.01,8.87,8.94,1608434
CGL,20200207,5,5,4.86,4.96,74998
CGR,20200207,0.54,0.54,0.54,0.54,51000
CGS,20200207,0.515,0.52,0.5,0.5,133944
CHC,20200207,12.74,12.78,12.63,12.75,1500137
CHK,20200207,0.01,0.01,0.009,0.009,2003696
CHN,20200207,0.29,0.305,0.285,0.305,719509
CHZ,20200207,0.1,0.11,0.1,0.1,882786
CI1,20200207,0.021,0.021,0.021,0.021,1584284
CIA,20200207,2.43,2.45,2.36,2.39,913586
CIE,20200207,0.84,0.855,0.835,0.855,205658
CIM,20200207,30,30,28.54,28.54,1012525
CIN,20200207,31.7,31.7,31.4,31.4,8382
CIO,20200207,0.003,0.004,0.002,0.004,6141969
CIP,20200207,3.68,3.68,3.65,3.65,303627
CIW,20200207,0.68,0.68,0.68,0.68,4453
CKA,20200207,0.042,0.044,0.042,0.044,701193
CKF,20200207,9,9.18,8.9,9.07,931452
CL1,20200207,2.1,2.1,2.07,2.1,116698
CL8,20200207,0.014,0.014,0.014,0.014,300000
CLA,20200207,0.014,0.014,0.012,0.012,1939997
CLF,20200207,1.31,1.31,1.31,1.31,19946
CLH,20200207,1.05,1.065,1.05,1.065,119940
CLQ,20200207,0.265,0.265,0.265,0.265,143059
CLV,20200207,2.55,2.68,2.55,2.63,763519
CLW,20200207,5.59,5.61,5.5,5.51,1233198
CLZ,20200207,0.003,0.003,0.002,0.002,3500000
CM8,20200207,0.027,0.028,0.025,0.025,3363426
CMA,20200207,2.98,3.01,2.98,3.01,5404599
CML,20200207,0.016,0.016,0.015,0.015,578205
CMM,20200207,1.225,1.245,1.22,1.22,209987
CMP,20200207,0.695,0.695,0.68,0.68,13017
CMW,20200207,1.21,1.215,1.205,1.21,4390759
CNB,20200207,0.077,0.077,0.077,0.077,4500
CNI,20200207,2.49,2.55,2.485,2.5,1536016
CNL,20200207,0.135,0.135,0.135,0.135,4030
CNU,20200207,6.2,6.24,6.055,6.13,838174
CNW,20200207,0.035,0.036,0.035,0.035,737010
COB,20200207,0.135,0.14,0.135,0.135,255242
COE,20200207,0.56,0.565,0.55,0.56,2197374
COG,20200207,0.091,0.094,0.09,0.094,285390
COH,20200207,244,244.99,242,243.22,102221
COI,20200207,0.155,0.155,0.145,0.15,327484
COL,20200207,16.95,17.06,16.78,16.9,4722711
COS,20200207,0.365,0.365,0.335,0.34,348495
CP1,20200207,0.13,0.13,0.125,0.125,27924
CPH,20200207,0.165,0.17,0.155,0.16,848472
CPU,20200207,17.98,18,17.57,17.68,2148833
CPV,20200207,0.155,0.16,0.15,0.16,202519
CQE,20200207,3.41,3.44,3.35,3.36,246777
CQR,20200207,4.93,4.94,4.89,4.92,1135809
CRL,20200207,0.022,0.025,0.021,0.025,1209576
CRN,20200207,1.99,2,1.97,1.99,243361
CRO,20200207,0.005,0.005,0.005,0.005,1100000
CSL,20200207,322,322.33,319.11,320.03,855995
CSR,20200207,5.01,5.1,4.98,4.99,1748857
CSS,20200207,0.71,0.72,0.71,0.72,66041
CT1,20200207,0.039,0.045,0.039,0.045,19071492
CTD,20200207,17.93,18.07,17.52,17.72,918539
CTM,20200207,0.011,0.012,0.011,0.011,2638794
CTO,20200207,0.005,0.005,0.005,0.005,241600
CTP,20200207,0.132,0.135,0.13,0.135,1141622
CTX,20200207,34.01,34.08,33.23,33.5,1035043
CUE,20200207,0.13,0.135,0.13,0.135,50950
CUP,20200207,1.28,1.28,1.22,1.22,98843
CUV,20200207,25.02,25.27,24.93,25.08,177632
CV1,20200207,0.12,0.12,0.12,0.12,401257
CVC,20200207,2.06,2.06,2.05,2.05,4076
CVF,20200207,1.01,1.01,1,1,14570
CVN,20200207,0.335,0.34,0.33,0.33,1412974
CWL,20200207,0.071,0.074,0.071,0.074,226500
CWN,20200207,11.53,11.72,11.52,11.61,1128016
CWP,20200207,8.26,8.26,8.13,8.24,50189
CWX,20200207,0.19,0.225,0.185,0.2,196547
CWY,20200207,1.985,1.985,1.95,1.955,11686223
CXL,20200207,0.81,0.81,0.79,0.795,6894687
CXM,20200207,0.046,0.047,0.042,0.042,295980
CXO,20200207,0.034,0.035,0.034,0.035,423000
CYG,20200207,1.06,1.06,1.06,1.06,9776
CYL,20200207,2.82,2.99,2.79,2.99,6140
CYM,20200207,0.24,0.24,0.23,0.23,33247
CYP,20200207,1.19,1.19,1.145,1.145,169143
CZL,20200207,0.008,0.009,0.008,0.008,7195500
CZN,20200207,0.004,0.004,0.004,0.004,13623373
CZR,20200207,0.008,0.01,0.008,0.009,16229671
D2O,20200207,1.48,1.49,1.46,1.48,31877
DAF,20200207,0.02,0.02,0.02,0.02,336816
DBF,20200207,1.13,1.145,1.12,1.13,54010
DCC,20200207,0.03,0.031,0.03,0.03,1036580
DCG,20200207,0.405,0.42,0.385,0.385,622178
DDD,20200207,0.002,0.002,0.002,0.002,800000
DDR,20200207,6.75,6.8,6.57,6.65,134108
DDT,20200207,0.007,0.007,0.007,0.007,477655
DEG,20200207,0.115,0.15,0.105,0.135,90179747
DEM,20200207,0.23,0.235,0.225,0.225,130404
DEV,20200207,0.064,0.065,0.063,0.063,416270
DGH,20200207,1.485,1.485,1.455,1.485,1026
DGO,20200207,1.13,1.3,1.13,1.3,68655
DHG,20200207,3.6,3.83,3.5,3.82,1239506
DHR,20200207,0.002,0.002,0.002,0.002,14724
DIV,20200207,24.41,24.44,24.4,24.4,4460
DJW,20200207,3.37,3.38,3.34,3.35,154979
DKM,20200207,0.155,0.155,0.155,0.155,21318
DME,20200207,0.19,0.195,0.19,0.195,7570
DMP,20200207,55.35,55.58,54.5,54.81,167818
DNA,20200207,0.069,0.072,0.066,0.072,1268817
DNK,20200207,0.61,0.615,0.6,0.61,102711
DOR,20200207,0.04,0.042,0.04,0.042,54000
DOW,20200207,7.44,7.44,7.34,7.41,1891858
DRE,20200207,0.005,0.005,0.004,0.005,1475010
DRO,20200207,0.235,0.235,0.22,0.22,255626
DRX,20200207,0.011,0.011,0.011,0.011,458136
DTC,20200207,1.135,1.145,1.085,1.1,163344
DTI,20200207,0.02,0.02,0.02,0.02,92734
DTL,20200207,4.77,4.86,4.7,4.73,243086
DTM,20200207,0.07,0.07,0.068,0.07,145828
DTS,20200207,0.15,0.15,0.145,0.15,114896
DUB,20200207,1.175,1.2,1.15,1.19,368622
DUI,20200207,5.17,5.18,5.13,5.16,47715
DVL,20200207,0.027,0.027,0.026,0.026,35000
DW8,20200207,0.007,0.007,0.007,0.007,3127285
DWS,20200207,1.085,1.095,1.075,1.09,33654
DXB,20200207,0.14,0.142,0.135,0.135,199994
DXN,20200207,0.049,0.049,0.047,0.047,173045
DXS,20200207,13,13.01,12.92,13.01,4167562
DYL,20200207,0.255,0.26,0.255,0.255,28753
E25,20200207,0.16,0.165,0.16,0.16,74451
E2E,20200207,0.003,0.003,0.003,0.003,3829600
E2M,20200207,0.18,0.18,0.18,0.18,85431
EAF,20200207,1.38,1.39,1.38,1.38,115609
EAI,20200207,1.07,1.075,1.055,1.06,484290
EAX,20200207,0.25,0.25,0.25,0.25,4792
EBG,20200207,1,1,1,1,153
EBO,20200207,22.38,22.38,22.38,22.38,400
ECF,20200207,1.3,1.3,1.285,1.285,157023
ECG,20200207,0.045,0.045,0.045,0.045,3200
ECL,20200207,1.385,1.39,1.385,1.39,16050
ECP,20200207,1.095,1.095,1.09,1.09,14000
ECS,20200207,0.048,0.048,0.046,0.047,520639
ECT,20200207,0.001,0.001,0.001,0.001,17483501
ECX,20200207,1.67,1.7,1.655,1.67,4784657
ED1,20200207,1.06,1.06,1.05,1.05,28584
EDC,20200207,1.11,1.11,1.1,1.1,28200
EDE,20200207,0.038,0.042,0.038,0.038,2278988
EEG,20200207,0.39,0.39,0.385,0.39,9200
EFF,20200207,1.78,1.79,1.78,1.78,375000
EGD,20200207,2.56,2.58,2.55,2.55,450978
EGF,20200207,1.84,1.84,1.84,1.84,73298
EGG,20200207,1.84,1.9,1.825,1.9,15416
EGH,20200207,0.385,0.39,0.38,0.39,297525
EGI,20200207,1.2,1.2,1.19,1.195,112289
EGL,20200207,0.038,0.038,0.038,0.038,6667
EGN,20200207,0.6,0.6,0.58,0.59,91417
EGR,20200207,0.082,0.082,0.082,0.082,20000
EHE,20200207,2.43,2.44,2.34,2.36,1318723
EHL,20200207,2.1,2.1,2.06,2.07,805183
EHX,20200207,0.105,0.105,0.1,0.1,115000
ELD,20200207,8.3,8.4,8.22,8.28,1025726
ELO,20200207,7.25,7.25,7.11,7.2,379668
ELS,20200207,0.36,0.365,0.355,0.365,51691
ELT,20200207,0.002,0.002,0.002,0.002,722436
ELX,20200207,0.805,0.82,0.79,0.8,108746
EM1,20200207,0.01,0.01,0.01,0.01,100000
EM2,20200207,0.14,0.14,0.135,0.135,88497
EMH,20200207,0.32,0.335,0.32,0.32,69676
EML,20200207,5.24,5.27,5.16,5.18,1397675
EMN,20200207,0.155,0.155,0.155,0.155,10000
EMP,20200207,0.034,0.034,0.03,0.03,194054
EMR,20200207,0.045,0.046,0.045,0.046,740198
EMV,20200207,0.815,0.845,0.8,0.835,93562
EN1,20200207,0.02,0.02,0.019,0.019,2928042
ENN,20200207,2.13,2.15,2.13,2.15,42226
ENR,20200207,0.099,0.099,0.098,0.098,144300
EOF,20200207,2.87,2.93,2.81,2.85,270573
EOL,20200207,3.7,3.7,3.55,3.55,7604
EOS,20200207,9.8,10.03,9.68,9.73,451269
EPD,20200207,0.41,0.42,0.41,0.42,6661
EPM,20200207,0.006,0.006,0.006,0.006,166666
EQE,20200207,0.013,0.013,0.013,0.013,555550
EQT,20200207,30.9,30.9,30.8,30.8,2590
EQX,20200207,0.26,0.26,0.26,0.26,135849
ERA,20200207,0.16,0.16,0.155,0.16,244932
ERF,20200207,1.225,1.24,1.22,1.24,56531
ERG,20200207,0.065,0.065,0.065,0.065,34000
ERL,20200207,0.008,0.009,0.008,0.009,7037566
ERM,20200207,0.091,0.091,0.09,0.09,73535
ERX,20200207,0.064,0.065,0.063,0.065,1027793
ESH,20200207,0.008,0.008,0.008,0.008,659336
ESR,20200207,0.008,0.008,0.008,0.008,32500
ETF,20200207,23.2,23.2,23.2,23.2,500
EUC,20200207,0.016,0.016,0.015,0.016,177521
EUR,20200207,0.085,0.085,0.085,0.085,96764
EVN,20200207,3.76,3.81,3.74,3.77,5882901
EVO,20200207,0.15,0.15,0.15,0.15,64120
EVS,20200207,0.24,0.245,0.235,0.235,563128
EVT,20200207,12.71,12.71,12.5,12.5,29974
EWC,20200207,0.07,0.072,0.07,0.072,101872
EX1,20200207,0.27,0.27,0.26,0.26,11991
EXL,20200207,0.67,0.72,0.62,0.645,1212307
EXP,20200207,0.205,0.21,0.205,0.21,136259
EXR,20200207,0.044,0.046,0.043,0.046,7162529
EZL,20200207,1.05,1.06,1.05,1.05,34480
FAR,20200207,0.036,0.038,0.036,0.038,14617062
FAU,20200207,0.01,0.01,0.01,0.01,13258
FBR,20200207,0.053,0.053,0.05,0.052,608833
FBU,20200207,5.31,5.34,5.185,5.21,801904
FCL,20200207,3.53,3.55,3.41,3.49,1149246
FCT,20200207,0.13,0.14,0.115,0.14,1470992
FDV,20200207,1.18,1.18,1.095,1.095,186637
FEX,20200207,0.05,0.05,0.05,0.05,73351
FFG,20200207,0.008,0.008,0.008,0.008,2000000
FFL,20200207,0.4,0.4,0.4,0.4,3750
FGG,20200207,1.275,1.28,1.27,1.275,291882
FGO,20200207,0.002,0.002,0.002,0.002,500000
FGR,20200207,0.175,0.175,0.165,0.165,348517
FGX,20200207,1.14,1.145,1.135,1.135,510122
FHS,20200207,0.019,0.019,0.016,0.018,3809404
FID,20200207,5.65,5.84,5.65,5.79,14245
FIJ,20200207,0.1,0.11,0.1,0.11,111944
FIN,20200207,0.013,0.013,0.013,0.013,129741
FLC,20200207,0.36,0.36,0.35,0.355,569034
FLN,20200207,0.485,0.492,0.48,0.485,260265
FLT,20200207,40.77,40.82,39.16,39.75,686297
FMG,20200207,11.09,11.19,10.76,10.85,15725605
FML,20200207,0.265,0.265,0.25,0.25,126463
FNP,20200207,4.83,4.92,4.67,4.7,752927
FNT,20200207,0.01,0.01,0.01,0.01,300000
FOD,20200207,0.06,0.06,0.057,0.057,461600
FPC,20200207,1.05,1.06,1.05,1.06,18800
FPH,20200207,23.2,23.22,22.91,23.17,422426
FPL,20200207,0.005,0.006,0.005,0.006,361564
FPP,20200207,0.94,0.96,0.915,0.915,36515
FRI,20200207,0.87,0.88,0.87,0.88,40219
FRM,20200207,0.31,0.31,0.31,0.31,5692
FRN,20200207,0.02,0.021,0.02,0.021,789104
FSA,20200207,1.475,1.475,1.41,1.465,29356
FSF,20200207,3.73,3.73,3.73,3.73,134
FSG,20200207,0.023,0.023,0.023,0.023,70000
FSI,20200207,1.955,1.955,1.955,1.955,3100
FTT,20200207,0.002,0.002,0.002,0.002,812061
FUN,20200207,0.02,0.02,0.02,0.02,131
FWD,20200207,2.04,2.04,1.955,1.96,358158
FXL,20200207,1.865,1.885,1.83,1.85,1106453
FYI,20200207,0.053,0.053,0.051,0.051,290278
FZO,20200207,0.155,0.155,0.155,0.155,12336
G1A,20200207,0.295,0.305,0.285,0.285,130952
G88,20200207,0.05,0.05,0.05,0.05,5840
GAL,20200207,0.15,0.15,0.15,0.15,83500
GAP,20200207,0.195,0.195,0.19,0.195,115565
GAS,20200207,0.615,0.62,0.55,0.6,39695
GBR,20200207,0.033,0.033,0.033,0.033,30104
GC1,20200207,0.8,0.8,0.8,0.8,92460
GCI,20200207,2.04,2.05,2.03,2.04,172445
GDF,20200207,1.415,1.415,1.4,1.415,740516
GDI,20200207,1.515,1.515,1.5,1.51,255839
GDX,20200207,41.56,42.45,41.56,42.29,20675
GEM,20200207,1.905,1.905,1.86,1.88,1327057
GEV,20200207,0.15,0.15,0.15,0.15,90714
GGG,20200207,0.125,0.125,0.12,0.12,338924
GIB,20200207,0.042,0.043,0.04,0.042,226279
GLA,20200207,0.001,0.001,0.001,0.001,565000
GLL,20200207,0.55,0.625,0.535,0.58,152866
GLN,20200207,0.225,0.232,0.22,0.22,232493
GLV,20200207,0.001,0.002,0.001,0.001,154839347
GMA,20200207,3.89,3.975,3.84,3.85,3972474
GMD,20200207,0.033,0.034,0.033,0.034,1059895
GME,20200207,0.046,0.047,0.046,0.047,29197
GMG,20200207,15.32,15.33,15.13,15.24,4862852
GML,20200207,0.015,0.015,0.011,0.014,4520690
GMN,20200207,0.067,0.07,0.067,0.07,38621
GMR,20200207,0.01,0.01,0.009,0.009,240000
GMV,20200207,0.12,0.12,0.11,0.11,1666663
GNC,20200207,9.05,9.05,8.81,8.87,4178436
GNE,20200207,3.07,3.2,3.07,3.2,57706
GNG,20200207,0.92,0.92,0.86,0.9,245056
GNM,20200207,0.008,0.008,0.007,0.007,1155000
GNX,20200207,0.2,0.21,0.195,0.195,251359
GO2,20200207,0.017,0.017,0.016,0.016,247789
GOR,20200207,1.45,1.58,1.45,1.58,9584937
GOW,20200207,2.33,2.34,2.32,2.34,17000
GOZ,20200207,4.35,4.35,4.29,4.33,510413
GPR,20200207,0.42,0.45,0.42,0.43,2067046
GPT,20200207,6.17,6.17,6.11,6.17,4962326
GPX,20200207,0.12,0.12,0.1,0.12,346391
GRB,20200207,0.07,0.07,0.065,0.07,3531917
GRL,20200207,0.195,0.205,0.195,0.205,14731
GRR,20200207,0.235,0.235,0.225,0.23,1850679
GSS,20200207,1.175,1.18,1.1,1.1,222612
GSW,20200207,0.59,0.59,0.57,0.57,117159
GTE,20200207,0.004,0.004,0.004,0.004,1200000
GTG,20200207,0.01,0.01,0.01,0.01,2577692
GTK,20200207,2.1,2.1,2.07,2.07,21111
GTN,20200207,0.835,0.835,0.835,0.835,2401
GTR,20200207,0.008,0.008,0.008,0.008,602090
GUD,20200207,12.76,12.8,12.53,12.63,414863
GVF,20200207,1.09,1.1,1.09,1.095,211503
GWA,20200207,3.72,3.75,3.69,3.75,948758
GWR,20200207,0.08,0.08,0.08,0.08,3724
GXY,20200207,1.13,1.155,1.09,1.1,3088737
HAS,20200207,0.12,0.13,0.12,0.125,146862
HAV,20200207,0.098,0.1,0.097,0.1,94653
HAW,20200207,0.08,0.08,0.077,0.08,137325
HCD,20200207,0.052,0.052,0.045,0.046,603984
HCH,20200207,0.032,0.033,0.03,0.031,12288265
HCT,20200207,0.1,0.115,0.1,0.115,2601574
HE8,20200207,0.18,0.18,0.175,0.175,62894
HFR,20200207,0.69,0.71,0.68,0.71,43256
HGO,20200207,0.059,0.059,0.056,0.058,148256
HIL,20200207,0.43,0.43,0.42,0.43,202500
HIP,20200207,0.021,0.021,0.017,0.017,1022554
HIT,20200207,1.395,1.41,1.39,1.41,42885
HLA,20200207,1.295,1.295,1.295,1.295,2000
HLO,20200207,4.24,4.32,4.15,4.2,166018
HLS,20200207,2.94,2.98,2.905,2.94,877542
HLX,20200207,0.014,0.014,0.013,0.013,175368
HM1,20200207,3.34,3.35,3.3,3.3,135274
HMC,20200207,3.73,3.78,3.7,3.78,86893
HMD,20200207,0.16,0.175,0.16,0.17,220511
HMX,20200207,0.021,0.021,0.021,0.021,389472
HPI,20200207,3.38,3.465,3.37,3.45,254996
HPR,20200207,0.09,0.09,0.09,0.09,100000
HRL,20200207,0.13,0.145,0.13,0.14,8846393
HRR,20200207,0.08,0.08,0.08,0.08,46432
HRZ,20200207,0.105,0.115,0.105,0.115,289105
HSC,20200207,0.008,0.008,0.006,0.007,17835321
HSN,20200207,3.61,3.64,3.58,3.62,84399
HT1,20200207,1.62,1.635,1.57,1.58,89749
HTA,20200207,0.13,0.14,0.13,0.14,150503
HUB,20200207,11.3,11.33,10.85,10.93,245504
HUO,20200207,4.45,4.69,4.45,4.69,6007
HVM,20200207,0.19,0.19,0.18,0.18,180469
HVN,20200207,4.54,4.595,4.495,4.53,4410708
HWH,20200207,0.032,0.032,0.032,0.032,21798
HWK,20200207,0.006,0.006,0.006,0.006,1245225
HXG,20200207,0.05,0.05,0.05,0.05,41000
HYD,20200207,0.22,0.22,0.22,0.22,2000
HZN,20200207,0.12,0.12,0.115,0.12,71849
HZR,20200207,0.445,0.45,0.42,0.42,289246
IAA,20200207,97.99,98.14,96.85,97.21,6988
IAF,20200207,115,115.36,115,115.08,295977
IAG,20200207,7.06,7.09,7.01,7.07,6883851
IAP,20200207,1.53,1.547,1.525,1.545,168456
IBG,20200207,0.013,0.013,0.012,0.012,466281
IBX,20200207,0.031,0.032,0.031,0.031,3241526
ICE,20200207,0.225,0.225,0.22,0.22,53040
ICI,20200207,0.019,0.019,0.019,0.019,6519
ICN,20200207,0.005,0.005,0.005,0.005,12428
ICQ,20200207,0.385,0.385,0.377,0.38,121244
ICS,20200207,1.88,1.88,1.88,1.88,4294
ICT,20200207,0.04,0.04,0.04,0.04,70000
IDA,20200207,0.025,0.025,0.025,0.025,36069
IDT,20200207,0.15,0.15,0.15,0.15,108527
IDX,20200207,4.2,4.21,4.07,4.16,422923
IEC,20200207,0.007,0.007,0.007,0.007,80000
IEL,20200207,17.37,17.5,17.08,17.23,874932
IEM,20200207,65.67,65.67,65.19,65.51,55306
IEU,20200207,69.66,69.93,69.55,69.64,52742
IFL,20200207,7.24,7.27,7.085,7.12,1441517
IFM,20200207,2.06,2.085,2.05,2.08,253153
IFN,20200207,0.7,0.71,0.69,0.69,10083333
IFT,20200207,5.36,5.36,5.3,5.3,4677
IGB,20200207,113.56,113.69,113.51,113.69,45999
IGL,20200207,2.28,2.32,2.27,2.29,583706
IGO,20200207,6.11,6.12,5.96,5.97,3331731
IHD,20200207,14.41,14.41,14.29,14.39,54803
IHL,20200207,0.065,0.065,0.063,0.065,1372943
IHR,20200207,0.09,0.09,0.09,0.09,24000
IJH,20200207,308.8,308.8,307.12,307.96,350
IJP,20200207,89,89.13,88.76,88.79,188164
IJR,20200207,124.57,124.57,124.19,124.3,3130
IKO,20200207,93.06,94.15,92.82,92.98,390
ILB,20200207,128.98,130.21,128.98,129,1746
ILC,20200207,27.14,27.17,27.11,27.17,20496
ILU,20200207,9.92,9.95,9.67,9.74,1140083
IMA,20200207,0.225,0.23,0.22,0.23,1752186
IMC,20200207,0.14,0.14,0.135,0.135,83496
IMD,20200207,1.37,1.39,1.32,1.33,1427168
IME,20200207,0.031,0.031,0.03,0.03,1470508
IMF,20200207,4.7,4.82,4.65,4.73,1225414
IMM,20200207,0.35,0.355,0.345,0.35,1183087
IMR,20200207,1.62,1.845,1.62,1.805,34087
IMS,20200207,0.007,0.007,0.007,0.007,600000
IMU,20200207,0.033,0.033,0.031,0.032,5677437
INA,20200207,4.8,4.81,4.77,4.77,511004
INF,20200207,0.06,0.064,0.06,0.06,100000
ING,20200207,3.6,3.63,3.57,3.61,1361793
INR,20200207,0.185,0.185,0.175,0.18,441963
INV,20200207,0.089,0.09,0.089,0.09,150000
IOD,20200207,0.17,0.18,0.17,0.17,234801
IOO,20200207,83.15,83.67,83.15,83.47,42996
IOZ,20200207,28.75,28.77,28.52,28.59,690377
IP1,20200207,0.008,0.008,0.008,0.008,125000
IPB,20200207,0.029,0.029,0.027,0.027,667946
IPD,20200207,0.11,0.115,0.105,0.112,1000803
IPH,20200207,9.4,9.41,9.29,9.32,555619
IPL,20200207,3.2,3.2,3.08,3.13,4498738
IPT,20200207,0.007,0.007,0.007,0.007,1000000
IRE,20200207,14.25,14.25,13.83,13.97,280660
IRI,20200207,2.92,2.93,2.8,2.83,370284
IS3,20200207,0.13,0.13,0.13,0.13,900
ISD,20200207,0.265,0.272,0.26,0.27,219963
ISO,20200207,5.17,5.17,5.15,5.16,24451
ISU,20200207,0.47,0.47,0.465,0.465,6673
ITG,20200207,0.43,0.435,0.425,0.43,75469
ITW,20200207,61.5,61.94,59.14,61.94,394
IVC,20200207,13.41,13.41,13.23,13.29,148437
IVE,20200207,103.75,103.75,103.53,103.53,7499
IVR,20200207,0.023,0.023,0.023,0.023,831313
IVV,20200207,498.91,499.63,498.42,498.94,15263
IVX,20200207,0.011,0.011,0.011,0.011,2190802
IVZ,20200207,0.025,0.027,0.025,0.026,876868
IXC,20200207,1.2,1.21,1.185,1.2,92312
IXI,20200207,83.45,84,83.45,83.68,1622
IXJ,20200207,105.5,105.5,105.1,105.19,7907
IZZ,20200207,62.2,62.81,60.75,62.15,59538
JAN,20200207,0.45,0.46,0.45,0.45,90555
JAT,20200207,0.05,0.051,0.05,0.05,251020
JBH,20200207,40.38,41.19,40.1,40.1,751357
JCS,20200207,0.03,0.03,0.03,0.03,495792
JHC,20200207,0.96,0.965,0.93,0.94,291429
JHG,20200207,40.07,40.23,39.82,40.09,478969
JHX,20200207,31.75,31.855,31.21,31.4,1035554
JIN,20200207,12.98,13.03,12.65,12.72,673269
JLG,20200207,2.59,2.6,2.55,2.59,145640
JMS,20200207,0.275,0.28,0.275,0.28,1135359
JRV,20200207,0.25,0.255,0.25,0.25,305710
JXT,20200207,0.12,0.125,0.11,0.11,98102
K2F,20200207,0.235,0.235,0.23,0.23,114900
KAI,20200207,0.008,0.009,0.008,0.009,6017895
KAR,20200207,1.12,1.137,1.1,1.1,4599889
KAS,20200207,0.011,0.011,0.011,0.011,176629
KCN,20200207,0.55,0.555,0.54,0.54,173179
KEY,20200207,0.005,0.005,0.005,0.005,400000
KFE,20200207,0.059,0.059,0.058,0.058,78048
KGL,20200207,0.235,0.235,0.215,0.215,6446
KGN,20200207,5.06,5.115,4.93,4.93,1008842
KIN,20200207,0.038,0.047,0.038,0.044,859100
KIS,20200207,0.061,0.07,0.061,0.07,100000
KKC,20200207,2.45,2.48,2.44,2.47,410999
KLA,20200207,56.01,56.8,55.13,55.95,3755
KLL,20200207,0.505,0.505,0.5,0.5,128554
KMD,20200207,3.31,3.59,3.23,3.54,1074118
KME,20200207,1.49,1.51,1.49,1.49,33668
KMT,20200207,0.005,0.005,0.005,0.005,500000
KNO,20200207,0.08,0.08,0.08,0.08,18059
KOV,20200207,4.54,4.55,4.5,4.5,13190
KP2,20200207,0.018,0.018,0.016,0.016,265923
KPE,20200207,1.25,1.25,1.245,1.25,109684
KPG,20200207,0.9,0.9,0.875,0.875,46963
KPO,20200207,0.038,0.04,0.038,0.04,607019
KRM,20200207,0.033,0.033,0.032,0.033,474623
KRR,20200207,0.02,0.021,0.02,0.02,1100000
KSL,20200207,1.375,1.385,1.36,1.37,158857
KSN,20200207,0.18,0.18,0.175,0.175,201015
KSS,20200207,0.355,0.36,0.35,0.355,401773
KTA,20200207,0.03,0.03,0.03,0.03,1230000
KTD,20200207,0.38,0.385,0.37,0.37,380337
KTE,20200207,0.006,0.006,0.006,0.006,600000
KTG,20200207,0.19,0.195,0.19,0.195,212621
KWR,20200207,0.155,0.155,0.15,0.155,228100
KYK,20200207,0.089,0.089,0.083,0.087,609313
KZA,20200207,0.6,0.6,0.585,0.585,43663
KZR,20200207,0.635,0.64,0.62,0.64,369315
LAU,20200207,0.37,0.37,0.355,0.36,241457
LAW,20200207,0.068,0.068,0.066,0.068,90134
LBL,20200207,0.75,0.75,0.75,0.75,76600
LBT,20200207,0.15,0.155,0.15,0.15,561464
LCK,20200207,0.12,0.12,0.12,0.12,296129
LCT,20200207,0.019,0.019,0.019,0.019,332105
LEG,20200207,0.083,0.083,0.082,0.082,713733
LEP,20200207,5.64,5.64,5.55,5.64,29178
LER,20200207,0.023,0.023,0.023,0.023,22000
LEX,20200207,0.185,0.185,0.185,0.185,63547
LIC,20200207,9.07,9.1,8.96,8.98,54518
LIN,20200207,0.039,0.041,0.038,0.039,4239774
LIO,20200207,0.019,0.019,0.019,0.019,30000
LIT,20200207,0.067,0.067,0.062,0.062,739141
LLC,20200207,18.36,18.36,17.91,18.05,868055
LLO,20200207,1.855,1.855,1.85,1.85,2000
LME,20200207,1.86,1.86,1.81,1.86,4582
LML,20200207,0.005,0.005,0.005,0.005,1640
LNG,20200207,0.135,0.135,0.115,0.115,5108511
LNK,20200207,6.58,6.65,6.48,6.52,2063881
LNU,20200207,0.025,0.026,0.025,0.026,818929
LNY,20200207,0.005,0.006,0.005,0.006,1420000
LOM,20200207,0.125,0.125,0.115,0.12,99566
LON,20200207,0.15,0.165,0.15,0.165,79669
LOT,20200207,0.05,0.05,0.05,0.05,30179
LOV,20200207,11.99,11.99,11.38,11.52,251157
LPD,20200207,0.013,0.014,0.013,0.013,2809521
LPE,20200207,0.55,0.55,0.55,0.55,2412
LPI,20200207,0.33,0.33,0.325,0.325,87579
LSA,20200207,0.005,0.005,0.005,0.005,848489
LSF,20200207,1.45,1.455,1.43,1.455,1078972
LSH,20200207,0.032,0.032,0.032,0.032,37414
LSR,20200207,0.01,0.011,0.01,0.01,557658
LSX,20200207,0.45,0.45,0.45,0.45,32245
LTR,20200207,0.087,0.091,0.087,0.09,4435378
LVH,20200207,0.22,0.22,0.205,0.215,90406
LVT,20200207,0.325,0.345,0.325,0.34,16778475
LYC,20200207,2.29,2.29,2.19,2.19,2744169
LYL,20200207,6.16,6.2,6.09,6.11,11038
M7T,20200207,0.925,0.95,0.88,0.88,1427173
M8S,20200207,0.18,0.19,0.175,0.175,61638
MAD,20200207,1.065,1.07,1.02,1.045,35663
MAG,20200207,0.415,0.43,0.375,0.385,1182049
MAH,20200207,0.272,0.29,0.27,0.285,2194770
MAI,20200207,0.67,0.67,0.655,0.655,48982
MAQ,20200207,28.2,28.4,26.93,26.93,2322
MAT,20200207,0.13,0.13,0.13,0.13,70514
MAU,20200207,0.64,0.65,0.64,0.64,99905
MAY,20200207,0.01,0.01,0.01,0.01,50000
MBK,20200207,0.007,0.007,0.007,0.007,379412
MCA,20200207,0.15,0.15,0.145,0.145,83353
MCE,20200207,0.34,0.34,0.335,0.335,46266
MCP,20200207,2.85,2.89,2.8,2.83,803537
MCR,20200207,0.68,0.68,0.67,0.675,1332533
MCT,20200207,0.005,0.005,0.004,0.004,456572
MCY,20200207,4.99,4.99,4.99,4.99,3716
MDC,20200207,0.325,0.325,0.31,0.312,84865
MDI,20200207,0.004,0.004,0.004,0.004,3255000
MDR,20200207,0.48,0.525,0.475,0.475,66197
MEA,20200207,0.31,0.31,0.31,0.31,41713
MEB,20200207,0.01,0.01,0.009,0.009,3250000
MEC,20200207,0.965,0.965,0.96,0.965,168789
MEI,20200207,0.023,0.025,0.023,0.023,2410486
MEM,20200207,0.071,0.072,0.066,0.07,1845161
MEP,20200207,0.043,0.043,0.042,0.042,329769
MEU,20200207,0.038,0.038,0.038,0.038,115374
MEY,20200207,0.07,0.07,0.066,0.066,19893
MEZ,20200207,5.16,5.3,5.16,5.3,34535
MFD,20200207,1.115,1.115,1.1,1.11,195082
MFF,20200207,3.61,3.69,3.61,3.65,284287
MFG,20200207,69.95,70.96,69.01,69.28,453207
MGE,20200207,4.32,4.34,4.32,4.32,1158454
MGG,20200207,2.09,2.14,2.08,2.09,852975
MGL,20200207,0.017,0.017,0.017,0.017,18350
MGR,20200207,3.34,3.38,3.32,3.38,18201369
MGV,20200207,0.095,0.097,0.095,0.097,1768943
MGX,20200207,0.91,0.92,0.875,0.875,2507450
MHC,20200207,0.005,0.005,0.005,0.005,4546460
MHG,20200207,3.75,3.75,3.75,3.75,12513
MHH,20200207,1.675,1.705,1.675,1.7,680039
MHJ,20200207,0.63,0.635,0.6,0.61,1217941
MIL,20200207,0.5,0.525,0.49,0.525,68123
MIN,20200207,17.41,17.48,17.18,17.35,802282
MIO,20200207,0.225,0.225,0.22,0.22,71362
MIR,20200207,2.63,2.63,2.61,2.62,65315
MKG,20200207,0.069,0.069,0.067,0.067,132500
MLD,20200207,0.915,0.93,0.905,0.905,317832
MLL,20200207,0.087,0.087,0.08,0.08,369607
MLM,20200207,0.012,0.012,0.012,0.012,32644
MLT,20200207,5.08,5.08,5.02,5.02,232051
MLX,20200207,0.077,0.082,0.077,0.079,2561016
MME,20200207,1.885,1.89,1.755,1.76,325204
MMI,20200207,0.15,0.15,0.145,0.145,953914
MMJ,20200207,0.125,0.13,0.125,0.125,78754
MML,20200207,0.74,0.765,0.715,0.755,564246
MMM,20200207,0.315,0.315,0.3,0.3,214850
MMS,20200207,12.5,12.57,12.09,12.23,341894
MND,20200207,17.3,17.46,16.97,17.19,179370
MNF,20200207,4.95,4.95,4.81,4.88,561805
MNS,20200207,0.11,0.11,0.1,0.105,1904479
MNY,20200207,2.49,2.51,2.46,2.5,138632
MOB,20200207,0.099,0.099,0.09,0.095,90748
MOC,20200207,1.33,1.35,1.325,1.33,66629
MOE,20200207,5.84,5.96,5.72,5.9,137282
MOH,20200207,0.048,0.048,0.044,0.044,441917
MOQ,20200207,0.21,0.21,0.21,0.21,6984
MOT,20200207,2.07,2.08,2.07,2.07,319137
MOZ,20200207,1.76,1.76,1.645,1.68,105983
MP1,20200207,11,11.14,10.71,11.14,1136663
MPL,20200207,3.11,3.11,3.05,3.07,5437940
MPW,20200207,0.081,0.082,0.081,0.082,42951
MQG,20200207,146.72,146.96,145.59,146.96,757347
MRD,20200207,0.002,0.002,0.002,0.002,4078999
MRM,20200207,0.16,0.16,0.16,0.16,230698
MRQ,20200207,0.011,0.012,0.011,0.012,5790000
MSB,20200207,3,3.01,2.88,2.92,1466604
MSE,20200207,0.012,0.013,0.012,0.013,1046005
MSG,20200207,0.02,0.02,0.017,0.018,1724079
MSM,20200207,0.012,0.012,0.011,0.011,617804
MSR,20200207,0.002,0.002,0.002,0.002,250000
MTC,20200207,0.05,0.05,0.048,0.048,782904
MTH,20200207,0.01,0.011,0.01,0.01,3297680
MTO,20200207,1.755,1.8,1.71,1.75,45118
MTS,20200207,2.64,2.645,2.6,2.62,5527225
MVA,20200207,26.32,26.5,26.28,26.37,16418
MVB,20200207,27.2,27.21,27.12,27.21,8653
MVE,20200207,30.38,30.4,30.31,30.31,666
MVF,20200207,0.995,1.01,0.985,0.995,533275
MVP,20200207,10.6,10.69,10.21,10.63,171988
MVR,20200207,29.78,29.78,29.62,29.64,4453
MVS,20200207,21,21,20.75,20.75,4021
MVW,20200207,32.23,32.34,31.96,32.02,54686
MWR,20200207,0.205,0.21,0.185,0.19,362268
MWY,20200207,1.74,1.74,1.665,1.73,87244
MX1,20200207,0.155,0.155,0.15,0.15,132956
MXC,20200207,0.032,0.033,0.032,0.033,1282090
MXR,20200207,0.046,0.046,0.04,0.04,167087
MXT,20200207,2.02,2.03,2.02,2.03,685685
MYE,20200207,0.97,0.97,0.97,0.97,10008
MYL,20200207,0.048,0.05,0.048,0.048,1968658
MYQ,20200207,0.215,0.215,0.215,0.215,11000
MYR,20200207,0.44,0.44,0.42,0.435,986183
MYS,20200207,5.75,5.83,5.68,5.71,150338
MYX,20200207,0.44,0.442,0.415,0.42,7133588
N1H,20200207,0.083,0.083,0.083,0.083,1811
NAB,20200207,26,26,25.68,25.92,5270062
NAC,20200207,0.995,0.995,0.995,0.995,70000
NAE,20200207,0.003,0.003,0.003,0.003,141171
NAG,20200207,0.05,0.05,0.049,0.049,58000
NAM,20200207,0.335,0.34,0.335,0.34,8929495
NAN,20200207,7.19,7.35,7.06,7.34,1059458
NBI,20200207,2.06,2.07,2.05,2.06,407893
NC6,20200207,0.069,0.069,0.065,0.068,209563
NCC,20200207,1.06,1.1,1.06,1.065,40613
NCK,20200207,8.1,8.45,8.1,8.3,1043209
NCM,20200207,29.04,29.16,28.88,28.99,3315633
NCZ,20200207,0.23,0.232,0.22,0.22,1796934
NDQ,20200207,23.85,23.86,23.78,23.82,70075
NEA,20200207,1.96,1.965,1.885,1.93,7612193
NEC,20200207,1.865,1.875,1.85,1.86,5033493
NET,20200207,0.082,0.085,0.08,0.082,4994645
NEU,20200207,3,3.03,2.89,2.95,45125
NEW,20200207,1.23,1.24,1.225,1.23,75687
NGI,20200207,3.29,3.29,3.19,3.22,137715
NHC,20200207,1.9,1.9,1.86,1.87,1227945
NHF,20200207,5.45,5.45,5.36,5.43,2335819
NIC,20200207,0.595,0.605,0.58,0.585,1862215
NML,20200207,0.1,0.11,0.1,0.11,372519
NMT,20200207,0.22,0.225,0.215,0.225,538166
NOR,20200207,0.05,0.05,0.047,0.047,149216
NOV,20200207,0.185,0.195,0.185,0.195,83350
NOX,20200207,0.225,0.225,0.215,0.22,153859
NSB,20200207,0.165,0.175,0.16,0.16,109038
NSC,20200207,0.715,0.715,0.705,0.715,234870
NSR,20200207,2.16,2.16,2.13,2.14,2464902
NST,20200207,13,13.5,12.99,13.46,4069549
NTD,20200207,0.395,0.4,0.39,0.395,214177
NTM,20200207,0.08,0.08,0.079,0.079,487508
NTO,20200207,1.62,1.67,1.62,1.67,8981
NTU,20200207,0.047,0.048,0.047,0.048,1274248
NUC,20200207,3.5,3.52,3.42,3.47,63693
NUF,20200207,5.86,5.92,5.66,5.74,674673
NUH,20200207,0.03,0.031,0.029,0.031,699778
NUS,20200207,0.31,0.31,0.295,0.3,348042
NVA,20200207,0.037,0.038,0.037,0.038,1747153
NVL,20200207,3.67,3.67,3.66,3.66,246814
NVX,20200207,0.44,0.45,0.44,0.44,13148
NWC,20200207,0.015,0.015,0.015,0.015,212448
NWE,20200207,0.004,0.005,0.004,0.005,1215102
NWF,20200207,0.15,0.15,0.15,0.15,86500
NWH,20200207,2.97,3.005,2.9,2.97,2386585
NWL,20200207,8.34,8.34,7.86,7.97,493069
NWS,20200207,21.14,21.84,20.97,21.82,479180
NXE,20200207,0.008,0.008,0.008,0.008,120000
NXS,20200207,2.49,2.49,2.35,2.47,115274
NXT,20200207,7.77,7.8,7.635,7.71,2507513
NYR,20200207,0.22,0.22,0.21,0.215,175158
NZC,20200207,0.36,0.362,0.36,0.362,19783
NZK,20200207,2.05,2.1,2.05,2.1,5021
NZM,20200207,0.37,0.375,0.37,0.375,13466
NZS,20200207,0.011,0.012,0.011,0.012,432818
OAR,20200207,0.003,0.003,0.003,0.003,1588373
OAU,20200207,0.021,0.021,0.02,0.02,170541
OBM,20200207,0.18,0.187,0.18,0.185,254268
OCC,20200207,0.5,0.51,0.475,0.49,809731
OCL,20200207,6.48,6.5,6.33,6.37,33017
ODA,20200207,0.18,0.185,0.165,0.185,22533
OEC,20200207,0.625,0.625,0.58,0.6,288215
OEL,20200207,0.028,0.028,0.026,0.027,4122091
OFX,20200207,1.525,1.545,1.47,1.47,213833
OGA,20200207,0.12,0.12,0.1,0.115,568030
OGC,20200207,2.87,2.9,2.855,2.87,186420
OIL,20200207,0.033,0.033,0.032,0.032,130490
OKR,20200207,0.09,0.09,0.09,0.09,66992
OKU,20200207,0.245,0.25,0.235,0.245,907516
OLI,20200207,0.085,0.092,0.085,0.092,381676
OLL,20200207,0.225,0.24,0.215,0.215,352242
OLV,20200207,0.011,0.011,0.011,0.011,80000
OMH,20200207,0.44,0.44,0.4,0.405,2004948
OML,20200207,3.2,3.22,3.13,3.2,2608137
ONE,20200207,0.135,0.15,0.135,0.15,79610
ONT,20200207,6.23,6.38,6.23,6.38,10090
ONX,20200207,0.071,0.071,0.07,0.07,87359
OOO,20200207,13.32,13.32,13.11,13.15,15386
OPC,20200207,4.6,4.62,4.45,4.46,56745
OPH,20200207,2.68,2.71,2.67,2.68,81650
OPL,20200207,0.15,0.155,0.15,0.155,80000
OPT,20200207,3.49,3.5,3.42,3.48,178330
OPY,20200207,1.22,1.27,1.22,1.26,382746
ORA,20200207,3.22,3.23,3.18,3.18,3300793
ORE,20200207,3.73,3.73,3.4,3.44,2630769
ORG,20200207,7.8,7.85,7.71,7.74,6414358
ORI,20200207,22.69,22.77,22.13,22.23,1152280
ORN,20200207,0.02,0.021,0.019,0.019,672099
ORR,20200207,0.425,0.425,0.42,0.42,103592
OSH,20200207,6.45,6.455,6.38,6.4,5375946
OSL,20200207,0.185,0.187,0.18,0.185,625365
OSP,20200207,0.021,0.021,0.018,0.018,5608325
OSX,20200207,0.58,0.61,0.55,0.61,237175
OTW,20200207,4.41,4.51,4.41,4.41,102543
OVH,20200207,0.32,0.32,0.315,0.32,198755
OVL,20200207,0.009,0.009,0.008,0.008,3282222
OVN,20200207,0.415,0.415,0.395,0.4,228639
OZF,20200207,20.15,20.15,19.99,20.02,1615
OZG,20200207,0.175,0.175,0.175,0.175,386101
OZL,20200207,10.2,10.24,10.07,10.19,1802315
OZR,20200207,11.92,11.92,11.86,11.88,22147
P2P,20200207,0.067,0.069,0.064,0.065,432886
PAA,20200207,0.1,0.105,0.1,0.1,129699
PAB,20200207,0.018,0.018,0.018,0.018,170630
PAC,20200207,6.33,6.46,6.25,6.46,37643
PAF,20200207,0.91,0.935,0.905,0.905,74047
PAI,20200207,1.055,1.06,1.055,1.055,400705
PAK,20200207,0.024,0.024,0.024,0.024,17000
PAL,20200207,0.9,0.91,0.895,0.9,84785
PAN,20200207,0.22,0.237,0.22,0.23,4089046
PAR,20200207,4.25,4.285,4.16,4.22,546981
PBH,20200207,5.45,5.58,5.435,5.45,957676
PBP,20200207,2.42,2.45,2.4,2.42,143059
PCI,20200207,1.145,1.145,1.145,1.145,199269
PCK,20200207,0.145,0.145,0.135,0.135,2015266
PCL,20200207,0.002,0.002,0.002,0.002,386375
PDI,20200207,0.007,0.007,0.007,0.007,64550
PDL,20200207,9.22,9.32,9.14,9.28,1861591
PDN,20200207,0.089,0.089,0.085,0.085,972168
PE1,20200207,1.41,1.435,1.41,1.43,86961
PEC,20200207,0.035,0.041,0.035,0.041,50000
PEK,20200207,0.041,0.041,0.041,0.041,223265
PEN,20200207,0.155,0.155,0.15,0.155,172586
PET,20200207,0.77,0.79,0.752,0.765,1412661
PEX,20200207,0.23,0.23,0.225,0.23,55396
PFG,20200207,0.076,0.076,0.076,0.076,96052
PFP,20200207,3.47,3.47,3.45,3.47,29546
PG1,20200207,0.12,0.12,0.115,0.12,487672
PGC,20200207,0.275,0.29,0.265,0.285,1076535
PGF,20200207,1.24,1.245,1.23,1.24,249537
PGG,20200207,2.06,2.06,2.04,2.04,419911
PGH,20200207,2.61,2.69,2.61,2.61,743911
PGL,20200207,1.995,2.03,1.995,2.03,40241
PGM,20200207,0.022,0.022,0.02,0.02,1291291
PGR,20200207,0.115,0.115,0.115,0.115,41325
PGX,20200207,0.395,0.4,0.395,0.4,1069008
PGY,20200207,0.019,0.019,0.018,0.018,98495
PIA,20200207,1.17,1.17,1.165,1.167,129417
PIC,20200207,1.08,1.08,1.07,1.07,174585
PIO,20200207,0.014,0.014,0.014,0.014,69867
PIQ,20200207,0.27,0.28,0.27,0.28,40076
PKD,20200207,0.061,0.061,0.06,0.06,29263
PKS,20200207,0.155,0.155,0.15,0.15,298096
PL8,20200207,1.185,1.19,1.185,1.185,373409
PLL,20200207,0.13,0.13,0.125,0.13,224212
PLS,20200207,0.325,0.33,0.31,0.325,11853972
PLX,20200207,0.67,0.67,0.625,0.625,39801
PM1,20200207,0.022,0.027,0.02,0.02,105294296
PMC,20200207,1.59,1.6,1.575,1.58,202873
PME,20200207,26.65,27,26.13,26.22,436428
PMV,20200207,20.22,20.22,19.79,19.9,142750
PMY,20200207,0.005,0.006,0.005,0.006,1000000
PNC,20200207,1.76,1.76,1.75,1.75,246214
PNI,20200207,5.77,5.91,5.63,5.76,1700799
PNR,20200207,0.1,0.102,0.099,0.1,2016975
PNV,20200207,2.94,3,2.91,3,3953788
PNX,20200207,0.006,0.006,0.006,0.006,250000
PO3,20200207,2.9,2.97,2.78,2.8,12303
POD,20200207,0.038,0.04,0.038,0.04,704816
POS,20200207,0.034,0.034,0.033,0.033,521297
POW,20200207,0.005,0.005,0.004,0.004,331000
PPC,20200207,1.305,1.32,1.3,1.31,28922
PPE,20200207,3.84,3.9,3.8,3.8,126163
PPH,20200207,4.33,4.39,4.32,4.36,183838
PPK,20200207,6.24,6.3,6.03,6.29,73176
PPS,20200207,0.495,0.505,0.47,0.495,2321711
PPT,20200207,43.37,43.48,42.06,42.55,238286
PPY,20200207,0.013,0.013,0.013,0.013,10000
PRM,20200207,0.002,0.002,0.002,0.002,250000
PRN,20200207,1.55,1.565,1.48,1.515,3031954
PRO,20200207,0.84,0.84,0.805,0.81,63408
PRT,20200207,0.155,0.16,0.15,0.16,111494
PRU,20200207,1.1,1.145,1.1,1.12,5073319
PRX,20200207,0.062,0.062,0.062,0.062,217721
PSA,20200207,0.055,0.056,0.055,0.056,7659
PSC,20200207,0.17,0.17,0.17,0.17,2
PSI,20200207,3.2,3.2,3.15,3.2,20063
PSQ,20200207,1.86,1.86,1.785,1.785,5189
PSZ,20200207,0.03,0.033,0.028,0.028,1620252
PTB,20200207,0.865,0.88,0.86,0.875,107273
PTL,20200207,0.32,0.32,0.32,0.32,99999
PTM,20200207,4.79,4.84,4.77,4.83,1046840
PTR,20200207,0.046,0.05,0.046,0.05,106000
PTX,20200207,0.052,0.052,0.049,0.049,3577454
PUA,20200207,0.01,0.01,0.01,0.01,45000
PUR,20200207,0.005,0.006,0.005,0.005,1336254
PVL,20200207,0.075,0.075,0.074,0.074,3738
PVS,20200207,1.65,1.65,1.65,1.65,2541
PWG,20200207,1.325,1.37,1.325,1.33,68489
PWH,20200207,4.65,4.74,4.64,4.66,92797
PWL,20200207,0.16,0.17,0.15,0.15,19884
PWN,20200207,0.007,0.007,0.007,0.007,625609
PXS,20200207,0.12,0.12,0.11,0.11,959231
PYC,20200207,0.06,0.06,0.059,0.059,150000
PYG,20200207,0.7,0.7,0.7,0.7,14000
QAG,20200207,5.55,5.56,5.55,5.56,5000
QAN,20200207,6.73,6.74,6.465,6.48,7317524
QAU,20200207,15.7,15.75,15.7,15.73,47599
QBE,20200207,14.09,14.12,13.97,14.02,2050364
QCB,20200207,7.8,7.8,7.63,7.63,747
QFE,20200207,0.34,0.355,0.337,0.35,328283
QFN,20200207,11.18,11.18,11.12,11.17,8009
QFY,20200207,0.003,0.003,0.003,0.003,97
QGL,20200207,0.05,0.05,0.05,0.05,50000
QHL,20200207,0.125,0.125,0.122,0.125,298234
QIP,20200207,1.315,1.315,1.29,1.29,161039
QMS,20200207,1.225,1.23,1.225,1.23,7065571
QOZ,20200207,14.17,14.17,14.05,14.06,22293
QPR,20200207,1.01,1.01,1.01,1.01,57
QRE,20200207,6.56,6.56,6.51,6.51,3473
QRI,20200207,1.63,1.635,1.625,1.635,70531
QTM,20200207,0.04,0.04,0.04,0.04,50000
QUB,20200207,3.45,3.48,3.43,3.45,3504878
QUS,20200207,40.8,40.8,40.78,40.78,1686
QVE,20200207,1.03,1.035,1.03,1.035,29575
RAC,20200207,0.27,0.275,0.27,0.275,90693
RAN,20200207,0.015,0.015,0.015,0.015,45356
RAP,20200207,0.26,0.262,0.245,0.245,559170
RBL,20200207,1.1,1.105,1.065,1.09,98751
RBR,20200207,0.012,0.014,0.012,0.014,2489134
RCB,20200207,20.77,20.83,20.77,20.81,34994
RCE,20200207,0.43,0.43,0.37,0.39,1074139
RCL,20200207,0.345,0.345,0.34,0.34,14175
RCT,20200207,2.45,2.45,2.45,2.45,1000
RDC,20200207,1.125,1.13,1.12,1.13,29288
RDF,20200207,0.605,0.64,0.605,0.64,36204
RDM,20200207,0.089,0.089,0.087,0.087,36524
RDV,20200207,30.82,30.82,30.4,30.48,11710
RDY,20200207,2.16,2.16,2.15,2.15,45844
REA,20200207,109,117.3,108,116.9,476614
RED,20200207,0.285,0.295,0.28,0.285,5112793
REE,20200207,0.038,0.038,0.038,0.038,12431
REG,20200207,2.36,2.47,2.31,2.35,299530
REH,20200207,11.46,11.46,11.2,11.26,57480
RES,20200207,0.077,0.078,0.075,0.078,83368
REX,20200207,1.12,1.12,1.11,1.12,15566
REZ,20200207,0.016,0.016,0.016,0.016,93632
RF1,20200207,2.69,2.7,2.67,2.68,149403
RFF,20200207,1.825,1.865,1.815,1.86,470892
RFG,20200207,0.105,0.105,0.1,0.105,402457
RFT,20200207,0.044,0.044,0.042,0.042,237669
RFX,20200207,0.041,0.044,0.041,0.042,436387
RGB,20200207,23.12,23.19,23.12,23.19,2421
RGI,20200207,0.125,0.125,0.12,0.125,230015
RGS,20200207,0.065,0.065,0.065,0.065,68565
RHC,20200207,79.55,79.58,78.94,79.41,415526
RHP,20200207,2.14,2.16,2.04,2.13,422533
RHT,20200207,0.22,0.22,0.21,0.22,766772
RIC,20200207,1.01,1.01,0.995,1,227820
RIO,20200207,98.94,99.06,97.81,98.43,1380075
RKN,20200207,0.635,0.645,0.635,0.645,5645
RLE,20200207,0.028,0.028,0.028,0.028,260410
RLG,20200207,0.03,0.03,0.027,0.027,1016082
RLT,20200207,1.3,1.34,1.295,1.34,154313
RMC,20200207,1.435,1.435,1.4,1.42,262875
RMD,20200207,25.31,25.465,25.26,25.37,940480
RML,20200207,0.067,0.067,0.064,0.064,374166
RMP,20200207,0.01,0.01,0.01,0.01,2710000
RMS,20200207,1.305,1.345,1.305,1.325,4272072
RMX,20200207,0.005,0.005,0.005,0.005,1000000
RMY,20200207,0.55,0.59,0.55,0.565,475312
RND,20200207,2.3,2.3,2.25,2.25,1918
RNE,20200207,0.028,0.028,0.025,0.025,187849
RNO,20200207,0.175,0.175,0.16,0.16,589215
RNT,20200207,0.052,0.066,0.052,0.053,1014312
RNU,20200207,0.011,0.011,0.01,0.01,1279878
ROG,20200207,0.002,0.002,0.002,0.002,500000
ROO,20200207,0.039,0.041,0.039,0.039,509102
RPM,20200207,0.165,0.18,0.165,0.18,39447
RRL,20200207,4.29,4.37,4.29,4.32,2242173
RSG,20200207,1.075,1.105,1.075,1.1,7663943
RSH,20200207,0.08,0.087,0.08,0.085,1483239
RSM,20200207,21.5,21.5,21.5,21.5,17288
RTE,20200207,0.41,0.41,0.41,0.41,69300
RTG,20200207,0.085,0.085,0.085,0.085,96906
RTR,20200207,0.08,0.084,0.08,0.084,961383
RUL,20200207,1.095,1.1,1.085,1.1,80444
RVR,20200207,0.1,0.105,0.1,0.1,802274
RWC,20200207,4.73,4.76,4.64,4.76,3602829
RWD,20200207,0.16,0.16,0.16,0.16,4000
RXL,20200207,0.026,0.026,0.024,0.025,5725478
RXM,20200207,0.058,0.058,0.058,0.058,33625
RXP,20200207,0.48,0.485,0.475,0.475,109075
RZI,20200207,0.94,0.985,0.94,0.98,446093
S2R,20200207,0.1,0.1,0.098,0.098,214918
S32,20200207,2.65,2.66,2.61,2.62,11677672
S66,20200207,0.535,0.535,0.52,0.52,51350
SAR,20200207,4,4.09,3.98,4.05,7296231
SBM,20200207,2.7,2.76,2.7,2.71,3519459
SCG,20200207,3.83,3.85,3.81,3.85,26615747
SCI,20200207,0.008,0.008,0.008,0.008,70555
SCL,20200207,0.019,0.019,0.017,0.017,2490450
SCP,20200207,3.02,3.04,3,3.03,3984508
SCT,20200207,0.065,0.065,0.058,0.058,297799
SCU,20200207,0.018,0.018,0.017,0.017,1018600
SDF,20200207,3.94,3.94,3.77,3.83,3118711
SDG,20200207,1.795,1.795,1.77,1.795,102985
SDI,20200207,0.845,0.875,0.835,0.835,79463
SDV,20200207,0.76,0.77,0.715,0.715,280090
SDX,20200207,0.04,0.04,0.037,0.037,545778
SE1,20200207,0.019,0.019,0.017,0.018,3297478
SEC,20200207,1.83,1.84,1.81,1.81,57755
SEI,20200207,0.042,0.046,0.042,0.042,313492
SEK,20200207,22.47,22.47,22.11,22.31,1819903
SEN,20200207,0.068,0.068,0.066,0.066,132360
SEQ,20200207,0.195,0.205,0.195,0.2,207093
SER,20200207,0.004,0.004,0.004,0.004,1410000
SES,20200207,0.084,0.086,0.081,0.081,421001
SF1,20200207,0.02,0.02,0.02,0.02,56312
SFC,20200207,15.8,15.8,15.8,15.8,189
SFG,20200207,0.07,0.072,0.07,0.07,581383
SFR,20200207,5.35,5.37,5.18,5.23,1336613
SFX,20200207,0.21,0.21,0.195,0.195,496110
SFY,20200207,64.76,64.76,64.28,64.37,7306
SGC,20200207,0.036,0.036,0.034,0.034,15120
SGF,20200207,2.21,2.215,2.15,2.18,127293
SGH,20200207,1.02,1.05,1.01,1.05,2267
SGM,20200207,10.71,10.77,10.49,10.59,701917
SGP,20200207,4.91,4.93,4.865,4.93,6298622
SGQ,20200207,0.11,0.11,0.105,0.105,281319
SGR,20200207,4.19,4.2,4.11,4.16,3593002
SHJ,20200207,0.925,0.925,0.92,0.92,30672
SHL,20200207,31.58,31.58,31.01,31.24,1001371
SHM,20200207,0.72,0.72,0.715,0.715,54056
SHO,20200207,0.029,0.029,0.029,0.029,36800
SHV,20200207,8.95,9.43,8.88,9.24,568404
SI6,20200207,0.003,0.003,0.003,0.003,14221174
SIG,20200207,0.585,0.595,0.585,0.595,943039
SIL,20200207,0.044,0.044,0.044,0.044,57214
SIQ,20200207,6.9,6.9,6.69,6.78,1591073
SIS,20200207,0.016,0.016,0.016,0.016,218063
SIT,20200207,0.06,0.06,0.06,0.06,30000
SIV,20200207,0.635,0.635,0.63,0.63,61667
SKC,20200207,3.54,3.54,3.45,3.48,260658
SKF,20200207,0.19,0.195,0.19,0.19,306000
SKI,20200207,2.15,2.17,2.13,2.14,5420280
SKO,20200207,4.98,4.98,4.82,4.82,48467
SKT,20200207,0.635,0.64,0.635,0.64,150487
SLC,20200207,0.845,0.855,0.825,0.85,671225
SLF,20200207,14.78,14.96,14.7,14.96,95153
SLK,20200207,4.2,4.2,4.06,4.1,1484981
SLR,20200207,1.595,1.625,1.585,1.6,4031010
SLX,20200207,0.35,0.36,0.35,0.355,69744
SM1,20200207,7.98,8.05,7.71,7.73,98082
SM8,20200207,0.056,0.058,0.056,0.058,388362
SMD,20200207,0.005,0.005,0.005,0.005,250000
SMI,20200207,0.004,0.005,0.004,0.005,7568745
SMN,20200207,0.825,0.845,0.81,0.82,123473
SMP,20200207,0.69,0.695,0.68,0.69,343783
SMR,20200207,0.99,0.99,0.935,0.935,83877
SMX,20200207,0.34,0.35,0.34,0.35,98823
SNC,20200207,0.83,0.835,0.83,0.835,39570
SNL,20200207,4.31,4.32,4.3,4.3,1518
SNS,20200207,0.125,0.125,0.125,0.125,229600
SNZ,20200207,8.6,8.6,8.53,8.53,556
SO4,20200207,0.64,0.65,0.63,0.65,93815
SOL,20200207,21.09,21.11,20.69,20.78,331640
SOM,20200207,3.24,3.25,3.2,3.25,18664
SOR,20200207,0.072,0.073,0.072,0.073,27229
SPK,20200207,4.53,4.54,4.445,4.54,892762
SPL,20200207,1.14,1.15,1.11,1.15,180544
SPQ,20200207,0.005,0.005,0.005,0.005,843524
SPT,20200207,0.545,0.55,0.515,0.515,790511
SPX,20200207,0.098,0.1,0.098,0.099,4467531
SPY,20200207,496,497,496,496.87,1198
SPZ,20200207,0.24,0.24,0.23,0.24,119824
SRG,20200207,0.387,0.39,0.37,0.375,407133
SRI,20200207,0.064,0.064,0.064,0.064,291413
SRN,20200207,0.002,0.002,0.002,0.002,1050000
SRV,20200207,4.41,4.41,4.28,4.28,6512
SSG,20200207,0.66,0.665,0.66,0.665,15889
SSM,20200207,2.59,2.62,2.505,2.52,5355635
SST,20200207,12.8,12.8,12.8,12.8,330
ST1,20200207,0.18,0.185,0.18,0.185,90955
STA,20200207,0.105,0.105,0.1,0.105,64770
STG,20200207,1.205,1.24,1.18,1.2,56656
STM,20200207,0.013,0.013,0.012,0.013,1752157
STO,20200207,8.35,8.37,8.24,8.24,3472237
STW,20200207,65.2,65.25,64.71,64.86,137784
STX,20200207,0.17,0.177,0.167,0.175,6408641
SUD,20200207,0.055,0.055,0.055,0.055,30000
SUH,20200207,0.015,0.015,0.015,0.015,667
SUL,20200207,9.46,9.5,9.12,9.19,972422
SUN,20200207,12.8,12.81,12.64,12.65,3314675
SUP,20200207,0.011,0.011,0.011,0.011,910116
SVD,20200207,0.008,0.008,0.008,0.008,204007
SVL,20200207,0.1,0.105,0.1,0.1,2294125
SVM,20200207,0.14,0.14,0.135,0.135,755248
SVW,20200207,20.25,20.37,19.84,19.99,846993
SVY,20200207,0.7,0.72,0.7,0.705,463910
SW1,20200207,0.075,0.085,0.075,0.085,93072
SWF,20200207,0.155,0.155,0.15,0.15,413209
SWK,20200207,0.17,0.17,0.17,0.17,87356
SWM,20200207,0.245,0.255,0.245,0.245,3122056
SXE,20200207,0.64,0.64,0.61,0.63,271199
SXL,20200207,0.85,0.855,0.83,0.835,1766080
SXY,20200207,0.315,0.32,0.31,0.315,2676894
SYA,20200207,0.015,0.015,0.014,0.014,4701911
SYD,20200207,8.63,8.63,8.57,8.63,6391133
SYI,20200207,30.07,30.07,29.8,29.88,14671
SYR,20200207,0.555,0.56,0.525,0.54,1587407
SYT,20200207,0.001,0.001,0.001,0.001,1000000
SZL,20200207,1.94,1.96,1.825,1.845,132521
TAH,20200207,4.59,4.605,4.56,4.59,4636694
TAM,20200207,0.039,0.039,0.039,0.039,50000
TAO,20200207,0.1,0.1,0.1,0.1,40858
TAP,20200207,0.105,0.105,0.105,0.105,774
TAR,20200207,0.014,0.014,0.014,0.014,63217
TAS,20200207,0.04,0.043,0.04,0.042,301699
TBR,20200207,5.08,5.08,4.9,5.04,30916
TCL,20200207,16.06,16.1,15.97,16.07,6448826
TCN,20200207,0.035,0.037,0.035,0.037,61101
TD1,20200207,0.042,0.044,0.041,0.043,9198750
TDI,20200207,1.72,1.72,1.7,1.705,153066
TEG,20200207,0.046,0.047,0.043,0.045,1133483
TEK,20200207,0.275,0.275,0.275,0.275,8000
TER,20200207,0.29,0.3,0.29,0.3,413011
TFL,20200207,0.12,0.12,0.115,0.115,229242
TGA,20200207,0.215,0.22,0.215,0.22,36024
TGF,20200207,1.86,1.86,1.81,1.81,43989
TGG,20200207,1.35,1.36,1.35,1.36,206976
TGH,20200207,0.15,0.16,0.14,0.14,755703
TGM,20200207,0.23,0.23,0.22,0.22,8334
TGN,20200207,0.17,0.17,0.15,0.165,228898
TGO,20200207,0.14,0.14,0.125,0.125,43000
TGP,20200207,1.12,1.12,1.095,1.1,42359
TGR,20200207,4.2,4.24,4.19,4.19,572283
THC,20200207,0.37,0.37,0.365,0.37,261774
THR,20200207,0.006,0.006,0.006,0.006,16000
TIA,20200207,0.28,0.28,0.28,0.28,1081
TIE,20200207,0.285,0.295,0.28,0.295,764228
TIP,20200207,0.69,0.69,0.69,0.69,4000
TKL,20200207,0.007,0.007,0.007,0.007,562476
TLG,20200207,0.47,0.47,0.445,0.45,293154
TLM,20200207,0.083,0.083,0.083,0.083,65000
TLS,20200207,3.83,3.85,3.76,3.79,40780777
TLT,20200207,3.26,3.28,3.25,3.28,2869
TLX,20200207,1.45,1.47,1.43,1.445,501863
TMG,20200207,0.055,0.055,0.05,0.05,382398
TMK,20200207,0.008,0.009,0.008,0.009,450000
TML,20200207,0.065,0.065,0.065,0.065,8571
TMR,20200207,0.2,0.2,0.2,0.2,15777
TMT,20200207,0.13,0.13,0.13,0.13,53655
TMX,20200207,0.004,0.004,0.004,0.004,1552425
TMZ,20200207,0.03,0.03,0.03,0.03,60647
TNE,20200207,8.82,8.84,8.54,8.72,1071253
TNG,20200207,0.084,0.085,0.083,0.083,367346
TNK,20200207,1.295,1.3,1.29,1.3,47552
TNT,20200207,0.068,0.071,0.064,0.064,3859451
TNY,20200207,1.68,1.76,1.67,1.705,330844
TOE,20200207,0.008,0.008,0.007,0.007,645263
TON,20200207,0.038,0.038,0.037,0.037,307924
TOP,20200207,0.66,0.66,0.655,0.655,111429
TOT,20200207,1.05,1.06,1.05,1.055,539913
TOU,20200207,0.074,0.074,0.074,0.074,9596
TPD,20200207,0.003,0.003,0.002,0.003,1800001
TPM,20200207,7.4,7.46,7.34,7.39,679797
TPW,20200207,3.96,4.34,3.96,4.09,530123
TRL,20200207,0.002,0.002,0.002,0.002,2187770
TRS,20200207,4.6,4.6,4.43,4.46,120546
TRY,20200207,0.093,0.093,0.091,0.091,308515
TSC,20200207,0.008,0.008,0.008,0.008,4639078
TSL,20200207,0.042,0.059,0.041,0.041,5139930
TSO,20200207,0.028,0.03,0.025,0.028,9556473
TTB,20200207,0.67,0.7,0.66,0.69,74801
TTI,20200207,0.013,0.014,0.013,0.014,256117
TTM,20200207,0.13,0.13,0.12,0.12,571085
TTT,20200207,0.8,0.81,0.775,0.81,72111
TWD,20200207,3.45,3.45,3.44,3.44,3000
TWE,20200207,11.98,12.06,11.84,11.97,7786204
TYM,20200207,0.03,0.03,0.027,0.027,258076
TYR,20200207,4.18,4.305,4.12,4.2,1451665
TYX,20200207,0.002,0.002,0.002,0.002,415000
TZL,20200207,0.1,0.1,0.099,0.099,75826
UBA,20200207,23.66,23.66,23.18,23.19,2996
UBE,20200207,25.29,25.29,25.29,25.29,80
UBI,20200207,0.18,0.18,0.175,0.175,110071
UBN,20200207,0.065,0.065,0.065,0.065,116693
UBP,20200207,30,30.05,30,30.05,30
UBW,20200207,32.63,32.63,32.19,32.19,3558
UCM,20200207,0.25,0.335,0.25,0.315,4715315
UCW,20200207,0.23,0.23,0.23,0.23,4000
UNL,20200207,0.041,0.041,0.039,0.04,817322
UNV,20200207,0.245,0.25,0.245,0.25,677663
URF,20200207,0.505,0.51,0.495,0.495,339926
URW,20200207,10.13,10.15,9.97,10.02,626947
USD,20200207,14.43,14.48,14.43,14.48,31369
UUV,20200207,0.002,0.002,0.002,0.002,1000000
UWL,20200207,1.605,1.605,1.565,1.565,232618
VAE,20200207,72,72,70.89,71.55,7372
VAF,20200207,52.32,52.43,52.32,52.41,56356
VAH,20200207,0.145,0.145,0.14,0.14,550053
VAL,20200207,0.002,0.002,0.002,0.002,2500000
VAN,20200207,0.14,0.14,0.13,0.13,152687
VAP,20200207,94.56,94.64,94.08,94.57,74944
VAR,20200207,0.029,0.033,0.029,0.033,60250
VAS,20200207,89.21,89.34,88.6,88.79,93464
VCF,20200207,50.97,50.97,50.87,50.96,4410
VCX,20200207,2.49,2.53,2.485,2.52,8406565
VEA,20200207,1.71,1.71,1.65,1.68,4003778
VEN,20200207,0.155,0.155,0.155,0.155,63912
VEQ,20200207,62.32,62.33,62.16,62.22,3022
VEU,20200207,79.8,80.49,79.6,80.49,18807
VG1,20200207,2.26,2.27,2.25,2.25,298297
VG8,20200207,2.3,2.32,2.29,2.3,321628
VGB,20200207,53.31,53.41,53.31,53.4,59813
VGE,20200207,72.52,72.52,72.01,72.4,10205
VGI,20200207,12.21,12.25,12,12.15,17889
VGL,20200207,3.14,3.14,3.13,3.14,11432
VGS,20200207,86.69,86.8,86.58,86.68,53528
VHT,20200207,1.75,1.785,1.74,1.785,333004
VHY,20200207,62.27,62.29,61.75,61.87,41017
VIF,20200207,50.85,50.96,50.85,50.94,22287
VLC,20200207,71.8,71.8,71.46,71.56,2680
VLT,20200207,0.3,0.3,0.285,0.29,526292
VMC,20200207,0.18,0.18,0.175,0.175,286591
VML,20200207,0.01,0.01,0.009,0.009,2149230
VMS,20200207,0.013,0.013,0.013,0.013,314817
VMT,20200207,0.305,0.315,0.3,0.3,894663
VMX,20200207,0.285,0.285,0.28,0.28,91875
VMY,20200207,0.044,0.045,0.044,0.044,500364
VN8,20200207,0.11,0.11,0.11,0.11,61436
VOC,20200207,3.5,3.5,3.355,3.38,1875140
VOR,20200207,0.007,0.008,0.007,0.008,15175156
VP7,20200207,0.04,0.045,0.04,0.045,74446
VRC,20200207,0.011,0.012,0.011,0.012,650500
VRL,20200207,3.96,3.99,3.935,3.95,167249
VRT,20200207,4.28,4.38,4.23,4.34,152877
VRX,20200207,0.105,0.105,0.105,0.105,88727
VSO,20200207,61.84,61.84,61.58,61.58,10891
VTG,20200207,1.17,1.18,1.165,1.17,60943
VTH,20200207,0.78,0.79,0.78,0.78,2032935
VTI,20200207,0.041,0.041,0.04,0.04,65203
VTS,20200207,252.35,253.27,252,252.29,9582
VUK,20200207,3.37,3.43,3.36,3.42,4007797
VUL,20200207,0.22,0.25,0.205,0.21,231849
VVA,20200207,2.97,2.97,2.82,2.84,31901
VVR,20200207,2.75,2.76,2.73,2.75,1114979
VXR,20200207,0.1,0.102,0.1,0.102,39721
VYS,20200207,0.064,0.064,0.064,0.064,114849
WAA,20200207,1.075,1.08,1.07,1.07,7593
WAF,20200207,0.46,0.47,0.46,0.47,515762
WAM,20200207,2.27,2.27,2.25,2.25,422848
WAT,20200207,2.25,2.25,2.25,2.25,1000
WAX,20200207,1.445,1.46,1.435,1.435,119466
WBA,20200207,1.995,2,1.995,2,215531
WBC,20200207,25.24,25.25,24.85,25.01,7065123
WBE,20200207,0.008,0.009,0.008,0.009,1230721
WBT,20200207,0.39,0.395,0.385,0.39,162271
WEB,20200207,12.84,12.85,12.37,12.65,1373454
WEC,20200207,0.07,0.07,0.07,0.07,17234
WEL,20200207,0.048,0.048,0.048,0.048,42500
WES,20200207,45.85,45.85,45.285,45.55,1394640
WGB,20200207,2.24,2.25,2.23,2.23,253992
WGN,20200207,2.03,2.05,1.995,1.995,374772
WGO,20200207,0.205,0.21,0.2,0.2,875227
WGX,20200207,2.11,2.23,2.11,2.22,583081
WHC,20200207,2.58,2.62,2.53,2.55,3921671
WHF,20200207,5.45,5.45,5.4,5.41,33534
WHK,20200207,0.072,0.076,0.072,0.076,210810
WIC,20200207,1.105,1.11,1.1,1.11,84894
WKT,20200207,0.19,0.19,0.19,0.19,95069
WLD,20200207,0.058,0.06,0.058,0.06,334905
WLE,20200207,1.285,1.295,1.27,1.27,1022449
WMI,20200207,1.49,1.5,1.485,1.485,139794
WNB,20200207,0.005,0.005,0.004,0.005,19267815
WND,20200207,0.935,0.935,0.89,0.935,138248
WOA,20200207,0.13,0.15,0.13,0.14,326850
WOR,20200207,14.65,14.83,14.58,14.66,1163538
WOW,20200207,43,43.04,42.52,42.72,2017002
WPL,20200207,33.94,34.09,33.72,33.85,2572777
WPP,20200207,0.555,0.555,0.545,0.545,420554
WQG,20200207,1.22,1.235,1.22,1.225,143211
WRM,20200207,0.005,0.005,0.005,0.005,1055000
WSA,20200207,2.56,2.57,2.5,2.52,2455061
WSI,20200207,0.022,0.022,0.021,0.022,610001
WSP,20200207,1.45,1.45,1.41,1.435,123114
WTC,20200207,27.5,28.16,27.4,27.95,1211971
WWG,20200207,0.155,0.155,0.155,0.155,30000
WWI,20200207,0.012,0.014,0.012,0.013,2414697
WZR,20200207,0.285,0.34,0.285,0.32,18571773
XAM,20200207,0.036,0.036,0.036,0.036,86549
XCD,20200207,0.01,0.01,0.01,0.01,2802574
XF1,20200207,0.265,0.265,0.22,0.235,1704778
XPE,20200207,0.001,0.001,0.001,0.001,1600000
XPL,20200207,0.094,0.097,0.094,0.097,240725
XRF,20200207,0.235,0.235,0.235,0.235,63743
XRO,20200207,87.45,88,86.32,86.75,418991
XTC,20200207,0.001,0.002,0.001,0.002,52354024
XTD,20200207,0.04,0.04,0.04,0.04,24999
XTE,20200207,0.605,0.62,0.6,0.6,75360
YAL,20200207,2.89,2.9,2.85,2.86,4404
YOJ,20200207,0.047,0.049,0.046,0.047,568384
YOW,20200207,0.063,0.063,0.063,0.063,478000
YPB,20200207,0.004,0.004,0.003,0.004,797860
YRL,20200207,0.205,0.205,0.205,0.205,36936
Z1P,20200207,4.18,4.21,4.07,4.1,4675331
ZEL,20200207,4.32,4.33,4.21,4.28,27343
ZEN,20200207,0.68,0.7,0.68,0.7,92524
ZIM,20200207,12.5,12.5,12.32,12.32,1229
ZLD,20200207,0.055,0.058,0.054,0.054,1978341
ZNC,20200207,0.05,0.05,0.05,0.05,12008
ZNO,20200207,0.91,1,0.91,0.995,5409741
XAF,20200207,6940.7,6942,6891.9,6914,0
XAO,20200207,7148.7,7150.6,7101.5,7121.4,0
XAT,20200207,6989.6,6991.3,6942.2,6962.6,0
XDJ,20200207,2835,2841.5,2812.4,2820.4,0
XEC,20200207,1589,1595.7,1585.6,1588.4,0
XEJ,20200207,11234.6,11234.6,11025,11047.4,0
XFJ,20200207,6272.5,6280.9,6222.9,6260.4,0
XFL,20200207,7000.8,7002.5,6950.8,6972.8,0
XGD,20200207,6913.6,7051.9,6913.6,7029.5,0
XHJ,20200207,46455.3,46655.8,46333.2,46420.7,0
XIJ,20200207,1594.9,1599.3,1582.1,1587.8,0
XJO,20200207,7049.2,7051.6,7002,7022.6,0
XJR,20200207,4924.8,4924.8,4854.5,4861.7,0
XKO,20200207,7002.4,7005,6956.5,6976.4,0
XMD,20200207,7575.7,7589.3,7545.3,7558.6,0
XMJ,20200207,14100.3,14100.3,13912.4,13941.3,0
XMM,20200207,4536.8,4536.8,4477.9,4487.4,0
XNJ,20200207,7161.2,7183.4,7136.1,7152.2,0
XPJ,20200207,1670.5,1679.5,1667.4,1679.5,0
XSJ,20200207,13332.9,13431.7,13320.9,13371,0
XSO,20200207,3019.8,3024.8,3001.8,3009.3,0
XTJ,20200207,1356.4,1357.3,1338,1350.5,0
XTL,20200207,3907.6,3908.6,3882,3896,0
XTO,20200207,5845,5846.3,5805.9,5823.1,0
XUJ,20200207,8094.8,8122,8062,8088.4,0
XXJ,20200207,6996,7005.3,6940.6,6982.4,0
