360,20200124,3.09,3.16,3,3.07,73877
14D,20200124,0.195,0.195,0.18,0.195,64583
1AD,20200124,0.1,0.115,0.1,0.115,90284
1ST,20200124,0.077,0.079,0.075,0.075,1204363
2BE,20200124,0.115,0.115,0.115,0.115,9230
3DA,20200124,0.36,0.36,0.335,0.35,128584
3DP,20200124,0.05,0.052,0.05,0.052,307590
3PL,20200124,0.82,0.835,0.82,0.835,28295
4DS,20200124,0.063,0.067,0.062,0.064,3877789
5GN,20200124,0.87,0.895,0.86,0.87,242321
88E,20200124,0.023,0.025,0.023,0.024,18708031
8CO,20200124,0.095,0.098,0.093,0.098,315343
A1G,20200124,0.15,0.15,0.15,0.15,8070
A1M,20200124,0.32,0.32,0.32,0.32,44763
A2B,20200124,1.47,1.47,1.44,1.46,7312
A2M,20200124,15.36,15.575,15.29,15.5,7051849
A3D,20200124,0.18,0.185,0.16,0.16,184448
A4N,20200124,0.25,0.265,0.245,0.25,1625359
AAA,20200124,50.11,50.11,50.1,50.11,264860
AAC,20200124,1.11,1.145,1.11,1.145,406105
AAJ,20200124,0.003,0.003,0.003,0.003,62166
AAR,20200124,0.115,0.115,0.11,0.115,399793
ABA,20200124,6.07,6.15,6.07,6.15,19862
ABC,20200124,3.79,3.94,3.79,3.93,1373420
ABP,20200124,3.88,3.885,3.82,3.83,896688
ABR,20200124,0.41,0.48,0.41,0.48,461286
ABX,20200124,0.11,0.11,0.11,0.11,302056
AC8,20200124,0.315,0.32,0.295,0.3,1133083
ACB,20200124,0.012,0.012,0.01,0.01,120000
ACF,20200124,0.365,0.365,0.35,0.35,458956
ACQ,20200124,1.2,1.21,1.2,1.21,96176
ACR,20200124,0.175,0.18,0.175,0.175,74707
ACW,20200124,0.038,0.039,0.036,0.037,2775354
AD1,20200124,0.013,0.013,0.013,0.013,130000
AD8,20200124,8.45,8.56,8.34,8.45,226671
ADA,20200124,0.76,0.76,0.755,0.755,12676
ADD,20200124,0.047,0.047,0.042,0.045,443337
ADH,20200124,2.15,2.24,2.14,2.24,396970
ADI,20200124,3.03,3.03,2.99,3.01,77090
ADJ,20200124,0.032,0.032,0.032,0.032,572043
ADN,20200124,0.054,0.054,0.05,0.051,7373314
ADO,20200124,0.029,0.029,0.027,0.027,2418730
ADT,20200124,1.88,1.9,1.82,1.855,367693
ADV,20200124,0.004,0.004,0.004,0.004,641000
AEE,20200124,0.006,0.006,0.006,0.006,3500000
AEF,20200124,5.46,5.46,5.26,5.45,182427
AEG,20200124,1.095,1.095,1.095,1.095,3288
AEI,20200124,0.29,0.29,0.29,0.29,3448
AER,20200124,0.15,0.15,0.13,0.13,81867
AEV,20200124,0.014,0.014,0.014,0.014,10714
AFG,20200124,2.9,2.99,2.89,2.91,542065
AFI,20200124,7.16,7.18,7.14,7.15,352885
AFR,20200124,0.039,0.039,0.039,0.039,40000
AGD,20200124,0.081,0.081,0.081,0.081,28
AGE,20200124,0.002,0.002,0.002,0.002,1600000
AGG,20200124,6.25,6.25,5.9,5.99,32024
AGH,20200124,0.455,0.475,0.455,0.47,363844
AGI,20200124,0.715,0.72,0.71,0.715,96740
AGL,20200124,20.15,20.17,19.91,19.96,1629049
AGM,20200124,2.08,2.09,2.06,2.06,3360
AGR,20200124,0.11,0.11,0.11,0.11,42831
AGS,20200124,0.11,0.11,0.11,0.11,22428
AGY,20200124,0.088,0.089,0.086,0.089,649147
AHF,20200124,0.098,0.099,0.097,0.098,199016
AHL,20200124,0.009,0.009,0.009,0.009,133333
AHQ,20200124,0.13,0.13,0.13,0.13,9067
AHX,20200124,0.505,0.51,0.465,0.465,15601
AHY,20200124,1.08,1.11,1.075,1.11,121163
AHZ,20200124,0.11,0.115,0.11,0.11,220210
AIA,20200124,8.64,8.66,8.57,8.61,89063
AIQ,20200124,0.11,0.11,0.11,0.11,10055
AIR,20200124,0.65,0.67,0.65,0.67,2200
AIS,20200124,0.061,0.062,0.06,0.06,353227
AIV,20200124,0.125,0.125,0.09,0.095,25601
AIZ,20200124,2.9,2.9,2.88,2.88,216242
AJX,20200124,0.067,0.067,0.065,0.065,84212
AKG,20200124,0.545,0.55,0.545,0.55,17304
AKM,20200124,0.125,0.125,0.12,0.12,224019
AKP,20200124,15.83,16.23,15.78,16.22,1124
ALC,20200124,0.225,0.23,0.21,0.22,4292612
ALF,20200124,0.98,0.98,0.975,0.98,194393
ALG,20200124,1.55,1.65,1.55,1.63,1049805
ALI,20200124,2.56,2.57,2.5,2.5,143380
ALK,20200124,0.67,0.68,0.66,0.675,937296
ALL,20200124,37,37,36.595,36.64,762911
ALQ,20200124,9.65,9.76,9.62,9.66,765258
ALT,20200124,0.003,0.003,0.003,0.003,700000
ALU,20200124,39.94,40.19,39.705,40.04,469389
ALX,20200124,8.06,8.08,7.96,7.97,1123612
ALY,20200124,0.012,0.012,0.012,0.012,56670
AMA,20200124,0.97,0.97,0.93,0.935,1038707
AMB,20200124,0.088,0.088,0.08,0.08,20000
AMC,20200124,15.68,15.74,15.55,15.55,2388181
AMD,20200124,0.008,0.008,0.008,0.008,94300
AME,20200124,0.037,0.037,0.035,0.035,573408
AMG,20200124,0.07,0.07,0.066,0.067,852216
AMH,20200124,0.99,1,0.99,0.995,195900
AMI,20200124,0.445,0.485,0.435,0.485,4598365
AML,20200124,0.17,0.17,0.155,0.155,256133
AMN,20200124,0.46,0.475,0.45,0.475,391329
AMP,20200124,1.85,1.875,1.85,1.86,4243781
AMS,20200124,1.57,1.57,1.525,1.535,786891
AMX,20200124,2.26,2.3,2.24,2.25,97966
ANA,20200124,0.017,0.019,0.015,0.016,8831588
ANG,20200124,0.215,0.215,0.21,0.21,484561
ANL,20200124,0.001,0.001,0.001,0.001,846500
ANN,20200124,31.72,32.03,31.53,31.84,419554
ANO,20200124,6.06,6.33,6.06,6.2,25343
ANP,20200124,0.076,0.078,0.071,0.073,939513
ANW,20200124,0.001,0.001,0.001,0.001,110000
ANZ,20200124,25.85,26.03,25.78,25.9,4901393
AOF,20200124,2.9,2.95,2.9,2.92,47613
AON,20200124,0.027,0.027,0.026,0.026,250000
AOP,20200124,0.26,0.26,0.26,0.26,199243
AOU,20200124,0.062,0.07,0.062,0.07,262211
APA,20200124,11.5,11.59,11.37,11.37,1164504
APC,20200124,0.11,0.11,0.11,0.11,198603
APD,20200124,0.64,0.64,0.64,0.64,13012
APE,20200124,9.25,9.5,9.25,9.45,392895
APH,20200124,0.165,0.165,0.16,0.16,11490
API,20200124,1.33,1.33,1.3,1.305,1172200
APL,20200124,1.055,1.055,1.04,1.045,694194
APT,20200124,36.42,37.15,36.25,37,1717260
APV,20200124,0.225,0.225,0.225,0.225,12892
APX,20200124,26.05,26.3,25.74,25.89,473524
APZ,20200124,1.17,1.17,1.17,1.17,8487
AQC,20200124,0.22,0.235,0.205,0.235,24443
AQG,20200124,7.07,7.09,6.9,6.95,292925
AQI,20200124,0.051,0.051,0.051,0.051,100000
AQR,20200124,3.64,3.69,3.63,3.69,175906
AQX,20200124,0.03,0.033,0.03,0.03,6569123
AQZ,20200124,2.62,2.65,2.57,2.64,195000
AR9,20200124,0.13,0.135,0.125,0.125,110140
ARA,20200124,0.61,0.615,0.61,0.61,110600
ARB,20200124,19.03,19.13,18.86,18.93,103527
ARD,20200124,0.017,0.018,0.016,0.018,717000
ARE,20200124,0.004,0.004,0.004,0.004,800000
ARF,20200124,3.04,3.08,3.03,3.05,163462
ARG,20200124,8.85,8.91,8.8,8.81,302319
ARL,20200124,0.57,0.57,0.555,0.56,40840
ARM,20200124,0.01,0.01,0.009,0.01,410233
ARN,20200124,0.18,0.18,0.16,0.165,1132333
ARQ,20200124,0.36,0.37,0.36,0.37,36977
ARS,20200124,0.02,0.02,0.019,0.019,1217128
ARU,20200124,0.081,0.081,0.08,0.08,2270092
AS1,20200124,0.165,0.17,0.165,0.17,72422
ASB,20200124,3.9,3.955,3.825,3.84,1675793
ASG,20200124,1.695,1.72,1.695,1.7,5494
ASH,20200124,0.405,0.405,0.405,0.405,9332
ASN,20200124,0.036,0.036,0.036,0.036,175003
ASP,20200124,0.01,0.01,0.01,0.01,865000
AST,20200124,1.78,1.79,1.76,1.76,4963564
ASX,20200124,85.86,85.86,85.2,85.45,237075
ATC,20200124,0.077,0.087,0.075,0.087,3629566
ATH,20200124,0.02,0.02,0.02,0.02,494689
ATL,20200124,0.4,0.405,0.37,0.39,454148
ATS,20200124,0.082,0.083,0.082,0.082,395974
ATU,20200124,0.34,0.35,0.34,0.35,367250
ATX,20200124,0.072,0.08,0.072,0.08,20300
AU1,20200124,0.052,0.052,0.05,0.05,89765
AU8,20200124,0.115,0.115,0.115,0.115,511804
AUB,20200124,12.82,12.82,12.41,12.55,55404
AUC,20200124,0.017,0.017,0.017,0.017,2316555
AUI,20200124,10.24,10.31,10.21,10.21,92283
AUQ,20200124,0.017,0.017,0.015,0.015,652000
AUR,20200124,0.021,0.024,0.021,0.024,281003
AUZ,20200124,0.016,0.016,0.016,0.016,9330824
AV1,20200124,0.245,0.275,0.24,0.255,3105000
AVA,20200124,0.15,0.155,0.15,0.15,547695
AVG,20200124,0.495,0.51,0.495,0.51,212329
AVH,20200124,0.71,0.717,0.685,0.69,4646666
AVJ,20200124,0.62,0.635,0.62,0.635,172425
AVL,20200124,0.013,0.013,0.012,0.012,4563943
AVN,20200124,2.99,3.01,2.9,2.9,307499
AVZ,20200124,0.071,0.072,0.068,0.069,12425185
AWC,20200124,2.3,2.3,2.25,2.25,11057620
AWV,20200124,0.009,0.009,0.009,0.009,250000
AWY,20200124,0.035,0.035,0.035,0.035,312000
AX1,20200124,1.73,1.775,1.73,1.76,470822
AX8,20200124,0.04,0.04,0.04,0.04,60000
AXE,20200124,0.21,0.215,0.21,0.215,611857
AXI,20200124,0.051,0.051,0.051,0.051,9803
AYI,20200124,0.001,0.001,0.001,0.001,5000000
AYR,20200124,0.002,0.002,0.002,0.002,1742525
AYS,20200124,0.37,0.37,0.35,0.35,173059
AZI,20200124,0.01,0.01,0.009,0.009,4053733
AZJ,20200124,5.52,5.555,5.46,5.47,5376455
AZM,20200124,0.033,0.033,0.033,0.033,9074
AZS,20200124,0.12,0.12,0.12,0.12,49764
AZV,20200124,0.089,0.09,0.086,0.09,157793
AZY,20200124,0.016,0.017,0.015,0.015,3071772
BAF,20200124,0.89,0.892,0.88,0.89,177913
BAP,20200124,6.28,6.4,6.28,6.36,1215394
BAR,20200124,0.02,0.02,0.02,0.02,24500
BAT,20200124,0.008,0.008,0.008,0.008,2067499
BBC,20200124,0.64,0.655,0.63,0.645,39040
BBN,20200124,3.5,3.68,3.5,3.61,425186
BC8,20200124,0.4,0.415,0.39,0.39,365982
BCB,20200124,0.058,0.06,0.058,0.058,663776
BCC,20200124,0.325,0.325,0.325,0.325,5000
BCI,20200124,0.17,0.172,0.17,0.17,519667
BCN,20200124,0.037,0.037,0.036,0.036,68383
BCT,20200124,0.14,0.14,0.135,0.135,71909
BD1,20200124,0.034,0.034,0.034,0.034,850000
BDA,20200124,0.32,0.32,0.29,0.3,204513
BDC,20200124,0.082,0.082,0.08,0.08,902293
BDG,20200124,0.1,0.1,0.1,0.1,9378
BEM,20200124,0.043,0.043,0.043,0.043,70000
BEN,20200124,10.16,10.34,10.14,10.29,1274508
BET,20200124,0.165,0.195,0.165,0.185,3603575
BFC,20200124,0.085,0.092,0.085,0.092,153368
BFG,20200124,1.37,1.415,1.365,1.4,221546
BGA,20200124,4.44,4.45,4.39,4.42,383182
BGL,20200124,0.51,0.52,0.5,0.515,629070
BGT,20200124,0.175,0.175,0.17,0.175,105183
BHP,20200124,40.65,40.73,40.315,40.45,6525690
BID,20200124,1.09,1.095,1.067,1.075,355445
BIN,20200124,2.86,2.9,2.84,2.85,908193
BIQ,20200124,0.017,0.017,0.016,0.016,74766
BIS,20200124,1.055,1.07,1.04,1.05,52071
BIT,20200124,0.069,0.073,0.067,0.07,12460015
BKI,20200124,1.72,1.725,1.705,1.71,148196
BKL,20200124,87.34,88.91,87.34,88.66,28155
BKT,20200124,0.058,0.058,0.052,0.052,527933
BKW,20200124,20.6,20.75,20.57,20.65,109869
BKY,20200124,0.2,0.207,0.195,0.195,134803
BLD,20200124,5.1,5.135,5.07,5.08,2341148
BLG,20200124,0.089,0.089,0.085,0.085,231046
BLK,20200124,0.011,0.012,0.01,0.011,16579889
BLT,20200124,0.036,0.036,0.035,0.035,796726
BLU,20200124,0.046,0.046,0.046,0.046,4520
BLX,20200124,1.125,1.13,1.1,1.13,37145
BLY,20200124,1.63,1.65,1.62,1.63,36115
BLZ,20200124,0.017,0.017,0.017,0.017,51500
BMN,20200124,0.037,0.037,0.036,0.036,153108
BNL,20200124,0.008,0.008,0.008,0.008,150000
BNO,20200124,0.076,0.077,0.072,0.072,831568
BOC,20200124,0.31,0.31,0.3,0.3,13686
BOE,20200124,0.051,0.051,0.047,0.049,4522658
BOL,20200124,0.14,0.14,0.14,0.14,20000
BOQ,20200124,7.4,7.54,7.37,7.51,3096022
BOT,20200124,0.094,0.096,0.094,0.094,668094
BPL,20200124,0.018,0.018,0.018,0.018,54052
BPP,20200124,0.017,0.017,0.017,0.017,871348
BPT,20200124,2.67,2.72,2.65,2.7,5502208
BRB,20200124,0.28,0.28,0.275,0.275,85602
BRG,20200124,19.61,19.67,19.26,19.38,131869
BRK,20200124,0.007,0.007,0.007,0.007,409195
BRL,20200124,0.105,0.115,0.105,0.115,286982
BRN,20200124,0.054,0.055,0.053,0.054,1602875
BRU,20200124,0.165,0.17,0.165,0.165,342959
BRV,20200124,0.018,0.018,0.018,0.018,356746
BSA,20200124,0.39,0.39,0.375,0.39,102261
BSE,20200124,0.25,0.25,0.25,0.25,40834
BSL,20200124,15.33,15.41,15.26,15.29,1368401
BSM,20200124,0.006,0.006,0.005,0.006,850000
BSR,20200124,0.015,0.016,0.015,0.016,5145000
BSX,20200124,0.205,0.21,0.195,0.21,1213990
BTC,20200124,0.16,0.16,0.145,0.15,198017
BTH,20200124,0.855,0.925,0.85,0.855,2330992
BTI,20200124,1.09,1.095,1.075,1.095,24878
BUB,20200124,0.95,0.98,0.94,0.975,4644433
BUD,20200124,0.031,0.031,0.031,0.031,812961
BUG,20200124,0.245,0.245,0.245,0.245,2641
BUX,20200124,0.09,0.09,0.09,0.09,100000
BUY,20200124,0.005,0.005,0.005,0.005,100000
BVS,20200124,5.79,5.91,5.75,5.85,1430844
BWF,20200124,0.65,0.65,0.64,0.64,30729
BWP,20200124,4.14,4.15,4.09,4.09,690711
BWR,20200124,1.39,1.39,1.38,1.38,7746
BWX,20200124,4.39,4.47,4.35,4.4,146592
BXB,20200124,12.34,12.47,12.29,12.32,2819012
BXN,20200124,0.017,0.017,0.017,0.017,183112
BYE,20200124,0.29,0.295,0.285,0.285,669745
C6C,20200124,0.825,0.825,0.77,0.82,24905
CAA,20200124,0.12,0.12,0.12,0.12,25000
CAF,20200124,0.125,0.125,0.125,0.125,95958
CAI,20200124,0.265,0.265,0.26,0.265,157064
CAJ,20200124,0.25,0.255,0.245,0.255,1351995
CAM,20200124,0.97,0.98,0.97,0.98,45888
CAN,20200124,1.6,1.645,1.5,1.515,2034263
CAP,20200124,0.03,0.031,0.03,0.031,200000
CAR,20200124,17.74,17.82,17.58,17.63,926893
CAT,20200124,2.17,2.19,2.1,2.17,533542
CAU,20200124,0.22,0.235,0.22,0.23,63470
CAV,20200124,0.002,0.002,0.002,0.002,9850000
CAY,20200124,0.155,0.16,0.155,0.155,348530
CAZ,20200124,0.023,0.023,0.023,0.023,66000
CBA,20200124,84.9,85.4,84.77,84.94,2518402
CBR,20200124,4.23,4.6,4.23,4.47,172716
CBY,20200124,0.175,0.18,0.175,0.18,25000
CCA,20200124,0.165,0.17,0.165,0.17,103557
CCE,20200124,0.002,0.002,0.001,0.001,650000
CCG,20200124,0.058,0.061,0.058,0.061,140067
CCL,20200124,11.88,11.99,11.88,11.94,1207114
CCP,20200124,33.19,33.19,32.95,33,183692
CCV,20200124,0.24,0.24,0.235,0.235,361781
CCX,20200124,2.74,2.85,2.73,2.85,159828
CCZ,20200124,0.021,0.021,0.02,0.021,4373609
CD2,20200124,1.81,1.81,1.81,1.81,4180
CD3,20200124,1.385,1.39,1.385,1.39,1339
CDA,20200124,7.88,7.91,7.79,7.82,160723
CDD,20200124,0.395,0.4,0.385,0.4,407797
CDM,20200124,0.775,0.78,0.77,0.78,318862
CDP,20200124,6.15,6.15,5.99,6.02,14688
CDV,20200124,0.37,0.37,0.365,0.37,5606970
CDX,20200124,0.027,0.027,0.027,0.027,2288356
CDY,20200124,0.23,0.23,0.23,0.23,17582
CE1,20200124,0.006,0.006,0.005,0.005,18324185
CEL,20200124,0.17,0.2,0.167,0.2,9276659
CEN,20200124,7.25,7.26,7.2,7.22,3803
CFE,20200124,0.006,0.006,0.006,0.006,1800000
CFO,20200124,0.072,0.073,0.072,0.073,94736
CG1,20200124,0.5,0.5,0.47,0.49,14665
CGA,20200124,0.42,0.42,0.42,0.42,10000
CGB,20200124,0.018,0.018,0.017,0.017,4616084
CGC,20200124,2.66,2.78,2.66,2.75,1912548
CGF,20200124,8.67,8.72,8.635,8.72,1062974
CGL,20200124,4.77,4.77,4.66,4.74,32395
CGN,20200124,0.011,0.011,0.011,0.011,100915
CGR,20200124,0.555,0.555,0.555,0.555,277915
CGS,20200124,0.46,0.465,0.445,0.465,15854
CHC,20200124,12.73,12.84,12.62,12.62,1004389
CHK,20200124,0.012,0.012,0.012,0.012,1410914
CHN,20200124,0.29,0.29,0.28,0.28,377123
CHZ,20200124,0.086,0.099,0.086,0.095,1600060
CI1,20200124,0.028,0.029,0.026,0.027,2473957
CIA,20200124,2.68,2.69,2.63,2.67,1460448
CIE,20200124,0.87,0.875,0.87,0.87,322578
CIM,20200124,28.4,29.48,28.25,28.88,1361103
CIN,20200124,32.78,33,32.78,33,1372
CIO,20200124,0.003,0.003,0.003,0.003,525265
CIP,20200124,3.71,3.78,3.68,3.68,317282
CKA,20200124,0.045,0.045,0.045,0.045,51526
CKF,20200124,9,9.16,8.96,9.14,451169
CL1,20200124,1.85,1.93,1.85,1.89,261241
CLA,20200124,0.015,0.015,0.015,0.015,155863
CLH,20200124,1.08,1.08,1.065,1.065,283534
CLQ,20200124,0.285,0.285,0.28,0.28,190057
CLT,20200124,0.175,0.175,0.175,0.175,4105
CLV,20200124,2.7,2.73,2.68,2.71,92393
CLW,20200124,5.72,5.73,5.64,5.64,833876
CLX,20200124,0.805,0.805,0.805,0.805,6913
CLZ,20200124,0.003,0.003,0.002,0.002,2365857
CMA,20200124,3.01,3.03,2.99,2.99,1441021
CMD,20200124,0.007,0.007,0.007,0.007,16200
CML,20200124,0.019,0.019,0.019,0.019,31579
CMM,20200124,1.24,1.26,1.235,1.235,135896
CMP,20200124,0.705,0.705,0.7,0.7,10362
CMW,20200124,1.225,1.24,1.22,1.225,1837943
CNI,20200124,2.41,2.45,2.4,2.41,372168
CNL,20200124,0.135,0.135,0.135,0.135,28603
CNU,20200124,6.36,6.43,6.32,6.36,342092
CNW,20200124,0.038,0.038,0.038,0.038,222217
COB,20200124,0.175,0.175,0.165,0.165,187318
COE,20200124,0.6,0.6,0.575,0.575,3484429
COG,20200124,0.083,0.083,0.082,0.082,329629
COH,20200124,234.5,237.43,234.18,236.05,149076
COI,20200124,0.18,0.18,0.17,0.175,75228
COL,20200124,16.46,16.49,16.3,16.3,1292983
COS,20200124,0.315,0.38,0.315,0.38,1782600
CP1,20200124,0.14,0.16,0.14,0.16,33825
CPH,20200124,0.175,0.18,0.17,0.175,278005
CPT,20200124,0.076,0.076,0.076,0.076,440
CPU,20200124,17.91,18,17.85,17.89,705559
CPV,20200124,0.17,0.17,0.17,0.17,14499
CQE,20200124,3.56,3.59,3.51,3.54,409717
CQR,20200124,4.7,4.71,4.65,4.67,1204554
CR1,20200124,0.21,0.215,0.205,0.215,90079
CRL,20200124,0.025,0.025,0.023,0.023,1422150
CRN,20200124,2.1,2.19,2.08,2.15,278368
CRO,20200124,0.007,0.008,0.007,0.007,11753214
CRS,20200124,0.15,0.15,0.15,0.15,247458
CSL,20200124,308.45,313.59,308.02,310.7,805188
CSR,20200124,5.02,5.07,5.015,5.03,1588699
CSS,20200124,0.72,0.735,0.72,0.73,135634
CT1,20200124,0.029,0.029,0.027,0.029,1469661
CTD,20200124,20.51,20.63,20.07,20.19,590269
CTE,20200124,0.053,0.053,0.053,0.053,165000
CTM,20200124,0.012,0.013,0.011,0.012,3407785
CTO,20200124,0.004,0.004,0.004,0.004,96355
CTP,20200124,0.13,0.135,0.13,0.135,335497
CTX,20200124,35.3,35.35,35.12,35.12,1050945
CUE,20200124,0.15,0.155,0.15,0.155,19171
CUP,20200124,1.185,1.195,1.18,1.18,26307
CUV,20200124,29.01,29.04,28.15,28.25,229832
CV1,20200124,0.145,0.145,0.13,0.13,326963
CVF,20200124,1.02,1.02,1.02,1.02,30920
CVN,20200124,0.355,0.36,0.335,0.34,2927981
CVV,20200124,0.03,0.03,0.03,0.03,20000
CVW,20200124,0.47,0.47,0.47,0.47,1040
CWL,20200124,0.06,0.063,0.059,0.059,165763
CWN,20200124,12.11,12.15,12.01,12.04,606995
CWP,20200124,7.84,8.11,7.64,8.09,85701
CWX,20200124,0.225,0.23,0.22,0.225,82291
CWY,20200124,2.09,2.1,2.07,2.07,2416783
CXL,20200124,0.84,0.875,0.835,0.835,43541
CXM,20200124,0.04,0.04,0.038,0.038,45000
CXO,20200124,0.04,0.04,0.038,0.039,1087156
CXZ,20200124,0.023,0.023,0.022,0.023,470536
CYC,20200124,1.265,1.28,1.26,1.26,25427
CYG,20200124,1.085,1.085,1.085,1.085,15000
CYL,20200124,2.92,2.92,2.92,2.92,6902
CYM,20200124,0.27,0.27,0.255,0.26,36129
CYP,20200124,1.135,1.16,1.115,1.12,46444
CZI,20200124,0.096,0.097,0.096,0.097,149552
CZL,20200124,0.007,0.008,0.006,0.008,8807212
CZN,20200124,0.004,0.005,0.004,0.004,35999548
D2O,20200124,1.43,1.435,1.42,1.42,36633
DAF,20200124,0.02,0.022,0.02,0.022,188013
DAV,20200124,0.039,0.039,0.034,0.034,770000
DBF,20200124,1.15,1.16,1.15,1.16,31238
DCC,20200124,0.03,0.031,0.03,0.03,505032
DCG,20200124,0.445,0.455,0.44,0.445,430430
DCL,20200124,0.066,0.066,0.065,0.066,23663
DCN,20200124,1.42,1.425,1.395,1.4,994956
DDR,20200124,7,7.02,6.88,6.99,35911
DDT,20200124,0.006,0.01,0.006,0.008,7704202
DEG,20200124,0.047,0.049,0.047,0.048,1848052
DEM,20200124,0.24,0.24,0.235,0.235,112402
DEV,20200124,0.065,0.065,0.065,0.065,50000
DGH,20200124,1.465,1.465,1.465,1.465,512
DGO,20200124,0.855,0.855,0.855,0.855,100
DGR,20200124,0.073,0.073,0.07,0.071,138000
DHG,20200124,3.9,3.91,3.84,3.87,1097928
DHR,20200124,0.003,0.003,0.003,0.003,130000
DIV,20200124,24.4,24.42,24.4,24.42,12238
DJW,20200124,3.61,3.66,3.61,3.62,120184
DKM,20200124,0.17,0.17,0.16,0.16,30930
DMP,20200124,55.81,56.67,55.13,55.52,337916
DNA,20200124,0.083,0.084,0.077,0.082,1271235
DNK,20200124,0.58,0.585,0.58,0.585,20938
DOR,20200124,0.03,0.03,0.03,0.03,45780
DOW,20200124,7.3,7.78,7.3,7.6,10946339
DRE,20200124,0.006,0.006,0.006,0.006,7815699
DRO,20200124,0.21,0.23,0.205,0.225,1016630
DRX,20200124,0.014,0.014,0.014,0.014,12860
DSE,20200124,0.054,0.056,0.053,0.056,774481
DTC,20200124,0.98,0.987,0.95,0.975,61213
DTL,20200124,4.44,4.47,4.37,4.4,388580
DTS,20200124,0.15,0.155,0.15,0.15,198397
DTZ,20200124,0.061,0.061,0.06,0.06,113129
DUB,20200124,1.22,1.235,1.185,1.22,235028
DUI,20200124,5.17,5.25,5.17,5.2,39643
DVL,20200124,0.029,0.033,0.027,0.027,171088
DVN,20200124,0.14,0.14,0.14,0.14,7193
DW8,20200124,0.008,0.009,0.008,0.009,8665428
DWS,20200124,1.06,1.075,1.055,1.055,52295
DXB,20200124,0.145,0.15,0.145,0.145,917536
DXN,20200124,0.046,0.049,0.046,0.049,417440
DXS,20200124,12.85,12.9,12.67,12.67,2108063
DYL,20200124,0.265,0.265,0.265,0.265,21219
E25,20200124,0.18,0.18,0.18,0.18,9000
EAI,20200124,1.085,1.09,1.08,1.085,127135
EAX,20200124,0.28,0.28,0.28,0.28,583
EBG,20200124,1.05,1.05,0.98,0.98,2145
EBO,20200124,23.62,23.62,23.24,23.24,715
ECF,20200124,1.32,1.32,1.3,1.3,188623
ECL,20200124,1.37,1.395,1.37,1.38,96910
ECP,20200124,1.135,1.135,1.135,1.135,10000
ECS,20200124,0.05,0.05,0.049,0.05,225000
ECT,20200124,0.001,0.001,0.001,0.001,111805
ECX,20200124,1.51,1.6,1.51,1.565,1385417
ED1,20200124,1.095,1.095,1.06,1.06,9241
EDC,20200124,1.135,1.14,1.1,1.105,14558
EDE,20200124,0.044,0.046,0.043,0.043,2716524
EEG,20200124,0.43,0.43,0.4,0.4,291977
EFE,20200124,0.004,0.004,0.003,0.004,759500
EFF,20200124,1.77,1.77,1.77,1.77,6250
EGD,20200124,2.47,2.47,2.47,2.47,32889
EGF,20200124,1.79,1.79,1.79,1.79,53195
EGG,20200124,2.07,2.07,2.01,2.01,35526
EGH,20200124,0.39,0.39,0.39,0.39,24642
EGI,20200124,1.23,1.23,1.21,1.21,56485
EGN,20200124,0.65,0.65,0.65,0.65,18754
EGR,20200124,0.06,0.066,0.06,0.066,453385
EHE,20200124,2.58,2.58,2.54,2.55,314217
EHH,20200124,0.125,0.125,0.12,0.12,109089
EHL,20200124,2.29,2.33,2.23,2.3,1467226
EHX,20200124,0.11,0.12,0.082,0.087,1209202
ELD,20200124,7.35,7.42,7.28,7.37,533612
ELO,20200124,6.75,6.78,6.6,6.61,24864
ELS,20200124,0.39,0.39,0.39,0.39,2022
ELX,20200124,0.76,0.765,0.75,0.75,36892
EM1,20200124,0.012,0.012,0.012,0.012,822523
EM2,20200124,0.17,0.17,0.135,0.16,529825
EMH,20200124,0.31,0.31,0.31,0.31,12512
EML,20200124,5.26,5.29,5.2,5.26,2076483
EMN,20200124,0.14,0.15,0.14,0.15,145147
EMR,20200124,0.04,0.043,0.04,0.043,4323775
EMT,20200124,0.013,0.02,0.012,0.017,3013190
EMU,20200124,0.042,0.042,0.04,0.04,81119
EMV,20200124,0.79,0.825,0.79,0.81,97731
EN1,20200124,0.02,0.02,0.02,0.02,455867
ENN,20200124,2.15,2.16,2.14,2.15,209910
ENR,20200124,0.11,0.11,0.11,0.11,105000
EOF,20200124,3.07,3.08,3.02,3.03,73679
EOL,20200124,3.29,3.34,3.29,3.3,17208
EOS,20200124,9.48,9.92,9.44,9.85,490421
EPD,20200124,0.415,0.415,0.41,0.41,19858
EQE,20200124,0.015,0.015,0.015,0.015,277667
EQT,20200124,30.79,30.79,30.51,30.52,10796
EQX,20200124,0.235,0.24,0.235,0.24,19725
ERA,20200124,0.155,0.157,0.155,0.157,21868
ERF,20200124,1.23,1.23,1.23,1.23,168308
ERG,20200124,0.066,0.066,0.066,0.066,63000
ERL,20200124,0.009,0.009,0.009,0.009,56000
ERM,20200124,0.092,0.094,0.092,0.094,83596
ERX,20200124,0.066,0.066,0.064,0.065,765990
ESE,20200124,0.014,0.014,0.013,0.013,659205
ESH,20200124,0.009,0.01,0.009,0.01,2231430
ESK,20200124,0.2,0.2,0.195,0.195,21328
ETF,20200124,23.28,23.28,23.28,23.28,23
EUC,20200124,0.017,0.017,0.017,0.017,469050
EVE,20200124,0.006,0.007,0.006,0.007,11512188
EVN,20200124,3.77,3.8,3.73,3.77,10491702
EVO,20200124,0.165,0.175,0.165,0.165,1086385
EVS,20200124,0.23,0.24,0.22,0.24,1644345
EVT,20200124,13.59,13.59,13.4,13.48,11796
EVZ,20200124,0.17,0.17,0.17,0.17,1000
EWC,20200124,0.07,0.07,0.07,0.07,30000
EX1,20200124,0.3,0.3,0.27,0.3,150697
EXL,20200124,1.23,1.245,1.14,1.15,1217930
EXP,20200124,0.235,0.235,0.22,0.22,1493434
EXR,20200124,0.021,0.021,0.02,0.02,1746039
EZL,20200124,1.05,1.055,1.05,1.055,8110
FAM,20200124,0.053,0.053,0.053,0.053,3000
FAR,20200124,0.042,0.042,0.041,0.042,54883509
FAU,20200124,0.01,0.011,0.01,0.011,100000
FBR,20200124,0.055,0.055,0.051,0.055,881024
FBU,20200124,5.43,5.51,5.43,5.45,472833
FCL,20200124,2.89,2.9,2.85,2.89,25122
FCT,20200124,0.155,0.155,0.14,0.155,568325
FDV,20200124,0.97,0.97,0.94,0.94,197485
FEL,20200124,0.013,0.013,0.013,0.013,20000
FEX,20200124,0.056,0.056,0.056,0.056,28552
FFI,20200124,4.72,4.72,4.72,4.72,44
FFL,20200124,0.39,0.39,0.37,0.37,63322
FFR,20200124,0.055,0.055,0.055,0.055,11666
FGG,20200124,1.28,1.28,1.275,1.275,443954
FGO,20200124,0.002,0.002,0.002,0.002,35000
FGR,20200124,0.145,0.155,0.145,0.155,1257604
FGX,20200124,1.17,1.17,1.165,1.165,132744
FHS,20200124,0.012,0.013,0.012,0.012,1792322
FID,20200124,5.58,5.79,5.58,5.7,10137
FIJ,20200124,0.09,0.091,0.087,0.087,118554
FIN,20200124,0.012,0.014,0.012,0.014,760666
FLC,20200124,0.42,0.43,0.415,0.43,616029
FLN,20200124,0.51,0.515,0.51,0.515,147947
FLT,20200124,42.28,42.56,41.4,41.47,996448
FMG,20200124,12.45,12.62,12.33,12.48,20639251
FML,20200124,0.23,0.23,0.225,0.225,38482
FMS,20200124,0.048,0.055,0.047,0.052,280280
FNP,20200124,5.2,5.27,5.18,5.21,238170
FNT,20200124,0.011,0.011,0.011,0.011,300000
FOD,20200124,0.071,0.071,0.07,0.07,269966
FOR,20200124,1.2,1.2,1.195,1.195,12315
FPC,20200124,1.075,1.085,1.075,1.085,14240
FPH,20200124,22.1,22.195,21.83,22.02,285486
FPP,20200124,0.95,0.955,0.94,0.955,31449
FRI,20200124,0.86,0.865,0.855,0.865,264103
FRN,20200124,0.022,0.022,0.021,0.021,553576
FSA,20200124,1.385,1.385,1.385,1.385,3550
FSF,20200124,3.87,3.87,3.87,3.87,3000
FSI,20200124,2.02,2.02,1.95,1.95,7099
FTC,20200124,0.115,0.115,0.115,0.115,58695
FTZ,20200124,0.08,0.08,0.08,0.08,40524
FUN,20200124,0.021,0.021,0.021,0.021,6480
FWD,20200124,2.1,2.125,2.04,2.12,28108
FXL,20200124,2.15,2.17,2.11,2.14,784142
FYI,20200124,0.055,0.056,0.054,0.056,75400
FZO,20200124,0.17,0.17,0.165,0.165,24578
G1A,20200124,0.32,0.32,0.315,0.32,39437
G88,20200124,0.058,0.062,0.051,0.057,1425322
GAL,20200124,0.16,0.16,0.16,0.16,246394
GAP,20200124,0.265,0.265,0.22,0.22,7402031
GAS,20200124,0.63,0.64,0.63,0.64,3000
GBR,20200124,0.035,0.035,0.035,0.035,37600
GBZ,20200124,0.061,0.063,0.061,0.063,184000
GC1,20200124,0.815,0.83,0.815,0.83,25910
GCI,20200124,2.05,2.05,2.04,2.05,276416
GDF,20200124,1.42,1.43,1.41,1.43,90915
GDG,20200124,0.82,0.9,0.82,0.9,64591
GDI,20200124,1.55,1.55,1.525,1.535,277391
GDX,20200124,42,42.29,41.85,41.88,19203
GEM,20200124,1.94,1.955,1.92,1.925,1071712
GEV,20200124,0.145,0.15,0.145,0.15,181117
GGE,20200124,0.006,0.006,0.006,0.006,2647648
GGG,20200124,0.125,0.125,0.12,0.12,918457
GGX,20200124,0.003,0.003,0.003,0.003,170000
GLA,20200124,0.001,0.001,0.001,0.001,8346000
GLB,20200124,1.83,1.84,1.83,1.84,11811
GLL,20200124,0.62,0.63,0.597,0.63,124051
GLN,20200124,0.21,0.215,0.205,0.205,263063
GLV,20200124,0.001,0.002,0.001,0.002,15730169
GMA,20200124,3.79,3.85,3.75,3.79,395364
GMC,20200124,0.005,0.006,0.005,0.006,3518334
GMD,20200124,0.034,0.035,0.034,0.035,1569237
GMG,20200124,15.08,15.13,15.02,15.02,2987568
GML,20200124,0.016,0.016,0.016,0.016,552500
GMN,20200124,0.075,0.075,0.072,0.072,118655
GMR,20200124,0.009,0.01,0.009,0.01,2462470
GMV,20200124,0.17,0.17,0.15,0.155,702334
GNC,20200124,8.58,8.58,8.48,8.5,386640
GNE,20200124,3.07,3.13,3.06,3.08,34085
GNG,20200124,0.985,0.99,0.985,0.99,20567
GNM,20200124,0.009,0.009,0.008,0.009,3135434
GNX,20200124,0.225,0.23,0.22,0.23,95105
GO2,20200124,0.015,0.015,0.015,0.015,28000
GOR,20200124,1.375,1.385,1.355,1.355,2044354
GOW,20200124,2.355,2.36,2.34,2.36,34936
GOZ,20200124,4.4,4.44,4.28,4.33,1528000
GPR,20200124,0.46,0.46,0.46,0.46,32916
GPT,20200124,5.99,5.99,5.93,5.95,3243672
GPX,20200124,0.16,0.165,0.15,0.15,240442
GRB,20200124,0.083,0.086,0.081,0.086,855165
GRL,20200124,0.21,0.215,0.21,0.21,79870
GRR,20200124,0.25,0.25,0.245,0.245,177882
GSN,20200124,0.058,0.059,0.052,0.052,274500
GSS,20200124,1,1.01,0.98,1,133594
GSW,20200124,0.545,0.55,0.53,0.545,103885
GTE,20200124,0.003,0.003,0.003,0.003,200000
GTG,20200124,0.011,0.011,0.01,0.011,2513060
GTK,20200124,2.16,2.17,2.15,2.15,39760
GTN,20200124,0.84,0.84,0.84,0.84,837
GTR,20200124,0.008,0.008,0.008,0.008,600000
GUD,20200124,11.26,11.5,11.26,11.48,557889
GVF,20200124,1.1,1.11,1.1,1.11,79542
GWA,20200124,3.75,3.77,3.68,3.68,397039
GXY,20200124,1.11,1.115,1.075,1.115,4210792
HAS,20200124,0.12,0.125,0.115,0.125,1076645
HAV,20200124,0.12,0.12,0.12,0.12,5000
HAW,20200124,0.081,0.081,0.081,0.081,278513
HCH,20200124,0.034,0.034,0.034,0.034,1848103
HCT,20200124,0.063,0.078,0.061,0.076,126891
HE8,20200124,0.175,0.18,0.175,0.18,400091
HFR,20200124,0.77,0.795,0.77,0.795,86664
HGO,20200124,0.061,0.061,0.061,0.061,100000
HIL,20200124,0.44,0.44,0.43,0.43,301317
HLA,20200124,1.14,1.155,1.13,1.15,105773
HLO,20200124,4.6,4.66,4.6,4.61,53948
HLS,20200124,2.94,2.96,2.93,2.95,575869
HM1,20200124,3.34,3.35,3.25,3.25,244802
HMC,20200124,3.86,3.89,3.82,3.85,66215
HMD,20200124,0.165,0.165,0.165,0.165,90170
HMX,20200124,0.022,0.022,0.022,0.022,274110
HNR,20200124,0.007,0.008,0.007,0.008,498880
HPI,20200124,3.3,3.34,3.3,3.33,81411
HRL,20200124,0.115,0.12,0.115,0.12,76879
HRN,20200124,0.23,0.23,0.23,0.23,21499
HRR,20200124,0.1,0.1,0.1,0.1,4000
HRZ,20200124,0.11,0.115,0.11,0.115,504601
HSN,20200124,3.61,3.62,3.56,3.57,123112
HT1,20200124,1.73,1.73,1.705,1.73,37044
HTA,20200124,0.13,0.13,0.13,0.13,35000
HUB,20200124,11.15,11.18,10.89,11.02,279986
HUO,20200124,4.5,4.7,4.5,4.7,14880
HVM,20200124,0.155,0.165,0.15,0.165,255264
HVN,20200124,4.36,4.4,4.31,4.32,2360268
HXG,20200124,0.057,0.057,0.056,0.056,150000
HYD,20200124,0.26,0.26,0.25,0.25,162500
HZN,20200124,0.125,0.125,0.125,0.125,179000
HZR,20200124,0.43,0.43,0.425,0.425,38912
IAA,20200124,97.69,98.34,97.69,97.9,13337
IAF,20200124,115.22,115.23,115.05,115.1,25357
IAG,20200124,7.42,7.45,7.23,7.3,13070488
IAP,20200124,1.495,1.55,1.495,1.54,202718
IBC,20200124,0.53,0.53,0.53,0.53,2020
IBG,20200124,0.012,0.012,0.012,0.012,303507
IBX,20200124,0.033,0.033,0.031,0.032,3466085
ICE,20200124,0.25,0.25,0.245,0.25,141941
ICI,20200124,0.025,0.025,0.024,0.024,30000
ICN,20200124,0.007,0.007,0.007,0.007,476500
ICQ,20200124,0.41,0.415,0.39,0.395,440055
ICT,20200124,0.055,0.056,0.052,0.056,486110
ID8,20200124,0.32,0.32,0.31,0.31,38928
IDX,20200124,4.15,4.2,4.11,4.2,672043
IEL,20200124,19.99,20.18,19.47,19.72,660595
IEM,20200124,65.5,66.18,65.5,66.05,44051
IEU,20200124,68.62,68.63,68.4,68.4,44283
IFL,20200124,8.12,8.235,8.12,8.19,518934
IFM,20200124,2.13,2.135,2.09,2.09,264807
IFN,20200124,0.77,0.77,0.725,0.75,2559840
IFT,20200124,5.39,5.39,5.32,5.32,3313
IGB,20200124,113.41,113.5,113.33,113.5,535
IGL,20200124,2.44,2.46,2.44,2.46,122246
IGO,20200124,6.58,6.58,6.44,6.44,1418505
IHD,20200124,14.75,14.75,14.69,14.74,65679
IHL,20200124,0.073,0.073,0.071,0.071,1667895
IJH,20200124,308,308,304.2,304.2,226
IJP,20200124,87.48,87.49,87.19,87.35,4819
IJR,20200124,123.5,123.99,123.5,123.74,347
IKO,20200124,94.95,94.95,94.02,94.29,1163
ILB,20200124,129.81,130.84,129.72,129.75,1000
ILC,20200124,27.33,27.4,27.3,27.3,6721
ILU,20200124,9.4,9.495,9.18,9.44,1290492
IMA,20200124,0.24,0.24,0.24,0.24,200000
IMC,20200124,0.14,0.14,0.135,0.14,149881
IMD,20200124,1.51,1.575,1.51,1.52,207755
IME,20200124,0.043,0.046,0.043,0.045,1680769
IMF,20200124,4.63,4.72,4.61,4.71,514615
IMM,20200124,0.29,0.295,0.285,0.285,264532
IMR,20200124,1.35,1.45,1.3,1.4,1693428
IMS,20200124,0.006,0.007,0.006,0.007,771373
IMU,20200124,0.033,0.034,0.032,0.034,10092206
INA,20200124,4.79,4.81,4.715,4.72,913155
INF,20200124,0.058,0.058,0.058,0.058,20000
ING,20200124,3.53,3.61,3.53,3.58,743268
INR,20200124,0.185,0.185,0.175,0.18,807587
IOD,20200124,0.16,0.16,0.16,0.16,90000
IOO,20200124,81,81.36,80.94,81.07,24358
IOZ,20200124,28.95,29.02,28.89,28.89,341734
IP1,20200124,0.009,0.009,0.008,0.008,442727
IPB,20200124,0.03,0.033,0.03,0.033,340000
IPD,20200124,0.13,0.13,0.12,0.12,5541328
IPH,20200124,9.36,9.36,9.15,9.22,439099
IPL,20200124,3.38,3.415,3.365,3.4,2888097
IPT,20200124,0.007,0.008,0.006,0.007,933334
IRE,20200124,13.49,13.54,13.34,13.43,212504
IRI,20200124,2.85,2.93,2.85,2.93,158662
ISD,20200124,0.28,0.29,0.28,0.287,68909
ISO,20200124,5.25,5.25,5.22,5.22,10920
ISU,20200124,0.5,0.52,0.5,0.51,3617
ITG,20200124,0.445,0.445,0.43,0.44,477589
ITW,20200124,62.61,62.61,62.57,62.57,59
IVC,20200124,13.37,13.59,13.29,13.29,349064
IVE,20200124,101.9,102.72,101.9,102,1172
IVR,20200124,0.024,0.024,0.023,0.023,1203347
IVV,20200124,487.4,488.1,487.07,487.54,8189
IVX,20200124,0.012,0.012,0.012,0.012,198606
IVZ,20200124,0.027,0.027,0.027,0.027,187482
IXC,20200124,1.02,1.08,1,1,58550
IXI,20200124,82.12,82.91,82.12,82.15,2427
IXJ,20200124,103.04,104.2,102.98,103.14,13806
IXU,20200124,0.062,0.062,0.06,0.06,42569
IZZ,20200124,63.32,63.32,62.35,62.7,4414
JAT,20200124,0.054,0.055,0.053,0.053,970057
JAY,20200124,0.345,0.345,0.33,0.33,8500
JBH,20200124,41.16,41.51,40.85,41.01,240206
JDR,20200124,0.012,0.014,0.012,0.012,8889970
JHC,20200124,0.99,1.03,0.985,1.015,302742
JHG,20200124,36.8,37.24,36.8,37.12,124858
JHX,20200124,31.26,31.68,31.17,31.57,1222134
JIN,20200124,14.6,14.82,14.53,14.82,680205
JLG,20200124,2.53,2.54,2.47,2.51,584284
JMS,20200124,0.305,0.31,0.3,0.305,1192269
JRL,20200124,0.3,0.3,0.3,0.3,3300
JRV,20200124,0.245,0.255,0.24,0.25,876641
JXT,20200124,0.13,0.13,0.125,0.13,212601
JYC,20200124,1.5,1.5,1.5,1.5,4249
K2F,20200124,0.27,0.28,0.265,0.27,279930
KAI,20200124,0.008,0.008,0.008,0.008,1149593
KAM,20200124,0.046,0.046,0.043,0.043,32490
KAR,20200124,1.325,1.33,1.24,1.275,5605887
KAS,20200124,0.017,0.017,0.017,0.017,14000
KCN,20200124,0.485,0.485,0.47,0.475,217001
KEY,20200124,0.006,0.007,0.006,0.007,87150
KFE,20200124,0.06,0.062,0.06,0.062,108000
KGL,20200124,0.23,0.23,0.21,0.21,156833
KGN,20200124,5.48,5.68,5.4,5.6,2056449
KIN,20200124,0.034,0.034,0.032,0.032,1166034
KKC,20200124,2.48,2.49,2.47,2.48,388149
KLA,20200124,62.59,62.6,61.99,62.04,742
KLL,20200124,0.515,0.515,0.502,0.51,97069
KMD,20200124,3.08,3.13,3.08,3.13,45141
KME,20200124,1.52,1.53,1.5,1.5,104227
KMT,20200124,0.005,0.005,0.005,0.005,2287294
KNM,20200124,0.022,0.022,0.022,0.022,78050
KNO,20200124,0.097,0.098,0.096,0.096,148936
KOR,20200124,0.01,0.01,0.01,0.01,40000
KOV,20200124,3.8,4.3,3.8,4.2,64996
KP2,20200124,0.02,0.02,0.02,0.02,200000
KPO,20200124,0.033,0.033,0.032,0.032,324000
KRM,20200124,0.03,0.03,0.03,0.03,22000
KRR,20200124,0.02,0.021,0.02,0.02,878339
KSC,20200124,1.6,1.64,1.6,1.6,6967
KSL,20200124,1.47,1.475,1.45,1.455,115951
KSN,20200124,0.16,0.165,0.16,0.165,105778
KSS,20200124,0.38,0.39,0.37,0.39,771542
KTA,20200124,0.038,0.038,0.036,0.036,160000
KTD,20200124,0.41,0.415,0.4,0.4,272290
KTG,20200124,0.215,0.22,0.21,0.22,145522
KWR,20200124,0.16,0.16,0.16,0.16,160377
KYK,20200124,0.105,0.115,0.105,0.105,635920
KZA,20200124,0.6,0.6,0.6,0.6,100
KZR,20200124,0.65,0.685,0.645,0.665,923106
LAA,20200124,0.027,0.027,0.026,0.026,110000
LAU,20200124,0.365,0.365,0.36,0.36,94158
LAW,20200124,0.067,0.067,0.067,0.067,180880
LBL,20200124,0.77,0.785,0.77,0.785,16067
LBT,20200124,0.16,0.16,0.155,0.155,47451
LCK,20200124,0.12,0.125,0.12,0.125,294457
LCL,20200124,0.048,0.048,0.048,0.048,132780
LCM,20200124,0.2,0.2,0.19,0.19,126291
LCT,20200124,0.021,0.021,0.021,0.021,40000
LCY,20200124,0.002,0.002,0.002,0.002,1150000
LEG,20200124,0.082,0.084,0.082,0.083,2033105
LEP,20200124,5.66,5.69,5.51,5.69,15622
LER,20200124,0.028,0.028,0.028,0.028,20000
LI3,20200124,0.034,0.034,0.034,0.034,95548
LIC,20200124,9.2,9.27,9.09,9.16,137648
LIN,20200124,0.041,0.044,0.035,0.039,12114994
LIT,20200124,0.066,0.068,0.064,0.066,988843
LLC,20200124,18.55,18.87,18.55,18.69,977951
LME,20200124,1.82,1.82,1.73,1.82,13960
LMG,20200124,0.011,0.012,0.011,0.012,184840
LML,20200124,0.006,0.006,0.006,0.006,708301
LMW,20200124,0.15,0.15,0.15,0.15,12800
LNG,20200124,0.19,0.19,0.185,0.185,286589
LNK,20200124,6.31,6.34,6.28,6.29,1459921
LNU,20200124,0.026,0.026,0.025,0.025,303374
LOM,20200124,0.135,0.135,0.125,0.125,668229
LON,20200124,0.16,0.16,0.16,0.16,46409
LOT,20200124,0.05,0.052,0.05,0.052,100313
LOV,20200124,12,12.02,11.61,11.66,175644
LPD,20200124,0.016,0.017,0.016,0.017,4192693
LPE,20200124,0.57,0.57,0.56,0.56,2621
LPI,20200124,0.25,0.25,0.245,0.25,54740
LSF,20200124,1.6,1.605,1.575,1.59,935502
LSR,20200124,0.009,0.009,0.009,0.009,265555
LSX,20200124,0.45,0.45,0.45,0.45,14000
LTR,20200124,0.09,0.09,0.088,0.09,2109010
LVE,20200124,0.055,0.055,0.055,0.055,27000
LVH,20200124,0.215,0.24,0.215,0.225,134408
LVT,20200124,0.265,0.265,0.257,0.265,1532643
LYC,20200124,2.37,2.43,2.35,2.36,3249010
LYL,20200124,6.15,6.2,6.15,6.2,30748
M7T,20200124,0.765,0.865,0.76,0.855,3143010
M8S,20200124,0.195,0.2,0.19,0.19,156756
MA1,20200124,1.04,1.04,1.03,1.03,5642
MAD,20200124,1.08,1.085,1.08,1.085,42448
MAG,20200124,0.265,0.27,0.26,0.27,259962
MAH,20200124,0.27,0.275,0.265,0.27,203565
MAI,20200124,0.685,0.685,0.645,0.645,151161
MAN,20200124,0.014,0.014,0.014,0.014,320000
MAQ,20200124,26,26.05,25.64,25.94,1601
MAT,20200124,0.14,0.14,0.135,0.14,3972822
MAU,20200124,0.59,0.59,0.59,0.59,4500
MAY,20200124,0.01,0.01,0.01,0.01,181818
MBK,20200124,0.006,0.007,0.006,0.007,212878
MCA,20200124,0.15,0.15,0.15,0.15,919656
MCE,20200124,0.34,0.34,0.335,0.335,45538
MCP,20200124,2.85,2.88,2.79,2.8,126988
MCR,20200124,0.725,0.725,0.67,0.715,1292530
MCT,20200124,0.005,0.005,0.005,0.005,175000
MCX,20200124,0.07,0.07,0.07,0.07,1131
MCY,20200124,5.07,5.14,5,5.14,940
MDC,20200124,0.335,0.36,0.335,0.345,134368
MDI,20200124,0.006,0.006,0.006,0.006,3334174
MDR,20200124,0.6,0.605,0.59,0.59,592558
MEA,20200124,0.325,0.33,0.325,0.325,328880
MEB,20200124,0.01,0.01,0.01,0.01,1250000
MEC,20200124,0.965,0.965,0.965,0.965,61227
MEI,20200124,0.031,0.031,0.028,0.029,6472868
MEL,20200124,0.049,0.049,0.049,0.049,200000
MEM,20200124,0.055,0.055,0.052,0.052,669918
MEP,20200124,0.047,0.047,0.045,0.045,869766
MEU,20200124,0.028,0.033,0.028,0.031,2805542
MEY,20200124,0.076,0.076,0.076,0.076,225
MEZ,20200124,5.1,5.12,4.97,5.06,38666
MFF,20200124,3.66,3.74,3.66,3.73,374904
MFG,20200124,65.19,66.95,65.19,66.52,276611
MGC,20200124,0.435,0.44,0.435,0.435,58040
MGE,20200124,4.25,4.25,4.23,4.23,341650
MGG,20200124,2.06,2.12,2.06,2.11,588542
MGL,20200124,0.017,0.017,0.017,0.017,800
MGR,20200124,3.51,3.52,3.47,3.48,8404230
MGV,20200124,0.089,0.09,0.088,0.089,401735
MGX,20200124,0.98,0.985,0.935,0.945,3302766
MHC,20200124,0.007,0.007,0.007,0.007,90000
MHG,20200124,3.73,3.73,3.72,3.72,42469
MHH,20200124,1.7,1.7,1.67,1.7,860000
MHJ,20200124,0.665,0.675,0.665,0.675,6269
MIL,20200124,0.455,0.455,0.455,0.455,13000
MIN,20200124,17.58,17.58,17.21,17.38,850675
MIO,20200124,0.22,0.25,0.21,0.25,122256
MIR,20200124,2.64,2.67,2.63,2.64,81293
MKG,20200124,0.069,0.069,0.069,0.069,97844
MLD,20200124,0.97,0.975,0.95,0.975,324178
MLL,20200124,0.11,0.11,0.1,0.1,706884
MLM,20200124,0.014,0.014,0.014,0.014,150000
MLS,20200124,0.001,0.001,0.001,0.001,500000
MLT,20200124,5.04,5.08,5.02,5.04,138724
MLX,20200124,0.085,0.086,0.084,0.086,605608
MME,20200124,1.53,1.57,1.515,1.57,75887
MMI,20200124,0.16,0.165,0.16,0.165,876500
MMJ,20200124,0.14,0.145,0.14,0.14,495963
MML,20200124,0.875,0.88,0.83,0.83,555421
MMM,20200124,0.255,0.255,0.25,0.25,33428
MMS,20200124,12.99,13.18,12.89,12.91,274280
MND,20200124,17.89,18.05,17.55,17.98,358084
MNF,20200124,5,5.01,4.97,5,132065
MNS,20200124,0.105,0.11,0.105,0.11,239846
MNW,20200124,0.016,0.016,0.016,0.016,100000
MNY,20200124,2.46,2.47,2.44,2.45,112969
MOB,20200124,0.1,0.105,0.098,0.105,603633
MOC,20200124,1.32,1.33,1.315,1.315,28617
MOE,20200124,5.31,5.6,5.3,5.6,29527
MOH,20200124,0.043,0.043,0.043,0.043,10000
MOQ,20200124,0.205,0.205,0.205,0.205,46925
MOT,20200124,2.07,2.08,2.07,2.08,99924
MOZ,20200124,1.66,1.66,1.64,1.645,39007
MP1,20200124,11.08,11.39,10.72,11.32,491092
MPL,20200124,3.18,3.19,3.16,3.16,11101853
MPR,20200124,0.025,0.025,0.025,0.025,97313
MPW,20200124,0.09,0.09,0.087,0.087,484340
MQG,20200124,146.49,146.84,145.82,145.86,576151
MRC,20200124,0.285,0.285,0.285,0.285,10000
MRD,20200124,0.003,0.003,0.003,0.003,1623964
MRM,20200124,0.175,0.175,0.175,0.175,12099
MRQ,20200124,0.013,0.014,0.013,0.014,6633796
MRZ,20200124,0.245,0.245,0.245,0.245,24464
MSB,20200124,3.09,3.21,2.99,3.07,4655138
MSE,20200124,0.011,0.011,0.011,0.011,40385
MSG,20200124,0.021,0.025,0.021,0.023,4176397
MSV,20200124,0.06,0.06,0.058,0.059,3481943
MTB,20200124,0.003,0.003,0.003,0.003,124350
MTC,20200124,0.036,0.037,0.033,0.033,1328809
MTO,20200124,2,2,1.985,2,13710
MTS,20200124,2.68,2.725,2.645,2.65,5430197
MVA,20200124,26.64,26.64,26.39,26.39,11321
MVB,20200124,27.33,27.34,27.31,27.31,7535
MVE,20200124,30.47,30.48,30.46,30.46,2127
MVF,20200124,1.025,1.025,1.01,1.01,166070
MVP,20200124,9.45,10.38,9.44,10.28,674204
MVR,20200124,31.7,31.7,31.24,31.27,1829
MVS,20200124,21.28,21.28,21.15,21.15,3301
MVW,20200124,32.47,32.59,32.44,32.45,23453
MWR,20200124,0.28,0.29,0.275,0.285,985951
MWY,20200124,1.9,1.9,1.875,1.9,24814
MX1,20200124,0.17,0.17,0.16,0.16,311720
MXC,20200124,0.035,0.036,0.035,0.035,587989
MXI,20200124,0.21,0.21,0.21,0.21,117757
MXR,20200124,0.048,0.048,0.048,0.048,10000
MXT,20200124,2.06,2.07,2.04,2.04,3472187
MYE,20200124,1.03,1.03,1.02,1.03,34059
MYL,20200124,0.048,0.051,0.048,0.049,1168583
MYQ,20200124,0.2,0.225,0.195,0.225,96165
MYR,20200124,0.465,0.47,0.46,0.46,840417
MYS,20200124,5.24,5.43,5.21,5.42,79205
MYX,20200124,0.465,0.475,0.455,0.47,3658024
MZZ,20200124,0.25,0.25,0.25,0.25,115000
N1H,20200124,0.083,0.083,0.083,0.083,443
NAB,20200124,25.79,25.99,25.74,25.8,3606995
NAN,20200124,7.25,7.26,6.97,6.99,656183
NBI,20200124,2.08,2.08,2.06,2.07,376954
NC6,20200124,0.072,0.072,0.072,0.072,36000
NCC,20200124,1.065,1.065,1.05,1.06,52266
NCK,20200124,7.15,7.205,7.04,7.15,74199
NCL,20200124,0.01,0.01,0.01,0.01,94296461
NCM,20200124,31.9,32.17,31.67,31.98,1759114
NCR,20200124,0.012,0.012,0.012,0.012,625
NCZ,20200124,0.26,0.265,0.255,0.265,966737
NDQ,20200124,22.89,22.95,22.89,22.93,55963
NEA,20200124,2.62,2.625,2.53,2.53,3273299
NEC,20200124,1.975,1.99,1.965,1.97,3385098
NES,20200124,0.055,0.055,0.05,0.05,87000
NET,20200124,0.105,0.105,0.1,0.1,1235830
NEU,20200124,2.94,2.96,2.85,2.85,74450
NEW,20200124,1.2,1.21,1.195,1.195,255309
NGE,20200124,0.705,0.705,0.705,0.705,17125
NGI,20200124,3.02,3.14,3.02,3.14,265040
NHC,20200124,2.01,2.01,1.945,1.95,2446240
NHF,20200124,5.5,5.54,5.46,5.47,921836
NIC,20200124,0.7,0.71,0.672,0.68,2951062
NML,20200124,0.12,0.125,0.115,0.125,247066
NMT,20200124,0.195,0.195,0.19,0.19,157006
NNW,20200124,0.073,0.073,0.073,0.073,4106
NOR,20200124,0.046,0.047,0.043,0.044,386993
NOV,20200124,0.212,0.22,0.212,0.215,99196
NOX,20200124,0.245,0.25,0.24,0.245,78852
NSB,20200124,0.175,0.18,0.17,0.17,43696
NSC,20200124,0.745,0.745,0.74,0.74,137934
NSR,20200124,2.18,2.2,2.16,2.16,3565687
NST,20200124,12.7,12.74,12.59,12.61,5443682
NTD,20200124,0.425,0.425,0.42,0.42,28101
NTM,20200124,0.078,0.078,0.077,0.077,299695
NTO,20200124,1.48,1.505,1.47,1.48,29893
NTU,20200124,0.054,0.054,0.053,0.053,309731
NUC,20200124,3.6,3.6,3.55,3.55,18292
NUF,20200124,5.68,5.77,5.605,5.64,882391
NUH,20200124,0.033,0.033,0.031,0.031,3738501
NUS,20200124,0.31,0.31,0.31,0.31,37000
NVA,20200124,0.041,0.042,0.04,0.042,1185539
NVL,20200124,3.67,3.67,3.66,3.66,80093
NVO,20200124,0.02,0.02,0.02,0.02,1122366
NVX,20200124,0.45,0.455,0.45,0.45,17955
NWC,20200124,0.013,0.013,0.013,0.013,120000
NWE,20200124,0.006,0.006,0.005,0.005,5991666
NWH,20200124,3.35,3.39,3.31,3.36,1019117
NWL,20200124,7.88,8.37,7.84,8.2,1079378
NWS,20200124,21.86,21.86,21.51,21.54,131365
NXE,20200124,0.013,0.013,0.012,0.012,182409
NXM,20200124,0.045,0.045,0.045,0.045,144840
NXS,20200124,2.29,2.3,2.2,2.25,100050
NXT,20200124,7.52,7.56,7.49,7.54,1392382
NYR,20200124,0.23,0.26,0.23,0.25,1354518
NZC,20200124,0.36,0.362,0.36,0.36,498417
NZK,20200124,2.18,2.2,2.18,2.2,8766
NZM,20200124,0.37,0.37,0.365,0.37,93886
NZS,20200124,0.012,0.013,0.012,0.013,226985
OAR,20200124,0.004,0.004,0.004,0.004,2225352
OBM,20200124,0.17,0.17,0.165,0.17,68902
OCA,20200124,1.28,1.28,1.28,1.28,96789
OCC,20200124,0.49,0.49,0.475,0.475,317307
OCL,20200124,6.45,6.45,6.4,6.42,36405
ODA,20200124,0.205,0.205,0.2,0.2,37879
OEC,20200124,0.345,0.345,0.345,0.345,1624
OEL,20200124,0.032,0.032,0.031,0.032,2273686
OFX,20200124,1.41,1.44,1.405,1.43,340081
OGA,20200124,0.13,0.13,0.13,0.13,55252
OGC,20200124,2.69,2.72,2.66,2.69,439658
OIL,20200124,0.033,0.033,0.033,0.033,111155
OKU,20200124,0.17,0.17,0.165,0.17,140597
OLI,20200124,0.1,0.1,0.096,0.099,912543
OLL,20200124,0.25,0.255,0.225,0.255,1255328
OLV,20200124,0.009,0.009,0.009,0.009,1000000
OMH,20200124,0.475,0.48,0.47,0.47,20930
OML,20200124,3.65,3.66,3.6,3.63,833411
ONT,20200124,6.15,6.15,6.11,6.14,4175
OOO,20200124,14.36,14.37,14.27,14.37,14461
OPC,20200124,3.7,3.8,3.67,3.68,54263
OPH,20200124,2.75,2.78,2.72,2.73,80801
OPT,20200124,3.6,3.74,3.57,3.61,367206
OPY,20200124,1.235,1.245,1.215,1.22,122528
ORA,20200124,3.18,3.22,3.18,3.19,1487468
ORE,20200124,3.59,3.61,3.495,3.54,766811
ORG,20200124,8.64,8.66,8.535,8.55,2753057
ORI,20200124,22.98,23.22,22.93,23,489590
ORN,20200124,0.024,0.025,0.024,0.025,111565
ORR,20200124,0.43,0.43,0.43,0.43,15682
OSH,20200124,7.78,7.79,7.64,7.71,3727089
OSL,20200124,0.165,0.167,0.16,0.165,284285
OSP,20200124,0.028,0.028,0.027,0.027,162590
OSX,20200124,0.61,0.61,0.55,0.58,297857
OTW,20200124,4.5,4.5,4.49,4.49,20627
OVH,20200124,0.365,0.372,0.365,0.37,221087
OVL,20200124,0.009,0.01,0.009,0.009,3993748
OVN,20200124,0.4,0.4,0.39,0.4,59241
OVT,20200124,0.045,0.046,0.045,0.046,185557
OZF,20200124,20.18,20.18,20.13,20.13,3651
OZG,20200124,0.175,0.175,0.175,0.175,13453
OZL,20200124,10.45,10.47,10.26,10.33,1436193
OZR,20200124,12.6,12.61,12.58,12.58,2593
P2P,20200124,0.065,0.065,0.065,0.065,824
PAA,20200124,0.092,0.098,0.092,0.096,36521
PAB,20200124,0.02,0.02,0.02,0.02,33781
PAC,20200124,6.06,6.23,6.06,6.23,2185
PAF,20200124,0.96,0.97,0.96,0.965,250261
PAI,20200124,1.11,1.11,1.105,1.105,135784
PAK,20200124,0.028,0.028,0.028,0.028,22940
PAL,20200124,1.005,1.02,1.005,1.01,47475
PAN,20200124,0.28,0.28,0.275,0.28,395612
PAR,20200124,4,4.2,3.97,4.13,1870545
PBH,20200124,6.08,6.15,6.01,6.06,190539
PBP,20200124,2.23,2.24,2.16,2.16,225443
PCI,20200124,1.145,1.15,1.14,1.14,518967
PCK,20200124,0.17,0.175,0.165,0.17,823182
PCL,20200124,0.002,0.002,0.002,0.002,1756001
PDL,20200124,8.67,8.86,8.64,8.8,1304428
PDN,20200124,0.088,0.09,0.088,0.088,534217
PDZ,20200124,0.205,0.21,0.205,0.21,175454
PE1,20200124,1.58,1.58,1.53,1.545,91659
PEK,20200124,0.033,0.033,0.031,0.031,984163
PEN,20200124,0.155,0.16,0.155,0.16,23603
PET,20200124,0.84,0.85,0.805,0.815,761892
PEX,20200124,0.24,0.24,0.235,0.24,111435
PFG,20200124,0.076,0.076,0.076,0.076,24597
PFP,20200124,3.56,3.58,3.51,3.58,63247
PG1,20200124,0.096,0.099,0.096,0.099,26592
PGC,20200124,0.42,0.42,0.41,0.42,230493
PGF,20200124,1.27,1.28,1.265,1.265,154234
PGG,20200124,2.08,2.08,2.07,2.07,206835
PGH,20200124,2.79,2.92,2.78,2.92,871387
PGI,20200124,0.04,0.04,0.038,0.039,264674
PGL,20200124,2.01,2.09,2.01,2.08,495332
PGM,20200124,0.021,0.021,0.019,0.019,4339581
PGX,20200124,0.395,0.395,0.395,0.395,47156
PGY,20200124,0.025,0.025,0.025,0.025,79000
PIA,20200124,1.165,1.17,1.165,1.17,205499
PIC,20200124,1.08,1.085,1.07,1.08,198601
PIN,20200124,0.11,0.12,0.105,0.12,157599
PIO,20200124,0.013,0.013,0.013,0.013,555000
PIQ,20200124,0.305,0.305,0.295,0.3,105599
PKD,20200124,0.07,0.08,0.07,0.08,129219
PKS,20200124,0.16,0.16,0.16,0.16,37244
PL8,20200124,1.18,1.19,1.18,1.185,581615
PLL,20200124,0.13,0.13,0.125,0.125,272259
PLS,20200124,0.36,0.365,0.352,0.36,5684063
PM1,20200124,0.02,0.02,0.018,0.018,1629002
PMC,20200124,1.66,1.675,1.65,1.65,247997
PME,20200124,25.85,26.13,25.43,25.48,243947
PMV,20200124,20.2,20.26,20.03,20.08,158533
PMY,20200124,0.007,0.007,0.007,0.007,1479612
PNC,20200124,1.78,1.78,1.77,1.78,140300
PNI,20200124,4.8,4.81,4.59,4.81,558446
PNR,20200124,0.105,0.105,0.1,0.1,1167265
PNV,20200124,2.84,2.93,2.79,2.83,3840078
PO3,20200124,3.8,3.8,3.8,3.8,2500
POD,20200124,0.039,0.039,0.039,0.039,19840
POS,20200124,0.039,0.04,0.039,0.04,149893
POU,20200124,18.75,18.75,18.75,18.75,1333
POW,20200124,0.006,0.006,0.006,0.006,235897
PPC,20200124,1.32,1.32,1.285,1.295,31199
PPE,20200124,3.59,3.69,3.57,3.67,73946
PPH,20200124,4.35,4.4,4.31,4.4,25572
PPK,20200124,5.66,6.25,5.66,6.25,141079
PPS,20200124,0.555,0.565,0.525,0.525,3414727
PPT,20200124,43.57,43.97,43.16,43.29,137675
PRN,20200124,1.6,1.6,1.515,1.525,3660440
PRO,20200124,0.62,0.65,0.62,0.65,24457
PRT,20200124,0.165,0.165,0.165,0.165,14749
PRU,20200124,1.145,1.155,1.115,1.115,3982672
PRX,20200124,0.068,0.068,0.066,0.067,197486
PSC,20200124,0.21,0.21,0.21,0.21,4545
PSI,20200124,3.13,3.13,3.1,3.13,11153
PSZ,20200124,0.033,0.033,0.031,0.031,1131960
PTB,20200124,0.815,0.82,0.805,0.82,45553
PTL,20200124,0.33,0.33,0.32,0.32,66667
PTM,20200124,4.85,4.88,4.83,4.87,831346
PTR,20200124,0.049,0.056,0.048,0.056,226030
PTX,20200124,0.058,0.06,0.056,0.058,2223535
PUA,20200124,0.013,0.013,0.013,0.013,89705
PVS,20200124,1.69,1.69,1.69,1.69,26395
PWG,20200124,1.245,1.295,1.245,1.295,168737
PWH,20200124,4.76,4.79,4.74,4.74,39270
PWL,20200124,0.18,0.18,0.18,0.18,110106
PWN,20200124,0.009,0.009,0.008,0.008,18958470
PXS,20200124,0.125,0.125,0.125,0.125,120861
PXX,20200124,0.043,0.043,0.039,0.04,404134
PYC,20200124,0.065,0.066,0.062,0.062,2725950
PYG,20200124,0.7,0.7,0.7,0.7,7142
QAN,20200124,6.75,6.79,6.71,6.71,7805058
QAU,20200124,15.67,15.69,15.65,15.68,16830
QBE,20200124,13.86,13.87,13.73,13.77,2106876
QCB,20200124,8.06,8.06,8.05,8.05,3134
QFE,20200124,0.36,0.36,0.36,0.36,24443
QFN,20200124,11.24,11.24,11.24,11.24,657
QFY,20200124,0.004,0.004,0.003,0.004,2247000
QGL,20200124,0.06,0.06,0.058,0.059,324416
QHL,20200124,0.125,0.125,0.115,0.12,2283458
QIP,20200124,1.35,1.36,1.345,1.35,47182
QMS,20200124,1.22,1.22,1.215,1.215,672451
QOZ,20200124,14.28,14.32,14.27,14.27,27838
QRE,20200124,6.85,6.88,6.84,6.85,11178
QRI,20200124,1.615,1.625,1.615,1.62,306832
QTM,20200124,0.039,0.04,0.039,0.04,1912888
QUB,20200124,3.54,3.56,3.43,3.47,4196075
QUS,20200124,40.25,40.25,40.17,40.19,5209
QVE,20200124,1.05,1.05,1.035,1.035,166131
RAC,20200124,0.22,0.245,0.22,0.225,326141
RAG,20200124,0.007,0.007,0.007,0.007,100000
RAN,20200124,0.016,0.016,0.016,0.016,90000
RAP,20200124,0.27,0.277,0.26,0.265,1136288
RBL,20200124,1.05,1.07,1.012,1.025,463225
RBR,20200124,0.011,0.011,0.011,0.011,745824
RCB,20200124,20.76,20.79,20.76,20.76,12415
RCE,20200124,0.34,0.365,0.335,0.36,305466
RCL,20200124,0.355,0.355,0.355,0.355,8406
RCW,20200124,0.26,0.26,0.26,0.26,58861
RD1,20200124,0.02,0.02,0.02,0.02,10000
RDC,20200124,1.125,1.13,1.115,1.115,107989
RDF,20200124,0.55,0.55,0.55,0.55,110113
RDH,20200124,1.84,1.84,1.8,1.82,16591
RDM,20200124,0.095,0.095,0.094,0.094,76078
RDN,20200124,0.007,0.008,0.007,0.008,1093593
RDV,20200124,31,31.03,30.96,30.97,21322
RDY,20200124,2.22,2.29,2.22,2.25,42569
REA,20200124,113.12,113.88,112.71,113.3,135874
RED,20200124,0.325,0.325,0.315,0.315,3949312
REE,20200124,0.039,0.039,0.039,0.039,27868
REG,20200124,2.57,2.57,2.52,2.54,182517
REH,20200124,11.38,11.45,11.23,11.42,49337
REV,20200124,0.012,0.013,0.01,0.01,159224
REX,20200124,1.155,1.165,1.155,1.16,7165
REY,20200124,0.26,0.26,0.26,0.26,1647
REZ,20200124,0.017,0.017,0.017,0.017,361150
RF1,20200124,2.75,2.78,2.75,2.78,47721
RFF,20200124,1.9,1.925,1.9,1.915,313187
RFG,20200124,0.105,0.11,0.1,0.105,278800
RFT,20200124,0.044,0.044,0.043,0.043,199347
RFX,20200124,0.041,0.043,0.04,0.042,492484
RGB,20200124,23.15,23.15,23.11,23.12,232
RGI,20200124,0.11,0.11,0.11,0.11,49276
RGS,20200124,0.07,0.071,0.068,0.07,861558
RHC,20200124,79.37,80.1,79.34,79.36,476075
RHP,20200124,2.3,2.3,2.18,2.19,143970
RHT,20200124,0.255,0.26,0.24,0.24,2039697
RHY,20200124,0.115,0.115,0.115,0.115,3308
RIC,20200124,1.06,1.075,1.04,1.04,94853
RIM,20200124,0.003,0.003,0.002,0.003,2130000
RIO,20200124,104.37,104.79,102.88,103.18,1884003
RLC,20200124,0.003,0.003,0.003,0.003,500000
RLE,20200124,0.03,0.03,0.028,0.03,1231470
RLT,20200124,1.07,1.1,1.045,1.055,78251
RMC,20200124,1.46,1.475,1.36,1.375,205650
RMD,20200124,23.85,23.85,23.54,23.6,623724
RML,20200124,0.049,0.051,0.049,0.051,397375
RMS,20200124,1.245,1.252,1.205,1.215,2600546
RMX,20200124,0.005,0.005,0.005,0.005,100000
RMY,20200124,0.375,0.375,0.375,0.375,8256
RND,20200124,2.32,2.32,2.32,2.32,498
RNO,20200124,0.18,0.18,0.18,0.18,50000
RNU,20200124,0.013,0.013,0.013,0.013,400000
ROO,20200124,0.039,0.042,0.038,0.042,893474
RPM,20200124,0.165,0.165,0.165,0.165,4615
RRL,20200124,4.41,4.49,4.4,4.42,2917541
RSG,20200124,1.19,1.19,1.15,1.17,10474363
RSH,20200124,0.077,0.083,0.077,0.082,1082955
RSM,20200124,21.43,21.47,21.43,21.47,4638
RTE,20200124,0.4,0.4,0.4,0.4,21500
RTG,20200124,0.077,0.077,0.073,0.074,693528
RTR,20200124,0.076,0.076,0.074,0.074,597517
RUL,20200124,1.065,1.127,1.065,1.125,551129
RVR,20200124,0.12,0.12,0.115,0.115,1535880
RVS,20200124,0.75,0.86,0.75,0.86,30402
RWC,20200124,4.36,4.5,4.355,4.44,1710728
RXL,20200124,0.027,0.028,0.026,0.027,2972741
RXM,20200124,0.07,0.07,0.065,0.065,35000
RXP,20200124,0.555,0.56,0.555,0.56,12970
RZI,20200124,0.89,0.9,0.87,0.9,113446
S2R,20200124,0.115,0.115,0.115,0.115,172874
S32,20200124,2.75,2.78,2.73,2.73,16588955
S66,20200124,0.48,0.505,0.48,0.505,32500
SAR,20200124,3.83,3.83,3.725,3.74,5950440
SBM,20200124,2.89,2.89,2.82,2.83,4557941
SBW,20200124,0.13,0.13,0.13,0.13,3020
SCG,20200124,3.92,3.94,3.91,3.92,12396326
SCL,20200124,0.025,0.025,0.025,0.025,824618
SCP,20200124,2.84,2.87,2.84,2.85,1729979
SCT,20200124,0.08,0.08,0.08,0.08,19097
SCU,20200124,0.022,0.022,0.018,0.019,7445428
SDA,20200124,0.83,0.875,0.83,0.835,1322069
SDF,20200124,3.88,3.88,3.75,3.77,961711
SDG,20200124,1.775,1.79,1.76,1.765,47990
SDI,20200124,0.86,0.86,0.84,0.85,56596
SDV,20200124,0.82,0.86,0.82,0.835,423989
SDX,20200124,0.039,0.039,0.039,0.039,12970
SEC,20200124,1.845,1.85,1.83,1.85,64761
SEK,20200124,24.01,24.09,23.88,24.01,1949901
SEN,20200124,0.068,0.068,0.068,0.068,60000
SEQ,20200124,0.225,0.225,0.225,0.225,92170
SES,20200124,0.09,0.09,0.09,0.09,6111
SF1,20200124,0.026,0.03,0.026,0.026,434530
SFG,20200124,0.07,0.07,0.068,0.069,505576
SFR,20200124,6.03,6.03,5.89,5.94,993107
SFX,20200124,0.3,0.3,0.3,0.3,10841
SFY,20200124,65.12,65.44,65.12,65.21,8809
SGC,20200124,0.038,0.04,0.037,0.037,223510
SGF,20200124,2.3,2.31,2.28,2.3,121132
SGH,20200124,1.02,1.02,1.015,1.02,40063
SGI,20200124,0.09,0.09,0.089,0.09,103015
SGM,20200124,11.65,11.69,11.5,11.59,560049
SGO,20200124,0.017,0.017,0.017,0.017,483118
SGP,20200124,5.02,5.06,5.01,5.03,3770930
SGQ,20200124,0.125,0.13,0.125,0.125,1656391
SGR,20200124,4.42,4.43,4.355,4.39,3127253
SHJ,20200124,0.95,0.95,0.93,0.95,66642
SHL,20200124,31.23,31.32,31.06,31.22,1055636
SHM,20200124,0.7,0.7,0.69,0.69,59679
SHV,20200124,8.38,8.505,8.27,8.43,705420
SIG,20200124,0.597,0.605,0.597,0.6,704033
SIL,20200124,0.053,0.053,0.048,0.048,769288
SIO,20200124,0.4,0.4,0.4,0.4,9000
SIQ,20200124,6.93,6.94,6.83,6.9,419556
SIS,20200124,0.019,0.019,0.019,0.019,100000
SIV,20200124,0.645,0.645,0.64,0.64,4642
SKC,20200124,3.94,3.945,3.92,3.94,184939
SKI,20200124,2.15,2.16,2.13,2.15,3381836
SKN,20200124,0.014,0.014,0.014,0.014,15000
SKO,20200124,5.33,5.34,5.2,5.2,38325
SKT,20200124,0.695,0.7,0.685,0.685,173652
SKY,20200124,0.115,0.12,0.112,0.115,423589
SLC,20200124,0.86,0.93,0.86,0.93,1078291
SLF,20200124,14.82,14.89,14.77,14.77,34245
SLK,20200124,4.35,4.36,4.2,4.2,261501
SLM,20200124,0.82,0.825,0.82,0.82,2827
SLR,20200124,1.54,1.585,1.512,1.57,8468115
SLX,20200124,0.365,0.37,0.36,0.37,187796
SLZ,20200124,0.07,0.07,0.07,0.07,41289
SM1,20200124,8.51,8.62,8.45,8.6,59855
SM8,20200124,0.06,0.061,0.06,0.06,162296
SMD,20200124,0.006,0.006,0.006,0.006,200557
SMI,20200124,0.006,0.006,0.005,0.005,15766666
SMN,20200124,0.91,0.93,0.88,0.93,181851
SMP,20200124,0.52,0.54,0.505,0.53,575667
SMR,20200124,1.015,1.015,1,1,384155
SNC,20200124,0.835,0.835,0.835,0.835,42153
SND,20200124,0.43,0.45,0.43,0.45,9270
SNL,20200124,4.36,4.39,4.34,4.34,8678
SNS,20200124,0.11,0.11,0.11,0.11,6250
SNZ,20200124,8.93,9.02,8.93,8.94,18267
SO4,20200124,0.73,0.735,0.73,0.73,65675
SOL,20200124,22.17,22.32,21.92,21.92,347394
SOM,20200124,2.85,2.91,2.85,2.91,8890
SOR,20200124,0.079,0.083,0.079,0.083,313833
SP3,20200124,0.105,0.105,0.105,0.105,100000
SPK,20200124,4.44,4.45,4.42,4.43,890683
SPL,20200124,1.195,1.2,1.19,1.19,173035
SPT,20200124,0.65,0.67,0.65,0.66,338915
SPX,20200124,0.089,0.096,0.089,0.091,2415843
SPY,20200124,483.77,490.12,483.77,485.08,165
SPZ,20200124,0.24,0.24,0.24,0.24,38966
SRG,20200124,0.36,0.365,0.36,0.365,143025
SRH,20200124,0.21,0.21,0.18,0.18,64252
SRI,20200124,0.073,0.073,0.073,0.073,28893
SRK,20200124,0.053,0.053,0.053,0.053,34155
SRN,20200124,0.002,0.002,0.002,0.002,4700000
SRV,20200124,4.2,4.4,4.2,4.39,5007
SRZ,20200124,0.01,0.01,0.01,0.01,85550
SSG,20200124,0.66,0.68,0.66,0.67,81419
SSM,20200124,2.75,2.82,2.73,2.76,2421104
ST1,20200124,0.205,0.205,0.2,0.2,63238
STA,20200124,0.115,0.115,0.105,0.105,281136
STG,20200124,1.41,1.41,1.3,1.3,81210
STM,20200124,0.016,0.016,0.016,0.016,385483
STN,20200124,0.43,0.43,0.43,0.43,10000
STO,20200124,8.8,8.87,8.77,8.84,2681755
STW,20200124,65.64,65.84,65.59,65.78,159609
STX,20200124,0.2,0.2,0.185,0.195,2724283
SUD,20200124,0.056,0.056,0.055,0.055,186598
SUL,20200124,9.35,9.51,9.31,9.45,794348
SUN,20200124,13.07,13.17,12.97,12.99,4345160
SVD,20200124,0.008,0.008,0.008,0.008,35000
SVL,20200124,0.11,0.11,0.105,0.105,549155
SVM,20200124,0.12,0.12,0.12,0.12,409624
SVW,20200124,21.04,21.5,21,21.4,327691
SVY,20200124,0.9,0.915,0.885,0.9,88801
SW1,20200124,0.08,0.083,0.08,0.083,67752
SWF,20200124,0.14,0.15,0.14,0.15,116775
SWM,20200124,0.29,0.3,0.285,0.295,3195984
SXA,20200124,0.061,0.061,0.06,0.06,69582
SXE,20200124,0.63,0.63,0.62,0.62,14255
SXL,20200124,0.91,0.92,0.905,0.905,2097509
SXY,20200124,0.35,0.35,0.335,0.34,5051872
SYA,20200124,0.018,0.019,0.018,0.018,3378343
SYD,20200124,8.64,8.65,8.39,8.43,7774560
SYI,20200124,30.54,30.54,30.43,30.46,7922
SYR,20200124,0.57,0.595,0.57,0.595,2137353
SZL,20200124,1.97,1.99,1.96,1.965,181611
TAH,20200124,4.75,4.79,4.73,4.75,2678059
TAO,20200124,0.125,0.125,0.125,0.125,8083
TAP,20200124,0.115,0.115,0.115,0.115,11000
TAR,20200124,0.015,0.015,0.015,0.015,71428
TAS,20200124,0.048,0.048,0.047,0.047,888151
TBR,20200124,5.86,5.88,5.77,5.78,14321
TCL,20200124,15.91,15.955,15.835,15.89,2774360
TD1,20200124,0.053,0.054,0.052,0.052,5146340
TDI,20200124,1.74,1.79,1.73,1.73,328745
TEK,20200124,0.3,0.3,0.3,0.3,215212
TER,20200124,0.32,0.325,0.31,0.325,59222
TFL,20200124,0.125,0.125,0.12,0.12,171172
TGA,20200124,0.22,0.22,0.215,0.215,100853
TGF,20200124,2.05,2.05,1.985,1.99,60119
TGG,20200124,1.355,1.36,1.35,1.35,190665
TGH,20200124,0.165,0.165,0.16,0.16,84073
TGM,20200124,0.195,0.195,0.19,0.19,57073
TGN,20200124,0.15,0.15,0.15,0.15,10000
TGO,20200124,0.19,0.19,0.19,0.19,15727
TGP,20200124,1.1,1.1,1.09,1.1,34789
TGR,20200124,4.46,4.46,4.37,4.4,477651
THC,20200124,0.405,0.415,0.405,0.41,152796
TIA,20200124,0.34,0.34,0.34,0.34,1780
TIE,20200124,0.255,0.265,0.255,0.26,48811
TIG,20200124,0.01,0.011,0.01,0.01,657549
TIP,20200124,0.735,0.735,0.73,0.73,25267
TLG,20200124,0.435,0.44,0.43,0.435,147332
TLM,20200124,0.095,0.095,0.086,0.094,540352
TLS,20200124,3.91,3.91,3.88,3.88,13542886
TLT,20200124,3.25,3.25,3.25,3.25,160
TLX,20200124,1.52,1.55,1.485,1.52,1106252
TMG,20200124,0.073,0.073,0.065,0.068,369357
TMR,20200124,0.25,0.25,0.25,0.25,41300
TMZ,20200124,0.03,0.03,0.03,0.03,100000
TNE,20200124,8.7,8.83,8.32,8.37,1314067
TNG,20200124,0.089,0.089,0.086,0.086,409316
TNK,20200124,1.33,1.35,1.325,1.325,2520
TNR,20200124,0.009,0.009,0.009,0.009,224166
TNT,20200124,0.075,0.084,0.075,0.084,7875614
TNY,20200124,2.54,2.54,2.35,2.35,49099
TOE,20200124,0.008,0.008,0.008,0.008,572505
TON,20200124,0.035,0.037,0.035,0.037,717266
TOP,20200124,0.675,0.675,0.675,0.675,75120
TOT,20200124,1.07,1.075,1.065,1.075,88200
TOU,20200124,0.078,0.078,0.078,0.078,61653
TPM,20200124,7.05,7.13,7.01,7.08,2486546
TPW,20200124,3.08,3.2,3.06,3.11,197938
TRS,20200124,4.22,4.44,4.21,4.34,393200
TRT,20200124,0.024,0.024,0.024,0.024,1631
TRY,20200124,0.099,0.1,0.098,0.098,305991
TSC,20200124,0.008,0.008,0.007,0.007,2218235
TTB,20200124,0.72,0.78,0.72,0.75,13846
TTT,20200124,0.9,0.9,0.84,0.85,213743
TWD,20200124,3.38,3.38,3.38,3.38,2740
TWE,20200124,17.73,17.77,17.62,17.7,1952226
TWR,20200124,0.675,0.68,0.65,0.67,12998
TYR,20200124,3.78,3.81,3.73,3.8,737651
TYX,20200124,0.002,0.002,0.002,0.002,18000
TZL,20200124,0.13,0.13,0.105,0.105,296994
UBA,20200124,23.44,23.57,23.44,23.53,1068
UBI,20200124,0.18,0.195,0.18,0.19,515172
UBN,20200124,0.06,0.072,0.06,0.07,1466392
UBU,20200124,35.28,35.28,35.18,35.18,594
UBW,20200124,31.46,31.47,31.46,31.47,544
UCM,20200124,0.125,0.13,0.12,0.12,76031
UCW,20200124,0.26,0.26,0.23,0.23,159935
UNV,20200124,0.24,0.245,0.24,0.245,329171
UOS,20200124,0.84,0.845,0.84,0.845,7424
URF,20200124,0.55,0.555,0.515,0.52,721005
URW,20200124,10.61,10.66,10.54,10.61,289389
USD,20200124,14.2,14.21,14.19,14.2,18284
UWL,20200124,1.52,1.53,1.48,1.515,728637
VAE,20200124,70.61,71.6,70.61,71.34,5878
VAF,20200124,52.33,52.34,52.27,52.29,24498
VAH,20200124,0.15,0.15,0.145,0.145,251651
VAL,20200124,0.004,0.004,0.004,0.004,1575000
VAN,20200124,0.155,0.155,0.15,0.15,24063
VAP,20200124,95.11,95.49,94.84,94.86,34703
VAS,20200124,89.85,90.17,89.74,89.74,75654
VCF,20200124,50.77,50.77,50.59,50.6,2782
VCX,20200124,2.57,2.59,2.55,2.56,3989617
VEA,20200124,1.84,1.84,1.815,1.825,3494844
VEQ,20200124,61.52,61.52,61.14,61.44,3352
VEU,20200124,79.12,79.47,79.01,79.18,19595
VG1,20200124,2.22,2.23,2.21,2.21,364212
VG8,20200124,2.29,2.31,2.28,2.3,211817
VGB,20200124,53.3,53.32,53.24,53.25,7615
VGE,20200124,72.8,73.15,72.75,73.15,6958
VGI,20200124,12.39,12.39,12.3,12.33,15701
VGL,20200124,3.59,3.84,3.59,3.64,46740
VGS,20200124,84.92,85.48,84.84,84.9,27608
VHT,20200124,1.85,1.85,1.805,1.82,323849
VHY,20200124,62.95,63.16,62.83,62.83,66522
VIC,20200124,0.001,0.001,0.001,0.001,1015664
VIF,20200124,50.47,50.69,50.47,50.68,18975
VKA,20200124,0.012,0.012,0.012,0.012,87500
VLC,20200124,72.28,72.53,72.28,72.39,1159
VLT,20200124,0.355,0.37,0.355,0.37,220298
VMC,20200124,0.18,0.18,0.18,0.18,81475
VMG,20200124,0.002,0.002,0.002,0.002,678092
VML,20200124,0.011,0.012,0.011,0.011,1335862
VMT,20200124,0.3,0.3,0.27,0.28,935566
VMX,20200124,0.275,0.28,0.275,0.275,21936
VMY,20200124,0.044,0.044,0.042,0.042,729251
VOC,20200124,3.3,3.33,3.27,3.3,1095288
VOL,20200124,1.795,1.795,1.75,1.75,24710
VOR,20200124,0.009,0.009,0.009,0.009,1148808
VP7,20200124,0.03,0.03,0.03,0.03,50696
VR1,20200124,0.023,0.023,0.023,0.023,48198
VR8,20200124,0.026,0.026,0.026,0.026,35266
VRC,20200124,0.012,0.012,0.012,0.012,1580333
VRL,20200124,4,4.1,3.95,4.02,636398
VRT,20200124,4.35,4.48,4.34,4.47,173410
VRX,20200124,0.093,0.094,0.087,0.089,569010
VSO,20200124,62.28,62.54,62.25,62.29,2072
VTG,20200124,1.185,1.195,1.18,1.19,30293
VTH,20200124,0.76,0.76,0.75,0.755,221029
VTI,20200124,0.041,0.041,0.039,0.04,780964
VTS,20200124,246.08,248,246.08,246.72,16775
VUK,20200124,3.25,3.31,3.215,3.26,3891309
VUL,20200124,0.21,0.21,0.2,0.205,117197
VVA,20200124,2.85,2.87,2.83,2.85,10581
VVR,20200124,2.69,2.72,2.68,2.69,1050572
VXR,20200124,0.11,0.11,0.11,0.11,30000
WAA,20200124,1.09,1.09,1.08,1.08,30750
WAF,20200124,0.435,0.44,0.425,0.43,696078
WAM,20200124,2.28,2.3,2.28,2.3,235330
WAX,20200124,1.465,1.485,1.465,1.485,118381
WBA,20200124,1.985,1.995,1.985,1.99,372595
WBC,20200124,25.25,25.4,25.2,25.21,5496472
WBE,20200124,0.011,0.011,0.011,0.011,1833639
WBT,20200124,0.42,0.42,0.395,0.405,95002
WEB,20200124,14.46,14.63,14.255,14.36,829634
WEC,20200124,0.09,0.09,0.08,0.08,174236
WEL,20200124,0.051,0.051,0.049,0.049,276301
WES,20200124,45.19,45.23,44.61,44.91,1066384
WGB,20200124,2.24,2.25,2.22,2.22,353986
WGN,20200124,2.32,2.32,2.22,2.25,281174
WGO,20200124,0.245,0.25,0.235,0.245,1395399
WGX,20200124,2.34,2.35,2.25,2.26,1322766
WHC,20200124,2.46,2.46,2.42,2.42,3717654
WHF,20200124,5.35,5.42,5.34,5.42,13029
WIC,20200124,1.14,1.14,1.14,1.14,4095
WJA,20200124,0.125,0.125,0.125,0.125,7661
WKT,20200124,0.19,0.19,0.18,0.19,153041
WLD,20200124,0.059,0.06,0.058,0.058,122037
WLE,20200124,1.275,1.315,1.275,1.285,1157929
WMI,20200124,1.48,1.49,1.48,1.48,64807
WML,20200124,0.019,0.019,0.019,0.019,53000
WNB,20200124,0.01,0.011,0.01,0.011,12085546
WND,20200124,0.95,0.95,0.945,0.95,124616
WNR,20200124,0.285,0.285,0.285,0.285,48359
WOA,20200124,0.115,0.115,0.115,0.115,20000
WOR,20200124,15.65,15.97,15.59,15.92,2549440
WOW,20200124,41.31,41.33,40.82,40.84,1726734
WPL,20200124,35.19,35.55,35.12,35.39,1678915
WPP,20200124,0.58,0.58,0.57,0.58,119108
WQG,20200124,1.24,1.24,1.225,1.225,14000
WSA,20200124,2.8,2.82,2.735,2.74,2644776
WSI,20200124,0.025,0.025,0.024,0.025,818999
WSP,20200124,1.59,1.59,1.48,1.535,123067
WTC,20200124,25.1,25.36,24.65,24.74,476966
WTL,20200124,0.048,0.048,0.048,0.048,3056
WWI,20200124,0.012,0.012,0.011,0.011,325388
WZR,20200124,0.26,0.275,0.26,0.265,4548804
XAM,20200124,0.037,0.037,0.037,0.037,725000
XCD,20200124,0.011,0.012,0.011,0.012,5566478
XF1,20200124,0.335,0.35,0.335,0.345,13000
XPE,20200124,0.001,0.001,0.001,0.001,212803
XPL,20200124,0.071,0.071,0.07,0.07,76898
XRF,20200124,0.245,0.245,0.24,0.245,239702
XRO,20200124,84.75,84.86,83.92,84.58,201137
XTE,20200124,0.67,0.69,0.65,0.67,27427
YAL,20200124,2.88,2.92,2.87,2.9,2405
YBR,20200124,0.083,0.083,0.083,0.083,256004
YOJ,20200124,0.052,0.052,0.049,0.052,3567671
YOW,20200124,0.065,0.065,0.065,0.065,343269
YPB,20200124,0.004,0.004,0.004,0.004,820000
YRL,20200124,0.225,0.225,0.225,0.225,20000
Z1P,20200124,4.04,4.2,4.02,4.08,4110578
ZEL,20200124,4.52,4.53,4.445,4.5,59657
ZEN,20200124,0.72,0.73,0.72,0.725,161008
ZGL,20200124,0.087,0.087,0.087,0.087,15000
ZIM,20200124,12.45,12.45,12.2,12.2,2715
ZLD,20200124,0.066,0.068,0.065,0.067,815751
ZNC,20200124,0.052,0.054,0.052,0.054,73965
ZNO,20200124,0.705,0.73,0.665,0.685,2821677
XAF,20200124,6994.1,7028.3,6989.8,6994.2,0
XAO,20200124,7199,7233.7,7197.1,7203.2,0
XAT,20200124,7034.6,7069,7032,7037.2,0
XDJ,20200124,2839.4,2864.5,2839.3,2845.4,0
XEC,20200124,1627,1631.7,1624.5,1628.3,0
XEJ,20200124,11896.1,11942.6,11876.4,11900.6,0
XFJ,20200124,6245,6291.5,6245,6264.2,0
XFL,20200124,7048.3,7082.1,7044.1,7047.8,0
XGD,20200124,7185.9,7243.7,7178.6,7189.8,0
XHJ,20200124,44877.8,45521.2,44877.8,45193.7,0
XIJ,20200124,1545.7,1556.4,1543,1549.6,0
XJO,20200124,7088,7122.7,7085.7,7090.5,0
XJR,20200124,5182.1,5182.1,5124.5,5134.5,0
XKO,20200124,7044.6,7078.6,7042.2,7046.9,0
XMD,20200124,7551.1,7606.3,7551.1,7580.4,0
XMJ,20200124,14636.2,14636.2,14478.4,14504.3,0
XMM,20200124,4764.1,4764.1,4695.5,4703.9,0
XNJ,20200124,7144.5,7220.6,7144.5,7160,0
XPJ,20200124,1679.5,1691,1679.2,1679.3,0
XSJ,20200124,13493.6,13607.4,13493.6,13509.9,0
XSO,20200124,3055.4,3069.4,3050.2,3052.2,0
XTJ,20200124,1376.3,1379.9,1371.2,1371.3,0
XTL,20200124,3905.7,3927.2,3902.4,3907.4,0
XTO,20200124,5876.2,5905.6,5873.9,5879.1,0
XUJ,20200124,8237.7,8297.1,8193.6,8193.6,0
XXJ,20200124,6965.2,7017.1,6965.2,6986.7,0
