360,20200427,1.775,1.885,1.775,1.81,72064
14D,20200427,0.12,0.12,0.115,0.115,125167
1AD,20200427,0.055,0.055,0.055,0.055,330000
1ST,20200427,0.037,0.037,0.033,0.033,1839378
3DA,20200427,0.14,0.14,0.13,0.13,123753
3DP,20200427,0.036,0.036,0.035,0.035,771583
3PL,20200427,0.78,0.78,0.72,0.755,144860
4DS,20200427,0.04,0.04,0.039,0.04,826247
5GN,20200427,0.9,0.92,0.885,0.9,397911
88E,20200427,0.005,0.006,0.005,0.006,34390637
9SP,20200427,0.015,0.015,0.014,0.014,1976469
A1G,20200427,0.099,0.099,0.099,0.099,15268
A1M,20200427,0.28,0.28,0.265,0.265,79398
A2B,20200427,0.62,0.62,0.61,0.61,47341
A2M,20200427,18.61,18.82,18.4,18.77,1868781
A3D,20200427,0.095,0.095,0.093,0.093,52056
A4N,20200427,0.16,0.175,0.16,0.17,8023868
AAA,20200427,50.1,50.1,50.09,50.1,69322
AAC,20200427,1.09,1.115,1.08,1.085,232399
AAR,20200427,0.15,0.15,0.145,0.15,262322
ABA,20200427,4.42,4.43,4.34,4.34,582
ABC,20200427,2.35,2.47,2.31,2.38,1753078
ABP,20200427,2.43,2.5,2.39,2.45,2347496
ABR,20200427,0.38,0.395,0.365,0.38,639327
ABT,20200427,0.02,0.02,0.02,0.02,43786
ABX,20200427,0.08,0.08,0.08,0.08,20351
AC8,20200427,0.195,0.195,0.19,0.19,241563
ACB,20200427,0.015,0.019,0.015,0.018,645091
ACF,20200427,0.24,0.24,0.235,0.235,93734
ACQ,20200427,0.855,0.865,0.85,0.86,80159
ACR,20200427,0.135,0.14,0.135,0.14,56417
ACW,20200427,0.021,0.021,0.02,0.02,242231
AD1,20200427,0.01,0.01,0.01,0.01,100000
AD8,20200427,4.72,4.95,4.63,4.77,473091
ADA,20200427,0.41,0.41,0.4,0.4,45146
ADD,20200427,0.019,0.019,0.016,0.018,657664
ADH,20200427,1.27,1.355,1.24,1.32,1651177
ADI,20200427,2.06,2.08,2.02,2.06,102901
ADJ,20200427,0.015,0.041,0.015,0.02,23748282
ADN,20200427,0.04,0.046,0.04,0.046,7856803
ADO,20200427,0.024,0.024,0.024,0.024,300347
ADR,20200427,0.032,0.035,0.03,0.03,1338618
ADT,20200427,1.2,1.2,1.165,1.2,111655
ADV,20200427,0.003,0.004,0.003,0.004,1516262
ADX,20200427,0.005,0.005,0.005,0.005,1000000
AEE,20200427,0.004,0.004,0.003,0.003,4095000
AEF,20200427,3.61,3.93,3.61,3.9,127095
AEG,20200427,1.14,1.14,1.11,1.13,110520
AEI,20200427,0.58,0.585,0.56,0.585,327570
AEV,20200427,0.01,0.01,0.01,0.01,20000
AFG,20200427,1.4,1.43,1.365,1.38,916697
AFI,20200427,5.75,5.79,5.72,5.72,475279
AFR,20200427,0.02,0.02,0.02,0.02,46000
AGD,20200427,0.165,0.165,0.165,0.165,84503
AGE,20200427,0.003,0.004,0.003,0.004,24578903
AGG,20200427,9.32,9.995,8.24,8.25,76949
AGH,20200427,0.36,0.37,0.35,0.355,845225
AGI,20200427,0.425,0.445,0.41,0.435,40705
AGL,20200427,17.05,17.48,17.01,17.42,1191505
AGY,20200427,0.039,0.039,0.036,0.037,1743994
AHF,20200427,0.081,0.082,0.081,0.082,68708
AHQ,20200427,0.072,0.072,0.07,0.071,836894
AHX,20200427,0.42,0.42,0.415,0.415,17386
AHY,20200427,0.995,1.005,0.96,0.99,337955
AHZ,20200427,6.56,6.98,6.41,6.72,2640
AIA,20200427,5.5,5.76,5.5,5.61,920686
AIQ,20200427,0.11,0.11,0.11,0.11,620401
AIS,20200427,0.043,0.043,0.043,0.043,13000
AIZ,20200427,1.195,1.24,1.18,1.22,1992364
AJL,20200427,0.056,0.056,0.056,0.056,17680
AJM,20200427,0.05,0.05,0.048,0.05,836401
AJQ,20200427,0.04,0.04,0.037,0.037,349965
AJX,20200427,0.06,0.07,0.06,0.063,2206349
AKM,20200427,0.07,0.07,0.07,0.07,8396
AKP,20200427,14.84,15,14.3,14.48,21950
AL3,20200427,0.18,0.22,0.18,0.22,4133960
ALC,20200427,0.155,0.165,0.145,0.165,1515165
ALF,20200427,0.855,0.855,0.85,0.85,145564
ALG,20200427,0.3,0.305,0.28,0.295,2110387
ALI,20200427,2.07,2.13,2.07,2.08,28360
ALK,20200427,0.755,0.765,0.73,0.75,2930184
ALL,20200427,21.83,22.12,21.33,22.06,2553305
ALQ,20200427,6.08,6.48,6.08,6.48,895682
ALT,20200427,0.003,0.003,0.003,0.003,159815
ALU,20200427,31.83,33.25,31.61,33.21,747905
ALX,20200427,5.6,5.75,5.45,5.7,2623468
ALY,20200427,0.011,0.011,0.011,0.011,922240
AMA,20200427,0.395,0.415,0.385,0.4,3241674
AMC,20200427,13.15,13.28,13.06,13.23,2800934
AMD,20200427,0.006,0.006,0.005,0.005,3039830
AME,20200427,0.065,0.065,0.064,0.064,247015
AMG,20200427,0.043,0.043,0.043,0.043,375846
AMH,20200427,0.805,0.82,0.8,0.8,140568
AMI,20200427,0.34,0.365,0.33,0.355,3731346
AML,20200427,0.073,0.084,0.072,0.081,550458
AMN,20200427,0.35,0.38,0.35,0.375,37304
AMP,20200427,1.31,1.345,1.295,1.33,9277194
AMS,20200427,0.53,0.555,0.52,0.525,422264
AMX,20200427,1.5,1.53,1.42,1.48,110925
ANA,20200427,0.006,0.006,0.006,0.006,833000
ANG,20200427,0.145,0.145,0.145,0.145,5000
ANL,20200427,0.002,0.002,0.002,0.002,4862358
ANN,20200427,28.91,29.22,28.48,29.09,242129
ANO,20200427,4.36,4.55,4.3,4.4,9697
ANP,20200427,0.048,0.05,0.048,0.049,745936
ANR,20200427,0.175,0.175,0.175,0.175,8727
ANW,20200427,0.001,0.001,0.001,0.001,18550000
ANZ,20200427,15.68,15.84,15.35,15.65,12804286
AO1,20200427,0.012,0.012,0.011,0.011,2311370
AOF,20200427,2,2.035,1.965,2.01,126810
APA,20200427,10.9,11.4,10.85,11.33,2053872
APC,20200427,0.079,0.083,0.079,0.082,418766
APD,20200427,0.48,0.49,0.48,0.49,107880
APE,20200427,3.6,4.1,3.59,3.96,1238961
API,20200427,1.055,1.145,1.04,1.135,3436528
APL,20200427,0.91,0.935,0.91,0.93,873584
APT,20200427,27.3,27.98,26.95,27.75,2490798
APV,20200427,0.135,0.14,0.135,0.14,14000
APX,20200427,23.29,24.02,23.04,23.83,735989
AQC,20200427,0.14,0.15,0.125,0.125,15333
AQD,20200427,0.014,0.015,0.013,0.014,1146769
AQG,20200427,7.98,7.98,7.7,7.85,790087
AQI,20200427,0.065,0.065,0.064,0.065,207738
AQR,20200427,3.05,3.09,2.98,3.09,82229
AQX,20200427,0.02,0.02,0.018,0.019,5492826
AQZ,20200427,2.1,2.1,2.01,2.04,55237
AR9,20200427,0.062,0.062,0.06,0.06,138632
ARA,20200427,0.425,0.425,0.425,0.425,28100
ARB,20200427,13.5,14.26,13.5,14.18,182186
ARD,20200427,0.016,0.016,0.014,0.014,6271493
ARE,20200427,0.004,0.004,0.004,0.004,1690000
ARF,20200427,2.25,2.3,2.16,2.22,293373
ARG,20200427,7.06,7.09,7.02,7.02,184017
ARL,20200427,0.26,0.26,0.245,0.245,25061
ARM,20200427,0.014,0.015,0.014,0.015,2600697
ARO,20200427,0.003,0.003,0.003,0.003,1522035
ARQ,20200427,0.11,0.11,0.1,0.105,385197
ARS,20200427,0.027,0.029,0.027,0.028,23161744
ARU,20200427,0.067,0.069,0.064,0.069,1060642
ARV,20200427,0.036,0.037,0.031,0.031,4656542
AS1,20200427,0.13,0.13,0.13,0.13,7269
ASB,20200427,2.96,3.05,2.93,3.05,1282523
ASG,20200427,0.75,0.75,0.715,0.715,30197
ASH,20200427,0.26,0.26,0.26,0.26,6320
AST,20200427,1.855,1.94,1.85,1.925,9178844
ASW,20200427,0.625,0.625,0.625,0.625,2000
ASX,20200427,81.38,83.69,81.21,83.52,274659
AT1,20200427,0.415,0.44,0.4,0.44,6004893
ATC,20200427,0.048,0.048,0.045,0.046,519174
ATH,20200427,0.02,0.02,0.017,0.018,48885
ATL,20200427,0.24,0.245,0.22,0.22,114568
ATS,20200427,0.029,0.029,0.028,0.028,2281470
ATU,20200427,0.24,0.24,0.23,0.235,396100
ATX,20200427,0.078,0.078,0.078,0.078,600
AU1,20200427,0.04,0.04,0.04,0.04,193656
AU8,20200427,0.06,0.06,0.059,0.06,199790
AUB,20200427,11.2,11.24,10.83,11.17,263902
AUC,20200427,0.014,0.015,0.013,0.015,2147721
AUI,20200427,7.44,7.49,7.44,7.44,12213
AUL,20200427,0.25,0.25,0.22,0.25,24318
AUT,20200427,0.039,0.042,0.039,0.04,9728580
AUZ,20200427,0.01,0.01,0.009,0.009,4989355
AV1,20200427,0.093,0.095,0.092,0.094,75947
AVA,20200427,0.11,0.112,0.11,0.112,99013
AVE,20200427,0.007,0.009,0.007,0.008,27214539
AVG,20200427,0.43,0.43,0.43,0.43,3555
AVH,20200427,0.415,0.43,0.4,0.425,15086228
AVJ,20200427,0.355,0.37,0.34,0.34,382860
AVL,20200427,0.01,0.01,0.009,0.01,1754585
AVN,20200427,1.48,1.555,1.48,1.53,476648
AWC,20200427,1.5,1.505,1.43,1.47,14747237
AWV,20200427,0.008,0.008,0.008,0.008,2804100
AX1,20200427,1.05,1.23,1.025,1.045,10840240
AXE,20200427,0.175,0.175,0.17,0.17,26552
AYF,20200427,5.35,5.35,5.16,5.16,4030
AYR,20200427,0.015,0.015,0.014,0.015,199050
AYS,20200427,0.32,0.335,0.315,0.315,141804
AZI,20200427,0.005,0.005,0.005,0.005,1000000
AZJ,20200427,4.51,4.58,4.45,4.55,6629294
AZS,20200427,0.075,0.077,0.075,0.077,42000
AZV,20200427,0.07,0.07,0.067,0.067,225644
AZY,20200427,0.017,0.019,0.017,0.019,28491785
BAF,20200427,0.72,0.72,0.71,0.71,100953
BAP,20200427,4.66,4.78,4.6,4.73,1828099
BAR,20200427,0.013,0.014,0.013,0.014,136428
BAS,20200427,0.001,0.001,0.001,0.001,10739000
BAT,20200427,0.006,0.006,0.006,0.006,1164285
BBL,20200427,0.39,0.4,0.39,0.4,2533
BBN,20200427,2.54,2.67,2.52,2.62,311790
BBX,20200427,0.11,0.12,0.1,0.1,332442
BC8,20200427,0.39,0.4,0.39,0.39,48114
BCB,20200427,0.049,0.05,0.049,0.05,55020
BCC,20200427,0.2,0.2,0.2,0.2,3000
BCI,20200427,0.14,0.14,0.14,0.14,32067
BCN,20200427,0.037,0.042,0.037,0.042,9363737
BCT,20200427,0.065,0.065,0.065,0.065,503232
BD1,20200427,0.023,0.023,0.023,0.023,892622
BDA,20200427,0.245,0.245,0.245,0.245,1500
BDC,20200427,0.075,0.075,0.071,0.075,5094250
BEE,20200427,0.012,0.012,0.012,0.012,82500
BEL,20200427,0.026,0.026,0.026,0.026,66593
BEM,20200427,0.035,0.035,0.035,0.035,34244
BEN,20200427,5.85,5.85,5.64,5.68,3108585
BET,20200427,0.22,0.24,0.22,0.235,5546355
BFC,20200427,0.072,0.073,0.066,0.069,482400
BFG,20200427,1,1.005,0.965,1.005,336067
BGA,20200427,4.71,4.85,4.71,4.78,1141954
BGL,20200427,0.625,0.625,0.6,0.6,2151298
BGP,20200427,3.5,3.5,3.5,3.5,571
BGT,20200427,0.19,0.2,0.18,0.19,68500
BHP,20200427,30.38,30.63,30.02,30.5,4599305
BID,20200427,0.77,0.79,0.765,0.77,39324
BIN,20200427,1.995,2.15,1.995,2.13,1324891
BIQ,20200427,0.003,0.004,0.003,0.004,6525940
BIS,20200427,0.98,0.98,0.98,0.98,17631
BIT,20200427,0.091,0.11,0.09,0.11,9301774
BKI,20200427,1.33,1.33,1.3,1.325,278038
BKL,20200427,72,73.11,71.05,71.81,45443
BKT,20200427,0.03,0.031,0.028,0.03,1898313
BKW,20200427,12.29,12.58,12.27,12.43,483314
BKY,20200427,0.2,0.2,0.19,0.195,45880
BLD,20200427,2.47,2.64,2.46,2.6,7509228
BLG,20200427,0.023,0.024,0.023,0.023,1216561
BLK,20200427,0.011,0.011,0.01,0.011,8587738
BLU,20200427,0.017,0.017,0.016,0.016,1666257
BLX,20200427,0.7,0.7,0.7,0.7,1000
BLY,20200427,0.63,0.635,0.61,0.635,30077
BLZ,20200427,0.009,0.009,0.009,0.009,1000000
BMN,20200427,0.043,0.044,0.039,0.041,2641744
BNO,20200427,0.045,0.047,0.044,0.046,116787
BNR,20200427,0.047,0.05,0.047,0.05,253050
BOE,20200427,0.062,0.062,0.06,0.062,2104919
BOL,20200427,0.087,0.087,0.085,0.085,62000
BOQ,20200427,4.71,4.71,4.6,4.65,2734086
BOT,20200427,0.055,0.056,0.048,0.049,20028457
BPL,20200427,0.014,0.014,0.014,0.014,150000
BPT,20200427,1.38,1.39,1.31,1.325,9468940
BRB,20200427,0.21,0.245,0.21,0.24,824894
BRG,20200427,16.47,17.51,16.45,17.29,356550
BRL,20200427,0.057,0.058,0.056,0.056,1226595
BRN,20200427,0.054,0.057,0.052,0.053,8804453
BRU,20200427,0.08,0.083,0.08,0.083,276231
BRV,20200427,0.025,0.026,0.025,0.026,1846503
BSA,20200427,0.31,0.31,0.29,0.29,40877
BSE,20200427,0.135,0.14,0.13,0.14,218293
BSL,20200427,9.5,9.78,9.45,9.72,2249794
BSX,20200427,0.17,0.18,0.17,0.175,1280610
BTH,20200427,0.58,0.61,0.58,0.595,1792685
BTI,20200427,0.68,0.68,0.68,0.68,50000
BUB,20200427,0.88,0.915,0.86,0.9,4613552
BUD,20200427,0.01,0.011,0.01,0.01,6984875
BUG,20200427,0.14,0.145,0.14,0.145,3692
BUX,20200427,0.064,0.07,0.064,0.07,22750
BUY,20200427,0.007,0.007,0.007,0.007,100000
BVS,20200427,4.21,4.38,4.21,4.38,1533336
BWF,20200427,0.31,0.315,0.31,0.315,35745
BWP,20200427,3.34,3.46,3.34,3.42,1393277
BWR,20200427,1.2,1.205,1.2,1.205,34753
BWX,20200427,3.35,3.47,3.24,3.28,252500
BXB,20200427,10.95,11.26,10.845,11.24,4260221
BXN,20200427,0.011,0.011,0.011,0.011,60953
BYE,20200427,0.14,0.14,0.135,0.135,206073
BYH,20200427,0.036,0.036,0.035,0.035,41436
C6C,20200427,0.435,0.435,0.435,0.435,7000
CAD,20200427,0.002,0.002,0.001,0.001,38593518
CAF,20200427,0.081,0.082,0.081,0.082,117060
CAG,20200427,0.53,0.53,0.53,0.53,30412
CAI,20200427,0.29,0.305,0.28,0.3,508247
CAJ,20200427,0.185,0.195,0.185,0.19,996246
CAM,20200427,0.755,0.755,0.75,0.75,34764
CAN,20200427,0.88,0.92,0.88,0.92,431610
CAP,20200427,0.025,0.025,0.024,0.024,78225
CAR,20200427,13.07,13.72,13.07,13.56,1014719
CAT,20200427,0.99,1.065,0.965,1.065,345502
CAU,20200427,0.09,0.092,0.09,0.092,116854
CAY,20200427,0.095,0.095,0.087,0.088,616612
CAZ,20200427,0.023,0.024,0.022,0.022,549039
CBA,20200427,58.25,58.88,57,58.88,4215834
CBR,20200427,1.605,1.61,1.54,1.57,158527
CBY,20200427,0.08,0.08,0.08,0.08,17000
CCA,20200427,0.056,0.057,0.055,0.055,403293
CCE,20200427,0.001,0.001,0.001,0.001,8988532
CCG,20200427,0.06,0.06,0.056,0.056,606682
CCL,20200427,8.25,8.385,8.21,8.34,1944970
CCP,20200427,13.8,14.16,13.3,13.81,895085
CCV,20200427,0.15,0.15,0.145,0.145,14163
CCX,20200427,1.935,2.11,1.86,2.06,706708
CCZ,20200427,0.019,0.019,0.017,0.018,500420
CD1,20200427,0.72,0.72,0.72,0.72,22533
CD2,20200427,0.905,0.905,0.9,0.9,3989
CDA,20200427,5.68,6.56,5.67,6.31,1089352
CDD,20200427,0.24,0.25,0.23,0.235,159851
CDM,20200427,0.565,0.57,0.545,0.555,404156
CDP,20200427,3.25,3.25,3.21,3.24,34508
CDV,20200427,0.385,0.395,0.38,0.39,325316
CDX,20200427,0.023,0.023,0.021,0.022,693089
CDY,20200427,0.23,0.232,0.225,0.23,944794
CE1,20200427,0.006,0.006,0.005,0.005,5180393
CEL,20200427,0.11,0.11,0.099,0.1,1220521
CEN,20200427,5.79,5.79,5.79,5.79,1423
CFE,20200427,0.002,0.002,0.002,0.002,1645000
CG1,20200427,0.245,0.245,0.245,0.245,26270
CGA,20200427,0.265,0.265,0.26,0.26,63629
CGB,20200427,0.008,0.008,0.008,0.008,873143
CGC,20200427,2.67,2.79,2.67,2.78,1262147
CGF,20200427,4.08,4.36,4.02,4.32,3853546
CGL,20200427,3.12,3.18,3.065,3.13,63030
CGS,20200427,0.34,0.34,0.34,0.34,10897
CHC,20200427,6.98,7.36,6.88,7.32,1907172
CHN,20200427,1.11,1.255,1.085,1.2,2962147
CHZ,20200427,0.065,0.065,0.065,0.065,18000
CI1,20200427,0.032,0.032,0.03,0.03,2161266
CIA,20200427,1.925,1.925,1.855,1.885,217575
CIE,20200427,0.51,0.53,0.51,0.53,57748
CIM,20200427,22.01,23.44,21.91,23.27,357038
CIN,20200427,20.4,20.58,20.3,20.45,8278
CIO,20200427,0.02,0.02,0.02,0.02,1999
CIP,20200427,2.62,2.66,2.6,2.64,881721
CKA,20200427,0.041,0.041,0.041,0.041,58525
CKF,20200427,6.45,6.6,6.25,6.55,449809
CL1,20200427,1.4,1.43,1.37,1.4,90705
CL8,20200427,0.007,0.007,0.007,0.007,96435
CLA,20200427,0.009,0.009,0.009,0.009,2160643
CLQ,20200427,0.175,0.185,0.17,0.18,509824
CLV,20200427,2,2.05,2,2,106280
CLW,20200427,4.41,4.58,4.4,4.51,1746748
CLX,20200427,0.57,0.585,0.57,0.57,18366
CLZ,20200427,0.001,0.001,0.001,0.001,32084807
CM8,20200427,0.025,0.025,0.021,0.024,1930647
CMD,20200427,0.007,0.007,0.007,0.007,37700
CML,20200427,0.011,0.012,0.011,0.012,148756
CMM,20200427,1.33,1.395,1.325,1.37,275616
CMP,20200427,0.44,0.47,0.44,0.465,225481
CMW,20200427,0.745,0.76,0.74,0.75,6008183
CNB,20200427,0.078,0.078,0.07,0.07,122500
CNI,20200427,1.485,1.51,1.465,1.485,753654
CNU,20200427,6.39,6.64,6.38,6.59,379346
COB,20200427,0.105,0.105,0.105,0.105,5
COE,20200427,0.415,0.422,0.395,0.395,5791113
COF,20200427,1.78,1.87,1.78,1.86,2212603
COH,20200427,180.11,184.58,179.84,184.58,227641
COI,20200427,0.078,0.086,0.075,0.085,944760
COL,20200427,16.2,16.3,16.03,16.22,3200536
COS,20200427,0.3,0.3,0.285,0.285,25795
CP1,20200427,0.095,0.095,0.095,0.095,5517
CPH,20200427,0.066,0.073,0.064,0.066,1323642
CPU,20200427,11.09,11.435,11.05,11.24,1968187
CPV,20200427,0.135,0.135,0.135,0.135,100000
CQE,20200427,2.3,2.3,2.16,2.24,889284
CR1,20200427,0.24,0.26,0.24,0.26,48000
CRN,20200427,1.19,1.225,1.18,1.215,92075
CRS,20200427,0.12,0.12,0.12,0.12,8333
CSE,20200427,0.025,0.025,0.025,0.025,7600
CSL,20200427,318.2,322.75,314.82,322,540716
CSR,20200427,3.18,3.27,3.16,3.24,2329251
CSS,20200427,0.63,0.65,0.62,0.62,95797
CST,20200427,0.105,0.115,0.105,0.11,534304
CT1,20200427,0.019,0.02,0.018,0.019,829127
CTD,20200427,9.2,9.35,8.95,9.14,560359
CTM,20200427,0.165,0.175,0.16,0.17,856023
CTO,20200427,0.005,0.005,0.004,0.004,1579997
CTP,20200427,0.074,0.076,0.073,0.076,617434
CTX,20200427,22.14,22.86,22.14,22.86,1526180
CUE,20200427,0.081,0.084,0.077,0.082,331352
CUP,20200427,0.82,0.855,0.82,0.855,25401
CUV,20200427,20.2,21.39,20.06,21.29,153725
CUX,20200427,0.003,0.003,0.003,0.003,34286
CV1,20200427,0.071,0.071,0.069,0.069,21270
CVC,20200427,1.15,1.15,1.15,1.15,10091
CVF,20200427,0.75,0.75,0.735,0.735,57999
CVL,20200427,0.405,0.415,0.395,0.395,2767
CVN,20200427,0.17,0.175,0.16,0.16,5471459
CVW,20200427,0.195,0.195,0.185,0.195,72196
CWL,20200427,0.074,0.074,0.074,0.074,300000
CWN,20200427,8.35,8.55,8.31,8.42,2217418
CWP,20200427,3.9,3.98,3.85,3.85,172831
CWX,20200427,0.225,0.225,0.195,0.205,174794
CWY,20200427,1.74,1.785,1.715,1.78,4540636
CWZ,20200427,0.14,0.14,0.14,0.14,187938
CXL,20200427,0.695,0.7,0.69,0.7,26732
CXM,20200427,0.03,0.03,0.03,0.03,13101
CXO,20200427,0.04,0.041,0.038,0.039,485797
CXZ,20200427,0.015,0.015,0.015,0.015,74000
CYC,20200427,1.25,1.325,1.25,1.275,8972
CYG,20200427,0.495,0.495,0.49,0.49,16858
CYL,20200427,2.5,2.72,2.5,2.71,46625
CYM,20200427,0.15,0.15,0.145,0.15,24666
CYP,20200427,0.68,0.7,0.655,0.67,378115
CYQ,20200427,0.001,0.001,0.001,0.001,8500000
CZI,20200427,0.093,0.097,0.093,0.097,468420
CZL,20200427,0.005,0.005,0.004,0.005,2037000
CZN,20200427,0.003,0.003,0.003,0.003,36885162
CZR,20200427,0.01,0.01,0.01,0.01,4845698
D2O,20200427,1.25,1.25,1.245,1.25,7308
DAF,20200427,0.016,0.016,0.016,0.016,400000
DAU,20200427,0.025,0.025,0.025,0.025,20000
DBF,20200427,0.995,0.995,0.99,0.99,2015
DCC,20200427,0.028,0.028,0.026,0.027,1496085
DCG,20200427,0.135,0.14,0.13,0.14,415060
DCN,20200427,0.375,0.385,0.37,0.37,3691767
DCX,20200427,0.004,0.004,0.004,0.004,2955000
DDD,20200427,0.001,0.001,0.001,0.001,2000000
DDR,20200427,6.05,6.43,6.05,6.25,92659
DEV,20200427,0.095,0.1,0.093,0.099,1971475
DGO,20200427,1.98,2,1.96,1.965,12694
DHG,20200427,2.19,2.6,2.19,2.55,2328817
DIV,20200427,18.91,18.91,18.91,18.91,40
DJW,20200427,2.56,2.56,2.52,2.52,48497
DKM,20200427,0.17,0.17,0.145,0.17,298110
DLC,20200427,0.005,0.005,0.005,0.005,2688490
DMP,20200427,48.8,50.83,48.79,50.83,364551
DNA,20200427,0.033,0.034,0.033,0.034,242563
DNK,20200427,0.38,0.39,0.38,0.39,62121
DOW,20200427,3.55,3.77,3.55,3.71,2195143
DRE,20200427,0.006,0.006,0.006,0.006,950052
DRO,20200427,0.099,0.099,0.089,0.089,660053
DSE,20200427,0.045,0.046,0.044,0.044,923603
DTC,20200427,0.915,0.95,0.885,0.89,153370
DTL,20200427,3.71,3.95,3.7,3.9,521347
DTS,20200427,0.12,0.12,0.12,0.12,18333
DTZ,20200427,0.044,0.044,0.044,0.044,48691
DUB,20200427,0.85,0.935,0.84,0.89,1352101
DUI,20200427,3.9,3.94,3.87,3.89,58511
DVL,20200427,0.013,0.013,0.013,0.013,74264
DWS,20200427,0.685,0.71,0.675,0.71,85486
DXB,20200427,0.185,0.185,0.18,0.18,228478
DXN,20200427,0.01,0.01,0.01,0.01,2049020
DXS,20200427,8.64,9.015,8.56,8.95,3661891
DYL,20200427,0.24,0.26,0.235,0.26,149119
E25,20200427,0.21,0.21,0.17,0.17,295300
E2E,20200427,0.001,0.001,0.001,0.001,1962500
E2M,20200427,0.084,0.09,0.084,0.09,30198
EAF,20200427,1.19,1.19,1.19,1.19,44801
EAI,20200427,0.945,0.945,0.94,0.94,165227
EBO,20200427,21.8,22,21.8,21.97,530
ECF,20200427,0.9,0.915,0.895,0.905,763296
ECG,20200427,0.025,0.025,0.025,0.025,12500
ECL,20200427,1.15,1.15,1.15,1.15,2000
ECP,20200427,0.86,0.86,0.86,0.86,25000
ECS,20200427,0.029,0.029,0.029,0.029,7332
ECX,20200427,0.595,0.71,0.59,0.695,2501468
ED1,20200427,0.58,0.59,0.58,0.59,1010
EDC,20200427,0.9,0.9,0.9,0.9,8550
EDE,20200427,0.034,0.036,0.034,0.034,575857
EEG,20200427,0.18,0.2,0.18,0.18,61672
EEU,20200427,16.17,16.17,16.17,16.17,2807
EGD,20200427,2.4,2.4,2.4,2.4,9800
EGF,20200427,1.56,1.56,1.56,1.56,62374
EGG,20200427,1.07,1.15,1.07,1.15,14318
EGI,20200427,0.915,0.92,0.915,0.92,39110
EGN,20200427,0.42,0.42,0.405,0.41,60487
EGR,20200427,0.063,0.063,0.06,0.06,40013
EGY,20200427,0.2,0.2,0.2,0.2,4000
EHE,20200427,1.32,1.425,1.315,1.4,1448759
EHL,20200427,1.145,1.185,1.14,1.18,1841764
EHX,20200427,0.083,0.083,0.083,0.083,30000
ELD,20200427,8.49,8.63,8.41,8.54,641656
ELO,20200427,5.95,6.44,5.95,6.39,54062
ELS,20200427,0.295,0.295,0.28,0.29,110708
ELT,20200427,0.002,0.002,0.002,0.002,250000
ELX,20200427,0.565,0.6,0.565,0.6,213831
EM1,20200427,0.008,0.008,0.007,0.007,125556
EM2,20200427,0.12,0.12,0.12,0.12,60000
EMD,20200427,0.063,0.063,0.063,0.063,22893
EMH,20200427,0.25,0.25,0.23,0.23,82011
EML,20200427,2.3,2.42,2.25,2.41,2977981
EMR,20200427,0.47,0.47,0.45,0.47,219332
EMT,20200427,0.01,0.025,0.01,0.01,18104513
EMV,20200427,0.78,0.81,0.78,0.8,16051
EN1,20200427,0.012,0.012,0.012,0.012,994000
ENE,20200427,0.044,0.049,0.044,0.048,460498
ENN,20200427,0.83,0.835,0.81,0.81,94991
ENR,20200427,0.11,0.115,0.105,0.115,30000
ENT,20200427,0.011,0.011,0.011,0.011,50000
EOF,20200427,2.68,2.7,2.61,2.65,132878
EOL,20200427,2.75,2.75,2.7,2.7,3774
EOS,20200427,4.54,4.64,4.42,4.58,1022951
EPD,20200427,0.28,0.28,0.265,0.27,51066
EPM,20200427,0.006,0.006,0.006,0.006,815007
EQE,20200427,0.007,0.007,0.007,0.007,500229
EQT,20200427,20.34,20.75,20.21,20.26,9752
EQX,20200427,0.25,0.25,0.25,0.25,16812
ERA,20200427,0.155,0.17,0.155,0.165,288042
ERF,20200427,0.7,0.72,0.695,0.7,533350
ERG,20200427,0.062,0.062,0.062,0.062,21352
ERL,20200427,0.01,0.01,0.009,0.009,1728500
ERX,20200427,0.043,0.044,0.043,0.044,385960
ESH,20200427,0.007,0.007,0.007,0.007,1608912
ESR,20200427,0.009,0.009,0.008,0.008,1746111
ETF,20200427,17.3,17.3,17.3,17.3,56
EUC,20200427,0.016,0.017,0.016,0.016,175000
EVE,20200427,0.005,0.006,0.005,0.006,3475142
EVN,20200427,5.11,5.355,5.09,5.33,13134594
EVO,20200427,0.068,0.072,0.068,0.072,330511
EVS,20200427,0.125,0.13,0.12,0.125,491223
EVT,20200427,7.58,7.605,7.42,7.51,57708
EVZ,20200427,0.08,0.08,0.08,0.08,20
EWC,20200427,0.068,0.068,0.067,0.068,351123
EX1,20200427,0.22,0.22,0.19,0.19,108392
EXL,20200427,0.385,0.39,0.375,0.38,130352
EXP,20200427,0.1,0.105,0.097,0.097,392033
EXR,20200427,0.025,0.026,0.023,0.026,783626
EZL,20200427,0.83,0.83,0.83,0.83,15000
FAR,20200427,0.014,0.015,0.014,0.014,5303845
FAU,20200427,0.008,0.01,0.008,0.01,6805722
FBR,20200427,0.022,0.024,0.022,0.024,1470093
FBU,20200427,3.36,3.5,3.34,3.39,758231
FCL,20200427,3.2,3.22,3.16,3.18,12019
FCT,20200427,0.08,0.085,0.078,0.083,65500
FDV,20200427,0.8,0.815,0.8,0.81,94820
FEX,20200427,0.051,0.057,0.051,0.053,1852786
FFC,20200427,0.079,0.08,0.079,0.08,12086
FFG,20200427,0.006,0.006,0.006,0.006,692857
FFL,20200427,0.22,0.22,0.2,0.2,37000
FFR,20200427,0.027,0.027,0.026,0.027,41500
FGG,20200427,1.115,1.115,1.095,1.11,212427
FGO,20200427,0.002,0.002,0.001,0.001,9267524
FGR,20200427,0.13,0.142,0.13,0.14,543590
FGX,20200427,0.87,0.87,0.86,0.86,408370
FHS,20200427,0.025,0.029,0.025,0.029,1236088
FID,20200427,4.35,4.35,4.26,4.27,10184
FIJ,20200427,0.052,0.053,0.052,0.052,83609
FIN,20200427,0.01,0.01,0.01,0.01,99000
FLC,20200427,0.255,0.27,0.245,0.27,213638
FLN,20200427,0.385,0.39,0.38,0.39,35698
FLT,20200427,9.24,9.57,8.92,9.35,3051169
FMG,20200427,11.37,11.53,11.25,11.46,7839992
FML,20200427,0.245,0.245,0.245,0.245,10000
FMS,20200427,0.032,0.037,0.032,0.032,1096142
FNP,20200427,4.38,4.52,4.32,4.46,463306
FNT,20200427,0.009,0.01,0.009,0.009,460517
FOD,20200427,0.065,0.065,0.061,0.064,1428916
FOR,20200427,0.78,0.78,0.755,0.76,42400
FPH,20200427,26.32,26.6,25.83,26.29,261037
FPL,20200427,0.003,0.003,0.003,0.003,5325774
FPP,20200427,0.715,0.715,0.715,0.715,10628
FRI,20200427,0.65,0.65,0.61,0.61,9875
FRM,20200427,0.26,0.3,0.26,0.28,88097
FRN,20200427,0.023,0.023,0.023,0.023,43478
FSA,20200427,0.9,0.92,0.9,0.9,135332
FSF,20200427,3.31,3.44,3.3,3.3,12795
FTC,20200427,0.088,0.088,0.083,0.085,6722
FUN,20200427,0.02,0.02,0.019,0.019,951028
FWD,20200427,1.442,1.455,1.44,1.44,5090
FXL,20200427,0.765,0.78,0.702,0.715,3022516
FYI,20200427,0.042,0.045,0.04,0.04,478804
G1A,20200427,0.195,0.195,0.19,0.19,278678
GAL,20200427,0.24,0.255,0.225,0.23,2482206
GAP,20200427,0.135,0.14,0.13,0.14,211900
GAS,20200427,0.35,0.36,0.35,0.36,25410
GBR,20200427,0.035,0.035,0.035,0.035,33000
GBZ,20200427,0.077,0.097,0.077,0.096,522869
GC1,20200427,0.635,0.64,0.61,0.64,61779
GCI,20200427,1.7,1.7,1.68,1.695,70500
GDF,20200427,0.87,0.9,0.87,0.89,193764
GDI,20200427,0.99,1.045,0.98,1.01,970115
GDX,20200427,53.24,53.24,52.31,52.65,34903
GED,20200427,0.005,0.005,0.005,0.005,400000
GEM,20200427,0.795,0.81,0.785,0.79,6897923
GEV,20200427,0.068,0.068,0.06,0.06,253761
GFL,20200427,1.885,1.885,1.885,1.885,521
GGE,20200427,0.003,0.003,0.003,0.003,166665
GGG,20200427,0.1,0.107,0.1,0.105,707549
GGX,20200427,0.001,0.001,0.001,0.001,500000
GLL,20200427,0.44,0.44,0.42,0.42,75319
GLN,20200427,0.145,0.15,0.145,0.15,156293
GMA,20200427,1.815,1.91,1.76,1.83,692525
GMD,20200427,0.029,0.029,0.028,0.028,610604
GMG,20200427,12.67,13.49,12.61,13.38,4524044
GML,20200427,0.011,0.011,0.01,0.01,986167
GMN,20200427,0.048,0.05,0.044,0.048,889863
GMR,20200427,0.007,0.008,0.007,0.008,1146623
GMV,20200427,0.11,0.11,0.105,0.105,354629
GNC,20200427,3.56,3.83,3.55,3.79,1339611
GNE,20200427,2.68,2.68,2.6,2.6,1838
GNG,20200427,0.7,0.7,0.7,0.7,30000
GNM,20200427,0.006,0.006,0.005,0.005,5616013
GNX,20200427,0.19,0.19,0.175,0.19,358461
GO2,20200427,0.019,0.019,0.017,0.017,977380
GOR,20200427,1.65,1.67,1.605,1.67,5653367
GOW,20200427,1.305,1.305,1.26,1.26,71028
GOZ,20200427,2.8,2.95,2.79,2.94,904622
GPR,20200427,0.395,0.41,0.385,0.41,201568
GPT,20200427,3.6,3.92,3.6,3.87,3923396
GRB,20200427,0.055,0.056,0.055,0.056,12921
GRL,20200427,0.125,0.125,0.115,0.115,101450
GRR,20200427,0.21,0.215,0.205,0.205,779799
GSM,20200427,0.16,0.16,0.15,0.155,168500
GSN,20200427,0.045,0.045,0.04,0.04,338112
GSS,20200427,1.86,1.92,1.64,1.8,410207
GSW,20200427,0.635,0.64,0.61,0.615,90733
GTE,20200427,0.002,0.002,0.001,0.001,46822020
GTG,20200427,0.006,0.006,0.005,0.005,3221665
GTK,20200427,1.4,1.4,1.37,1.37,10616
GTN,20200427,0.385,0.385,0.385,0.385,5305
GTR,20200427,0.009,0.01,0.009,0.01,2927800
GUD,20200427,8.64,8.89,8.64,8.89,110661
GUL,20200427,0.045,0.045,0.045,0.045,15000
GVF,20200427,0.915,0.93,0.91,0.93,60270
GWA,20200427,2.27,2.37,2.27,2.34,429965
GWR,20200427,0.074,0.074,0.074,0.074,10956
GXY,20200427,0.77,0.78,0.76,0.77,2639482
HAS,20200427,0.052,0.053,0.052,0.053,1759481
HAV,20200427,0.12,0.125,0.1,0.105,380804
HAW,20200427,0.14,0.14,0.13,0.14,282270
HCH,20200427,0.021,0.021,0.02,0.021,3067148
HCT,20200427,0.185,0.185,0.16,0.17,4093851
HE8,20200427,0.087,0.089,0.085,0.089,322898
HFR,20200427,0.325,0.34,0.325,0.34,1494
HGH,20200427,1.2,1.2,1.2,1.2,1000
HGO,20200427,0.039,0.039,0.039,0.039,38999
HIL,20200427,0.19,0.19,0.185,0.19,28266
HIT,20200427,1.27,1.275,1.24,1.24,14600
HLA,20200427,0.705,0.71,0.66,0.7,82122
HLO,20200427,1.27,1.28,1.24,1.26,120681
HLS,20200427,2.38,2.47,2.38,2.47,1700511
HM1,20200427,2.68,2.73,2.68,2.69,64558
HMC,20200427,2.2,2.4,2.2,2.3,126150
HMD,20200427,0.13,0.13,0.12,0.125,150636
HMX,20200427,0.021,0.021,0.02,0.02,83366
HNG,20200427,0.18,0.18,0.18,0.18,500
HOT,20200427,0.099,0.1,0.099,0.1,28147
HPI,20200427,2.22,2.38,2.21,2.35,507390
HRL,20200427,0.09,0.09,0.089,0.089,141644
HRN,20200427,0.21,0.21,0.21,0.21,90000
HRR,20200427,0.038,0.04,0.038,0.039,28274
HRZ,20200427,0.088,0.088,0.085,0.085,115166
HSC,20200427,0.006,0.006,0.005,0.006,39576773
HSN,20200427,2.79,2.79,2.69,2.74,360472
HT1,20200427,1.3,1.3,1.1,1.1,1245528
HT8,20200427,0.04,0.041,0.037,0.037,1991571
HTA,20200427,0.15,0.15,0.145,0.145,87100
HTG,20200427,0.125,0.13,0.125,0.125,146200
HUB,20200427,9.5,9.83,9.47,9.72,206125
HUO,20200427,3.59,3.6,3.59,3.6,262
HVN,20200427,2.62,2.76,2.58,2.74,5121038
HWK,20200427,0.005,0.005,0.005,0.005,100200
HXG,20200427,0.066,0.066,0.065,0.066,147600
HYD,20200427,0.087,0.087,0.087,0.087,20000
HZN,20200427,0.049,0.05,0.049,0.049,574287
HZR,20200427,0.39,0.395,0.385,0.39,50121
IAA,20200427,91.99,91.99,91,91.5,4350
IAF,20200427,115.65,115.78,115.51,115.66,14985
IAG,20200427,5.82,5.94,5.785,5.92,3516139
IAM,20200427,0.001,0.001,0.001,0.001,8720000
IAP,20200427,1.03,1.085,1.025,1.07,90421
IBC,20200427,0.42,0.42,0.42,0.42,2500
IBG,20200427,0.007,0.007,0.007,0.007,307208
ICE,20200427,0.18,0.18,0.17,0.17,19400
ICG,20200427,0.002,0.002,0.001,0.001,325000
ICI,20200427,0.024,0.024,0.023,0.023,79392
ICN,20200427,0.008,0.008,0.008,0.008,13400
ICQ,20200427,0.18,0.185,0.17,0.175,662091
ICS,20200427,1.65,1.65,1.65,1.65,4000
ICT,20200427,0.045,0.045,0.045,0.045,750
IDA,20200427,0.021,0.021,0.021,0.021,290000
IDT,20200427,0.15,0.15,0.15,0.15,121373
IDX,20200427,3.18,3.18,3.06,3.1,406955
IDZ,20200427,0.003,0.007,0.003,0.006,9026204
IEL,20200427,13.8,14.39,13.54,14.06,968781
IEM,20200427,56,56.13,55.3,56.1,13326
IEU,20200427,55.95,57.03,55.95,56.78,30995
IFL,20200427,3.38,3.52,3.38,3.5,1096358
IFM,20200427,1.57,1.59,1.5,1.505,1285032
IFN,20200427,0.49,0.51,0.49,0.505,917009
IFT,20200427,4.22,4.22,4.22,4.22,26
IGB,20200427,114.83,114.83,114.49,114.77,1510
IGL,20200427,0.585,0.64,0.58,0.635,1141337
IGN,20200427,0.039,0.039,0.022,0.022,2633353
IGO,20200427,4.7,4.77,4.63,4.67,2210167
IHD,20200427,10.61,10.71,10.58,10.71,15598
IHL,20200427,0.052,0.052,0.049,0.052,1485454
IHR,20200427,0.058,0.058,0.05,0.058,402239
IJH,20200427,241.98,243.61,240.6,243.17,2144
IJP,20200427,79.55,80.06,79.26,79.97,2975
IJR,20200427,90.45,92.7,90.45,92.7,1366
IKO,20200427,78.92,80.28,78.92,80.24,1095
ILB,20200427,122.2,122.2,121.84,121.84,1597
ILC,20200427,20.63,20.89,20.47,20.88,14314
ILU,20200427,7.35,7.46,7.315,7.37,1526186
IMA,20200427,0.155,0.16,0.155,0.155,619538
IMC,20200427,0.099,0.1,0.098,0.098,427088
IMD,20200427,0.845,0.925,0.845,0.92,467292
IME,20200427,0.027,0.035,0.027,0.033,10431074
IMR,20200427,0.955,1.13,0.915,1.13,27252
IMU,20200427,0.023,0.024,0.023,0.024,2743529
INA,20200427,3.57,3.76,3.5,3.74,1378619
INF,20200427,0.04,0.04,0.037,0.037,105299
ING,20200427,3.36,3.39,3.33,3.36,839400
INR,20200427,0.135,0.14,0.13,0.135,1260313
IOD,20200427,0.09,0.094,0.09,0.094,57150
IOO,20200427,75.01,76.28,75.01,76.25,29025
IOZ,20200427,21.5,21.78,21.28,21.75,387867
IP1,20200427,0.008,0.008,0.008,0.008,23000
IPD,20200427,0.039,0.04,0.038,0.038,4504887
IPH,20200427,7.15,7.38,7.14,7.28,312541
IPL,20200427,2.06,2.17,2.06,2.15,5600118
IPT,20200427,0.008,0.008,0.008,0.008,5034198
IRE,20200427,10.07,10.47,9.96,10.4,497846
IRI,20200427,2.9,3.17,2.9,3.11,532223
ISD,20200427,0.15,0.16,0.145,0.145,164602
ISO,20200427,3.91,3.97,3.9,3.97,32097
ISU,20200427,0.245,0.245,0.21,0.21,30000
ITG,20200427,0.18,0.185,0.18,0.18,1328085
IVC,20200427,10.19,10.68,10.01,10.6,694767
IVE,20200427,86.25,86.82,85.75,86.66,1384
IVR,20200427,0.013,0.013,0.012,0.012,2357591
IVV,20200427,441.97,445.39,441.41,444.28,21581
IVX,20200427,0.009,0.009,0.008,0.008,333888
IVZ,20200427,0.017,0.019,0.017,0.019,885250
IXC,20200427,1.04,1.05,1.025,1.04,11658
IXI,20200427,79,79.37,78.69,79.15,2911
IXJ,20200427,106.41,107.21,105.71,106.55,36443
IXR,20200427,0.006,0.006,0.005,0.005,1018957
IXU,20200427,0.02,0.02,0.02,0.02,10000
IZZ,20200427,59.62,60.11,59.42,59.93,4322
JAN,20200427,0.315,0.355,0.305,0.355,5910106
JAT,20200427,0.049,0.053,0.049,0.052,1088488
JAY,20200427,0.09,0.1,0.09,0.095,82098
JBH,20200427,33.88,34.6,33.5,34.48,590618
JDR,20200427,0.01,0.011,0.01,0.011,1776195
JHC,20200427,0.495,0.515,0.495,0.495,1862939
JHG,20200427,22.9,23.39,22.8,23.24,291945
JHX,20200427,17.78,18.75,17.74,18.62,1002293
JIN,20200427,10.53,10.72,10.13,10.56,638969
JLG,20200427,2.38,2.46,2.36,2.37,139386
JMS,20200427,0.26,0.265,0.25,0.255,4197702
JRV,20200427,0.16,0.17,0.16,0.165,238457
JXT,20200427,0.044,0.055,0.044,0.045,787023
JYC,20200427,0.94,0.94,0.925,0.925,7225
K2F,20200427,0.225,0.225,0.195,0.2,386989
KAI,20200427,0.011,0.012,0.01,0.011,2129545
KAR,20200427,0.535,0.545,0.505,0.515,2229344
KAS,20200427,0.016,0.016,0.016,0.016,56250
KAT,20200427,0.62,0.62,0.62,0.62,10040
KAU,20200427,0.23,0.24,0.22,0.22,111443
KCN,20200427,0.455,0.455,0.45,0.455,265652
KEY,20200427,0.002,0.002,0.002,0.002,197310
KFE,20200427,0.029,0.029,0.027,0.028,757367
KGL,20200427,0.185,0.185,0.185,0.185,10038
KGM,20200427,0.004,0.02,0.004,0.02,5627552
KGN,20200427,7,7.45,7,7.45,1279167
KIN,20200427,0.056,0.061,0.052,0.052,2911985
KKC,20200427,1.8,1.85,1.75,1.8,253264
KLA,20200427,65.5,66,65,65,5496
KMD,20200427,0.7,0.77,0.65,0.74,5316379
KME,20200427,1.04,1.05,1,1,76112
KNM,20200427,0.021,0.022,0.016,0.018,2456056
KNO,20200427,0.064,0.064,0.064,0.064,12987
KOR,20200427,0.007,0.007,0.007,0.007,300000
KOV,20200427,3.49,3.51,3.49,3.5,2921
KPG,20200427,0.8,0.8,0.8,0.8,36104
KPO,20200427,0.03,0.032,0.03,0.03,573302
KPT,20200427,0.96,0.98,0.96,0.98,4177
KRM,20200427,0.031,0.033,0.03,0.033,907729
KRR,20200427,0.04,0.04,0.036,0.039,5528574
KSL,20200427,0.83,0.895,0.82,0.82,282753
KSN,20200427,0.14,0.142,0.14,0.14,136705
KSS,20200427,0.19,0.19,0.175,0.18,19228
KTA,20200427,0.03,0.033,0.03,0.033,479335
KTD,20200427,0.405,0.42,0.405,0.415,544985
KTE,20200427,0.006,0.007,0.006,0.007,125000
KTG,20200427,0.085,0.095,0.085,0.09,16979
KWR,20200427,0.155,0.16,0.155,0.16,75670
KYK,20200427,0.085,0.086,0.085,0.085,98167
KZA,20200427,0.42,0.43,0.42,0.42,119969
KZR,20200427,0.51,0.515,0.49,0.515,165609
LAA,20200427,0.012,0.012,0.01,0.01,4289635
LAU,20200427,0.34,0.34,0.33,0.33,546267
LAW,20200427,0.041,0.042,0.041,0.042,52200
LBL,20200427,0.43,0.43,0.41,0.43,119180
LBT,20200427,0.11,0.11,0.11,0.11,45420
LCK,20200427,0.098,0.099,0.095,0.095,79806
LCL,20200427,0.034,0.035,0.034,0.035,85084
LEG,20200427,0.185,0.19,0.175,0.18,3685713
LEP,20200427,4.11,4.24,4.01,4.14,255254
LEX,20200427,0.185,0.185,0.185,0.185,15000
LGP,20200427,0.28,0.28,0.27,0.28,119282
LI3,20200427,0.024,0.03,0.023,0.024,11233441
LIC,20200427,6.6,7.1,6.6,7.01,200602
LIN,20200427,0.016,0.016,0.016,0.016,777758
LIT,20200427,0.049,0.049,0.046,0.046,1133651
LKE,20200427,0.038,0.04,0.038,0.039,2598835
LLC,20200427,10.45,10.76,10.36,10.68,1996751
LME,20200427,1.4,1.425,1.26,1.365,3691030
LMG,20200427,0.008,0.008,0.008,0.008,262846
LML,20200427,0.004,0.004,0.004,0.004,150000
LNG,20200427,0.045,0.045,0.041,0.045,1071707
LNK,20200427,3.3,3.32,3.27,3.31,2797749
LNU,20200427,0.014,0.016,0.013,0.015,2667960
LNY,20200427,0.003,0.003,0.003,0.003,165025
LOM,20200427,0.054,0.054,0.049,0.049,2641243
LON,20200427,0.09,0.094,0.09,0.093,60819
LOT,20200427,0.054,0.055,0.052,0.055,2209746
LOV,20200427,6.46,7.02,6.19,6.65,380828
LPD,20200427,0.007,0.008,0.007,0.008,3282750
LPE,20200427,0.2,0.2,0.185,0.185,28814
LPI,20200427,0.15,0.15,0.15,0.15,19550
LRS,20200427,0.004,0.004,0.004,0.004,331280
LSF,20200427,0.99,1,0.975,0.985,1013586
LSH,20200427,0.034,0.034,0.029,0.029,363258
LSR,20200427,0.006,0.006,0.006,0.006,9454
LSX,20200427,0.385,0.385,0.385,0.385,22793
LTR,20200427,0.11,0.11,0.105,0.11,3024402
LVE,20200427,0.045,0.047,0.045,0.047,163584
LVH,20200427,0.225,0.245,0.22,0.22,496499
LVT,20200427,0.205,0.21,0.2,0.21,1717041
LYC,20200427,1.565,1.595,1.525,1.54,5764180
LYL,20200427,3.91,4,3.85,4,26524
M7T,20200427,0.545,0.56,0.53,0.56,229308
MA1,20200427,0.825,0.825,0.82,0.82,4506
MAD,20200427,0.71,0.71,0.71,0.71,7727
MAG,20200427,0.25,0.25,0.235,0.24,473900
MAH,20200427,0.21,0.215,0.2,0.2,1130572
MAI,20200427,0.38,0.41,0.38,0.41,87940
MAN,20200427,0.02,0.02,0.02,0.02,1902774
MAQ,20200427,26,26.4,26,26.16,3626
MAT,20200427,0.12,0.125,0.12,0.125,283310
MAU,20200427,0.82,0.85,0.79,0.8,74253
MBK,20200427,0.008,0.008,0.008,0.008,162525
MCA,20200427,0.12,0.125,0.115,0.115,38062
MCE,20200427,0.195,0.195,0.195,0.195,10909
MCM,20200427,0.155,0.155,0.155,0.155,20000
MCP,20200427,2.66,2.68,2.58,2.65,221657
MCR,20200427,0.575,0.6,0.575,0.59,298201
MCY,20200427,4.13,4.39,4.13,4.38,625
MDC,20200427,0.23,0.26,0.23,0.24,211374
MDI,20200427,0.014,0.014,0.012,0.013,20041048
MDR,20200427,0.415,0.45,0.415,0.44,766463
MEA,20200427,0.19,0.195,0.187,0.195,157919
MEB,20200427,0.007,0.007,0.007,0.007,168578
MEI,20200427,0.014,0.014,0.012,0.012,1264023
MEL,20200427,0.022,0.022,0.021,0.021,134666
MEM,20200427,0.05,0.05,0.049,0.05,565339
MEP,20200427,0.037,0.037,0.035,0.035,936537
MEU,20200427,0.035,0.035,0.033,0.034,676288
MEY,20200427,0.07,0.07,0.068,0.068,219569
MEZ,20200427,4.28,4.32,4.11,4.32,15634
MFD,20200427,0.73,0.73,0.725,0.725,4251
MFF,20200427,2.81,2.87,2.765,2.87,355293
MFG,20200427,46.96,50.06,46.76,49.99,597565
MGC,20200427,0.435,0.44,0.435,0.435,70528
MGE,20200427,4.03,4.04,4,4.03,336567
MGG,20200427,1.7,1.74,1.685,1.74,779794
MGL,20200427,0.014,0.014,0.014,0.014,3500
MGR,20200427,2.02,2.15,2.02,2.1,13909407
MGT,20200427,0.003,0.003,0.003,0.003,733333
MGV,20200427,0.125,0.13,0.115,0.125,2582027
MGX,20200427,0.625,0.64,0.605,0.605,2126923
MHC,20200427,0.007,0.007,0.007,0.007,4328000
MHG,20200427,3.3,3.32,3.28,3.31,1051852
MHH,20200427,1.35,1.4,1.335,1.4,622517
MHJ,20200427,0.29,0.335,0.29,0.32,93363
MIL,20200427,0.28,0.28,0.28,0.28,21367
MIN,20200427,15.9,16.14,15.81,16.01,993562
MIR,20200427,1.97,1.99,1.95,1.99,131504
MLD,20200427,0.72,0.77,0.72,0.74,299625
MLL,20200427,0.054,0.055,0.052,0.055,239670
MLM,20200427,0.012,0.012,0.012,0.012,15000
MLS,20200427,0.001,0.002,0.001,0.001,8308970
MLT,20200427,3.82,3.82,3.76,3.77,400302
MLX,20200427,0.079,0.084,0.077,0.081,936974
MME,20200427,0.75,0.79,0.74,0.79,47168
MMI,20200427,0.098,0.099,0.098,0.099,116453
MMJ,20200427,0.135,0.135,0.125,0.125,106615
MML,20200427,0.685,0.685,0.65,0.665,610253
MMM,20200427,1.18,1.21,1.15,1.175,390549
MMS,20200427,6.78,7.15,6.69,6.96,316342
MNB,20200427,0.001,0.001,0.001,0.001,2000000
MND,20200427,10.02,11.07,10.02,10.58,471911
MNF,20200427,4.6,4.82,4.55,4.7,144661
MNS,20200427,0.052,0.052,0.048,0.049,2273405
MNW,20200427,0.005,0.005,0.005,0.005,1079121
MNY,20200427,1.25,1.38,1.23,1.32,328205
MOC,20200427,0.65,0.65,0.63,0.64,32355
MOE,20200427,2.23,2.35,2.215,2.27,196978
MOH,20200427,0.075,0.078,0.075,0.077,197056
MOQ,20200427,0.12,0.12,0.12,0.12,8000
MOT,20200427,1.53,1.54,1.52,1.53,59994
MOZ,20200427,0.59,0.61,0.57,0.58,159495
MP1,20200427,11.91,12.18,11.71,12.03,449795
MPH,20200427,0.15,0.15,0.15,0.15,2000
MPL,20200427,2.6,2.69,2.6,2.69,6786335
MPW,20200427,0.03,0.03,0.025,0.025,590000
MPX,20200427,0.29,0.29,0.29,0.29,19000
MQG,20200427,95.25,99.2,94.84,99,1285151
MRC,20200427,0.245,0.245,0.245,0.245,1000
MRG,20200427,0.011,0.011,0.01,0.011,448057
MRM,20200427,0.074,0.076,0.074,0.075,61750
MRQ,20200427,0.007,0.007,0.007,0.007,4683039
MRR,20200427,0.01,0.01,0.009,0.009,1090909
MRZ,20200427,0.16,0.16,0.16,0.16,11211
MSB,20200427,4,4.45,3.66,3.85,35708835
MSE,20200427,0.007,0.009,0.007,0.009,1001000
MSG,20200427,0.012,0.012,0.012,0.012,250000
MSM,20200427,0.012,0.012,0.012,0.012,677213
MSR,20200427,0.003,0.003,0.003,0.003,7966041
MSV,20200427,0.38,0.4,0.375,0.39,584541
MTH,20200427,0.007,0.007,0.007,0.007,1628571
MTO,20200427,0.635,0.635,0.625,0.625,97833
MTS,20200427,2.54,2.57,2.51,2.55,8082013
MVA,20200427,17,17.5,16.69,17.38,9475
MVB,20200427,18,18,16.85,17.23,17628
MVE,20200427,23.27,23.27,23.27,23.27,143
MVP,20200427,6.99,7.57,6.99,7.46,253240
MVR,20200427,23.8,23.88,23.8,23.88,1176
MVS,20200427,15.15,15.35,15.1,15.35,915
MVW,20200427,24,24.2,23.53,24.05,142810
MWR,20200427,0.088,0.088,0.088,0.088,20
MWY,20200427,0.92,0.94,0.91,0.92,125146
MX1,20200427,0.14,0.14,0.135,0.135,306031
MXI,20200427,0.15,0.15,0.15,0.15,2670
MXT,20200427,1.83,1.84,1.825,1.835,339589
MYE,20200427,0.705,0.71,0.69,0.7,487559
MYL,20200427,0.036,0.043,0.036,0.043,3061224
MYQ,20200427,0.165,0.185,0.165,0.17,597486
MYR,20200427,0.195,0.205,0.19,0.2,6068561
MYS,20200427,3.78,3.85,3.78,3.8,49303
MYX,20200427,0.37,0.4,0.37,0.395,4826278
MZZ,20200427,0.18,0.185,0.18,0.185,618720
NAC,20200427,0.68,0.68,0.68,0.68,4152
NAG,20200427,0.048,0.051,0.048,0.051,434177
NAN,20200427,6.38,6.55,6.34,6.54,693851
NBI,20200427,1.58,1.62,1.58,1.6,89989
NC6,20200427,0.024,0.024,0.024,0.024,70000
NCC,20200427,0.74,0.77,0.74,0.76,59557
NCK,20200427,3.71,4.13,3.71,4.05,233801
NCL,20200427,0.03,0.03,0.028,0.028,40000
NCM,20200427,28.11,28.58,27.45,28.48,2279827
NCZ,20200427,0.17,0.18,0.165,0.17,1262340
NDQ,20200427,23.1,23.42,23.1,23.37,105451
NEA,20200427,1.21,1.26,1.185,1.26,5954440
NEC,20200427,1.15,1.215,1.15,1.21,3904264
NES,20200427,0.032,0.032,0.032,0.032,23783
NET,20200427,0.041,0.041,0.039,0.04,9519652
NEU,20200427,1.47,1.54,1.47,1.54,55546
NEW,20200427,1.04,1.04,1.015,1.02,137885
NGI,20200427,1.2,1.215,1.175,1.185,297856
NHC,20200427,1.475,1.495,1.41,1.425,2283119
NHF,20200427,4.67,4.84,4.67,4.81,711132
NIC,20200427,0.5,0.515,0.485,0.49,2312231
NML,20200427,0.11,0.125,0.105,0.11,2406655
NMT,20200427,0.165,0.165,0.16,0.165,62337
NNT,20200427,0.053,0.053,0.05,0.05,149000
NOR,20200427,0.029,0.029,0.029,0.029,172413
NOV,20200427,0.18,0.21,0.18,0.195,182417
NOX,20200427,0.185,0.195,0.185,0.195,559661
NSB,20200427,0.18,0.18,0.18,0.18,2500
NSC,20200427,0.47,0.48,0.47,0.475,56221
NSR,20200427,1.665,1.705,1.635,1.675,6867876
NST,20200427,13.13,13.71,12.92,13.58,4225033
NTD,20200427,0.26,0.265,0.257,0.26,291693
NTL,20200427,0.006,0.006,0.006,0.006,116666
NTM,20200427,0.075,0.076,0.074,0.076,77504
NTO,20200427,1.3,1.395,1.25,1.365,724497
NTU,20200427,0.023,0.025,0.023,0.024,7397138
NUC,20200427,3.07,3.07,2.98,3,44991
NUF,20200427,4.8,4.95,4.77,4.9,1514781
NUH,20200427,0.017,0.017,0.015,0.015,3017202
NUS,20200427,0.23,0.24,0.225,0.235,1412391
NVA,20200427,0.049,0.05,0.046,0.049,4523122
NVO,20200427,0.009,0.009,0.009,0.009,3409450
NVU,20200427,0.057,0.057,0.055,0.056,119194
NVX,20200427,0.33,0.33,0.31,0.31,21493
NWC,20200427,0.014,0.014,0.013,0.014,1032859
NWE,20200427,0.003,0.003,0.003,0.003,16903387
NWF,20200427,0.17,0.17,0.17,0.17,13333
NWH,20200427,1.65,1.8,1.6,1.755,3081590
NWL,20200427,7.12,7.67,7.12,7.63,204763
NWS,20200427,13.91,14.4,13.88,14.4,200142
NXE,20200427,0.006,0.006,0.006,0.006,20000
NXS,20200427,1.58,1.68,1.58,1.675,42329
NXT,20200427,8.51,8.66,8.26,8.38,3066193
NYR,20200427,0.165,0.165,0.165,0.165,86796
NZK,20200427,1.75,1.75,1.7,1.7,1340
NZM,20200427,0.185,0.185,0.18,0.18,9043
NZS,20200427,0.018,0.018,0.016,0.016,1238237
OAU,20200427,0.019,0.019,0.019,0.019,75094
OBL,20200427,3.72,3.9,3.66,3.88,984054
OBM,20200427,0.205,0.205,0.19,0.195,2107806
OCA,20200427,0.76,0.76,0.76,0.76,600
OCC,20200427,0.31,0.317,0.31,0.312,297828
OCL,20200427,5.85,5.85,5.61,5.61,15565
ODA,20200427,0.09,0.09,0.089,0.089,10000
ODM,20200427,0.027,0.027,0.027,0.027,87237
OEC,20200427,0.69,0.695,0.66,0.68,107051
OEL,20200427,0.006,0.006,0.006,0.006,1319331
OEX,20200427,0.002,0.002,0.002,0.002,2109515
OFX,20200427,1.23,1.25,1.23,1.235,99618
OGA,20200427,0.11,0.11,0.11,0.11,4261
OGC,20200427,2.45,2.45,2.3,2.38,625676
OIL,20200427,0.038,0.038,0.038,0.038,213469
OKJ,20200427,0.03,0.03,0.025,0.025,18500
OKR,20200427,0.13,0.13,0.13,0.13,22560
OKU,20200427,0.31,0.33,0.31,0.33,592807
OLI,20200427,0.047,0.047,0.035,0.037,3352910
OLL,20200427,0.18,0.18,0.18,0.18,70827
OMH,20200427,0.355,0.36,0.355,0.355,12996
OML,20200427,0.8,0.81,0.755,0.77,2824800
ONE,20200427,0.064,0.067,0.064,0.067,298618
ONT,20200427,5.13,5.14,5.13,5.14,3388
ONX,20200427,0.071,0.075,0.071,0.074,330354
OOO,20200427,2.69,2.69,2.57,2.57,2921764
OPC,20200427,4.35,4.44,4.33,4.35,16723
OPH,20200427,2.25,2.26,2.245,2.25,152449
OPL,20200427,0.07,0.07,0.07,0.07,785
OPT,20200427,2.33,2.35,2.27,2.27,141556
OPY,20200427,0.65,0.675,0.645,0.65,88167
ORA,20200427,2.57,2.59,2.39,2.46,7456300
ORE,20200427,2.07,2.17,2.07,2.16,1186964
ORG,20200427,4.82,4.97,4.785,4.94,3917983
ORI,20200427,16.56,16.85,16.47,16.85,730826
ORN,20200427,0.018,0.018,0.015,0.015,1525507
ORR,20200427,0.355,0.365,0.355,0.365,119662
OSH,20200427,2.64,2.68,2.565,2.6,13469676
OSL,20200427,0.11,0.115,0.11,0.11,2104316
OSP,20200427,0.011,0.011,0.011,0.011,114603
OSX,20200427,0.54,0.54,0.52,0.52,43504
OTW,20200427,3,3.04,2.9,2.91,14309
OVH,20200427,0.2,0.24,0.2,0.235,644760
OVN,20200427,0.29,0.345,0.285,0.285,907539
OVT,20200427,0.01,0.01,0.01,0.01,1895456
OZF,20200427,13.12,13.27,13.12,13.27,2871
OZG,20200427,0.145,0.145,0.145,0.145,250000
OZL,20200427,8.5,8.66,8.34,8.51,1428531
OZR,20200427,9.5,9.65,9.5,9.64,14175
PAA,20200427,0.1,0.105,0.098,0.098,365199
PAB,20200427,0.014,0.014,0.013,0.014,1246993
PAC,20200427,4.58,4.64,4.53,4.54,7856
PAF,20200427,0.685,0.685,0.685,0.685,8349
PAI,20200427,0.97,0.97,0.955,0.955,438983
PAK,20200427,0.013,0.013,0.012,0.012,660052
PAL,20200427,0.615,0.625,0.615,0.625,104050
PAR,20200427,1.505,1.59,1.485,1.495,1468558
PBH,20200427,3.46,3.73,3.42,3.7,1303566
PBP,20200427,1.89,1.91,1.885,1.91,52271
PCI,20200427,0.935,0.94,0.935,0.94,6238
PCK,20200427,0.105,0.11,0.1,0.105,1652488
PCL,20200427,0.001,0.001,0.001,0.001,8413972
PDI,20200427,0.071,0.078,0.07,0.072,48928137
PDL,20200427,4.85,4.99,4.78,4.94,893487
PDN,20200427,0.1,0.1,0.093,0.098,9368327
PDZ,20200427,0.12,0.12,0.1,0.1,35000
PE1,20200427,1.38,1.38,1.365,1.37,24061
PEK,20200427,0.017,0.017,0.017,0.017,532106
PEN,20200427,0.19,0.2,0.17,0.18,1396086
PET,20200427,0.52,0.54,0.505,0.515,1243176
PFP,20200427,2.76,2.76,2.65,2.69,74057
PG1,20200427,0.09,0.095,0.09,0.095,16684
PGC,20200427,0.16,0.165,0.155,0.16,197453
PGF,20200427,0.865,0.865,0.845,0.85,122447
PGG,20200427,1.52,1.545,1.515,1.545,160185
PGH,20200427,1.85,1.88,1.812,1.855,330462
PGI,20200427,0.029,0.03,0.029,0.03,133333
PGL,20200427,0.735,0.86,0.73,0.85,102988
PGM,20200427,0.015,0.015,0.014,0.014,211814
PGX,20200427,0.19,0.2,0.19,0.2,33621
PGY,20200427,0.012,0.012,0.012,0.012,113
PIA,20200427,0.962,0.965,0.96,0.965,162957
PIC,20200427,0.775,0.795,0.775,0.795,257583
PIO,20200427,0.012,0.013,0.012,0.012,1964951
PIQ,20200427,0.29,0.29,0.29,0.29,46400
PKS,20200427,0.145,0.145,0.145,0.145,73198
PL8,20200427,0.935,0.945,0.925,0.94,374785
PLL,20200427,0.079,0.089,0.079,0.089,682113
PLS,20200427,0.205,0.205,0.197,0.205,5578481
PM1,20200427,0.011,0.011,0.011,0.011,1711730
PM8,20200427,0.23,0.27,0.17,0.175,1850924
PMC,20200427,1.22,1.22,1.2,1.2,358428
PME,20200427,24.5,25.65,24.31,25.65,272700
PMV,20200427,12.98,14.16,12.92,13.94,625878
PMY,20200427,0.004,0.004,0.004,0.004,29880989
PNC,20200427,0.215,0.215,0.195,0.2,782884
PNI,20200427,3.78,3.89,3.66,3.8,365654
PNN,20200427,0.002,0.002,0.001,0.002,19059459
PNR,20200427,0.145,0.15,0.14,0.145,1351624
PNV,20200427,2.03,2.08,2,2.06,2119129
PNX,20200427,0.008,0.008,0.008,0.008,2595080
PO3,20200427,2.5,2.54,2.48,2.5,4060
POD,20200427,0.018,0.019,0.018,0.019,493300
POS,20200427,0.033,0.034,0.032,0.034,1619743
POU,20200427,18.9,18.9,18.85,18.85,4800
PPC,20200427,0.76,0.785,0.74,0.74,65015
PPE,20200427,1.445,1.525,1.445,1.465,213435
PPG,20200427,0.115,0.115,0.115,0.115,134164
PPH,20200427,3.95,4.06,3.89,3.98,127423
PPK,20200427,3,3.24,3,3.1,118186
PPL,20200427,0.006,0.006,0.006,0.006,100020
PPS,20200427,0.295,0.295,0.28,0.29,619803
PPT,20200427,26.83,26.94,26.18,26.7,160305
PRN,20200427,0.785,0.81,0.75,0.795,2416448
PRO,20200427,0.415,0.44,0.41,0.435,54984
PRT,20200427,0.1,0.1,0.1,0.1,143937
PRU,20200427,1.215,1.215,1.155,1.18,4893154
PRX,20200427,0.038,0.039,0.038,0.038,744735
PSI,20200427,2.35,2.39,2.35,2.35,7777
PSQ,20200427,1.165,1.195,1.12,1.14,80465
PSZ,20200427,0.016,0.017,0.016,0.017,486000
PTB,20200427,0.45,0.45,0.445,0.445,581393
PTL,20200427,0.41,0.42,0.4,0.4,790737
PTM,20200427,3.4,3.5,3.4,3.48,1189998
PTR,20200427,0.06,0.06,0.055,0.055,200856
PTX,20200427,0.048,0.054,0.046,0.049,8859226
PUA,20200427,0.014,0.014,0.013,0.013,368017
PUR,20200427,0.004,0.004,0.004,0.004,247222
PVS,20200427,1,1.08,1,1.08,129141
PWG,20200427,0.8,0.8,0.755,0.8,130518
PWH,20200427,3.4,3.48,3.4,3.48,21008
PWN,20200427,0.004,0.005,0.004,0.004,6137007
PXS,20200427,0.085,0.091,0.085,0.086,75693
PXX,20200427,0.019,0.019,0.018,0.018,135180
PYC,20200427,0.074,0.075,0.073,0.075,141049
PYG,20200427,0.5,0.52,0.495,0.505,23000
QAG,20200427,4.75,4.75,4.72,4.72,6463
QAN,20200427,3.41,3.565,3.39,3.54,8318419
QAU,20200427,17.01,17.09,16.99,17.05,89442
QBE,20200427,7.91,7.95,7.72,7.81,5306184
QCB,20200427,5.7,5.7,5.61,5.66,14395
QFE,20200427,0.26,0.26,0.225,0.24,394510
QFN,20200427,7.41,7.41,7.31,7.34,6226
QFY,20200427,0.001,0.002,0.001,0.002,4400000
QHL,20200427,0.068,0.07,0.068,0.069,281819
QIP,20200427,1.18,1.25,1.18,1.215,82412
QOZ,20200427,10.41,10.41,10.19,10.35,41915
QRE,20200427,5.26,5.26,5.2,5.22,5827
QRI,20200427,1.4,1.4,1.395,1.4,65757
QUS,20200427,33.28,33.52,33.28,33.52,5687
QVE,20200427,0.75,0.76,0.75,0.755,211797
RAC,20200427,0.265,0.27,0.262,0.27,74214
RAG,20200427,0.005,0.005,0.004,0.004,1825511
RAN,20200427,0.01,0.01,0.009,0.009,521500
RAP,20200427,0.16,0.16,0.15,0.16,783339
RBL,20200427,0.88,0.885,0.795,0.81,828741
RBR,20200427,0.007,0.007,0.007,0.007,247000
RCB,20200427,20.87,20.93,20.85,20.93,27825
RCE,20200427,0.355,0.37,0.355,0.365,264817
RCL,20200427,0.32,0.32,0.315,0.315,26451
RCT,20200427,1.825,1.825,1.81,1.81,10689
RDC,20200427,0.625,0.63,0.58,0.58,507419
RDF,20200427,0.36,0.36,0.35,0.35,23357
RDH,20200427,0.595,0.62,0.595,0.62,1028
RDM,20200427,0.079,0.079,0.078,0.079,120000
RDN,20200427,0.006,0.006,0.006,0.006,1000000
RDV,20200427,20.88,21.05,20.5,20.82,3844
RDY,20200427,1.405,1.405,1.39,1.4,20085
REA,20200427,81.03,85.82,81.03,85.63,362831
RED,20200427,0.2,0.2,0.195,0.195,2745159
REE,20200427,0.03,0.035,0.029,0.029,2466571
REG,20200427,1.28,1.49,1.28,1.4,1165556
REH,20200427,8.35,8.91,8.31,8.72,399872
REX,20200427,0.895,0.895,0.81,0.845,25481
REZ,20200427,0.014,0.014,0.013,0.014,6077710
RF1,20200427,1.97,2,1.97,1.995,27066
RFF,20200427,1.94,1.955,1.915,1.93,576465
RFG,20200427,0.049,0.05,0.047,0.047,1267302
RFR,20200427,0.087,0.088,0.087,0.088,133297
RFX,20200427,0.032,0.032,0.028,0.028,1250090
RGB,20200427,23.54,23.54,23.53,23.53,5655
RGL,20200427,0.008,0.008,0.008,0.008,250000
RGS,20200427,0.067,0.067,0.061,0.061,275000
RHC,20200427,62.06,66.18,62.06,64.23,1773606
RHP,20200427,1.645,1.675,1.545,1.55,1617977
RHT,20200427,0.115,0.12,0.11,0.12,529529
RHY,20200427,0.085,0.085,0.085,0.085,12904
RIC,20200427,0.73,0.73,0.71,0.72,65797
RIM,20200427,0.003,0.004,0.003,0.004,10930000
RIO,20200427,87.5,88.07,86.1,87,984847
RKN,20200427,0.625,0.63,0.62,0.63,13467
RLE,20200427,0.021,0.023,0.021,0.023,155000
RLG,20200427,0.031,0.032,0.027,0.029,8014772
RLT,20200427,1.03,1.03,1.005,1.02,25162
RMC,20200427,0.72,0.72,0.67,0.67,85189
RMD,20200427,24.93,25.24,24.93,25.14,597964
RML,20200427,0.065,0.069,0.05,0.065,38274766
RMS,20200427,1.22,1.25,1.185,1.24,4782915
RMX,20200427,0.003,0.003,0.003,0.003,1687500
RMY,20200427,0.235,0.25,0.235,0.245,152008
RND,20200427,1.8,1.82,1.8,1.82,3352
RNO,20200427,0.075,0.085,0.075,0.075,895196
RNT,20200427,0.039,0.04,0.039,0.039,1181318
RNX,20200427,0.003,0.003,0.003,0.003,1600000
ROG,20200427,0.001,0.001,0.001,0.001,1492525
ROO,20200427,0.022,0.022,0.02,0.02,148904
RRL,20200427,4.57,4.67,4.465,4.66,3722740
RSG,20200427,0.915,0.97,0.91,0.955,12098642
RSH,20200427,0.071,0.071,0.069,0.069,449457
RSM,20200427,21.64,21.66,21.64,21.66,2249
RTE,20200427,0.35,0.35,0.35,0.35,2594
RTR,20200427,0.07,0.07,0.069,0.069,48309
RUL,20200427,0.935,0.95,0.925,0.93,395512
RVR,20200427,0.06,0.064,0.059,0.062,1763663
RWC,20200427,2.36,2.43,2.34,2.4,4161178
RWD,20200427,0.105,0.105,0.1,0.1,11000
RXL,20200427,0.025,0.026,0.025,0.026,3422140
RXP,20200427,0.23,0.25,0.23,0.25,308624
RYD,20200427,1.26,1.26,1.26,1.26,47998
RZI,20200427,0.46,0.48,0.45,0.45,8500
S2R,20200427,0.105,0.105,0.1,0.105,37573
S32,20200427,1.85,1.93,1.85,1.9,11947679
SAR,20200427,4.42,4.63,4.36,4.56,7691069
SAU,20200427,0.13,0.135,0.13,0.135,40000
SBM,20200427,2.6,2.62,2.51,2.57,6744401
SBR,20200427,0.001,0.001,0.001,0.001,10500000
SBW,20200427,0.07,0.07,0.07,0.07,23500
SCG,20200427,2.02,2.16,2.02,2.09,17475852
SCL,20200427,0.011,0.011,0.011,0.011,200000
SCP,20200427,2.21,2.23,2.16,2.22,5855152
SCT,20200427,0.045,0.05,0.045,0.05,33629
SDF,20200427,2.83,2.86,2.695,2.74,3193476
SDG,20200427,1.11,1.11,1.08,1.08,3176
SDI,20200427,0.7,0.7,0.695,0.695,5491
SDV,20200427,0.69,0.71,0.655,0.675,565609
SE1,20200427,0.018,0.024,0.018,0.022,21737175
SEC,20200427,1.17,1.19,1.16,1.19,101089
SEI,20200427,0.03,0.03,0.027,0.027,1224119
SEK,20200427,15.74,16.37,15.67,16.21,1283967
SEN,20200427,0.044,0.044,0.044,0.044,99852
SER,20200427,0.004,0.004,0.004,0.004,1307500
SES,20200427,0.055,0.055,0.055,0.055,218332
SFC,20200427,11.29,11.29,11.1,11.1,579
SFG,20200427,0.051,0.06,0.051,0.056,1170854
SFR,20200427,4.25,4.43,4.22,4.38,1722500
SFX,20200427,0.11,0.11,0.105,0.105,132470
SFY,20200427,48.32,48.58,48,48.58,21559
SGF,20200427,1.2,1.26,1.15,1.215,196369
SGI,20200427,0.07,0.07,0.07,0.07,7143
SGM,20200427,6.25,6.455,6.25,6.44,368839
SGP,20200427,2.63,2.82,2.61,2.75,6774678
SGQ,20200427,0.095,0.096,0.094,0.096,549199
SGR,20200427,2.42,2.51,2.39,2.49,2809175
SHL,20200427,24.79,26.08,24.62,25.96,3406584
SHM,20200427,0.47,0.47,0.465,0.465,9457
SHO,20200427,0.027,0.027,0.027,0.027,15000
SHV,20200427,7.3,7.45,6.99,7.15,422976
SIG,20200427,0.6,0.605,0.58,0.59,2238746
SIQ,20200427,4.9,5.06,4.87,5.05,706964
SIV,20200427,0.4,0.45,0.4,0.45,152030
SKC,20200427,2.01,2.17,2,2.12,732453
SKF,20200427,0.13,0.13,0.13,0.13,4770
SKI,20200427,1.975,2.02,1.965,2,3678394
SKN,20200427,0.087,0.087,0.082,0.082,4375667
SKO,20200427,2.31,2.39,2.3,2.3,37601
SKT,20200427,0.28,0.28,0.27,0.275,204334
SKY,20200427,0.3,0.34,0.3,0.33,2155287
SLC,20200427,0.78,0.825,0.78,0.785,497380
SLF,20200427,9.54,9.93,9.54,9.82,67013
SLK,20200427,3.4,3.42,3.26,3.36,148936
SLM,20200427,0.78,0.785,0.78,0.785,57799
SLR,20200427,1.96,2.06,1.96,2.05,7515135
SLX,20200427,0.315,0.32,0.31,0.32,91109
SM1,20200427,6.54,6.75,6.54,6.59,56589
SMN,20200427,0.43,0.435,0.4,0.41,375496
SMP,20200427,0.415,0.42,0.41,0.41,28280
SMR,20200427,1,1.005,1,1,3168057
SMX,20200427,0.25,0.25,0.25,0.25,4909
SNC,20200427,0.69,0.69,0.68,0.69,64954
SND,20200427,0.485,0.485,0.485,0.485,5000
SNS,20200427,0.105,0.105,0.105,0.105,22677
SNZ,20200427,6.09,6.09,6.05,6.05,238
SO4,20200427,0.335,0.345,0.327,0.34,1679057
SOL,20200427,17.55,17.69,17.35,17.53,254594
SOM,20200427,1.195,1.2,1.165,1.17,34512
SOR,20200427,0.047,0.047,0.047,0.047,20000
SP3,20200427,0.057,0.057,0.057,0.057,75000
SPK,20200427,4.11,4.17,4.08,4.15,1037758
SPL,20200427,0.975,1.065,0.955,1.05,592319
SPQ,20200427,0.003,0.003,0.003,0.003,128350
SPT,20200427,0.5,0.52,0.495,0.52,1075203
SPX,20200427,0.14,0.14,0.14,0.14,1161156
SPY,20200427,441.92,444.36,441.04,444.2,548
SPZ,20200427,0.1,0.1,0.1,0.1,32574
SRG,20200427,0.285,0.29,0.27,0.27,65843
SRI,20200427,0.041,0.041,0.04,0.04,200000
SRN,20200427,0.002,0.002,0.002,0.002,270000
SRV,20200427,2.4,2.41,2.37,2.38,55253
SRZ,20200427,0.009,0.009,0.009,0.009,42500
SSG,20200427,0.395,0.43,0.395,0.43,338958
SSM,20200427,1.86,1.875,1.815,1.845,1966520
ST1,20200427,0.135,0.14,0.135,0.14,429892
STA,20200427,0.125,0.125,0.125,0.125,240158
STG,20200427,0.735,0.74,0.735,0.74,5932
STM,20200427,0.006,0.006,0.005,0.005,4275669
STN,20200427,0.37,0.385,0.36,0.385,180506
STO,20200427,4.36,4.4,4.28,4.33,6854169
STW,20200427,48.8,49.39,48.2,49.29,199059
STX,20200427,0.13,0.135,0.12,0.125,4707728
SUD,20200427,0.047,0.047,0.046,0.046,137866
SUL,20200427,5.56,6.04,5.49,5.91,1363892
SUN,20200427,8.9,8.91,8.69,8.88,2473330
SUP,20200427,0.05,0.05,0.05,0.05,30000
SVA,20200427,0.02,0.023,0.02,0.023,248000
SVD,20200427,0.009,0.009,0.009,0.009,250000
SVL,20200427,0.083,0.085,0.081,0.085,2141611
SVM,20200427,0.12,0.125,0.12,0.12,389694
SVW,20200427,13.27,13.82,13.2,13.71,495576
SVY,20200427,0.41,0.41,0.36,0.36,785138
SW1,20200427,0.015,0.015,0.014,0.014,1138270
SWF,20200427,0.16,0.18,0.16,0.17,2608816
SWK,20200427,0.125,0.125,0.12,0.12,231287
SWM,20200427,0.088,0.092,0.085,0.088,6691575
SXE,20200427,0.41,0.41,0.41,0.41,149549
SXL,20200427,0.14,0.142,0.12,0.125,25625155
SXY,20200427,0.21,0.21,0.195,0.2,2108135
SYA,20200427,0.009,0.009,0.008,0.009,1697829
SYD,20200427,5.57,5.8,5.545,5.8,3611118
SYI,20200427,21.52,21.6,21.15,21.6,50628
SYR,20200427,0.215,0.235,0.21,0.23,4610841
SZL,20200427,1.465,1.535,1.455,1.525,370536
TAH,20200427,2.82,2.945,2.79,2.89,8124269
TAM,20200427,0.044,0.047,0.044,0.046,829672
TAO,20200427,0.045,0.045,0.045,0.045,15000
TAP,20200427,0.08,0.08,0.08,0.08,11000
TAS,20200427,0.038,0.038,0.035,0.035,160467
TBR,20200427,5.9,6,5.9,5.99,6511
TCL,20200427,12.46,12.995,12.45,12.9,3632402
TD1,20200427,0.029,0.03,0.029,0.029,2207956
TDI,20200427,1.475,1.485,1.47,1.47,30415
TDO,20200427,0.058,0.06,0.058,0.06,353269
TEG,20200427,0.022,0.025,0.022,0.025,225000
TEK,20200427,0.215,0.245,0.215,0.235,545505
TER,20200427,0.1,0.105,0.098,0.1,1227011
TFL,20200427,0.091,0.091,0.09,0.09,26649
TGA,20200427,0.16,0.175,0.16,0.165,1104904
TGF,20200427,1.135,1.135,1.085,1.135,68837
TGG,20200427,1.125,1.135,1.12,1.13,48344
TGH,20200427,0.15,0.15,0.13,0.13,715137
TGM,20200427,0.24,0.24,0.235,0.24,24440
TGN,20200427,0.115,0.115,0.11,0.11,114106
TGP,20200427,0.88,0.89,0.855,0.855,57162
TGR,20200427,3.73,3.79,3.67,3.7,1025528
THC,20200427,0.31,0.33,0.31,0.33,510379
THR,20200427,0.006,0.007,0.006,0.007,716446
TIE,20200427,0.275,0.305,0.275,0.295,1544827
TKM,20200427,0.013,0.013,0.013,0.013,6945
TLG,20200427,0.3,0.355,0.3,0.35,1114551
TLM,20200427,0.076,0.076,0.075,0.075,38600
TLS,20200427,3.05,3.09,3.03,3.08,21297010
TLT,20200427,2.95,2.96,2.95,2.96,4549
TLX,20200427,1.115,1.165,1.09,1.125,1510891
TMG,20200427,0.059,0.06,0.059,0.06,586566
TMR,20200427,0.17,0.17,0.165,0.17,96540
TMT,20200427,0.13,0.155,0.115,0.115,2471114
TMX,20200427,0.005,0.005,0.005,0.005,1799831
TNE,20200427,8.55,8.8,8.55,8.78,613594
TNG,20200427,0.056,0.06,0.053,0.06,1260173
TNK,20200427,0.85,0.865,0.85,0.86,15471
TNR,20200427,0.017,0.017,0.017,0.017,500000
TNT,20200427,0.051,0.053,0.05,0.052,2400355
TNY,20200427,1.03,1.09,1.03,1.09,81885
TOE,20200427,0.008,0.009,0.008,0.008,3306642
TON,20200427,0.031,0.032,0.031,0.031,85430
TOP,20200427,0.395,0.395,0.395,0.395,116626
TOT,20200427,0.875,0.9,0.875,0.9,26382
TOU,20200427,0.082,0.082,0.082,0.082,197623
TPM,20200427,7.52,7.67,7.44,7.64,713634
TPP,20200427,0.031,0.031,0.031,0.031,90000
TPW,20200427,3.41,3.56,3.36,3.42,169920
TRL,20200427,0.013,0.013,0.013,0.013,182727
TRS,20200427,2.79,3,2.72,2.96,522378
TRY,20200427,0.081,0.081,0.081,0.081,313279
TSC,20200427,0.006,0.006,0.005,0.006,4446480
TSL,20200427,0.035,0.035,0.035,0.035,267973
TSO,20200427,0.068,0.07,0.059,0.059,10262524
TTB,20200427,0.36,0.425,0.36,0.395,68816
TTI,20200427,0.013,0.013,0.013,0.013,50000
TTM,20200427,0.061,0.061,0.061,0.061,115000
TTT,20200427,0.745,0.745,0.695,0.72,346962
TWD,20200427,2.45,2.45,2.38,2.38,19999
TWE,20200427,9.65,9.73,9.465,9.53,3654781
TYM,20200427,0.017,0.017,0.017,0.017,60000
TYR,20200427,2.75,2.8,2.64,2.66,1532628
TYX,20200427,0.003,0.003,0.003,0.003,1200000
UBA,20200427,17.3,17.61,17.3,17.61,2577
UBE,20200427,20.2,20.29,20.2,20.29,1187
UBI,20200427,0.185,0.19,0.185,0.19,130000
UBJ,20200427,23.5,23.61,23.5,23.61,1448
UBN,20200427,0.049,0.049,0.049,0.049,16552
UBP,20200427,28,28.15,27.99,28.15,1680
UBU,20200427,31.37,31.37,31.37,31.37,1350
UBW,20200427,27.58,28,27.58,27.88,14630
UCM,20200427,0.21,0.21,0.195,0.195,367610
UCW,20200427,0.096,0.096,0.093,0.093,56100
UMG,20200427,4.3,4.41,4.29,4.32,1421526
UNV,20200427,0.14,0.14,0.14,0.14,19309
UOS,20200427,0.685,0.685,0.68,0.68,16633
URW,20200427,4.3,4.455,4.26,4.38,2691755
USD,20200427,15.21,15.21,15.05,15.05,333653
UUV,20200427,0.002,0.002,0.001,0.001,5080000
UWL,20200427,1.4,1.41,1.35,1.375,852241
VAE,20200427,65.5,65.53,63.86,64.24,9672
VAF,20200427,52.36,52.36,52.28,52.28,33918
VAL,20200427,0.001,0.001,0.001,0.001,2668550
VAN,20200427,0.13,0.135,0.13,0.135,30742
VAP,20200427,61.2,63.56,60.46,62.94,56198
VAR,20200427,0.015,0.015,0.015,0.015,34666
VAS,20200427,66.53,67.52,65.95,67.24,177002
VCF,20200427,49.3,49.69,49.15,49.18,7673
VCX,20200427,1.28,1.402,1.275,1.37,28519109
VEA,20200427,1.355,1.39,1.347,1.375,2138124
VEE,20200427,0.44,0.44,0.44,0.44,14148
VEN,20200427,0.041,0.045,0.04,0.04,568933
VEQ,20200427,50,50.6,49.89,50.22,4831
VEU,20200427,66.44,67.5,66.44,66.9,57787
VG1,20200427,2.15,2.16,2.13,2.13,327131
VG8,20200427,2.17,2.18,2.15,2.17,158731
VGB,20200427,53.65,53.65,53.56,53.62,143990
VGE,20200427,61.64,61.64,60.91,61.46,10061
VGI,20200427,9.9,9.9,9.42,9.5,5362
VGL,20200427,1.19,1.255,1.19,1.245,16709
VGS,20200427,74.8,75.55,74.7,75.37,54682
VHT,20200427,1.27,1.27,1.23,1.245,1632080
VHY,20200427,45.5,45.5,44.4,45.41,49238
VIC,20200427,0.001,0.001,0.001,0.001,1210000
VIF,20200427,51.6,52.04,51.6,51.77,20535
VIP,20200427,0.047,0.053,0.041,0.041,17303290
VLC,20200427,54.46,54.46,53.8,54.35,3178
VMC,20200427,0.175,0.175,0.175,0.175,5142
VML,20200427,0.009,0.009,0.009,0.009,3078666
VMS,20200427,0.015,0.015,0.013,0.013,1820054
VMT,20200427,0.14,0.14,0.14,0.14,457415
VMX,20200427,0.16,0.16,0.16,0.16,7500
VMY,20200427,0.048,0.048,0.046,0.048,620758
VN8,20200427,0.105,0.11,0.105,0.11,20431
VOC,20200427,2.68,2.79,2.64,2.79,1442840
VOR,20200427,0.097,0.098,0.09,0.098,46069
VPR,20200427,0.001,0.002,0.001,0.002,225000
VRC,20200427,0.006,0.006,0.006,0.006,3072155
VRL,20200427,1.85,1.85,1.7,1.74,182848
VRT,20200427,2.96,3.045,2.86,2.95,618195
VRX,20200427,0.077,0.078,0.072,0.073,293296
VSO,20200427,47,47.96,46.88,47.74,19179
VTG,20200427,0.955,1,0.94,0.99,263622
VTH,20200427,0.68,0.705,0.68,0.705,24457
VTS,20200427,219.5,222.13,219.5,221.23,25995
VUK,20200427,1.305,1.405,1.3,1.39,2425560
VUL,20200427,0.19,0.2,0.185,0.195,49542
VVA,20200427,1.95,1.99,1.75,1.9,65562
VVR,20200427,2.36,2.4,2.35,2.38,2259065
VXR,20200427,0.07,0.07,0.07,0.07,64800
WAA,20200427,0.87,0.88,0.87,0.88,18139
WAF,20200427,0.61,0.68,0.6,0.645,9906904
WAM,20200427,1.8,1.83,1.79,1.825,601876
WAT,20200427,2.13,2.13,2.13,2.13,8250
WAX,20200427,1.155,1.195,1.155,1.19,137981
WBC,20200427,14.87,14.91,14.53,14.66,27830532
WBE,20200427,0.004,0.005,0.004,0.004,1508861
WBT,20200427,0.365,0.38,0.355,0.38,50085
WCN,20200427,0.004,0.004,0.004,0.004,3982266
WEB,20200427,2.56,2.6,2.41,2.46,4557578
WEC,20200427,0.08,0.081,0.08,0.081,72210
WEL,20200427,0.017,0.017,0.017,0.017,329755
WES,20200427,36.84,37.74,36.6,37.62,1745074
WGB,20200427,1.8,1.835,1.795,1.81,123433
WGN,20200427,0.71,0.85,0.695,0.75,812154
WGO,20200427,0.12,0.125,0.12,0.12,190550
WGX,20200427,2.2,2.25,2.14,2.25,3400231
WHC,20200427,1.8,1.805,1.74,1.75,5404271
WHF,20200427,4.4,4.47,4.38,4.47,24862
WHK,20200427,0.053,0.053,0.052,0.053,128715
WIC,20200427,0.82,0.82,0.82,0.82,5000
WJA,20200427,0.082,0.082,0.082,0.082,13333
WKT,20200427,0.135,0.14,0.13,0.13,620259
WLD,20200427,0.045,0.045,0.041,0.041,30000
WLE,20200427,0.955,0.985,0.955,0.98,618394
WMI,20200427,1.055,1.065,1.04,1.055,247413
WNB,20200427,0.012,0.012,0.011,0.012,33609209
WND,20200427,0.94,0.95,0.94,0.94,21325
WOA,20200427,0.15,0.15,0.15,0.15,70000
WOR,20200427,6.9,7.09,6.84,7,1205985
WOW,20200427,36.3,36.8,35.88,36.68,1923125
WPL,20200427,20.45,20.56,20.03,20.18,2296211
WPP,20200427,0.25,0.25,0.225,0.23,503630
WQG,20200427,1.132,1.14,1.132,1.14,19885
WSA,20200427,2.09,2.16,2.07,2.1,2543722
WSI,20200427,0.014,0.014,0.014,0.014,277717
WSP,20200427,1.83,1.89,1.805,1.86,393819
WTC,20200427,16.5,17.19,16.42,17.19,753861
WWG,20200427,0.12,0.12,0.11,0.11,18943
WWI,20200427,0.012,0.012,0.012,0.012,317504
WZR,20200427,0.125,0.125,0.117,0.12,3206651
XAM,20200427,0.029,0.029,0.029,0.029,25000
XCD,20200427,0.008,0.008,0.007,0.007,25310173
XF1,20200427,0.09,0.096,0.089,0.09,1231242
XPE,20200427,0.002,0.002,0.001,0.002,7012453
XPL,20200427,0.051,0.051,0.051,0.051,125000
XRF,20200427,0.205,0.205,0.2,0.2,106296
XRO,20200427,77.6,79.96,77.305,79.88,360339
XTC,20200427,0.004,0.004,0.003,0.003,13331966
XTD,20200427,0.023,0.023,0.021,0.021,669451
XTE,20200427,0.6,0.6,0.575,0.59,15917
YAL,20200427,2.15,2.15,2.1,2.11,54420
YBR,20200427,0.058,0.06,0.058,0.058,99000
YOJ,20200427,0.029,0.03,0.029,0.029,293197
YOW,20200427,0.036,0.036,0.035,0.035,168649
YPB,20200427,0.003,0.003,0.003,0.003,2135834
YRL,20200427,0.2,0.2,0.195,0.2,113533
Z1P,20200427,1.98,2.11,1.955,2.09,5881372
ZEL,20200427,3.09,3.09,3,3,31038
ZEN,20200427,1,1.01,0.99,0.995,1237088
ZGL,20200427,0.056,0.056,0.056,0.056,15000
ZIM,20200427,10.8,10.81,10.8,10.81,6098
ZLD,20200427,0.046,0.047,0.045,0.045,192653
ZNO,20200427,1.68,1.72,1.6,1.71,709033
XAF,20200427,5178.2,5248.2,5137.9,5240.4,0
XAO,20200427,5300.7,5397.7,5283.3,5388.3,0
XAT,20200427,5192.5,5280.2,5165.7,5272.2,0
XDJ,20200427,1977.3,2041.1,1977.3,2035.4,0
XEC,20200427,1093,1118.9,1093.1,1116.7,0
XEJ,20200427,6532,6578.6,6467,6532.7,0
XFJ,20200427,4121.8,4121.8,4042.8,4115.7,0
XFL,20200427,5206.6,5276.9,5167,5269.4,0
XGD,20200427,7363.9,7509,7229.1,7479.2,0
XHJ,20200427,43130.5,44321.6,43128.9,44321.6,0
XIJ,20200427,1167.6,1212.8,1167.6,1209.9,0
XJO,20200427,5242.6,5329.4,5214.8,5321.4,0
XJR,20200427,3832.9,3860.3,3784.6,3846.9,0
XKO,20200427,5203.3,5292.7,5179.7,5284.2,0
XMD,20200427,5613.4,5773.8,5611.8,5765.1,0
XMJ,20200427,11485.2,11601.7,11374,11575.7,0
XMM,20200427,3851.4,3882.8,3801.5,3870.6,0
XNJ,20200427,5131.1,5319.5,5131.1,5316.5,0
XPJ,20200427,1082.5,1128.7,1071.3,1116.3,0
XSJ,20200427,12011.4,12205.7,11991,12167.2,0
XSO,20200427,2236.9,2304.1,2236.9,2296.9,0
XTJ,20200427,1051.3,1076.2,1051.3,1074.5,0
XTL,20200427,2957.8,2985.7,2927.7,2983.2,0
XTO,20200427,4344.8,4412.8,4318.3,4406.5,0
XUJ,20200427,7604.2,7820.9,7548.1,7777.7,0
XXJ,20200427,4597.2,4597.2,4509.1,4590.3,0
