360,20200409,2.5,2.5,2.39,2.4,24964
14D,20200409,0.11,0.11,0.1,0.105,179411
1AD,20200409,0.045,0.045,0.042,0.043,458000
1AG,20200409,0.035,0.035,0.03,0.03,245500
1ST,20200409,0.026,0.027,0.026,0.026,1790596
2BE,20200409,0.1,0.105,0.095,0.105,337895
3DA,20200409,0.14,0.14,0.13,0.14,162085
3DP,20200409,0.032,0.043,0.032,0.038,750511
3PL,20200409,0.93,0.93,0.84,0.88,55707
4DS,20200409,0.029,0.031,0.027,0.028,4861829
5GN,20200409,0.91,0.915,0.87,0.88,295526
88E,20200409,0.007,0.007,0.007,0.007,25624402
8CO,20200409,0.067,0.067,0.067,0.067,10000
9SP,20200409,0.012,0.012,0.012,0.012,1200000
A1M,20200409,0.29,0.29,0.275,0.29,8561
A2B,20200409,0.635,0.645,0.63,0.635,294585
A2M,20200409,16.97,17.23,16.62,16.92,3020538
A3D,20200409,0.084,0.084,0.08,0.08,114010
A4N,20200409,0.135,0.135,0.115,0.13,243500
AAA,20200409,50.08,50.08,50.07,50.07,97557
AAC,20200409,1.14,1.14,1.095,1.095,260576
AAR,20200409,0.11,0.115,0.11,0.115,188066
ABA,20200409,4.55,4.6,4.52,4.6,6299
ABC,20200409,2.15,2.21,2.12,2.21,2514796
ABP,20200409,2.45,2.54,2.43,2.48,1295612
ABR,20200409,0.235,0.255,0.235,0.245,550032
ABT,20200409,0.012,0.012,0.01,0.012,272964
ABV,20200409,0.022,0.022,0.022,0.022,35000
AC8,20200409,0.2,0.205,0.195,0.195,494778
ACB,20200409,0.01,0.01,0.01,0.01,100000
ACF,20200409,0.25,0.25,0.235,0.235,23123
ACQ,20200409,0.9,0.92,0.89,0.89,214123
ACR,20200409,0.125,0.145,0.125,0.145,374720
ACU,20200409,0.07,0.072,0.07,0.072,1978888
ACW,20200409,0.021,0.021,0.02,0.02,3148422
AD8,20200409,5.51,6.33,5.37,5.82,775033
ADA,20200409,0.38,0.38,0.38,0.38,14659
ADD,20200409,0.016,0.018,0.016,0.017,824754
ADH,20200409,1.05,1.265,1.03,1.17,2458181
ADI,20200409,2.15,2.23,2.13,2.17,186283
ADJ,20200409,0.013,0.017,0.013,0.014,1083072
ADN,20200409,0.032,0.033,0.03,0.032,6032907
ADO,20200409,0.019,0.019,0.018,0.018,2066737
ADR,20200409,0.022,0.023,0.022,0.023,73560
ADT,20200409,1.1,1.15,1.08,1.15,236309
ADV,20200409,0.003,0.003,0.002,0.003,40996164
AEE,20200409,0.003,0.003,0.002,0.003,8558030
AEF,20200409,3.91,4.2,3.9,4.1,324959
AEG,20200409,1.05,1.07,1.05,1.05,57833
AEI,20200409,0.585,0.64,0.58,0.64,1865689
AER,20200409,0.08,0.08,0.077,0.077,45000
AFG,20200409,1.505,1.53,1.46,1.515,668257
AFI,20200409,5.8,5.8,5.68,5.71,694257
AFL,20200409,0.12,0.13,0.12,0.13,44027
AFP,20200409,4.74,4.74,4.55,4.55,3148
AFR,20200409,0.02,0.02,0.02,0.02,40000
AGD,20200409,0.145,0.15,0.145,0.15,61453
AGE,20200409,0.002,0.002,0.002,0.002,6133132
AGG,20200409,6.05,6.22,6.02,6.08,9150
AGH,20200409,0.34,0.355,0.335,0.35,1164997
AGI,20200409,0.4,0.44,0.4,0.43,191539
AGL,20200409,17.43,17.7,17.26,17.47,1744975
AGM,20200409,1.5,1.5,1.5,1.5,1000
AGR,20200409,0.075,0.081,0.075,0.081,33890
AGS,20200409,0.105,0.105,0.105,0.105,5
AGY,20200409,0.037,0.038,0.037,0.037,750306
AHF,20200409,0.093,0.093,0.087,0.091,169815
AHQ,20200409,0.066,0.067,0.063,0.067,964451
AHX,20200409,0.44,0.44,0.44,0.44,2000
AHY,20200409,1.02,1.02,0.995,1,200568
AHZ,20200409,7.86,8.36,7.83,7.83,3773
AIA,20200409,5.39,5.73,5.38,5.57,1433956
AIQ,20200409,0.08,0.1,0.08,0.1,1084665
AIS,20200409,0.045,0.045,0.039,0.039,18000
AIZ,20200409,0.82,0.905,0.815,0.905,3372516
AJL,20200409,0.044,0.053,0.044,0.053,29989
AJM,20200409,0.039,0.044,0.039,0.041,4448463
AJQ,20200409,0.037,0.042,0.036,0.042,475678
AJX,20200409,0.043,0.048,0.043,0.046,348926
AKG,20200409,0.27,0.27,0.265,0.265,40000
AKP,20200409,11.34,13.7,11.34,12.95,37051
AL8,20200409,0.013,0.013,0.013,0.013,3750
ALC,20200409,0.16,0.17,0.16,0.165,2480290
ALF,20200409,0.86,0.86,0.855,0.86,242445
ALG,20200409,0.33,0.36,0.312,0.36,4369618
ALI,20200409,1.975,2.01,1.94,2.01,137063
ALK,20200409,0.745,0.765,0.71,0.76,3707348
ALL,20200409,22.7,23.24,22.11,22.9,2168353
ALQ,20200409,6.01,6.23,6.01,6.18,721447
ALT,20200409,0.002,0.002,0.002,0.002,500000
ALU,20200409,30.5,31.35,30.23,30.93,634437
ALX,20200409,5.58,5.78,5.51,5.56,3282551
ALY,20200409,0.01,0.011,0.01,0.011,140003
AMA,20200409,0.415,0.505,0.395,0.48,29120477
AMC,20200409,13.51,13.75,13.48,13.69,4071871
AMD,20200409,0.005,0.005,0.004,0.004,252384
AME,20200409,0.059,0.061,0.057,0.06,976313
AMG,20200409,0.042,0.046,0.042,0.043,529746
AMH,20200409,0.83,0.845,0.83,0.84,42822
AMI,20200409,0.325,0.335,0.315,0.325,2612009
AML,20200409,0.062,0.064,0.057,0.057,431872
AMN,20200409,0.4,0.4,0.39,0.39,10972
AMO,20200409,0.039,0.039,0.037,0.037,407085
AMP,20200409,1.345,1.36,1.287,1.305,15720498
AMS,20200409,0.62,0.64,0.59,0.62,628350
AMX,20200409,1.23,1.395,1.23,1.35,98870
ANA,20200409,0.01,0.01,0.008,0.008,2206324
ANG,20200409,0.12,0.13,0.12,0.13,226320
ANL,20200409,0.001,0.001,0.001,0.001,242145
ANN,20200409,28.84,29.4,28.62,29.33,642390
ANO,20200409,4.04,4.2,4,4.15,40466
ANP,20200409,0.046,0.05,0.044,0.05,2117830
ANR,20200409,0.16,0.175,0.15,0.175,73106
ANW,20200409,0.001,0.001,0.001,0.001,835040
ANZ,20200409,16.1,16.54,15.8,16.54,11844129
AO1,20200409,0.017,0.018,0.011,0.012,24911872
AOF,20200409,2.12,2.12,2.01,2.05,30222
AON,20200409,0.014,0.015,0.014,0.015,102800
AOP,20200409,0.175,0.19,0.175,0.19,128500
AOU,20200409,0.041,0.041,0.041,0.041,20000
APA,20200409,10.52,10.97,10.49,10.97,3436161
APC,20200409,0.063,0.063,0.063,0.063,15610
APD,20200409,0.45,0.47,0.45,0.47,110049
APE,20200409,3.9,4.3,3.9,4.13,1451646
APH,20200409,0.055,0.055,0.053,0.053,14397
API,20200409,1.2,1.2,1.145,1.16,2572398
APL,20200409,0.93,0.945,0.93,0.94,319396
APT,20200409,20.8,22.1,20.4,22,3995274
APV,20200409,0.155,0.165,0.155,0.165,40735
APX,20200409,22.14,22.78,21.83,22.76,929307
AQD,20200409,0.011,0.011,0.01,0.01,432400
AQG,20200409,6.1,6.16,5.93,5.98,228625
AQR,20200409,3.01,3.07,3,3.01,75605
AQX,20200409,0.02,0.02,0.019,0.02,2700885
AQZ,20200409,1.865,1.91,1.832,1.9,97044
AR9,20200409,0.055,0.055,0.055,0.055,9300
ARB,20200409,13.55,14.39,13.41,14.16,258152
ARD,20200409,0.014,0.014,0.014,0.014,614999
ARE,20200409,0.003,0.003,0.003,0.003,410000
ARF,20200409,2.02,2.16,1.995,2.07,992619
ARG,20200409,7.12,7.37,7.05,7.37,375760
ARL,20200409,0.27,0.33,0.265,0.295,213094
ARM,20200409,0.006,0.006,0.006,0.006,14600
ARN,20200409,0.14,0.15,0.14,0.15,77931
ARQ,20200409,0.073,0.075,0.071,0.071,101955
ARS,20200409,0.018,0.021,0.018,0.02,6939598
ARU,20200409,0.063,0.064,0.056,0.063,1152973
ARV,20200409,0.022,0.023,0.022,0.022,606299
AS1,20200409,0.1,0.105,0.1,0.105,344417
ASB,20200409,3.18,3.22,3.02,3.12,2268682
ASG,20200409,0.77,0.77,0.74,0.74,60292
ASH,20200409,0.25,0.25,0.25,0.25,36613
ASQ,20200409,0.037,0.037,0.037,0.037,15200
AST,20200409,1.805,1.815,1.765,1.795,6746214
ASX,20200409,81,81,77.68,79.54,566471
ATC,20200409,0.062,0.062,0.057,0.061,803413
ATH,20200409,0.016,0.02,0.016,0.02,801680
ATL,20200409,0.145,0.145,0.14,0.14,127931
ATS,20200409,0.032,0.034,0.03,0.033,5052715
ATU,20200409,0.19,0.195,0.185,0.19,359412
ATX,20200409,0.064,0.064,0.064,0.064,37500
AU8,20200409,0.051,0.062,0.051,0.062,920942
AUB,20200409,9.58,9.89,9.42,9.53,220815
AUC,20200409,0.012,0.012,0.012,0.012,186300
AUI,20200409,7.7,7.78,7.5,7.77,15800
AUL,20200409,0.295,0.3,0.295,0.3,16504
AUR,20200409,0.016,0.018,0.013,0.014,368000
AUT,20200409,0.025,0.03,0.025,0.03,10945067
AUZ,20200409,0.011,0.012,0.011,0.012,8392985
AV1,20200409,0.089,0.115,0.088,0.1,1456477
AVA,20200409,0.105,0.115,0.105,0.115,14228
AVE,20200409,0.002,0.004,0.002,0.004,9691854
AVG,20200409,0.4,0.4,0.39,0.4,3521
AVH,20200409,0.51,0.54,0.505,0.535,16630091
AVJ,20200409,0.395,0.4,0.395,0.4,227170
AVL,20200409,0.009,0.009,0.008,0.008,6705476
AVN,20200409,1.625,1.66,1.58,1.61,1703899
AVZ,20200409,0.062,0.071,0.056,0.069,38479534
AWC,20200409,1.42,1.475,1.41,1.475,9455434
AWY,20200409,0.027,0.028,0.026,0.026,255055
AX1,20200409,0.96,1.005,0.925,0.975,5272659
AXE,20200409,0.175,0.185,0.17,0.17,300442
AYR,20200409,0.001,0.001,0.001,0.001,1371000
AYS,20200409,0.345,0.35,0.325,0.325,323773
AZI,20200409,0.004,0.004,0.004,0.004,1604984
AZJ,20200409,4.51,4.58,4.26,4.35,12117340
AZS,20200409,0.066,0.067,0.066,0.067,65000
AZV,20200409,0.061,0.064,0.061,0.064,51776
AZY,20200409,0.015,0.015,0.014,0.014,3235520
BAF,20200409,0.66,0.665,0.655,0.665,752608
BAP,20200409,4.2,4.46,4.2,4.46,2387345
BAR,20200409,0.014,0.016,0.014,0.016,945875
BAS,20200409,0.001,0.001,0.001,0.001,2799999
BAT,20200409,0.005,0.005,0.005,0.005,150000
BBC,20200409,0.45,0.45,0.45,0.45,47650
BBL,20200409,0.38,0.4,0.38,0.4,25658
BBN,20200409,2.43,2.67,2.43,2.63,504055
BBX,20200409,0.105,0.105,0.1,0.105,76138
BC8,20200409,0.36,0.4,0.35,0.38,112210
BCB,20200409,0.044,0.044,0.043,0.043,274906
BCC,20200409,0.17,0.17,0.155,0.16,91200
BCI,20200409,0.12,0.125,0.115,0.125,153307
BCN,20200409,0.03,0.031,0.03,0.031,2098698
BCT,20200409,0.069,0.073,0.069,0.07,723419
BD1,20200409,0.027,0.03,0.026,0.026,20973489
BDA,20200409,0.225,0.23,0.22,0.23,128256
BDC,20200409,0.06,0.06,0.058,0.06,1397858
BEE,20200409,0.011,0.011,0.011,0.011,545545
BEL,20200409,0.026,0.026,0.026,0.026,34212
BEM,20200409,0.045,0.045,0.045,0.045,34000
BEN,20200409,6.18,6.24,6.02,6.17,3587713
BET,20200409,0.16,0.2,0.16,0.19,7350787
BFC,20200409,0.086,0.089,0.08,0.08,420547
BFG,20200409,0.845,0.925,0.83,0.9,757976
BGA,20200409,4.59,4.65,4.545,4.62,1255382
BGL,20200409,0.51,0.51,0.49,0.5,2466780
BGT,20200409,0.165,0.165,0.16,0.16,153939
BHP,20200409,31.68,31.79,30.82,31.5,7433745
BID,20200409,0.78,0.78,0.73,0.735,198166
BIN,20200409,1.92,2.08,1.92,2.04,2320201
BIQ,20200409,0.003,0.003,0.003,0.003,343820
BIS,20200409,0.81,0.815,0.77,0.77,10593
BIT,20200409,0.1,0.105,0.1,0.1,1834718
BKI,20200409,1.35,1.35,1.325,1.325,97724
BKL,20200409,74.83,75.51,74,75.51,33054
BKT,20200409,0.029,0.033,0.028,0.031,593268
BKW,20200409,13.25,13.72,12.96,13.58,402430
BKY,20200409,0.15,0.15,0.15,0.15,11505
BLD,20200409,2.35,2.6,2.31,2.58,10114635
BLG,20200409,0.027,0.029,0.027,0.027,227969
BLK,20200409,0.01,0.011,0.01,0.01,12190356
BLU,20200409,0.021,0.022,0.019,0.02,1177962
BLX,20200409,0.64,0.64,0.6,0.63,127944
BLY,20200409,0.59,0.615,0.59,0.6,6315
BMN,20200409,0.037,0.038,0.036,0.038,2012388
BNL,20200409,0.004,0.004,0.004,0.004,125000
BNO,20200409,0.053,0.056,0.049,0.049,344323
BNR,20200409,0.03,0.032,0.028,0.032,912146
BOA,20200409,0.23,0.235,0.19,0.19,24000
BOC,20200409,0.23,0.23,0.23,0.23,1857
BOE,20200409,0.05,0.055,0.049,0.054,15780900
BOQ,20200409,5,5.1,4.92,4.98,4429183
BOT,20200409,0.041,0.044,0.041,0.042,5058874
BPH,20200409,0.01,0.01,0.009,0.009,4486616
BPP,20200409,0.014,0.014,0.014,0.014,50000
BPT,20200409,1.42,1.505,1.405,1.485,13813864
BRB,20200409,0.19,0.19,0.18,0.18,146255
BRG,20200409,16.62,17.45,16.52,17.43,651744
BRK,20200409,0.004,0.004,0.004,0.004,2044195
BRL,20200409,0.075,0.077,0.07,0.077,396257
BRN,20200409,0.043,0.045,0.042,0.043,6493649
BRU,20200409,0.098,0.098,0.088,0.094,681650
BRV,20200409,0.019,0.02,0.019,0.02,3436016
BSA,20200409,0.287,0.287,0.285,0.285,538606
BSE,20200409,0.147,0.15,0.145,0.15,135353
BSL,20200409,10.05,10.19,9.76,10.19,2099877
BSM,20200409,0.003,0.004,0.003,0.004,411345
BSX,20200409,0.145,0.15,0.14,0.15,1726121
BTH,20200409,0.605,0.645,0.59,0.61,1445160
BTI,20200409,0.665,0.68,0.665,0.68,88184
BUB,20200409,0.705,0.78,0.705,0.77,7269420
BUD,20200409,0.01,0.01,0.009,0.01,3922642
BUG,20200409,0.15,0.16,0.15,0.16,54040
BUY,20200409,0.006,0.006,0.006,0.006,133333
BVS,20200409,3.94,4.18,3.85,4.17,1112825
BWP,20200409,3.34,3.43,3.33,3.43,1028758
BWR,20200409,1.085,1.105,1.085,1.095,18801
BWX,20200409,3.28,3.28,3.17,3.23,349672
BXB,20200409,11.11,11.17,10.73,10.93,4672045
BYE,20200409,0.145,0.157,0.14,0.155,1294761
CAA,20200409,0.1,0.1,0.095,0.098,57068
CAD,20200409,0.001,0.001,0.001,0.001,18594994
CAF,20200409,0.088,0.091,0.088,0.09,86151
CAG,20200409,0.515,0.515,0.5,0.51,76187
CAI,20200409,0.235,0.26,0.235,0.26,383035
CAJ,20200409,0.18,0.195,0.17,0.195,2570789
CAM,20200409,0.74,0.755,0.74,0.755,111833
CAN,20200409,0.835,0.87,0.835,0.865,410632
CAP,20200409,0.023,0.023,0.023,0.023,100000
CAR,20200409,12.32,12.66,12.2,12.66,1464589
CAT,20200409,0.92,1.075,0.87,1.075,1024271
CAU,20200409,0.08,0.085,0.08,0.085,166078
CAV,20200409,0.002,0.002,0.002,0.002,832038
CAY,20200409,0.099,0.12,0.095,0.115,1419948
CAZ,20200409,0.022,0.023,0.022,0.022,698458
CBA,20200409,61.57,61.76,59.84,61.76,4265838
CBE,20200409,0.175,0.18,0.175,0.18,38839
CBR,20200409,1.47,1.52,1.465,1.51,377326
CCA,20200409,0.07,0.07,0.055,0.055,1056278
CCE,20200409,0.001,0.001,0.001,0.001,3030000
CCG,20200409,0.043,0.045,0.042,0.045,207260
CCL,20200409,9.31,9.46,9.2,9.41,1499542
CCP,20200409,15.1,17.22,15.1,16.28,1186171
CCV,20200409,0.15,0.155,0.15,0.15,21915
CCX,20200409,1.75,1.855,1.7,1.8,1526068
CCZ,20200409,0.014,0.015,0.013,0.015,1443717
CD1,20200409,0.7,0.7,0.7,0.7,3000
CD3,20200409,0.88,0.88,0.805,0.805,6600
CDA,20200409,5.58,5.96,5.58,5.82,297492
CDD,20200409,0.25,0.25,0.24,0.24,185241
CDM,20200409,0.505,0.51,0.495,0.5,359692
CDP,20200409,3.06,3.23,3.06,3.23,36738
CDV,20200409,0.35,0.38,0.35,0.38,2115916
CDX,20200409,0.018,0.021,0.018,0.021,1287068
CDY,20200409,0.31,0.317,0.285,0.3,2989398
CE1,20200409,0.004,0.004,0.004,0.004,2967160
CEL,20200409,0.097,0.1,0.095,0.099,742676
CEN,20200409,5.82,5.82,5.73,5.73,4903
CFO,20200409,0.04,0.041,0.04,0.04,275000
CG1,20200409,0.17,0.21,0.17,0.21,370901
CGB,20200409,0.007,0.008,0.007,0.007,1579390
CGC,20200409,2.72,2.81,2.63,2.78,3496539
CGF,20200409,4.81,5.06,4.81,4.93,4790334
CGL,20200409,3,3.19,2.96,3.07,338704
CGO,20200409,0.102,0.11,0.102,0.11,32986
CGR,20200409,0.47,0.475,0.465,0.475,190358
CGS,20200409,0.35,0.38,0.315,0.345,321103
CHC,20200409,7.6,7.88,7.55,7.88,3006991
CHK,20200409,0.004,0.004,0.004,0.004,6521105
CHZ,20200409,0.06,0.064,0.059,0.064,597502
CI1,20200409,0.035,0.037,0.034,0.035,4971169
CIA,20200409,1.785,1.8,1.72,1.765,389027
CIE,20200409,0.525,0.535,0.52,0.535,48742
CIM,20200409,23.18,23.71,22.66,23.25,526611
CIN,20200409,21.76,21.76,21.2,21.2,1053
CIW,20200409,0.405,0.405,0.405,0.405,42250
CKA,20200409,0.03,0.033,0.028,0.033,268975
CKF,20200409,5.9,6.17,5.85,6.11,663321
CL1,20200409,1.5,1.525,1.455,1.51,229713
CLA,20200409,0.01,0.012,0.01,0.012,1475868
CLQ,20200409,0.16,0.17,0.16,0.165,178385
CLT,20200409,0.14,0.14,0.135,0.135,13521
CLV,20200409,1.81,1.87,1.81,1.865,500191
CLW,20200409,4.57,4.71,4.54,4.67,1845996
CLX,20200409,0.615,0.615,0.61,0.61,12864
CLZ,20200409,0.001,0.001,0.001,0.001,25979998
CM8,20200409,0.014,0.016,0.014,0.016,2015949
CML,20200409,0.011,0.011,0.011,0.011,47837
CMM,20200409,1.05,1.09,1.05,1.09,356241
CMP,20200409,0.445,0.455,0.44,0.445,237967
CMW,20200409,0.765,0.79,0.76,0.79,6137099
CNB,20200409,0.068,0.068,0.066,0.066,44272
CNI,20200409,1.625,1.8,1.555,1.61,1837565
CNJ,20200409,0.007,0.007,0.007,0.007,183571
CNU,20200409,6.7,6.8,6.375,6.38,707972
CNW,20200409,0.02,0.02,0.02,0.02,298148
COB,20200409,0.091,0.094,0.091,0.094,32294
COE,20200409,0.46,0.475,0.45,0.475,3304602
COF,20200409,1.79,1.85,1.745,1.82,1129738
COG,20200409,0.045,0.045,0.041,0.042,1573090
COH,20200409,187.37,189.5,183.84,189.5,240991
COI,20200409,0.06,0.061,0.059,0.06,1242825
COL,20200409,16.2,16.29,15.71,15.95,6744161
CP1,20200409,0.093,0.093,0.093,0.093,8565
CPH,20200409,0.081,0.095,0.081,0.093,2922056
CPT,20200409,0.022,0.022,0.022,0.022,12515
CPU,20200409,10.64,10.96,10.54,10.81,2632662
CPV,20200409,0.107,0.11,0.107,0.11,73361
CQE,20200409,2.23,2.23,2.15,2.21,895533
CQR,20200409,3.2,3.34,3.17,3.24,1720453
CR1,20200409,0.22,0.22,0.215,0.22,34540
CRN,20200409,1.34,1.35,1.28,1.3,313075
CRO,20200409,0.003,0.003,0.003,0.003,840334
CRS,20200409,0.1,0.11,0.1,0.11,20055
CSL,20200409,325.5,329,314.5,329,1209783
CSR,20200409,3.27,3.32,3.18,3.28,4230438
CSS,20200409,0.67,0.71,0.67,0.695,285386
CST,20200409,0.1,0.105,0.095,0.105,310124
CT1,20200409,0.02,0.02,0.02,0.02,150000
CTD,20200409,9.24,10.05,9.24,9.86,695971
CTM,20200409,0.145,0.145,0.14,0.145,639141
CTO,20200409,0.004,0.004,0.004,0.004,500000
CTP,20200409,0.076,0.08,0.076,0.08,578133
CTX,20200409,24.68,25.21,23.33,24.22,1189030
CUE,20200409,0.08,0.08,0.078,0.079,544422
CUP,20200409,0.905,0.92,0.9,0.905,204018
CUV,20200409,20.5,20.5,19.15,20,299906
CUX,20200409,0.004,0.004,0.004,0.004,1100000
CV1,20200409,0.065,0.065,0.065,0.065,50000
CVC,20200409,1.15,1.15,1.15,1.15,867
CVF,20200409,0.73,0.77,0.725,0.725,211048
CVL,20200409,0.4,0.4,0.4,0.4,2500
CVN,20200409,0.155,0.16,0.155,0.155,5274779
CVW,20200409,0.195,0.2,0.19,0.2,3400901
CWN,20200409,8.06,8.38,8.02,8.32,2038209
CWP,20200409,4.55,4.76,4.54,4.64,128946
CWX,20200409,0.16,0.18,0.16,0.17,281063
CWY,20200409,1.715,1.785,1.705,1.775,6344708
CWZ,20200409,0.145,0.145,0.145,0.145,2862
CXL,20200409,0.725,0.735,0.715,0.73,28058
CXO,20200409,0.04,0.04,0.037,0.04,2542308
CXU,20200409,0.019,0.019,0.019,0.019,50000
CXZ,20200409,0.013,0.013,0.012,0.012,601388
CYC,20200409,1.25,1.3,1.245,1.3,55848
CYG,20200409,0.48,0.48,0.475,0.48,130254
CYL,20200409,2.08,2.25,2,2.24,48774
CYP,20200409,0.8,0.8,0.76,0.795,131102
CZI,20200409,0.072,0.08,0.072,0.075,315027
CZN,20200409,0.003,0.003,0.002,0.002,4432405
CZR,20200409,0.009,0.01,0.009,0.009,2113631
D2O,20200409,1.28,1.295,1.255,1.29,67620
DCC,20200409,0.028,0.03,0.026,0.03,8309967
DCG,20200409,0.14,0.145,0.135,0.145,904213
DCL,20200409,0.03,0.037,0.03,0.037,160357
DCX,20200409,0.005,0.005,0.003,0.003,17309809
DDR,20200409,6.36,6.6,6.35,6.5,203254
DDT,20200409,0.004,0.004,0.004,0.004,250000
DEG,20200409,0.265,0.27,0.24,0.25,22232171
DEM,20200409,0.17,0.175,0.16,0.16,74075
DEV,20200409,0.068,0.068,0.064,0.064,120735
DGO,20200409,1.9,1.9,1.81,1.81,17478
DHG,20200409,2.02,2.12,2.01,2.1,2084814
DIV,20200409,18.4,18.41,18.4,18.4,3552
DJW,20200409,2.5,2.51,2.45,2.5,110618
DLC,20200409,0.004,0.004,0.004,0.004,300000
DMP,20200409,51.19,51.25,48.32,49.8,630632
DNA,20200409,0.037,0.039,0.037,0.039,149380
DNK,20200409,0.38,0.395,0.37,0.38,255039
DOR,20200409,0.027,0.027,0.027,0.027,14000
DOW,20200409,3.6,3.82,3.6,3.81,3464459
DRO,20200409,0.11,0.11,0.1,0.1,504737
DSE,20200409,0.036,0.039,0.034,0.037,369321
DTC,20200409,0.695,0.72,0.65,0.7,113698
DTL,20200409,3.2,3.52,3.19,3.45,922508
DTS,20200409,0.135,0.135,0.135,0.135,86223
DTZ,20200409,0.048,0.048,0.046,0.046,125000
DUB,20200409,0.765,0.84,0.755,0.8,1165926
DUI,20200409,4,4.12,3.96,4,159154
DVL,20200409,0.017,0.017,0.014,0.014,491917
DW8,20200409,0.007,0.007,0.006,0.006,9713195
DWS,20200409,0.68,0.75,0.68,0.75,35548
DXB,20200409,0.14,0.145,0.135,0.135,578729
DXN,20200409,0.016,0.016,0.013,0.014,1703271
DXS,20200409,9.41,9.71,9.37,9.48,3212368
DYL,20200409,0.25,0.265,0.225,0.23,690404
E25,20200409,0.14,0.14,0.14,0.14,73999
EAF,20200409,1.21,1.21,1.21,1.21,106884
EAI,20200409,0.925,0.94,0.925,0.935,428494
EAS,20200409,0.65,0.73,0.65,0.73,44268
EAX,20200409,0.11,0.11,0.11,0.11,21625
EBO,20200409,20.98,21,20.95,21,1000
ECF,20200409,0.94,0.95,0.935,0.935,57705
ECP,20200409,0.88,0.9,0.88,0.9,2982
ECS,20200409,0.029,0.029,0.027,0.029,376714
ECX,20200409,0.75,0.815,0.74,0.8,1875179
EDC,20200409,0.92,0.92,0.92,0.92,5000
EDE,20200409,0.034,0.036,0.034,0.036,3084354
EEG,20200409,0.175,0.175,0.175,0.175,6307
EEU,20200409,16.75,16.75,16.75,16.75,4923
EFF,20200409,1.23,1.23,1.23,1.23,10092
EGD,20200409,2.38,2.4,2.36,2.36,69319
EGF,20200409,1.585,1.585,1.58,1.58,64366
EGG,20200409,0.9,0.92,0.89,0.92,140167
EGH,20200409,0.285,0.285,0.285,0.285,7000
EGI,20200409,0.9,0.915,0.9,0.9,132042
EGN,20200409,0.4,0.42,0.4,0.42,18904
EGR,20200409,0.068,0.068,0.068,0.068,50351
EHE,20200409,1.31,1.375,1.3,1.37,1956944
EHL,20200409,1.01,1.11,1.01,1.105,2896439
ELD,20200409,8.13,8.28,8.03,8.22,2303619
ELO,20200409,6.05,6.1,6.03,6.06,82411
ELS,20200409,0.285,0.285,0.28,0.28,20064
ELX,20200409,0.55,0.565,0.545,0.565,138446
EM1,20200409,0.009,0.009,0.009,0.009,276667
EM2,20200409,0.1,0.1,0.1,0.1,167858
EMB,20200409,12,12,12,12,325
EMD,20200409,0.075,0.075,0.075,0.075,166687
EME,20200409,0.09,0.09,0.09,0.09,3200
EMH,20200409,0.19,0.2,0.185,0.19,146600
EML,20200409,2.47,2.57,2.44,2.52,5443185
EMR,20200409,0.35,0.375,0.35,0.375,134353
EMU,20200409,0.015,0.018,0.014,0.017,250480
EMV,20200409,0.675,0.69,0.665,0.665,88733
EN1,20200409,0.016,0.016,0.016,0.016,2307884
ENE,20200409,0.059,0.059,0.051,0.052,810217
ENN,20200409,0.8,0.81,0.77,0.77,134861
ENR,20200409,0.099,0.099,0.099,0.099,5
EOF,20200409,1.75,1.88,1.75,1.845,143560
EOL,20200409,2.25,2.31,2.25,2.31,2980
EOS,20200409,5.58,5.92,5.42,5.84,1148380
EPD,20200409,0.26,0.29,0.24,0.29,148910
EPM,20200409,0.004,0.004,0.004,0.004,35000
EQE,20200409,0.008,0.009,0.007,0.009,2205492
EQT,20200409,20,20.39,20,20.25,35774
EQX,20200409,0.235,0.235,0.235,0.235,33231
ERA,20200409,0.145,0.155,0.145,0.155,55081
ERF,20200409,0.8,0.81,0.765,0.81,159015
ERL,20200409,0.009,0.009,0.008,0.008,1113611
ERM,20200409,0.077,0.077,0.075,0.075,261799
ERX,20200409,0.04,0.043,0.04,0.041,1040188
ESH,20200409,0.007,0.01,0.007,0.009,22611621
ESR,20200409,0.005,0.006,0.005,0.006,459308
ETF,20200409,17.21,17.21,17.21,17.21,500
EUC,20200409,0.017,0.017,0.015,0.015,1066100
EUR,20200409,0.05,0.05,0.049,0.05,57010
EVE,20200409,0.004,0.004,0.004,0.004,4361085
EVN,20200409,4.42,4.54,4.39,4.54,9349714
EVO,20200409,0.076,0.079,0.075,0.075,968728
EVS,20200409,0.145,0.15,0.13,0.13,2753803
EVT,20200409,7.61,7.78,7.61,7.68,146659
EVZ,20200409,0.074,0.074,0.074,0.074,310
EWC,20200409,0.062,0.065,0.06,0.065,357204
EX1,20200409,0.19,0.205,0.17,0.205,156000
EXL,20200409,0.37,0.385,0.357,0.365,635475
EXP,20200409,0.084,0.092,0.084,0.089,489418
EXR,20200409,0.02,0.021,0.019,0.02,3914618
EZL,20200409,0.73,0.78,0.73,0.78,193450
FAR,20200409,0.018,0.018,0.016,0.016,14316099
FAU,20200409,0.006,0.006,0.006,0.006,200000
FBR,20200409,0.032,0.032,0.028,0.03,2312407
FBU,20200409,3.42,3.52,3.38,3.5,1511512
FCL,20200409,2.86,3.06,2.85,3.06,119308
FCT,20200409,0.087,0.087,0.08,0.087,697652
FDV,20200409,0.685,0.705,0.675,0.675,162906
FEX,20200409,0.033,0.033,0.03,0.03,415454
FFG,20200409,0.009,0.009,0.007,0.007,3482310
FFI,20200409,5,5,5,5,2140
FFL,20200409,0.26,0.275,0.26,0.275,50000
FFR,20200409,0.027,0.029,0.027,0.029,31949
FGG,20200409,1.05,1.065,1.05,1.065,311543
FGO,20200409,0.001,0.001,0.001,0.001,750000
FGR,20200409,0.13,0.155,0.13,0.145,1048321
FGX,20200409,0.91,0.93,0.91,0.925,906989
FHS,20200409,0.023,0.023,0.021,0.021,1977914
FID,20200409,4.45,4.45,4.21,4.25,19790
FIJ,20200409,0.056,0.056,0.056,0.056,5500
FLC,20200409,0.28,0.285,0.27,0.285,209136
FLN,20200409,0.345,0.35,0.335,0.35,202941
FLT,20200409,11,11.56,10.91,11.56,4078044
FMG,20200409,11.46,11.53,11.2,11.34,11128021
FML,20200409,0.19,0.21,0.185,0.21,34130
FMS,20200409,0.027,0.027,0.024,0.024,893853
FNP,20200409,4.25,4.34,4.17,4.25,1452541
FNT,20200409,0.007,0.007,0.007,0.007,500000
FOD,20200409,0.067,0.068,0.065,0.067,2605476
FOR,20200409,0.71,0.72,0.7,0.71,102641
FPC,20200409,0.695,0.7,0.655,0.7,68776
FPH,20200409,26.69,27.02,25.78,25.94,1226176
FPL,20200409,0.003,0.003,0.003,0.003,2252378
FPP,20200409,0.65,0.65,0.65,0.65,4800
FRI,20200409,0.66,0.695,0.65,0.685,115600
FRM,20200409,0.23,0.24,0.23,0.24,39192
FRX,20200409,0.014,0.015,0.014,0.015,445751
FSA,20200409,0.95,0.95,0.93,0.93,17335
FTC,20200409,0.069,0.069,0.067,0.067,67690
FTT,20200409,0.002,0.002,0.002,0.002,2000000
FTZ,20200409,0.061,0.061,0.061,0.061,10000
FUN,20200409,0.013,0.013,0.013,0.013,153371
FWD,20200409,1.25,1.33,1.25,1.29,40246
FXL,20200409,0.82,0.88,0.775,0.85,2924846
FYI,20200409,0.042,0.043,0.037,0.041,246087
FZO,20200409,0.165,0.165,0.145,0.16,2002995
G1A,20200409,0.185,0.195,0.175,0.175,593797
G88,20200409,0.025,0.025,0.025,0.025,13270
GAL,20200409,0.175,0.18,0.175,0.18,540780
GAP,20200409,0.14,0.14,0.125,0.125,216788
GAS,20200409,0.4,0.4,0.39,0.39,4500
GBR,20200409,0.035,0.035,0.028,0.028,75500
GBZ,20200409,0.065,0.067,0.061,0.063,318813
GC1,20200409,0.55,0.55,0.517,0.54,103148
GCI,20200409,1.72,1.72,1.68,1.71,35207
GDF,20200409,0.89,0.89,0.835,0.86,227851
GDI,20200409,1.02,1.035,0.98,1.015,1400433
GDX,20200409,42.59,42.6,41.8,42.44,22817
GED,20200409,0.008,0.008,0.008,0.008,50
GEV,20200409,0.085,0.085,0.076,0.084,153228
GFL,20200409,1.72,1.81,1.72,1.81,11562
GGG,20200409,0.1,0.105,0.1,0.105,745775
GID,20200409,0.003,0.004,0.003,0.004,135000
GLB,20200409,1.055,1.055,1.05,1.05,7354
GLL,20200409,0.6,0.635,0.6,0.635,141400
GLN,20200409,0.15,0.16,0.15,0.16,218345
GLV,20200409,0.001,0.001,0.001,0.001,62500
GMA,20200409,2,2.12,1.985,2.07,557512
GME,20200409,0.04,0.04,0.04,0.04,10500
GMG,20200409,13.15,13.86,13.11,13.86,8663557
GML,20200409,0.012,0.012,0.01,0.01,2535100
GMR,20200409,0.005,0.006,0.005,0.006,480097
GMV,20200409,0.14,0.145,0.1,0.105,24210858
GNC,20200409,3.35,3.42,3.3,3.35,1882923
GNE,20200409,2.46,2.53,2.42,2.43,38283
GNG,20200409,0.725,0.75,0.725,0.725,7221
GNM,20200409,0.005,0.006,0.005,0.006,1960550
GNX,20200409,0.165,0.175,0.16,0.175,294690
GOR,20200409,1.42,1.485,1.4,1.475,9203097
GOW,20200409,1.575,1.575,1.575,1.575,15700
GOZ,20200409,2.91,3.07,2.91,3.06,1923253
GPR,20200409,0.295,0.3,0.295,0.3,5261574
GPT,20200409,4,4.16,3.97,4.06,5480091
GRB,20200409,0.056,0.056,0.052,0.055,638534
GRL,20200409,0.102,0.105,0.098,0.099,276574
GRR,20200409,0.19,0.205,0.19,0.2,2856243
GRV,20200409,0.017,0.018,0.017,0.018,136943
GSM,20200409,0.085,0.089,0.085,0.089,41000
GSN,20200409,0.041,0.043,0.041,0.043,770389
GSS,20200409,1.7,1.85,1.7,1.8,445805
GSW,20200409,0.575,0.6,0.57,0.57,66116
GTG,20200409,0.005,0.005,0.005,0.005,4824999
GTK,20200409,1.3,1.32,1.25,1.315,126304
GTN,20200409,0.45,0.45,0.42,0.42,9685
GUD,20200409,8.8,9,8.69,8.93,509678
GVF,20200409,0.885,0.89,0.855,0.86,161257
GWA,20200409,2.38,2.52,2.37,2.49,697226
GWR,20200409,0.065,0.065,0.065,0.065,2226
GXY,20200409,0.845,0.85,0.82,0.82,1246372
HAS,20200409,0.064,0.065,0.057,0.064,964737
HAW,20200409,0.12,0.12,0.12,0.12,210703
HCH,20200409,0.018,0.019,0.017,0.017,9921306
HCT,20200409,0.165,0.17,0.155,0.16,11329880
HE8,20200409,0.102,0.105,0.102,0.105,441712
HFR,20200409,0.285,0.32,0.285,0.3,166826
HGO,20200409,0.037,0.039,0.037,0.039,147460
HIL,20200409,0.22,0.22,0.205,0.205,123862
HLA,20200409,0.65,0.685,0.65,0.68,53310
HLO,20200409,1.41,1.44,1.3,1.395,450430
HLS,20200409,2,2.075,1.96,2.05,4559647
HLX,20200409,0.005,0.005,0.005,0.005,625000
HM1,20200409,2.49,2.49,2.43,2.45,264397
HMC,20200409,2.6,2.625,2.44,2.44,44422
HMD,20200409,0.15,0.15,0.14,0.14,265894
HMX,20200409,0.017,0.018,0.016,0.016,907209
HNG,20200409,0.18,0.18,0.175,0.175,13834
HNR,20200409,0.007,0.007,0.006,0.006,1668750
HPI,20200409,2.31,2.42,2.28,2.35,335015
HPR,20200409,0.06,0.06,0.06,0.06,79545
HRL,20200409,0.079,0.085,0.077,0.085,370000
HRN,20200409,0.2,0.2,0.2,0.2,100000
HRR,20200409,0.03,0.03,0.026,0.027,3994557
HRZ,20200409,0.061,0.065,0.06,0.06,1110501
HSC,20200409,0.006,0.007,0.005,0.006,79452092
HSN,20200409,2.75,2.81,2.75,2.8,1147792
HT1,20200409,1.26,1.295,1.235,1.27,56727
HT8,20200409,0.019,0.025,0.019,0.02,1758320
HTA,20200409,0.13,0.13,0.13,0.13,15000
HTG,20200409,0.098,0.1,0.093,0.094,847544
HUB,20200409,8.8,9.21,8.68,9.21,360728
HUO,20200409,3.2,3.21,3.06,3.06,68659
HVM,20200409,0.15,0.15,0.15,0.15,63904
HVN,20200409,2.75,2.81,2.7,2.81,4996188
HWH,20200409,0.015,0.015,0.015,0.015,7000
HWK,20200409,0.005,0.006,0.005,0.006,2232778
HYD,20200409,0.098,0.099,0.084,0.084,475507
HZN,20200409,0.058,0.059,0.057,0.059,778113
HZR,20200409,0.335,0.365,0.335,0.365,626050
IAA,20200409,93.76,93.93,92.04,92.85,22362
IAF,20200409,115.13,115.53,114.53,115.53,13445
IAG,20200409,6.16,6.24,6,6.13,7254826
IAP,20200409,1.125,1.175,1.105,1.105,671372
IBC,20200409,0.405,0.405,0.4,0.4,3636
IBG,20200409,0.007,0.007,0.007,0.007,193000
IBX,20200409,0.011,0.012,0.01,0.012,3004378
ICE,20200409,0.13,0.13,0.13,0.13,242665
ICG,20200409,0.002,0.002,0.001,0.001,14050999
ICI,20200409,0.024,0.028,0.024,0.028,630450
ICQ,20200409,0.17,0.19,0.17,0.185,322421
ICT,20200409,0.035,0.035,0.035,0.035,50000
IDA,20200409,0.024,0.024,0.022,0.022,1065592
IDT,20200409,0.125,0.23,0.125,0.145,14238717
IDX,20200409,2.6,2.75,2.58,2.72,607756
IDZ,20200409,0.002,0.002,0.002,0.002,750000
IEL,20200409,13.63,14.72,13.34,14.52,1648929
IEM,20200409,58.59,60,56.67,56.89,53545
IEU,20200409,57.49,57.92,57.01,57.77,41574
IFL,20200409,3.83,4.02,3.82,3.95,1974236
IFM,20200409,1.6,1.705,1.59,1.655,569817
IFN,20200409,0.525,0.53,0.49,0.5,2051888
IFT,20200409,4.15,4.16,4.1,4.1,11157
IGB,20200409,114.21,114.63,114.17,114.63,2348
IGL,20200409,0.48,0.54,0.475,0.525,1188412
IGO,20200409,4.89,4.96,4.63,4.75,3422217
IHD,20200409,10.91,11.01,10.76,11.01,171677
IHL,20200409,0.05,0.055,0.05,0.054,1154970
IHR,20200409,0.045,0.048,0.044,0.048,447120
IJH,20200409,240.02,246.12,240.02,245.32,5933
IJP,20200409,80.52,80.52,79.48,80.31,6975
IJR,20200409,92,93.42,92,93.42,4490
IKO,20200409,79.97,80.72,79.58,79.58,2714
ILB,20200409,122.16,123.99,122,123.97,1616
ILC,20200409,21.15,21.17,20.77,21.12,49089
ILU,20200409,7.16,7.47,6.98,7.29,2860039
IMA,20200409,0.13,0.15,0.13,0.145,2250943
IMC,20200409,0.078,0.081,0.076,0.081,176608
IMD,20200409,0.83,0.905,0.83,0.88,784573
IME,20200409,0.024,0.024,0.024,0.024,199769
IMM,20200409,0.13,0.14,0.13,0.135,1564661
IMR,20200409,0.9,0.915,0.895,0.9,90259
IMS,20200409,0.004,0.004,0.003,0.003,376572
IMU,20200409,0.025,0.027,0.025,0.027,24267126
INA,20200409,3.25,3.38,3.13,3.33,1894239
INF,20200409,0.037,0.04,0.036,0.04,190729
ING,20200409,3.33,3.46,3.33,3.38,1560564
INP,20200409,0.01,0.011,0.01,0.011,33519
INR,20200409,0.095,0.105,0.095,0.1,3410294
IOD,20200409,0.08,0.08,0.078,0.078,27
IOO,20200409,75.89,75.89,74.72,75.63,62024
IOZ,20200409,21.85,21.93,21.45,21.93,547459
IPB,20200409,0.013,0.013,0.013,0.013,215000
IPD,20200409,0.035,0.035,0.034,0.035,6463476
IPH,20200409,7.21,7.44,7.09,7.44,992048
IPL,20200409,2.15,2.22,2.13,2.21,6542501
IPT,20200409,0.007,0.007,0.007,0.007,1663475
IRE,20200409,10.48,10.71,10.33,10.54,1325228
IRI,20200409,2.85,2.92,2.81,2.85,250116
ISD,20200409,0.16,0.16,0.15,0.16,169809
ISO,20200409,3.82,3.88,3.81,3.87,133543
ISU,20200409,0.245,0.245,0.2,0.21,118700
ITG,20200409,0.19,0.2,0.18,0.2,565750
IVC,20200409,10.93,11.46,10.92,11.28,562754
IVE,20200409,88.4,88.4,87.26,87.54,4871
IVR,20200409,0.013,0.013,0.013,0.013,584762
IVV,20200409,441,443.99,438.82,443.69,25718
IVZ,20200409,0.015,0.016,0.015,0.016,628482
IXC,20200409,0.885,0.92,0.885,0.92,24457
IXI,20200409,79.73,79.99,79.36,79.49,2787
IXJ,20200409,102.7,103.43,102.12,103.35,8603
IXR,20200409,0.005,0.005,0.005,0.005,3901815
IXU,20200409,0.029,0.029,0.024,0.024,1636805
IZZ,20200409,62.4,62.4,61.07,61.14,5007
JAN,20200409,0.3,0.3,0.3,0.3,6667
JAT,20200409,0.049,0.054,0.048,0.053,2977781
JAY,20200409,0.08,0.08,0.079,0.08,177680
JBH,20200409,32.74,33.9,32.17,33.9,1092505
JDR,20200409,0.009,0.009,0.008,0.008,2953345
JHC,20200409,0.49,0.495,0.485,0.495,951994
JHG,20200409,25.8,26.37,25.62,26.03,605055
JHX,20200409,19.69,20.27,19.22,20.27,3061756
JIN,20200409,10.78,11.3,10.38,11.3,903761
JLG,20200409,2.2,2.29,2.195,2.25,397448
JMS,20200409,0.23,0.23,0.225,0.225,6312052
JRV,20200409,0.14,0.15,0.14,0.14,496321
JXT,20200409,0.02,0.02,0.02,0.02,1728318
JYC,20200409,0.91,0.91,0.91,0.91,1840
K2F,20200409,0.205,0.215,0.2,0.2,67837
KAI,20200409,0.008,0.008,0.008,0.008,240000
KAR,20200409,0.515,0.555,0.51,0.545,10660190
KAU,20200409,0.165,0.17,0.165,0.17,92501
KCN,20200409,0.405,0.43,0.4,0.42,246746
KEY,20200409,0.003,0.003,0.003,0.003,499000
KGL,20200409,0.125,0.135,0.12,0.12,57814
KGN,20200409,6.09,6.14,5.94,6.07,774707
KIN,20200409,0.051,0.051,0.05,0.05,200000
KIS,20200409,0.038,0.038,0.035,0.035,77562
KKC,20200409,1.7,1.795,1.69,1.75,597370
KLA,20200409,54,56,54,56,430
KMD,20200409,0.635,0.67,0.615,0.615,4923166
KME,20200409,1.04,1.04,0.98,1,68894
KNM,20200409,0.022,0.022,0.018,0.018,1207118
KNO,20200409,0.05,0.05,0.05,0.05,40000
KOV,20200409,3.14,3.14,3.1,3.11,15100
KP2,20200409,0.01,0.011,0.009,0.011,634222
KPO,20200409,0.035,0.035,0.03,0.034,3522771
KPT,20200409,0.895,0.99,0.895,0.99,29739
KRM,20200409,0.027,0.029,0.026,0.029,556920
KRR,20200409,0.024,0.031,0.024,0.031,2919800
KSL,20200409,0.955,0.985,0.95,0.985,193092
KSN,20200409,0.13,0.135,0.12,0.135,127113
KSS,20200409,0.21,0.21,0.2,0.21,172026
KTA,20200409,0.045,0.048,0.044,0.047,1036413
KTD,20200409,0.42,0.45,0.405,0.41,1196844
KTG,20200409,0.085,0.085,0.08,0.08,75991
KWR,20200409,0.135,0.135,0.13,0.13,165000
KZA,20200409,0.445,0.455,0.42,0.44,171716
KZR,20200409,0.455,0.49,0.455,0.48,103464
LAA,20200409,0.015,0.015,0.015,0.015,37500
LAU,20200409,0.33,0.33,0.325,0.33,313311
LAW,20200409,0.03,0.034,0.03,0.034,291025
LBL,20200409,0.375,0.43,0.37,0.42,274018
LBT,20200409,0.11,0.11,0.105,0.11,557861
LCK,20200409,0.105,0.105,0.105,0.105,25167
LCL,20200409,0.025,0.026,0.025,0.026,53266
LCM,20200409,0.135,0.135,0.135,0.135,32100
LCT,20200409,0.011,0.011,0.011,0.011,30000
LEG,20200409,0.165,0.17,0.16,0.16,7490809
LEP,20200409,4.05,4.28,4.05,4.16,118617
LEX,20200409,0.19,0.19,0.17,0.17,10590
LGP,20200409,0.285,0.31,0.27,0.31,299511
LI3,20200409,0.015,0.015,0.014,0.014,454616
LIC,20200409,6.6,6.99,6.5,6.8,344769
LIN,20200409,0.017,0.017,0.016,0.016,206360
LIT,20200409,0.056,0.058,0.055,0.057,1864222
LKE,20200409,0.036,0.037,0.036,0.037,1099746
LLC,20200409,10.63,11.79,10.48,11.65,2831611
LNG,20200409,0.105,0.115,0.105,0.115,941785
LNK,20200409,3.33,3.39,3.31,3.39,2978977
LNU,20200409,0.01,0.013,0.01,0.013,2367607
LNY,20200409,0.004,0.004,0.004,0.004,229000
LOM,20200409,0.06,0.061,0.058,0.059,458507
LON,20200409,0.09,0.09,0.08,0.09,163810
LOT,20200409,0.05,0.053,0.046,0.05,1486295
LOV,20200409,5.57,6.81,5.5,6.22,1084150
LPD,20200409,0.012,0.012,0.012,0.012,1943084
LPE,20200409,0.225,0.23,0.225,0.23,83017
LPI,20200409,0.16,0.17,0.16,0.17,13238
LRS,20200409,0.004,0.004,0.003,0.003,240000
LSF,20200409,0.92,0.95,0.91,0.945,1022176
LSH,20200409,0.056,0.066,0.056,0.059,1687286
LSR,20200409,0.005,0.005,0.005,0.005,168400
LTR,20200409,0.076,0.078,0.076,0.077,2220368
LVE,20200409,0.043,0.045,0.043,0.043,550000
LVH,20200409,0.12,0.13,0.115,0.13,146220
LVT,20200409,0.205,0.215,0.2,0.205,3615907
LYC,20200409,1.37,1.46,1.37,1.45,4233577
LYL,20200409,3.76,3.78,3.74,3.75,61294
M7T,20200409,0.54,0.57,0.54,0.555,505922
M8S,20200409,0.068,0.075,0.068,0.075,407000
MA1,20200409,0.81,0.83,0.8,0.83,101629
MAD,20200409,0.67,0.68,0.66,0.67,83800
MAG,20200409,0.245,0.265,0.245,0.26,276092
MAH,20200409,0.21,0.22,0.21,0.22,758844
MAI,20200409,0.36,0.37,0.36,0.37,286773
MAM,20200409,0.21,0.23,0.21,0.23,116738
MAQ,20200409,25.99,26,24.81,24.88,2879
MAR,20200409,0.001,0.001,0.001,0.001,6791432
MAT,20200409,0.095,0.095,0.091,0.091,56316
MAU,20200409,0.595,0.65,0.58,0.65,145457
MAY,20200409,0.003,0.003,0.003,0.003,2575000
MCA,20200409,0.115,0.115,0.11,0.11,151342
MCM,20200409,0.22,0.22,0.2,0.2,31034
MCP,20200409,2.3,2.4,2.27,2.4,442818
MCR,20200409,0.59,0.59,0.56,0.58,311442
MCT,20200409,0.003,0.003,0.003,0.003,100000
MCY,20200409,4.17,4.17,4.09,4.09,14929
MDC,20200409,0.26,0.265,0.235,0.235,1044208
MDR,20200409,0.4,0.415,0.39,0.41,279595
MEA,20200409,0.18,0.19,0.175,0.19,222857
MEB,20200409,0.009,0.009,0.008,0.008,3836292
MEC,20200409,0.835,0.835,0.805,0.805,37106
MEI,20200409,0.011,0.012,0.011,0.012,1237642
MEL,20200409,0.024,0.024,0.022,0.022,44551
MEM,20200409,0.042,0.045,0.04,0.045,125046
MEP,20200409,0.033,0.033,0.029,0.029,99947
MEU,20200409,0.038,0.039,0.036,0.036,1701971
MEY,20200409,0.052,0.059,0.05,0.05,429996
MEZ,20200409,4.4,4.42,4.2,4.23,31085
MFD,20200409,0.745,0.745,0.68,0.7,54116
MFF,20200409,2.82,2.85,2.77,2.82,254348
MFG,20200409,49.33,50.5,47.5,49.87,766802
MGC,20200409,0.44,0.45,0.44,0.44,61431
MGE,20200409,4,4.04,4,4.04,548661
MGG,20200409,1.74,1.765,1.725,1.76,1131843
MGR,20200409,2.23,2.31,2.21,2.3,14773460
MGV,20200409,0.115,0.117,0.11,0.11,728721
MGX,20200409,0.695,0.71,0.685,0.69,2138196
MHC,20200409,0.005,0.005,0.005,0.005,1200000
MHG,20200409,3.21,3.22,3.2,3.21,665600
MHH,20200409,1.41,1.45,1.405,1.45,611424
MHJ,20200409,0.25,0.255,0.242,0.255,345403
MIL,20200409,0.26,0.26,0.26,0.26,10000
MIN,20200409,15.57,15.79,14.91,15.22,1002408
MIO,20200409,0.11,0.12,0.11,0.12,29000
MIR,20200409,1.94,1.95,1.91,1.92,207547
MJC,20200409,0.02,0.02,0.02,0.02,930000
MLD,20200409,0.74,0.795,0.735,0.775,384971
MLL,20200409,0.045,0.046,0.042,0.044,820888
MLT,20200409,3.93,3.95,3.8,3.9,458717
MLX,20200409,0.079,0.081,0.075,0.078,1548527
MME,20200409,0.805,0.84,0.77,0.8,260730
MMI,20200409,0.105,0.11,0.099,0.099,4972308
MMJ,20200409,0.083,0.095,0.081,0.092,1195985
MML,20200409,0.48,0.48,0.455,0.455,248307
MMM,20200409,1.02,1.24,1.02,1.21,2249941
MMS,20200409,7.28,7.51,7.19,7.34,290602
MND,20200409,10.02,10.66,10.02,10.66,204949
MNF,20200409,4.62,4.68,4.48,4.58,134457
MNS,20200409,0.051,0.053,0.047,0.053,1203928
MNW,20200409,0.007,0.007,0.006,0.006,1624416
MNY,20200409,1.18,1.45,1.18,1.38,1598710
MOB,20200409,0.057,0.057,0.056,0.057,110000
MOC,20200409,0.64,0.675,0.64,0.665,154624
MOE,20200409,2.27,2.4,2.16,2.38,1651227
MOH,20200409,0.083,0.083,0.08,0.08,419806
MOT,20200409,1.67,1.68,1.6,1.61,185265
MOZ,20200409,0.77,0.775,0.71,0.755,209446
MP1,20200409,10.3,10.64,10.25,10.48,669237
MPL,20200409,2.68,2.7,2.65,2.69,6349503
MQG,20200409,96,99.5,95.17,99.5,1707713
MQR,20200409,0.025,0.03,0.025,0.03,80626
MRC,20200409,0.24,0.26,0.23,0.26,65093
MRD,20200409,0.001,0.001,0.001,0.001,1250000
MRG,20200409,0.011,0.012,0.01,0.01,2832440
MRM,20200409,0.076,0.091,0.076,0.091,609945
MRQ,20200409,0.009,0.009,0.008,0.009,17927797
MRR,20200409,0.013,0.014,0.013,0.014,300000
MRZ,20200409,0.16,0.16,0.14,0.14,15721
MSB,20200409,2.14,2.51,1.98,2.5,17526086
MSE,20200409,0.007,0.008,0.007,0.008,2992777
MSG,20200409,0.015,0.015,0.013,0.013,2670570
MSR,20200409,0.002,0.002,0.002,0.002,2530000
MSV,20200409,0.34,0.385,0.34,0.36,289406
MTC,20200409,0.145,0.195,0.14,0.17,4874156
MTH,20200409,0.005,0.005,0.005,0.005,200000
MTO,20200409,0.645,0.7,0.64,0.67,103195
MTS,20200409,2.79,2.87,2.77,2.81,3309414
MVA,20200409,17.4,18.03,17.2,17.92,14611
MVB,20200409,17.6,17.81,17.5,17.8,9855
MVE,20200409,22.72,22.78,22.53,22.78,7243
MVF,20200409,0.51,0.56,0.51,0.56,864851
MVP,20200409,6.77,7.31,6.55,6.9,340162
MVR,20200409,23.97,23.97,23.63,23.88,5691
MVS,20200409,14.9,14.99,14.9,14.99,6320
MVW,20200409,23.81,24.06,23.55,24.05,61241
MWR,20200409,0.094,0.098,0.089,0.093,321418
MWY,20200409,0.995,1.01,0.99,0.99,193444
MX1,20200409,0.175,0.18,0.16,0.16,1553454
MXI,20200409,0.175,0.175,0.165,0.17,569501
MXR,20200409,0.032,0.032,0.032,0.032,10000
MXT,20200409,1.8,1.81,1.76,1.8,485926
MYE,20200409,0.7,0.7,0.68,0.69,39365
MYL,20200409,0.039,0.042,0.039,0.042,998017
MYQ,20200409,0.145,0.145,0.145,0.145,7420
MYR,20200409,0.155,0.165,0.155,0.155,10301966
MYS,20200409,3.92,3.96,3.81,3.84,64530
MYX,20200409,0.305,0.322,0.3,0.32,5021293
MZZ,20200409,0.145,0.165,0.14,0.15,217169
NAB,20200409,15.87,16.08,15.52,16.08,11420512
NAC,20200409,0.675,0.69,0.675,0.69,34004
NAG,20200409,0.043,0.043,0.043,0.043,15653
NAM,20200409,0.285,0.29,0.285,0.29,5000
NAN,20200409,6.18,6.31,6.11,6.25,1374630
NBI,20200409,1.51,1.57,1.495,1.53,261840
NC6,20200409,0.036,0.036,0.024,0.024,147890
NCC,20200409,0.78,0.79,0.75,0.75,44282
NCK,20200409,4.22,4.61,4.11,4.23,1018549
NCM,20200409,25.67,25.83,24.94,25.64,3214574
NCR,20200409,0.006,0.007,0.006,0.007,158333
NCZ,20200409,0.155,0.165,0.15,0.15,5769302
NDQ,20200409,22.46,22.49,22.23,22.49,116608
NEA,20200409,1.28,1.29,1.22,1.255,3421485
NEC,20200409,1.2,1.225,1.185,1.22,5279344
NES,20200409,0.038,0.038,0.035,0.038,76500
NEU,20200409,1.08,1.34,1.065,1.34,352171
NEW,20200409,1,1.01,0.995,1.01,199880
NGE,20200409,0.425,0.45,0.425,0.45,40498
NGI,20200409,1.69,1.71,1.28,1.3,4246518
NHC,20200409,1.485,1.5,1.42,1.48,3318369
NHF,20200409,4.82,5.02,4.78,4.99,1271831
NIC,20200409,0.48,0.502,0.47,0.5,4173801
NML,20200409,0.085,0.085,0.082,0.082,401481
NMT,20200409,0.17,0.17,0.155,0.16,532950
NNW,20200409,0.053,0.053,0.053,0.053,3350
NOR,20200409,0.026,0.029,0.026,0.029,666388
NOV,20200409,0.12,0.135,0.115,0.13,131575
NOX,20200409,0.195,0.2,0.19,0.19,733055
NSB,20200409,0.185,0.195,0.185,0.185,35160
NSC,20200409,0.465,0.48,0.46,0.48,112121
NSR,20200409,1.615,1.68,1.61,1.68,4761859
NST,20200409,11.64,11.88,11.28,11.51,4585856
NSX,20200409,0.12,0.12,0.105,0.105,119764
NTD,20200409,0.27,0.27,0.25,0.25,87203
NTM,20200409,0.063,0.063,0.063,0.063,198221
NTO,20200409,1.32,1.45,1.3,1.3,268911
NTU,20200409,0.026,0.027,0.025,0.025,5989623
NUC,20200409,2.28,2.35,2.28,2.28,23609
NUF,20200409,4.67,5.16,4.67,4.93,2817967
NUH,20200409,0.018,0.018,0.017,0.018,173264
NUS,20200409,0.25,0.25,0.25,0.25,4447
NVA,20200409,0.03,0.031,0.03,0.03,1756258
NVO,20200409,0.007,0.007,0.007,0.007,145000
NVX,20200409,0.27,0.27,0.27,0.27,53654
NWC,20200409,0.006,0.007,0.006,0.007,3085231
NWF,20200409,0.16,0.16,0.16,0.16,50000
NWH,20200409,1.7,1.77,1.65,1.69,2441084
NWL,20200409,7.46,7.89,7.46,7.64,1714701
NWS,20200409,14.4,15.03,14.4,14.84,291670
NXE,20200409,0.006,0.007,0.006,0.007,429865
NXM,20200409,0.04,0.04,0.04,0.04,20000
NXS,20200409,1.95,2.04,1.74,1.77,1204747
NXT,20200409,8.46,8.7,8.44,8.67,4377213
NYR,20200409,0.15,0.15,0.145,0.145,95004
NZK,20200409,1.8,1.8,1.795,1.8,5234
NZM,20200409,0.19,0.19,0.18,0.18,111042
NZS,20200409,0.017,0.018,0.017,0.018,966639
OAR,20200409,0.002,0.002,0.002,0.002,2510000
OAU,20200409,0.013,0.013,0.013,0.013,74612
OBL,20200409,3.43,3.65,3.43,3.59,1357695
OBM,20200409,0.15,0.165,0.147,0.165,1188657
OCC,20200409,0.337,0.35,0.337,0.35,706147
OCL,20200409,5.8,5.8,5.6,5.7,52449
ODA,20200409,0.1,0.1,0.1,0.1,64696
OEC,20200409,0.515,0.54,0.515,0.54,50062
OEL,20200409,0.005,0.005,0.005,0.005,11618237
OEQ,20200409,0.049,0.049,0.049,0.049,14000
OFX,20200409,1.175,1.2,1.16,1.17,178214
OGC,20200409,1.76,1.82,1.76,1.8,612479
OIL,20200409,0.024,0.028,0.023,0.024,349693
OKU,20200409,0.24,0.25,0.24,0.25,577381
OLI,20200409,0.065,0.065,0.06,0.061,162108
OLL,20200409,0.22,0.23,0.215,0.23,516085
OMH,20200409,0.345,0.37,0.34,0.35,131464
OML,20200409,0.675,0.82,0.675,0.76,16582538
ONT,20200409,5.11,5.2,5.11,5.2,5661
ONX,20200409,0.032,0.032,0.032,0.032,30000
OOO,20200409,6.7,6.7,6.36,6.44,1032844
OPC,20200409,4.7,4.7,4.65,4.7,19528
OPH,20200409,2.17,2.21,2.15,2.2,161417
OPL,20200409,0.075,0.09,0.075,0.09,25000
OPT,20200409,2.2,2.45,2.17,2.33,908584
OPY,20200409,0.75,0.78,0.7,0.7,235166
ORA,20200409,2.47,2.6,2.47,2.6,3032342
ORE,20200409,2.24,2.3,2.13,2.17,1437287
ORG,20200409,5,5.11,4.89,5.1,8491343
ORI,20200409,17.34,17.62,16.83,17.18,1479229
ORN,20200409,0.013,0.013,0.013,0.013,140000
ORR,20200409,0.31,0.33,0.31,0.33,89405
OSH,20200409,2.68,2.8,2.62,2.7,27829314
OSL,20200409,0.125,0.125,0.12,0.125,1608173
OSP,20200409,0.013,0.013,0.011,0.013,2133038
OSX,20200409,0.46,0.51,0.46,0.5,82352
OTW,20200409,3.13,3.2,3.06,3.09,24986
OVH,20200409,0.21,0.22,0.205,0.22,238421
OVN,20200409,0.25,0.275,0.24,0.27,497899
OVT,20200409,0.01,0.01,0.009,0.01,2411700
OZF,20200409,13.57,13.77,13.57,13.72,925
OZG,20200409,0.145,0.15,0.145,0.15,394330
OZL,20200409,7.82,8.25,7.82,8.2,2419994
OZR,20200409,9.65,9.65,9.51,9.53,8505
PAA,20200409,0.08,0.09,0.078,0.086,347030
PAC,20200409,4.49,4.55,4.39,4.39,31540
PAF,20200409,0.7,0.73,0.7,0.73,41555
PAI,20200409,0.975,0.975,0.965,0.97,163842
PAL,20200409,0.555,0.56,0.555,0.56,36833
PAN,20200409,0.115,0.125,0.115,0.12,1437201
PAR,20200409,1.655,1.695,1.57,1.59,1881939
PBH,20200409,2.87,3.43,2.86,3.43,2007312
PBP,20200409,1.9,1.9,1.86,1.885,46604
PCG,20200409,0.97,0.97,0.97,0.97,16022
PCI,20200409,0.905,0.915,0.9,0.915,189585
PCK,20200409,0.099,0.102,0.098,0.099,4280238
PCL,20200409,0.001,0.001,0.001,0.001,1850000
PDI,20200409,0.006,0.006,0.006,0.006,1990714
PDL,20200409,4.88,5.14,4.87,4.99,1039673
PDN,20200409,0.065,0.073,0.062,0.073,27839386
PE1,20200409,1.37,1.37,1.32,1.32,232821
PEC,20200409,0.017,0.02,0.016,0.02,650000
PEK,20200409,0.019,0.019,0.015,0.016,10419197
PEN,20200409,0.135,0.135,0.125,0.135,1205622
PET,20200409,0.57,0.58,0.52,0.57,3235998
PFP,20200409,2.82,2.82,2.68,2.74,61090
PG1,20200409,0.1,0.1,0.1,0.1,5000
PGC,20200409,0.13,0.145,0.13,0.145,474128
PGF,20200409,0.86,0.895,0.86,0.895,514607
PGG,20200409,1.36,1.4,1.36,1.36,490692
PGH,20200409,1.875,1.94,1.805,1.855,1976945
PGL,20200409,0.54,0.82,0.52,0.755,1204542
PGM,20200409,0.015,0.017,0.015,0.017,528608
PGR,20200409,0.05,0.05,0.05,0.05,331292
PGX,20200409,0.185,0.195,0.185,0.195,131903
PGY,20200409,0.012,0.012,0.012,0.012,56000
PIA,20200409,0.96,0.985,0.955,0.97,317840
PIC,20200409,0.79,0.8,0.78,0.8,143192
PIO,20200409,0.01,0.01,0.009,0.01,5467789
PIQ,20200409,0.29,0.3,0.275,0.275,214708
PKS,20200409,0.115,0.115,0.115,0.115,133794
PL8,20200409,0.865,0.885,0.865,0.865,374334
PLL,20200409,0.082,0.09,0.082,0.09,224944
PLS,20200409,0.245,0.25,0.235,0.24,5778271
PM1,20200409,0.012,0.012,0.011,0.011,562799
PM8,20200409,0.15,0.155,0.14,0.155,1387478
PMC,20200409,1.33,1.4,1.27,1.27,455674
PME,20200409,22.88,23.62,22.52,23.54,390938
PMV,20200409,12.7,13.86,12.61,13.7,393273
PMY,20200409,0.004,0.004,0.003,0.004,11080871
PNI,20200409,2.8,2.98,2.78,2.97,843133
PNR,20200409,0.095,0.098,0.095,0.097,1202245
PNV,20200409,2.05,2.1,1.95,1.99,5385232
PNX,20200409,0.007,0.008,0.007,0.007,1948131
PO3,20200409,2.8,2.8,2.75,2.75,574
POD,20200409,0.018,0.019,0.018,0.019,169800
POS,20200409,0.036,0.036,0.034,0.035,1208827
POU,20200409,19.47,19.47,19.46,19.46,2567
POW,20200409,0.003,0.003,0.003,0.003,333338
PPC,20200409,0.82,0.845,0.795,0.795,138417
PPE,20200409,1.45,1.6,1.375,1.6,853652
PPG,20200409,0.095,0.095,0.087,0.087,166526
PPH,20200409,3.85,3.93,3.83,3.92,197166
PPK,20200409,2.6,2.7,2.53,2.65,99355
PPL,20200409,0.003,0.003,0.003,0.003,994701
PPS,20200409,0.29,0.31,0.29,0.295,1733163
PPT,20200409,26.39,27.72,26.38,27.56,192099
PRN,20200409,0.635,0.805,0.63,0.785,6267192
PRO,20200409,0.445,0.45,0.44,0.44,10000
PRT,20200409,0.1,0.105,0.099,0.099,159626
PRU,20200409,0.96,0.995,0.93,0.995,4918782
PRX,20200409,0.037,0.037,0.035,0.035,1574545
PSI,20200409,2.21,2.21,2.15,2.21,24676
PSQ,20200409,1.1,1.175,1.1,1.1,27105
PSZ,20200409,0.014,0.014,0.014,0.014,200000
PTB,20200409,0.52,0.53,0.52,0.53,236972
PTL,20200409,0.39,0.39,0.38,0.39,215311
PTM,20200409,3.2,3.42,3.19,3.42,1454053
PTX,20200409,0.038,0.042,0.038,0.041,1578347
PUA,20200409,0.009,0.009,0.009,0.009,106754
PUR,20200409,0.003,0.004,0.003,0.004,325000
PVS,20200409,0.9,1.05,0.9,1.05,5090
PWG,20200409,0.85,0.85,0.835,0.835,752663
PWH,20200409,3.54,3.74,3.41,3.41,98063
PWL,20200409,0.11,0.11,0.11,0.11,5
PWN,20200409,0.004,0.004,0.004,0.004,3345942
PXS,20200409,0.096,0.1,0.096,0.1,153585
PXX,20200409,0.017,0.02,0.017,0.02,40052
PYC,20200409,0.079,0.081,0.073,0.077,6388682
PYG,20200409,0.525,0.53,0.525,0.53,17591
QAG,20200409,4.99,4.99,4.99,4.99,1000
QAN,20200409,3.34,3.57,3.31,3.56,16185228
QAU,20200409,16.29,16.37,16.29,16.37,219747
QBE,20200409,8.94,9.15,8.83,9.11,3930579
QCB,20200409,6.09,6.1,6.09,6.09,1794
QFE,20200409,0.25,0.25,0.23,0.24,437570
QFN,20200409,7.67,7.67,7.49,7.62,31364
QFY,20200409,0.002,0.002,0.002,0.002,513105
QGL,20200409,0.027,0.027,0.027,0.027,105800
QHL,20200409,0.078,0.078,0.077,0.078,425925
QIP,20200409,1,1,0.99,1,40076
QOZ,20200409,10.39,10.52,10.33,10.52,37401
QRE,20200409,5.2,5.26,5.2,5.25,30357
QRI,20200409,1.37,1.38,1.34,1.38,114985
QTM,20200409,0.043,0.045,0.043,0.044,177076
QUB,20200409,2.25,2.405,2.24,2.33,6625960
QUS,20200409,34,34,33.82,34,751
QVE,20200409,0.73,0.735,0.72,0.735,568497
RAC,20200409,0.29,0.29,0.28,0.28,177301
RAN,20200409,0.011,0.011,0.01,0.01,645555
RAP,20200409,0.18,0.185,0.175,0.175,1684250
RBL,20200409,0.505,0.515,0.495,0.5,1453973
RBR,20200409,0.006,0.006,0.006,0.006,1395150
RCB,20200409,20.32,20.69,20.32,20.69,55179
RCE,20200409,0.36,0.36,0.31,0.31,453909
RCL,20200409,0.32,0.32,0.305,0.305,40487
RDC,20200409,0.67,0.685,0.665,0.67,212546
RDF,20200409,0.375,0.38,0.375,0.38,6349
RDG,20200409,0.019,0.02,0.019,0.02,325252
RDH,20200409,0.595,0.595,0.57,0.57,22656
RDV,20200409,20.99,21.36,20.87,21.34,11457
RDY,20200409,1.145,1.35,1.145,1.3,60614
REA,20200409,84.02,85.36,82.44,84.47,246718
RED,20200409,0.2,0.225,0.2,0.22,13214094
REE,20200409,0.017,0.017,0.017,0.017,160000
REG,20200409,1.295,1.375,1.26,1.31,1199542
REH,20200409,8.92,9.08,8.8,9.05,628610
RES,20200409,0.067,0.067,0.061,0.065,880121
REX,20200409,0.63,0.64,0.63,0.64,9200
REZ,20200409,0.009,0.009,0.009,0.009,692838
RF1,20200409,1.95,2,1.91,2,21814
RFF,20200409,1.87,1.92,1.845,1.86,1056518
RFG,20200409,0.047,0.048,0.045,0.047,1553042
RFT,20200409,0.029,0.03,0.028,0.028,1255399
RFX,20200409,0.027,0.029,0.027,0.028,320347
RGB,20200409,23.48,23.56,23.46,23.56,90
RGI,20200409,0.048,0.051,0.048,0.05,256134
RGL,20200409,0.008,0.008,0.008,0.008,19000
RHC,20200409,60.1,61.9,59.2,61.2,487740
RHP,20200409,1.725,1.86,1.725,1.79,312011
RHT,20200409,0.125,0.125,0.125,0.125,236734
RHY,20200409,0.095,0.095,0.088,0.089,429927
RIC,20200409,0.77,0.77,0.697,0.76,459366
RIM,20200409,0.004,0.004,0.003,0.003,2460000
RIO,20200409,90.01,90.65,88.17,89.39,1500895
RKN,20200409,0.56,0.56,0.56,0.56,4533
RLE,20200409,0.024,0.024,0.022,0.024,565500
RLG,20200409,0.019,0.019,0.016,0.018,216866
RLT,20200409,1.16,1.16,1.12,1.12,10500
RMC,20200409,0.56,0.59,0.545,0.55,476899
RMD,20200409,24.57,24.81,24.19,24.57,2654717
RML,20200409,0.063,0.075,0.063,0.075,5087241
RMP,20200409,0.008,0.008,0.008,0.008,75000
RMS,20200409,1.03,1.06,1,1.05,6119213
RMX,20200409,0.003,0.003,0.003,0.003,1000000
RND,20200409,1.8,1.8,1.775,1.775,3666
RNE,20200409,0.018,0.018,0.018,0.018,49772
RNT,20200409,0.03,0.031,0.03,0.03,548034
RNU,20200409,0.007,0.009,0.007,0.007,4113548
ROO,20200409,0.016,0.016,0.016,0.016,106492
RPM,20200409,0.125,0.13,0.125,0.13,7297
RRL,20200409,3.87,4.01,3.87,3.97,2739475
RSG,20200409,0.87,0.88,0.84,0.87,9974993
RSM,20200409,21.42,21.42,21.42,21.42,4800
RTE,20200409,0.38,0.38,0.38,0.38,1600
RTG,20200409,0.06,0.07,0.06,0.07,672245
RTR,20200409,0.065,0.065,0.065,0.065,50010
RUL,20200409,0.84,0.93,0.81,0.905,488053
RVR,20200409,0.067,0.076,0.067,0.074,3717307
RWC,20200409,2.6,2.67,2.46,2.48,3674823
RXL,20200409,0.021,0.021,0.019,0.02,4394951
RXM,20200409,0.039,0.039,0.038,0.038,38551
RXP,20200409,0.23,0.23,0.23,0.23,164596
RZI,20200409,0.5,0.5,0.49,0.49,32510
S2R,20200409,0.09,0.09,0.08,0.08,20230
S32,20200409,1.98,2.06,1.945,2.03,17602885
SAR,20200409,4,4.06,3.99,4.06,6837750
SBM,20200409,2.26,2.3,2.23,2.28,5098138
SBR,20200409,0.001,0.001,0.001,0.001,1000000
SCG,20200409,1.95,2.08,1.91,2.08,38516112
SCI,20200409,0.006,0.006,0.006,0.006,697144
SCL,20200409,0.01,0.01,0.01,0.01,1713200
SCP,20200409,2.23,2.26,2.18,2.26,8800229
SCT,20200409,0.034,0.034,0.034,0.034,165000
SCU,20200409,0.015,0.017,0.014,0.015,4226758
SDF,20200409,2.5,2.65,2.49,2.65,3339260
SDG,20200409,1.15,1.18,1.15,1.175,31472
SDI,20200409,0.72,0.725,0.705,0.72,45785
SDV,20200409,0.62,0.625,0.585,0.62,378571
SDX,20200409,0.056,0.06,0.05,0.056,14256603
SE1,20200409,0.003,0.003,0.003,0.003,474985
SEC,20200409,1.155,1.185,1.155,1.185,56490
SEI,20200409,0.03,0.033,0.03,0.03,370000
SEK,20200409,16.05,16.41,15.71,16.32,1155456
SEN,20200409,0.043,0.048,0.043,0.045,526744
SEQ,20200409,0.19,0.19,0.19,0.19,15500
SES,20200409,0.05,0.05,0.046,0.046,129111
SFC,20200409,11.29,11.39,11.1,11.39,3181
SFG,20200409,0.04,0.042,0.039,0.042,1114055
SFR,20200409,3.8,3.95,3.76,3.93,1036440
SFX,20200409,0.11,0.115,0.105,0.115,814101
SFY,20200409,49.11,49.5,48.46,49.48,22893
SGC,20200409,0.01,0.012,0.01,0.012,582600
SGF,20200409,1.46,1.557,1.425,1.43,334672
SGH,20200409,0.475,0.51,0.475,0.51,68074
SGM,20200409,6.6,6.76,6.44,6.65,503596
SGP,20200409,2.89,3.09,2.85,3.02,17836601
SGQ,20200409,0.09,0.095,0.09,0.095,349933
SGR,20200409,2.3,2.43,2.27,2.42,4431365
SHH,20200409,0.002,0.002,0.002,0.002,2121546
SHJ,20200409,0.715,0.715,0.705,0.71,19132
SHK,20200409,0.004,0.004,0.004,0.004,1900000
SHL,20200409,22.61,22.86,22.21,22.84,1755621
SHM,20200409,0.42,0.45,0.42,0.435,44144
SHO,20200409,0.01,0.012,0.009,0.012,1211000
SHV,20200409,7.05,7.275,7.01,7.11,173714
SIG,20200409,0.635,0.64,0.61,0.625,2215541
SIQ,20200409,4.81,5,4.79,4.9,1498628
SIS,20200409,0.014,0.017,0.014,0.017,333248
SIT,20200409,0.025,0.025,0.022,0.022,106900
SKC,20200409,1.955,2.15,1.955,2.12,1325430
SKF,20200409,0.105,0.11,0.105,0.11,94398
SKI,20200409,1.94,1.965,1.932,1.95,4507248
SKN,20200409,0.061,0.07,0.057,0.063,43305779
SKO,20200409,2,2.31,2,2.31,71309
SKT,20200409,0.26,0.26,0.25,0.26,124008
SKY,20200409,0.225,0.235,0.22,0.225,392658
SLC,20200409,0.66,0.71,0.66,0.695,1660160
SLF,20200409,9.88,10.2,9.8,10.2,263396
SLK,20200409,3.22,3.27,3.2,3.23,72900
SLM,20200409,0.805,0.805,0.805,0.805,2103
SLR,20200409,1.545,1.575,1.475,1.565,9239195
SLX,20200409,0.285,0.29,0.285,0.29,10300
SM1,20200409,7.09,7.13,6.99,7.07,176240
SMN,20200409,0.485,0.485,0.465,0.475,86408
SMP,20200409,0.34,0.395,0.34,0.37,308240
SMR,20200409,1,1,0.995,0.995,669751
SMX,20200409,0.3,0.31,0.3,0.31,20000
SNC,20200409,0.61,0.62,0.61,0.62,38809
SND,20200409,0.44,0.44,0.44,0.44,30000
SNL,20200409,3.95,3.95,3.95,3.95,2520
SNS,20200409,0.06,0.068,0.06,0.065,384675
SO4,20200409,0.39,0.39,0.37,0.37,989712
SOL,20200409,17.7,17.95,17.38,17.95,451467
SOM,20200409,1.025,1.03,1.005,1.02,90940
SOR,20200409,0.037,0.04,0.037,0.039,222074
SP3,20200409,0.075,0.077,0.075,0.076,70000
SPK,20200409,4.24,4.24,4.12,4.19,2375836
SPL,20200409,0.84,0.87,0.84,0.865,68155
SPQ,20200409,0.002,0.002,0.002,0.002,2300000
SPT,20200409,0.365,0.365,0.345,0.365,1201544
SPX,20200409,0.12,0.122,0.115,0.12,1738078
SPY,20200409,441.5,441.5,438,440.16,1435
SPZ,20200409,0.09,0.095,0.09,0.095,47956
SRG,20200409,0.26,0.265,0.25,0.265,535834
SRK,20200409,0.035,0.038,0.035,0.038,86801
SRN,20200409,0.002,0.002,0.002,0.002,233825
SRV,20200409,2.71,2.72,2.59,2.61,30758
SRZ,20200409,0.009,0.009,0.009,0.009,58178
SSG,20200409,0.415,0.415,0.4,0.4,163594
SSM,20200409,1.9,1.935,1.855,1.9,2054068
SSO,20200409,11.9,12.06,11.9,12.06,508
STA,20200409,0.099,0.105,0.095,0.1,831340
STG,20200409,0.7,0.74,0.7,0.7,36889
STM,20200409,0.007,0.007,0.006,0.006,1889590
STN,20200409,0.33,0.33,0.33,0.33,56534
STO,20200409,4.6,4.7,4.51,4.61,11753909
STW,20200409,49.01,49.64,48.55,49.56,252227
STX,20200409,0.13,0.135,0.125,0.13,1390597
SUD,20200409,0.051,0.051,0.05,0.05,144372
SUH,20200409,0.011,0.011,0.011,0.011,9961
SUL,20200409,5.22,5.74,5.08,5.49,2345957
SUN,20200409,9.06,9.15,8.79,9.09,4683978
SVA,20200409,0.02,0.02,0.02,0.02,12000
SVL,20200409,0.086,0.086,0.083,0.086,1771176
SVM,20200409,0.12,0.125,0.11,0.125,807147
SVW,20200409,12.74,14.54,12.7,14.03,1575982
SVY,20200409,0.5,0.505,0.41,0.45,1272233
SW1,20200409,0.027,0.03,0.025,0.028,1341865
SWF,20200409,0.145,0.145,0.14,0.145,278604
SWK,20200409,0.125,0.125,0.12,0.125,115592
SWM,20200409,0.065,0.065,0.062,0.062,15574214
SXA,20200409,0.055,0.055,0.05,0.05,65000
SXE,20200409,0.46,0.465,0.46,0.462,75373
SXL,20200409,0.115,0.135,0.11,0.13,26678380
SXY,20200409,0.17,0.175,0.165,0.175,19387884
SYA,20200409,0.008,0.009,0.008,0.008,8655006
SYD,20200409,5.5,5.76,5.47,5.72,12594270
SYI,20200409,22.05,22.17,21.91,22.12,7765
SYR,20200409,0.23,0.235,0.22,0.23,6869925
SZL,20200409,1.52,1.56,1.43,1.47,268913
TAH,20200409,2.8,2.89,2.73,2.86,13694290
TAM,20200409,0.04,0.04,0.04,0.04,512791
TAP,20200409,0.089,0.089,0.088,0.088,150390
TAR,20200409,0.009,0.009,0.009,0.009,11450
TAS,20200409,0.034,0.034,0.032,0.033,1005132
TBR,20200409,5.78,5.78,5.3,5.77,140967
TCL,20200409,11.49,12.42,11.41,12.28,11596579
TCN,20200409,0.032,0.032,0.031,0.031,71400
TD1,20200409,0.033,0.033,0.03,0.03,5766285
TDI,20200409,1.43,1.43,1.4,1.4,164382
TDO,20200409,0.055,0.055,0.042,0.045,54097
TDY,20200409,0.155,0.155,0.155,0.155,41629
TEG,20200409,0.032,0.032,0.031,0.031,729369
TEK,20200409,0.19,0.21,0.19,0.195,342078
TER,20200409,0.09,0.091,0.089,0.089,3463387
TFL,20200409,0.09,0.09,0.089,0.09,170746
TGA,20200409,0.066,0.066,0.061,0.061,792854
TGF,20200409,1.02,1.04,1.01,1.04,177300
TGG,20200409,1.085,1.11,1.085,1.11,184417
TGH,20200409,0.15,0.15,0.145,0.15,22601
TGM,20200409,0.2,0.21,0.2,0.21,27003
TGN,20200409,0.13,0.13,0.13,0.13,14734
TGO,20200409,0.05,0.051,0.05,0.05,109047
TGP,20200409,0.9,0.9,0.88,0.885,97814
TGR,20200409,3.7,3.8,3.67,3.73,1428327
THC,20200409,0.3,0.33,0.29,0.295,390824
TIE,20200409,0.21,0.225,0.21,0.225,316787
TIN,20200409,0.045,0.045,0.045,0.045,223000
TKL,20200409,0.004,0.004,0.004,0.004,100000
TLG,20200409,0.3,0.305,0.285,0.295,166535
TLM,20200409,0.07,0.07,0.067,0.07,216362
TLS,20200409,3.14,3.16,3.09,3.14,25353868
TLT,20200409,2.99,3.01,2.99,3,3376
TLX,20200409,1.25,1.25,1.19,1.195,107681
TMR,20200409,0.12,0.12,0.12,0.12,25000
TNE,20200409,8.3,8.35,8.04,8.28,841255
TNG,20200409,0.051,0.059,0.051,0.059,1133283
TNK,20200409,0.865,0.87,0.795,0.87,81742
TNT,20200409,0.049,0.05,0.048,0.048,771397
TNY,20200409,1.04,1.095,0.975,1.02,91248
TOE,20200409,0.008,0.008,0.008,0.008,3078805
TON,20200409,0.024,0.024,0.023,0.023,244608
TOP,20200409,0.405,0.42,0.4,0.42,145954
TOT,20200409,0.87,0.88,0.86,0.87,131282
TPD,20200409,0.001,0.001,0.001,0.001,39690
TPM,20200409,7.33,7.39,7.19,7.3,686851
TPW,20200409,2.96,3.35,2.96,3.2,480389
TRA,20200409,1.55,1.55,1.55,1.55,4000
TRL,20200409,0.01,0.012,0.01,0.01,783348
TRS,20200409,2.74,3.03,2.74,2.8,727583
TRT,20200409,0.017,0.017,0.017,0.017,143000
TRY,20200409,0.072,0.073,0.07,0.07,1270590
TSC,20200409,0.005,0.005,0.005,0.005,5652993
TSL,20200409,0.046,0.046,0.046,0.046,243478
TSO,20200409,0.039,0.048,0.039,0.046,6892698
TTB,20200409,0.39,0.39,0.35,0.39,150274
TTT,20200409,0.72,0.92,0.715,0.84,1616150
TWD,20200409,2.52,2.54,2.46,2.46,10139
TWE,20200409,10.55,10.73,10.27,10.63,9075742
TYR,20200409,2.56,2.59,2.35,2.4,2362300
TZL,20200409,0.04,0.04,0.04,0.04,4190
TZN,20200409,0.039,0.039,0.039,0.039,51282
UBA,20200409,17.61,17.75,17.49,17.75,4554
UBE,20200409,20.58,20.65,20.54,20.65,8132
UBI,20200409,0.17,0.18,0.17,0.18,190478
UBJ,20200409,24.56,24.56,24.56,24.56,4285
UBN,20200409,0.042,0.042,0.042,0.042,12407
UBP,20200409,28.7,28.7,28.21,28.21,990
UBU,20200409,31.65,32,31.65,31.88,3393
UBW,20200409,27.73,27.93,27.7,27.93,8707
UCM,20200409,0.29,0.31,0.28,0.305,355956
UMG,20200409,5.06,5.14,4.77,4.88,1050303
UNV,20200409,0.145,0.15,0.14,0.15,419891
UOS,20200409,0.71,0.71,0.7,0.7,14861
URF,20200409,0.235,0.26,0.235,0.255,93398
URW,20200409,5.14,5.3,5.13,5.23,1959809
USD,20200409,15.62,15.67,15.58,15.66,209177
UUV,20200409,0.001,0.001,0.001,0.001,50000
UWL,20200409,1.2,1.255,1.185,1.23,5085211
VAE,20200409,66,66.15,64.61,65.29,17060
VAF,20200409,52.27,52.27,51.83,52.22,43819
VAH,20200409,0.082,0.087,0.082,0.086,4577489
VAL,20200409,0.002,0.002,0.001,0.001,400000
VAN,20200409,0.125,0.125,0.12,0.12,21900
VAP,20200409,63.31,65.36,62.5,65.36,72520
VAR,20200409,0.012,0.012,0.012,0.012,185000
VAS,20200409,67.13,68.16,66.29,68.16,598523
VCF,20200409,47.7,47.7,47.57,47.68,5308
VCX,20200409,1.35,1.42,1.345,1.41,32456038
VEA,20200409,1.29,1.375,1.29,1.345,5944269
VEN,20200409,0.051,0.055,0.048,0.048,576841
VEQ,20200409,50.67,51.25,50.67,51.17,3820
VEU,20200409,68.95,68.95,67.2,68.14,68101
VG1,20200409,2.18,2.22,2.18,2.18,750468
VG8,20200409,2.18,2.2,2.17,2.2,226241
VGB,20200409,53.4,53.58,53.21,53.56,48179
VGE,20200409,63,63.07,62.14,62.66,15373
VGI,20200409,9.16,9.8,9.02,9.5,14329
VGL,20200409,1.09,1.21,1.05,1.092,144558
VGS,20200409,75.46,75.69,74.95,75.69,77483
VHT,20200409,1.315,1.42,1.305,1.4,501308
VHY,20200409,46.07,46.19,45.26,46.19,75075
VIC,20200409,0.001,0.001,0.001,0.001,265365
VIF,20200409,51.61,51.94,51.25,51.84,15106
VKA,20200409,0.004,0.005,0.004,0.005,120000
VLC,20200409,55.47,55.47,54.5,55.12,14625
VLS,20200409,0.6,0.6,0.6,0.6,21871
VLT,20200409,0.155,0.175,0.155,0.175,394507
VMC,20200409,0.18,0.185,0.175,0.18,173770
VMG,20200409,0.001,0.002,0.001,0.002,1877804
VML,20200409,0.007,0.008,0.007,0.007,3745796
VMS,20200409,0.009,0.01,0.009,0.01,52300
VMT,20200409,0.145,0.15,0.145,0.145,816110
VMX,20200409,0.18,0.18,0.18,0.18,889
VMY,20200409,0.038,0.038,0.035,0.035,989940
VN8,20200409,0.079,0.08,0.073,0.073,302000
VOC,20200409,2.73,2.85,2.73,2.84,1440137
VOL,20200409,0.7,0.72,0.7,0.7,43878
VR1,20200409,0.016,0.018,0.016,0.017,1490000
VR8,20200409,0.012,0.012,0.012,0.012,33472
VRC,20200409,0.005,0.005,0.005,0.005,975483
VRL,20200409,1.51,1.66,1.51,1.645,430549
VRT,20200409,2.01,2.09,1.995,2.03,299078
VRX,20200409,0.064,0.064,0.061,0.063,949135
VSO,20200409,45.52,46.39,45.45,46.3,12233
VTG,20200409,0.99,1.05,0.965,1.04,509845
VTH,20200409,0.7,0.7,0.7,0.7,40400
VTI,20200409,0.014,0.016,0.013,0.015,996016
VTS,20200409,219.51,221.09,218.43,221.09,27353
VUK,20200409,1.47,1.5,1.455,1.475,4315698
VUL,20200409,0.2,0.21,0.2,0.205,400674
VVA,20200409,1.325,1.395,1.3,1.38,406403
VVR,20200409,2.31,2.45,2.31,2.45,4263978
VXR,20200409,0.083,0.084,0.083,0.083,38275
VYS,20200409,0.051,0.051,0.05,0.05,44000
WAA,20200409,0.895,0.91,0.885,0.91,158090
WAF,20200409,0.46,0.47,0.45,0.46,8437687
WAM,20200409,1.97,2.01,1.96,2.01,849430
WAX,20200409,1.215,1.215,1.18,1.19,83265
WBC,20200409,15.63,15.96,15.33,15.96,13217582
WBE,20200409,0.005,0.006,0.005,0.005,7670728
WBT,20200409,0.28,0.295,0.28,0.295,86409
WCN,20200409,0.003,0.003,0.003,0.003,2750674
WEB,20200409,2.9,2.97,2.7,2.94,7089855
WEC,20200409,0.058,0.058,0.058,0.058,74
WEL,20200409,0.022,0.023,0.02,0.021,2941407
WES,20200409,37.46,37.5,36.33,37.5,2672949
WGB,20200409,1.82,1.84,1.81,1.82,431362
WGN,20200409,0.97,0.985,0.925,0.945,254913
WGO,20200409,0.115,0.125,0.115,0.125,1224330
WGX,20200409,1.82,1.85,1.76,1.835,713568
WHC,20200409,2.09,2.12,1.955,2.01,7600752
WHF,20200409,4.34,4.4,4.33,4.38,25653
WHK,20200409,0.05,0.05,0.046,0.048,73786
WIC,20200409,0.76,0.785,0.76,0.785,26419
WKT,20200409,0.12,0.125,0.12,0.12,345592
WLD,20200409,0.047,0.047,0.04,0.045,545683
WLE,20200409,1.05,1.06,1.04,1.04,886748
WMI,20200409,1.1,1.155,1.1,1.15,269273
WND,20200409,0.935,0.94,0.935,0.94,76037
WOA,20200409,0.15,0.155,0.14,0.155,49687
WOR,20200409,7.1,7.29,6.88,7.19,3040748
WOW,20200409,34.99,35.38,34.64,35.1,4329225
WPL,20200409,21.61,21.87,21.11,21.84,3834324
WPP,20200409,0.2,0.215,0.185,0.21,3015520
WQG,20200409,1.075,1.095,1.07,1.095,142801
WSA,20200409,2.04,2.11,2,2.06,1647742
WSI,20200409,0.014,0.014,0.014,0.014,575000
WSP,20200409,1.52,1.53,1.475,1.5,304193
WTC,20200409,15.44,16.2,15.31,15.96,1243587
WWG,20200409,0.11,0.11,0.1,0.1,60000
WWI,20200409,0.01,0.01,0.01,0.01,59200
WZR,20200409,0.1,0.112,0.1,0.105,16284984
XAM,20200409,0.03,0.03,0.03,0.03,20000
XCD,20200409,0.005,0.005,0.005,0.005,3190293
XF1,20200409,0.096,0.097,0.094,0.097,141666
XPE,20200409,0.001,0.001,0.001,0.001,197417
XPL,20200409,0.05,0.05,0.048,0.049,1819713
XRF,20200409,0.17,0.175,0.17,0.17,277136
XRO,20200409,75.69,78.97,75.13,78.1,1109826
XST,20200409,0.002,0.002,0.001,0.001,5250000
XTC,20200409,0.002,0.003,0.002,0.002,55180182
XTD,20200409,0.026,0.026,0.026,0.026,4000
XTE,20200409,0.5,0.52,0.5,0.52,11005
YAL,20200409,2.11,2.11,2.07,2.1,65665
YBR,20200409,0.056,0.056,0.055,0.055,89999
YOJ,20200409,0.03,0.035,0.03,0.034,5386696
YOW,20200409,0.037,0.037,0.037,0.037,25215
YPB,20200409,0.003,0.003,0.003,0.003,1350000
YRL,20200409,0.195,0.195,0.195,0.195,17000
Z1P,20200409,2.19,2.26,2.1,2.23,9730730
ZEL,20200409,2.85,2.9,2.82,2.89,96418
ZEN,20200409,1,1.01,0.99,1,1270745
ZIM,20200409,10.5,10.5,10.5,10.5,91
ZLD,20200409,0.048,0.049,0.047,0.047,2182142
ZNC,20200409,0.03,0.03,0.028,0.028,58334
ZNO,20200409,1.98,2,1.9,1.98,1319582
XAF,20200409,5155.8,5337.6,5155.8,5337.6,0
XAO,20200409,5258.8,5439.4,5258.8,5439.4,1363194100
XAT,20200409,5150.3,5332.3,5150.3,5332.3,0
XDJ,20200409,1964.2,2051.3,1964.2,2051.3,0
XEC,20200409,1023.9,1076.8,1023.9,1076.7,0
XEJ,20200409,6686.6,6944.5,6686.6,6944.5,0
XFJ,20200409,4129,4293.8,4129,4293.8,0
XFL,20200409,5192.5,5376.6,5192.5,5376.6,0
XGD,20200409,6513.6,6531.3,6388,6523.8,0
XHJ,20200409,42593.2,44531.1,42590,44531.1,0
XIJ,20200409,1095,1146.9,1095,1146.9,0
XJO,20200409,5206.9,5387.3,5206.9,5387.3,0
XJR,20200409,3804.5,3873.7,3786.3,3861.2,0
XKO,20200409,5162.1,5341.5,5162.1,5341.5,0
XMD,20200409,5469.4,5646.5,5469.4,5646.5,0
XMJ,20200409,11382.4,11547.5,11305.4,11542.6,0
XMM,20200409,3783.5,3834.1,3744.3,3818.7,0
XNJ,20200409,4948.1,5204.3,4948.1,5202.7,0
XPJ,20200409,1104.4,1166.9,1104.3,1166.9,0
XSJ,20200409,11890.2,11945.7,11816.5,11910.3,0
XSO,20200409,2184.1,2255.1,2184.1,2255.1,0
XTJ,20200409,1061,1081.4,1061,1079.7,0
XTL,20200409,2937.1,3047.2,2937.1,3047.2,0
XTO,20200409,4318.6,4469.8,4318.6,4469.8,0
XUJ,20200409,7341.5,7604.8,7341.5,7604.8,0
XXJ,20200409,4605.2,4789,4605.2,4789,0
