360,20200401,2,2,1.925,2,18808
14D,20200401,0.1,0.1,0.1,0.1,144148
1AD,20200401,0.05,0.051,0.05,0.05,98418
1AG,20200401,0.03,0.03,0.03,0.03,20500
1ST,20200401,0.024,0.025,0.022,0.024,5674562
2BE,20200401,0.075,0.075,0.075,0.075,27534
3DA,20200401,0.1,0.1,0.1,0.1,25268
3DP,20200401,0.024,0.024,0.023,0.024,1478611
3PL,20200401,0.845,0.85,0.795,0.845,163649
4DS,20200401,0.03,0.032,0.029,0.032,759486
5GN,20200401,0.745,0.775,0.74,0.77,326320
88E,20200401,0.021,0.021,0.019,0.019,20103208
8CO,20200401,0.06,0.066,0.06,0.066,122129
8VI,20200401,0.3,0.305,0.3,0.305,3800
9SP,20200401,0.012,0.012,0.012,0.012,110000
A1G,20200401,0.05,0.05,0.041,0.044,130000
A2B,20200401,0.655,0.655,0.64,0.64,1190037
A2M,20200401,16.6,16.99,16.57,16.82,4046347
A3D,20200401,0.084,0.11,0.084,0.11,711518
A4N,20200401,0.105,0.117,0.105,0.115,488010
AAA,20200401,50.07,50.08,50.06,50.07,308129
AAC,20200401,1.1,1.115,1.07,1.115,967812
AAR,20200401,0.097,0.1,0.095,0.1,264579
ABA,20200401,4.32,4.44,4.3,4.33,17896
ABC,20200401,2.07,2.17,2.06,2.17,3019690
ABP,20200401,2.52,2.535,2.33,2.44,1586133
ABR,20200401,0.195,0.2,0.18,0.195,554166
ABX,20200401,0.079,0.08,0.079,0.08,42900
AC8,20200401,0.19,0.195,0.18,0.185,1192326
ACF,20200401,0.22,0.275,0.22,0.245,551928
ACQ,20200401,0.88,0.88,0.875,0.875,37859
ACR,20200401,0.115,0.115,0.115,0.115,100144
ACU,20200401,0.053,0.054,0.053,0.054,19260
ACW,20200401,0.024,0.025,0.022,0.022,261128
AD8,20200401,3.85,4.3,3.85,4.23,227465
ADA,20200401,0.4,0.4,0.38,0.395,43501
ADD,20200401,0.018,0.018,0.015,0.015,903218
ADH,20200401,0.93,0.93,0.812,0.84,1368573
ADI,20200401,2.08,2.185,2.06,2.11,275623
ADJ,20200401,0.01,0.013,0.01,0.011,1594692
ADN,20200401,0.035,0.035,0.033,0.034,4462489
ADO,20200401,0.016,0.017,0.015,0.016,1227280
ADR,20200401,0.013,0.015,0.011,0.015,1640840
ADT,20200401,0.95,0.95,0.93,0.935,104139
ADY,20200401,0.004,0.004,0.004,0.004,88438
AEE,20200401,0.003,0.003,0.002,0.002,5556682
AEF,20200401,3.36,3.64,3.36,3.45,249089
AEG,20200401,1.04,1.06,1.04,1.06,207498
AEV,20200401,0.006,0.006,0.006,0.006,114494
AFG,20200401,1.385,1.405,1.3,1.35,293548
AFI,20200401,5.8,5.89,5.68,5.71,805641
AFP,20200401,3.98,3.98,3.7,3.7,2612
AGD,20200401,0.14,0.14,0.13,0.13,53642
AGG,20200401,5.88,5.9,5.6,5.72,16430
AGH,20200401,0.28,0.28,0.26,0.26,586938
AGI,20200401,0.395,0.405,0.365,0.395,441035
AGL,20200401,17.83,17.85,17.13,17.56,3334014
AGM,20200401,1.55,1.55,1.5,1.5,5700
AGR,20200401,0.071,0.071,0.07,0.071,65000
AGY,20200401,0.034,0.035,0.031,0.031,1581217
AHF,20200401,0.078,0.082,0.078,0.08,230514
AHL,20200401,0.005,0.006,0.005,0.006,683680
AHQ,20200401,0.07,0.07,0.065,0.07,490899
AHY,20200401,1.02,1.045,0.995,1.045,101029
AHZ,20200401,4.21,4.21,4.2,4.2,952
AIA,20200401,4.99,5.18,4.99,5.16,320724
AIS,20200401,0.039,0.039,0.039,0.039,103695
AIZ,20200401,0.85,0.89,0.845,0.86,2097080
AJJ,20200401,0.034,0.034,0.034,0.034,17647
AJM,20200401,0.032,0.033,0.031,0.033,2748612
AJQ,20200401,0.04,0.04,0.038,0.038,30000
AJX,20200401,0.038,0.039,0.038,0.038,201484
AKG,20200401,0.21,0.21,0.21,0.21,136123
AKM,20200401,0.061,0.065,0.061,0.065,88568
AKP,20200401,9.5,12,9.4,10.9,47874
ALC,20200401,0.135,0.145,0.13,0.145,3857923
ALF,20200401,0.86,0.875,0.86,0.87,131624
ALG,20200401,0.225,0.29,0.205,0.28,4516529
ALI,20200401,1.92,1.97,1.92,1.93,61970
ALK,20200401,0.62,0.645,0.6,0.625,3094148
ALL,20200401,22.38,22.97,21.15,21.78,3217507
ALQ,20200401,5.56,6.24,5.56,6.15,2618771
ALU,20200401,28.99,29.89,27.73,28.68,669130
ALX,20200401,5.5,5.87,5.5,5.7,4751607
ALY,20200401,0.012,0.012,0.012,0.012,9000
AMA,20200401,0.29,0.305,0.26,0.28,3405137
AMB,20200401,0.054,0.055,0.054,0.055,63654
AMC,20200401,13.33,13.68,13.325,13.51,5031796
AMD,20200401,0.005,0.005,0.004,0.004,3720000
AME,20200401,0.053,0.053,0.053,0.053,99200
AMG,20200401,0.037,0.04,0.037,0.038,304143
AMH,20200401,0.83,0.83,0.81,0.81,59943
AMI,20200401,0.24,0.265,0.235,0.255,2952466
AML,20200401,0.067,0.07,0.064,0.068,892839
AMN,20200401,0.21,0.25,0.21,0.25,41450
AMP,20200401,1.37,1.41,1.33,1.41,20617848
AMS,20200401,0.465,0.465,0.385,0.445,850823
AMT,20200401,0.15,0.15,0.15,0.15,3500
AMX,20200401,1.2,1.2,1.16,1.16,51320
ANG,20200401,0.12,0.13,0.12,0.125,399574
ANL,20200401,0.002,0.002,0.001,0.001,2200000
ANN,20200401,28.51,29.39,27.71,28.89,1404802
ANP,20200401,0.047,0.05,0.045,0.045,727085
ANR,20200401,0.16,0.16,0.16,0.16,2500
ANW,20200401,0.001,0.001,0.001,0.001,14345050
ANZ,20200401,17.43,17.63,16.57,17.05,10598172
AOF,20200401,2.1,2.18,2.06,2.11,193177
AOP,20200401,0.175,0.175,0.175,0.175,3500
AOU,20200401,0.026,0.036,0.026,0.036,353313
APA,20200401,10.5,10.67,10.13,10.51,3563332
APC,20200401,0.063,0.063,0.063,0.063,84190
APD,20200401,0.52,0.53,0.5,0.52,43307
APE,20200401,3.25,3.48,3.03,3.48,1327493
APH,20200401,0.05,0.05,0.05,0.05,72922
API,20200401,1.265,1.285,1.252,1.28,1927848
APL,20200401,0.89,0.9,0.885,0.9,1348633
APT,20200401,19.85,20.66,19.43,20.66,7550906
APV,20200401,0.19,0.19,0.17,0.18,115481
APW,20200401,1.055,1.055,1.055,1.055,538
APX,20200401,21.27,21.5,19.9,20.58,981184
APZ,20200401,0.92,0.92,0.84,0.89,55980
AQC,20200401,0.13,0.13,0.13,0.13,20000
AQD,20200401,0.009,0.011,0.009,0.01,2957787
AQG,20200401,5.25,5.37,5.18,5.29,369986
AQR,20200401,2.85,2.88,2.85,2.86,7907
AQX,20200401,0.015,0.017,0.014,0.016,6552473
AQZ,20200401,1.69,1.915,1.68,1.895,2905336
AR9,20200401,0.05,0.057,0.05,0.054,480521
ARA,20200401,0.44,0.45,0.44,0.45,15500
ARB,20200401,14,14.57,13.13,13.97,411377
ARE,20200401,0.003,0.003,0.003,0.003,1500000
ARF,20200401,1.675,1.725,1.575,1.725,722891
ARG,20200401,6.8,7.07,6.65,6.94,456153
ARL,20200401,0.215,0.23,0.21,0.215,113468
ARN,20200401,0.083,0.088,0.083,0.088,121660
ARO,20200401,0.002,0.002,0.002,0.002,666666
ARQ,20200401,0.08,0.081,0.079,0.081,246419
ARS,20200401,0.014,0.015,0.013,0.013,1399252
ARU,20200401,0.053,0.053,0.051,0.051,351110
ARV,20200401,0.022,0.023,0.021,0.021,937654
AS1,20200401,0.11,0.115,0.11,0.115,195800
ASB,20200401,2.91,3.05,2.89,3.02,1984962
ASG,20200401,0.745,0.75,0.7,0.73,115828
ASH,20200401,0.235,0.235,0.235,0.235,19243
ASP,20200401,0.009,0.009,0.009,0.009,117500
ASQ,20200401,0.036,0.036,0.035,0.035,21432
AST,20200401,1.74,1.77,1.7,1.73,13436210
ASW,20200401,0.655,0.655,0.655,0.655,3542
ASX,20200401,77,80.55,76.98,80.5,1043010
ATC,20200401,0.041,0.041,0.038,0.039,476493
ATH,20200401,0.016,0.018,0.016,0.018,147558
ATL,20200401,0.17,0.17,0.155,0.17,117013
ATR,20200401,0.175,0.175,0.175,0.175,25000
ATS,20200401,0.015,0.022,0.015,0.019,12379939
ATU,20200401,0.185,0.185,0.175,0.18,865670
AU1,20200401,0.04,0.04,0.04,0.04,95070
AU8,20200401,0.039,0.045,0.039,0.04,1221733
AUB,20200401,9.81,10.03,9.66,9.8,356923
AUH,20200401,0.002,0.002,0.002,0.002,300000
AUI,20200401,7.5,7.69,7.4,7.46,30233
AUQ,20200401,0.012,0.012,0.012,0.012,100000
AUR,20200401,0.016,0.016,0.015,0.015,140446
AUT,20200401,0.017,0.017,0.015,0.016,5421383
AUZ,20200401,0.008,0.009,0.008,0.008,885316
AV1,20200401,0.074,0.074,0.074,0.074,16202
AVA,20200401,0.1,0.1,0.1,0.1,10000
AVE,20200401,0.002,0.002,0.002,0.002,300000
AVG,20200401,0.365,0.385,0.365,0.385,95213
AVH,20200401,0.515,0.52,0.475,0.515,19896396
AVJ,20200401,0.455,0.455,0.42,0.42,175355
AVL,20200401,0.007,0.008,0.007,0.008,7449692
AVN,20200401,1.485,1.61,1.46,1.61,758083
AWC,20200401,1.49,1.5,1.435,1.455,14568782
AWY,20200401,0.028,0.028,0.025,0.028,489898
AX1,20200401,0.82,0.915,0.81,0.89,4373580
AX8,20200401,0.015,0.015,0.015,0.015,180000
AXE,20200401,0.175,0.175,0.17,0.17,28269
AYM,20200401,0.002,0.002,0.002,0.002,109160
AYR,20200401,0.001,0.001,0.001,0.001,4700000
AYS,20200401,0.305,0.305,0.29,0.29,173595
AZI,20200401,0.003,0.003,0.003,0.003,1731050
AZJ,20200401,4.48,4.64,4.37,4.51,12349749
AZV,20200401,0.063,0.063,0.06,0.063,234500
AZY,20200401,0.013,0.015,0.013,0.014,14148296
BAF,20200401,0.67,0.68,0.655,0.68,66248
BAP,20200401,4.11,4.33,4.03,4.22,2006247
BAS,20200401,0.001,0.001,0.001,0.001,35470981
BBC,20200401,0.45,0.46,0.44,0.44,80869
BBN,20200401,2.25,2.34,2.18,2.26,411299
BBX,20200401,0.09,0.09,0.09,0.09,65000
BC8,20200401,0.3,0.31,0.29,0.31,87302
BCB,20200401,0.04,0.045,0.04,0.042,1466210
BCI,20200401,0.115,0.125,0.105,0.105,1919980
BCK,20200401,0.02,0.02,0.018,0.018,41400
BCN,20200401,0.027,0.027,0.027,0.027,1409114
BCT,20200401,0.071,0.071,0.066,0.066,252780
BD1,20200401,0.022,0.022,0.021,0.021,1347537
BDA,20200401,0.255,0.285,0.205,0.205,475792
BDC,20200401,0.048,0.048,0.048,0.048,1297232
BDG,20200401,0.061,0.061,0.056,0.056,98082
BEM,20200401,0.035,0.038,0.035,0.037,281581
BEN,20200401,6.34,6.48,6.17,6.45,5058801
BET,20200401,0.135,0.14,0.13,0.135,2981002
BFC,20200401,0.085,0.092,0.081,0.086,641272
BFG,20200401,0.77,0.79,0.74,0.76,369539
BGA,20200401,4.49,4.79,4.47,4.67,1405229
BGL,20200401,0.41,0.415,0.395,0.4,1502360
BGT,20200401,0.14,0.15,0.13,0.15,267690
BHP,20200401,29.95,30.63,29.65,30.23,12416279
BID,20200401,0.63,0.74,0.63,0.74,354162
BIN,20200401,2,2.065,1.995,2.05,3504353
BIS,20200401,0.75,0.75,0.75,0.75,2842
BIT,20200401,0.09,0.12,0.09,0.115,16515158
BKI,20200401,1.26,1.26,1.215,1.25,400358
BKL,20200401,71.67,74.41,71.66,74.4,116622
BKT,20200401,0.03,0.031,0.03,0.03,608350
BKW,20200401,13.02,13.6,12.775,13.45,811530
BKY,20200401,0.145,0.145,0.14,0.14,391246
BLD,20200401,2.06,2.32,2.025,2.29,12886606
BLG,20200401,0.022,0.026,0.022,0.025,435821
BLK,20200401,0.009,0.01,0.009,0.009,6420918
BLU,20200401,0.017,0.017,0.015,0.016,2530050
BLV,20200401,0.255,0.26,0.255,0.26,12826
BLX,20200401,0.5,0.51,0.485,0.5,126188
BLY,20200401,0.46,0.52,0.46,0.48,22093
BLZ,20200401,0.006,0.007,0.006,0.007,517422
BMN,20200401,0.026,0.026,0.025,0.025,79500
BNL,20200401,0.004,0.004,0.004,0.004,714285
BNO,20200401,0.033,0.035,0.033,0.035,83000
BOE,20200401,0.04,0.04,0.035,0.036,2515239
BOQ,20200401,5.09,5.15,4.88,5.08,4091435
BOT,20200401,0.023,0.026,0.023,0.025,14767127
BPT,20200401,1.18,1.325,1.17,1.305,21329126
BRB,20200401,0.125,0.13,0.12,0.12,371037
BRG,20200401,16.52,17.46,15.98,17.37,939996
BRL,20200401,0.054,0.057,0.054,0.055,97579
BRN,20200401,0.04,0.04,0.038,0.038,1775697
BRU,20200401,0.075,0.077,0.072,0.075,963695
BRV,20200401,0.02,0.02,0.019,0.019,1198000
BSA,20200401,0.28,0.28,0.27,0.27,300716
BSE,20200401,0.14,0.14,0.13,0.13,154768
BSL,20200401,9.02,9.37,8.83,9.13,4680859
BSM,20200401,0.003,0.004,0.003,0.003,730031
BSX,20200401,0.105,0.11,0.1,0.105,496498
BTC,20200401,0.08,0.08,0.08,0.08,5128
BTH,20200401,0.55,0.55,0.49,0.49,1990208
BTI,20200401,0.675,0.68,0.66,0.68,45081
BUB,20200401,0.575,0.625,0.575,0.625,3478698
BUD,20200401,0.012,0.013,0.009,0.01,28752956
BUG,20200401,0.11,0.11,0.11,0.11,1478
BUY,20200401,0.006,0.006,0.006,0.006,313650
BVS,20200401,3.89,4.04,3.765,3.84,1572847
BWF,20200401,0.34,0.34,0.34,0.34,1800
BWP,20200401,3.34,3.44,3.23,3.29,2310253
BWR,20200401,1,1,0.99,0.99,87048
BWX,20200401,2.8,3.05,2.8,3.05,336074
BXB,20200401,10.86,11.35,10.77,11.19,7907326
BYE,20200401,0.12,0.12,0.11,0.11,1569029
C6C,20200401,0.375,0.375,0.375,0.375,974
CAA,20200401,0.095,0.098,0.095,0.096,148425
CAG,20200401,0.33,0.33,0.32,0.32,48000
CAI,20200401,0.215,0.215,0.21,0.215,143656
CAJ,20200401,0.17,0.175,0.17,0.17,1873921
CAM,20200401,0.735,0.735,0.73,0.73,53325
CAN,20200401,0.71,0.73,0.68,0.71,310654
CAP,20200401,0.015,0.015,0.015,0.015,300000
CAR,20200401,11.83,12.99,11.81,12.99,1699647
CAT,20200401,0.78,0.78,0.675,0.71,1447258
CAU,20200401,0.089,0.09,0.089,0.09,248857
CAY,20200401,0.064,0.064,0.059,0.059,985401
CAZ,20200401,0.02,0.022,0.02,0.022,234000
CBA,20200401,64,64,61.57,63.67,6392579
CBE,20200401,0.1,0.105,0.1,0.1,462998
CBR,20200401,1.58,1.83,1.575,1.715,219253
CBY,20200401,0.07,0.07,0.07,0.07,10000
CCA,20200401,0.071,0.071,0.057,0.066,278368
CCE,20200401,0.001,0.001,0.001,0.001,15818543
CCG,20200401,0.036,0.036,0.036,0.036,23000
CCL,20200401,9.85,9.89,9.1,9.22,3423110
CCP,20200401,14.1,14.67,12.95,14.34,1826294
CCV,20200401,0.14,0.155,0.14,0.15,82424
CCX,20200401,1.6,1.6,1.465,1.51,1558109
CD2,20200401,0.975,0.975,0.97,0.97,7875
CDA,20200401,5.45,5.63,5.36,5.57,724197
CDD,20200401,0.26,0.26,0.25,0.25,75921
CDM,20200401,0.49,0.505,0.485,0.495,319703
CDP,20200401,2.79,2.9,2.7,2.74,87292
CDV,20200401,0.33,0.33,0.325,0.325,117812
CDX,20200401,0.016,0.017,0.015,0.015,423966
CDY,20200401,0.315,0.32,0.27,0.27,3720357
CE1,20200401,0.003,0.003,0.003,0.003,12192705
CEL,20200401,0.091,0.091,0.087,0.089,1237645
CEN,20200401,5.95,5.95,5.7,5.7,1648
CG1,20200401,0.155,0.155,0.14,0.145,572901
CGB,20200401,0.008,0.008,0.006,0.006,1713104
CGC,20200401,2.77,2.92,2.73,2.89,5060772
CGF,20200401,4.12,4.62,4.11,4.56,3756426
CGL,20200401,2.4,3.02,2.4,2.86,674951
CGN,20200401,0.006,0.006,0.006,0.006,10734
CGR,20200401,0.485,0.495,0.455,0.46,2115479
CGS,20200401,0.35,0.355,0.35,0.355,32419
CHC,20200401,7.2,7.48,6.96,7.2,3444163
CHK,20200401,0.005,0.005,0.005,0.005,50000
CHN,20200401,0.58,0.58,0.515,0.545,1716069
CHZ,20200401,0.048,0.048,0.044,0.044,289999
CIA,20200401,1.595,1.61,1.545,1.575,302032
CIE,20200401,0.53,0.55,0.525,0.55,75174
CIM,20200401,23.93,24.25,22.93,23.6,1068563
CIN,20200401,21.76,23,20.9,20.9,4998
CIO,20200401,0.002,0.002,0.002,0.002,1301868
CIP,20200401,2.7,2.72,2.555,2.6,1851680
CIW,20200401,0.4,0.4,0.4,0.4,2500
CKA,20200401,0.028,0.028,0.028,0.028,215994
CKF,20200401,5.55,6.02,5.55,5.62,795829
CL1,20200401,1.1,1.15,1.1,1.105,127300
CL8,20200401,0.009,0.009,0.009,0.009,58750
CLA,20200401,0.011,0.011,0.011,0.011,414287
CLQ,20200401,0.13,0.14,0.13,0.135,742604
CLV,20200401,1.955,2.13,1.935,2.09,660543
CLW,20200401,4.23,4.57,4.23,4.45,1941659
CLZ,20200401,0.002,0.002,0.001,0.001,15447300
CM8,20200401,0.012,0.012,0.012,0.012,187000
CML,20200401,0.007,0.007,0.007,0.007,50000
CMM,20200401,1.04,1.045,1.01,1.045,94240
CMP,20200401,0.36,0.39,0.36,0.365,257515
CMW,20200401,0.775,0.85,0.775,0.8,9967648
CNI,20200401,1.7,1.7,1.625,1.645,1608794
CNU,20200401,6.51,6.795,6.51,6.71,924068
CNW,20200401,0.017,0.017,0.016,0.017,1452378
COB,20200401,0.09,0.095,0.09,0.09,85493
COE,20200401,0.405,0.472,0.405,0.445,6682086
COF,20200401,1.705,1.725,1.64,1.695,1671380
COG,20200401,0.053,0.053,0.052,0.052,215000
COH,20200401,190.82,200.17,185.35,195.5,887784
COI,20200401,0.058,0.059,0.057,0.057,3069261
COL,20200401,15.38,15.94,15.24,15.83,12693562
CPH,20200401,0.062,0.064,0.059,0.059,3102257
CPT,20200401,0.021,0.021,0.021,0.021,62500
CPU,20200401,9.76,10.14,9.64,10.08,2486338
CPV,20200401,0.062,0.063,0.062,0.063,45036
CQE,20200401,1.9,1.91,1.832,1.885,1544400
CQR,20200401,3.19,3.31,3.18,3.27,1930534
CR1,20200401,0.19,0.19,0.19,0.19,3684
CRM,20200401,0.3,0.3,0.3,0.3,1850
CRN,20200401,1.125,1.28,1.12,1.275,749078
CRO,20200401,0.002,0.002,0.002,0.002,53402
CSL,20200401,311.51,313,298.77,307,1517549
CSR,20200401,3.17,3.37,3.07,3.37,4253656
CSS,20200401,0.49,0.495,0.46,0.48,340169
CST,20200401,0.08,0.08,0.065,0.072,627378
CT1,20200401,0.017,0.018,0.017,0.018,211769
CTD,20200401,9,9.76,8.71,9.01,483822
CTM,20200401,0.007,0.008,0.007,0.007,5924747
CTO,20200401,0.003,0.003,0.002,0.003,1035000
CTP,20200401,0.073,0.078,0.073,0.076,1020147
CTX,20200401,22.9,23.65,22.52,23.3,1522973
CUP,20200401,0.79,0.79,0.78,0.78,93568
CUV,20200401,19.85,20.76,18.9,20.15,203196
CUX,20200401,0.004,0.004,0.004,0.004,29833
CV1,20200401,0.07,0.08,0.067,0.08,252839
CVF,20200401,0.75,0.785,0.75,0.785,22493
CVL,20200401,0.37,0.37,0.35,0.35,5000
CVN,20200401,0.145,0.155,0.145,0.15,7998080
CVW,20200401,0.217,0.217,0.217,0.217,9000
CWN,20200401,7.7,8.02,7.7,8,2849317
CWP,20200401,4.38,4.42,4.13,4.42,434071
CWX,20200401,0.135,0.15,0.135,0.15,42722
CWY,20200401,1.71,1.815,1.7,1.805,7931225
CXL,20200401,0.75,0.75,0.675,0.71,112127
CXO,20200401,0.022,0.023,0.022,0.022,1200600
CXZ,20200401,0.014,0.014,0.014,0.014,192107
CYG,20200401,0.49,0.49,0.49,0.49,42000
CYL,20200401,1.92,2.39,1.92,2.39,35923
CYP,20200401,0.71,0.76,0.71,0.745,161284
CZI,20200401,0.07,0.07,0.069,0.069,125000
CZN,20200401,0.002,0.002,0.002,0.002,2458333
CZR,20200401,0.008,0.009,0.008,0.009,775000
D2O,20200401,1.3,1.3,1.24,1.24,78943
DAU,20200401,0.022,0.022,0.022,0.022,20000
DAV,20200401,0.035,0.035,0.035,0.035,50000
DCC,20200401,0.015,0.016,0.014,0.014,482729
DCG,20200401,0.135,0.14,0.115,0.125,2557993
DCL,20200401,0.025,0.025,0.019,0.019,1065569
DCX,20200401,0.004,0.004,0.004,0.004,1000
DDD,20200401,0.001,0.001,0.001,0.001,3500000
DDR,20200401,5.9,5.98,5.73,5.9,150388
DDT,20200401,0.004,0.004,0.004,0.004,22500
DEG,20200401,0.235,0.24,0.215,0.23,10367601
DEM,20200401,0.17,0.19,0.155,0.155,241028
DEV,20200401,0.042,0.045,0.042,0.045,326405
DGO,20200401,1.73,1.73,1.58,1.58,10289
DGR,20200401,0.051,0.051,0.051,0.051,7470
DHG,20200401,2.03,2.15,2.01,2.15,1266373
DHR,20200401,0.002,0.002,0.002,0.002,1000000
DIV,20200401,18.1,18.5,18.1,18.41,2684
DJW,20200401,2.36,2.44,2.36,2.44,154570
DMP,20200401,52,52.96,49.16,50.24,558769
DNA,20200401,0.034,0.038,0.032,0.033,866219
DNK,20200401,0.38,0.38,0.34,0.345,278747
DOW,20200401,3.04,3.37,3.04,3.37,5657481
DRE,20200401,0.003,0.003,0.003,0.003,12168945
DRO,20200401,0.105,0.11,0.1,0.1,651099
DRX,20200401,0.008,0.008,0.008,0.008,165000
DTC,20200401,0.655,0.655,0.58,0.6,158406
DTI,20200401,0.013,0.02,0.013,0.02,351000
DTL,20200401,3.43,3.5,3.28,3.41,708681
DTS,20200401,0.14,0.14,0.135,0.135,89543
DTZ,20200401,0.045,0.047,0.045,0.047,350000
DUB,20200401,0.84,0.865,0.72,0.835,709067
DUI,20200401,3.92,3.95,3.85,3.87,69496
DVL,20200401,0.013,0.014,0.013,0.014,1301926
DW8,20200401,0.006,0.006,0.006,0.006,2910517
DWS,20200401,0.62,0.64,0.6,0.64,85721
DXB,20200401,0.14,0.14,0.14,0.14,22800
DXS,20200401,9.9,10,9.43,9.63,6363571
DYL,20200401,0.22,0.235,0.205,0.22,304139
EAF,20200401,1.19,1.21,1.19,1.21,71425
EAI,20200401,0.925,0.935,0.92,0.93,229846
EAS,20200401,0.73,0.73,0.73,0.73,235
EBO,20200401,21.6,22.38,21.58,21.58,3154
ECF,20200401,0.935,0.97,0.91,0.91,193546
ECP,20200401,0.82,0.82,0.82,0.82,6097
ECS,20200401,0.027,0.03,0.025,0.026,2707533
ECX,20200401,0.71,0.715,0.64,0.7,1867664
ED1,20200401,0.6,0.6,0.6,0.6,4200
EDE,20200401,0.024,0.025,0.023,0.023,1007957
EEG,20200401,0.185,0.19,0.185,0.185,32917
EEU,20200401,17.25,17.25,17.25,17.25,937
EFE,20200401,0.003,0.003,0.003,0.003,136233
EGD,20200401,2.29,2.29,2.28,2.28,51540
EGF,20200401,1.54,1.545,1.54,1.54,304578
EGG,20200401,0.85,0.86,0.85,0.86,56355
EGH,20200401,0.28,0.285,0.28,0.285,31454
EGL,20200401,0.03,0.032,0.03,0.03,23200
EGN,20200401,0.41,0.41,0.41,0.41,1250
EGR,20200401,0.041,0.045,0.04,0.04,782949
EHE,20200401,1.35,1.365,1.28,1.335,1119887
EHL,20200401,0.845,0.91,0.805,0.895,2415255
EHX,20200401,0.081,0.081,0.08,0.08,252262
ELD,20200401,7.46,7.86,7.46,7.86,1277731
ELO,20200401,4.4,5.61,4.4,4.8,131062
ELS,20200401,0.3,0.3,0.3,0.3,8558
ELT,20200401,0.001,0.001,0.001,0.001,2500000
ELX,20200401,0.52,0.54,0.51,0.53,112503
EMD,20200401,0.065,0.07,0.065,0.07,124693
EME,20200401,0.071,0.071,0.071,0.071,100000
EML,20200401,2.47,2.48,2.13,2.2,8446998
EMN,20200401,0.09,0.09,0.09,0.09,6800
EMV,20200401,0.535,0.57,0.525,0.57,53431
EN1,20200401,0.016,0.018,0.016,0.017,8203430
ENN,20200401,0.82,0.89,0.815,0.87,176467
ENR,20200401,0.09,0.09,0.081,0.081,25425
ENT,20200401,0.006,0.006,0.006,0.006,349000
EOF,20200401,1.89,1.895,1.775,1.785,159790
EOL,20200401,2.21,2.25,2.17,2.17,13215
EOS,20200401,4.31,4.43,4.15,4.32,1212341
EPD,20200401,0.26,0.26,0.26,0.26,10000
EPM,20200401,0.004,0.004,0.004,0.004,627741
EQE,20200401,0.006,0.007,0.006,0.007,2153560
EQT,20200401,22,22.2,20.4,21.5,15292
EQX,20200401,0.22,0.235,0.22,0.235,111094
ERA,20200401,0.15,0.155,0.15,0.155,322827
ERF,20200401,0.8,0.805,0.8,0.805,432
ERL,20200401,0.007,0.007,0.007,0.007,75000
ERM,20200401,0.082,0.083,0.082,0.082,240674
ERX,20200401,0.03,0.03,0.029,0.03,1057345
ESE,20200401,0.006,0.006,0.006,0.006,315000
ESH,20200401,0.005,0.005,0.004,0.005,1684353
ETF,20200401,17.19,17.19,17.19,17.19,16623
EUC,20200401,0.011,0.012,0.011,0.011,149967
EUR,20200401,0.042,0.042,0.042,0.042,164292
EVE,20200401,0.004,0.005,0.004,0.005,1892636
EVN,20200401,3.89,3.92,3.76,3.9,13177510
EVO,20200401,0.071,0.071,0.064,0.067,1799250
EVS,20200401,0.14,0.155,0.13,0.135,2858924
EVT,20200401,7.55,7.7,7.48,7.66,88877
EWC,20200401,0.058,0.058,0.054,0.054,300000
EX1,20200401,0.17,0.17,0.15,0.155,92268
EXL,20200401,0.295,0.31,0.28,0.28,1172523
EXP,20200401,0.07,0.083,0.07,0.082,1002450
EXR,20200401,0.02,0.02,0.019,0.02,757926
EZL,20200401,0.75,0.765,0.735,0.765,41631
FAM,20200401,0.028,0.03,0.027,0.03,61130
FAR,20200401,0.011,0.012,0.011,0.012,30897945
FBR,20200401,0.025,0.026,0.023,0.026,4338651
FBU,20200401,3.26,3.45,3.26,3.39,1615602
FCL,20200401,2.79,2.79,2.65,2.68,1054751
FCT,20200401,0.105,0.105,0.105,0.105,28174
FDV,20200401,0.62,0.66,0.61,0.61,177006
FE8,20200401,0.006,0.006,0.006,0.006,10000
FEX,20200401,0.03,0.033,0.03,0.033,225000
FFG,20200401,0.005,0.005,0.005,0.005,1443834
FFI,20200401,4.8,4.8,4.8,4.8,1590
FFL,20200401,0.15,0.16,0.15,0.15,110000
FGG,20200401,1.07,1.08,1.06,1.065,548038
FGO,20200401,0.002,0.002,0.001,0.001,1040000
FGR,20200401,0.099,0.115,0.099,0.11,770720
FGX,20200401,0.875,0.895,0.875,0.88,207693
FHS,20200401,0.02,0.02,0.019,0.02,547784
FID,20200401,4.37,4.5,4.35,4.5,22150
FIJ,20200401,0.049,0.049,0.048,0.048,32999
FLC,20200401,0.3,0.307,0.29,0.305,108843
FLN,20200401,0.305,0.31,0.3,0.305,177079
FMG,20200401,10.21,10.41,10.12,10.35,15265298
FML,20200401,0.17,0.175,0.17,0.17,163474
FMS,20200401,0.029,0.029,0.027,0.027,942008
FNP,20200401,4.4,4.8,4.4,4.79,593727
FNT,20200401,0.007,0.007,0.007,0.007,1000000
FOD,20200401,0.076,0.078,0.07,0.07,1076738
FOR,20200401,0.63,0.755,0.63,0.74,233566
FPH,20200401,28.98,29.97,28.84,29.78,892633
FPP,20200401,0.6,0.6,0.6,0.6,701
FRI,20200401,0.65,0.66,0.64,0.66,104922
FRM,20200401,0.245,0.245,0.245,0.245,4000
FRN,20200401,0.019,0.019,0.017,0.017,100000
FRX,20200401,0.015,0.015,0.015,0.015,350000
FSA,20200401,0.955,0.975,0.955,0.975,20460
FTT,20200401,0.003,0.003,0.002,0.002,749206
FTZ,20200401,0.062,0.062,0.061,0.061,10000
FWD,20200401,1.2,1.24,1.19,1.205,255501
FXL,20200401,0.79,0.79,0.7,0.75,3630630
FYI,20200401,0.046,0.046,0.04,0.04,384279
FZO,20200401,0.086,0.1,0.084,0.09,1691814
G1A,20200401,0.19,0.19,0.18,0.18,138019
GAL,20200401,0.16,0.16,0.155,0.155,405620
GAP,20200401,0.115,0.12,0.115,0.12,229952
GAS,20200401,0.385,0.4,0.375,0.4,53612
GBE,20200401,0.014,0.014,0.014,0.014,75000
GBZ,20200401,0.051,0.056,0.05,0.05,792294
GC1,20200401,0.51,0.535,0.5,0.515,149417
GCI,20200401,1.6,1.65,1.6,1.645,34481
GDF,20200401,0.905,0.935,0.9,0.92,83341
GDG,20200401,0.57,0.57,0.57,0.57,18500
GDI,20200401,0.895,0.93,0.865,0.91,1706539
GDX,20200401,38.34,38.34,37.6,38.23,19964
GEM,20200401,0.845,0.89,0.81,0.84,5755934
GEV,20200401,0.057,0.062,0.057,0.061,238757
GGG,20200401,0.092,0.094,0.091,0.093,490621
GLL,20200401,0.42,0.46,0.42,0.45,186045
GMA,20200401,2.25,2.37,2.01,2.09,1652227
GMD,20200401,0.025,0.026,0.023,0.023,1783542
GMG,20200401,12.5,12.63,12.21,12.46,5577572
GML,20200401,0.01,0.01,0.01,0.01,1310000
GMR,20200401,0.005,0.005,0.005,0.005,2363124
GNC,20200401,3.09,3.25,3.03,3.12,1930266
GNE,20200401,2.54,2.69,2.53,2.55,13911
GNX,20200401,0.16,0.16,0.145,0.145,356897
GOR,20200401,1.365,1.41,1.33,1.365,10484698
GOW,20200401,1.55,1.6,1.55,1.55,29455
GOZ,20200401,2.48,2.68,2.48,2.64,1592670
GPR,20200401,0.205,0.23,0.205,0.23,36000
GPT,20200401,3.74,3.85,3.69,3.85,11605788
GRB,20200401,0.05,0.05,0.048,0.048,395951
GRL,20200401,0.105,0.115,0.1,0.115,92551
GRR,20200401,0.18,0.19,0.18,0.185,1668706
GRV,20200401,0.012,0.012,0.012,0.012,31445
GSM,20200401,0.09,0.09,0.09,0.09,42777
GSS,20200401,1.785,2.15,1.77,1.965,1726036
GSW,20200401,0.38,0.42,0.36,0.42,48861
GTE,20200401,0.002,0.002,0.001,0.001,1925000
GTG,20200401,0.005,0.007,0.005,0.006,17341730
GTK,20200401,1.4,1.445,1.33,1.36,87897
GTR,20200401,0.005,0.005,0.005,0.005,374320
GUD,20200401,9.14,9.7,9.08,9.48,390818
GVF,20200401,0.93,0.93,0.93,0.93,15000
GWA,20200401,2.61,2.73,2.52,2.62,2088794
GXY,20200401,0.8,0.85,0.785,0.84,3616924
HAS,20200401,0.069,0.074,0.069,0.072,307250
HAV,20200401,0.08,0.08,0.08,0.08,19000
HCH,20200401,0.015,0.015,0.015,0.015,1200000
HCT,20200401,0.11,0.115,0.105,0.105,3158527
HE8,20200401,0.087,0.091,0.087,0.09,616533
HFR,20200401,0.365,0.365,0.33,0.33,98869
HGH,20200401,1.1,1.1,1,1.04,11500
HGO,20200401,0.037,0.037,0.037,0.037,92222
HIL,20200401,0.21,0.22,0.21,0.21,54010
HIT,20200401,0.965,1,0.965,1,15520
HLA,20200401,0.61,0.645,0.6,0.6,30256
HLO,20200401,1.67,1.845,1.52,1.58,450106
HLS,20200401,2.05,2.14,2.05,2.12,2997197
HLX,20200401,0.006,0.006,0.005,0.005,38917
HM1,20200401,2.44,2.5,2.36,2.5,330442
HMC,20200401,2.13,2.71,2.13,2.63,206981
HMD,20200401,0.15,0.15,0.135,0.135,402797
HMX,20200401,0.013,0.013,0.013,0.013,106949
HNG,20200401,0.175,0.175,0.175,0.175,688
HNR,20200401,0.005,0.005,0.005,0.005,330000
HPI,20200401,2.21,2.29,2.16,2.22,451666
HRL,20200401,0.082,0.082,0.08,0.08,255850
HRN,20200401,0.22,0.22,0.21,0.21,209386
HRR,20200401,0.019,0.023,0.019,0.02,817870
HRZ,20200401,0.063,0.063,0.059,0.059,734692
HSC,20200401,0.004,0.004,0.004,0.004,100000
HSN,20200401,2.95,2.95,2.86,2.92,307571
HT1,20200401,1.195,1.245,1.17,1.2,299699
HTA,20200401,0.13,0.13,0.13,0.13,4248
HUB,20200401,7.51,8.75,7.51,8.55,441950
HUO,20200401,3.6,3.74,3.35,3.73,4857
HVM,20200401,0.14,0.14,0.14,0.14,35000
HVN,20200401,3,3.04,2.9,2.97,7408934
HXG,20200401,0.035,0.036,0.035,0.036,53800
HYD,20200401,0.105,0.105,0.105,0.105,23000
HZN,20200401,0.046,0.046,0.044,0.045,1027523
HZR,20200401,0.32,0.32,0.31,0.315,212635
IAA,20200401,91.05,92,90.4,91.3,5039
IAF,20200401,116.5,117,116.25,117,16059
IAG,20200401,6.23,6.38,6.1,6.24,6947493
IAP,20200401,1.095,1.1,1.022,1.035,196818
IBG,20200401,0.006,0.007,0.006,0.007,1408607
IBX,20200401,0.013,0.014,0.012,0.013,1268914
ICE,20200401,0.13,0.13,0.13,0.13,195194
ICI,20200401,0.023,0.023,0.019,0.019,952389
ICN,20200401,0.006,0.006,0.006,0.006,5000
ICQ,20200401,0.18,0.18,0.17,0.175,7521
ICT,20200401,0.037,0.037,0.034,0.036,389306
ICU,20200401,0.009,0.009,0.009,0.009,50520
IDA,20200401,0.022,0.022,0.02,0.02,37846
IDX,20200401,2.51,2.71,2.41,2.7,929642
IDZ,20200401,0.001,0.002,0.001,0.002,22293026
IEM,20200401,54.9,55.89,54.79,55.22,74638
IEU,20200401,56.21,57.07,56.21,56.54,8271
IFL,20200401,3.69,3.81,3.58,3.72,1261924
IFM,20200401,1.405,1.485,1.4,1.45,526557
IFN,20200401,0.43,0.46,0.425,0.45,2855791
IFT,20200401,3.86,3.93,3.82,3.88,11991
IGB,20200401,115.7,116.2,115.65,116.1,877
IGL,20200401,0.54,0.565,0.472,0.5,1527180
IGO,20200401,4.33,4.49,4.13,4.24,3123836
IHD,20200401,10.73,11,10.7,11,42482
IHL,20200401,0.037,0.039,0.036,0.039,821123
IHR,20200401,0.046,0.046,0.046,0.046,37919
IJH,20200401,229.74,231,229.26,229.26,820
IJP,20200401,80,80.975,79.6,79.63,4584
IJR,20200401,90.5,90.5,88.45,90.28,25704
IKO,20200401,77.7,78.575,77.45,77.45,1102
ILB,20200401,120.5,124.3,120,122.51,2006
ILC,20200401,21.15,21.21,20.77,21.02,71322
ILU,20200401,7.03,7.43,6.99,7.17,2979100
IMA,20200401,0.14,0.14,0.13,0.13,1434448
IMC,20200401,0.08,0.081,0.08,0.08,59429
IMD,20200401,0.9,0.9,0.805,0.82,1075380
IME,20200401,0.021,0.024,0.021,0.024,4387408
IMF,20200401,3.85,3.85,3.56,3.6,479259
IMM,20200401,0.135,0.14,0.125,0.14,1069876
IMR,20200401,0.86,0.86,0.83,0.83,14513
IMS,20200401,0.004,0.004,0.004,0.004,175500
IMU,20200401,0.02,0.021,0.02,0.021,5226510
INA,20200401,3.37,3.42,3.31,3.41,1167254
INF,20200401,0.036,0.036,0.035,0.035,450000
ING,20200401,3.26,3.44,3.26,3.4,1326089
INP,20200401,0.01,0.01,0.01,0.01,50000
INR,20200401,0.081,0.082,0.079,0.081,2588493
IOD,20200401,0.08,0.08,0.075,0.075,85183
IOO,20200401,72.77,72.77,71.06,71.43,36972
IOZ,20200401,21.36,21.76,21.25,21.58,524655
IP1,20200401,0.003,0.003,0.003,0.003,63700
IPB,20200401,0.011,0.011,0.011,0.011,10000
IPH,20200401,7.21,7.42,7.14,7.27,854786
IPL,20200401,2,2.17,2,2.13,10289048
IPT,20200401,0.006,0.006,0.005,0.005,5997646
IRE,20200401,10.57,10.94,10.44,10.75,860455
IRI,20200401,2.59,2.76,2.59,2.73,214343
ISD,20200401,0.155,0.165,0.155,0.165,36500
ISO,20200401,3.64,3.72,3.64,3.7,71697
ISU,20200401,0.23,0.23,0.23,0.23,17688
ITG,20200401,0.18,0.18,0.18,0.18,3000
IVC,20200401,10.83,11.22,10.62,10.86,669669
IVE,20200401,86.78,86.78,86.3,86.78,428
IVR,20200401,0.012,0.012,0.012,0.012,1100000
IVV,20200401,421.99,421.99,412.5,414.3,19557
IVX,20200401,0.008,0.008,0.008,0.008,1545631
IVZ,20200401,0.013,0.013,0.013,0.013,370000
IXC,20200401,0.74,0.805,0.74,0.785,34949
IXI,20200401,78.2,78.2,76.53,77.77,1708
IXJ,20200401,99,99.2,97.9,98.73,7523
IXR,20200401,0.005,0.005,0.004,0.004,223000
IZZ,20200401,61.94,61.96,60.5,61.51,10116
JAN,20200401,0.25,0.25,0.25,0.25,32352
JAT,20200401,0.038,0.041,0.037,0.038,1279349
JBH,20200401,28.83,30.99,28.19,30.99,1323427
JCS,20200401,0.023,0.023,0.023,0.023,101500
JHC,20200401,0.49,0.52,0.48,0.5,755838
JHG,20200401,24.3,25.35,24.3,24.75,294582
JHX,20200401,19.52,20.02,19.09,20,2010489
JIN,20200401,9.95,9.99,8.72,8.88,2366044
JLG,20200401,2.2,2.34,2.15,2.27,618074
JMS,20200401,0.225,0.227,0.22,0.225,1476712
JRV,20200401,0.14,0.155,0.14,0.15,308014
JXT,20200401,0.016,0.017,0.016,0.016,995285
JYC,20200401,0.8,0.8,0.78,0.8,61843
K2F,20200401,0.17,0.17,0.155,0.17,18958
KAI,20200401,0.006,0.006,0.006,0.006,2457499
KAM,20200401,0.025,0.025,0.023,0.023,1412193
KAR,20200401,0.45,0.53,0.45,0.485,7546417
KAS,20200401,0.037,0.038,0.037,0.038,60000
KAU,20200401,0.14,0.15,0.13,0.15,406500
KCN,20200401,0.36,0.36,0.35,0.35,179327
KFE,20200401,0.023,0.025,0.023,0.025,777101
KGL,20200401,0.12,0.125,0.12,0.12,43012
KGN,20200401,5.48,5.73,5.46,5.69,1307791
KIN,20200401,0.048,0.05,0.048,0.05,693532
KKC,20200401,1.58,1.63,1.51,1.51,666478
KLA,20200401,48.45,49.1,47.5,49.1,2755
KME,20200401,0.85,1,0.85,1,51485
KMT,20200401,0.003,0.003,0.003,0.003,4410000
KNO,20200401,0.057,0.058,0.057,0.058,231700
KPG,20200401,0.74,0.74,0.705,0.705,7981
KPO,20200401,0.031,0.035,0.031,0.034,1920092
KPT,20200401,0.93,1,0.93,0.98,199661
KRM,20200401,0.026,0.026,0.026,0.026,5000
KRR,20200401,0.025,0.025,0.023,0.023,541869
KSC,20200401,1.525,1.525,1.525,1.525,20000
KSL,20200401,0.92,0.92,0.87,0.9,167218
KSN,20200401,0.115,0.115,0.11,0.11,59750
KSS,20200401,0.19,0.19,0.17,0.18,229940
KTA,20200401,0.033,0.037,0.032,0.035,311747
KTD,20200401,0.335,0.345,0.32,0.32,148370
KWR,20200401,0.12,0.12,0.1,0.11,383038
KYK,20200401,0.052,0.052,0.05,0.05,96799
KZA,20200401,0.425,0.43,0.39,0.39,271356
KZR,20200401,0.395,0.4,0.38,0.385,227360
LAA,20200401,0.016,0.019,0.016,0.019,270317
LAU,20200401,0.345,0.345,0.345,0.345,10560
LAW,20200401,0.03,0.036,0.028,0.033,2779745
LBL,20200401,0.325,0.38,0.325,0.355,132466
LBT,20200401,0.11,0.12,0.105,0.105,725802
LCK,20200401,0.097,0.097,0.097,0.097,15195
LCY,20200401,0.002,0.002,0.002,0.002,25000
LEG,20200401,0.105,0.115,0.1,0.115,15205232
LEP,20200401,3.95,4.11,3.95,4,65487
LER,20200401,0.022,0.025,0.022,0.025,48300
LEX,20200401,0.165,0.165,0.165,0.165,60000
LGP,20200401,0.305,0.325,0.27,0.27,158408
LI3,20200401,0.017,0.017,0.016,0.016,40000
LIC,20200401,6.35,6.35,5.84,6,326310
LIN,20200401,0.015,0.015,0.013,0.013,181000
LIT,20200401,0.038,0.04,0.037,0.037,1126937
LKE,20200401,0.031,0.033,0.031,0.033,1516178
LLC,20200401,10.55,10.95,10.43,10.7,1924626
LLO,20200401,1.375,1.375,1.375,1.375,580
LME,20200401,1.4,1.4,1.292,1.385,9748
LMG,20200401,0.007,0.007,0.006,0.006,1092444
LML,20200401,0.005,0.005,0.005,0.005,197010
LNG,20200401,0.097,0.099,0.091,0.094,580140
LNK,20200401,3.38,3.51,3.3,3.38,3014312
LNU,20200401,0.01,0.011,0.01,0.011,208111
LNY,20200401,0.003,0.003,0.003,0.003,2300000
LOM,20200401,0.079,0.079,0.074,0.074,391658
LON,20200401,0.085,0.088,0.082,0.082,108000
LOT,20200401,0.033,0.033,0.031,0.031,500000
LOV,20200401,4.99,5.35,4.81,5.27,686477
LPD,20200401,0.008,0.008,0.008,0.008,2951097
LPE,20200401,0.19,0.19,0.19,0.19,33000
LPI,20200401,0.125,0.15,0.125,0.15,385197
LRS,20200401,0.002,0.003,0.002,0.003,3613340
LSA,20200401,0.005,0.006,0.005,0.006,230000
LSF,20200401,0.86,0.905,0.86,0.895,1138518
LSH,20200401,0.05,0.054,0.046,0.046,248956
LSR,20200401,0.005,0.005,0.005,0.005,200000
LTR,20200401,0.067,0.075,0.066,0.074,4059190
LVE,20200401,0.043,0.043,0.043,0.043,50000
LVH,20200401,0.125,0.14,0.115,0.13,797771
LVT,20200401,0.155,0.175,0.155,0.155,4300285
LYC,20200401,1.45,1.48,1.37,1.39,4124643
LYL,20200401,3.73,4.05,3.73,3.97,27918
M7T,20200401,0.53,0.54,0.495,0.495,317826
M8S,20200401,0.042,0.045,0.042,0.042,1750000
MAD,20200401,0.69,0.69,0.68,0.68,74244
MAG,20200401,0.26,0.265,0.245,0.265,302546
MAH,20200401,0.19,0.2,0.19,0.19,2141821
MAI,20200401,0.35,0.365,0.35,0.365,37743
MAQ,20200401,22.58,22.8,21.83,22.7,7363
MAT,20200401,0.096,0.096,0.092,0.092,624184
MAY,20200401,0.004,0.004,0.004,0.004,125000
MCA,20200401,0.125,0.125,0.125,0.125,5000
MCM,20200401,0.25,0.25,0.25,0.25,2000
MCP,20200401,2.08,2.18,1.99,2.18,330797
MCR,20200401,0.485,0.51,0.48,0.495,424673
MCT,20200401,0.003,0.003,0.003,0.003,225000
MCY,20200401,4.23,4.23,4.17,4.17,1197
MDC,20200401,0.2,0.22,0.195,0.22,279187
MDI,20200401,0.006,0.008,0.006,0.008,18562862
MDR,20200401,0.46,0.47,0.39,0.405,1456442
MEA,20200401,0.187,0.19,0.187,0.19,83200
MEB,20200401,0.007,0.007,0.007,0.007,198142
MEC,20200401,0.79,0.825,0.79,0.825,9284
MEI,20200401,0.01,0.01,0.009,0.009,388046
MEL,20200401,0.021,0.021,0.02,0.02,600000
MEM,20200401,0.04,0.043,0.04,0.04,95000
MEP,20200401,0.027,0.027,0.027,0.027,4000
MEU,20200401,0.027,0.029,0.027,0.029,227608
MEZ,20200401,4.08,4.1,3.9,4.1,27980
MFD,20200401,0.57,0.6,0.57,0.6,40045
MFF,20200401,2.64,2.71,2.64,2.69,324080
MFG,20200401,45.64,48.32,44,48.32,1256288
MGC,20200401,0.43,0.43,0.43,0.43,134216
MGE,20200401,3.91,3.91,3.82,3.82,410796
MGG,20200401,1.605,1.665,1.59,1.625,1538552
MGR,20200401,2.19,2.26,2.14,2.21,24009556
MGT,20200401,0.002,0.002,0.001,0.001,1225999
MGV,20200401,0.094,0.1,0.094,0.096,1131036
MGX,20200401,0.685,0.7,0.65,0.67,3495446
MHC,20200401,0.005,0.005,0.005,0.005,100000
MHG,20200401,3.08,3.09,3.05,3.09,1215285
MHH,20200401,1.335,1.375,1.335,1.35,531953
MHJ,20200401,0.25,0.25,0.237,0.245,46875
MIL,20200401,0.215,0.22,0.215,0.22,41764
MIN,20200401,14.39,14.95,14.27,14.93,1311158
MIO,20200401,0.09,0.09,0.09,0.09,30000
MIR,20200401,1.9,1.91,1.9,1.9,60901
MKG,20200401,0.035,0.036,0.035,0.036,335046
MLD,20200401,0.65,0.67,0.625,0.67,339305
MLL,20200401,0.049,0.059,0.049,0.055,807133
MLS,20200401,0.001,0.001,0.001,0.001,1140000
MLT,20200401,3.65,3.78,3.64,3.69,150666
MLX,20200401,0.066,0.068,0.064,0.068,620300
MME,20200401,0.58,0.602,0.555,0.58,117266
MMI,20200401,0.11,0.11,0.11,0.11,86770
MMJ,20200401,0.077,0.08,0.077,0.077,79286
MML,20200401,0.465,0.475,0.45,0.465,78478
MMM,20200401,0.745,0.745,0.715,0.735,368265
MMS,20200401,7.11,7.26,6.95,7.14,429627
MND,20200401,10.49,11.11,10.4,10.7,540001
MNF,20200401,4.65,4.84,4.48,4.49,162351
MNS,20200401,0.054,0.054,0.052,0.053,358795
MNW,20200401,0.009,0.009,0.009,0.009,148219
MNY,20200401,1.2,1.2,1.067,1.1,851202
MOC,20200401,0.665,0.665,0.65,0.655,239739
MOE,20200401,1.775,1.87,1.72,1.87,261822
MOH,20200401,0.059,0.068,0.058,0.068,147530
MOQ,20200401,0.12,0.12,0.115,0.115,8229
MOT,20200401,1.49,1.5,1.445,1.485,100026
MOZ,20200401,0.4,0.435,0.39,0.41,248337
MP1,20200401,9.9,10.12,9.69,10.03,1087259
MPH,20200401,0.15,0.15,0.15,0.15,21000
MPL,20200401,2.69,2.77,2.64,2.77,16695909
MQG,20200401,88.9,90.5,87.3,89.34,1731573
MQR,20200401,0.028,0.028,0.028,0.028,100000
MRC,20200401,0.18,0.18,0.17,0.17,104315
MRG,20200401,0.012,0.013,0.012,0.013,808281
MRL,20200401,0.26,0.26,0.25,0.255,32853
MRM,20200401,0.07,0.072,0.069,0.07,945138
MRQ,20200401,0.006,0.006,0.006,0.006,1950000
MRZ,20200401,0.135,0.135,0.12,0.12,80000
MSB,20200401,1.53,1.55,1.415,1.51,5604326
MSE,20200401,0.006,0.006,0.006,0.006,400000
MSM,20200401,0.008,0.008,0.008,0.008,300000
MSR,20200401,0.002,0.002,0.002,0.002,100000
MSV,20200401,0.295,0.305,0.295,0.3,487266
MTH,20200401,0.006,0.007,0.005,0.005,2326303
MTO,20200401,0.65,0.662,0.645,0.645,71665
MTS,20200401,3.1,3.21,3.09,3.16,7569489
MVA,20200401,16.15,16.92,16.15,16.59,17397
MVB,20200401,18.6,18.6,17.94,17.94,23846
MVE,20200401,21.52,21.7,21.52,21.56,3944
MVF,20200401,0.435,0.465,0.435,0.45,1069056
MVP,20200401,5.4,5.86,5.34,5.85,464570
MVR,20200401,22.17,22.45,22.17,22.4,10288
MVS,20200401,14.51,14.51,14.38,14.38,3431
MVW,20200401,22.88,23.5,22.85,23.29,111842
MWR,20200401,0.081,0.092,0.081,0.088,550511
MWY,20200401,0.99,0.99,0.99,0.99,2500
MX1,20200401,0.135,0.14,0.13,0.135,398401
MXI,20200401,0.13,0.13,0.13,0.13,50000
MXR,20200401,0.025,0.025,0.025,0.025,3044
MXT,20200401,1.69,1.75,1.62,1.62,955103
MYE,20200401,0.65,0.65,0.65,0.65,30942
MYL,20200401,0.04,0.04,0.038,0.038,739979
MYQ,20200401,0.12,0.135,0.12,0.13,109819
MYR,20200401,0.155,0.155,0.145,0.155,8211774
MYS,20200401,4.31,4.32,3.84,4.03,115949
MYX,20200401,0.31,0.365,0.31,0.365,10333329
MZZ,20200401,0.135,0.16,0.135,0.16,306476
NAB,20200401,17.17,17.22,16.38,16.95,13302444
NAC,20200401,0.605,0.625,0.605,0.625,31232
NAG,20200401,0.038,0.038,0.038,0.038,100000
NAN,20200401,5.9,6.41,5.85,6.41,1762753
NBI,20200401,1.4,1.55,1.4,1.45,532515
NCC,20200401,0.805,0.83,0.8,0.83,15937
NCK,20200401,3.46,3.52,3.35,3.42,534367
NCM,20200401,22.8,23.44,22.54,23.4,3274070
NCR,20200401,0.006,0.006,0.006,0.006,20000
NCZ,20200401,0.07,0.079,0.069,0.072,859743
NDQ,20200401,21.51,21.51,21.24,21.32,179656
NEA,20200401,1.17,1.21,1.13,1.185,4670482
NEC,20200401,1.17,1.212,1.15,1.21,9935676
NES,20200401,0.036,0.036,0.035,0.035,13889
NEU,20200401,1.02,1.065,1.02,1.035,149245
NEW,20200401,1.02,1.035,1,1.02,199351
NGI,20200401,2.25,2.37,2.18,2.37,158276
NHC,20200401,1.415,1.485,1.405,1.45,3673191
NHF,20200401,5.15,5.39,5.07,5.32,1788069
NIC,20200401,0.46,0.51,0.45,0.47,6193626
NML,20200401,0.071,0.071,0.065,0.065,152500
NMT,20200401,0.14,0.145,0.14,0.145,148491
NNW,20200401,0.05,0.054,0.05,0.054,14000
NOR,20200401,0.025,0.029,0.025,0.029,69937
NOV,20200401,0.087,0.099,0.087,0.099,28600
NOX,20200401,0.14,0.27,0.14,0.27,5917206
NSC,20200401,0.44,0.445,0.43,0.43,145049
NSR,20200401,1.53,1.625,1.53,1.6,3342399
NST,20200401,10.48,10.52,10.02,10.31,6323649
NTD,20200401,0.28,0.295,0.28,0.295,54298
NTM,20200401,0.05,0.051,0.05,0.051,166325
NTO,20200401,1.2,1.28,1.15,1.165,106308
NTU,20200401,0.024,0.026,0.024,0.025,1939448
NUC,20200401,1.865,2,1.865,2,10707
NUF,20200401,5.1,5.4,5.09,5.28,1899855
NUH,20200401,0.013,0.015,0.012,0.013,2446331
NUS,20200401,0.23,0.23,0.23,0.23,64196
NVA,20200401,0.027,0.027,0.026,0.026,1477636
NVO,20200401,0.008,0.008,0.007,0.007,1317672
NWC,20200401,0.005,0.005,0.005,0.005,52
NWE,20200401,0.003,0.003,0.002,0.003,2000000
NWF,20200401,0.15,0.15,0.15,0.15,10981
NWH,20200401,1.265,1.452,1.265,1.425,3564451
NWL,20200401,6.58,7.38,6.58,7.09,691877
NWS,20200401,14.66,15,14.47,14.7,268999
NXS,20200401,1.29,1.295,1.195,1.225,245233
NXT,20200401,8.93,9.19,8.75,9.18,2756238
NYR,20200401,0.12,0.135,0.12,0.135,111957
NZM,20200401,0.18,0.195,0.17,0.185,140289
NZS,20200401,0.013,0.018,0.013,0.018,927766
OAR,20200401,0.002,0.002,0.002,0.002,11380417
OAU,20200401,0.011,0.011,0.011,0.011,9000
OBM,20200401,0.105,0.115,0.1,0.115,1104235
OCA,20200401,0.685,0.685,0.685,0.685,1000
OCC,20200401,0.255,0.28,0.255,0.27,505170
OCL,20200401,5.25,5.56,5.25,5.44,156826
ODA,20200401,0.14,0.14,0.14,0.14,3880
ODM,20200401,0.03,0.03,0.027,0.029,234413
OEC,20200401,0.425,0.425,0.42,0.42,50000
OEL,20200401,0.005,0.005,0.003,0.004,189291498
OFX,20200401,1.175,1.24,1.175,1.21,1104595
OGA,20200401,0.098,0.099,0.098,0.099,342678
OGC,20200401,1.555,1.665,1.525,1.66,1000718
OIL,20200401,0.021,0.021,0.021,0.021,285252
OKU,20200401,0.195,0.205,0.192,0.205,594243
OLL,20200401,0.22,0.23,0.21,0.23,318063
OMH,20200401,0.29,0.3,0.28,0.29,962844
OML,20200401,0.65,0.705,0.64,0.695,10128657
ONE,20200401,0.04,0.045,0.04,0.041,980092
ONT,20200401,5.1,5.1,5.1,5.1,100
ONX,20200401,0.035,0.035,0.032,0.032,215027
OOO,20200401,5.26,5.29,5.1,5.1,1324180
OPC,20200401,4.35,4.35,4.22,4.3,52612
OPH,20200401,2.03,2.05,2,2.01,189503
OPT,20200401,1.99,2.04,1.85,1.92,482443
OPY,20200401,0.59,0.595,0.5,0.575,283988
ORA,20200401,2.45,2.57,2.45,2.51,5339895
ORE,20200401,2.15,2.22,2.04,2.18,2195137
ORG,20200401,4.55,4.75,4.53,4.6,9559472
ORI,20200401,15.76,16.96,15.52,16.91,2132968
ORN,20200401,0.011,0.012,0.011,0.012,1591644
ORR,20200401,0.265,0.29,0.265,0.28,231249
OSH,20200401,2.49,2.84,2.45,2.68,15052520
OSL,20200401,0.19,0.2,0.14,0.14,25713804
OSX,20200401,0.39,0.4,0.39,0.39,28510
OTW,20200401,2.92,2.96,2.71,2.71,61759
OVH,20200401,0.18,0.18,0.165,0.175,332127
OVN,20200401,0.245,0.27,0.235,0.235,289960
OVT,20200401,0.013,0.013,0.013,0.013,1324998
OZF,20200401,14.1,14.1,13.88,13.88,5497
OZL,20200401,7.38,7.6,7.27,7.36,2526730
OZR,20200401,8.99,9.06,8.96,9.01,33320
PAA,20200401,0.068,0.07,0.065,0.07,24241
PAB,20200401,0.013,0.013,0.013,0.013,104545
PAC,20200401,4.56,4.57,4.32,4.4,25648
PAF,20200401,0.695,0.695,0.695,0.695,8100
PAI,20200401,0.96,0.98,0.955,0.975,285178
PAK,20200401,0.016,0.016,0.014,0.014,248909
PAL,20200401,0.585,0.62,0.56,0.56,53065
PAN,20200401,0.12,0.13,0.12,0.13,528012
PAR,20200401,1.7,1.74,1.612,1.69,946436
PBH,20200401,2.86,2.92,2.48,2.63,1404198
PBP,20200401,2.07,2.09,1.91,1.91,62389
PCG,20200401,0.935,0.935,0.935,0.935,6703
PCI,20200401,0.885,0.925,0.88,0.88,173910
PCK,20200401,0.082,0.095,0.082,0.095,3006421
PDI,20200401,0.006,0.007,0.006,0.007,1575227
PDL,20200401,4.51,4.93,4.51,4.84,1810544
PDN,20200401,0.054,0.059,0.053,0.055,4913233
PE1,20200401,1.39,1.39,1.335,1.39,158835
PEK,20200401,0.026,0.027,0.025,0.026,359337
PEN,20200401,0.13,0.13,0.105,0.105,627462
PET,20200401,0.54,0.545,0.515,0.525,654291
PFG,20200401,0.05,0.05,0.05,0.05,20000
PFP,20200401,2.6,2.75,2.53,2.75,99076
PG1,20200401,0.08,0.105,0.08,0.1,123050
PGC,20200401,0.145,0.15,0.14,0.145,1672365
PGF,20200401,0.88,0.895,0.86,0.86,187126
PGG,20200401,1.465,1.495,1.425,1.425,156688
PGH,20200401,1.59,1.635,1.54,1.61,1409044
PGI,20200401,0.019,0.019,0.019,0.019,44966
PGL,20200401,0.5,0.505,0.47,0.5,135975
PGM,20200401,0.014,0.014,0.014,0.014,100000
PGX,20200401,0.18,0.18,0.175,0.175,9849
PIA,20200401,0.925,0.95,0.92,0.94,94088
PIC,20200401,0.74,0.775,0.735,0.775,288529
PIO,20200401,0.009,0.01,0.009,0.01,319341
PIQ,20200401,0.24,0.25,0.23,0.25,14567
PKS,20200401,0.1,0.1,0.098,0.1,425000
PL8,20200401,0.865,0.88,0.845,0.88,528799
PLL,20200401,0.082,0.082,0.077,0.08,743819
PLS,20200401,0.17,0.2,0.17,0.195,18118202
PM1,20200401,0.01,0.01,0.01,0.01,52267
PM8,20200401,0.115,0.115,0.11,0.11,560187
PMC,20200401,1.295,1.33,1.25,1.27,170329
PME,20200401,20,21.15,19.41,21.05,427458
PMV,20200401,12.49,13.11,12.44,12.76,494653
PMY,20200401,0.004,0.004,0.004,0.004,437249
PNC,20200401,0.39,0.495,0.39,0.495,279704
PNI,20200401,2.83,3.18,2.79,2.95,787274
PNN,20200401,0.002,0.002,0.002,0.002,1000000
PNR,20200401,0.089,0.091,0.088,0.088,1533247
PNV,20200401,1.68,1.8,1.66,1.8,6871386
PNX,20200401,0.005,0.005,0.005,0.005,200000
PO3,20200401,2.3,2.3,2.3,2.3,1532
POD,20200401,0.02,0.02,0.019,0.019,42471
POS,20200401,0.029,0.032,0.029,0.032,1395534
POU,20200401,19.81,19.81,19.8,19.8,6497
PPC,20200401,0.85,0.885,0.75,0.835,102106
PPE,20200401,1.32,1.365,1.23,1.3,468942
PPG,20200401,0.08,0.08,0.076,0.076,100000
PPH,20200401,3.31,3.39,3.17,3.39,211646
PPK,20200401,2.13,2.15,1.965,1.98,159406
PPS,20200401,0.245,0.255,0.245,0.245,774405
PPT,20200401,25.39,26.53,25.03,26.53,274954
PRN,20200401,0.64,0.64,0.575,0.6,6453545
PRO,20200401,0.43,0.43,0.43,0.43,12668
PRT,20200401,0.11,0.11,0.105,0.11,82040
PRU,20200401,0.895,0.945,0.88,0.945,7401365
PRX,20200401,0.05,0.05,0.038,0.038,724639
PSI,20200401,2.2,2.25,2.2,2.25,37513
PSQ,20200401,0.98,0.985,0.9,0.985,32607
PSZ,20200401,0.015,0.016,0.015,0.016,103082
PTB,20200401,0.45,0.45,0.445,0.45,42581
PTL,20200401,0.387,0.387,0.387,0.387,13535
PTM,20200401,3.35,3.47,3.3,3.4,1231922
PTR,20200401,0.029,0.029,0.029,0.029,20000
PTX,20200401,0.026,0.028,0.026,0.028,829620
PUA,20200401,0.012,0.012,0.01,0.01,136080
PUR,20200401,0.004,0.004,0.004,0.004,1000000
PVS,20200401,0.855,0.855,0.79,0.79,6440
PWG,20200401,0.8,0.89,0.8,0.81,72305
PWH,20200401,3.47,3.59,3.45,3.59,204991
PWL,20200401,0.094,0.094,0.094,0.094,10250
PXS,20200401,0.095,0.11,0.093,0.11,368448
PXX,20200401,0.013,0.017,0.013,0.015,1661304
PYC,20200401,0.068,0.076,0.066,0.069,17550069
QAG,20200401,5.08,5.08,5.08,5.08,127
QAN,20200401,3.28,3.46,3.21,3.38,22041361
QAU,20200401,15.9,15.9,15.6,15.76,162217
QBE,20200401,8.85,9.02,8.66,8.86,5481094
QEM,20200401,0.07,0.07,0.07,0.07,1049
QFE,20200401,0.19,0.21,0.185,0.21,126424
QFN,20200401,7.71,7.86,7.7,7.7,22481
QGL,20200401,0.031,0.031,0.031,0.031,32250
QHL,20200401,0.071,0.073,0.069,0.071,141722
QIP,20200401,1.01,1.02,1.01,1.02,202376
QOZ,20200401,10.39,10.45,10.25,10.41,105505
QRE,20200401,4.93,4.96,4.9,4.96,9838
QRI,20200401,1.3,1.38,1.295,1.38,430972
QTM,20200401,0.03,0.03,0.03,0.03,142630
QUB,20200401,2.17,2.28,2.14,2.27,6320984
QUS,20200401,32.37,32.37,31.6,31.6,8892
QVE,20200401,0.69,0.725,0.69,0.725,393957
RAC,20200401,0.255,0.31,0.255,0.295,448531
RAN,20200401,0.008,0.009,0.008,0.008,395619
RAP,20200401,0.22,0.23,0.195,0.2,8105988
RBL,20200401,0.67,0.75,0.57,0.57,1397207
RCB,20200401,20.1,20.66,20.1,20.45,37757
RCE,20200401,0.27,0.28,0.255,0.255,234221
RCL,20200401,0.275,0.29,0.275,0.29,6200
RCT,20200401,1.63,1.65,1.575,1.65,20200
RDC,20200401,0.615,0.63,0.595,0.615,578520
RDF,20200401,0.37,0.37,0.37,0.37,71000
RDH,20200401,0.72,0.72,0.645,0.68,1295
RDM,20200401,0.055,0.055,0.055,0.055,91250
RDN,20200401,0.004,0.004,0.004,0.004,250000
RDV,20200401,21.12,21.13,20.79,20.98,23035
RDY,20200401,1.045,1.045,1.045,1.045,500
REA,20200401,80.83,85.02,79,85.02,358836
RED,20200401,0.2,0.2,0.185,0.19,6524634
REE,20200401,0.014,0.014,0.014,0.014,627600
REG,20200401,1.49,1.49,1.36,1.41,1204850
REH,20200401,9.36,9.5,9,9.29,143820
RES,20200401,0.047,0.05,0.046,0.05,153000
REX,20200401,0.6,0.63,0.565,0.58,308121
RF1,20200401,1.555,1.75,1.55,1.73,103266
RFF,20200401,1.92,1.945,1.85,1.87,761943
RFG,20200401,0.04,0.044,0.038,0.044,2485674
RFN,20200401,0.002,0.002,0.002,0.002,250000
RFR,20200401,0.05,0.05,0.05,0.05,380812
RFT,20200401,0.025,0.025,0.024,0.024,180000
RFX,20200401,0.026,0.029,0.026,0.028,704522
RGB,20200401,23.75,23.87,23.75,23.87,2564
RGI,20200401,0.055,0.055,0.05,0.05,45000
RGS,20200401,0.07,0.07,0.07,0.07,40000
RHC,20200401,61.8,61.98,58.2,61.87,867968
RHP,20200401,1.54,1.79,1.54,1.76,505272
RHT,20200401,0.11,0.115,0.11,0.11,332649
RHY,20200401,0.052,0.055,0.052,0.055,69897
RIC,20200401,0.705,0.73,0.68,0.725,197208
RIM,20200401,0.004,0.004,0.003,0.003,8859666
RIO,20200401,87.84,89.78,87,88.4,2860444
RKN,20200401,0.52,0.525,0.5,0.5,44684
RLE,20200401,0.016,0.016,0.016,0.016,30000
RLG,20200401,0.015,0.015,0.015,0.015,14667
RLT,20200401,1.07,1.08,1.07,1.07,4861
RMC,20200401,0.59,0.6,0.56,0.58,148888
RMD,20200401,24.49,24.5,23.38,23.64,1849347
RML,20200401,0.045,0.052,0.045,0.051,2540262
RMP,20200401,0.008,0.008,0.008,0.008,1000000
RMS,20200401,1.01,1.01,0.937,0.97,7142582
RMX,20200401,0.002,0.002,0.002,0.002,31250
RMY,20200401,0.28,0.28,0.255,0.28,79645
RND,20200401,1.55,1.55,1.55,1.55,3750
RNE,20200401,0.019,0.019,0.019,0.019,3567
RNO,20200401,0.071,0.071,0.071,0.071,7043
RNU,20200401,0.005,0.005,0.005,0.005,804591
ROG,20200401,0.001,0.001,0.001,0.001,17830000
RPM,20200401,0.11,0.14,0.11,0.14,5490
RRL,20200401,3.55,3.75,3.51,3.7,4907195
RSG,20200401,0.79,0.825,0.775,0.825,9476990
RSM,20200401,21.74,21.74,21.74,21.74,74
RTE,20200401,0.4,0.415,0.38,0.38,23000
RTR,20200401,0.055,0.055,0.055,0.055,10000
RUL,20200401,0.83,0.83,0.79,0.8,88286
RVR,20200401,0.052,0.052,0.05,0.052,1169340
RVS,20200401,0.36,0.36,0.36,0.36,3000
RWC,20200401,2.51,2.69,2.41,2.44,3002466
RXH,20200401,0.001,0.001,0.001,0.001,15000
RXL,20200401,0.016,0.017,0.016,0.016,641839
RXM,20200401,0.032,0.032,0.032,0.032,206111
RXP,20200401,0.23,0.24,0.225,0.24,171309
RZI,20200401,0.46,0.48,0.455,0.46,114099
S2R,20200401,0.08,0.08,0.074,0.078,201185
S32,20200401,1.81,1.915,1.81,1.895,18857566
S66,20200401,0.415,0.415,0.41,0.41,13000
SAR,20200401,3.65,3.78,3.57,3.76,10116568
SAU,20200401,0.105,0.105,0.105,0.105,9997
SBM,20200401,2.08,2.15,2.06,2.09,6051321
SBR,20200401,0.001,0.001,0.001,0.001,1300000
SBW,20200401,0.065,0.065,0.065,0.065,50000
SCG,20200401,1.7,1.785,1.68,1.76,36508948
SCI,20200401,0.006,0.006,0.006,0.006,416666
SCL,20200401,0.01,0.01,0.01,0.01,505000
SCP,20200401,2.28,2.38,2.21,2.27,5358163
SCU,20200401,0.01,0.01,0.01,0.01,619955
SDF,20200401,2.46,2.63,2.46,2.6,3946931
SDG,20200401,1.2,1.2,1.1,1.1,11307
SDI,20200401,0.8,0.88,0.8,0.85,148321
SDV,20200401,0.55,0.565,0.48,0.495,1202081
SE1,20200401,0.004,0.004,0.003,0.003,185000
SEC,20200401,1.19,1.2,1.15,1.15,77555
SEI,20200401,0.028,0.028,0.028,0.028,200000
SEK,20200401,15.27,15.75,15.11,15.75,2246350
SEN,20200401,0.04,0.04,0.04,0.04,11036
SEQ,20200401,0.16,0.17,0.16,0.17,314242
SES,20200401,0.052,0.052,0.052,0.052,5000
SFC,20200401,10.75,11.1,10.75,11.09,3807
SFG,20200401,0.039,0.04,0.034,0.035,4091095
SFR,20200401,3.36,3.5,3.31,3.4,1307567
SFX,20200401,0.083,0.105,0.083,0.105,551071
SFY,20200401,48.58,49.24,47.85,48.5,48928
SGF,20200401,1.235,1.25,1.225,1.25,144261
SGH,20200401,0.585,0.6,0.56,0.58,29564
SGM,20200401,6.25,6.35,5.93,6.17,1383349
SGP,20200401,2.65,2.67,2.45,2.65,21168445
SGQ,20200401,0.07,0.082,0.069,0.08,3958017
SGR,20200401,2.17,2.32,2.125,2.27,8244974
SHJ,20200401,0.78,0.78,0.775,0.775,27761
SHK,20200401,0.003,0.003,0.003,0.003,1500000
SHL,20200401,25,25,24.04,24.6,2332822
SHM,20200401,0.48,0.48,0.48,0.48,2693
SHO,20200401,0.004,0.004,0.003,0.003,3300000
SHV,20200401,7.05,7.06,6.62,6.75,497269
SIG,20200401,0.64,0.65,0.622,0.645,981703
SIO,20200401,0.235,0.235,0.23,0.23,18570
SIQ,20200401,4.78,5.34,4.78,5.09,1225706
SIS,20200401,0.013,0.013,0.013,0.013,25000
SIT,20200401,0.02,0.02,0.02,0.02,438302
SIV,20200401,0.4,0.4,0.4,0.4,3626
SKC,20200401,1.81,2,1.795,2,1686082
SKF,20200401,0.098,0.1,0.096,0.1,391600
SKI,20200401,1.96,1.995,1.91,1.96,5034243
SKN,20200401,0.017,0.02,0.017,0.019,2061470
SKO,20200401,1.865,1.97,1.81,1.93,41760
SKT,20200401,0.28,0.29,0.26,0.275,108852
SKY,20200401,0.19,0.205,0.19,0.2,334576
SLC,20200401,0.55,0.57,0.525,0.55,685317
SLF,20200401,9.39,9.57,9.29,9.57,69137
SLK,20200401,3.01,3.14,2.88,2.9,88920
SLR,20200401,1.345,1.36,1.305,1.36,10052156
SLX,20200401,0.25,0.26,0.25,0.26,82643
SLZ,20200401,0.075,0.075,0.075,0.075,80000
SM1,20200401,6.2,6.49,6.2,6.45,133727
SM8,20200401,0.089,0.09,0.082,0.082,356659
SMI,20200401,0.003,0.003,0.003,0.003,9386666
SMN,20200401,0.41,0.41,0.38,0.405,19505
SMP,20200401,0.315,0.315,0.275,0.28,374438
SMR,20200401,0.8,0.835,0.745,0.82,201680
SMX,20200401,0.26,0.26,0.26,0.26,2923
SNC,20200401,0.55,0.58,0.55,0.58,49206
SND,20200401,0.38,0.38,0.38,0.38,15000
SNL,20200401,3.6,3.6,3.46,3.46,1150
SNS,20200401,0.059,0.06,0.059,0.06,129517
SNZ,20200401,5.42,5.42,5.42,5.42,369
SO4,20200401,0.35,0.365,0.35,0.365,275643
SOL,20200401,17.03,18.08,16.815,17.2,748527
SOM,20200401,1.12,1.12,1.04,1.04,19573
SOP,20200401,0.029,0.029,0.029,0.029,127778
SOR,20200401,0.045,0.045,0.045,0.045,25409
SP3,20200401,0.067,0.068,0.067,0.068,21543
SPK,20200401,4,4.21,4,4.21,1236022
SPL,20200401,0.775,0.842,0.775,0.815,269207
SPT,20200401,0.32,0.35,0.32,0.345,491814
SPX,20200401,0.115,0.115,0.11,0.11,426766
SPY,20200401,423,423,411.4,411.4,175
SPZ,20200401,0.082,0.091,0.08,0.091,345611
SRG,20200401,0.22,0.23,0.215,0.23,187891
SRI,20200401,0.028,0.028,0.027,0.027,382628
SRK,20200401,0.031,0.032,0.031,0.032,400000
SRN,20200401,0.002,0.002,0.002,0.002,992525
SRV,20200401,2.18,2.18,2.05,2.08,54058
SRY,20200401,0.01,0.01,0.009,0.009,3776750
SRZ,20200401,0.008,0.009,0.007,0.009,297894
SSG,20200401,0.325,0.345,0.305,0.335,328758
SSM,20200401,1.8,1.945,1.8,1.85,3368046
SSO,20200401,11.48,11.58,11.48,11.58,2530
ST1,20200401,0.13,0.14,0.13,0.14,110000
STA,20200401,0.08,0.082,0.08,0.082,82701
STG,20200401,0.725,0.77,0.705,0.75,31243
STM,20200401,0.006,0.006,0.006,0.006,224869
STO,20200401,3.63,3.84,3.56,3.75,16895163
STW,20200401,47.96,48.85,47.68,48.45,616355
STX,20200401,0.12,0.125,0.11,0.115,1934027
SUD,20200401,0.049,0.054,0.049,0.054,594022
SUL,20200401,4.79,4.99,4.65,4.78,2260137
SUN,20200401,9.29,9.61,9.04,9.43,5284164
SVL,20200401,0.071,0.076,0.071,0.076,1805446
SVM,20200401,0.095,0.095,0.095,0.095,29046
SVW,20200401,11.48,11.97,11.37,11.78,965899
SVY,20200401,0.44,0.44,0.4,0.4,234499
SWF,20200401,0.105,0.105,0.102,0.105,490808
SWK,20200401,0.1,0.1,0.098,0.1,321126
SWM,20200401,0.078,0.08,0.076,0.077,5186917
SXE,20200401,0.44,0.44,0.44,0.44,20553
SXY,20200401,0.165,0.172,0.16,0.16,7734648
SYA,20200401,0.007,0.008,0.007,0.008,1086250
SYD,20200401,5.43,5.96,5.365,5.8,14808278
SYI,20200401,21.86,22.11,21.66,21.9,12591
SYR,20200401,0.26,0.285,0.26,0.265,5184511
SYT,20200401,0.001,0.001,0.001,0.001,10000
SZL,20200401,0.7,0.87,0.7,0.8,998977
TAH,20200401,2.55,2.745,2.51,2.68,11480099
TAM,20200401,0.038,0.041,0.038,0.041,123159
TAP,20200401,0.088,0.088,0.072,0.072,39000
TBR,20200401,5.09,5.09,4.9,4.96,5012
TCL,20200401,11.35,12.27,11.23,12.25,14212322
TD1,20200401,0.027,0.035,0.024,0.034,79211532
TDI,20200401,1.45,1.45,1.4,1.4,120369
TEG,20200401,0.026,0.027,0.025,0.025,709578
TEK,20200401,0.17,0.17,0.165,0.165,77235
TER,20200401,0.135,0.135,0.12,0.12,751522
TFL,20200401,0.091,0.091,0.085,0.085,112590
TGA,20200401,0.052,0.055,0.051,0.052,1862151
TGF,20200401,0.945,0.98,0.945,0.95,43373
TGG,20200401,1.08,1.095,1.065,1.065,93092
TGH,20200401,0.135,0.135,0.135,0.135,23138
TGM,20200401,0.21,0.21,0.2,0.21,70037
TGN,20200401,0.15,0.15,0.15,0.15,22805
TGP,20200401,0.85,0.915,0.85,0.86,66663
TGR,20200401,3.6,3.62,3.47,3.6,1340200
THC,20200401,0.215,0.22,0.2,0.22,310416
THR,20200401,0.005,0.005,0.005,0.005,120000
TIE,20200401,0.19,0.195,0.17,0.19,699690
TIG,20200401,0.005,0.009,0.005,0.009,1256634
TIN,20200401,0.055,0.055,0.055,0.055,28000
TLG,20200401,0.28,0.3,0.28,0.3,198828
TLM,20200401,0.074,0.074,0.074,0.074,1000
TLS,20200401,3.13,3.2,3.115,3.2,32537289
TLT,20200401,2.9,2.9,2.79,2.79,2511
TLX,20200401,1.07,1.09,0.945,1.07,398694
TMG,20200401,0.028,0.028,0.02,0.02,1050603
TMR,20200401,0.11,0.122,0.105,0.12,185193
TMT,20200401,0.065,0.065,0.061,0.065,218097
TNE,20200401,8.06,8.35,7.89,8.27,1291780
TNG,20200401,0.045,0.046,0.045,0.046,567980
TNK,20200401,0.75,0.75,0.75,0.75,35107
TNT,20200401,0.049,0.05,0.043,0.043,2629812
TNY,20200401,0.97,1.085,0.97,1.085,106878
TOE,20200401,0.005,0.005,0.005,0.005,230000
TON,20200401,0.027,0.027,0.027,0.027,144500
TOP,20200401,0.38,0.385,0.375,0.375,153550
TOT,20200401,0.83,0.83,0.805,0.825,52040
TPM,20200401,6.94,7.34,6.93,7.34,1319563
TPW,20200401,2.41,3,2.41,2.79,238460
TRS,20200401,2.6,3,2.6,2.9,385671
TRY,20200401,0.072,0.072,0.064,0.064,712050
TSC,20200401,0.004,0.004,0.004,0.004,1600000
TSL,20200401,0.048,0.048,0.045,0.045,220377
TSO,20200401,0.029,0.031,0.029,0.029,1786090
TTT,20200401,0.73,0.75,0.705,0.715,548854
TWD,20200401,2.83,2.83,2.5,2.5,15908
TWE,20200401,10.38,10.48,9.96,10.17,5667431
TWR,20200401,0.55,0.575,0.55,0.575,1936
TYR,20200401,1.98,2.19,1.98,2.16,2211130
TZN,20200401,0.027,0.027,0.027,0.027,224616
UBA,20200401,17.55,17.55,17.5,17.53,8097
UBE,20200401,20.35,20.39,20.35,20.35,9178
UBI,20200401,0.155,0.16,0.15,0.15,170834
UBJ,20200401,24.78,24.78,24.78,24.78,466
UBN,20200401,0.04,0.042,0.04,0.04,2375420
UBP,20200401,27.95,28.2,27.9,27.9,4896
UBW,20200401,26.59,26.87,26.59,26.8,6147
UCM,20200401,0.26,0.26,0.24,0.245,256553
UMG,20200401,4.35,4.62,4.13,4.53,1064283
UNV,20200401,0.15,0.15,0.15,0.15,145000
URF,20200401,0.275,0.28,0.27,0.28,50730
URW,20200401,4.53,4.66,4.52,4.52,1903873
USD,20200401,15.91,15.92,15.85,15.88,143312
UUV,20200401,0.001,0.001,0.001,0.001,1599910
UWL,20200401,1.185,1.19,1.155,1.155,848135
VAE,20200401,63.2,63.79,63,63.21,10114
VAF,20200401,52.15,52.78,52.15,52.65,59837
VAH,20200401,0.099,0.099,0.089,0.09,6885775
VAL,20200401,0.001,0.001,0.001,0.001,5
VAN,20200401,0.115,0.115,0.105,0.11,230360
VAP,20200401,59.34,61.03,58.84,59.96,67480
VAS,20200401,65.48,66.71,65.08,66.14,394110
VCF,20200401,47,48.03,47,47.81,4842
VCX,20200401,1.13,1.165,1.095,1.155,27670485
VEA,20200401,1.23,1.325,1.23,1.295,4755447
VEN,20200401,0.053,0.053,0.051,0.051,405747
VEQ,20200401,50.2,50.59,49.54,49.6,242139
VEU,20200401,66.57,66.81,66.01,66.32,51335
VG1,20200401,2.21,2.24,2.14,2.14,363412
VG8,20200401,2.18,2.18,2.16,2.18,64136
VGB,20200401,54.15,54.2,53.7,54.15,65725
VGE,20200401,60.63,61.5,60.2,60.2,11997
VGI,20200401,8.75,9.15,8.6,8.8,10010
VGL,20200401,1.255,1.35,1.2,1.255,78303
VGS,20200401,72.98,72.98,71.55,71.69,139261
VHT,20200401,1.125,1.14,1.08,1.135,532500
VHY,20200401,46,46.1,45,45.6,56146
VIC,20200401,0.001,0.001,0.001,0.001,1916674
VIF,20200401,51.94,51.94,51,51.62,17637
VIP,20200401,0.033,0.035,0.033,0.034,547068
VLC,20200401,53.93,55,53.88,54.11,1431
VLT,20200401,0.155,0.16,0.14,0.16,95000
VMC,20200401,0.135,0.135,0.135,0.135,7500
VML,20200401,0.007,0.007,0.006,0.006,4384584
VMT,20200401,0.165,0.17,0.16,0.165,340775
VMX,20200401,0.18,0.18,0.18,0.18,91500
VMY,20200401,0.031,0.031,0.03,0.03,527890
VN8,20200401,0.072,0.08,0.07,0.074,222500
VOC,20200401,2.5,2.83,2.5,2.78,3903913
VOR,20200401,0.005,0.005,0.004,0.004,350000
VR1,20200401,0.016,0.018,0.016,0.017,510000
VR8,20200401,0.01,0.01,0.01,0.01,3674538
VRL,20200401,1.4,1.81,1.36,1.81,780186
VRS,20200401,0.027,0.032,0.027,0.032,309794
VRT,20200401,1.945,1.945,1.805,1.85,230365
VRX,20200401,0.066,0.066,0.061,0.062,577473
VSO,20200401,43.88,44.5,43.61,43.97,10161
VTG,20200401,0.76,0.82,0.76,0.81,585206
VTI,20200401,0.012,0.013,0.012,0.013,553960
VTS,20200401,208.71,208.71,205.76,206.22,29626
VUK,20200401,1.245,1.295,1.215,1.245,4818453
VUL,20200401,0.165,0.175,0.165,0.175,194292
VVA,20200401,1,1.14,0.995,1.05,113136
VVR,20200401,2.37,2.39,2.29,2.34,5762925
VXR,20200401,0.085,0.085,0.08,0.083,120000
VYS,20200401,0.046,0.046,0.045,0.045,562000
WAA,20200401,0.79,0.84,0.785,0.82,105500
WAF,20200401,0.415,0.44,0.415,0.44,5582824
WAM,20200401,1.85,1.875,1.8,1.84,727317
WAX,20200401,1.23,1.24,1.205,1.23,206823
WBC,20200401,17.08,17.08,16.28,16.7,13814763
WBE,20200401,0.004,0.004,0.003,0.003,2667000
WBT,20200401,0.275,0.28,0.27,0.27,47518
WEL,20200401,0.018,0.018,0.018,0.018,1287247
WES,20200401,34.99,35.89,34.36,35.68,3239833
WGB,20200401,1.73,1.845,1.73,1.77,398235
WGN,20200401,0.915,0.95,0.88,0.95,308738
WGO,20200401,0.105,0.125,0.105,0.11,1012531
WGX,20200401,1.75,1.85,1.75,1.805,1300569
WHC,20200401,2.11,2.18,2.02,2.05,7914828
WHF,20200401,4.25,4.28,4.13,4.2,74164
WIC,20200401,0.675,0.675,0.67,0.67,29900
WKT,20200401,0.115,0.12,0.11,0.115,166811
WLD,20200401,0.044,0.045,0.044,0.045,525766
WLE,20200401,1.005,1.035,1.005,1.02,911633
WMI,20200401,1.04,1.06,1.03,1.04,309013
WNB,20200401,0.006,0.006,0.005,0.005,9798374
WND,20200401,0.94,0.95,0.94,0.94,200697
WOA,20200401,0.13,0.15,0.13,0.135,98850
WOR,20200401,6.38,7.09,6.33,7.04,6221872
WOW,20200401,36.1,36.31,35.14,36.01,3975356
WPL,20200401,18.89,20.04,18.77,19.64,8740138
WPP,20200401,0.22,0.24,0.195,0.225,1732591
WQG,20200401,1.03,1.035,1,1,230523
WSA,20200401,1.955,2.04,1.91,2.03,3331499
WSI,20200401,0.012,0.012,0.011,0.011,1477272
WSP,20200401,1.1,1.14,1.055,1.055,178674
WTC,20200401,17.29,17.85,15.61,15.9,3115492
WWI,20200401,0.01,0.01,0.009,0.009,262727
WZR,20200401,0.105,0.11,0.099,0.1,5603523
XAM,20200401,0.028,0.028,0.028,0.028,678571
XCD,20200401,0.005,0.006,0.005,0.005,1997867
XF1,20200401,0.12,0.13,0.12,0.13,305251
XRF,20200401,0.16,0.165,0.155,0.155,288466
XRO,20200401,68.07,70.82,68.07,69.5,509056
XTC,20200401,0.002,0.002,0.002,0.002,12000000
XTE,20200401,0.455,0.53,0.455,0.53,73557
YAL,20200401,2.15,2.15,2.05,2.1,87796
YBR,20200401,0.056,0.056,0.056,0.056,16377
YOJ,20200401,0.018,0.022,0.018,0.022,7994429
YPB,20200401,0.002,0.002,0.002,0.002,13634969
YRL,20200401,0.14,0.14,0.14,0.14,10000
Z1P,20200401,1.635,1.685,1.585,1.65,4069048
ZEL,20200401,2.81,2.95,2.81,2.905,81435
ZEN,20200401,0.85,0.855,0.845,0.85,1089067
ZIM,20200401,8.88,9.49,8.88,9.49,182
ZLD,20200401,0.036,0.037,0.035,0.035,697831
ZNC,20200401,0.032,0.032,0.032,0.032,6000
ZNO,20200401,1.85,1.855,1.68,1.8,3687831
XAF,20200401,5052.3,5247,5052.3,5230.3,0
XAO,20200401,5110.6,5301.3,5110.6,5290.7,1368703700
XAT,20200401,5019.5,5214.3,5019.5,5201.8,0
XDJ,20200401,1871.4,1949.2,1871.4,1940.1,0
XEC,20200401,942.7,961,942.7,959.9,0
XEJ,20200401,5879.5,6427.5,5879.5,6317.5,0
XFJ,20200401,4263.1,4378.7,4243.9,4372.6,0
XFL,20200401,5087.5,5285.8,5087.5,5269.3,0
XGD,20200401,5869.3,5909.1,5746.9,5907.4,0
XHJ,20200401,41244.9,42872.9,41244.9,42657.5,0
XIJ,20200401,1056.3,1091,1056.3,1084.1,0
XJO,20200401,5076.8,5272.3,5076.8,5258.6,0
XJR,20200401,3469.2,3642.3,3469.2,3617.7,0
XKO,20200401,5029.6,5220.3,5029.6,5207.8,0
XMD,20200401,5196.2,5405.5,5196.2,5399,0
XMJ,20200401,10549.9,11031.8,10549.9,10967.8,0
XMM,20200401,3483.6,3629.9,3483.6,3603,0
XNJ,20200401,4984.3,5207.6,4948.3,5190.1,0
XPJ,20200401,1022,1085.1,1022,1075.5,0
XSJ,20200401,11676.4,12055.9,11676.4,11994.2,0
XSO,20200401,2105.1,2165.8,2105.1,2165.8,0
XTJ,20200401,1040.3,1095.5,1040.3,1095.5,0
XTL,20200401,2902.9,3005.6,2902.9,2995.6,0
XTO,20200401,4213.1,4378.1,4213.1,4365.6,0
XUJ,20200401,7316.4,7568.9,7260.7,7461.9,0
XXJ,20200401,4754.8,4883.7,4733.4,4876.9,0
