360,20200521,1.88,1.98,1.88,1.95,22848
14D,20200521,0.16,0.165,0.15,0.15,170275
1AD,20200521,0.076,0.076,0.07,0.07,159034
1AG,20200521,0.041,0.041,0.041,0.041,1000
1ST,20200521,0.03,0.032,0.03,0.032,1056646
2BE,20200521,0.11,0.11,0.11,0.11,29300
3DA,20200521,0.18,0.18,0.17,0.17,93175
3DP,20200521,0.046,0.047,0.043,0.045,573028
3PL,20200521,0.745,0.745,0.745,0.745,5000
4DS,20200521,0.05,0.05,0.049,0.049,571134
5GN,20200521,0.925,0.96,0.905,0.91,841794
88E,20200521,0.007,0.007,0.006,0.006,15610014
8CO,20200521,0.059,0.063,0.059,0.059,644170
8VI,20200521,0.36,0.36,0.36,0.36,972
9SP,20200521,0.017,0.017,0.016,0.017,3499381
A1G,20200521,0.086,0.086,0.086,0.086,35000
A2B,20200521,0.74,0.74,0.725,0.73,69528
A2M,20200521,18.2,18.32,17.82,17.82,2272774
A3D,20200521,0.076,0.076,0.075,0.076,197081
A4N,20200521,0.17,0.175,0.155,0.155,1504118
AAA,20200521,50.08,50.09,50.08,50.08,41282
AAC,20200521,1.09,1.13,1.09,1.095,686841
AAR,20200521,0.155,0.155,0.145,0.15,577207
ABA,20200521,4.4,4.4,4.36,4.36,10108
ABC,20200521,2.55,2.57,2.47,2.47,1924881
ABP,20200521,2.48,2.5,2.38,2.45,2502695
ABR,20200521,0.55,0.565,0.52,0.53,1178990
ABV,20200521,0.023,0.023,0.023,0.023,90000
ABX,20200521,0.086,0.086,0.086,0.086,38126
AC8,20200521,0.18,0.19,0.18,0.18,570650
ACB,20200521,0.013,0.013,0.013,0.013,120000
ACF,20200521,0.24,0.24,0.235,0.24,153131
ACQ,20200521,0.88,0.89,0.87,0.89,136955
ACR,20200521,0.14,0.14,0.14,0.14,5000
ACU,20200521,0.09,0.092,0.08,0.081,241818
ACW,20200521,0.021,0.021,0.02,0.02,397700
AD1,20200521,0.01,0.01,0.01,0.01,10100
AD8,20200521,6.23,6.32,5.81,5.86,395782
ADA,20200521,0.41,0.415,0.41,0.41,31110
ADD,20200521,0.017,0.018,0.017,0.018,81250
ADH,20200521,1.74,1.74,1.65,1.68,1644742
ADI,20200521,2.36,2.39,2.28,2.31,259508
ADN,20200521,0.059,0.064,0.059,0.062,27021637
ADO,20200521,0.023,0.024,0.023,0.023,1257731
ADR,20200521,0.023,0.023,0.023,0.023,70000
ADS,20200521,0.021,0.021,0.02,0.021,250000
ADT,20200521,1.2,1.2,1.155,1.192,301268
ADV,20200521,0.004,0.004,0.004,0.004,193348
ADY,20200521,0.008,0.01,0.008,0.01,861693
AEF,20200521,6.02,6.38,6.02,6.32,398162
AEG,20200521,1.08,1.1,1.08,1.1,186250
AEI,20200521,0.75,0.75,0.72,0.735,695755
AEV,20200521,0.009,0.01,0.009,0.01,1110000
AFG,20200521,1.365,1.44,1.365,1.4,3126307
AFI,20200521,5.81,5.81,5.76,5.77,368400
AFL,20200521,0.16,0.16,0.15,0.15,269840
AFP,20200521,4.45,4.45,4.45,4.45,1370
AFR,20200521,0.02,0.023,0.02,0.023,291652
AGD,20200521,0.165,0.17,0.155,0.155,133067
AGE,20200521,0.007,0.007,0.006,0.007,24600593
AGG,20200521,8.5,8.94,8.4,8.51,46044
AGH,20200521,0.4,0.4,0.385,0.395,427648
AGI,20200521,0.475,0.475,0.455,0.455,130631
AGL,20200521,16.64,16.66,16.41,16.47,1169931
AGR,20200521,0.075,0.075,0.071,0.073,100422
AGS,20200521,0.16,0.16,0.16,0.16,39831
AGY,20200521,0.053,0.054,0.05,0.051,4056645
AHF,20200521,0.077,0.077,0.076,0.076,263892
AHL,20200521,0.005,0.005,0.005,0.005,4414910
AHQ,20200521,0.071,0.071,0.07,0.071,319742
AHX,20200521,0.47,0.47,0.455,0.455,46641
AHY,20200521,1.05,1.05,1.035,1.045,87938
AHZ,20200521,7.4,7.5,7.2,7.2,5713
AIA,20200521,5.45,5.47,5.29,5.3,492094
AIS,20200521,0.04,0.042,0.04,0.042,132226
AIZ,20200521,1.18,1.185,1.16,1.17,1263714
AJL,20200521,0.05,0.05,0.05,0.05,10000
AJM,20200521,0.046,0.047,0.044,0.047,3195636
AJX,20200521,0.047,0.047,0.045,0.045,197785
AKG,20200521,0.275,0.275,0.265,0.265,109458
AKM,20200521,0.072,0.073,0.07,0.07,91009
AKP,20200521,18.89,18.9,18.28,18.88,15271
AL3,20200521,0.165,0.17,0.165,0.17,186681
AL8,20200521,0.071,0.072,0.062,0.062,377722
ALC,20200521,0.155,0.157,0.155,0.155,914970
ALD,20200521,25.48,25.63,25.09,25.43,801545
ALF,20200521,0.845,0.855,0.845,0.855,325966
ALG,20200521,0.4,0.415,0.37,0.38,3639706
ALI,20200521,2.13,2.13,2.1,2.11,48830
ALK,20200521,0.83,0.845,0.81,0.83,2596948
ALL,20200521,25.98,26.85,25.25,25.97,11915269
ALQ,20200521,7.19,7.19,6.87,7.02,1716647
ALT,20200521,0.003,0.003,0.003,0.003,592016
ALU,20200521,37.03,37.09,36.07,36.22,602127
ALX,20200521,6.62,6.66,6.515,6.6,3485359
ALY,20200521,0.014,0.014,0.013,0.014,513537
AMA,20200521,0.71,0.765,0.62,0.65,28014674
AMC,20200521,14.5,14.5,14.33,14.4,3384381
AMD,20200521,0.006,0.006,0.006,0.006,411671
AME,20200521,0.063,0.064,0.063,0.063,657673
AMH,20200521,0.88,0.9,0.875,0.9,155457
AMI,20200521,0.32,0.34,0.32,0.325,5785406
AML,20200521,0.096,0.097,0.093,0.094,435945
AMN,20200521,0.395,0.395,0.38,0.395,12581
AMP,20200521,1.535,1.56,1.515,1.55,11072100
AMS,20200521,0.495,0.535,0.495,0.535,1307536
AMX,20200521,1.665,1.69,1.615,1.645,98475
ANA,20200521,0.008,0.008,0.008,0.008,841500
ANG,20200521,0.135,0.14,0.135,0.135,41610
ANL,20200521,0.002,0.002,0.002,0.002,250000
ANN,20200521,34.89,35.14,34.28,34.92,514063
ANO,20200521,5.19,5.6,5.19,5.29,40678
ANR,20200521,0.185,0.19,0.18,0.19,28000
ANW,20200521,0.001,0.001,0.001,0.001,3534849
ANZ,20200521,15.76,15.76,15.35,15.39,4957135
AO1,20200521,0.008,0.008,0.008,0.008,1051352
AOA,20200521,0.002,0.002,0.002,0.002,390000
AOF,20200521,1.965,2.08,1.965,2.03,135299
AON,20200521,0.023,0.023,0.023,0.023,33116
AOP,20200521,0.27,0.28,0.27,0.27,149975
AOU,20200521,0.064,0.064,0.057,0.059,1021364
APA,20200521,11.59,11.59,11.22,11.23,2050451
APC,20200521,0.051,0.053,0.05,0.053,1653315
APD,20200521,0.48,0.485,0.465,0.485,108408
APE,20200521,5.6,5.68,5.39,5.55,1154447
APH,20200521,0.12,0.12,0.12,0.12,58481
API,20200521,1.09,1.125,1.09,1.105,2011038
APL,20200521,0.94,0.95,0.925,0.93,668361
APT,20200521,44.2,45.17,43.68,44,3316651
APV,20200521,0.145,0.155,0.145,0.155,7700
APX,20200521,30.21,30.39,29.77,29.92,830460
APZ,20200521,1.155,1.17,1.15,1.15,17632
AQC,20200521,0.125,0.13,0.125,0.13,11618
AQD,20200521,0.014,0.014,0.012,0.012,3260803
AQG,20200521,10.8,10.8,10.33,10.47,555914
AQI,20200521,0.072,0.076,0.072,0.072,475142
AQR,20200521,3.24,3.25,3.2,3.23,60625
AQX,20200521,0.024,0.024,0.022,0.022,3840459
AQZ,20200521,2.64,2.78,2.64,2.69,1089009
AR9,20200521,0.055,0.056,0.053,0.053,3087459
ARB,20200521,15.48,16.04,15.43,15.89,157469
ARE,20200521,0.004,0.005,0.004,0.005,15650000
ARF,20200521,2.13,2.25,2.02,2.18,1014861
ARG,20200521,7.3,7.34,7.18,7.25,156931
ARL,20200521,0.26,0.275,0.26,0.27,65123
ARM,20200521,0.014,0.014,0.014,0.014,3175000
ARN,20200521,0.165,0.165,0.14,0.155,526251
ARQ,20200521,0.081,0.082,0.081,0.082,301342
ARS,20200521,0.047,0.047,0.046,0.046,4417527
ARU,20200521,0.083,0.085,0.081,0.083,893067
ARV,20200521,0.03,0.031,0.028,0.028,2248766
AS1,20200521,0.13,0.14,0.13,0.14,74115
ASB,20200521,2.93,2.93,2.805,2.83,3018840
ASH,20200521,0.31,0.31,0.305,0.305,36365
ASQ,20200521,0.039,0.039,0.038,0.038,40000
AST,20200521,1.835,1.835,1.78,1.805,11498817
ASX,20200521,85.68,85.98,84.45,84.45,399262
AT1,20200521,0.38,0.385,0.37,0.38,1373893
ATC,20200521,0.052,0.052,0.045,0.046,2708866
ATH,20200521,0.02,0.02,0.02,0.02,259739
ATL,20200521,0.3,0.305,0.29,0.29,309377
ATP,20200521,0.006,0.006,0.006,0.006,250000
ATS,20200521,0.031,0.032,0.029,0.03,13084889
ATU,20200521,0.265,0.27,0.25,0.27,810996
ATX,20200521,0.13,0.155,0.127,0.13,650125
AU1,20200521,0.03,0.032,0.03,0.032,16077
AU8,20200521,0.062,0.063,0.059,0.059,601611
AUB,20200521,12.7,12.9,12.43,12.76,205837
AUC,20200521,0.014,0.015,0.014,0.014,3802743
AUI,20200521,7.85,7.85,7.78,7.8,8509
AUL,20200521,0.23,0.245,0.225,0.245,26708
AUQ,20200521,0.012,0.012,0.012,0.012,50000
AUR,20200521,0.016,0.017,0.016,0.017,112000
AUT,20200521,0.058,0.06,0.054,0.057,5646405
AUZ,20200521,0.009,0.009,0.009,0.009,3360714
AV1,20200521,0.091,0.093,0.09,0.09,191402
AVA,20200521,0.17,0.17,0.17,0.17,2823
AVE,20200521,0.008,0.008,0.008,0.008,3123502
AVG,20200521,0.4,0.4,0.38,0.395,16465
AVH,20200521,0.46,0.465,0.445,0.45,19078323
AVJ,20200521,0.39,0.395,0.38,0.385,359425
AVL,20200521,0.01,0.011,0.01,0.01,2373912
AVN,20200521,1.895,2.02,1.86,1.9,728229
AVW,20200521,0.002,0.002,0.002,0.002,10895098
AVZ,20200521,0.064,0.064,0.061,0.063,5191284
AWC,20200521,1.495,1.545,1.49,1.515,21365167
AWN,20200521,0.057,0.057,0.057,0.057,100000
AWV,20200521,0.018,0.019,0.017,0.019,2928083
AX1,20200521,1.2,1.205,1.145,1.15,2209611
AX8,20200521,0.035,0.035,0.035,0.035,120000
AXE,20200521,0.46,0.47,0.445,0.45,923712
AYR,20200521,0.016,0.016,0.015,0.015,702388
AYS,20200521,0.325,0.34,0.32,0.34,38885
AZI,20200521,0.005,0.005,0.005,0.005,1397915
AZJ,20200521,4.63,4.64,4.52,4.58,5752614
AZS,20200521,0.105,0.115,0.105,0.107,330553
AZV,20200521,0.065,0.065,0.065,0.065,200000
AZY,20200521,0.025,0.025,0.024,0.025,9073674
BAF,20200521,0.705,0.715,0.7,0.705,45550
BAP,20200521,5.87,6.025,5.73,5.91,4156208
BAR,20200521,0.018,0.019,0.018,0.019,129426
BAS,20200521,0.001,0.001,0.001,0.001,3284000
BAT,20200521,0.006,0.007,0.005,0.006,6890525
BBC,20200521,0.48,0.49,0.48,0.49,6105
BBL,20200521,0.4,0.4,0.4,0.4,1260
BBN,20200521,3.17,3.31,3.13,3.19,1048337
BBX,20200521,0.11,0.11,0.105,0.105,30000
BC8,20200521,0.43,0.445,0.43,0.435,103576
BCB,20200521,0.049,0.049,0.046,0.046,34882
BCC,20200521,0.16,0.16,0.16,0.16,30000
BCI,20200521,0.15,0.15,0.15,0.15,297229
BCN,20200521,0.039,0.04,0.038,0.038,993936
BCT,20200521,0.071,0.08,0.07,0.074,1149483
BD1,20200521,0.026,0.027,0.026,0.027,612897
BDA,20200521,0.31,0.32,0.31,0.32,43221
BDC,20200521,0.09,0.091,0.089,0.089,2065172
BDG,20200521,0.061,0.066,0.06,0.066,78610
BEE,20200521,0.014,0.014,0.012,0.013,2144349
BEM,20200521,0.037,0.037,0.037,0.037,200000
BEN,20200521,5.72,5.74,5.6,5.64,3531047
BET,20200521,0.285,0.31,0.28,0.31,4408753
BFC,20200521,0.06,0.06,0.059,0.059,431092
BFG,20200521,1.1,1.125,1.07,1.075,274135
BGA,20200521,5.22,5.27,5.12,5.17,1031908
BGL,20200521,0.7,0.71,0.685,0.7,3660729
BHP,20200521,35.13,35.14,34.44,34.51,7492516
BID,20200521,0.785,0.79,0.765,0.775,81003
BIN,20200521,2.28,2.28,2.17,2.19,3414501
BIQ,20200521,0.005,0.005,0.005,0.005,839999
BIS,20200521,0.92,0.92,0.91,0.915,69403
BIT,20200521,0.091,0.105,0.09,0.105,7232545
BKI,20200521,1.36,1.36,1.34,1.355,158297
BKL,20200521,79.5,79.93,78.415,78.81,56960
BKT,20200521,0.048,0.054,0.048,0.054,1162263
BKW,20200521,13.62,13.74,13.32,13.58,368366
BKY,20200521,0.27,0.27,0.26,0.26,159248
BLD,20200521,2.6,2.68,2.55,2.62,9694308
BLG,20200521,0.023,0.023,0.021,0.023,1646791
BLK,20200521,0.012,0.014,0.012,0.013,79337733
BLU,20200521,0.017,0.026,0.017,0.026,27879616
BLV,20200521,0.12,0.12,0.12,0.12,9346
BLX,20200521,0.785,0.795,0.785,0.785,12101
BLY,20200521,0.615,0.645,0.61,0.61,11533
BLZ,20200521,0.014,0.014,0.014,0.014,44244
BMG,20200521,0.002,0.004,0.002,0.004,11866516
BMN,20200521,0.04,0.04,0.038,0.039,847429
BNL,20200521,0.007,0.01,0.007,0.009,13757728
BNO,20200521,0.048,0.048,0.047,0.047,308216
BNR,20200521,0.07,0.07,0.07,0.07,30000
BOA,20200521,0.23,0.24,0.23,0.24,30000
BOC,20200521,0.25,0.25,0.235,0.235,525
BOE,20200521,0.068,0.07,0.067,0.07,1234296
BOL,20200521,0.087,0.087,0.087,0.087,25513
BOQ,20200521,4.93,4.97,4.83,4.85,2620333
BOT,20200521,0.045,0.046,0.043,0.043,7488233
BPL,20200521,0.017,0.018,0.017,0.018,268333
BPT,20200521,1.59,1.63,1.575,1.615,16023809
BRB,20200521,0.28,0.29,0.275,0.28,374343
BRG,20200521,21.51,21.79,20.56,20.65,320862
BRK,20200521,0.006,0.006,0.006,0.006,830841
BRL,20200521,0.052,0.054,0.052,0.053,431992
BRN,20200521,0.064,0.066,0.057,0.062,12605629
BRU,20200521,0.11,0.11,0.105,0.11,366500
BRV,20200521,0.031,0.033,0.031,0.031,1752719
BSA,20200521,0.265,0.27,0.262,0.265,341078
BSE,20200521,0.145,0.15,0.145,0.15,973896
BSL,20200521,10.44,10.48,10.19,10.24,1641346
BSX,20200521,0.147,0.15,0.145,0.145,112639
BTC,20200521,0.087,0.087,0.087,0.087,24030
BTH,20200521,0.755,0.76,0.71,0.73,2956205
BTI,20200521,0.79,0.795,0.78,0.78,13955
BUB,20200521,1.09,1.095,1.045,1.055,4026106
BUD,20200521,0.013,0.013,0.012,0.013,4204484
BUG,20200521,0.165,0.165,0.165,0.165,50000
BUY,20200521,0.008,0.008,0.007,0.008,634074
BVS,20200521,4.59,4.74,4.5,4.69,2192318
BWF,20200521,0.34,0.34,0.29,0.3,140387
BWP,20200521,3.61,3.63,3.55,3.6,1445063
BWR,20200521,1.265,1.27,1.265,1.27,5221
BWX,20200521,3.7,3.83,3.7,3.74,133958
BXB,20200521,11.5,11.5,11.14,11.17,3395762
BXN,20200521,0.012,0.012,0.012,0.012,100000
BYE,20200521,0.16,0.165,0.155,0.165,1237242
BYH,20200521,0.034,0.042,0.034,0.042,422344
CAA,20200521,0.1,0.102,0.1,0.1,147000
CAD,20200521,0.001,0.001,0.001,0.001,20000
CAE,20200521,0.008,0.008,0.008,0.008,40000
CAF,20200521,0.088,0.088,0.08,0.081,359792
CAG,20200521,0.47,0.495,0.47,0.495,27650
CAI,20200521,0.36,0.36,0.35,0.36,874041
CAJ,20200521,0.19,0.2,0.19,0.195,3300215
CAM,20200521,0.76,0.76,0.745,0.745,22483
CAN,20200521,1.02,1.02,0.985,0.99,228249
CAP,20200521,0.026,0.026,0.025,0.025,425252
CAR,20200521,15.89,16.015,15.41,15.65,1341106
CAT,20200521,1.45,1.46,1.375,1.42,1101069
CAU,20200521,0.11,0.12,0.11,0.12,68597
CAV,20200521,0.003,0.003,0.003,0.003,3833333
CAY,20200521,0.115,0.12,0.11,0.11,656032
CAZ,20200521,0.027,0.027,0.027,0.027,108000
CBA,20200521,60.34,60.4,59.05,59.05,3701924
CBE,20200521,0.175,0.175,0.17,0.17,10371
CBR,20200521,2.1,2.11,1.995,2.02,345667
CCA,20200521,0.068,0.068,0.067,0.067,136708
CCE,20200521,0.001,0.001,0.001,0.001,250000
CCG,20200521,0.071,0.071,0.071,0.071,8000
CCL,20200521,8.65,8.68,8.5,8.64,2579787
CCP,20200521,15.71,15.91,15.06,15.21,721047
CCV,20200521,0.19,0.19,0.19,0.19,21393
CCX,20200521,2.7,2.76,2.61,2.62,396801
CCZ,20200521,0.02,0.02,0.019,0.02,3045655
CD2,20200521,1.1,1.1,1.1,1.1,1
CDA,20200521,6.79,6.88,6.53,6.84,493652
CDD,20200521,0.305,0.31,0.29,0.29,129351
CDM,20200521,0.6,0.605,0.58,0.585,484213
CDP,20200521,3.13,3.19,3.13,3.14,63059
CDT,20200521,0.007,0.008,0.007,0.007,875411
CDV,20200521,0.42,0.42,0.41,0.42,695246
CDX,20200521,0.022,0.023,0.022,0.022,424557
CE1,20200521,0.006,0.006,0.006,0.006,10000000
CEL,20200521,0.245,0.245,0.22,0.22,4164763
CEN,20200521,5.78,5.89,5.75,5.75,6793
CFE,20200521,0.002,0.002,0.002,0.002,31944752
CFO,20200521,0.036,0.036,0.035,0.035,95243
CG1,20200521,0.22,0.23,0.21,0.23,91721
CGC,20200521,3.25,3.28,3.16,3.17,3598309
CGF,20200521,4.67,4.79,4.6,4.7,3670967
CGL,20200521,2.99,3.07,2.9,3,253426
CGO,20200521,0.1,0.13,0.1,0.13,19930
CGR,20200521,0.29,0.29,0.275,0.275,760623
CGS,20200521,0.32,0.32,0.32,0.32,1505
CHC,20200521,8.66,8.78,8.43,8.65,2094589
CHK,20200521,0.007,0.007,0.007,0.007,832539
CHN,20200521,1.24,1.25,1.165,1.17,3139797
CHZ,20200521,0.088,0.094,0.085,0.086,1718714
CIA,20200521,2.47,2.67,2.42,2.57,1474238
CIE,20200521,0.58,0.6,0.58,0.58,486246
CII,20200521,0.8,0.8,0.8,0.8,10000
CIM,20200521,24.17,24.51,23.43,23.85,501652
CIN,20200521,21.49,21.64,21.35,21.43,3455
CIO,20200521,0.024,0.024,0.023,0.023,292404
CIP,20200521,2.64,2.69,2.63,2.65,1178240
CKA,20200521,0.044,0.044,0.042,0.043,854127
CKF,20200521,7.58,7.6,7.3,7.41,276971
CL1,20200521,1.35,1.4,1.35,1.38,258891
CL8,20200521,0.009,0.009,0.009,0.009,100000
CLF,20200521,1.02,1.02,1.02,1.02,3734
CLQ,20200521,0.195,0.195,0.185,0.185,240919
CLV,20200521,2.46,2.53,2.39,2.43,272784
CLW,20200521,4.14,4.22,4.1,4.13,2405340
CLX,20200521,0.485,0.485,0.485,0.485,1500
CLZ,20200521,0.001,0.002,0.001,0.002,31679041
CM8,20200521,0.025,0.025,0.024,0.024,419744
CMD,20200521,0.007,0.007,0.007,0.007,382885
CML,20200521,0.013,0.013,0.013,0.013,810666
CMM,20200521,1.605,1.605,1.545,1.56,615893
CMP,20200521,0.525,0.525,0.525,0.525,25699
CMW,20200521,0.74,0.765,0.735,0.765,9050513
CNB,20200521,0.091,0.096,0.088,0.09,1278493
CNI,20200521,1.62,1.725,1.62,1.695,1416713
CNJ,20200521,0.006,0.006,0.006,0.006,100000
CNU,20200521,7.12,7.12,6.89,6.92,679261
CNW,20200521,0.021,0.021,0.021,0.021,263500
COB,20200521,0.11,0.12,0.11,0.115,90539
COE,20200521,0.405,0.41,0.38,0.39,8102653
COF,20200521,1.9,1.91,1.845,1.89,1671972
COG,20200521,0.039,0.039,0.036,0.036,1342517
COH,20200521,189.78,190.44,186.33,188.73,201947
COI,20200521,0.086,0.092,0.086,0.091,883888
COL,20200521,15.3,15.3,15.18,15.24,3104641
COO,20200521,0.059,0.059,0.056,0.056,75500
COS,20200521,0.36,0.365,0.36,0.36,12451
CP1,20200521,0.092,0.092,0.092,0.092,950
CPH,20200521,0.068,0.069,0.066,0.066,522889
CPT,20200521,0.02,0.02,0.016,0.016,75196
CPU,20200521,12.9,12.94,12.51,12.68,2305121
CPV,20200521,0.155,0.155,0.145,0.145,106353
CQE,20200521,2.27,2.3,2.22,2.24,1654673
CQR,20200521,3.13,3.14,3.02,3.05,2536242
CR1,20200521,0.285,0.285,0.265,0.265,72634
CRN,20200521,1.075,1.095,1.02,1.02,873557
CRO,20200521,0.004,0.004,0.003,0.003,400000
CRS,20200521,0.125,0.125,0.125,0.125,120000
CSL,20200521,303.97,304.27,297.97,297.97,867210
CSR,20200521,3.69,3.72,3.62,3.68,2505470
CSS,20200521,0.655,0.655,0.635,0.635,67148
CST,20200521,0.15,0.15,0.135,0.135,1436071
CT1,20200521,0.03,0.03,0.028,0.028,604639
CTD,20200521,11.42,11.56,10.9,11.08,594717
CTM,20200521,0.285,0.3,0.285,0.295,1023680
CTO,20200521,0.004,0.005,0.004,0.005,2909999
CTP,20200521,0.09,0.098,0.09,0.095,638493
CUE,20200521,0.083,0.084,0.083,0.084,155709
CUP,20200521,0.93,0.955,0.93,0.945,85286
CUV,20200521,23.5,23.5,22.86,23.3,105130
CVC,20200521,1.12,1.15,1.12,1.15,850
CVF,20200521,0.785,0.785,0.78,0.78,58653
CVL,20200521,0.4,0.405,0.39,0.395,23350
CVN,20200521,0.24,0.245,0.23,0.23,3489401
CVV,20200521,0.025,0.025,0.025,0.025,172
CVW,20200521,0.225,0.24,0.225,0.24,8888
CWN,20200521,9.65,9.65,9.42,9.45,911724
CWP,20200521,4.65,4.73,4.41,4.42,114012
CWX,20200521,0.2,0.2,0.19,0.2,241451
CWY,20200521,1.875,1.905,1.865,1.87,7025008
CWZ,20200521,0.135,0.135,0.12,0.12,298947
CXL,20200521,0.74,0.77,0.74,0.77,9782
CXM,20200521,0.025,0.026,0.025,0.026,312789
CXU,20200521,0.028,0.028,0.028,0.028,405400
CXZ,20200521,0.015,0.015,0.015,0.015,190561
CY5,20200521,0.05,0.051,0.043,0.043,103579
CYC,20200521,1.375,1.38,1.35,1.38,6188
CYG,20200521,0.67,0.67,0.67,0.67,1000
CYL,20200521,2.9,2.9,2.85,2.85,18548
CYM,20200521,0.135,0.135,0.135,0.135,9000
CYP,20200521,0.71,0.72,0.675,0.675,296526
CYQ,20200521,0.001,0.001,0.001,0.001,16260366
CZI,20200521,0.115,0.115,0.11,0.11,886053
CZL,20200521,0.004,0.005,0.004,0.005,4239002
CZR,20200521,0.01,0.01,0.009,0.009,4994314
D2O,20200521,1.38,1.38,1.37,1.37,27192
DAF,20200521,0.024,0.028,0.024,0.027,846157
DAU,20200521,0.03,0.03,0.028,0.028,366666
DBF,20200521,1.2,1.2,1.15,1.15,39833
DCC,20200521,0.029,0.029,0.028,0.029,682183
DCL,20200521,0.06,0.063,0.06,0.062,110652
DCN,20200521,0.46,0.47,0.445,0.455,5623462
DCX,20200521,0.007,0.009,0.006,0.007,200100361
DDD,20200521,0.002,0.003,0.002,0.002,22123566
DDR,20200521,7.49,7.73,7.34,7.39,343410
DDT,20200521,0.004,0.004,0.004,0.004,850000
DEG,20200521,0.395,0.405,0.385,0.405,10620072
DEM,20200521,0.185,0.185,0.175,0.175,87523
DEV,20200521,0.1,0.1,0.098,0.099,1825233
DGO,20200521,2.2,2.39,2.2,2.32,9449
DGR,20200521,0.063,0.066,0.063,0.066,237629
DHG,20200521,3.17,3.2,3.03,3.14,1186623
DHR,20200521,0.002,0.002,0.002,0.002,1350001
DJW,20200521,2.43,2.45,2.41,2.44,50233
DKM,20200521,0.155,0.155,0.155,0.155,95567
DMP,20200521,59.15,60.45,58.69,59.61,200797
DNA,20200521,0.041,0.05,0.041,0.045,2613347
DNK,20200521,0.435,0.435,0.415,0.415,201771
DOW,20200521,4.33,4.38,4.25,4.34,2003943
DRE,20200521,0.005,0.005,0.005,0.005,2883333
DRO,20200521,0.11,0.19,0.11,0.17,15474656
DRX,20200521,0.008,0.009,0.008,0.009,217223
DSE,20200521,0.058,0.058,0.053,0.055,2134072
DTC,20200521,0.91,0.91,0.87,0.875,184568
DTL,20200521,4.75,4.75,4.52,4.54,330116
DTR,20200521,0.002,0.002,0.002,0.002,2500000
DTS,20200521,0.115,0.115,0.115,0.115,115909
DTZ,20200521,0.079,0.079,0.075,0.078,201010
DUB,20200521,1.19,1.19,1.135,1.165,517401
DUI,20200521,4.09,4.09,4.06,4.07,18115
DVL,20200521,0.02,0.021,0.019,0.021,1097035
DVN,20200521,0.08,0.08,0.08,0.08,320000
DW8,20200521,0.006,0.006,0.006,0.006,2836349
DWS,20200521,0.74,0.74,0.725,0.725,31235
DXB,20200521,0.26,0.26,0.25,0.25,593172
DXN,20200521,0.01,0.01,0.009,0.01,1291529
DXS,20200521,8.75,8.84,8.68,8.68,3814663
DYL,20200521,0.26,0.26,0.245,0.245,50172
E25,20200521,0.36,0.395,0.36,0.36,1268929
EAF,20200521,1.22,1.22,1.22,1.22,720
EAI,20200521,0.965,0.97,0.96,0.965,149189
EBO,20200521,20.9,20.92,20.9,20.92,1193
ECF,20200521,0.945,0.945,0.92,0.92,74285
ECG,20200521,0.022,0.022,0.022,0.022,13621
ECL,20200521,1.14,1.14,1.14,1.14,3989
ECP,20200521,1.015,1.045,1.01,1.01,9033
ECS,20200521,0.029,0.029,0.029,0.029,168
ECT,20200521,0.002,0.002,0.002,0.002,5753634
ECX,20200521,0.96,1.035,0.945,1,3960800
ED1,20200521,0.505,0.53,0.505,0.53,2033
EDC,20200521,0.975,0.975,0.975,0.975,3605
EDE,20200521,0.035,0.036,0.035,0.036,426117
EEG,20200521,0.255,0.26,0.24,0.26,342696
EEU,20200521,16.01,16.01,16.01,16.01,1378
EGD,20200521,2.58,2.63,2.58,2.6,66357
EGF,20200521,1.59,1.595,1.59,1.59,71613
EGG,20200521,1.28,1.325,1.28,1.3,32608
EGH,20200521,0.315,0.32,0.315,0.315,2584994
EGI,20200521,1,1,1,1,12161
EGR,20200521,0.077,0.08,0.075,0.08,924689
EHE,20200521,1.49,1.51,1.415,1.43,2006548
EHL,20200521,1.15,1.25,1.135,1.245,5932666
EHX,20200521,0.082,0.087,0.082,0.087,1341785
ELD,20200521,10.07,10.12,9.76,9.81,1269578
ELO,20200521,6.51,6.61,6.29,6.4,189407
ELS,20200521,0.345,0.35,0.315,0.335,52337
ELT,20200521,0.002,0.002,0.002,0.002,1059
ELX,20200521,0.5,0.5,0.485,0.485,33622
EM1,20200521,0.01,0.012,0.01,0.011,3824932
EMB,20200521,10.06,10.06,10.05,10.05,1089
EMD,20200521,0.061,0.061,0.058,0.058,166348
EMH,20200521,0.225,0.23,0.225,0.23,19650
EML,20200521,3.79,3.87,3.59,3.62,11756314
EMR,20200521,0.49,0.49,0.48,0.48,37052
EMT,20200521,0.014,0.014,0.014,0.014,200000
EMV,20200521,0.93,0.97,0.93,0.95,190313
EN1,20200521,0.01,0.011,0.01,0.01,2560120
ENA,20200521,0.016,0.016,0.016,0.016,45000
ENE,20200521,0.04,0.04,0.04,0.04,747045
ENN,20200521,1.12,1.155,1.09,1.09,168804
ENR,20200521,0.12,0.12,0.12,0.12,8636
ENT,20200521,0.014,0.014,0.014,0.014,89135
EOF,20200521,2.99,3,2.91,2.96,61532
EOL,20200521,3.55,3.55,3.55,3.55,2500
EOS,20200521,5.33,5.48,5.14,5.34,1404255
EPD,20200521,0.38,0.38,0.375,0.375,63570
EPM,20200521,0.008,0.008,0.008,0.008,9317143
EQE,20200521,0.008,0.008,0.008,0.008,62500
EQT,20200521,23.45,24.21,23.45,23.55,10931
EQX,20200521,0.255,0.27,0.25,0.27,61790
ERA,20200521,0.175,0.175,0.17,0.17,97418
ERF,20200521,0.81,0.81,0.81,0.81,3068
ERG,20200521,0.061,0.061,0.061,0.061,13000
ERL,20200521,0.011,0.011,0.01,0.011,658885
ERM,20200521,0.105,0.105,0.096,0.097,227906
ERX,20200521,0.061,0.061,0.058,0.059,1481877
ESE,20200521,0.011,0.012,0.011,0.012,173303
ESH,20200521,0.007,0.007,0.006,0.006,3185510
ESR,20200521,0.008,0.008,0.008,0.008,256190
EUC,20200521,0.015,0.015,0.015,0.015,488097
EUR,20200521,0.045,0.052,0.045,0.05,1364922
EVE,20200521,0.005,0.005,0.005,0.005,3084800
EVN,20200521,6.16,6.195,5.85,5.9,15564982
EVO,20200521,0.105,0.105,0.1,0.1,1545399
EVS,20200521,0.125,0.135,0.12,0.13,4303093
EVT,20200521,7.72,7.755,7.51,7.67,172228
EWC,20200521,0.067,0.067,0.067,0.067,27200
EX1,20200521,0.21,0.275,0.21,0.24,242996
EXL,20200521,0.22,0.22,0.205,0.205,1806962
EXP,20200521,0.12,0.14,0.12,0.14,588235
EXR,20200521,0.024,0.025,0.024,0.024,3271904
EZL,20200521,0.95,0.95,0.95,0.95,104550
FAM,20200521,0.027,0.03,0.027,0.03,80000
FAR,20200521,0.015,0.015,0.015,0.015,11909320
FAU,20200521,0.009,0.009,0.009,0.009,750000
FBR,20200521,0.022,0.022,0.021,0.022,1868460
FBU,20200521,3.08,3.08,2.97,3,2530298
FCL,20200521,3.09,3.14,3.07,3.09,19941
FDV,20200521,1,1.015,0.985,1,44199
FEX,20200521,0.072,0.074,0.07,0.072,1634324
FFG,20200521,0.007,0.007,0.007,0.007,402045
FFI,20200521,5,5,5,5,200
FFL,20200521,0.24,0.25,0.235,0.25,80751
FGG,20200521,1.145,1.15,1.135,1.14,242517
FGO,20200521,0.002,0.002,0.001,0.001,29832500
FGR,20200521,0.13,0.13,0.125,0.13,274101
FGX,20200521,0.94,0.945,0.932,0.94,435796
FHS,20200521,0.032,0.035,0.031,0.032,3465816
FID,20200521,4.85,5.06,4.85,4.97,10112
FIJ,20200521,0.079,0.079,0.078,0.078,190212
FIN,20200521,0.012,0.012,0.012,0.012,333000
FLC,20200521,0.3,0.3,0.285,0.29,1006242
FLN,20200521,0.445,0.5,0.445,0.5,504238
FLT,20200521,11.01,11.17,10.72,11.15,2528817
FMG,20200521,14,14.13,13.49,13.6,14189577
FML,20200521,0.285,0.285,0.26,0.26,144415
FMS,20200521,0.021,0.021,0.02,0.02,103000
FNP,20200521,4.4,4.42,4.17,4.2,2217844
FNT,20200521,0.011,0.011,0.011,0.011,2248022
FOD,20200521,0.055,0.055,0.053,0.055,1228328
FOR,20200521,0.82,0.83,0.81,0.81,114068
FPC,20200521,0.84,0.85,0.84,0.845,18470
FPH,20200521,28.35,28.5,27.79,27.79,664855
FPL,20200521,0.005,0.005,0.004,0.005,6456898
FPP,20200521,0.76,0.765,0.69,0.69,5087
FRI,20200521,0.6,0.62,0.6,0.62,31214
FRM,20200521,0.28,0.28,0.28,0.28,13591
FRN,20200521,0.028,0.028,0.028,0.028,1591365
FSA,20200521,0.865,0.865,0.83,0.83,30625
FSF,20200521,3.55,3.61,3.4,3.4,19025
FSG,20200521,0.032,0.032,0.029,0.03,250706
FTT,20200521,0.003,0.003,0.003,0.003,1850000
FWD,20200521,1.58,1.68,1.58,1.66,449567
FXL,20200521,1.14,1.18,1.045,1.055,4985823
FYI,20200521,0.053,0.053,0.048,0.048,396172
FZO,20200521,0.175,0.175,0.17,0.175,954650
G1A,20200521,0.2,0.2,0.195,0.2,525943
G88,20200521,0.03,0.032,0.03,0.032,473134
GAL,20200521,0.22,0.23,0.22,0.22,212583
GAP,20200521,0.155,0.155,0.145,0.145,24571
GAS,20200521,0.545,0.56,0.52,0.52,31531
GBP,20200521,0.023,0.023,0.023,0.023,20000
GBZ,20200521,0.07,0.07,0.065,0.065,185000
GCI,20200521,1.7,1.745,1.7,1.745,144092
GDF,20200521,0.93,0.945,0.905,0.905,197436
GDG,20200521,0.625,0.66,0.625,0.66,40425
GDI,20200521,1.05,1.055,1.03,1.04,3658338
GDX,20200521,57.27,57.27,55.1,55.33,71578
GED,20200521,0.007,0.008,0.007,0.007,19850370
GEM,20200521,0.92,0.94,0.902,0.92,5487569
GES,20200521,0.017,0.017,0.017,0.017,29900
GEV,20200521,0.065,0.067,0.062,0.066,484117
GGE,20200521,0.004,0.004,0.004,0.004,250000
GGG,20200521,0.125,0.13,0.125,0.125,1235885
GGX,20200521,0.002,0.002,0.002,0.002,1423953
GIB,20200521,0.04,0.04,0.037,0.037,300894
GLA,20200521,0.001,0.001,0.001,0.001,1000000
GLL,20200521,0.34,0.34,0.32,0.32,163853
GLN,20200521,0.15,0.15,0.15,0.15,63999
GLV,20200521,0.001,0.001,0.001,0.001,1000000
GMA,20200521,2.13,2.13,2.01,2.06,638547
GMD,20200521,0.036,0.039,0.036,0.038,9235319
GME,20200521,0.038,0.038,0.034,0.034,106359
GMG,20200521,14.89,14.9,14.74,14.75,4733872
GML,20200521,0.015,0.017,0.013,0.013,15383209
GMN,20200521,0.05,0.053,0.05,0.053,84743
GMR,20200521,0.006,0.006,0.006,0.006,383186
GMV,20200521,0.082,0.083,0.077,0.077,10012496
GNC,20200521,3.93,3.99,3.82,3.96,1935340
GNE,20200521,2.71,2.73,2.71,2.72,3681
GNM,20200521,0.009,0.009,0.008,0.008,6285078
GNX,20200521,0.185,0.185,0.17,0.175,790661
GO2,20200521,0.047,0.047,0.044,0.045,720159
GOR,20200521,1.805,1.82,1.745,1.755,4654354
GOZ,20200521,3,3.06,2.95,3.03,1226770
GPR,20200521,0.455,0.5,0.455,0.485,565896
GPT,20200521,4.01,4.07,3.995,4.02,8724563
GRB,20200521,0.052,0.052,0.051,0.051,310497
GRL,20200521,0.175,0.18,0.17,0.18,171770
GRR,20200521,0.245,0.245,0.237,0.24,2225235
GSM,20200521,0.17,0.19,0.165,0.19,855421
GSN,20200521,0.072,0.079,0.072,0.075,1500575
GSS,20200521,2.04,2.09,1.965,2.03,91788
GSW,20200521,0.775,0.8,0.735,0.745,65599
GTE,20200521,0.001,0.001,0.001,0.001,4703121
GTK,20200521,1.34,1.375,1.295,1.3,81093
GTN,20200521,0.45,0.45,0.43,0.445,92153
GTR,20200521,0.046,0.048,0.034,0.035,75195304
GUD,20200521,9.3,9.88,9.26,9.8,324188
GVF,20200521,0.905,0.92,0.905,0.92,29496
GWA,20200521,2.77,2.79,2.65,2.67,826987
GXY,20200521,0.84,0.855,0.82,0.83,2849233
HAS,20200521,0.09,0.09,0.083,0.086,555633
HAV,20200521,0.1,0.1,0.1,0.1,52164
HAW,20200521,0.16,0.165,0.16,0.16,168000
HCD,20200521,0.025,0.026,0.025,0.026,290199
HCH,20200521,0.019,0.022,0.019,0.021,7651580
HCT,20200521,0.16,0.16,0.145,0.15,2072230
HFR,20200521,0.37,0.37,0.35,0.37,25555
HIL,20200521,0.195,0.195,0.185,0.19,204293
HIP,20200521,0.016,0.016,0.015,0.015,808030
HIT,20200521,1.45,1.45,1.45,1.45,5043
HLA,20200521,1.02,1.02,1,1.02,157345
HLO,20200521,1.495,1.5,1.42,1.44,648584
HLS,20200521,2.43,2.43,2.38,2.38,1233730
HLX,20200521,0.008,0.008,0.008,0.008,1940000
HM1,20200521,3.02,3.02,2.93,2.97,108136
HMC,20200521,2.84,2.84,2.77,2.79,31307
HMD,20200521,0.12,0.13,0.12,0.12,116908
HMX,20200521,0.025,0.026,0.025,0.026,630000
HNR,20200521,0.005,0.005,0.005,0.005,17420
HOT,20200521,0.1,0.11,0.1,0.1,119978
HPI,20200521,2.71,2.86,2.66,2.67,358971
HPR,20200521,0.064,0.064,0.064,0.064,2842
HRL,20200521,0.082,0.082,0.081,0.081,161727
HRN,20200521,0.23,0.23,0.23,0.23,5500
HRR,20200521,0.052,0.052,0.051,0.051,350466
HRZ,20200521,0.115,0.115,0.11,0.115,738917
HSC,20200521,0.005,0.005,0.004,0.005,5047452
HSN,20200521,3.26,3.31,3.23,3.24,394119
HT1,20200521,1.165,1.2,1.11,1.11,81252
HT8,20200521,0.033,0.034,0.033,0.033,295253
HTA,20200521,0.15,0.15,0.15,0.15,33636
HTG,20200521,0.125,0.125,0.12,0.12,179898
HUB,20200521,10.61,10.67,10.04,10.18,375298
HUO,20200521,3.6,3.61,3.6,3.61,4418
HVM,20200521,0.2,0.207,0.2,0.207,26217
HVN,20200521,3,3.03,2.94,2.94,7121393
HWK,20200521,0.009,0.009,0.009,0.009,992338
HYD,20200521,0.1,0.1,0.1,0.1,27835
HZN,20200521,0.075,0.08,0.074,0.078,2486833
HZR,20200521,0.44,0.47,0.44,0.465,555248
IAA,20200521,92.3,92.7,91.84,92.7,13292
IAF,20200521,116.1,116.18,116,116.17,11074
IAG,20200521,5.54,5.58,5.495,5.5,5629870
IAM,20200521,0.001,0.001,0.001,0.001,2640140
IAP,20200521,1.23,1.23,1.17,1.195,2115635
IBG,20200521,0.009,0.009,0.009,0.009,1058000
IBX,20200521,0.026,0.026,0.023,0.023,18845500
ICE,20200521,0.14,0.14,0.14,0.14,2280
ICG,20200521,0.001,0.001,0.001,0.001,500000
ICI,20200521,0.02,0.021,0.02,0.021,27255
ICN,20200521,0.012,0.012,0.012,0.012,734375
ICQ,20200521,0.255,0.26,0.25,0.26,131235
ICS,20200521,1.75,1.75,1.75,1.75,8269
ID8,20200521,0.097,0.1,0.095,0.095,499157
IDA,20200521,0.027,0.027,0.027,0.027,341336
IDT,20200521,0.155,0.155,0.145,0.145,237884
IDX,20200521,3.51,3.61,3.42,3.45,363802
IDZ,20200521,0.004,0.004,0.004,0.004,1550000
IEL,20200521,15.16,15.5,14.88,15.33,1091214
IEM,20200521,56.99,57.21,56.85,57.06,28578
IEU,20200521,56.93,57.41,56.93,57.21,74467
IFL,20200521,4.36,4.47,4.31,4.38,1414440
IFM,20200521,1.58,1.585,1.53,1.545,1105058
IFN,20200521,0.565,0.565,0.54,0.55,1491416
IFT,20200521,4.4,4.4,4.35,4.35,18075
IGB,20200521,114.7,114.88,114.7,114.88,3302
IGL,20200521,0.94,0.945,0.86,0.865,1118748
IGN,20200521,0.017,0.017,0.017,0.017,3214
IGO,20200521,5.09,5.23,5.07,5.19,2987962
IHD,20200521,11.5,11.5,11.3,11.36,36509
IHL,20200521,0.051,0.054,0.049,0.051,4387583
IJH,20200521,256.25,256.53,255.13,255.13,2057
IJP,20200521,80.57,80.73,80.46,80.62,5090
IJR,20200521,96.27,96.54,95.69,96.31,883
IKO,20200521,81.5,81.7,81.38,81.42,2380
IKW,20200521,0.002,0.002,0.002,0.002,300000
ILB,20200521,124.75,124.89,124.48,124.8,1103
ILC,20200521,21.52,21.54,21.35,21.39,6148
ILU,20200521,8.21,8.44,8.15,8.31,2590028
IMA,20200521,0.15,0.15,0.14,0.14,1132506
IMC,20200521,0.079,0.081,0.075,0.075,539524
IMD,20200521,1.06,1.155,1.04,1.12,1156393
IME,20200521,0.035,0.035,0.034,0.034,2312888
IMM,20200521,0.17,0.172,0.165,0.165,1547275
IMR,20200521,1.3,1.3,1.3,1.3,1900
IMS,20200521,0.003,0.004,0.003,0.004,267500
IMU,20200521,0.033,0.034,0.032,0.034,31224863
INA,20200521,3.88,3.9,3.77,3.82,840815
INF,20200521,0.037,0.039,0.037,0.039,154191
ING,20200521,3.18,3.2,3.13,3.13,941078
INP,20200521,0.019,0.019,0.015,0.015,411397
INR,20200521,0.115,0.125,0.115,0.12,1654663
IOD,20200521,0.13,0.13,0.13,0.13,731000
IOO,20200521,76.53,76.94,76.5,76.59,17296
IOZ,20200521,23.05,23.05,22.7,22.72,243168
IP1,20200521,0.007,0.007,0.007,0.007,505075
IPB,20200521,0.014,0.014,0.013,0.013,101300
IPD,20200521,0.042,0.057,0.041,0.057,14530760
IPH,20200521,7.53,7.54,7.33,7.34,758251
IPL,20200521,1.965,1.985,1.925,1.935,9598514
IPT,20200521,0.014,0.014,0.013,0.013,5683370
IRE,20200521,11,11.14,10.84,10.93,367920
IRI,20200521,3.25,3.3,3.25,3.26,153165
ISD,20200521,0.145,0.145,0.14,0.145,446918
ISO,20200521,4.44,4.45,4.38,4.4,57733
ISU,20200521,0.205,0.205,0.2,0.2,119889
ITG,20200521,0.33,0.335,0.31,0.31,96341
IVC,20200521,11.21,11.36,11.1,11.28,699902
IVE,20200521,87.48,87.6,87.43,87.55,1868
IVR,20200521,0.02,0.02,0.019,0.02,5896656
IVV,20200521,451.96,453.21,451.2,452,15195
IVX,20200521,0.008,0.008,0.008,0.008,875000
IVZ,20200521,0.027,0.027,0.025,0.026,961471
IXI,20200521,76.72,76.86,76.69,76.7,6193
IXJ,20200521,105,105,103.98,104.11,23826
IXR,20200521,0.008,0.008,0.008,0.008,6827495
IXU,20200521,0.017,0.017,0.017,0.017,74589
IZZ,20200521,60.24,60.24,59.8,60.07,1131
JAL,20200521,0.15,0.15,0.15,0.15,8201
JAN,20200521,0.31,0.33,0.3,0.315,437843
JAT,20200521,0.042,0.044,0.042,0.043,1585776
JAY,20200521,0.145,0.15,0.145,0.15,550592
JBH,20200521,35.46,35.94,35.1,35.64,440395
JDR,20200521,0.012,0.014,0.012,0.013,6364709
JHC,20200521,0.55,0.56,0.535,0.54,381284
JHG,20200521,30.58,30.81,30.35,30.52,244684
JHX,20200521,24.1,24.19,23.55,23.72,1759024
JIN,20200521,12.54,12.62,11.92,12.04,568406
JLG,20200521,2.49,2.51,2.41,2.42,139923
JMS,20200521,0.285,0.295,0.28,0.285,4498997
JRL,20200521,0.305,0.305,0.305,0.305,3750
JRV,20200521,0.18,0.19,0.18,0.19,200461
JXT,20200521,0.035,0.038,0.035,0.038,54473
JYC,20200521,0.855,0.925,0.855,0.875,2306
K2F,20200521,0.21,0.225,0.21,0.22,85486
KAR,20200521,0.585,0.585,0.57,0.575,3510286
KAS,20200521,0.012,0.012,0.012,0.012,10000
KAU,20200521,0.32,0.335,0.32,0.325,424946
KCN,20200521,0.44,0.465,0.435,0.45,566596
KEY,20200521,0.004,0.004,0.003,0.004,29786014
KFE,20200521,0.061,0.061,0.055,0.06,221133
KGL,20200521,0.15,0.16,0.15,0.16,15873
KGN,20200521,9,9.565,8.95,9.47,1934174
KIN,20200521,0.12,0.12,0.115,0.12,1328662
KIS,20200521,0.05,0.05,0.05,0.05,20000
KKC,20200521,1.685,1.75,1.68,1.73,310923
KKO,20200521,0.037,0.039,0.037,0.039,839500
KLA,20200521,62.16,62.4,60.91,61,7071
KMD,20200521,0.93,0.935,0.9,0.905,2844915
KME,20200521,0.99,1,0.98,1,18858
KNM,20200521,0.015,0.017,0.015,0.016,2467791
KNO,20200521,0.069,0.069,0.062,0.062,24072
KOV,20200521,3.75,3.75,3.75,3.75,17
KP2,20200521,0.015,0.015,0.013,0.013,78538
KPO,20200521,0.026,0.026,0.026,0.026,508735
KPT,20200521,0.845,0.87,0.75,0.83,2222435
KRM,20200521,0.042,0.042,0.039,0.042,2240350
KRR,20200521,0.068,0.068,0.06,0.062,4727445
KSL,20200521,0.95,0.98,0.94,0.965,97793
KSM,20200521,1.79,1.79,1.79,1.79,8133
KSN,20200521,0.185,0.185,0.165,0.17,1971463
KSS,20200521,0.245,0.25,0.22,0.235,638890
KTA,20200521,0.035,0.037,0.034,0.036,1443077
KTD,20200521,0.285,0.287,0.275,0.28,2362566
KTE,20200521,0.013,0.013,0.012,0.012,1139231
KTG,20200521,0.12,0.13,0.12,0.125,301016
KWR,20200521,0.16,0.195,0.16,0.18,1392828
KYK,20200521,0.098,0.105,0.098,0.1,1897185
KZA,20200521,0.385,0.385,0.38,0.38,209287
KZR,20200521,0.605,0.615,0.555,0.59,1092500
LAU,20200521,0.355,0.36,0.355,0.355,17187
LAW,20200521,0.04,0.04,0.04,0.04,658669
LBL,20200521,0.43,0.445,0.42,0.435,40778
LBT,20200521,0.15,0.16,0.15,0.155,637154
LCD,20200521,0.016,0.017,0.016,0.017,2494080
LCL,20200521,0.05,0.051,0.05,0.051,355091
LCM,20200521,0.15,0.15,0.135,0.135,41500
LEG,20200521,0.17,0.17,0.16,0.16,3316293
LEP,20200521,4.37,4.38,4.3,4.37,64677
LER,20200521,0.018,0.018,0.018,0.018,250000
LEX,20200521,0.215,0.215,0.195,0.195,224958
LGP,20200521,0.395,0.4,0.39,0.39,177123
LI3,20200521,0.021,0.022,0.021,0.022,124285
LIC,20200521,8.6,8.97,8.45,8.76,237410
LIN,20200521,0.017,0.017,0.014,0.014,6372137
LIT,20200521,0.052,0.052,0.049,0.05,1276410
LKE,20200521,0.034,0.034,0.033,0.033,841648
LLC,20200521,11.54,11.62,11.34,11.51,1315783
LLO,20200521,2,2,1.9,1.9,10952
LME,20200521,1.37,1.37,1.37,1.37,15321
LMG,20200521,0.008,0.009,0.008,0.009,188571
LML,20200521,0.005,0.005,0.005,0.005,200000
LNK,20200521,3.8,3.87,3.78,3.82,2296444
LNU,20200521,0.012,0.012,0.011,0.012,2301789
LNY,20200521,0.004,0.004,0.004,0.004,395127
LOM,20200521,0.049,0.049,0.046,0.049,1704886
LON,20200521,0.13,0.13,0.125,0.125,7594
LOT,20200521,0.06,0.065,0.057,0.065,1520891
LOV,20200521,7.45,7.67,7.3,7.54,284951
LPD,20200521,0.007,0.007,0.006,0.006,57258991
LPI,20200521,0.145,0.145,0.13,0.13,297400
LRK,20200521,0.88,0.88,0.88,0.88,1758
LRS,20200521,0.004,0.004,0.004,0.004,120000
LSF,20200521,1.17,1.19,1.165,1.19,1182047
LSH,20200521,0.028,0.03,0.028,0.03,171912
LSR,20200521,0.006,0.006,0.006,0.006,530000
LSX,20200521,0.46,0.46,0.46,0.46,1461
LTR,20200521,0.115,0.115,0.11,0.11,2057528
LVH,20200521,0.22,0.22,0.21,0.21,240616
LVT,20200521,0.24,0.24,0.235,0.235,1577643
LYC,20200521,1.925,2.03,1.91,2,10003403
LYL,20200521,4.86,4.9,4.75,4.83,30041
M7T,20200521,0.715,0.725,0.69,0.7,747136
M8S,20200521,0.09,0.09,0.088,0.088,162205
MA1,20200521,1.02,1.03,0.99,0.99,190534
MAD,20200521,0.775,0.8,0.755,0.76,37816
MAG,20200521,0.34,0.35,0.33,0.345,511965
MAH,20200521,0.24,0.275,0.235,0.265,3457065
MAI,20200521,0.475,0.48,0.47,0.475,108671
MAN,20200521,0.034,0.038,0.031,0.033,20257123
MAQ,20200521,30.36,30.59,29.31,29.75,4743
MAR,20200521,0.046,0.046,0.031,0.045,187782
MAT,20200521,0.135,0.135,0.12,0.12,440002
MAU,20200521,1.15,1.25,1.1,1.15,180029
MAY,20200521,0.005,0.005,0.004,0.005,1173000
MBK,20200521,0.008,0.009,0.008,0.009,145000
MCA,20200521,0.115,0.115,0.11,0.11,33570
MCE,20200521,0.17,0.175,0.17,0.17,193002
MCM,20200521,0.16,0.16,0.13,0.13,40000
MCP,20200521,2.68,2.73,2.63,2.7,451143
MCR,20200521,0.645,0.655,0.63,0.65,855153
MCT,20200521,0.004,0.005,0.003,0.005,11786697
MCY,20200521,4.56,4.63,4.56,4.62,1122
MDC,20200521,0.22,0.22,0.215,0.215,54859
MDI,20200521,0.012,0.012,0.01,0.011,32652827
MDR,20200521,0.55,0.55,0.51,0.51,304812
MEB,20200521,0.007,0.007,0.007,0.007,300000
MEC,20200521,0.85,0.85,0.84,0.84,63139
MEI,20200521,0.021,0.021,0.02,0.02,6087443
MEL,20200521,0.024,0.024,0.023,0.023,21035
MEM,20200521,0.066,0.066,0.065,0.065,329784
MEP,20200521,0.044,0.045,0.042,0.044,962520
MEU,20200521,0.057,0.059,0.052,0.053,10266706
MEY,20200521,0.065,0.069,0.063,0.069,207423
MEZ,20200521,4.5,4.53,4.49,4.49,20570
MFD,20200521,0.72,0.73,0.71,0.73,25812
MFF,20200521,2.87,2.87,2.83,2.83,127829
MFG,20200521,58.41,58.48,56.84,56.84,466556
MGC,20200521,0.44,0.44,0.43,0.435,4647400
MGE,20200521,4.05,4.07,4.04,4.07,392023
MGG,20200521,1.81,1.815,1.785,1.795,1067590
MGL,20200521,0.014,0.014,0.014,0.014,50
MGR,20200521,2.22,2.24,2.17,2.18,11870786
MGV,20200521,0.15,0.18,0.15,0.175,8330297
MGX,20200521,0.74,0.745,0.68,0.69,4871514
MHC,20200521,0.013,0.014,0.013,0.013,10574363
MHG,20200521,3.42,3.42,3.4,3.41,298246
MHH,20200521,1.47,1.47,1.44,1.45,441201
MHJ,20200521,0.34,0.34,0.325,0.34,121585
MIL,20200521,0.36,0.36,0.36,0.36,22000
MIN,20200521,19.5,19.62,18.97,19.08,1722261
MIO,20200521,0.2,0.205,0.19,0.205,44632
MIR,20200521,2.2,2.2,2.17,2.17,56321
MKG,20200521,0.064,0.064,0.063,0.063,83159
MLD,20200521,0.79,0.79,0.76,0.77,348588
MLL,20200521,0.082,0.09,0.077,0.09,655509
MLM,20200521,0.012,0.012,0.012,0.012,8006
MLS,20200521,0.001,0.001,0.001,0.001,1040000
MLT,20200521,3.98,3.99,3.95,3.96,119593
MLX,20200521,0.092,0.096,0.088,0.088,4292231
MME,20200521,1.1,1.15,1.085,1.1,127151
MMI,20200521,0.098,0.099,0.098,0.099,600898
MMJ,20200521,0.12,0.12,0.115,0.115,134502
MML,20200521,0.775,0.78,0.75,0.75,439596
MMM,20200521,1.14,1.15,1.06,1.12,140729
MMS,20200521,7.6,7.65,7.13,7.34,654738
MNB,20200521,0.001,0.001,0.001,0.001,3000000
MND,20200521,11.23,11.24,10.92,11.01,325476
MNF,20200521,5.2,5.2,5.09,5.2,53988
MNS,20200521,0.071,0.075,0.069,0.07,1705425
MNW,20200521,0.008,0.008,0.007,0.007,211111
MNY,20200521,1.7,1.8,1.62,1.65,601417
MOB,20200521,0.064,0.064,0.062,0.064,316440
MOC,20200521,0.665,0.67,0.66,0.66,31932
MOE,20200521,3.35,3.35,3.18,3.18,141527
MOH,20200521,0.068,0.068,0.065,0.065,361596
MOT,20200521,1.63,1.66,1.6,1.63,446266
MOZ,20200521,0.835,0.835,0.815,0.815,64671
MP1,20200521,13.5,13.51,12.94,13.05,6144098
MPL,20200521,2.88,2.88,2.81,2.82,8780447
MPP,20200521,0.155,0.155,0.155,0.155,36999
MPR,20200521,0.021,0.024,0.021,0.023,529691
MPW,20200521,0.07,0.073,0.07,0.073,98500
MQG,20200521,106.17,106.64,103.96,103.96,1022575
MQR,20200521,0.041,0.041,0.041,0.041,8000
MRC,20200521,0.23,0.23,0.23,0.23,8000
MRD,20200521,0.001,0.001,0.001,0.001,2022728
MRG,20200521,0.018,0.018,0.015,0.015,245483
MRL,20200521,0.235,0.235,0.235,0.235,2413
MRM,20200521,0.085,0.088,0.08,0.08,744085
MRQ,20200521,0.007,0.007,0.007,0.007,225000
MRZ,20200521,0.22,0.22,0.195,0.205,184495
MSB,20200521,3.85,3.91,3.73,3.81,5373581
MSE,20200521,0.01,0.01,0.01,0.01,494750
MSG,20200521,0.019,0.019,0.019,0.019,302265
MSM,20200521,0.02,0.021,0.02,0.02,1015700
MSR,20200521,0.005,0.005,0.004,0.004,1000000
MSV,20200521,0.415,0.415,0.4,0.415,273976
MTB,20200521,0.002,0.002,0.002,0.002,250000
MTC,20200521,0.16,0.16,0.15,0.155,370672
MTH,20200521,0.009,0.011,0.008,0.01,22970965
MTO,20200521,1.08,1.1,1.05,1.05,40324
MTS,20200521,2.48,2.49,2.45,2.49,5421001
MVA,20200521,18.31,18.79,18.18,18.39,42584
MVB,20200521,17.86,18,17.55,17.57,11990
MVE,20200521,25.47,25.64,25.47,25.54,1095
MVF,20200521,0.56,0.57,0.557,0.565,465005
MVP,20200521,8.55,8.76,8.04,8.08,305052
MVR,20200521,27.15,27.15,27.05,27.05,3612
MVS,20200521,17.2,17.2,17.03,17.03,805
MVW,20200521,26.27,26.27,25.81,25.94,106375
MWR,20200521,0.105,0.15,0.105,0.15,1458908
MWY,20200521,0.965,0.965,0.915,0.915,17521
MX1,20200521,0.145,0.145,0.14,0.14,516979
MXC,20200521,0.025,0.026,0.024,0.025,1444368
MXI,20200521,0.145,0.155,0.145,0.155,30991
MXR,20200521,0.046,0.057,0.046,0.055,1835571
MXT,20200521,1.85,1.855,1.825,1.83,604190
MYE,20200521,0.685,0.695,0.675,0.675,53012
MYL,20200521,0.05,0.052,0.049,0.052,2777444
MYQ,20200521,0.155,0.155,0.155,0.155,5000
MYR,20200521,0.28,0.285,0.265,0.27,9414078
MYS,20200521,3.79,3.79,3.68,3.7,34249
MYX,20200521,0.445,0.457,0.435,0.445,7417186
MZZ,20200521,0.255,0.255,0.245,0.245,495056
NAB,20200521,15.75,15.75,15.41,15.52,6115435
NAC,20200521,0.715,0.72,0.71,0.72,60500
NAE,20200521,0.005,0.007,0.004,0.006,41496531
NAG,20200521,0.055,0.055,0.055,0.055,174295
NAN,20200521,7,7.01,6.84,6.87,532544
NBI,20200521,1.56,1.585,1.56,1.56,343408
NC6,20200521,0.032,0.032,0.03,0.03,120000
NCC,20200521,0.8,0.8,0.78,0.78,21000
NCK,20200521,5.29,5.37,5.19,5.35,70184
NCL,20200521,0.025,0.025,0.025,0.025,10120
NCM,20200521,31.9,31.9,31.52,31.62,3031204
NDQ,20200521,24.47,24.53,24.43,24.46,185063
NEA,20200521,1.89,1.925,1.815,1.855,6418415
NEC,20200521,1.415,1.425,1.375,1.385,4955713
NES,20200521,0.048,0.05,0.046,0.046,970193
NET,20200521,0.038,0.039,0.035,0.038,4873080
NEU,20200521,1.71,1.715,1.655,1.655,55302
NEW,20200521,1.09,1.09,1.07,1.09,147434
NGE,20200521,0.46,0.46,0.46,0.46,2500
NGI,20200521,1.28,1.325,1.26,1.29,1081277
NHC,20200521,1.395,1.42,1.36,1.36,2394332
NHF,20200521,4.65,4.71,4.58,4.59,726772
NIC,20200521,0.58,0.587,0.54,0.56,6595167
NML,20200521,0.15,0.16,0.15,0.155,2000137
NMT,20200521,0.17,0.17,0.16,0.17,218143
NNT,20200521,0.05,0.05,0.05,0.05,33000
NOR,20200521,0.024,0.024,0.024,0.024,34167
NOV,20200521,0.18,0.185,0.18,0.18,4964
NOX,20200521,0.23,0.235,0.22,0.225,964048
NSB,20200521,0.187,0.187,0.185,0.185,6684
NSC,20200521,0.48,0.48,0.47,0.475,39967
NSR,20200521,1.745,1.745,1.695,1.73,4013409
NST,20200521,14.83,14.83,14.32,14.37,4138966
NSX,20200521,0.11,0.11,0.11,0.11,30000
NTD,20200521,0.29,0.295,0.29,0.29,20296
NTM,20200521,0.099,0.099,0.09,0.097,1180185
NTO,20200521,1.7,1.7,1.61,1.63,284138
NTU,20200521,0.023,0.023,0.022,0.023,6421351
NUC,20200521,3.02,3.07,3,3.02,17245
NUF,20200521,5.29,5.345,5.23,5.26,817509
NUH,20200521,0.021,0.024,0.021,0.022,2064928
NUS,20200521,0.345,0.345,0.33,0.33,41572
NVA,20200521,0.047,0.049,0.047,0.049,2162300
NVO,20200521,0.008,0.009,0.008,0.009,5300000
NVU,20200521,0.093,0.095,0.088,0.088,163131
NVX,20200521,0.48,0.56,0.48,0.535,657150
NWC,20200521,0.013,0.014,0.012,0.014,444042
NWE,20200521,0.003,0.004,0.003,0.003,8395679
NWH,20200521,1.9,2.27,1.835,2.19,13644724
NWL,20200521,7.82,7.97,7.67,7.77,339405
NWS,20200521,17.54,17.6,17.33,17.5,137470
NXE,20200521,0.007,0.007,0.006,0.006,601640
NXM,20200521,0.051,0.051,0.048,0.049,225000
NXS,20200521,1.59,1.6,1.565,1.57,42280
NXT,20200521,9.5,9.55,9.37,9.4,1598504
NYR,20200521,0.17,0.17,0.155,0.16,215981
NZM,20200521,0.19,0.21,0.19,0.21,78841
NZS,20200521,0.013,0.013,0.013,0.013,84981
OAR,20200521,0.003,0.003,0.002,0.002,14100000
OBL,20200521,4.41,4.44,4.34,4.36,675597
OBM,20200521,0.235,0.235,0.225,0.225,1707854
OCA,20200521,0.72,0.735,0.72,0.735,1560
OCC,20200521,0.375,0.38,0.36,0.36,498447
OCL,20200521,7.33,7.44,7.26,7.39,21764
ODA,20200521,0.11,0.11,0.11,0.11,5818
ODM,20200521,0.035,0.035,0.033,0.033,669963
OEC,20200521,0.84,0.84,0.785,0.785,109162
OEL,20200521,0.007,0.007,0.006,0.006,13714304
OFX,20200521,1.37,1.41,1.275,1.3,1282719
OGA,20200521,0.095,0.095,0.091,0.091,160850
OGC,20200521,3.4,3.44,3.3,3.33,1187029
OKR,20200521,0.135,0.135,0.135,0.135,15000
OKU,20200521,0.3,0.3,0.3,0.3,30976
OLI,20200521,0.041,0.042,0.037,0.042,2805353
OLL,20200521,0.245,0.25,0.235,0.235,553806
OMH,20200521,0.35,0.38,0.35,0.365,247934
OML,20200521,1.135,1.16,1.06,1.06,8347333
ONE,20200521,0.053,0.053,0.053,0.053,44657
ONT,20200521,5.2,5.21,5.11,5.21,315
ONX,20200521,0.054,0.054,0.052,0.052,59999
OOO,20200521,3.51,3.59,3.5,3.58,1831566
OPC,20200521,4.75,4.75,4.6,4.64,34502
OPH,20200521,2.43,2.46,2.42,2.45,101167
OPT,20200521,3,3.03,2.83,2.85,382354
OPY,20200521,1.165,1.22,1.15,1.15,443048
ORA,20200521,2.62,2.63,2.565,2.59,3316754
ORE,20200521,2.27,2.33,2.22,2.29,2120587
ORG,20200521,5.57,5.66,5.55,5.55,5039068
ORI,20200521,16.9,16.98,16.62,16.83,1239760
ORN,20200521,0.018,0.018,0.018,0.018,159983
ORR,20200521,0.345,0.37,0.34,0.36,195176
OSH,20200521,3.38,3.44,3.29,3.31,13036455
OSL,20200521,0.115,0.115,0.105,0.105,2434248
OSP,20200521,0.01,0.01,0.01,0.01,1618505
OSX,20200521,0.52,0.52,0.49,0.5,119319
OTW,20200521,2.98,2.98,2.92,2.93,16687
OVH,20200521,0.23,0.23,0.21,0.21,452405
OVN,20200521,0.27,0.27,0.25,0.25,308978
OVT,20200521,0.02,0.021,0.019,0.019,1005938
OZF,20200521,13.59,13.64,13.59,13.6,13768
OZL,20200521,9.55,9.86,9.51,9.68,3058009
OZR,20200521,10.99,10.99,10.88,10.88,34006
PAA,20200521,0.099,0.1,0.096,0.097,869882
PAB,20200521,0.013,0.013,0.012,0.013,651802
PAC,20200521,4.96,4.98,4.85,4.9,20342
PAF,20200521,0.71,0.71,0.7,0.7,31400
PAI,20200521,0.98,0.98,0.97,0.97,253729
PAK,20200521,0.013,0.013,0.013,0.013,1614311
PAL,20200521,0.665,0.665,0.585,0.605,107210
PAR,20200521,2.77,2.79,2.51,2.54,1840805
PBH,20200521,5.18,5.25,4.9,4.93,1066175
PBP,20200521,1.9,1.9,1.84,1.85,186097
PCG,20200521,1.055,1.055,1.05,1.05,5000
PCI,20200521,0.925,0.95,0.925,0.945,336393
PCK,20200521,0.16,0.16,0.155,0.155,366382
PCL,20200521,0.002,0.002,0.001,0.001,1821000
PDI,20200521,0.071,0.075,0.07,0.074,8866449
PDL,20200521,6.26,6.32,5.94,5.98,1299361
PDN,20200521,0.13,0.13,0.125,0.125,2645652
PE1,20200521,1.46,1.48,1.41,1.47,141831
PEK,20200521,0.023,0.024,0.023,0.024,1557942
PEN,20200521,0.135,0.135,0.127,0.127,255532
PET,20200521,0.56,0.57,0.54,0.54,1788073
PEX,20200521,0.13,0.13,0.125,0.13,28000
PFP,20200521,2.92,3.07,2.9,3.01,145066
PFT,20200521,0.18,0.185,0.18,0.18,72903
PGC,20200521,0.19,0.19,0.18,0.18,821931
PGF,20200521,0.895,0.895,0.885,0.885,359686
PGG,20200521,1.425,1.455,1.42,1.445,143146
PGH,20200521,2.13,2.2,2.12,2.14,379322
PGI,20200521,0.048,0.052,0.044,0.046,4334224
PGL,20200521,0.825,0.865,0.825,0.865,70003
PGM,20200521,0.026,0.027,0.026,0.026,1022579
PGR,20200521,0.055,0.055,0.054,0.054,57909
PGX,20200521,0.245,0.25,0.24,0.25,38261
PGY,20200521,0.017,0.02,0.015,0.018,579560
PIA,20200521,1.055,1.06,1.055,1.06,67902
PIC,20200521,0.88,0.88,0.87,0.87,323820
PIO,20200521,0.011,0.011,0.011,0.011,2559902
PIQ,20200521,0.34,0.34,0.34,0.34,3886
PKS,20200521,0.17,0.182,0.165,0.18,895554
PL8,20200521,0.98,0.985,0.975,0.975,245803
PLL,20200521,0.115,0.115,0.115,0.115,150326
PLS,20200521,0.265,0.28,0.26,0.265,15648819
PM1,20200521,0.015,0.015,0.015,0.015,1636529
PM8,20200521,0.225,0.255,0.225,0.25,856456
PMC,20200521,1.25,1.255,1.215,1.23,425189
PME,20200521,28.86,29.29,28.45,28.64,577648
PMV,20200521,15.69,15.73,15.47,15.58,368538
PMY,20200521,0.007,0.007,0.006,0.006,12876468
PNC,20200521,0.315,0.315,0.285,0.295,585188
PNI,20200521,4.21,4.21,4.01,4.1,687423
PNN,20200521,0.002,0.002,0.001,0.002,14705892
PNR,20200521,0.175,0.185,0.17,0.17,8452807
PNV,20200521,2.75,2.79,2.68,2.73,5429073
PNX,20200521,0.007,0.007,0.007,0.007,2000000
PO3,20200521,2.39,2.8,2.39,2.8,22461
POD,20200521,0.021,0.021,0.021,0.021,63219
POS,20200521,0.033,0.034,0.031,0.031,3629380
POU,20200521,18.17,18.18,18.16,18.18,3027
POW,20200521,0.006,0.006,0.006,0.006,6850000
PPC,20200521,0.73,0.735,0.71,0.72,3131403
PPE,20200521,2.17,2.21,2.05,2.05,589320
PPG,20200521,0.145,0.145,0.14,0.145,709082
PPH,20200521,6.75,6.96,6.75,6.93,514440
PPK,20200521,4.05,4.19,3.99,4.11,120683
PPS,20200521,0.35,0.355,0.34,0.355,836307
PPT,20200521,31.02,31.74,30.5,30.58,182424
PPY,20200521,0.01,0.01,0.01,0.01,12273
PRN,20200521,1.12,1.23,1.1,1.19,4975550
PRO,20200521,0.675,0.68,0.64,0.67,159556
PRT,20200521,0.1,0.1,0.1,0.1,135320
PRU,20200521,1.25,1.27,1.21,1.25,8734197
PRX,20200521,0.049,0.052,0.046,0.052,1426473
PSC,20200521,0.089,0.09,0.089,0.09,84299
PSI,20200521,2.34,2.4,2.31,2.35,199376
PSZ,20200521,0.021,0.021,0.021,0.021,117
PTB,20200521,0.58,0.58,0.56,0.56,69532
PTL,20200521,0.36,0.36,0.34,0.345,197432
PTM,20200521,3.89,3.93,3.835,3.87,1278415
PTR,20200521,0.05,0.052,0.049,0.049,997449
PUR,20200521,0.004,0.005,0.004,0.005,1870989
PVS,20200521,1.3,1.3,1.3,1.3,911
PWG,20200521,0.96,0.96,0.95,0.95,3684
PWH,20200521,4.01,4.1,3.99,4.04,571893
PWL,20200521,0.19,0.19,0.175,0.175,6295
PWN,20200521,0.008,0.008,0.006,0.006,11754406
PXS,20200521,0.088,0.092,0.087,0.089,847085
PYC,20200521,0.08,0.08,0.078,0.079,777522
PYG,20200521,0.62,0.62,0.6,0.6,6076
QAG,20200521,4.67,4.69,4.67,4.67,12100
QAN,20200521,3.56,3.64,3.51,3.63,14713765
QAU,20200521,17.25,17.25,17.12,17.12,139814
QBE,20200521,7.86,7.87,7.67,7.69,4995063
QCB,20200521,6.08,6.08,6.07,6.07,1499
QEM,20200521,0.09,0.09,0.09,0.09,30000
QFE,20200521,0.28,0.28,0.265,0.275,1087404
QFN,20200521,7.73,7.74,7.57,7.57,7198
QFY,20200521,0.001,0.002,0.001,0.002,1148334
QHL,20200521,0.098,0.11,0.097,0.105,3847237
QIP,20200521,1.1,1.13,1.1,1.13,2800
QOZ,20200521,11,11,10.79,10.82,28754
QRE,20200521,6.01,6.01,5.92,5.92,30168
QRI,20200521,1.34,1.35,1.335,1.335,67582
QUB,20200521,2.65,2.67,2.61,2.65,6061863
QUS,20200521,33.8,33.86,33.8,33.82,874
QVE,20200521,0.78,0.785,0.775,0.775,529329
RAC,20200521,0.34,0.35,0.34,0.35,53415
RAP,20200521,0.17,0.17,0.165,0.17,334981
RBL,20200521,1.02,1.17,1.02,1.17,526245
RBR,20200521,0.008,0.008,0.008,0.008,375750
RCB,20200521,21.15,21.15,21.1,21.15,4515
RCE,20200521,0.545,0.58,0.53,0.57,491562
RCT,20200521,1.955,1.955,1.955,1.955,286
RCW,20200521,0.2,0.2,0.2,0.2,11200
RDC,20200521,0.725,0.735,0.715,0.725,1947351
RDG,20200521,0.023,0.024,0.023,0.024,605658
RDH,20200521,0.555,0.555,0.525,0.537,40306
RDM,20200521,0.097,0.097,0.097,0.097,13000
RDS,20200521,0.006,0.006,0.006,0.006,15000
RDV,20200521,21.85,21.94,21.77,21.86,7198
RDY,20200521,1.42,1.48,1.39,1.45,34816
REA,20200521,98.1,98.7,96.1,96.93,219261
RED,20200521,0.31,0.325,0.29,0.3,10059272
REE,20200521,0.037,0.04,0.034,0.037,20564455
REG,20200521,1.6,1.63,1.51,1.525,422882
REH,20200521,8.76,8.84,8.56,8.68,384114
RES,20200521,0.065,0.065,0.062,0.062,78733
REX,20200521,1.08,1.085,1.035,1.035,156545
REZ,20200521,0.017,0.017,0.016,0.016,1647291
RF1,20200521,2.2,2.22,2.18,2.19,88612
RFF,20200521,1.89,1.895,1.85,1.85,663625
RFG,20200521,0.073,0.073,0.069,0.069,1511158
RFN,20200521,0.002,0.002,0.002,0.002,42337205
RFR,20200521,0.085,0.085,0.083,0.083,70000
RFT,20200521,0.032,0.038,0.032,0.035,2649325
RFX,20200521,0.032,0.032,0.031,0.031,1099626
RGB,20200521,23.59,23.59,23.58,23.58,4118
RGI,20200521,0.048,0.05,0.047,0.05,159161
RGL,20200521,0.028,0.031,0.025,0.027,13913131
RGS,20200521,0.072,0.078,0.072,0.078,61020
RHC,20200521,68.72,68.77,67.12,67.55,683635
RHP,20200521,1.97,1.99,1.945,1.95,391768
RHT,20200521,0.165,0.165,0.16,0.165,367859
RHY,20200521,0.098,0.098,0.098,0.098,20408
RIC,20200521,0.71,0.73,0.705,0.73,46016
RIM,20200521,0.007,0.008,0.006,0.007,2082588
RIO,20200521,95.8,96.1,93.17,93.19,1620057
RKN,20200521,0.565,0.585,0.565,0.57,1962
RLC,20200521,0.003,0.004,0.003,0.004,9824767
RLE,20200521,0.023,0.023,0.021,0.022,1223545
RLG,20200521,0.019,0.021,0.019,0.02,852937
RLT,20200521,1.3,1.3,1.165,1.17,114979
RMC,20200521,0.8,0.81,0.785,0.785,247237
RMD,20200521,24.7,24.85,24.48,24.48,1142951
RML,20200521,0.065,0.071,0.064,0.069,1680702
RMS,20200521,1.725,1.762,1.695,1.72,5645287
RMX,20200521,0.004,0.004,0.004,0.004,229169
RMY,20200521,0.3,0.33,0.3,0.32,68415
RND,20200521,1.855,1.92,1.85,1.92,11532
RNE,20200521,0.019,0.019,0.019,0.019,8975
RNO,20200521,0.071,0.071,0.07,0.071,326552
RNT,20200521,0.033,0.038,0.033,0.038,204343
RNU,20200521,0.01,0.011,0.009,0.011,1483817
RNX,20200521,0.004,0.005,0.004,0.004,13971827
ROG,20200521,0.001,0.001,0.001,0.001,500000
ROO,20200521,0.023,0.023,0.022,0.022,384031
RPM,20200521,0.14,0.14,0.135,0.135,10514
RRL,20200521,5.32,5.37,5.2,5.24,3195657
RSG,20200521,1.155,1.18,1.125,1.14,10753435
RSH,20200521,0.062,0.064,0.062,0.064,821089
RSM,20200521,21.85,21.85,21.85,21.85,158
RTR,20200521,0.081,0.085,0.079,0.08,4519353
RUL,20200521,1.08,1.08,0.985,0.99,239623
RVR,20200521,0.065,0.065,0.062,0.063,2950004
RWC,20200521,2.68,2.7,2.62,2.69,1803211
RWD,20200521,0.125,0.13,0.125,0.13,50000
RXL,20200521,0.028,0.028,0.026,0.026,4451568
RXM,20200521,0.08,0.083,0.078,0.08,583885
RXP,20200521,0.27,0.27,0.27,0.27,53948
RYD,20200521,1.25,1.25,1.25,1.25,30000
RZI,20200521,0.68,0.7,0.68,0.7,29811
S2R,20200521,0.1,0.1,0.097,0.099,192940
S32,20200521,2,2.02,1.94,1.95,16890661
SAR,20200521,5.5,5.63,5.495,5.56,9841506
SAU,20200521,0.155,0.17,0.15,0.16,154271
SBM,20200521,3.21,3.24,3.16,3.16,5581717
SBR,20200521,0.002,0.002,0.002,0.002,1749999
SBW,20200521,0.066,0.069,0.065,0.069,486467
SCG,20200521,2.28,2.29,2.195,2.27,24154846
SCI,20200521,0.015,0.015,0.014,0.014,3626187
SCL,20200521,0.018,0.018,0.017,0.017,6463446
SCP,20200521,2.22,2.23,2.16,2.21,4748406
SCU,20200521,0.012,0.012,0.012,0.012,13000
SDF,20200521,3.04,3.3,2.97,3.22,7620518
SDG,20200521,1.145,1.145,1.11,1.11,27490
SDI,20200521,0.72,0.725,0.715,0.72,83521
SDV,20200521,0.77,0.77,0.73,0.73,202923
SDX,20200521,0.065,0.068,0.061,0.061,234154
SE1,20200521,0.027,0.029,0.022,0.023,19167609
SEC,20200521,1.25,1.25,1.23,1.24,103516
SEI,20200521,0.025,0.025,0.025,0.025,472363
SEK,20200521,19,19.23,18.47,19.05,1851368
SEN,20200521,0.048,0.048,0.044,0.045,924846
SEQ,20200521,0.19,0.19,0.19,0.19,222414
SER,20200521,0.004,0.004,0.004,0.004,743889
SES,20200521,0.054,0.054,0.054,0.054,208765
SFG,20200521,0.053,0.055,0.053,0.055,33794
SFR,20200521,4.55,4.59,4.47,4.55,715031
SFX,20200521,0.12,0.125,0.12,0.125,1148622
SFY,20200521,51.41,51.41,50.36,50.39,25639
SGC,20200521,0.017,0.017,0.015,0.015,294800
SGF,20200521,1.51,1.552,1.47,1.495,175975
SGH,20200521,0.8,0.82,0.795,0.82,6806
SGI,20200521,0.074,0.074,0.074,0.074,11
SGM,20200521,7.03,7.4,7.03,7.26,988695
SGP,20200521,3.07,3.08,2.95,3.03,10702945
SGQ,20200521,0.085,0.088,0.084,0.088,1304109
SGR,20200521,2.76,2.82,2.725,2.8,3328787
SHE,20200521,0.007,0.007,0.007,0.007,61035
SHH,20200521,0.004,0.005,0.004,0.004,1700000
SHJ,20200521,0.77,0.77,0.755,0.77,43351
SHK,20200521,0.005,0.007,0.005,0.007,1013000
SHL,20200521,27.49,27.64,27.29,27.5,1192725
SHV,20200521,7.86,7.9,7.58,7.63,698132
SIG,20200521,0.595,0.595,0.585,0.59,595553
SIQ,20200521,5.28,5.39,5.24,5.27,1112521
SIS,20200521,0.014,0.014,0.013,0.013,231673
SIT,20200521,0.036,0.039,0.035,0.038,2213090
SIV,20200521,0.58,0.6,0.58,0.6,41756
SKC,20200521,2.3,2.35,2.27,2.3,423024
SKF,20200521,0.14,0.14,0.135,0.14,194927
SKI,20200521,1.99,1.99,1.92,1.92,6838937
SKO,20200521,2.7,2.79,2.7,2.75,53172
SKY,20200521,0.42,0.43,0.405,0.42,1066854
SLC,20200521,1.13,1.16,1.1,1.12,1302893
SLF,20200521,10.5,10.5,10.3,10.42,233176
SLK,20200521,3.94,4.04,3.8,4.01,190480
SLR,20200521,2.24,2.27,2.16,2.18,5712328
SLX,20200521,0.355,0.36,0.355,0.36,130399
SLZ,20200521,0.145,0.15,0.135,0.135,714852
SM1,20200521,6.54,6.71,6.47,6.71,83982
SMI,20200521,0.003,0.003,0.003,0.003,5000001
SMN,20200521,0.38,0.382,0.37,0.375,41742
SMR,20200521,0.925,0.93,0.88,0.885,433731
SMX,20200521,0.275,0.295,0.27,0.295,47400
SNC,20200521,0.64,0.64,0.63,0.63,34768
SND,20200521,0.44,0.44,0.44,0.44,15107
SNL,20200521,3.65,3.66,3.65,3.66,1050
SNS,20200521,0.093,0.093,0.089,0.089,208227
SNZ,20200521,5.72,5.72,5.72,5.72,136
SO4,20200521,0.485,0.5,0.465,0.475,1628438
SOL,20200521,18.79,18.79,18.44,18.5,281311
SOM,20200521,1.025,1.04,1.025,1.03,10578
SOR,20200521,0.052,0.052,0.05,0.05,321124
SP3,20200521,0.057,0.057,0.056,0.056,44350
SPK,20200521,4.23,4.23,4.11,4.14,965830
SPL,20200521,1.085,1.145,1.06,1.13,774426
SPQ,20200521,0.005,0.005,0.005,0.005,1205000
SPT,20200521,0.48,0.485,0.445,0.45,2883156
SPX,20200521,0.19,0.19,0.185,0.19,564273
SPY,20200521,451.26,451.26,450,450.87,671
SPZ,20200521,0.105,0.105,0.098,0.098,1654436
SRG,20200521,0.22,0.22,0.205,0.21,1739839
SRH,20200521,0.15,0.15,0.15,0.15,7000
SRK,20200521,0.052,0.053,0.052,0.053,134339
SRV,20200521,2.24,2.28,2.19,2.23,54364
SRZ,20200521,0.01,0.01,0.01,0.01,82394
SSG,20200521,0.61,0.615,0.59,0.6,141923
SSL,20200521,6.9,6.9,6.9,6.9,1750
SSM,20200521,2.24,2.24,1.97,2.07,10358075
SSO,20200521,13.72,13.72,13.72,13.72,4615
ST1,20200521,0.2,0.2,0.19,0.195,555317
STA,20200521,0.14,0.14,0.14,0.14,87981
STG,20200521,0.89,0.99,0.89,0.99,40906
STM,20200521,0.006,0.006,0.005,0.006,6460526
STN,20200521,0.4,0.4,0.37,0.38,40037
STO,20200521,5.32,5.37,5.27,5.29,10861353
STW,20200521,52.25,52.25,51.43,51.48,231801
STX,20200521,0.205,0.21,0.187,0.19,17816765
SUD,20200521,0.044,0.044,0.043,0.044,97493
SUL,20200521,7.49,7.7,7.33,7.66,1552922
SUN,20200521,8.73,8.875,8.68,8.68,4211436
SUP,20200521,0.05,0.05,0.05,0.05,239000
SVA,20200521,0.02,0.02,0.017,0.017,383000
SVD,20200521,0.009,0.009,0.009,0.009,203503
SVL,20200521,0.14,0.14,0.125,0.125,11546726
SVM,20200521,0.14,0.14,0.137,0.14,569155
SVW,20200521,15.79,15.85,15.31,15.52,417105
SVY,20200521,0.46,0.72,0.46,0.635,2409898
SW1,20200521,0.025,0.026,0.024,0.026,740084
SWF,20200521,0.27,0.28,0.27,0.27,444302
SWK,20200521,0.13,0.14,0.13,0.14,421663
SWM,20200521,0.084,0.085,0.08,0.08,5512672
SXE,20200521,0.445,0.465,0.435,0.465,289182
SXL,20200521,0.155,0.157,0.15,0.15,22575754
SXY,20200521,0.21,0.215,0.205,0.205,3186319
SYA,20200521,0.007,0.007,0.006,0.007,3234285
SYD,20200521,5.71,5.71,5.58,5.59,7232621
SYI,20200521,23.14,23.14,22.68,22.78,5551
SYR,20200521,0.305,0.325,0.285,0.29,6635639
SZL,20200521,2.21,2.22,2.01,2.1,775584
T3D,20200521,0.001,0.001,0.001,0.001,2000000
TAH,20200521,3.31,3.325,3.19,3.21,7749778
TAM,20200521,0.049,0.049,0.049,0.049,112220
TAO,20200521,0.075,0.075,0.073,0.074,378081
TAP,20200521,0.081,0.082,0.081,0.082,719690
TAR,20200521,0.012,0.014,0.012,0.014,460714
TAS,20200521,0.035,0.035,0.035,0.035,268821
TBL,20200521,0.175,0.175,0.175,0.175,63205
TBR,20200521,7.02,7.6,6.98,7.55,192387
TCL,20200521,14.26,14.36,14.1,14.15,5119549
TCN,20200521,0.039,0.039,0.039,0.039,2565
TD1,20200521,0.028,0.028,0.027,0.027,1622949
TDI,20200521,1.565,1.585,1.53,1.53,157472
TDY,20200521,0.155,0.155,0.155,0.155,11758
TEG,20200521,0.039,0.04,0.036,0.038,1266185
TEK,20200521,0.24,0.24,0.24,0.24,70000
TER,20200521,0.15,0.15,0.145,0.145,721510
TFL,20200521,0.1,0.115,0.1,0.11,231213
TGA,20200521,0.135,0.135,0.125,0.125,302277
TGF,20200521,1.32,1.35,1.32,1.33,87382
TGG,20200521,1.15,1.15,1.135,1.145,102480
TGM,20200521,0.225,0.23,0.225,0.23,90000
TGN,20200521,0.115,0.115,0.11,0.11,162496
TGO,20200521,0.043,0.043,0.043,0.043,4150
TGP,20200521,0.89,0.89,0.86,0.88,153901
TGR,20200521,3.83,3.87,3.82,3.84,525592
THC,20200521,0.345,0.39,0.345,0.385,1973549
THR,20200521,0.007,0.007,0.007,0.007,500000
TIE,20200521,0.365,0.365,0.345,0.35,431715
TIN,20200521,0.17,0.175,0.16,0.16,2416675
TIP,20200521,0.55,0.57,0.525,0.525,107416
TKM,20200521,0.02,0.02,0.02,0.02,156250
TLG,20200521,0.34,0.39,0.34,0.385,966321
TLM,20200521,0.1,0.105,0.098,0.1,1798096
TLS,20200521,3.12,3.125,3.08,3.09,20511518
TLX,20200521,1.43,1.49,1.43,1.485,1036010
TMG,20200521,0.086,0.086,0.08,0.08,95000
TMK,20200521,0.006,0.006,0.006,0.006,500000
TMR,20200521,0.24,0.25,0.235,0.245,768674
TMT,20200521,0.16,0.175,0.155,0.175,1286396
TMX,20200521,0.006,0.006,0.006,0.006,511474
TNE,20200521,9.8,9.92,9.61,9.82,1618674
TNG,20200521,0.06,0.06,0.058,0.058,470308
TNK,20200521,0.84,0.84,0.815,0.835,7893
TNR,20200521,0.026,0.028,0.025,0.026,7075390
TNT,20200521,0.064,0.064,0.061,0.062,2302541
TNY,20200521,1.045,1.065,1.04,1.04,20217
TOE,20200521,0.009,0.009,0.009,0.009,264534
TON,20200521,0.048,0.048,0.039,0.042,2969332
TOP,20200521,0.465,0.47,0.465,0.47,23037
TOT,20200521,0.87,0.87,0.87,0.87,5283
TPM,20200521,7.7,8.04,7.55,8,1981578
TPP,20200521,0.036,0.039,0.036,0.039,365000
TPW,20200521,4,4.41,4,4.14,653762
TRS,20200521,4.5,4.57,4.36,4.45,131257
TRT,20200521,0.015,0.015,0.015,0.015,135958
TRY,20200521,0.097,0.097,0.093,0.096,219179
TSC,20200521,0.008,0.009,0.007,0.009,22314882
TSL,20200521,0.04,0.04,0.039,0.039,50000
TSO,20200521,0.075,0.075,0.067,0.068,4773154
TTB,20200521,0.43,0.43,0.41,0.425,71630
TTI,20200521,0.013,0.013,0.013,0.013,1000000
TTM,20200521,0.087,0.096,0.086,0.089,3038630
TTT,20200521,0.72,0.72,0.67,0.67,411713
TWD,20200521,2.53,2.53,2.5,2.5,4740
TWE,20200521,9.93,9.98,9.69,9.86,8205453
TYM,20200521,0.034,0.035,0.034,0.035,190000
TYR,20200521,3.7,3.72,3.51,3.62,1095134
TYX,20200521,0.004,0.004,0.004,0.004,2768765
TZL,20200521,0.037,0.037,0.037,0.037,20000
TZN,20200521,0.033,0.037,0.033,0.037,126601
UBI,20200521,0.195,0.195,0.195,0.195,3800
UBN,20200521,0.056,0.056,0.056,0.056,12043
UCM,20200521,0.24,0.24,0.23,0.23,38000
UCW,20200521,0.085,0.09,0.085,0.09,180730
UMG,20200521,4.05,4.26,3.995,4.25,4345148
UNV,20200521,0.165,0.165,0.16,0.16,79200
URF,20200521,0.35,0.35,0.335,0.35,158433
URW,20200521,3.84,3.85,3.73,3.75,3665453
USD,20200521,14.77,14.85,14.76,14.82,456874
UUV,20200521,0.001,0.001,0.001,0.001,2000000
UWL,20200521,1.595,1.595,1.507,1.54,705179
VAE,20200521,65.45,65.49,65.1,65.39,3962
VAF,20200521,52.59,52.69,52.53,52.65,41536
VAN,20200521,0.12,0.12,0.11,0.115,1275495
VAP,20200521,67.34,67.54,65.93,66.72,121852
VAS,20200521,71.57,71.57,70.5,70.59,212441
VCF,20200521,49.43,49.85,49.43,49.82,9911
VCX,20200521,1.585,1.585,1.49,1.56,24220959
VEA,20200521,1.475,1.525,1.475,1.48,3132623
VEE,20200521,0.455,0.455,0.455,0.455,2000
VEN,20200521,0.04,0.04,0.04,0.04,477199
VEQ,20200521,50.79,50.83,50.71,50.77,2904
VEU,20200521,68.07,68.08,67.77,67.8,66591
VG1,20200521,2.11,2.12,2.09,2.1,295782
VG8,20200521,2.09,2.1,2.06,2.07,209293
VGB,20200521,53.76,53.83,53.74,53.78,28806
VGE,20200521,63.44,63.44,62.65,63.08,16919
VGI,20200521,9.7,9.8,9.51,9.7,10772
VGL,20200521,1.375,1.38,1.325,1.345,40078
VGS,20200521,77,77,76.59,76.68,35173
VHT,20200521,1.41,1.445,1.395,1.415,395940
VHY,20200521,48.2,48.51,47.2,47.2,45699
VIA,20200521,0.034,0.036,0.034,0.036,15450
VIC,20200521,0.001,0.001,0.001,0.001,1000000
VIF,20200521,51.85,51.91,51.79,51.89,12113
VIP,20200521,0.034,0.037,0.034,0.035,227982
VLC,20200521,57,57,56.09,56.3,2171
VLT,20200521,0.23,0.235,0.225,0.23,45366
VMC,20200521,0.18,0.18,0.18,0.18,15803
VMG,20200521,0.002,0.002,0.002,0.002,400000
VML,20200521,0.014,0.015,0.012,0.013,27476663
VMS,20200521,0.016,0.016,0.016,0.016,270707
VMT,20200521,0.22,0.22,0.205,0.21,193500
VMX,20200521,0.175,0.175,0.16,0.16,556858
VMY,20200521,0.048,0.049,0.045,0.045,1275838
VN8,20200521,0.11,0.11,0.11,0.11,4000
VOC,20200521,2.78,2.85,2.75,2.82,1554999
VOR,20200521,0.12,0.13,0.12,0.13,230436
VR1,20200521,0.029,0.03,0.029,0.03,108038
VR8,20200521,0.018,0.02,0.017,0.02,397647
VRC,20200521,0.013,0.015,0.01,0.012,17492772
VRL,20200521,2.13,2.13,2.02,2.1,270083
VRS,20200521,0.031,0.037,0.03,0.032,5392541
VRT,20200521,3.1,3.1,2.95,2.99,2705279
VRX,20200521,0.097,0.097,0.097,0.097,68830
VSO,20200521,54.6,54.6,53.54,53.76,15484
VTG,20200521,1.04,1.075,1.02,1.07,307498
VTH,20200521,0.74,0.76,0.735,0.75,77924
VTI,20200521,0.017,0.017,0.017,0.017,728583
VTS,20200521,226.74,227.91,226.58,226.97,13414
VUK,20200521,1.515,1.525,1.465,1.485,2891403
VUL,20200521,0.26,0.27,0.25,0.25,196553
VVA,20200521,2.49,2.49,2.35,2.37,32831
VXR,20200521,0.077,0.081,0.066,0.07,3295361
VYS,20200521,0.05,0.05,0.049,0.049,119990
WAA,20200521,0.9,0.91,0.89,0.89,7389
WAF,20200521,0.79,0.79,0.77,0.785,2231842
WAM,20200521,1.89,1.89,1.85,1.85,395821
WAX,20200521,1.34,1.35,1.34,1.35,82505
WBC,20200521,15.43,15.45,15.11,15.17,6114107
WBE,20200521,0.004,0.004,0.004,0.004,1263493
WBT,20200521,0.335,0.345,0.33,0.335,46719
WCN,20200521,0.007,0.007,0.006,0.006,3386500
WEB,20200521,3.7,3.78,3.59,3.69,10825777
WEC,20200521,0.08,0.08,0.08,0.08,165604
WEL,20200521,0.026,0.027,0.026,0.027,250000
WES,20200521,38.95,39.28,38.69,38.88,1281429
WGB,20200521,1.975,2.01,1.97,2.01,185303
WGN,20200521,0.81,0.83,0.8,0.82,193870
WGX,20200521,2.28,2.4,2.28,2.39,1427709
WHC,20200521,1.79,1.802,1.715,1.745,5839832
WHF,20200521,4.6,4.65,4.58,4.58,33518
WHK,20200521,0.062,0.065,0.06,0.065,749690
WIC,20200521,0.83,0.845,0.83,0.845,70940
WJA,20200521,0.086,0.086,0.082,0.082,2084
WKT,20200521,0.13,0.13,0.12,0.125,113515
WLD,20200521,0.041,0.041,0.04,0.04,89091
WLE,20200521,1.05,1.065,1.04,1.04,600664
WMI,20200521,1.18,1.185,1.17,1.175,140484
WML,20200521,0.012,0.012,0.011,0.011,1938323
WNB,20200521,0.008,0.008,0.008,0.008,11955470
WND,20200521,0.965,0.987,0.965,0.97,40677
WNR,20200521,0.255,0.255,0.255,0.255,38571
WOA,20200521,0.28,0.31,0.275,0.275,1376948
WOR,20200521,9.17,9.37,9.085,9.22,2689896
WOW,20200521,34.8,34.8,34.33,34.49,2213295
WPL,20200521,23.04,23.12,22.61,22.65,2692675
WPP,20200521,0.23,0.235,0.225,0.225,737929
WPR,20200521,2.44,2.47,2.42,2.43,5143088
WQG,20200521,1.255,1.26,1.24,1.25,316354
WRM,20200521,0.005,0.005,0.005,0.005,7021185
WSA,20200521,2.33,2.33,2.26,2.28,2022848
WSP,20200521,2.38,2.46,2.23,2.25,604152
WTC,20200521,20.99,21.18,20.54,20.89,842966
WWG,20200521,0.145,0.145,0.145,0.145,50000
WWI,20200521,0.014,0.014,0.012,0.012,2827250
WZR,20200521,0.17,0.175,0.16,0.16,6561269
XAM,20200521,0.036,0.038,0.036,0.038,214285
XCD,20200521,0.012,0.012,0.011,0.012,5636660
XF1,20200521,0.19,0.19,0.175,0.175,744784
XPE,20200521,0.001,0.001,0.001,0.001,1000000
XPL,20200521,0.06,0.063,0.06,0.063,183865
XRF,20200521,0.195,0.195,0.195,0.195,64179
XRO,20200521,79.31,80.55,78.87,79.94,326672
XTC,20200521,0.002,0.002,0.002,0.002,610000
XTE,20200521,0.605,0.605,0.6,0.6,4020
YAL,20200521,2.25,2.25,2.17,2.19,74723
YOJ,20200521,0.047,0.055,0.047,0.05,5694711
YOW,20200521,0.037,0.037,0.037,0.037,1500
YPB,20200521,0.003,0.003,0.003,0.003,428999
YRL,20200521,0.24,0.245,0.24,0.245,128901
Z1P,20200521,3.48,3.49,3.32,3.38,8737150
ZEL,20200521,2.71,2.72,2.63,2.64,754718
ZEN,20200521,0.97,0.97,0.945,0.945,1001280
ZGL,20200521,0.05,0.05,0.05,0.05,3018
ZIM,20200521,10.55,10.71,10,10.48,6720
ZLD,20200521,0.048,0.048,0.047,0.048,806514
ZNO,20200521,1.88,1.935,1.82,1.905,1169460
XAF,20200521,5417.6,5450.9,5382.3,5382.3,0
XAO,20200521,5680.1,5721.9,5653.7,5660.8,1190000000
XAT,20200521,5521.9,5560.4,5494.4,5499.9,0
XDJ,20200521,2243.7,2251.9,2213.6,2229.1,0
XEC,20200521,1292.1,1308.4,1284.6,1287.5,0
XEJ,20200521,7406,7628.4,7406,7504.4,0
XFJ,20200521,4202.5,4232.4,4167.6,4167.6,0
XFL,20200521,5452.1,5484.7,5417.4,5417.8,0
XGD,20200521,8441.1,8508,8333.7,8365.8,0
XHJ,20200521,42903,43287.1,42656.4,42656.4,0
XIJ,20200521,1422.3,1445.8,1422.3,1429.7,0
XJO,20200521,5573,5610.8,5545.2,5550.4,0
XJR,20200521,4335.1,4398.7,4319,4322.6,0
XKO,20200521,5544.5,5582.6,5517.6,5522.6,0
XMD,20200521,6252.6,6332.2,6249.1,6273,0
XMJ,20200521,12943.7,13078.6,12854.4,12866.4,0
XMM,20200521,4361.7,4413.4,4327.4,4333.6,0
XNJ,20200521,5607.5,5677.2,5603.1,5624.5,0
XPJ,20200521,1182.3,1190,1170.1,1182.5,0
XSJ,20200521,11750,11791.8,11665.8,11704.2,0
XSO,20200521,2548.1,2571.5,2545.9,2555.6,0
XTJ,20200521,1122.7,1132.2,1119.9,1124.4,0
XTL,20200521,3057.4,3077.1,3035.7,3035.7,0
XTO,20200521,4591.4,4621.8,4566.4,4569.2,0
XUJ,20200521,7650.9,7653.5,7510,7510,0
XXJ,20200521,4687.2,4720.5,4648.3,4648.3,0
